1.066421e+00	1.099029e+00	1.130946e+00	1.161082e+00	1.189381e+00	1.240666e+00
1.284609e+00	1.322002e+00	1.354899e+00	1.387365e+00	1.424969e+00	1.469697e+00
1.522076e+00	1.582468e+00	1.650424e+00	1.724551e+00	1.801064e+00	1.870639e+00
1.923181e+00	1.959733e+00	1.984190e+00	1.995315e+00	2.016877e+00	2.045630e+00
2.071528e+00	2.074363e+00	2.081660e+00	2.083046e+00	2.083495e+00	2.083742e+00
2.083124e+00	2.083665e+00	1.152824e+00	1.186383e+00	1.219192e+00	1.250140e+00
1.279182e+00	1.331795e+00	1.376868e+00	1.415221e+00	1.448931e+00	1.482079e+00
1.520239e+00	1.565374e+00	1.617985e+00	1.678409e+00	1.746214e+00	1.820031e+00
1.896103e+00	1.965239e+00	2.017554e+00	2.054132e+00	2.078785e+00	2.089970e+00
2.111291e+00	2.139521e+00	2.164997e+00	2.167835e+00	2.174983e+00	2.176335e+00
2.176778e+00	2.177019e+00	2.176420e+00	2.176946e+00	1.246229e+00	1.280681e+00
1.314324e+00	1.346029e+00	1.375763e+00	1.429617e+00	1.475753e+00	1.515014e+00
1.549489e+00	1.583259e+00	1.621879e+00	1.667280e+00	1.719937e+00	1.780167e+00
1.847563e+00	1.920797e+00	1.996157e+00	2.064622e+00	2.116558e+00	2.153077e+00
2.177890e+00	2.189115e+00	2.210125e+00	2.237720e+00	2.262683e+00	2.265519e+00
2.272490e+00	2.273803e+00	2.274238e+00	2.274471e+00	2.273895e+00	2.274403e+00
1.347201e+00	1.382474e+00	1.416879e+00	1.449273e+00	1.479637e+00	1.534624e+00
1.581740e+00	1.621844e+00	1.657026e+00	1.691347e+00	1.730314e+00	1.775819e+00
1.828313e+00	1.888094e+00	1.954794e+00	2.027143e+00	2.101491e+00	2.169032e+00
2.220421e+00	2.256789e+00	2.281719e+00	2.292964e+00	2.313585e+00	2.340427e+00
2.364777e+00	2.367605e+00	2.374368e+00	2.375636e+00	2.376061e+00	2.376286e+00
2.375735e+00	2.376223e+00	1.456354e+00	1.492358e+00	1.527436e+00	1.560436e+00
1.591353e+00	1.647344e+00	1.695338e+00	1.736207e+00	1.772027e+00	1.806814e+00
1.845999e+00	1.891425e+00	1.943518e+00	2.002565e+00	2.068249e+00	2.139376e+00
2.212382e+00	2.278721e+00	2.329380e+00	2.365497e+00	2.390499e+00	2.401739e+00
2.421888e+00	2.447847e+00	2.471478e+00	2.474291e+00	2.480813e+00	2.482029e+00
2.482443e+00	2.482659e+00	2.482136e+00	2.482601e+00	1.574351e+00	1.610976e+00
1.646620e+00	1.680126e+00	1.711504e+00	1.768343e+00	1.817096e+00	1.858634e+00
1.895008e+00	1.930164e+00	1.969418e+00	2.014557e+00	2.065982e+00	2.123976e+00
2.188288e+00	2.257823e+00	2.329126e+00	2.393958e+00	2.443686e+00	2.479441e+00
2.504464e+00	2.515674e+00	2.535261e+00	2.560198e+00	2.582993e+00	2.585785e+00
2.592031e+00	2.593188e+00	2.593588e+00	2.593793e+00	2.593303e+00	2.593741e+00
1.701908e+00	1.739022e+00	1.775103e+00	1.808996e+00	1.840727e+00	1.898230e+00
1.947597e+00	1.989694e+00	2.026525e+00	2.061935e+00	2.101088e+00	2.145704e+00
2.196163e+00	2.252747e+00	2.315295e+00	2.382828e+00	2.452029e+00	2.515022e+00
2.563602e+00	2.598874e+00	2.623863e+00	2.635015e+00	2.653941e+00	2.677706e+00
2.699540e+00	2.702302e+00	2.708234e+00	2.709324e+00	2.709710e+00	2.709902e+00
2.709449e+00	2.709857e+00	1.839800e+00	1.877246e+00	1.913612e+00	1.947750e+00
1.979707e+00	2.037657e+00	2.087471e+00	2.129995e+00	2.167169e+00	2.202701e+00
2.241562e+00	2.285389e+00	2.334547e+00	2.389326e+00	2.449673e+00	2.514754e+00
2.581418e+00	2.642208e+00	2.689401e+00	2.724060e+00	2.748954e+00	2.760016e+00
2.778177e+00	2.800607e+00	2.821346e+00	2.824069e+00	2.829647e+00	2.830662e+00
2.831030e+00	2.831208e+00	2.830796e+00	2.831171e+00	1.988865e+00	2.026456e+00
2.062928e+00	2.097148e+00	2.129180e+00	2.187326e+00	2.237391e+00	2.280189e+00
2.317573e+00	2.353078e+00	2.391428e+00	2.434168e+00	2.481651e+00	2.534185e+00
2.591850e+00	2.653984e+00	2.717635e+00	2.775827e+00	2.821374e+00	2.855275e+00
2.880008e+00	2.890948e+00	2.908229e+00	2.929149e+00	2.948647e+00	2.951324e+00
2.956503e+00	2.957434e+00	2.957782e+00	2.957945e+00	2.957578e+00	2.957916e+00
2.150007e+00	2.187526e+00	2.223896e+00	2.258005e+00	2.289938e+00	2.347987e+00
2.398078e+00	2.440975e+00	2.478417e+00	2.513721e+00	2.551313e+00	2.592632e+00
2.638024e+00	2.687827e+00	2.742279e+00	2.800923e+00	2.861039e+00	2.916202e+00
2.959823e+00	2.992812e+00	3.017310e+00	3.028091e+00	3.044368e+00	3.063591e+00
3.081693e+00	3.084313e+00	3.089046e+00	3.089883e+00	3.090209e+00	3.090355e+00
3.090038e+00	3.090336e+00	2.324205e+00	2.361398e+00	2.397423e+00	2.431199e+00
2.462834e+00	2.520450e+00	2.570305e+00	2.613098e+00	2.650423e+00	2.685331e+00
2.721888e+00	2.761412e+00	2.804250e+00	2.850783e+00	2.901439e+00	2.955997e+00
3.012011e+00	3.063677e+00	3.105066e+00	3.136973e+00	3.161159e+00	3.171739e+00
3.186881e+00	3.204203e+00	3.220741e+00	3.223294e+00	3.227531e+00	3.228265e+00
3.228565e+00	3.228693e+00	3.228431e+00	3.228683e+00	2.512517e+00	2.549090e+00
2.584491e+00	2.617679e+00	2.648784e+00	2.705580e+00	2.754901e+00	2.797358e+00
2.834366e+00	2.868656e+00	2.903867e+00	2.941179e+00	2.980951e+00	3.023620e+00
3.069837e+00	3.119656e+00	3.170949e+00	3.218609e+00	3.257436e+00	3.288079e+00
3.311865e+00	3.322202e+00	3.336064e+00	3.351269e+00	3.366064e+00	3.368538e+00
3.372225e+00	3.372843e+00	3.373116e+00	3.373222e+00	3.373022e+00	3.373224e+00
2.716086e+00	2.751701e+00	2.786155e+00	2.818461e+00	2.848774e+00	2.904308e+00
2.952754e+00	2.994611e+00	3.031076e+00	3.064497e+00	3.098013e+00	3.132650e+00
3.168785e+00	3.206935e+00	3.248008e+00	3.292377e+00	3.338275e+00	3.381376e+00
3.417283e+00	3.446463e+00	3.469755e+00	3.479803e+00	3.492232e+00	3.505085e+00
3.517944e+00	3.520326e+00	3.523405e+00	3.523897e+00	3.524139e+00	3.524222e+00
3.524088e+00	3.524235e+00	2.936149e+00	2.970416e+00	3.003555e+00	3.034645e+00
3.063864e+00	3.117633e+00	3.164818e+00	3.205773e+00	3.241437e+00	3.273708e+00
3.305139e+00	3.336585e+00	3.368456e+00	3.401363e+00	3.436520e+00	3.474660e+00
3.514429e+00	3.552375e+00	3.584974e+00	3.612476e+00	3.635174e+00	3.644881e+00
3.655709e+00	3.665961e+00	3.676676e+00	3.678955e+00	3.681363e+00	3.681715e+00
3.681923e+00	3.681981e+00	3.681921e+00	3.682007e+00	3.174042e+00	3.206515e+00
3.237918e+00	3.267410e+00	3.295193e+00	3.346627e+00	3.392111e+00	3.431825e+00
3.466398e+00	3.497201e+00	3.526113e+00	3.553796e+00	3.580708e+00	3.607580e+00
3.635973e+00	3.667036e+00	3.699879e+00	3.732021e+00	3.760894e+00	3.786486e+00
3.808478e+00	3.817789e+00	3.826840e+00	3.834221e+00	3.842571e+00	3.844731e+00
3.846402e+00	3.846602e+00	3.846772e+00	3.846802e+00	3.846822e+00	3.846842e+00
3.435101e+00	3.464312e+00	3.492660e+00	3.519466e+00	3.544943e+00	3.592867e+00
3.636173e+00	3.674750e+00	3.708737e+00	3.738660e+00	3.765288e+00	3.788957e+00
3.810168e+00	3.829810e+00	3.849933e+00	3.872274e+00	3.896635e+00	3.921945e+00
3.946967e+00	3.971185e+00	3.993242e+00	4.002399e+00	4.009340e+00	4.013069e+00
4.018770e+00	4.020968e+00	4.021731e+00	4.021730e+00	4.021863e+00	4.021854e+00
4.021993e+00	4.021921e+00	3.714558e+00	3.740524e+00	3.765797e+00	3.789837e+00
3.812873e+00	3.856891e+00	3.897447e+00	3.934142e+00	3.966639e+00	3.994678e+00
4.018015e+00	4.036714e+00	4.051355e+00	4.063009e+00	4.074218e+00	4.087295e+00
4.102685e+00	4.120619e+00	4.141081e+00	4.163127e+00	4.184522e+00	4.193259e+00
4.197975e+00	4.198070e+00	4.200896e+00	4.203000e+00	4.202845e+00	4.202651e+00
4.202740e+00	4.202695e+00	4.202939e+00	4.202782e+00	3.996120e+00	4.023588e+00
4.049945e+00	4.074408e+00	4.097284e+00	4.139626e+00	4.176695e+00	4.208225e+00
4.234130e+00	4.254630e+00	4.270205e+00	4.281194e+00	4.288334e+00	4.292832e+00
4.297304e+00	4.304067e+00	4.313376e+00	4.324984e+00	4.338575e+00	4.353901e+00
4.369813e+00	4.376534e+00	4.379649e+00	4.378472e+00	4.378339e+00	4.379391e+00
4.378762e+00	4.378535e+00	4.378548e+00	4.378510e+00	4.378702e+00	4.378557e+00
4.278083e+00	4.311682e+00	4.343311e+00	4.371496e+00	4.396619e+00	4.439675e+00
4.472456e+00	4.495320e+00	4.509362e+00	4.516725e+00	4.520272e+00	4.520993e+00
4.519725e+00	4.517715e+00	4.517279e+00	4.520274e+00	4.526045e+00	4.532216e+00
4.536741e+00	4.541233e+00	4.547477e+00	4.550797e+00	4.552710e+00	4.552125e+00
4.549065e+00	4.548314e+00	4.547590e+00	4.547463e+00	4.547378e+00	4.547384e+00
4.547395e+00	4.547343e+00	4.571664e+00	4.608528e+00	4.642851e+00	4.672719e+00
4.698579e+00	4.740708e+00	4.769132e+00	4.784355e+00	4.788179e+00	4.783986e+00
4.776179e+00	4.766197e+00	4.754992e+00	4.743932e+00	4.735214e+00	4.730531e+00
4.728971e+00	4.727495e+00	4.723622e+00	4.719679e+00	4.718598e+00	4.718906e+00
4.718013e+00	4.715319e+00	4.710017e+00	4.708447e+00	4.707342e+00	4.707201e+00
4.707066e+00	4.707078e+00	4.707047e+00	4.707021e+00	4.876940e+00	4.915799e+00
4.951656e+00	4.982228e+00	5.008035e+00	5.048157e+00	5.071713e+00	5.079208e+00
5.072983e+00	5.057379e+00	5.037967e+00	5.016528e+00	4.994123e+00	4.972281e+00
4.953168e+00	4.938489e+00	4.927419e+00	4.916959e+00	4.904755e+00	4.893261e+00
4.885662e+00	4.882952e+00	4.878346e+00	4.872246e+00	4.865034e+00	4.863101e+00
4.861492e+00	4.861284e+00	4.861124e+00	4.861124e+00	4.861115e+00	4.861084e+00
5.187567e+00	5.230354e+00	5.269071e+00	5.300631e+00	5.325794e+00	5.361113e+00
5.376131e+00	5.373079e+00	5.355070e+00	5.327202e+00	5.295863e+00	5.262924e+00
5.229243e+00	5.196240e+00	5.165873e+00	5.139830e+00	5.117626e+00	5.097044e+00
5.076408e+00	5.057596e+00	5.042611e+00	5.035854e+00	5.027204e+00	5.018192e+00
5.008901e+00	5.006518e+00	5.004459e+00	5.004193e+00	5.004001e+00	5.003986e+00
5.003983e+00	5.003958e+00	5.498377e+00	5.547993e+00	5.591617e+00	5.624690e+00
5.648451e+00	5.675169e+00	5.676822e+00	5.659847e+00	5.628318e+00	5.587662e+00
5.544512e+00	5.500496e+00	5.455937e+00	5.411809e+00	5.369563e+00	5.330798e+00
5.295746e+00	5.263964e+00	5.235123e+00	5.209589e+00	5.186414e+00	5.174514e+00
5.161611e+00	5.150423e+00	5.138905e+00	5.135966e+00	5.133542e+00	5.133231e+00
5.132998e+00	5.132965e+00	5.132949e+00	5.132942e+00	5.813284e+00	5.867761e+00
5.914661e+00	5.948225e+00	5.970069e+00	5.988008e+00	5.976117e+00	5.943758e+00
5.896298e+00	5.840378e+00	5.783883e+00	5.727915e+00	5.671302e+00	5.614269e+00
5.559051e+00	5.508065e+00	5.461660e+00	5.419380e+00	5.380916e+00	5.346674e+00
5.314956e+00	5.298358e+00	5.281225e+00	5.267422e+00	5.253706e+00	5.250211e+00
5.247393e+00	5.247039e+00	5.246767e+00	5.246722e+00	5.246696e+00	5.246708e+00
6.130086e+00	6.187731e+00	6.236409e+00	6.269314e+00	6.288383e+00	6.296352e+00
6.269788e+00	6.220309e+00	6.154800e+00	6.081669e+00	6.010579e+00	5.941893e+00
5.872344e+00	5.801251e+00	5.732430e+00	5.669605e+00	5.612811e+00	5.560473e+00
5.511474e+00	5.467249e+00	5.426699e+00	5.405719e+00	5.384455e+00	5.367820e+00
5.351872e+00	5.347821e+00	5.344578e+00	5.344175e+00	5.343868e+00	5.343816e+00
5.343789e+00	5.343805e+00	6.447388e+00	6.506462e+00	6.555181e+00	6.585763e+00
6.600509e+00	6.595833e+00	6.552502e+00	6.484323e+00	6.399448e+00	6.307749e+00
6.220279e+00	6.137081e+00	6.053713e+00	5.969019e+00	5.887430e+00	5.813105e+00
5.745769e+00	5.683051e+00	5.623224e+00	5.568514e+00	5.518715e+00	5.493621e+00
5.468425e+00	5.448858e+00	5.430512e+00	5.425908e+00	5.422188e+00	5.421722e+00
5.421377e+00	5.421315e+00	5.421306e+00	5.421295e+00	6.770698e+00	6.816949e+00
6.854782e+00	6.877596e+00	6.887193e+00	6.876688e+00	6.827667e+00	6.746365e+00
6.640927e+00	6.523938e+00	6.410217e+00	6.302987e+00	6.201717e+00	6.106593e+00
6.018177e+00	5.936932e+00	5.861736e+00	5.788986e+00	5.716287e+00	5.647903e+00
5.588860e+00	5.562355e+00	5.534152e+00	5.510188e+00	5.489886e+00	5.484941e+00
5.480658e+00	5.480154e+00	5.479755e+00	5.479675e+00	5.479673e+00	5.479662e+00
7.084005e+00	7.128219e+00	7.162354e+00	7.178983e+00	7.180477e+00	7.150113e+00
7.077645e+00	6.972865e+00	6.845652e+00	6.709034e+00	6.577647e+00	6.454453e+00
6.338897e+00	6.230904e+00	6.130488e+00	6.037635e+00	5.951263e+00	5.867848e+00
5.784607e+00	5.705324e+00	5.635738e+00	5.604242e+00	5.571843e+00	5.545365e+00
5.521360e+00	5.515516e+00	5.510636e+00	5.510026e+00	5.509560e+00	5.509487e+00
5.509467e+00	5.509457e+00	7.378813e+00	7.436409e+00	7.477816e+00	7.490945e+00
7.480066e+00	7.410331e+00	7.292970e+00	7.154400e+00	7.005252e+00	6.855493e+00
6.715764e+00	6.585433e+00	6.459463e+00	6.335682e+00	6.217981e+00	6.109439e+00
6.009477e+00	5.915004e+00	5.823771e+00	5.738177e+00	5.660113e+00	5.623256e+00
5.587479e+00	5.560141e+00	5.533063e+00	5.526453e+00	5.521194e+00	5.520494e+00
5.519984e+00	5.519924e+00	5.519884e+00	5.519874e+00	7.676323e+00	7.731198e+00
7.767053e+00	7.770005e+00	7.745438e+00	7.643463e+00	7.492614e+00	7.325719e+00
7.153514e+00	6.984306e+00	6.826945e+00	6.680507e+00	6.541612e+00	6.402225e+00
6.270064e+00	6.147160e+00	6.032740e+00	5.923554e+00	5.821855e+00	5.731325e+00
5.648232e+00	5.609269e+00	5.571496e+00	5.542557e+00	5.513658e+00	5.506611e+00
5.501008e+00	5.500263e+00	5.499719e+00	5.499654e+00	5.499606e+00	5.499593e+00
7.975250e+00	8.020928e+00	8.046147e+00	8.035814e+00	7.996057e+00	7.861826e+00
7.679140e+00	7.484351e+00	7.287917e+00	7.096896e+00	6.919036e+00	6.754011e+00
6.600459e+00	6.448537e+00	6.305558e+00	6.171975e+00	6.047102e+00	5.928241e+00
5.816476e+00	5.713817e+00	5.619425e+00	5.575854e+00	5.533749e+00	5.501377e+00
5.468657e+00	5.460694e+00	5.454370e+00	5.453533e+00	5.452916e+00	5.452841e+00
5.452778e+00	5.452759e+00	8.263634e+00	8.301081e+00	8.316273e+00	8.292153e+00
8.235644e+00	8.064069e+00	7.843434e+00	7.616162e+00	7.392531e+00	7.177734e+00
6.977724e+00	6.787987e+00	6.610680e+00	6.452516e+00	6.305432e+00	6.167776e+00
6.038897e+00	5.916197e+00	5.795676e+00	5.679636e+00	5.573978e+00	5.525671e+00
5.478973e+00	5.443074e+00	5.407638e+00	5.399196e+00	5.391916e+00	5.390886e+00
5.390250e+00	5.390195e+00	5.390071e+00	5.390083e+00	8.544916e+00	8.570285e+00
8.571600e+00	8.530224e+00	8.454097e+00	8.241407e+00	7.981335e+00	7.721314e+00
7.471057e+00	7.233717e+00	7.013309e+00	6.804169e+00	6.611788e+00	6.438075e+00
6.277252e+00	6.126420e+00	5.984858e+00	5.850014e+00	5.719912e+00	5.596899e+00
5.484278e+00	5.432103e+00	5.381400e+00	5.342505e+00	5.305120e+00	5.296221e+00
5.288314e+00	5.287185e+00	5.286520e+00	5.286466e+00	5.286324e+00	5.286362e+00
8.904664e+00	8.866924e+00	8.810215e+00	8.721978e+00	8.609952e+00	8.350503e+00
8.065632e+00	7.786890e+00	7.522692e+00	7.262547e+00	7.014700e+00	6.798466e+00
6.597515e+00	6.402941e+00	6.223037e+00	6.054723e+00	5.897963e+00	5.751763e+00
5.615174e+00	5.488151e+00	5.371912e+00	5.319013e+00	5.269575e+00	5.231062e+00
5.178341e+00	5.161007e+00	5.159426e+00	5.160627e+00	5.158970e+00	5.158253e+00
5.159175e+00	5.158614e+00	9.309290e+00	9.175365e+00	9.037390e+00	8.890428e+00
8.738129e+00	8.433234e+00	8.129148e+00	7.836582e+00	7.562600e+00	7.282783e+00
7.014356e+00	6.775567e+00	6.549457e+00	6.332769e+00	6.130365e+00	5.941821e+00
5.768677e+00	5.612609e+00	5.473822e+00	5.347544e+00	5.231950e+00	5.181346e+00
5.137601e+00	5.102200e+00	5.024361e+00	4.992619e+00	5.002758e+00	5.008146e+00
5.004774e+00	5.002891e+00	5.005699e+00	5.004064e+00	9.572046e+00	9.407431e+00
9.237381e+00	9.060682e+00	8.882915e+00	8.540140e+00	8.209622e+00	7.887805e+00
7.572123e+00	7.282159e+00	7.004260e+00	6.734089e+00	6.481582e+00	6.245482e+00
6.027398e+00	5.826385e+00	5.642751e+00	5.477189e+00	5.329649e+00	5.195784e+00
5.074200e+00	5.021692e+00	4.976841e+00	4.940169e+00	4.854194e+00	4.819621e+00
4.831534e+00	4.837818e+00	4.834038e+00	4.831895e+00	4.835122e+00	4.833251e+00
9.707082e+00	9.559963e+00	9.404292e+00	9.234032e+00	9.055174e+00	8.693269e+00
8.323159e+00	7.945428e+00	7.567305e+00	7.222816e+00	6.903520e+00	6.612797e+00
6.352862e+00	6.118189e+00	5.904580e+00	5.706612e+00	5.521960e+00	5.347352e+00
5.180664e+00	5.024450e+00	4.883893e+00	4.820599e+00	4.758741e+00	4.709618e+00
4.655025e+00	4.638360e+00	4.634482e+00	4.635211e+00	4.633628e+00	4.632997e+00
4.633758e+00	4.633308e+00	9.897886e+00	9.742830e+00	9.576225e+00	9.390972e+00
9.194386e+00	8.791544e+00	8.367790e+00	7.950004e+00	7.547277e+00	7.157987e+00
6.808783e+00	6.500070e+00	6.229003e+00	5.987509e+00	5.768385e+00	5.564398e+00
5.371793e+00	5.185816e+00	5.003873e+00	4.831968e+00	4.678236e+00	4.608362e+00
4.538119e+00	4.483461e+00	4.440691e+00	4.431427e+00	4.420985e+00	4.419451e+00
4.418768e+00	4.418760e+00	4.418495e+00	4.418630e+00	1.017092e+01	9.965297e+00
9.751157e+00	9.523370e+00	9.288941e+00	8.825883e+00	8.373327e+00	7.926096e+00
7.494638e+00	7.092548e+00	6.728509e+00	6.403091e+00	6.113998e+00	5.853542e+00
5.615302e+00	5.393913e+00	5.185988e+00	4.988911e+00	4.800788e+00	4.622572e+00
4.457640e+00	4.381875e+00	4.309628e+00	4.256464e+00	4.210107e+00	4.199139e+00
4.190153e+00	4.189107e+00	4.188248e+00	4.188098e+00	4.188082e+00	4.188058e+00
1.049501e+01	1.020656e+01	9.917123e+00	9.627297e+00	9.343356e+00	8.810771e+00
8.316927e+00	7.855536e+00	7.427248e+00	7.028811e+00	6.658434e+00	6.316306e+00
6.002245e+00	5.712213e+00	5.445059e+00	5.201045e+00	4.977791e+00	4.775158e+00
4.590323e+00	4.410667e+00	4.226630e+00	4.138057e+00	4.061697e+00	4.013531e+00
3.966259e+00	3.955185e+00	3.946204e+00	3.945203e+00	3.944342e+00	3.944129e+00
3.944314e+00	3.944149e+00	1.070439e+01	1.038103e+01	1.005781e+01	9.736313e+00
9.423173e+00	8.841376e+00	8.302233e+00	7.806047e+00	7.349286e+00	6.927411e+00
6.537607e+00	6.180172e+00	5.853051e+00	5.551591e+00	5.273175e+00	5.017735e+00
4.782527e+00	4.566954e+00	4.368294e+00	4.174822e+00	3.978657e+00	3.885635e+00
3.807352e+00	3.759758e+00	3.711702e+00	3.699808e+00	3.691236e+00	3.690390e+00
3.689504e+00	3.689293e+00	3.689390e+00	3.689256e+00	1.089398e+01	1.053829e+01
1.018390e+01	9.833218e+00	9.493212e+00	8.858144e+00	8.281690e+00	7.749021e+00
7.260838e+00	6.812579e+00	6.402375e+00	6.030865e+00	5.693344e+00	5.383492e+00
5.096482e+00	4.831297e+00	4.585226e+00	4.356718e+00	4.143114e+00	3.934999e+00
3.727664e+00	3.630879e+00	3.550329e+00	3.502074e+00	3.452885e+00	3.440294e+00
3.432021e+00	3.431291e+00	3.430383e+00	3.430190e+00	3.430184e+00	3.430093e+00
1.107272e+01	1.068105e+01	1.029229e+01	9.910111e+00	9.541387e+00	8.859973e+00
8.239154e+00	7.673238e+00	7.157473e+00	6.687407e+00	6.260039e+00	5.875469e+00
5.527394e+00	5.208341e+00	4.912007e+00	4.636473e+00	4.379726e+00	4.139315e+00
3.912721e+00	3.691699e+00	3.473058e+00	3.371535e+00	3.287210e+00	3.236759e+00
3.185758e+00	3.172843e+00	3.164569e+00	3.163859e+00	3.162938e+00	3.162768e+00
3.162708e+00	3.162638e+00	1.122393e+01	1.079672e+01	1.037445e+01	9.962899e+00
9.563178e+00	8.842182e+00	8.180125e+00	7.582377e+00	7.040733e+00	6.550880e+00
6.109590e+00	5.714642e+00	5.358348e+00	5.031615e+00	4.725940e+00	4.438020e+00
4.167923e+00	3.913936e+00	3.675047e+00	3.444299e+00	3.219194e+00	3.114401e+00
3.024114e+00	2.966949e+00	2.913812e+00	2.901199e+00	2.892607e+00	2.891772e+00
2.890860e+00	2.890718e+00	2.890627e+00	2.890575e+00	1.136606e+01	1.090165e+01
1.044479e+01	1.000337e+01	9.577016e+00	8.802312e+00	8.106682e+00	7.480475e+00
6.915768e+00	6.408644e+00	5.955798e+00	5.552022e+00	5.188529e+00	4.854757e+00
4.540135e+00	4.240039e+00	3.956942e+00	3.690470e+00	3.441147e+00	3.202954e+00
2.973402e+00	2.865801e+00	2.768983e+00	2.703902e+00	2.648624e+00	2.636442e+00
2.627388e+00	2.626386e+00	2.625488e+00	2.625366e+00	2.625264e+00	2.625228e+00
1.151595e+01	1.100471e+01	1.050425e+01	1.002395e+01	9.573642e+00	8.751933e+00
8.020203e+00	7.368208e+00	6.785007e+00	6.264336e+00	5.801498e+00	5.388865e+00
5.016905e+00	4.674835e+00	4.351506e+00	4.041824e+00	3.749534e+00	3.475091e+00
3.218610e+00	2.973981e+00	2.737997e+00	2.626088e+00	2.522561e+00	2.450723e+00
2.393365e+00	2.381109e+00	2.371515e+00	2.370412e+00	2.369503e+00	2.369375e+00
2.369288e+00	2.369265e+00	1.167087e+01	1.110383e+01	1.055390e+01	1.003519e+01
9.551044e+00	8.679515e+00	7.915711e+00	7.243287e+00	6.647557e+00	6.117679e+00
5.646721e+00	5.225430e+00	4.843986e+00	4.492533e+00	4.160738e+00	3.843764e+00
3.545464e+00	3.266773e+00	3.005841e+00	2.755671e+00	2.511769e+00	2.394353e+00
2.283855e+00	2.205940e+00	2.146170e+00	2.133363e+00	2.123081e+00	2.121911e+00
2.120964e+00	2.120809e+00	2.120756e+00	2.120744e+00	1.182369e+01	1.120111e+01
1.060225e+01	1.004641e+01	9.531261e+00	8.613389e+00	7.818445e+00	7.125575e+00
6.517987e+00	5.980093e+00	5.501456e+00	5.072229e+00	4.682485e+00	4.322936e+00
3.983951e+00	3.660791e+00	3.356872e+00	3.074089e+00	2.809003e+00	2.553736e+00
2.303111e+00	2.181432e+00	2.066028e+00	1.983741e+00	1.920335e+00	1.906617e+00
1.895526e+00	1.894260e+00	1.893237e+00	1.893067e+00	1.893016e+00	1.893016e+00
1.197674e+01	1.129773e+01	1.064965e+01	1.005742e+01	9.512594e+00	8.550365e+00
7.725513e+00	7.012913e+00	6.394468e+00	5.849683e+00	5.363942e+00	4.927380e+00
4.530126e+00	4.163361e+00	3.818175e+00	3.489900e+00	3.181180e+00	2.894984e+00
2.626549e+00	2.367078e+00	2.111039e+00	1.986138e+00	1.867385e+00	1.782064e+00
1.714799e+00	1.700052e+00	1.688163e+00	1.686796e+00	1.685685e+00	1.685508e+00
1.685443e+00	1.685452e+00	1.213805e+01	1.140233e+01	1.070504e+01	1.007498e+01
9.508474e+00	8.504950e+00	7.650491e+00	6.918499e+00	6.288938e+00	5.737307e+00
5.244669e+00	4.800803e+00	4.396280e+00	4.022723e+00	3.671778e+00	3.338847e+00
3.025819e+00	2.735950e+00	2.464689e+00	2.201772e+00	1.941408e+00	1.814042e+00
1.692842e+00	1.605046e+00	1.533424e+00	1.517467e+00	1.504690e+00	1.503209e+00
1.501991e+00	1.501811e+00	1.501722e+00	1.501731e+00	1.231002e+01	1.151811e+01
1.077342e+01	1.011094e+01	9.520109e+00	8.471965e+00	7.590390e+00	6.840556e+00
6.200205e+00	5.642083e+00	5.142963e+00	4.691967e+00	4.280482e+00	3.900548e+00
3.544215e+00	3.206970e+00	2.889967e+00	2.595991e+00	2.322227e+00	2.056283e+00
1.792251e+00	1.662932e+00	1.539968e+00	1.450111e+00	1.373501e+00	1.356123e+00
1.342344e+00	1.340732e+00	1.339387e+00	1.339210e+00	1.339082e+00	1.339083e+00
1.249942e+01	1.165149e+01	1.085966e+01	1.016480e+01	9.548247e+00	8.470528e+00
7.562814e+00	6.791327e+00	6.139178e+00	5.573164e+00	5.066646e+00	4.607890e+00
4.188915e+00	3.802221e+00	3.440192e+00	3.098325e+00	2.777200e+00	2.479000e+00
2.202361e+00	1.933948e+00	1.666835e+00	1.535578e+00	1.410161e+00	1.317270e+00
1.235432e+00	1.216555e+00	1.201635e+00	1.199883e+00	1.198407e+00	1.198216e+00
1.198066e+00	1.198032e+00	1.270727e+01	1.180461e+01	1.096769e+01	1.024379e+01
9.607604e+00	8.486415e+00	7.555558e+00	6.772728e+00	6.107210e+00	5.531193e+00
5.015880e+00	4.548513e+00	4.121415e+00	3.727849e+00	3.359921e+00	3.013140e+00
2.687667e+00	2.385053e+00	2.104796e+00	1.834078e+00	1.563988e+00	1.430597e+00
1.301978e+00	1.205138e+00	1.117747e+00	1.097270e+00	1.081059e+00	1.079152e+00
1.077541e+00	1.077327e+00	1.077165e+00	1.077086e+00	1.292854e+01	1.197329e+01
1.109361e+01	1.034336e+01	9.689417e+00	8.533253e+00	7.576400e+00	6.775031e+00
6.099642e+00	5.515568e+00	4.992793e+00	4.518251e+00	4.084387e+00	3.683092e+00
3.308576e+00	2.956153e+00	2.625598e+00	2.317857e+00	2.032398e+00	1.758530e+00
1.484730e+00	1.348665e+00	1.215951e+00	1.114264e+00	1.020653e+00	9.983643e-01
9.806500e-01	9.785548e-01	9.767938e-01	9.765616e-01	9.763880e-01	9.762768e-01
1.316281e+01	1.215827e+01	1.123923e+01	1.046592e+01	9.797064e+00	8.609473e+00
7.630324e+00	6.815081e+00	6.129533e+00	5.536456e+00	5.005567e+00	4.523962e+00
4.084175e+00	3.673699e+00	3.290882e+00	2.930766e+00	2.592760e+00	2.277248e+00
1.982963e+00	1.704376e+00	1.426759e+00	1.287776e+00	1.150599e+00	1.043675e+00
9.432425e-01	9.189017e-01	8.995000e-01	8.971976e-01	8.952588e-01	8.950119e-01
8.948130e-01	8.946975e-01	1.340342e+01	1.235350e+01	1.139861e+01	1.060513e+01
9.923825e+00	8.708621e+00	7.709602e+00	6.882219e+00	6.183979e+00	5.578436e+00
5.035560e+00	4.542392e+00	4.091250e+00	3.677763e+00	3.291859e+00	2.928654e+00
2.587493e+00	2.268598e+00	1.970474e+00	1.683095e+00	1.395316e+00	1.250591e+00
1.106196e+00	9.927509e-01	8.838684e-01	8.570223e-01	8.355819e-01	8.330224e-01
8.308731e-01	8.306036e-01	8.303714e-01	8.302871e-01	1.364764e+01	1.255834e+01
1.157305e+01	1.076376e+01	1.007380e+01	8.837969e+00	7.824412e+00	6.986158e+00
6.278328e+00	5.663421e+00	5.111913e+00	4.611261e+00	4.153757e+00	3.731872e+00
3.337688e+00	2.965988e+00	2.615762e+00	2.286720e+00	1.976558e+00	1.678520e+00
1.382804e+00	1.233069e+00	1.082182e+00	9.608187e-01	8.415373e-01	8.116744e-01
7.877881e-01	7.849149e-01	7.825123e-01	7.822119e-01	7.819416e-01	7.819106e-01
1.389144e+01	1.276816e+01	1.175715e+01	1.093563e+01	1.023974e+01	8.988684e+00
7.966332e+00	7.118614e+00	6.401368e+00	5.776948e+00	5.216466e+00	4.707519e+00
4.242272e+00	3.812918e+00	3.411122e+00	3.031311e+00	2.672140e+00	2.332720e+00
2.009726e+00	1.699623e+00	1.394863e+00	1.240124e+00	1.083319e+00	9.480035e-01
8.127564e-01	7.794947e-01	7.527931e-01	7.495525e-01	7.468216e-01	7.464905e-01
7.461844e-01	7.462209e-01	1.413474e+01	1.298099e+01	1.194761e+01	1.111677e+01
1.041753e+01	9.156521e+00	8.130644e+00	7.275654e+00	6.550138e+00	5.917078e+00
5.348426e+00	4.831813e+00	4.359270e+00	3.922774e+00	3.513622e+00	3.125905e+00
2.758032e+00	2.408692e+00	2.074347e+00	1.747889e+00	1.423260e+00	1.257335e+00
1.086471e+00	9.401455e-01	7.914285e-01	7.544742e-01	7.247628e-01	7.211366e-01
7.180670e-01	7.177013e-01	7.173606e-01	7.174340e-01	1.437226e+01	1.319198e+01
1.213974e+01	1.130258e+01	1.060271e+01	9.336693e+00	8.310190e+00	7.449924e+00
6.717322e+00	6.076304e+00	5.499723e+00	4.975341e+00	4.495153e+00	4.050997e+00
3.633894e+00	3.237624e+00	2.860263e+00	2.499918e+00	2.152359e+00	1.808588e+00
1.462860e+00	1.284836e+00	1.097356e+00	9.422971e-01	7.809961e-01	7.383238e-01
7.045949e-01	7.004956e-01	6.970119e-01	6.965817e-01	6.962115e-01	6.962484e-01
1.460142e+01	1.339894e+01	1.233206e+01	1.149263e+01	1.079623e+01	9.533616e+00
8.512128e+00	7.650411e+00	6.913147e+00	6.265853e+00	5.682426e+00	5.150841e+00
4.663174e+00	4.211283e+00	3.786164e+00	3.381394e+00	2.994647e+00	2.623336e+00
2.262332e+00	1.901143e+00	1.531133e+00	1.339384e+00	1.134309e+00	9.589398e-01
7.757639e-01	7.280879e-01	6.902513e-01	6.856518e-01	6.817678e-01	6.812718e-01
6.808663e-01	6.807941e-01	1.481779e+01	1.359136e+01	1.250990e+01	1.167117e+01
1.098380e+01	9.737461e+00	8.727174e+00	7.867672e+00	7.126821e+00	6.473070e+00
5.882413e+00	5.343269e+00	4.847770e+00	4.387933e+00	3.955116e+00	3.542779e+00
3.147765e+00	2.766178e+00	2.391685e+00	2.012648e+00	1.615701e+00	1.405743e+00
1.179117e+00	9.822807e-01	7.770736e-01	7.237005e-01	6.800560e-01	6.745601e-01
6.704071e-01	6.699235e-01	6.693491e-01	6.687675e-01	1.502533e+01	1.377501e+01
1.267981e+01	1.184402e+01	1.116936e+01	9.948378e+00	8.954200e+00	8.100385e+00
7.357650e+00	6.698141e+00	6.100578e+00	5.554022e+00	5.050720e+00	4.583021e+00
4.143035e+00	3.724233e+00	3.322315e+00	2.931554e+00	2.544076e+00	2.147255e+00
1.720803e+00	1.488220e+00	1.236555e+00	1.015977e+00	7.822126e-01	7.208243e-01
6.719246e-01	6.654949e-01	6.611273e-01	6.606756e-01	6.599086e-01	6.587137e-01
1.521510e+01	1.394928e+01	1.284668e+01	1.201713e+01	1.135607e+01	1.015845e+01
9.177060e+00	8.330182e+00	7.589714e+00	6.929042e+00	6.327762e+00	5.775726e+00
5.265896e+00	4.791363e+00	4.345115e+00	3.920759e+00	3.512902e+00	3.113981e+00
2.713945e+00	2.297383e+00	1.838357e+00	1.582101e+00	1.302842e+00	1.055858e+00
7.895148e-01	7.203534e-01	6.648280e-01	6.578159e-01	6.531528e-01	6.526492e-01
6.518402e-01	6.497747e-01	1.538447e+01	1.411299e+01	1.301078e+01	1.219137e+01
1.154447e+01	1.036630e+01	9.392205e+00	8.553329e+00	7.820602e+00	7.165340e+00
6.565072e+00	6.010440e+00	5.495985e+00	5.016187e+00	4.565080e+00	4.136610e+00
3.724419e+00	3.319229e+00	2.907785e+00	2.468493e+00	1.972922e+00	1.692861e+00
1.383263e+00	1.106910e+00	8.036379e-01	7.227654e-01	6.587310e-01	6.515344e-01
6.465054e-01	6.458651e-01	6.451749e-01	6.420139e-01	1.554679e+01	1.426475e+01
1.315189e+01	1.234278e+01	1.171407e+01	1.056223e+01	9.602881e+00	8.776173e+00
8.053422e+00	7.405162e+00	6.807648e+00	6.252095e+00	5.734366e+00	5.250272e+00
4.795051e+00	4.363105e+00	3.947260e+00	3.536701e+00	3.115409e+00	2.656309e+00
2.125244e+00	1.818891e+00	1.473529e+00	1.164034e+00	8.208897e-01	7.276651e-01
6.536945e-01	6.454681e-01	6.402273e-01	6.396037e-01	6.386946e-01	6.346213e-01
1.562257e+01	1.434217e+01	1.325691e+01	1.247807e+01	1.188045e+01	1.076780e+01
9.827994e+00	9.009635e+00	8.288372e+00	7.638922e+00	7.041479e+00	6.487744e+00
5.972751e+00	5.491217e+00	5.037144e+00	4.604181e+00	4.185007e+00	3.768258e+00
3.336238e+00	2.857618e+00	2.291222e+00	1.957850e+00	1.575932e+00	1.232314e+00
8.434538e-01	7.351500e-01	6.491942e-01	6.398876e-01	6.342564e-01	6.336173e-01
6.324854e-01	6.276458e-01	1.556389e+01	1.434591e+01	1.332141e+01	1.260607e+01
1.206427e+01	1.101186e+01	1.009066e+01	9.264593e+00	8.523106e+00	7.854326e+00
7.250135e+00	6.701795e+00	6.200237e+00	5.735077e+00	5.293590e+00	4.865042e+00
4.442760e+00	4.016775e+00	3.569195e+00	3.065161e+00	2.460056e+00	2.102408e+00
1.693108e+00	1.320622e+00	8.745434e-01	7.416965e-01	6.447931e-01	6.351697e-01
6.285217e-01	6.275769e-01	6.267032e-01	6.211883e-01	1.563745e+01	1.441024e+01
1.339163e+01	1.270018e+01	1.218782e+01	1.116959e+01	1.027395e+01	9.466803e+00
8.739454e+00	8.081193e+00	7.485119e+00	6.943167e+00	6.446647e+00	5.985391e+00
5.546789e+00	5.119971e+00	4.697822e+00	4.269454e+00	3.814911e+00	3.294706e+00
2.656380e+00	2.271548e+00	1.823477e+00	1.408739e+00	9.077686e-01	7.562123e-01
6.418915e-01	6.302623e-01	6.228750e-01	6.219903e-01	6.207509e-01	6.149393e-01
1.571169e+01	1.447406e+01	1.345086e+01	1.278024e+01	1.229529e+01	1.130947e+01
1.044050e+01	9.655484e+00	8.946849e+00	8.303959e+00	7.719546e+00	7.185941e+00
6.695270e+00	6.238281e+00	5.803219e+00	5.379513e+00	4.959507e+00	4.531195e+00
4.072452e+00	3.539053e+00	2.869736e+00	2.457510e+00	1.968250e+00	1.506515e+00
9.460891e-01	7.750366e-01	6.410108e-01	6.259885e-01	6.174883e-01	6.167122e-01
6.150707e-01	6.091573e-01	1.575471e+01	1.451201e+01	1.349475e+01	1.284705e+01
1.238997e+01	1.143782e+01	1.059599e+01	9.833006e+00	9.142476e+00	8.514566e+00
7.942655e+00	7.419611e+00	6.937935e+00	6.488723e+00	6.060375e+00	5.642308e+00
5.226482e+00	4.800034e+00	4.339001e+00	3.794694e+00	3.097223e+00	2.659173e+00
2.129999e+00	1.619358e+00	9.925780e-01	7.987172e-01	6.409421e-01	6.227392e-01
6.124575e-01	6.117614e-01	6.098081e-01	6.039782e-01	1.577782e+01	1.453438e+01
1.352494e+01	1.289871e+01	1.246699e+01	1.154862e+01	1.073380e+01	9.993546e+00
9.322123e+00	8.710568e+00	8.152792e+00	7.642118e+00	7.171425e+00	6.732081e+00
6.312606e+00	5.902325e+00	5.492925e+00	5.070838e+00	4.610433e+00	4.058940e+00
3.337776e+00	2.875996e+00	2.308117e+00	1.748315e+00	1.047550e+00	8.282098e-01
6.428042e-01	6.207488e-01	6.076808e-01	6.069945e-01	6.047833e-01	5.992449e-01
1.579382e+01	1.455067e+01	1.354901e+01	1.294280e+01	1.253478e+01	1.164954e+01
1.086147e+01	1.014421e+01	9.492504e+00	8.898214e+00	8.355717e+00	7.858753e+00
7.400560e+00	6.972738e+00	6.563897e+00	6.163244e+00	5.762259e+00	5.346766e+00
4.889605e+00	4.334157e+00	3.593003e+00	3.109093e+00	2.503119e+00	1.892873e+00
1.110509e+00	8.630416e-01	6.471016e-01	6.193889e-01	6.031881e-01	6.024441e-01
6.000233e-01	5.948929e-01	1.580053e+01	1.455978e+01	1.356761e+01	1.297979e+01
1.259365e+01	1.174018e+01	1.097812e+01	1.028349e+01	9.651653e+00	9.075112e+00
8.548684e+00	8.066487e+00	7.622079e+00	7.207236e+00	6.810633e+00	6.421383e+00
6.030818e+00	5.624278e+00	5.173301e+00	4.617766e+00	3.861486e+00	3.357895e+00
2.715437e+00	2.053710e+00	1.182425e+00	9.036762e-01	6.527445e-01	6.195785e-01
5.992561e-01	5.983232e-01	5.957879e-01	5.911926e-01	1.580354e+01	1.456482e+01
1.358058e+01	1.300916e+01	1.264273e+01	1.181898e+01	1.108165e+01	1.040887e+01
9.796667e+00	9.238030e+00	8.728173e+00	8.261555e+00	7.832009e+00	7.431447e+00
7.048565e+00	6.672404e+00	6.294229e+00	5.899060e+00	5.457452e+00	4.906354e+00
4.141328e+00	3.621834e+00	2.946442e+00	2.234183e+00	1.266709e+00	9.531128e-01
6.619344e-01	6.216528e-01	5.958739e-01	5.946201e-01	5.920453e-01	5.880757e-01
1.580018e+01	1.456193e+01	1.358068e+01	1.302612e+01	1.267850e+01	1.188251e+01
1.116848e+01	1.051676e+01	9.923699e+00	9.382922e+00	8.889901e+00	8.439423e+00
8.025554e+00	7.640355e+00	7.272505e+00	6.911003e+00	6.547161e+00	6.165868e+00
5.736999e+00	5.195082e+00	4.427994e+00	3.896655e+00	3.192368e+00	2.431342e+00
1.361734e+00	1.010106e+00	6.735359e-01	6.251217e-01	5.929237e-01	5.911344e-01
5.885133e-01	5.852194e-01	1.578985e+01	1.455284e+01	1.357925e+01	1.303849e+01
1.270782e+01	1.193762e+01	1.124562e+01	1.061417e+01	1.003978e+01	9.516697e+00
9.040608e+00	8.606614e+00	8.208987e+00	7.839956e+00	7.488161e+00	7.142589e+00
6.794694e+00	6.429384e+00	6.016129e+00	5.487505e+00	4.724288e+00	4.184784e+00
3.455305e+00	2.647025e+00	1.468661e+00	1.075342e+00	6.880929e-01	6.308019e-01
5.902956e-01	5.878447e-01	5.851813e-01	5.825788e-01	1.577979e+01	1.454431e+01
1.357759e+01	1.304937e+01	1.273401e+01	1.198706e+01	1.131515e+01	1.070248e+01
1.014567e+01	9.639494e+00	9.179858e+00	8.762151e+00	8.380847e+00	8.028334e+00
7.693251e+00	7.364606e+00	7.034090e+00	6.686782e+00	6.291994e+00	5.780800e+00
5.027491e+00	4.483704e+00	3.733205e+00	2.880008e+00	1.589084e+00	1.148956e+00
7.052800e-01	6.379349e-01	5.885255e-01	5.849860e-01	5.823097e-01	5.802937e-01
1.577021e+01	1.453661e+01	1.357537e+01	1.305880e+01	1.275698e+01	1.203040e+01
1.137630e+01	1.078060e+01	1.023994e+01	9.749520e+00	9.305490e+00	8.903499e+00
8.538217e+00	8.202189e+00	7.884100e+00	7.573013e+00	7.260972e+00	6.933398e+00
6.559753e+00	6.070192e+00	5.333507e+00	4.790189e+00	4.024490e+00	3.131073e+00
1.727365e+00	1.234243e+00	7.271100e-01	6.482392e-01	5.873263e-01	5.825713e-01
5.799195e-01	5.783841e-01	1.575857e+01	1.452863e+01	1.357363e+01	1.306727e+01
1.277676e+01	1.206790e+01	1.142967e+01	1.084937e+01	1.032386e+01	9.848573e+00
9.419858e+00	9.033502e+00	8.684289e+00	8.364759e+00	8.063399e+00	7.769399e+00
7.475626e+00	7.168648e+00	6.818772e+00	6.355421e+00	5.642345e+00	5.104040e+00
4.328130e+00	3.398238e+00	1.882095e+00	1.330035e+00	7.527121e-01	6.609279e-01
5.872196e-01	5.804182e-01	5.778192e-01	5.767100e-01	1.573901e+01	1.451701e+01
1.357123e+01	1.307546e+01	1.279569e+01	1.210406e+01	1.148047e+01	1.091356e+01
1.040054e+01	9.937275e+00	9.520571e+00	9.146676e+00	8.810986e+00	8.506781e+00
8.223418e+00	7.950449e+00	7.680085e+00	7.397479e+00	7.072110e+00	6.634453e+00
5.946732e+00	5.417335e+00	4.639702e+00	3.683005e+00	2.057354e+00	1.438142e+00
7.822176e-01	6.759135e-01	5.875420e-01	5.794330e-01	5.762782e-01	5.752207e-01
1.569680e+01	1.449415e+01	1.356585e+01	1.308478e+01	1.281732e+01	1.214523e+01
1.153571e+01	1.097929e+01	1.047405e+01	1.001705e+01	9.606203e+00	9.238915e+00
8.911969e+00	8.620721e+00	8.357631e+00	8.113667e+00	7.877780e+00	7.627073e+00
7.324745e+00	6.905898e+00	6.238318e+00	5.720247e+00	4.952967e+00	3.986936e+00
2.257176e+00	1.560234e+00	8.147598e-01	6.921454e-01	5.889366e-01	5.799359e-01
5.754215e-01	5.738847e-01	1.567260e+01	1.448431e+01	1.356839e+01	1.309633e+01
1.283611e+01	1.217677e+01	1.157802e+01	1.103156e+01	1.053606e+01	1.008891e+01
9.688608e+00	9.332918e+00	9.018820e+00	8.741989e+00	8.495125e+00	8.269519e+00
8.054577e+00	7.827760e+00	7.552944e+00	7.166489e+00	6.535500e+00	6.034352e+00
5.275895e+00	4.296591e+00	2.470548e+00	1.698507e+00	8.547581e-01	7.140027e-01
5.916197e-01	5.799367e-01	5.743684e-01	5.729129e-01	1.564879e+01	1.447453e+01
1.357056e+01	1.310646e+01	1.285175e+01	1.220324e+01	1.161390e+01	1.107655e+01
1.059012e+01	1.015239e+01	9.762268e+00	9.417751e+00	9.115970e+00	8.852730e+00
8.620795e+00	8.411857e+00	8.216276e+00	8.012788e+00	7.766734e+00	7.415899e+00
6.827062e+00	6.346689e+00	5.601679e+00	4.614665e+00	2.700771e+00	1.852876e+00
9.002683e-01	7.393759e-01	5.952342e-01	5.800404e-01	5.733437e-01	5.719662e-01
1.562331e+01	1.446390e+01	1.357170e+01	1.311476e+01	1.286454e+01	1.222546e+01
1.164425e+01	1.111493e+01	1.063630e+01	1.020664e+01	9.825121e+00	9.489964e+00
9.198643e+00	8.947278e+00	8.729102e+00	8.536408e+00	8.360247e+00	8.180248e+00
7.962992e+00	7.648268e+00	7.104033e+00	6.647598e+00	5.922153e+00	4.936207e+00
2.947851e+00	2.025434e+00	9.524773e-01	7.689694e-01	6.001866e-01	5.810371e-01
5.724660e-01	5.710265e-01	1.560314e+01	1.445828e+01	1.357642e+01	1.312594e+01
1.287930e+01	1.224788e+01	1.167341e+01	1.115089e+01	1.067893e+01	1.025615e+01
9.881949e+00	9.554690e+00	9.272232e+00	9.031136e+00	8.825256e+00	8.647570e+00
8.489884e+00	8.332698e+00	8.143982e+00	7.865841e+00	7.368428e+00	6.938453e+00
6.237038e+00	5.259228e+00	3.211383e+00	2.216790e+00	1.012459e+00	8.034860e-01
6.068267e-01	5.830204e-01	5.718941e-01	5.703233e-01	1.558297e+01	1.445339e+01
1.358400e+01	1.313860e+01	1.289448e+01	1.226959e+01	1.170103e+01	1.118459e+01
1.071863e+01	1.030209e+01	9.934523e+00	9.614432e+00	9.340050e+00	9.108385e+00
8.913924e+00	8.750345e+00	8.610288e+00	8.475268e+00	8.314852e+00	8.073708e+00
7.625153e+00	7.224193e+00	6.551643e+00	5.588886e+00	3.492751e+00	2.426557e+00
1.079897e+00	8.427383e-01	6.150160e-01	5.859878e-01	5.714944e-01	5.697319e-01
1.555343e+01	1.444506e+01	1.359121e+01	1.315166e+01	1.290885e+01	1.228977e+01
1.172638e+01	1.121518e+01	1.075442e+01	1.034344e+01	9.981829e+00	9.668328e+00
9.401425e+00	9.178467e+00	8.994361e+00	8.843373e+00	8.719014e+00	8.604037e+00
8.469971e+00	8.264626e+00	7.866249e+00	7.497705e+00	6.861660e+00	5.923979e+00
3.788722e+00	2.650318e+00	1.155779e+00	8.881757e-01	6.249533e-01	5.893116e-01
5.714750e-01	5.692872e-01	1.550824e+01	1.443069e+01	1.359848e+01	1.316529e+01
1.292193e+01	1.230762e+01	1.174852e+01	1.124176e+01	1.078548e+01	1.037942e+01
1.002308e+01	9.715495e+00	9.455309e+00	9.240098e+00	9.065021e+00	8.924850e+00
8.814124e+00	8.717252e+00	8.608011e+00	8.437042e+00	8.088243e+00	7.753813e+00
7.160275e+00	6.257361e+00	4.096446e+00	2.888871e+00	1.242745e+00	9.420721e-01
6.377905e-01	5.936330e-01	5.716504e-01	5.689448e-01	1.544702e+01	1.441007e+01
1.360535e+01	1.317786e+01	1.293004e+01	1.231784e+01	1.176167e+01	1.125881e+01
1.080724e+01	1.040628e+01	1.005538e+01	9.753529e+00	9.499293e+00	9.290263e+00
9.121566e+00	8.988747e+00	8.888998e+00	8.811810e+00	8.734660e+00	8.602434e+00
8.295021e+00	7.987772e+00	7.434453e+00	6.570881e+00	4.410483e+00	3.149955e+00
1.340269e+00	1.001301e+00	6.526114e-01	6.001629e-01	5.718305e-01	5.684254e-01
1.536799e+01	1.438178e+01	1.361166e+01	1.318984e+01	1.293622e+01	1.232531e+01
1.177145e+01	1.127201e+01	1.082485e+01	1.042874e+01	1.008302e+01	9.786547e+00
9.537718e+00	9.334056e+00	9.170572e+00	9.043639e+00	8.953526e+00	8.895871e+00
8.852783e+00	8.760623e+00	8.491233e+00	8.208537e+00	7.695279e+00	6.875031e+00
4.734617e+00	3.433637e+00	1.449296e+00	1.066802e+00	6.696307e-01	6.091393e-01
5.720556e-01	5.678427e-01	1.527602e+01	1.434679e+01	1.361316e+01	1.320129e+01
1.294307e+01	1.233534e+01	1.178456e+01	1.128833e+01	1.084448e+01	1.045159e+01
1.010919e+01	9.816363e+00	9.571816e+00	9.373485e+00	9.216829e+00	9.098628e+00
9.019772e+00	8.976991e+00	8.953190e+00	8.889695e+00	8.668204e+00	8.419395e+00
7.949474e+00	7.173056e+00	5.066929e+00	3.730672e+00	1.571189e+00	1.140854e+00
6.891200e-01	6.194913e-01	5.724594e-01	5.676761e-01	1.515949e+01	1.429784e+01
1.361151e+01	1.321221e+01	1.295119e+01	1.235052e+01	1.180434e+01	1.131058e+01
1.086783e+01	1.047564e+01	1.013408e+01	9.842856e+00	9.601339e+00	9.408306e+00
9.260389e+00	9.154721e+00	9.089581e+00	9.055521e+00	9.034577e+00	8.987851e+00
8.822314e+00	8.617894e+00	8.194315e+00	7.459627e+00	5.401970e+00	4.037152e+00
1.709802e+00	1.226856e+00	7.125442e-01	6.322732e-01	5.735726e-01	5.676744e-01
1.505236e+01	1.425357e+01	1.361036e+01	1.322109e+01	1.295482e+01	1.235689e+01
1.181269e+01	1.132085e+01	1.088032e+01	1.049081e+01	1.015253e+01	9.864860e+00
9.626950e+00	9.437748e+00	9.295152e+00	9.197100e+00	9.141444e+00	9.117279e+00
9.107461e+00	9.083310e+00	8.963283e+00	8.791606e+00	8.413292e+00	7.736574e+00
5.750222e+00	4.350381e+00	1.856903e+00	1.322115e+00	7.400641e-01	6.464093e-01
5.763980e-01	5.676444e-01	1.495740e+01	1.421484e+01	1.360954e+01	1.322833e+01
1.295669e+01	1.236009e+01	1.181701e+01	1.132663e+01	1.088819e+01	1.050140e+01
1.016652e+01	9.882635e+00	9.648422e+00	9.462625e+00	9.323765e+00	9.230438e+00
9.181292e+00	9.166796e+00	9.172219e+00	9.172469e+00	9.089691e+00	8.945406e+00
8.612723e+00	7.997919e+00	6.090513e+00	4.672868e+00	2.020943e+00	1.428937e+00
7.719246e-01	6.627026e-01	5.794320e-01	5.674848e-01	1.487666e+01	1.418208e+01
1.360891e+01	1.323509e+01	1.295902e+01	1.236450e+01	1.182321e+01	1.133439e+01
1.089755e+01	1.051240e+01	1.017913e+01	9.897377e+00	9.666209e+00	9.484598e+00
9.350328e+00	9.261549e+00	9.217759e+00	9.211277e+00	9.229460e+00	9.248506e+00
9.200416e+00	9.088847e+00	8.805184e+00	8.237165e+00	6.391968e+00	5.011712e+00
2.222095e+00	1.550639e+00	8.070575e-01	6.827115e-01	5.799503e-01	5.671357e-01
1.481388e+01	1.415954e+01	1.361358e+01	1.324570e+01	1.296599e+01	1.237283e+01
1.183270e+01	1.134509e+01	1.090965e+01	1.052607e+01	1.019459e+01	9.914758e+00
9.685833e+00	9.506834e+00	9.375816e+00	9.291126e+00	9.252731e+00	9.253750e+00
9.282975e+00	9.319582e+00	9.302904e+00	9.218347e+00	8.978050e+00	8.466107e+00
6.711147e+00	5.348459e+00	2.441747e+00	1.685391e+00	8.485676e-01	7.059840e-01
5.839143e-01	5.674767e-01	1.475602e+01	1.413736e+01	1.361533e+01	1.325225e+01
1.296872e+01	1.237707e+01	1.183828e+01	1.135211e+01	1.091816e+01	1.053608e+01
1.020623e+01	9.928104e+00	9.701127e+00	9.524393e+00	9.396244e+00	9.315210e+00
9.281662e+00	9.289367e+00	9.328366e+00	9.380841e+00	9.392893e+00	9.333136e+00
9.133999e+00	8.678892e+00	7.024912e+00	5.686468e+00	2.679440e+00	1.833563e+00
8.953003e-01	7.322805e-01	5.889519e-01	5.675343e-01	1.470206e+01	1.411449e+01
1.361369e+01	1.325516e+01	1.296882e+01	1.237824e+01	1.184055e+01	1.135565e+01
1.092304e+01	1.054222e+01	1.021369e+01	9.936968e+00	9.711664e+00	9.536971e+00
9.411346e+00	9.333413e+00	9.303919e+00	9.317266e+00	9.364606e+00	9.430772e+00
9.468165e+00	9.430852e+00	9.270036e+00	8.869438e+00	7.321238e+00	6.019327e+00
2.933504e+00	1.997118e+00	9.485341e-01	7.627055e-01	5.943593e-01	5.670219e-01
1.465575e+01	1.409654e+01	1.361480e+01	1.326025e+01	1.297092e+01	1.238113e+01
1.184420e+01	1.136025e+01	1.092875e+01	1.054909e+01	1.022162e+01	9.946136e+00
9.722269e+00	9.549360e+00	9.425826e+00	9.350455e+00	9.324279e+00	9.342323e+00
9.396799e+00	9.475027e+00	9.534609e+00	9.516922e+00	9.391257e+00	9.042947e+00
7.603315e+00	6.347804e+00	3.205318e+00	2.179925e+00	1.009353e+00	7.981822e-01
6.020259e-01	5.669298e-01	1.461359e+01	1.408051e+01	1.361647e+01	1.326567e+01
1.297391e+01	1.238465e+01	1.184834e+01	1.136515e+01	1.093455e+01	1.055587e+01
1.022923e+01	9.954759e+00	9.732103e+00	9.560770e+00	9.439105e+00	9.366074e+00
9.342938e+00	9.365249e+00	9.426128e+00	9.515094e+00	9.594852e+00	9.595472e+00
9.502760e+00	9.205044e+00	7.878232e+00	6.675134e+00	3.495529e+00	2.383060e+00
1.077523e+00	8.382196e-01	6.114207e-01	5.668718e-01	1.457516e+01	1.406502e+01
1.361644e+01	1.326860e+01	1.297441e+01	1.238683e+01	1.185202e+01	1.136993e+01
1.093997e+01	1.056178e+01	1.023557e+01	9.961557e+00	9.739645e+00	9.569534e+00
9.449586e+00	9.378952e+00	9.359026e+00	9.385524e+00	9.451917e+00	9.549031e+00
9.646195e+00	9.664635e+00	9.601183e+00	9.350139e+00	8.142827e+00	6.989620e+00
3.797939e+00	2.611482e+00	1.154205e+00	8.832332e-01	6.219755e-01	5.668022e-01
1.454112e+01	1.405074e+01	1.361537e+01	1.327034e+01	1.297436e+01	1.238830e+01
1.185536e+01	1.137451e+01	1.094495e+01	1.056691e+01	1.024086e+01	9.966964e+00
9.745506e+00	9.576340e+00	9.457891e+00	9.389495e+00	9.372652e+00	9.403023e+00
9.474060e+00	9.577299e+00	9.689124e+00	9.723991e+00	9.686011e+00	9.477191e+00
8.391437e+00	7.286649e+00	4.109500e+00	2.867654e+00	1.241962e+00	9.352145e-01
6.346525e-01	5.667381e-01	1.451298e+01	1.404016e+01	1.361621e+01	1.327375e+01
1.297560e+01	1.239090e+01	1.185885e+01	1.137864e+01	1.094959e+01	1.057201e+01
1.024636e+01	9.972754e+00	9.751858e+00	9.583579e+00	9.466331e+00	9.399590e+00
9.384966e+00	9.418326e+00	9.493468e+00	9.602645e+00	9.726826e+00	9.774662e+00
9.759619e+00	9.590057e+00	8.616994e+00	7.573311e+00	4.430385e+00	3.135343e+00
1.340539e+00	9.944407e-01	6.501359e-01	5.667912e-01	1.448813e+01	1.403131e+01
1.361835e+01	1.327819e+01	1.297856e+01	1.239401e+01	1.186220e+01	1.138233e+01
1.095380e+01	1.057676e+01	1.025160e+01	9.978416e+00	9.758159e+00	9.590714e+00
9.474470e+00	9.409037e+00	9.396168e+00	9.432028e+00	9.510890e+00	9.625741e+00
9.760886e+00	9.819792e+00	9.825883e+00	9.693384e+00	8.828278e+00	7.853462e+00
4.763243e+00	3.419043e+00	1.450702e+00	1.061342e+00	6.684326e-01	5.669393e-01
1.446408e+01	1.402199e+01	1.361895e+01	1.328053e+01	1.297948e+01	1.239478e+01
1.186284e+01	1.138299e+01	1.095464e+01	1.057789e+01	1.025341e+01	9.981557e+00
9.762373e+00	9.595805e+00	9.480361e+00	9.415762e+00	9.403961e+00	9.441495e+00
9.523514e+00	9.644549e+00	9.789853e+00	9.856984e+00	9.881813e+00	9.783575e+00
9.019291e+00	8.121799e+00	5.104238e+00	3.715160e+00	1.571620e+00	1.136738e+00
6.891272e-01	5.670341e-01	1.444072e+01	1.401188e+01	1.361782e+01	1.328155e+01
1.297899e+01	1.239350e+01	1.186052e+01	1.138028e+01	1.095241e+01	1.057681e+01
1.025368e+01	9.982982e+00	9.764893e+00	9.599132e+00	9.484280e+00	9.420124e+00
9.408849e+00	9.447364e+00	9.531859e+00	9.659110e+00	9.813587e+00	9.886145e+00
9.927035e+00	9.859597e+00	9.186004e+00	8.373568e+00	5.448344e+00	4.019083e+00
1.704445e+00	1.223825e+00	7.135739e-01	5.670841e-01	1.442085e+01	1.400271e+01
1.361620e+01	1.328149e+01	1.297787e+01	1.239224e+01	1.185928e+01	1.137944e+01
1.095198e+01	1.057670e+01	1.025415e+01	9.984143e+00	9.766672e+00	9.601461e+00
9.487193e+00	9.423725e+00	9.413331e+00	9.453102e+00	9.539780e+00	9.671374e+00
9.833486e+00	9.912252e+00	9.966655e+00	9.925467e+00	9.341196e+00	8.603161e+00
5.788448e+00	4.336406e+00	1.863589e+00	1.321048e+00	7.411227e-01	5.667799e-01
1.440560e+01	1.399650e+01	1.361542e+01	1.328158e+01	1.297717e+01	1.239191e+01
1.185924e+01	1.137964e+01	1.095236e+01	1.057754e+01	1.025541e+01	9.985762e+00
9.768694e+00	9.603914e+00	9.490219e+00	9.427555e+00	9.418242e+00	9.459423e+00
9.548032e+00	9.682710e+00	9.851243e+00	9.936364e+00	1.000211e+01	9.983163e+00
9.484213e+00	8.812241e+00	6.122625e+00	4.665179e+00	2.054666e+00	1.429792e+00
7.726038e-01	5.662909e-01	1.439500e+01	1.399383e+01	1.361813e+01	1.328543e+01
1.297994e+01	1.239475e+01	1.186239e+01	1.138292e+01	1.095585e+01	1.058118e+01
1.025910e+01	9.989645e+00	9.772824e+00	9.608355e+00	9.495106e+00	9.433046e+00
9.424564e+00	9.466860e+00	9.557112e+00	9.694571e+00	9.868679e+00	9.959164e+00
1.003461e+01	1.003489e+01	9.613234e+00	9.005969e+00	6.452403e+00	5.001682e+00
2.273521e+00	1.553924e+00	8.089190e-01	5.664017e-01	1.438188e+01	1.398799e+01
1.361759e+01	1.328588e+01	1.297968e+01	1.239482e+01	1.186266e+01	1.138334e+01
1.095649e+01	1.058197e+01	1.026008e+01	9.990777e+00	9.774194e+00	9.610075e+00
9.497240e+00	9.435642e+00	9.427750e+00	9.470878e+00	9.562504e+00	9.702446e+00
9.881399e+00	9.976160e+00	1.005983e+01	1.007701e+01	9.725275e+00	9.181048e+00
6.773430e+00	5.340809e+00	2.505866e+00	1.717166e+00	8.504888e-01	5.659170e-01
1.437277e+01	1.398477e+01	1.361758e+01	1.328679e+01	1.297987e+01	1.239542e+01
1.186371e+01	1.138469e+01	1.095809e+01	1.058369e+01	1.026184e+01	9.992511e+00
9.775987e+00	9.612107e+00	9.499685e+00	9.438687e+00	9.431615e+00	9.475811e+00
9.568772e+00	9.710027e+00	9.892433e+00	9.992279e+00	1.008360e+01	1.011491e+01
9.828292e+00	9.342059e+00	7.084401e+00	5.686301e+00	2.755126e+00	1.896687e+00
8.969042e-01	5.650597e-01	1.436775e+01	1.398383e+01	1.361991e+01	1.328981e+01
1.298281e+01	1.240002e+01	1.186986e+01	1.139160e+01	1.096487e+01	1.058975e+01
1.026675e+01	9.996433e+00	9.779215e+00	9.615213e+00	9.503197e+00	9.443148e+00
9.437487e+00	9.483341e+00	9.577481e+00	9.717955e+00	9.902204e+00	1.000837e+01
1.010690e+01	1.014931e+01	9.923000e+00	9.488313e+00	7.380696e+00	6.035960e+00
3.021206e+00	2.084280e+00	9.490303e-01	5.636554e-01	