1.206907e-01	1.251885e-01	1.296721e-01	1.341055e-01	1.384808e-01	1.470258e-01
1.552908e-01	1.633434e-01	1.713685e-01	1.798048e-01	1.892923e-01	2.003831e-01
2.137541e-01	2.305375e-01	2.526212e-01	2.812544e-01	3.135866e-01	3.385726e-01
3.445322e-01	3.394187e-01	3.386166e-01	3.466895e-01	3.725758e-01	4.045172e-01
3.850962e-01	3.660505e-01	3.715809e-01	3.752716e-01	3.745050e-01	3.737461e-01
3.757033e-01	3.743924e-01	1.380648e-01	1.430494e-01	1.480179e-01	1.529333e-01
1.577880e-01	1.672840e-01	1.764919e-01	1.854863e-01	1.944660e-01	2.038989e-01
2.144653e-01	2.267491e-01	2.414613e-01	2.597874e-01	2.836917e-01	3.144287e-01
3.489295e-01	3.756344e-01	3.824192e-01	3.775451e-01	3.769845e-01	3.854323e-01
4.122682e-01	4.451797e-01	4.252648e-01	4.056791e-01	4.113804e-01	4.151752e-01
4.143833e-01	4.136048e-01	4.156130e-01	4.142679e-01	1.579401e-01	1.634586e-01
1.689591e-01	1.744045e-01	1.797870e-01	1.903334e-01	2.005874e-01	2.106309e-01
2.206767e-01	2.312216e-01	2.429860e-01	2.565842e-01	2.727601e-01	2.927484e-01
3.185837e-01	3.515160e-01	3.882557e-01	4.167533e-01	4.244726e-01	4.199543e-01
4.196997e-01	4.285047e-01	4.561891e-01	4.899296e-01	4.696234e-01	4.495978e-01
4.554429e-01	4.593219e-01	4.585081e-01	4.577142e-01	4.597623e-01	4.583904e-01
1.806764e-01	1.867796e-01	1.928632e-01	1.988901e-01	2.048532e-01	2.165587e-01
2.279726e-01	2.391841e-01	2.504201e-01	2.622056e-01	2.752995e-01	2.903449e-01
3.081159e-01	3.298914e-01	3.577671e-01	3.929778e-01	4.320142e-01	4.623732e-01
4.711505e-01	4.671273e-01	4.672549e-01	4.763905e-01	5.047892e-01	5.391777e-01
5.186089e-01	4.982712e-01	5.042249e-01	5.081628e-01	5.073314e-01	5.065278e-01
5.086014e-01	5.072123e-01	2.066858e-01	2.134278e-01	2.201491e-01	2.268133e-01
2.334141e-01	2.463976e-01	2.590966e-01	2.716080e-01	2.841725e-01	2.973415e-01
3.119101e-01	3.285478e-01	3.480545e-01	3.717471e-01	4.017698e-01	4.393301e-01
4.807045e-01	5.129869e-01	5.229613e-01	5.195992e-01	5.201985e-01	5.296275e-01
5.585669e-01	5.933764e-01	5.727041e-01	5.522140e-01	5.582318e-01	5.621970e-01
5.613535e-01	5.605471e-01	5.626286e-01	5.612340e-01	2.364394e-01	2.438780e-01
2.512954e-01	2.586568e-01	2.659571e-01	2.803478e-01	2.944697e-01	3.084273e-01
3.224740e-01	3.371856e-01	3.533895e-01	3.717774e-01	3.931701e-01	4.189132e-01
4.511845e-01	4.911497e-01	5.348825e-01	5.691410e-01	5.804697e-01	5.779651e-01
5.791410e-01	5.888138e-01	6.180739e-01	6.530232e-01	6.324417e-01	6.119965e-01
6.180233e-01	6.219769e-01	6.211281e-01	6.203274e-01	6.223949e-01	6.210095e-01
2.704762e-01	2.786726e-01	2.868482e-01	2.949711e-01	3.030372e-01	3.189758e-01
3.346722e-01	3.502378e-01	3.659380e-01	3.823689e-01	4.003849e-01	4.206950e-01
4.441336e-01	4.720637e-01	5.066768e-01	5.490815e-01	5.951666e-01	6.314421e-01
6.443020e-01	6.428872e-01	6.447622e-01	6.546143e-01	6.839203e-01	7.186657e-01
6.984105e-01	6.782512e-01	6.842191e-01	6.881134e-01	6.872676e-01	6.864831e-01
6.885099e-01	6.871514e-01	3.094127e-01	3.184314e-01	3.274310e-01	3.363837e-01
3.452871e-01	3.629263e-01	3.803633e-01	3.977162e-01	4.152602e-01	4.336068e-01
4.536301e-01	4.760490e-01	5.017032e-01	5.319577e-01	5.689943e-01	6.138464e-01
6.622450e-01	7.005629e-01	7.151538e-01	7.151020e-01	7.178187e-01	7.277680e-01
7.567818e-01	7.909066e-01	7.712604e-01	7.516785e-01	7.575049e-01	7.612823e-01
7.604499e-01	7.596940e-01	7.616482e-01	7.603380e-01	3.539544e-01	3.638627e-01
3.737553e-01	3.836104e-01	3.934275e-01	4.129326e-01	4.322924e-01	4.516308e-01
4.712302e-01	4.917107e-01	5.139560e-01	5.386865e-01	5.667351e-01	5.994509e-01
6.389763e-01	6.862505e-01	7.368836e-01	7.772500e-01	7.937969e-01	7.954285e-01
7.991531e-01	8.090966e-01	8.374055e-01	8.704093e-01	8.517092e-01	8.330551e-01
8.386404e-01	8.422314e-01	8.414248e-01	8.407126e-01	8.425557e-01	8.413195e-01
4.049082e-01	4.157758e-01	4.266336e-01	4.374675e-01	4.482797e-01	4.698291e-01
4.913111e-01	5.128540e-01	5.347440e-01	5.576006e-01	5.823044e-01	6.095656e-01
6.401965e-01	6.755074e-01	7.175657e-01	7.671947e-01	8.199343e-01	8.623317e-01
8.810881e-01	8.847781e-01	8.897034e-01	8.995139e-01	9.266185e-01	9.579037e-01
9.405493e-01	9.232415e-01	9.284662e-01	9.317881e-01	9.310221e-01	9.303716e-01
9.320578e-01	9.309261e-01	4.631970e-01	4.750954e-01	4.869929e-01	4.988859e-01
5.107795e-01	5.345651e-01	5.583873e-01	5.823767e-01	6.068183e-01	6.323197e-01
6.597421e-01	6.897708e-01	7.231802e-01	7.612137e-01	8.058209e-01	8.576864e-01
9.123452e-01	9.567269e-01	9.779784e-01	9.841641e-01	9.905136e-01	1.000035e+00
1.025336e+00	1.054193e+00	1.038656e+00	1.023191e+00	1.027913e+00	1.030868e+00
1.030160e+00	1.029592e+00	1.031067e+00	1.030076e+00	5.298768e-01	5.428783e-01
5.558918e-01	5.689272e-01	5.819931e-01	6.082208e-01	6.346211e-01	6.613240e-01
6.886070e-01	7.170514e-01	7.474779e-01	7.805292e-01	8.169204e-01	8.577942e-01
9.049309e-01	9.588517e-01	1.015171e+00	1.061455e+00	1.085524e+00	1.094714e+00
1.102746e+00	1.111790e+00	1.134570e+00	1.160162e+00	1.146997e+00	1.133962e+00
1.138012e+00	1.140482e+00	1.139855e+00	1.139395e+00	1.140594e+00	1.139787e+00
6.061555e-01	6.203318e-01	6.345384e-01	6.488020e-01	6.631354e-01	6.920253e-01
7.212628e-01	7.509733e-01	7.814195e-01	8.131372e-01	8.468811e-01	8.832294e-01
9.228114e-01	9.666286e-01	1.016231e+00	1.071950e+00	1.129587e+00	1.177647e+00
1.204895e+00	1.217682e+00	1.227696e+00	1.236034e+00	1.255441e+00	1.276782e+00
1.266638e+00	1.256724e+00	1.259903e+00	1.261753e+00	1.261230e+00	1.260907e+00
1.261756e+00	1.261182e+00	6.934150e-01	7.088359e-01	7.243117e-01	7.398908e-01
7.555907e-01	7.873769e-01	8.197331e-01	8.527756e-01	8.867414e-01	9.220986e-01
9.595035e-01	9.994427e-01	1.042428e+00	1.089272e+00	1.141219e+00	1.198388e+00
1.256897e+00	1.306559e+00	1.337393e+00	1.354463e+00	1.366804e+00	1.374161e+00
1.389190e+00	1.405125e+00	1.398758e+00	1.392777e+00	1.394849e+00	1.395918e+00
1.395529e+00	1.395378e+00	1.395789e+00	1.395507e+00	7.932360e-01	8.099670e-01
8.267860e-01	8.437681e-01	8.609362e-01	8.958666e-01	9.316472e-01	9.683782e-01
1.006259e+00	1.045661e+00	1.087103e+00	1.130947e+00	1.177550e+00	1.227475e+00
1.281581e+00	1.339739e+00	1.398556e+00	1.449581e+00	1.484462e+00	1.506608e+00
1.521673e+00	1.527725e+00	1.537187e+00	1.546370e+00	1.544660e+00	1.543559e+00
1.544250e+00	1.544350e+00	1.544129e+00	1.544190e+00	1.544059e+00	1.544139e+00
9.077751e-01	9.258236e-01	9.440121e-01	9.624543e-01	9.811772e-01	1.019515e+00
1.059104e+00	1.100018e+00	1.142397e+00	1.186461e+00	1.232518e+00	1.280742e+00
1.331262e+00	1.384282e+00	1.440105e+00	1.498311e+00	1.556342e+00	1.608379e+00
1.648467e+00	1.677599e+00	1.696432e+00	1.700535e+00	1.701903e+00	1.701429e+00
1.706005e+00	1.711717e+00	1.710577e+00	1.709341e+00	1.709340e+00	1.709687e+00
1.708807e+00	1.709387e+00	1.038562e+00	1.058005e+00	1.077648e+00	1.097648e+00
1.118038e+00	1.160054e+00	1.203779e+00	1.249249e+00	1.296529e+00	1.345657e+00
1.396684e+00	1.449561e+00	1.504152e+00	1.560241e+00	1.617500e+00	1.675204e+00
1.731798e+00	1.784477e+00	1.829973e+00	1.866570e+00	1.889356e+00	1.891198e+00
1.883500e+00	1.872344e+00	1.884022e+00	1.897342e+00	1.894071e+00	1.891332e+00
1.891590e+00	1.892262e+00	1.890546e+00	1.891684e+00	1.186458e+00	1.207624e+00
1.229016e+00	1.250810e+00	1.273060e+00	1.319007e+00	1.366918e+00	1.416811e+00
1.468684e+00	1.522466e+00	1.578040e+00	1.635224e+00	1.693701e+00	1.752982e+00
1.812333e+00	1.870778e+00	1.927176e+00	1.980210e+00	2.027945e+00	2.067462e+00
2.091426e+00	2.091840e+00	2.079485e+00	2.063108e+00	2.080036e+00	2.097939e+00
2.092665e+00	2.088903e+00	2.089438e+00	2.090361e+00	2.088111e+00	2.089604e+00
1.352751e+00	1.376104e+00	1.399657e+00	1.423566e+00	1.447927e+00	1.498097e+00
1.550174e+00	1.604180e+00	1.660071e+00	1.717772e+00	1.777124e+00	1.837930e+00
1.899815e+00	1.962213e+00	2.024323e+00	2.085042e+00	2.142895e+00	2.196004e+00
2.242028e+00	2.278985e+00	2.300966e+00	2.301104e+00	2.289752e+00	2.275491e+00
2.294604e+00	2.312754e+00	2.305968e+00	2.301920e+00	2.302705e+00	2.303746e+00
2.301414e+00	2.302960e+00	1.536303e+00	1.562358e+00	1.588566e+00	1.615049e+00
1.641923e+00	1.696973e+00	1.753661e+00	1.811945e+00	1.871684e+00	1.932718e+00
1.994795e+00	2.057686e+00	2.121058e+00	2.184478e+00	2.247528e+00	2.309394e+00
2.368332e+00	2.421670e+00	2.466238e+00	2.500130e+00	2.519753e+00	2.521285e+00
2.514793e+00	2.506267e+00	2.522508e+00	2.536069e+00	2.530479e+00	2.527388e+00
2.528066e+00	2.528886e+00	2.527133e+00	2.528281e+00	1.739802e+00	1.769141e+00
1.798556e+00	1.828104e+00	1.857911e+00	1.918486e+00	1.980148e+00	2.042739e+00
2.105994e+00	2.169643e+00	2.233352e+00	2.296887e+00	2.360066e+00	2.422770e+00
2.485333e+00	2.547523e+00	2.607268e+00	2.660722e+00	2.703430e+00	2.733245e+00
2.749929e+00	2.754164e+00	2.756006e+00	2.756879e+00	2.766131e+00	2.771140e+00
2.768691e+00	2.767531e+00	2.767845e+00	2.768184e+00	2.767542e+00	2.767931e+00
1.962025e+00	1.995583e+00	2.029037e+00	2.062312e+00	2.095543e+00	2.162182e+00
2.228736e+00	2.294974e+00	2.360652e+00	2.425650e+00	2.489912e+00	2.553272e+00
2.615637e+00	2.677029e+00	2.738135e+00	2.799006e+00	2.857467e+00	2.909294e+00
2.949768e+00	2.977110e+00	2.992781e+00	2.998889e+00	3.006507e+00	3.014095e+00
3.019587e+00	3.019342e+00	3.018409e+00	3.018378e+00	3.018527e+00	3.018547e+00
3.018632e+00	3.018535e+00	2.201133e+00	2.240242e+00	2.278919e+00	2.316850e+00
2.354171e+00	2.427523e+00	2.498676e+00	2.567421e+00	2.633803e+00	2.698312e+00
2.761726e+00	2.824050e+00	2.885123e+00	2.944786e+00	3.003377e+00	3.060727e+00
3.114967e+00	3.162793e+00	3.200783e+00	3.228520e+00	3.246461e+00	3.252901e+00
3.261676e+00	3.271203e+00	3.278381e+00	3.278734e+00	3.276491e+00	3.276183e+00
3.276511e+00	3.276497e+00	3.276632e+00	3.276530e+00	2.459270e+00	2.504486e+00
2.548858e+00	2.591755e+00	2.633329e+00	2.713302e+00	2.788384e+00	2.858454e+00
2.923967e+00	2.986202e+00	3.047059e+00	3.106757e+00	3.165071e+00	3.221592e+00
3.276219e+00	3.328540e+00	3.377222e+00	3.420365e+00	3.456038e+00	3.483909e+00
3.503432e+00	3.510658e+00	3.520765e+00	3.532099e+00	3.541431e+00	3.541891e+00
3.538653e+00	3.538092e+00	3.538492e+00	3.538584e+00	3.538600e+00	3.538587e+00
2.735763e+00	2.787411e+00	2.837732e+00	2.885695e+00	2.931491e+00	3.017634e+00
3.095671e+00	3.165636e+00	3.228485e+00	3.286452e+00	3.342754e+00	3.397891e+00
3.451607e+00	3.503297e+00	3.552506e+00	3.598665e+00	3.641005e+00	3.678978e+00
3.711937e+00	3.739091e+00	3.759629e+00	3.768299e+00	3.780146e+00	3.793172e+00
3.804464e+00	3.804598e+00	3.800813e+00	3.800095e+00	3.800493e+00	3.800739e+00
3.800578e+00	3.800685e+00	3.029638e+00	3.087647e+00	3.143783e+00	3.196568e+00
3.246244e+00	3.337580e+00	3.417223e+00	3.485413e+00	3.543634e+00	3.595214e+00
3.644721e+00	3.693049e+00	3.739991e+00	3.784977e+00	3.827508e+00	3.867051e+00
3.903066e+00	3.935419e+00	3.964053e+00	3.989082e+00	4.010929e+00	4.021601e+00
4.035374e+00	4.049545e+00	4.061772e+00	4.062103e+00	4.058042e+00	4.057255e+00
4.057710e+00	4.057952e+00	4.057784e+00	4.057920e+00	3.339306e+00	3.403724e+00
3.465606e+00	3.522959e+00	3.576056e+00	3.671226e+00	3.750519e+00	3.814503e+00
3.865427e+00	3.907965e+00	3.948419e+00	3.988144e+00	4.026911e+00	4.064102e+00
4.098891e+00	4.130629e+00	4.159127e+00	4.185024e+00	4.209129e+00	4.232118e+00
4.255119e+00	4.267484e+00	4.282556e+00	4.297030e+00	4.309688e+00	4.310587e+00
4.306623e+00	4.305929e+00	4.306441e+00	4.306532e+00	4.306593e+00	4.306628e+00
3.666617e+00	3.736410e+00	3.802974e+00	3.863796e+00	3.919202e+00	4.015985e+00
4.092762e+00	4.150468e+00	4.192117e+00	4.223695e+00	4.253106e+00	4.282160e+00
4.310694e+00	4.338208e+00	4.363834e+00	4.387016e+00	4.407818e+00	4.427195e+00
4.446397e+00	4.466780e+00	4.490241e+00	4.503782e+00	4.519278e+00	4.533133e+00
4.545852e+00	4.547339e+00	4.544194e+00	4.543667e+00	4.544172e+00	4.544170e+00
4.544362e+00	4.544337e+00	4.007129e+00	4.080209e+00	4.149420e+00	4.211762e+00
4.267645e+00	4.362753e+00	4.434274e+00	4.483488e+00	4.514054e+00	4.533051e+00
4.549609e+00	4.565947e+00	4.582135e+00	4.598033e+00	4.613181e+00	4.627409e+00
4.640828e+00	4.653986e+00	4.667924e+00	4.684882e+00	4.707709e+00	4.721637e+00
4.736366e+00	4.748444e+00	4.760712e+00	4.762712e+00	4.761292e+00	4.761002e+00
4.761412e+00	4.761422e+00	4.761562e+00	4.761562e+00	4.358128e+00	4.432432e+00
4.502257e+00	4.564133e+00	4.618570e+00	4.708458e+00	4.771631e+00	4.809753e+00
4.827122e+00	4.831716e+00	4.833757e+00	4.835794e+00	4.838228e+00	4.841329e+00
4.845194e+00	4.850108e+00	4.856064e+00	4.862814e+00	4.870846e+00	4.883416e+00
4.904472e+00	4.917993e+00	4.930790e+00	4.939853e+00	4.950794e+00	4.953404e+00
4.954393e+00	4.954455e+00	4.954719e+00	4.954733e+00	4.954811e+00	4.954834e+00
4.724089e+00	4.797801e+00	4.866450e+00	4.926103e+00	4.977393e+00	5.058907e+00
5.110953e+00	5.135611e+00	5.137811e+00	5.126330e+00	5.112361e+00	5.098756e+00
5.086284e+00	5.075638e+00	5.067522e+00	5.062667e+00	5.060843e+00	5.060785e+00
5.062249e+00	5.069575e+00	5.087858e+00	5.100327e+00	5.110323e+00	5.115509e+00
5.124448e+00	5.127666e+00	5.131509e+00	5.131995e+00	5.132074e+00	5.132093e+00
5.132094e+00	5.132146e+00	5.100139e+00	5.170182e+00	5.234732e+00	5.289544e+00
5.335378e+00	5.404693e+00	5.442647e+00	5.451362e+00	5.436304e+00	5.407033e+00
5.375591e+00	5.345254e+00	5.317268e+00	5.292700e+00	5.272565e+00	5.257658e+00
5.247476e+00	5.239775e+00	5.233591e+00	5.234160e+00	5.247706e+00	5.258068e+00
5.263886e+00	5.263803e+00	5.269497e+00	5.273237e+00	5.280572e+00	5.281587e+00
5.281411e+00	5.281450e+00	5.281341e+00	5.281443e+00	5.479682e+00	5.543209e+00
5.600873e+00	5.648152e+00	5.685976e+00	5.738506e+00	5.758662e+00	5.748789e+00
5.714823e+00	5.666898e+00	5.617528e+00	5.570318e+00	5.526818e+00	5.488318e+00
5.456138e+00	5.431049e+00	5.412215e+00	5.396338e+00	5.381683e+00	5.374420e+00
5.381784e+00	5.389064e+00	5.389727e+00	5.383681e+00	5.385343e+00	5.389443e+00
5.400440e+00	5.402022e+00	5.401564e+00	5.401612e+00	5.401397e+00	5.401549e+00
5.854990e+00	5.916579e+00	5.970133e+00	6.009474e+00	6.036218e+00	6.061339e+00
6.051890e+00	6.016722e+00	5.962666e+00	5.898910e+00	5.836109e+00	5.776324e+00
5.718777e+00	5.664084e+00	5.616773e+00	5.579976e+00	5.552159e+00	5.527464e+00
5.502337e+00	5.486129e+00	5.486459e+00	5.488081e+00	5.481900e+00	5.469934e+00
5.466588e+00	5.470566e+00	5.485376e+00	5.487591e+00	5.486907e+00	5.486754e+00
5.486624e+00	5.486740e+00	6.233086e+00	6.294642e+00	6.344918e+00	6.375273e+00
6.388381e+00	6.378874e+00	6.332775e+00	6.268475e+00	6.193387e+00	6.114783e+00
6.040341e+00	5.969757e+00	5.898762e+00	5.826926e+00	5.763266e+00	5.714172e+00
5.677198e+00	5.643428e+00	5.607245e+00	5.581833e+00	5.574879e+00	5.570266e+00
5.557134e+00	5.539645e+00	5.531417e+00	5.535158e+00	5.553462e+00	5.556269e+00
5.555391e+00	5.555006e+00	5.554998e+00	5.555060e+00	6.619866e+00	6.672774e+00
6.712545e+00	6.729501e+00	6.727106e+00	6.684069e+00	6.604728e+00	6.511830e+00
6.413121e+00	6.315016e+00	6.223869e+00	6.138423e+00	6.053078e+00	5.966703e+00
5.889248e+00	5.827588e+00	5.778903e+00	5.733636e+00	5.685930e+00	5.649130e+00
5.628934e+00	5.616433e+00	5.595222e+00	5.571297e+00	5.555982e+00	5.558008e+00
5.575896e+00	5.578697e+00	5.577661e+00	5.577194e+00	5.577208e+00	5.577261e+00
7.010962e+00	7.043258e+00	7.063222e+00	7.061758e+00	7.042376e+00	6.969064e+00
6.862413e+00	6.742743e+00	6.618039e+00	6.495664e+00	6.382972e+00	6.279293e+00
6.179543e+00	6.081893e+00	5.993843e+00	5.920258e+00	5.858764e+00	5.801436e+00
5.743366e+00	5.696016e+00	5.661684e+00	5.641659e+00	5.613375e+00	5.584119e+00
5.563071e+00	5.563572e+00	5.580245e+00	5.582902e+00	5.581772e+00	5.581294e+00
5.581295e+00	5.581354e+00	7.400042e+00	7.411822e+00	7.411674e+00	7.390788e+00
7.352853e+00	7.245282e+00	7.107343e+00	6.958385e+00	6.806430e+00	6.659058e+00
6.523995e+00	6.401038e+00	6.286013e+00	6.176524e+00	6.077120e+00	5.990388e+00
5.914634e+00	5.844501e+00	5.773495e+00	5.710443e+00	5.663008e+00	5.639607e+00
5.608756e+00	5.578153e+00	5.554990e+00	5.554487e+00	5.569048e+00	5.571388e+00
5.570282e+00	5.569842e+00	5.569836e+00	5.569893e+00	7.783441e+00	7.776113e+00
7.756563e+00	7.715818e+00	7.657982e+00	7.512055e+00	7.338548e+00	7.157843e+00
6.977735e+00	6.805101e+00	6.647211e+00	6.504259e+00	6.373210e+00	6.251277e+00
6.139860e+00	6.038827e+00	5.947011e+00	5.861332e+00	5.783048e+00	5.712179e+00
5.647960e+00	5.615931e+00	5.579777e+00	5.547572e+00	5.520067e+00	5.516669e+00
5.523776e+00	5.524981e+00	5.524035e+00	5.523734e+00	5.523713e+00	5.523761e+00
8.159068e+00	8.134452e+00	8.096590e+00	8.035838e+00	7.956974e+00	7.768890e+00
7.555723e+00	7.340883e+00	7.131712e+00	6.933506e+00	6.752205e+00	6.588390e+00
6.440038e+00	6.303863e+00	6.178234e+00	6.062975e+00	5.957909e+00	5.861219e+00
5.770289e+00	5.684807e+00	5.603304e+00	5.564675e+00	5.526066e+00	5.495440e+00
5.465919e+00	5.459373e+00	5.456562e+00	5.456256e+00	5.455604e+00	5.455466e+00
5.455426e+00	5.455482e+00	8.526259e+00	8.484134e+00	8.427423e+00	8.345588e+00
8.244211e+00	8.010696e+00	7.755046e+00	7.504542e+00	7.265963e+00	7.042613e+00
6.838607e+00	6.654643e+00	6.489746e+00	6.332493e+00	6.186645e+00	6.056472e+00
5.939178e+00	5.830346e+00	5.726602e+00	5.627569e+00	5.531049e+00	5.485801e+00
5.444397e+00	5.415296e+00	5.384799e+00	5.374383e+00	5.361545e+00	5.359671e+00
5.359216e+00	5.359361e+00	5.359099e+00	5.359283e+00	8.883371e+00	8.823987e+00
8.748464e+00	8.644893e+00	8.519702e+00	8.237104e+00	7.935138e+00	7.646322e+00
7.376798e+00	7.127878e+00	6.900369e+00	6.693075e+00	6.503849e+00	6.337584e+00
6.183830e+00	6.038179e+00	5.901940e+00	5.776155e+00	5.659151e+00	5.546360e+00
5.435370e+00	5.383655e+00	5.339011e+00	5.310607e+00	5.278900e+00	5.264732e+00
5.242901e+00	5.239617e+00	5.239298e+00	5.239716e+00	5.239199e+00	5.239527e+00
9.227469e+00	9.146435e+00	9.047888e+00	8.919276e+00	8.767981e+00	8.434043e+00
8.085734e+00	7.758928e+00	7.458666e+00	7.184169e+00	6.934707e+00	6.709278e+00
6.504203e+00	6.315631e+00	6.140451e+00	5.977303e+00	5.825807e+00	5.685643e+00
5.555401e+00	5.429189e+00	5.304048e+00	5.246038e+00	5.196949e+00	5.166834e+00
5.132428e+00	5.115595e+00	5.088241e+00	5.084090e+00	5.083800e+00	5.084370e+00
5.083680e+00	5.084090e+00	9.602858e+00	9.458844e+00	9.303221e+00	9.129687e+00
8.944531e+00	8.565532e+00	8.191948e+00	7.843442e+00	7.510993e+00	7.203686e+00
6.929643e+00	6.690920e+00	6.471727e+00	6.259240e+00	6.063136e+00	5.881358e+00
5.713854e+00	5.560091e+00	5.418226e+00	5.279841e+00	5.139435e+00	5.073038e+00
5.016810e+00	4.982263e+00	4.942684e+00	4.925116e+00	4.897545e+00	4.893455e+00
4.893110e+00	4.893528e+00	4.893093e+00	4.893296e+00	9.978933e+00	9.758534e+00
9.537214e+00	9.315162e+00	9.095459e+00	8.672962e+00	8.275335e+00	7.904976e+00
7.547240e+00	7.215417e+00	6.916034e+00	6.647157e+00	6.398851e+00	6.167409e+00
5.952943e+00	5.754263e+00	5.572351e+00	5.406445e+00	5.254236e+00	5.104798e+00
4.949652e+00	4.874419e+00	4.809653e+00	4.768543e+00	4.722067e+00	4.705172e+00
4.681726e+00	4.678414e+00	4.677902e+00	4.678003e+00	4.677989e+00	4.677866e+00
1.029156e+01	1.001860e+01	9.749794e+00	9.488822e+00	9.237467e+00	8.765457e+00
8.325255e+00	7.912094e+00	7.542742e+00	7.199864e+00	6.878781e+00	6.580167e+00
6.307657e+00	6.057882e+00	5.826770e+00	5.612067e+00	5.414991e+00	5.234739e+00
5.068947e+00	4.906234e+00	4.737558e+00	4.655094e+00	4.581978e+00	4.532778e+00
4.478082e+00	4.461906e+00	4.445599e+00	4.443569e+00	4.442652e+00	4.442521e+00
4.442561e+00	4.442329e+00	1.054765e+01	1.023979e+01	9.937563e+00	9.645482e+00
9.365035e+00	8.839946e+00	8.354155e+00	7.902387e+00	7.493170e+00	7.116600e+00
6.772396e+00	6.458677e+00	6.173061e+00	5.911608e+00	5.668565e+00	5.440293e+00
5.228044e+00	5.031360e+00	4.848280e+00	4.670082e+00	4.490254e+00	4.402652e+00
4.321205e+00	4.261699e+00	4.197246e+00	4.182113e+00	4.176708e+00	4.176562e+00
4.174988e+00	4.174692e+00	4.174433e+00	4.174293e+00	1.075404e+01	1.042975e+01
1.010890e+01	9.792626e+00	9.483056e+00	8.888220e+00	8.345197e+00	7.864166e+00
7.418679e+00	7.019861e+00	6.661139e+00	6.335751e+00	6.035734e+00	5.755572e+00
5.493628e+00	5.249176e+00	5.022132e+00	4.809649e+00	4.608396e+00	4.415665e+00
4.228744e+00	4.137549e+00	4.049135e+00	3.981134e+00	3.911184e+00	3.896130e+00
3.893595e+00	3.893846e+00	3.892069e+00	3.891704e+00	3.891424e+00	3.891185e+00
1.093421e+01	1.060078e+01	1.026716e+01	9.929381e+00	9.590832e+00	8.925381e+00
8.315129e+00	7.783492e+00	7.314476e+00	6.902868e+00	6.536812e+00	6.204174e+00
5.890399e+00	5.588543e+00	5.304598e+00	5.043240e+00	4.802182e+00	4.574799e+00
4.355611e+00	4.149689e+00	3.958681e+00	3.865265e+00	3.771344e+00	3.696591e+00
3.624039e+00	3.608452e+00	3.603756e+00	3.603463e+00	3.601768e+00	3.601412e+00
3.601249e+00	3.600834e+00	1.113128e+01	1.075939e+01	1.038484e+01	1.000927e+01
9.638357e+00	8.932699e+00	8.285863e+00	7.717307e+00	7.222973e+00	6.790220e+00
6.406748e+00	6.059233e+00	5.731015e+00	5.414443e+00	5.116203e+00	4.840576e+00
4.584879e+00	4.343172e+00	4.110716e+00	3.893713e+00	3.694913e+00	3.598467e+00
3.501026e+00	3.423193e+00	3.348914e+00	3.332153e+00	3.323421e+00	3.322451e+00
3.320869e+00	3.320557e+00	3.320453e+00	3.320024e+00	1.135576e+01	1.090366e+01
1.046387e+01	1.004699e+01	9.652028e+00	8.916444e+00	8.257768e+00	7.669363e+00
7.147486e+00	6.682769e+00	6.266398e+00	5.890676e+00	5.546885e+00	5.227425e+00
4.926230e+00	4.639447e+00	4.367436e+00	4.111381e+00	3.871202e+00	3.645196e+00
3.433209e+00	3.332457e+00	3.233910e+00	3.157555e+00	3.082535e+00	3.063680e+00
3.048141e+00	3.046259e+00	3.044842e+00	3.044625e+00	3.044509e+00	3.044261e+00
1.153532e+01	1.103237e+01	1.054849e+01	1.009879e+01	9.679474e+00	8.912215e+00
8.225868e+00	7.613285e+00	7.066522e+00	6.577151e+00	6.136877e+00	5.739649e+00
5.379638e+00	5.049660e+00	4.739645e+00	4.442843e+00	4.160219e+00	3.894472e+00
3.646808e+00	3.412812e+00	3.191508e+00	3.087030e+00	2.986300e+00	2.909396e+00
2.833048e+00	2.813112e+00	2.794478e+00	2.792152e+00	2.790766e+00	2.790585e+00
2.790468e+00	2.790596e+00	1.168066e+01	1.114642e+01	1.063443e+01	1.016124e+01
9.721274e+00	8.912024e+00	8.193903e+00	7.554830e+00	6.986464e+00	6.478524e+00
6.020971e+00	5.607039e+00	5.230760e+00	4.885453e+00	4.562800e+00	4.257066e+00
3.968016e+00	3.695957e+00	3.441127e+00	3.200210e+00	2.972596e+00	2.864873e+00
2.760893e+00	2.681426e+00	2.603022e+00	2.582841e+00	2.564332e+00	2.561985e+00
2.560505e+00	2.560329e+00	2.560201e+00	2.560780e+00	1.181198e+01	1.124756e+01
1.070882e+01	1.021451e+01	9.756782e+00	8.914903e+00	8.170301e+00	7.509704e+00
6.922559e+00	6.397413e+00	5.923322e+00	5.493458e+00	5.102211e+00	4.743497e+00
4.409989e+00	4.096344e+00	3.801372e+00	3.523688e+00	3.262499e+00	3.015748e+00
2.782613e+00	2.671782e+00	2.563840e+00	2.480512e+00	2.399268e+00	2.379103e+00
2.362255e+00	2.360149e+00	2.358504e+00	2.358327e+00	2.358170e+00	2.358990e+00
1.192560e+01	1.133440e+01	1.077221e+01	1.026016e+01	9.788015e+00	8.919835e+00
8.152785e+00	7.475740e+00	6.873904e+00	6.334809e+00	5.846785e+00	5.403155e+00
4.998773e+00	4.628201e+00	4.285087e+00	3.964500e+00	3.664303e+00	3.381617e+00
3.114498e+00	2.862143e+00	2.623223e+00	2.508969e+00	2.396883e+00	2.309661e+00
2.225184e+00	2.204691e+00	2.189008e+00	2.187192e+00	2.185426e+00	2.185131e+00
2.185047e+00	2.185623e+00	1.203109e+01	1.141459e+01	1.083058e+01	1.030255e+01
9.817979e+00	8.927141e+00	8.145888e+00	7.455388e+00	6.842898e+00	6.294115e+00
5.796501e+00	5.343354e+00	4.929611e+00	4.549944e+00	4.198230e+00	3.870228e+00
3.563519e+00	3.274628e+00	3.001100e+00	2.741929e+00	2.495221e+00	2.376517e+00
2.260010e+00	2.169173e+00	2.080579e+00	2.059118e+00	2.043167e+00	2.041375e+00
2.039539e+00	2.039229e+00	2.039110e+00	2.039052e+00	1.212603e+01	1.148682e+01
1.088354e+01	1.034199e+01	9.847508e+00	8.939309e+00	8.144462e+00	7.446207e+00
6.827703e+00	6.273699e+00	5.771009e+00	5.312817e+00	4.893930e+00	4.508824e+00
4.151146e+00	3.816113e+00	3.501702e+00	3.205393e+00	2.924724e+00	2.657214e+00
2.400240e+00	2.275641e+00	2.153623e+00	2.058572e+00	1.964492e+00	1.941358e+00
1.923706e+00	1.921665e+00	1.919784e+00	1.919554e+00	1.919304e+00	1.918433e+00
1.220333e+01	1.154574e+01	1.092798e+01	1.037781e+01	9.877762e+00	8.959279e+00
8.156667e+00	7.456582e+00	6.836671e+00	6.281473e+00	5.777738e+00	5.318523e+00
4.898481e+00	4.511870e+00	4.152126e+00	3.810283e+00	3.485240e+00	3.178303e+00
2.886948e+00	2.606067e+00	2.332338e+00	2.202002e+00	2.072686e+00	1.970803e+00
1.869358e+00	1.843785e+00	1.823607e+00	1.821317e+00	1.819339e+00	1.819082e+00
1.818829e+00	1.817592e+00	1.226767e+01	1.159670e+01	1.096854e+01	1.041282e+01
9.909805e+00	8.986884e+00	8.184289e+00	7.480592e+00	6.857872e+00	6.300274e+00
5.794407e+00	5.333003e+00	4.910318e+00	4.520063e+00	4.154936e+00	3.807225e+00
3.475796e+00	3.161726e+00	2.862675e+00	2.571616e+00	2.284041e+00	2.145963e+00
2.007289e+00	1.896741e+00	1.786683e+00	1.758548e+00	1.735796e+00	1.733212e+00
1.731089e+00	1.730785e+00	1.730554e+00	1.729345e+00	1.230717e+01	1.163639e+01
1.100777e+01	1.045196e+01	9.948815e+00	9.022968e+00	8.218861e+00	7.512765e+00
6.888375e+00	6.329674e+00	5.823138e+00	5.360816e+00	4.936057e+00	4.541932e+00
4.170655e+00	3.818590e+00	3.485113e+00	3.168279e+00	2.865642e+00	2.570230e+00
2.274685e+00	2.118396e+00	1.960703e+00	1.836801e+00	1.714518e+00	1.683809e+00
1.658794e+00	1.655725e+00	1.653353e+00	1.653030e+00	1.652785e+00	1.652572e+00
1.233138e+01	1.166630e+01	1.104399e+01	1.049426e+01	9.995919e+00	9.073871e+00
8.271043e+00	7.565609e+00	6.942603e+00	6.386476e+00	5.883763e+00	5.425095e+00
5.001745e+00	4.606317e+00	4.233007e+00	3.877660e+00	3.538537e+00	3.213365e+00
2.898879e+00	2.589054e+00	2.273198e+00	2.104535e+00	1.929591e+00	1.789811e+00
1.652594e+00	1.619290e+00	1.592389e+00	1.588714e+00	1.585960e+00	1.585624e+00
1.585347e+00	1.586816e+00	1.234462e+01	1.168801e+01	1.107392e+01	1.053209e+01
1.004115e+01	9.128958e+00	8.331459e+00	7.629049e+00	7.008255e+00	6.454496e+00
5.954931e+00	5.499540e+00	5.078448e+00	4.683512e+00	4.308950e+00	3.950517e+00
3.606383e+00	3.274074e+00	2.949671e+00	2.626150e+00	2.287316e+00	2.111303e+00
1.924570e+00	1.754707e+00	1.598040e+00	1.562500e+00	1.535231e+00	1.530802e+00
1.527209e+00	1.526850e+00	1.526463e+00	1.530093e+00	1.235407e+01	1.170545e+01
1.109976e+01	1.056692e+01	1.008541e+01	9.188701e+00	8.401112e+00	7.704906e+00
7.087933e+00	6.537023e+00	6.040555e+00	5.588639e+00	5.171159e+00	4.779234e+00
4.405683e+00	4.045399e+00	3.697053e+00	3.358946e+00	3.027100e+00	2.692023e+00
2.332429e+00	2.135463e+00	1.922263e+00	1.726291e+00	1.549042e+00	1.511333e+00
1.484360e+00	1.479201e+00	1.474581e+00	1.474169e+00	1.473683e+00	1.479574e+00
1.235601e+01	1.170965e+01	1.111033e+01	1.059018e+01	1.012198e+01	9.247247e+00
8.474779e+00	7.788239e+00	7.176988e+00	6.629452e+00	6.135335e+00	5.685495e+00
5.270492e+00	4.881466e+00	4.510150e+00	4.150430e+00	3.800540e+00	3.458259e+00
3.118578e+00	2.769339e+00	2.385386e+00	2.167131e+00	1.924161e+00	1.716850e+00
1.507704e+00	1.465659e+00	1.438912e+00	1.434008e+00	1.428038e+00	1.427218e+00
1.427200e+00	1.434479e+00	1.235161e+01	1.170729e+01	1.111345e+01	1.060367e+01
1.014996e+01	9.303894e+00	8.554534e+00	7.883800e+00	7.281791e+00	6.738407e+00
6.244826e+00	5.794063e+00	5.379208e+00	4.992724e+00	4.625809e+00	4.271351e+00
3.925725e+00	3.583556e+00	3.236300e+00	2.868493e+00	2.455471e+00	2.219299e+00
1.951844e+00	1.714956e+00	1.473634e+00	1.425437e+00	1.398910e+00	1.395271e+00
1.387660e+00	1.386066e+00	1.387084e+00	1.394919e+00	1.233884e+01	1.170088e+01
1.111538e+01	1.061980e+01	1.018148e+01	9.362190e+00	8.632830e+00	7.976341e+00
7.383970e+00	6.846910e+00	6.357541e+00	5.909892e+00	5.498157e+00	5.115437e+00
4.752709e+00	4.402304e+00	4.059563e+00	3.717271e+00	3.364439e+00	2.982035e+00
2.541897e+00	2.285637e+00	1.989337e+00	1.719202e+00	1.446807e+00	1.391535e+00
1.364267e+00	1.361091e+00	1.351952e+00	1.349864e+00	1.351655e+00	1.359649e+00
1.231108e+01	1.168617e+01	1.111575e+01	1.063575e+01	1.021409e+01	9.420122e+00
8.708772e+00	8.065735e+00	7.483660e+00	6.954936e+00	6.473006e+00	6.032120e+00
5.626372e+00	5.248787e+00	4.890326e+00	4.543179e+00	4.202402e+00	3.860135e+00
3.503970e+00	3.111406e+00	2.647317e+00	2.369425e+00	2.040636e+00	1.737410e+00
1.427129e+00	1.363610e+00	1.334386e+00	1.331130e+00	1.320544e+00	1.318124e+00
1.320440e+00	1.328062e+00	1.227911e+01	1.166543e+01	1.110844e+01	1.064580e+01
1.024141e+01	9.473503e+00	8.781936e+00	8.154058e+00	7.583785e+00	7.064634e+00
6.590973e+00	6.157453e+00	5.758376e+00	5.386877e+00	5.033931e+00	4.691604e+00
4.354521e+00	4.014036e+00	3.656058e+00	3.254523e+00	2.767433e+00	2.468198e+00
2.106461e+00	1.767728e+00	1.416012e+00	1.341683e+00	1.308539e+00	1.305083e+00
1.293048e+00	1.290254e+00	1.292950e+00	1.299473e+00	1.223583e+01	1.163572e+01
1.109548e+01	1.065211e+01	1.026587e+01	9.525200e+00	8.854678e+00	8.242968e+00
7.685314e+00	7.176385e+00	6.711614e+00	6.286081e+00	5.894336e+00	5.529743e+00
5.183461e+00	4.847463e+00	4.515855e+00	4.178906e+00	3.820569e+00	3.411076e+00
2.901621e+00	2.581467e+00	2.187384e+00	1.812067e+00	1.414368e+00	1.324735e+00
1.286179e+00	1.282572e+00	1.269144e+00	1.265698e+00	1.269444e+00	1.274474e+00
1.222194e+01	1.162618e+01	1.109183e+01	1.066123e+01	1.028986e+01	9.570883e+00
8.919055e+00	8.323571e+00	7.780151e+00	7.283864e+00	6.830552e+00	6.415471e+00
6.033243e+00	5.677202e+00	5.338286e+00	5.008324e+00	4.681572e+00	4.348472e+00
3.992454e+00	3.581011e+00	3.056083e+00	2.714835e+00	2.281280e+00	1.861884e+00
1.415586e+00	1.316987e+00	1.268057e+00	1.262736e+00	1.247987e+00	1.245208e+00
1.247118e+00	1.251993e+00	1.222178e+01	1.162620e+01	1.109575e+01	1.067335e+01
1.031208e+01	9.609286e+00	8.973485e+00	8.393871e+00	7.866011e+00	7.384734e+00
6.945576e+00	6.543656e+00	6.173421e+00	5.827797e+00	5.496950e+00	5.172467e+00
4.849594e+00	4.520539e+00	4.170123e+00	3.764871e+00	3.235531e+00	2.874320e+00
2.391972e+00	1.918007e+00	1.430057e+00	1.314772e+00	1.254093e+00	1.245729e+00
1.229702e+00	1.228661e+00	1.226140e+00	1.232153e+00	1.219744e+01	1.160810e+01
1.108497e+01	1.067153e+01	1.032508e+01	9.645053e+00	9.028672e+00	8.466246e+00
7.953752e+00	7.486294e+00	7.059650e+00	6.669181e+00	6.309564e+00	5.973866e+00
5.652329e+00	5.336532e+00	5.021719e+00	4.700030e+00	4.355627e+00	3.952442e+00
3.413241e+00	3.035539e+00	2.519626e+00	2.002218e+00	1.454639e+00	1.318501e+00
1.241377e+00	1.231243e+00	1.213799e+00	1.212722e+00	1.209545e+00	1.214686e+00
1.214995e+01	1.157240e+01	1.106346e+01	1.066751e+01	1.033502e+01	9.678364e+00
9.082238e+00	8.537384e+00	8.040232e+00	7.586327e+00	7.171861e+00	6.792559e+00
6.443462e+00	6.117974e+00	5.806715e+00	5.501390e+00	5.196958e+00	4.884838e+00
4.547695e+00	4.146186e+00	3.596418e+00	3.204356e+00	2.662311e+00	2.108418e+00
1.490146e+00	1.327427e+00	1.230170e+00	1.218336e+00	1.199426e+00	1.197779e+00
1.194985e+00	1.198797e+00	1.211155e+01	1.154313e+01	1.104494e+01	1.066241e+01
1.034204e+01	9.706901e+00	9.129525e+00	8.601476e+00	8.119445e+00	7.679311e+00
7.277502e+00	6.910034e+00	6.572238e+00	6.257825e+00	5.957693e+00	5.663675e+00
5.370646e+00	5.069668e+00	4.742199e+00	4.345572e+00	3.789219e+00	3.385154e+00
2.818930e+00	2.227603e+00	1.533249e+00	1.340485e+00	1.221596e+00	1.207301e+00
1.186675e+00	1.184550e+00	1.181932e+00	1.184693e+00	1.207634e+01	1.151607e+01
1.102715e+01	1.065560e+01	1.034720e+01	9.731722e+00	9.171709e+00	8.659469e+00
8.191862e+00	7.765117e+00	7.375881e+00	7.020441e+00	6.694375e+00	6.391708e+00
6.103576e+00	5.821936e+00	5.541649e+00	5.253520e+00	4.937930e+00	4.549084e+00
3.990550e+00	3.578185e+00	2.993221e+00	2.367424e+00	1.591039e+00	1.365126e+00
1.215491e+00	1.198031e+00	1.175691e+00	1.173133e+00	1.170557e+00	1.172474e+00
1.203057e+01	1.148320e+01	1.100767e+01	1.065142e+01	1.035561e+01	9.761861e+00
9.218873e+00	8.720345e+00	8.264094e+00	7.847578e+00	7.468585e+00	7.123854e+00
6.809209e+00	6.518939e+00	6.244429e+00	5.977537e+00	5.712441e+00	5.438355e+00
5.134197e+00	4.753703e+00	4.197478e+00	3.780648e+00	3.180861e+00	2.520999e+00
1.659718e+00	1.401120e+00	1.214109e+00	1.188811e+00	1.167020e+00	1.164355e+00
1.160876e+00	1.162337e+00	1.198066e+01	1.144859e+01	1.098834e+01	1.064822e+01
1.036656e+01	9.794671e+00	9.267973e+00	8.781698e+00	8.335051e+00	7.927123e+00
7.557229e+00	7.222604e+00	6.919308e+00	6.641898e+00	6.382052e+00	6.131465e+00
5.883316e+00	5.624467e+00	5.332126e+00	4.961185e+00	4.411326e+00	3.993499e+00
3.382914e+00	2.690057e+00	1.740653e+00	1.450959e+00	1.213384e+00	1.180299e+00
1.159606e+00	1.156943e+00	1.152234e+00	1.153448e+00	1.195632e+01	1.143216e+01
1.098098e+01	1.064800e+01	1.037755e+01	9.822382e+00	9.309273e+00	8.834619e+00
8.398263e+00	8.000105e+00	7.640294e+00	7.316427e+00	7.024797e+00	6.760186e+00
6.514478e+00	6.279350e+00	6.047507e+00	5.804525e+00	5.526676e+00	5.169663e+00
4.631791e+00	4.215941e+00	3.597114e+00	2.873038e+00	1.832217e+00	1.506011e+00
1.214135e+00	1.178042e+00	1.152967e+00	1.150190e+00	1.144041e+00	1.145790e+00
1.194752e+01	1.142650e+01	1.097948e+01	1.065325e+01	1.038892e+01	9.844874e+00
9.342485e+00	8.878498e+00	8.452853e+00	8.065556e+00	7.716835e+00	7.404417e+00
7.124732e+00	6.872658e+00	6.640085e+00	6.418799e+00	6.201788e+00	5.974887e+00
5.714681e+00	5.377277e+00	4.858795e+00	4.448519e+00	3.824005e+00	3.071630e+00
1.939418e+00	1.569036e+00	1.224092e+00	1.178031e+00	1.147076e+00	1.144182e+00
1.136062e+00	1.139403e+00	1.194182e+01	1.142226e+01	1.097758e+01	1.065517e+01
1.039532e+01	9.860137e+00	9.367383e+00	8.913730e+00	8.498788e+00	8.122193e+00
7.783828e+00	7.481726e+00	7.212869e+00	6.972870e+00	6.754572e+00	6.550183e+00
6.351596e+00	6.142086e+00	5.896449e+00	5.572973e+00	5.071975e+00	4.674290e+00
4.063789e+00	3.300604e+00	2.062224e+00	1.634116e+00	1.234581e+00	1.179358e+00
1.142615e+00	1.138039e+00	1.132160e+00	1.133708e+00	1.193603e+01	1.141771e+01
1.097491e+01	1.065570e+01	1.039931e+01	9.871476e+00	9.387134e+00	8.942842e+00
8.537812e+00	8.171181e+00	7.842389e+00	7.549758e+00	7.290906e+00	7.062307e+00
6.858035e+00	6.670926e+00	6.491826e+00	6.301183e+00	6.071277e+00	5.761523e+00
5.277624e+00	4.895490e+00	4.309641e+00	3.549783e+00	2.203118e+00	1.706828e+00
1.246588e+00	1.183900e+00	1.139154e+00	1.132427e+00	1.129411e+00	1.128601e+00
1.192652e+01	1.141173e+01	1.097216e+01	1.065628e+01	1.040376e+01	9.883254e+00
9.406405e+00	8.970080e+00	8.573438e+00	8.215493e+00	7.895666e+00	7.612359e+00
7.363421e+00	7.145506e+00	6.952989e+00	6.779107e+00	6.615743e+00	6.444825e+00
6.239040e+00	5.954314e+00	5.493073e+00	5.122530e+00	4.549146e+00	3.787251e+00
2.360733e+00	1.801955e+00	1.263923e+00	1.188956e+00	1.136282e+00	1.128845e+00
1.124591e+00	1.124116e+00	1.192432e+01	1.141353e+01	1.097740e+01	1.066457e+01
1.041507e+01	9.900618e+00	9.429876e+00	9.000109e+00	8.610522e+00	8.260199e+00
7.948600e+00	7.674216e+00	7.434942e+00	7.227440e+00	7.045918e+00	6.883862e+00
6.734113e+00	6.580279e+00	6.396604e+00	6.139060e+00	5.709899e+00	5.356741e+00
4.798064e+00	4.031490e+00	2.529066e+00	1.914989e+00	1.288701e+00	1.197133e+00
1.134028e+00	1.127976e+00	1.119658e+00	1.120951e+00	1.192216e+01	1.141548e+01
1.098347e+01	1.067385e+01	1.042652e+01	9.917237e+00	9.451892e+00	9.027985e+00
8.644704e+00	8.301115e+00	7.996682e+00	7.730031e+00	7.499213e+00	7.301080e+00
7.130004e+00	6.979862e+00	6.844222e+00	6.707844e+00	6.546174e+00	6.315752e+00
5.919910e+00	5.586305e+00	5.047202e+00	4.283829e+00	2.713170e+00	2.040094e+00
1.317764e+00	1.208249e+00	1.133431e+00	1.127038e+00	1.115504e+00	1.118155e+00
1.191915e+01	1.141664e+01	1.098812e+01	1.068101e+01	1.043581e+01	9.931233e+00
9.470779e+00	9.052117e+00	8.674366e+00	8.336486e+00	8.037907e+00	7.777459e+00
7.553493e+00	7.363277e+00	7.201802e+00	7.063558e+00	6.942655e+00	6.824371e+00
6.684647e+00	6.480361e+00	6.116540e+00	5.803261e+00	5.288776e+00	4.540584e+00
2.916446e+00	2.177564e+00	1.351610e+00	1.224096e+00	1.133683e+00	1.125803e+00
1.112673e+00	1.115633e+00	1.191444e+01	1.141621e+01	1.099179e+01	1.068725e+01
1.044413e+01	9.944009e+00	9.487989e+00	9.073835e+00	8.700611e+00	8.367297e+00
8.073363e+00	7.817868e+00	7.599465e+00	7.415886e+00	7.262730e+00	7.135209e+00
7.028237e+00	6.928192e+00	6.811756e+00	6.634875e+00	6.303068e+00	6.009410e+00
5.518570e+00	4.792038e+00	3.138574e+00	2.331834e+00	1.390274e+00	1.243241e+00
1.135366e+00	1.124933e+00	1.112056e+00	1.113481e+00	1.190794e+01	1.141510e+01
1.099494e+01	1.069300e+01	1.045176e+01	9.955757e+00	9.503740e+00	9.093584e+00
8.724325e+00	8.395021e+00	8.105200e+00	7.854135e+00	7.640742e+00	7.463191e+00
7.317681e+00	7.200152e+00	7.106361e+00	7.023893e+00	6.930473e+00	6.781704e+00
6.483565e+00	6.210219e+00	5.743759e+00	5.043392e+00	3.377346e+00	2.501232e+00
1.433905e+00	1.265888e+00	1.138640e+00	1.124303e+00	1.111626e+00	1.111521e+00
1.189831e+01	1.141265e+01	1.099735e+01	1.069825e+01	1.045838e+01	9.965829e+00
9.516935e+00	9.109939e+00	8.743956e+00	8.418184e+00	8.132245e+00	7.885521e+00
7.677015e+00	7.505172e+00	7.366747e+00	7.258257e+00	7.175941e+00	7.107902e+00
7.033589e+00	6.913177e+00	6.654987e+00	6.404445e+00	5.962841e+00	5.289162e+00
3.625751e+00	2.683538e+00	1.485013e+00	1.293677e+00	1.142299e+00	1.124712e+00
1.110252e+00	1.109664e+00	1.188322e+01	1.140720e+01	1.099930e+01	1.070308e+01
1.046402e+01	9.974232e+00	9.527732e+00	9.123227e+00	8.759939e+00	8.437225e+00
8.154807e+00	7.912120e+00	7.708145e+00	7.541465e+00	7.409284e+00	7.308568e+00
7.235932e+00	7.179871e+00	7.121962e+00	7.029235e+00	6.813968e+00	6.587775e+00
6.171804e+00	5.525684e+00	3.881187e+00	2.880920e+00	1.547262e+00	1.329547e+00
1.147225e+00	1.127142e+00	1.107536e+00	1.108001e+00	1.186905e+01	1.140380e+01
1.100318e+01	1.070882e+01	1.046901e+01	9.980607e+00	9.536082e+00	9.134052e+00
8.773598e+00	8.454013e+00	8.174931e+00	7.935791e+00	7.735636e+00	7.573029e+00
7.445032e+00	7.349037e+00	7.283590e+00	7.241002e+00	7.205297e+00	7.139576e+00
6.955601e+00	6.752252e+00	6.370903e+00	5.759023e+00	4.129492e+00	3.096132e+00
1.621390e+00	1.370691e+00	1.153927e+00	1.129813e+00	1.106596e+00	1.106958e+00
1.185452e+01	1.140104e+01	1.100858e+01	1.071507e+01	1.047357e+01	9.985956e+00
9.543145e+00	9.143451e+00	8.785752e+00	8.469202e+00	8.193264e+00	7.957358e+00
7.760611e+00	7.601503e+00	7.476730e+00	7.384126e+00	7.324651e+00	7.295544e+00
7.283939e+00	7.244610e+00	7.086717e+00	6.905646e+00	6.563564e+00	5.990432e+00
4.377584e+00	3.328993e+00	1.707726e+00	1.417830e+00	1.162616e+00	1.133075e+00
1.106023e+00	1.106160e+00	1.183649e+01	1.139665e+01	1.101245e+01	1.072070e+01
1.047768e+01	9.991075e+00	9.549786e+00	9.152006e+00	8.796509e+00	8.482391e+00
8.209039e+00	7.975896e+00	7.782172e+00	7.626345e+00	7.504964e+00	7.416242e+00
7.362637e+00	7.344515e+00	7.351485e+00	7.335774e+00	7.207437e+00	7.049294e+00
6.742820e+00	6.209551e+00	4.634845e+00	3.569712e+00	1.803541e+00	1.472361e+00
1.172991e+00	1.137077e+00	1.105906e+00	1.105250e+00	1.181194e+01	1.138795e+01
1.101509e+01	1.072561e+01	1.048119e+01	9.995793e+00	9.555798e+00	9.159485e+00
8.805644e+00	8.493395e+00	8.222118e+00	7.991295e+00	7.800188e+00	7.647334e+00
7.529334e+00	7.444799e+00	7.396806e+00	7.387085e+00	7.407636e+00	7.412899e+00
7.316193e+00	7.180602e+00	6.904355e+00	6.411165e+00	4.900612e+00	3.814708e+00
1.912325e+00	1.538789e+00	1.186512e+00	1.142515e+00	1.106078e+00	1.104134e+00
1.177669e+01	1.137288e+01	1.101442e+01	1.073001e+01	1.048592e+01	1.000308e+01
9.564225e+00	9.168655e+00	8.815406e+00	8.503814e+00	8.233480e+00	8.004046e+00
7.815058e+00	7.665433e+00	7.552481e+00	7.474884e+00	7.434226e+00	7.428830e+00
7.449828e+00	7.465973e+00	7.410014e+00	7.305422e+00	7.060302e+00	6.600445e+00
5.162649e+00	4.068454e+00	2.033813e+00	1.614430e+00	1.202547e+00	1.149321e+00
1.106307e+00	1.103603e+00	1.174166e+01	1.135784e+01	1.101314e+01	1.073461e+01
1.049152e+01	1.001163e+01	9.573691e+00	9.178377e+00	8.825183e+00	8.513742e+00
8.243938e+00	8.015553e+00	7.828369e+00	7.681698e+00	7.573676e+00	7.503027e+00
7.469465e+00	7.466898e+00	7.485584e+00	7.509594e+00	7.492078e+00	7.419055e+00
7.206671e+00	6.779364e+00	5.416492e+00	4.329009e+00	2.171224e+00	1.700995e+00
1.221818e+00	1.157759e+00	1.106815e+00	1.103330e+00	1.172487e+01	1.135293e+01
1.101654e+01	1.073928e+01	1.049527e+01	1.001612e+01	9.579252e+00	9.184931e+00
8.832737e+00	8.522389e+00	8.253900e+00	8.027097e+00	7.841670e+00	7.696926e+00
7.591084e+00	7.523125e+00	7.493297e+00	7.496393e+00	7.524183e+00	7.561772e+00
7.566868e+00	7.514286e+00	7.336241e+00	6.951615e+00	5.658186e+00	4.592119e+00
2.328051e+00	1.799132e+00	1.244697e+00	1.167518e+00	1.108747e+00	1.103075e+00
1.170480e+01	1.134329e+01	1.101386e+01	1.073859e+01	1.049362e+01	1.001582e+01
9.580013e+00	9.186735e+00	8.835574e+00	8.526294e+00	8.259020e+00	8.033575e+00
7.849684e+00	7.706698e+00	7.602930e+00	7.537532e+00	7.511075e+00	7.518941e+00
7.553860e+00	7.602804e+00	7.628678e+00	7.595139e+00	7.450032e+00	7.108011e+00
5.888397e+00	4.851707e+00	2.502588e+00	1.909415e+00	1.271011e+00	1.178663e+00
1.110868e+00	1.102698e+00	1.168792e+01	1.133549e+01	1.101271e+01	1.073851e+01
1.049302e+01	1.001593e+01	9.581201e+00	9.188930e+00	8.838716e+00	8.530408e+00
8.264187e+00	8.039902e+00	7.857317e+00	7.715849e+00	7.613905e+00	7.550760e+00
7.527278e+00	7.539321e+00	7.580495e+00	7.639472e+00	7.683798e+00	7.667517e+00
7.553822e+00	7.254273e+00	6.111241e+00	5.110749e+00	2.693612e+00	2.032024e+00
1.301334e+00	1.191883e+00	1.113567e+00	1.102262e+00	1.167550e+01	1.133093e+01
1.101325e+01	1.074056e+01	1.049435e+01	1.001803e+01	9.584132e+00	9.192629e+00
8.843181e+00	8.535677e+00	8.270267e+00	8.046871e+00	7.865309e+00	7.725072e+00
7.624670e+00	7.563433e+00	7.542491e+00	7.558055e+00	7.604517e+00	7.672062e+00
7.732209e+00	7.731000e+00	7.646302e+00	7.387989e+00	6.322830e+00	5.364700e+00
2.901858e+00	2.169763e+00	1.337746e+00	1.208655e+00	1.117349e+00	1.101875e+00
1.166628e+01	1.132893e+01	1.101572e+01	1.074421e+01	1.049732e+01	1.002149e+01
9.588249e+00	9.197394e+00	8.848592e+00	8.541709e+00	8.276878e+00	8.054124e+00
7.873419e+00	7.734341e+00	7.635298e+00	7.575579e+00	7.556647e+00	7.575213e+00
7.626409e+00	7.701444e+00	7.774336e+00	7.785667e+00	7.728560e+00	7.512109e+00
6.521068e+00	5.607809e+00	3.127934e+00	2.324858e+00	1.380653e+00	1.229221e+00
1.122036e+00	1.101937e+00	1.165819e+01	1.132737e+01	1.101912e+01	1.074844e+01
1.050089e+01	1.002539e+01	9.592544e+00	9.202191e+00	8.853936e+00	8.547591e+00
8.283269e+00	8.061064e+00	7.881063e+00	7.742922e+00	7.645045e+00	7.586749e+00
7.569711e+00	7.590957e+00	7.646186e+00	7.727891e+00	7.812797e+00	7.835736e+00
7.803297e+00	7.625441e+00	6.713610e+00	5.850952e+00	3.368042e+00	2.493960e+00
1.429600e+00	1.253604e+00	1.127856e+00	1.102031e+00	1.164964e+01	1.132497e+01
1.102042e+01	1.075068e+01	1.050246e+01	1.002743e+01	9.594917e+00	9.205021e+00
8.857299e+00	8.551594e+00	8.288019e+00	8.066511e+00	7.886908e+00	7.748965e+00
7.651806e+00	7.595250e+00	7.580625e+00	7.604164e+00	7.661462e+00	7.748357e+00
7.847950e+00	7.883374e+00	7.865172e+00	7.710370e+00	6.904908e+00	6.110944e+00
3.605603e+00	2.667545e+00	1.486249e+00	1.284155e+00	1.136592e+00	1.102038e+00
1.164092e+01	1.132156e+01	1.102090e+01	1.075187e+01	1.050315e+01	1.002849e+01
9.596235e+00	9.206693e+00	8.859405e+00	8.554266e+00	8.291415e+00	8.070587e+00
7.891244e+00	7.753229e+00	7.656553e+00	7.601654e+00	7.589429e+00	7.614889e+00
7.673217e+00	7.764195e+00	7.878608e+00	7.926080e+00	7.915693e+00	7.775298e+00
7.088214e+00	6.376008e+00	3.841336e+00	2.848174e+00	1.553813e+00	1.323813e+00
1.149319e+00	1.101987e+00	1.163097e+01	1.131724e+01	1.102050e+01	1.075206e+01
1.050315e+01	1.002866e+01	9.596673e+00	9.207387e+00	8.860384e+00	8.555501e+00
8.292772e+00	8.072189e+00	7.893520e+00	7.756553e+00	7.661184e+00	7.607200e+00
7.595918e+00	7.623264e+00	7.683245e+00	7.778365e+00	7.899383e+00	7.953136e+00
7.961992e+00	7.853575e+00	7.236118e+00	6.573267e+00	4.109801e+00	3.061090e+00
1.628494e+00	1.364844e+00	1.157754e+00	1.101861e+00	1.162101e+01	1.131258e+01
1.101950e+01	1.075213e+01	1.050301e+01	1.002873e+01	9.596936e+00	9.207838e+00
8.861045e+00	8.556334e+00	8.293619e+00	8.073167e+00	7.895101e+00	7.759335e+00
7.665406e+00	7.611999e+00	7.601180e+00	7.630226e+00	7.692242e+00	7.791510e+00
7.915889e+00	7.973906e+00	8.004464e+00	7.936755e+00	7.366337e+00	6.740420e+00
4.403823e+00	3.302175e+00	1.711303e+00	1.408884e+00	1.164670e+00	1.101627e+00
1.161912e+01	1.131182e+01	1.101942e+01	1.075220e+01	1.050251e+01	1.002818e+01
9.596428e+00	9.207480e+00	8.860902e+00	8.556422e+00	8.294224e+00	8.074296e+00
7.896818e+00	7.761554e+00	7.666794e+00	7.612841e+00	7.601835e+00	7.631975e+00
7.702739e+00	7.808142e+00	7.933001e+00	7.992444e+00	8.035936e+00	7.999408e+00
7.494474e+00	6.908791e+00	4.688765e+00	3.548405e+00	1.805010e+00	1.461227e+00
1.173905e+00	1.101390e+00	1.162615e+01	1.131680e+01	1.102202e+01	1.075226e+01
1.049986e+01	1.002331e+01	9.591544e+00	9.203514e+00	8.858348e+00	8.555502e+00
8.294596e+00	8.075616e+00	7.898689e+00	7.763148e+00	7.666953e+00	7.609439e+00
7.596061e+00	7.631796e+00	7.715907e+00	7.831655e+00	7.951197e+00	8.008542e+00
8.056958e+00	8.041720e+00	7.620713e+00	7.078768e+00	4.954170e+00	3.794214e+00
1.914386e+00	1.527532e+00	1.187679e+00	1.101135e+00	1.162712e+01	1.131923e+01
1.102517e+01	1.075396e+01	1.050086e+01	1.002389e+01	9.592079e+00	9.204221e+00
8.859333e+00	8.556826e+00	8.296550e+00	8.078326e+00	7.901781e+00	7.766196e+00
7.668984e+00	7.610756e+00	7.597158e+00	7.634354e+00	7.725466e+00	7.845475e+00
7.966295e+00	8.025549e+00	8.081116e+00	8.083946e+00	7.730234e+00	7.239836e+00
5.218739e+00	4.045817e+00	2.041677e+00	1.603601e+00	1.203906e+00	1.101219e+00
1.162520e+01	1.131976e+01	1.102699e+01	1.075670e+01	1.050331e+01	1.002644e+01
9.594749e+00	9.206992e+00	8.862225e+00	8.559871e+00	8.299596e+00	8.081325e+00
7.904899e+00	7.769642e+00	7.673153e+00	7.615519e+00	7.602656e+00	7.640907e+00
7.731908e+00	7.853507e+00	7.978154e+00	8.041531e+00	8.105553e+00	8.123445e+00
7.824168e+00	7.388082e+00	5.478143e+00	4.301472e+00	2.188327e+00	1.691978e+00
1.222984e+00	1.101416e+00	1.162045e+01	1.131742e+01	1.102660e+01	1.075675e+01
1.050323e+01	1.002651e+01	9.595022e+00	9.207380e+00	8.862717e+00	8.560393e+00
8.300207e+00	8.082056e+00	7.905790e+00	7.770740e+00	7.674744e+00	7.617634e+00
7.605362e+00	7.644193e+00	7.735368e+00	7.858246e+00	7.986334e+00	8.053595e+00
8.124289e+00	8.154781e+00	7.906108e+00	7.518693e+00	5.725307e+00	4.559369e+00
2.349341e+00	1.795271e+00	1.244876e+00	1.101342e+00	1.160125e+01	1.130556e+01
1.102074e+01	1.075438e+01	1.050281e+01	1.002827e+01	9.597251e+00	9.209160e+00
8.863606e+00	8.560472e+00	8.299611e+00	8.081113e+00	7.904894e+00	7.770603e+00
7.676905e+00	7.623794e+00	7.614578e+00	7.650236e+00	7.730263e+00	7.847244e+00
7.989378e+00	8.066171e+00	8.142982e+00	8.181646e+00	7.980962e+00	7.629839e+00
5.961143e+00	4.821925e+00	2.525519e+00	1.914962e+00	1.271495e+00	1.101136e+00
1.159339e+01	1.130088e+01	1.101839e+01	1.075350e+01	1.050278e+01	1.002984e+01
9.598965e+00	9.210694e+00	8.864684e+00	8.560789e+00	8.299588e+00	8.080948e+00
7.904710e+00	7.770674e+00	7.678322e+00	7.627612e+00	7.620848e+00	7.655321e+00
7.728385e+00	7.842652e+00	7.993294e+00	8.078532e+00	8.160648e+00	8.199937e+00
8.036246e+00	7.748212e+00	6.189554e+00	5.070561e+00	2.715217e+00	2.054042e+00
1.300156e+00	1.101064e+00	1.159318e+01	1.130197e+01	1.102026e+01	1.075535e+01
1.050424e+01	1.003063e+01	9.599682e+00	9.211569e+00	8.865958e+00	8.562688e+00
8.301920e+00	8.083412e+00	7.906787e+00	7.771932e+00	7.679019e+00	7.628888e+00
7.623268e+00	7.658709e+00	7.732311e+00	7.845855e+00	8.000160e+00	8.090533e+00
8.177025e+00	8.210917e+00	8.072832e+00	7.883076e+00	6.408838e+00	5.296392e+00
2.918535e+00	2.218942e+00	1.330363e+00	1.101106e+00	