6.800797e-02	6.891860e-02	6.998307e-02	7.131428e-02	7.289342e-02	7.664650e-02
8.106419e-02	8.591230e-02	9.118090e-02	9.692880e-02	1.032027e-01	1.101948e-01
1.182806e-01	1.276863e-01	1.382145e-01	1.495737e-01	1.615371e-01	1.735869e-01
1.848421e-01	1.939992e-01	2.016105e-01	2.058998e-01	2.087447e-01	2.093073e-01
2.103402e-01	2.105689e-01	2.105631e-01	2.105930e-01	2.106293e-01	2.105761e-01
2.106040e-01	2.161528e-01	7.862727e-02	7.972578e-02	8.099214e-02	8.255014e-02
8.437962e-02	8.869093e-02	9.373191e-02	9.924735e-02	1.052259e-01	1.117308e-01
1.188126e-01	1.266782e-01	1.357309e-01	1.462120e-01	1.579078e-01	1.705019e-01
1.837352e-01	1.970171e-01	2.093677e-01	2.194036e-01	2.277177e-01	2.323541e-01
2.354615e-01	2.361369e-01	2.372931e-01	2.375494e-01	2.375561e-01	2.375889e-01
2.376282e-01	2.375727e-01	2.376021e-01	2.434031e-01	9.090474e-02	9.222764e-02
9.373306e-02	9.555625e-02	9.767574e-02	1.026281e-01	1.083792e-01	1.146522e-01
1.214343e-01	1.287932e-01	1.367836e-01	1.456272e-01	1.557558e-01	1.674256e-01
1.804070e-01	1.943584e-01	2.089837e-01	2.236098e-01	2.371474e-01	2.481347e-01
2.572055e-01	2.622074e-01	2.655976e-01	2.664057e-01	2.676998e-01	2.679869e-01
2.680095e-01	2.680455e-01	2.680879e-01	2.680304e-01	2.680612e-01	2.740889e-01
1.050993e-01	1.066899e-01	1.084783e-01	1.106115e-01	1.130670e-01	1.187553e-01
1.253153e-01	1.324482e-01	1.401393e-01	1.484612e-01	1.574728e-01	1.674107e-01
1.787350e-01	1.917169e-01	2.061119e-01	2.215530e-01	2.377018e-01	2.537920e-01
2.686131e-01	2.806281e-01	2.905118e-01	2.958963e-01	2.995908e-01	3.005543e-01
3.020028e-01	3.023245e-01	3.023669e-01	3.024063e-01	3.024519e-01	3.023929e-01
3.024250e-01	3.086432e-01	1.215104e-01	1.234201e-01	1.255430e-01	1.280388e-01
1.308836e-01	1.374168e-01	1.448981e-01	1.530064e-01	1.617255e-01	1.711328e-01
1.812913e-01	1.924527e-01	2.051044e-01	2.195327e-01	2.354794e-01	2.525525e-01
2.703663e-01	2.880480e-01	3.042537e-01	3.173765e-01	3.281311e-01	3.339136e-01
3.379347e-01	3.390802e-01	3.407014e-01	3.410618e-01	3.411287e-01	3.411718e-01
3.412207e-01	3.411608e-01	3.411940e-01	3.475537e-01	1.404839e-01	1.427737e-01
1.452923e-01	1.482119e-01	1.515076e-01	1.590109e-01	1.675410e-01	1.767556e-01
1.866368e-01	1.972665e-01	2.087125e-01	2.212405e-01	2.353642e-01	2.513842e-01
2.690312e-01	2.878895e-01	3.075194e-01	3.269277e-01	3.446233e-01	3.589372e-01
3.706217e-01	3.768154e-01	3.811861e-01	3.825445e-01	3.843588e-01	3.847625e-01
3.848595e-01	3.849067e-01	3.849591e-01	3.848989e-01	3.849329e-01	3.913697e-01
1.624202e-01	1.651621e-01	1.681483e-01	1.715633e-01	1.753814e-01	1.839982e-01
1.937222e-01	2.041911e-01	2.153852e-01	2.273910e-01	2.402813e-01	2.543346e-01
2.700884e-01	2.878570e-01	3.073636e-01	3.281708e-01	3.497781e-01	3.710554e-01
3.903493e-01	4.059403e-01	4.186146e-01	4.252293e-01	4.299732e-01	4.315802e-01
4.336104e-01	4.340627e-01	4.341964e-01	4.342479e-01	4.343038e-01	4.342444e-01
4.342789e-01	4.407095e-01	1.877817e-01	1.910613e-01	1.945998e-01	1.985938e-01
2.030171e-01	2.129122e-01	2.239948e-01	2.358850e-01	2.485619e-01	2.621159e-01
2.766250e-01	2.923790e-01	3.099355e-01	3.296215e-01	3.511577e-01	3.740883e-01
3.978439e-01	4.211392e-01	4.421424e-01	4.590985e-01	4.728223e-01	4.798635e-01
4.850044e-01	4.869014e-01	4.891731e-01	4.896798e-01	4.898580e-01	4.899142e-01
4.899737e-01	4.899161e-01	4.899507e-01	4.962695e-01	2.171035e-01	2.210218e-01
2.252124e-01	2.298830e-01	2.350076e-01	2.463698e-01	2.589979e-01	2.724983e-01
2.868489e-01	3.021437e-01	3.184659e-01	3.361142e-01	3.556613e-01	3.774455e-01
4.011917e-01	4.264305e-01	4.525148e-01	4.779832e-01	5.008077e-01	5.192178e-01
5.340494e-01	5.415173e-01	5.470789e-01	5.493139e-01	5.518557e-01	5.524232e-01
5.526551e-01	5.527164e-01	5.527795e-01	5.527252e-01	5.527593e-01	5.588341e-01
2.510037e-01	2.556804e-01	2.606407e-01	2.661020e-01	2.720389e-01	2.850850e-01
2.994709e-01	3.147947e-01	3.310334e-01	3.482841e-01	3.666354e-01	3.863915e-01
4.081333e-01	4.322083e-01	4.583548e-01	4.860963e-01	5.146985e-01	5.424999e-01
5.672568e-01	5.872098e-01	6.032051e-01	6.110924e-01	6.170982e-01	6.197265e-01
6.225703e-01	6.232061e-01	6.235025e-01	6.235693e-01	6.236359e-01	6.235866e-01
6.236196e-01	6.292861e-01	2.901974e-01	2.957739e-01	3.016422e-01	3.080275e-01
3.149055e-01	3.298840e-01	3.462686e-01	3.636562e-01	3.820239e-01	4.014706e-01
4.220908e-01	4.441895e-01	4.683467e-01	4.949164e-01	5.236626e-01	5.541106e-01
5.854273e-01	6.157247e-01	6.425227e-01	6.641053e-01	6.813159e-01	6.896066e-01
6.960790e-01	6.991648e-01	7.023463e-01	7.030584e-01	7.034321e-01	7.035047e-01
7.035747e-01	7.035327e-01	7.035637e-01	7.086199e-01	3.355110e-01	3.421545e-01
3.490937e-01	3.565585e-01	3.645268e-01	3.817228e-01	4.003792e-01	4.201018e-01
4.408686e-01	4.627792e-01	4.859340e-01	5.106331e-01	5.374435e-01	5.667226e-01
5.982756e-01	6.316414e-01	6.658755e-01	6.988332e-01	7.277752e-01	7.510704e-01
7.695415e-01	7.782086e-01	7.851685e-01	7.887858e-01	7.923448e-01	7.931423e-01
7.936083e-01	7.936871e-01	7.937602e-01	7.937282e-01	7.937562e-01	7.979553e-01
3.879004e-01	3.958080e-01	4.040098e-01	4.127357e-01	4.219671e-01	4.417077e-01
4.629455e-01	4.853087e-01	5.087774e-01	5.334502e-01	5.594339e-01	5.870157e-01
6.167345e-01	6.489471e-01	6.835198e-01	7.200203e-01	7.573788e-01	7.931595e-01
8.243393e-01	8.494237e-01	8.691916e-01	8.781942e-01	8.856602e-01	8.898947e-01
8.938757e-01	8.947688e-01	8.953445e-01	8.954300e-01	8.955060e-01	8.954871e-01
8.955108e-01	8.985533e-01	4.484702e-01	4.578750e-01	4.675648e-01	4.777639e-01
4.884587e-01	5.111188e-01	5.352889e-01	5.606368e-01	5.871465e-01	6.149134e-01
6.440510e-01	6.748238e-01	7.077235e-01	7.431014e-01	7.809098e-01	8.207651e-01
8.614562e-01	9.002176e-01	9.337159e-01	9.606563e-01	9.817458e-01	9.910262e-01
9.990137e-01	1.003964e+00	1.008417e+00	1.009417e+00	1.010123e+00	1.010215e+00
1.010294e+00	1.010292e+00	1.010310e+00	1.011834e+00	5.184978e-01	5.296747e-01
5.411177e-01	5.530376e-01	5.654276e-01	5.914374e-01	6.189373e-01	6.476572e-01
6.775871e-01	7.088169e-01	7.414668e-01	7.757667e-01	8.121365e-01	8.509163e-01
8.921762e-01	9.356060e-01	9.798358e-01	1.021726e+00	1.057605e+00	1.086455e+00
1.108875e+00	1.118355e+00	1.126875e+00	1.132655e+00	1.137635e+00	1.138755e+00
1.139615e+00	1.139715e+00	1.139795e+00	1.139815e+00	1.139825e+00	1.139395e+00
5.993909e-01	6.127086e-01	6.262562e-01	6.402170e-01	6.545945e-01	6.844795e-01
7.157855e-01	7.483516e-01	7.821795e-01	8.173464e-01	8.539783e-01	8.922454e-01
9.324516e-01	9.749177e-01	1.019900e+00	1.067214e+00	1.115298e+00	1.160545e+00
1.198870e+00	1.229677e+00	1.253370e+00	1.262842e+00	1.271860e+00	1.278646e+00
1.284196e+00	1.285443e+00	1.286490e+00	1.286596e+00	1.286675e+00	1.286726e+00
1.286717e+00	1.283412e+00	6.929628e-01	7.087802e-01	7.247775e-01	7.411002e-01
7.577641e-01	7.920723e-01	8.276798e-01	8.645605e-01	9.027307e-01	9.422525e-01
9.832590e-01	1.025847e+00	1.070174e+00	1.116535e+00	1.165404e+00	1.216753e+00
1.268811e+00	1.317471e+00	1.358227e+00	1.390994e+00	1.415949e+00	1.425339e+00
1.434873e+00	1.442791e+00	1.448992e+00	1.450385e+00	1.451649e+00	1.451763e+00
1.451840e+00	1.451928e+00	1.451901e+00	1.445325e+00	8.017374e-01	8.202336e-01
8.388700e-01	8.577640e-01	8.769404e-01	9.161476e-01	9.565034e-01	9.980427e-01
1.040784e+00	1.084795e+00	1.130223e+00	1.177133e+00	1.225579e+00	1.275829e+00
1.328460e+00	1.383512e+00	1.439063e+00	1.490704e+00	1.533725e+00	1.568369e+00
1.594789e+00	1.604553e+00	1.614835e+00	1.623788e+00	1.630835e+00	1.632437e+00
1.633927e+00	1.634058e+00	1.634146e+00	1.634252e+00	1.634271e+00	1.626002e+00
9.279970e-01	9.492930e-01	9.707080e-01	9.923460e-01	1.014235e+00	1.058782e+00
1.104294e+00	1.150757e+00	1.198176e+00	1.246660e+00	1.296386e+00	1.347442e+00
1.399848e+00	1.453835e+00	1.509927e+00	1.568114e+00	1.626411e+00	1.680392e+00
1.725426e+00	1.761842e+00	1.790007e+00	1.800745e+00	1.812071e+00	1.821911e+00
1.830035e+00	1.831920e+00	1.833639e+00	1.833801e+00	1.833914e+00	1.834017e+00
1.834145e+00	1.826444e+00	1.072329e+00	1.096707e+00	1.121160e+00	1.145762e+00
1.170544e+00	1.220696e+00	1.271519e+00	1.322952e+00	1.374991e+00	1.427801e+00
1.481646e+00	1.536601e+00	1.592629e+00	1.649889e+00	1.708863e+00	1.769499e+00
1.829803e+00	1.885492e+00	1.932183e+00	1.970381e+00	2.000569e+00	2.012396e+00
2.024903e+00	2.035784e+00	2.045079e+00	2.047279e+00	2.049241e+00	2.049439e+00
2.049590e+00	2.049682e+00	2.049806e+00	2.044067e+00	1.237558e+00	1.265308e+00
1.293071e+00	1.320868e+00	1.348738e+00	1.404791e+00	1.461097e+00	1.517540e+00
1.574112e+00	1.631058e+00	1.688783e+00	1.747326e+00	1.806593e+00	1.866628e+00
1.927859e+00	1.990175e+00	2.051646e+00	2.108338e+00	2.156313e+00	2.196263e+00
2.228726e+00	2.241841e+00	2.255697e+00	2.267721e+00	2.278319e+00	2.280873e+00
2.283093e+00	2.283337e+00	2.283537e+00	2.283609e+00	2.283649e+00	2.281370e+00
1.423910e+00	1.455273e+00	1.486549e+00	1.517681e+00	1.548725e+00	1.610719e+00
1.672370e+00	1.733555e+00	1.794278e+00	1.854883e+00	1.915929e+00	1.977453e+00
2.039340e+00	2.101508e+00	2.164176e+00	2.227090e+00	2.288534e+00	2.345328e+00
2.394299e+00	2.435853e+00	2.470518e+00	2.485235e+00	2.500578e+00	2.513618e+00
2.525661e+00	2.528595e+00	2.531076e+00	2.531397e+00	2.531637e+00	2.531652e+00
2.531671e+00	2.533321e+00	1.632132e+00	1.667244e+00	1.702118e+00	1.736586e+00
1.770737e+00	1.838393e+00	1.904897e+00	1.970192e+00	2.034333e+00	2.097769e+00
2.161225e+00	2.224793e+00	2.288425e+00	2.351886e+00	2.414934e+00	2.477025e+00
2.536875e+00	2.592654e+00	2.642379e+00	2.685369e+00	2.722055e+00	2.738828e+00
2.755812e+00	2.769601e+00	2.783247e+00	2.786582e+00	2.789310e+00	2.789758e+00
2.790020e+00	2.789919e+00	2.790028e+00	2.795924e+00	1.862673e+00	1.901987e+00
1.940805e+00	1.978755e+00	2.015976e+00	2.088827e+00	2.159385e+00	2.227904e+00
2.294543e+00	2.359875e+00	2.424788e+00	2.489357e+00	2.553440e+00	2.616666e+00
2.678632e+00	2.738777e+00	2.796234e+00	2.850239e+00	2.899845e+00	2.943966e+00
2.982824e+00	3.001295e+00	3.019852e+00	3.034687e+00	3.049797e+00	3.053501e+00
3.056503e+00	3.057062e+00	3.057342e+00	3.057135e+00	3.057344e+00	3.067807e+00
2.115288e+00	2.159178e+00	2.202190e+00	2.243659e+00	2.283787e+00	2.361079e+00
2.434574e+00	2.505103e+00	2.572988e+00	2.638933e+00	2.704006e+00	2.768200e+00
2.831178e+00	2.892454e+00	2.951768e+00	3.008782e+00	3.063002e+00	3.114448e+00
3.163031e+00	3.207861e+00	3.248868e+00	3.268657e+00	3.288654e+00	3.304730e+00
3.321114e+00	3.325141e+00	3.328428e+00	3.329076e+00	3.329370e+00	3.329088e+00
3.329314e+00	3.343769e+00	2.388662e+00	2.437150e+00	2.484284e+00	2.529065e+00
2.571761e+00	2.652509e+00	2.727628e+00	2.798684e+00	2.866210e+00	2.931033e+00
2.994475e+00	3.056468e+00	3.116634e+00	3.174384e+00	3.229643e+00	3.282301e+00
3.332241e+00	3.380278e+00	3.427135e+00	3.472036e+00	3.514661e+00	3.535607e+00
3.556841e+00	3.573949e+00	3.591434e+00	3.595739e+00	3.599270e+00	3.599983e+00
3.600295e+00	3.599984e+00	3.600057e+00	3.616140e+00	2.681479e+00	2.734529e+00
2.785666e+00	2.833448e+00	2.878252e+00	2.961212e+00	3.036350e+00	3.106181e+00
3.171459e+00	3.233200e+00	3.292941e+00	3.350689e+00	3.406120e+00	3.458716e+00
3.508545e+00	3.555786e+00	3.600648e+00	3.644590e+00	3.688969e+00	3.733184e+00
3.776723e+00	3.798517e+00	3.820680e+00	3.838566e+00	3.856907e+00	3.861449e+00
3.865160e+00	3.865879e+00	3.866216e+00	3.865906e+00	3.866164e+00	3.881628e+00
2.993593e+00	3.051102e+00	3.106031e+00	3.156412e+00	3.202757e+00	3.286432e+00
3.359766e+00	3.426395e+00	3.487363e+00	3.543888e+00	3.597751e+00	3.649117e+00
3.697848e+00	3.743659e+00	3.786766e+00	3.827607e+00	3.866680e+00	3.905880e+00
3.947012e+00	3.989657e+00	4.033210e+00	4.055417e+00	4.078096e+00	4.096431e+00
4.115290e+00	4.120001e+00	4.123820e+00	4.124501e+00	4.124854e+00	4.124611e+00
4.124944e+00	4.137074e+00	3.318934e+00	3.380564e+00	3.438833e+00	3.491172e+00
3.538242e+00	3.620651e+00	3.689910e+00	3.750950e+00	3.805189e+00	3.854069e+00
3.899678e+00	3.942408e+00	3.982447e+00	4.019887e+00	4.055116e+00	4.088766e+00
4.121556e+00	4.155505e+00	4.192595e+00	4.232604e+00	4.274964e+00	4.296964e+00
4.319564e+00	4.337883e+00	4.356773e+00	4.361543e+00	4.365373e+00	4.365973e+00
4.366323e+00	4.366223e+00	4.366413e+00	4.372263e+00	3.654132e+00	3.720210e+00
3.781847e+00	3.835623e+00	3.882412e+00	3.960644e+00	4.022419e+00	4.074864e+00
4.119882e+00	4.159055e+00	4.194631e+00	4.227122e+00	4.256967e+00	4.284588e+00
4.310661e+00	4.336157e+00	4.361958e+00	4.390053e+00	4.422407e+00	4.458879e+00
4.498672e+00	4.519565e+00	4.541316e+00	4.559200e+00	4.577519e+00	4.582166e+00
4.585927e+00	4.586415e+00	4.586733e+00	4.586797e+00	4.586917e+00	4.584764e+00
4.005361e+00	4.075005e+00	4.139118e+00	4.193448e+00	4.239088e+00	4.311420e+00
4.363850e+00	4.405508e+00	4.438865e+00	4.465871e+00	4.489221e+00	4.509616e+00
4.527724e+00	4.544285e+00	4.560301e+00	4.577083e+00	4.595532e+00	4.617283e+00
4.643997e+00	4.675789e+00	4.711943e+00	4.731257e+00	4.751601e+00	4.768534e+00
4.785849e+00	4.790256e+00	4.793861e+00	4.794225e+00	4.794497e+00	4.794717e+00
4.794747e+00	4.784013e+00	4.369967e+00	4.437767e+00	4.499970e+00	4.552361e+00
4.596009e+00	4.663715e+00	4.708992e+00	4.739247e+00	4.757629e+00	4.767881e+00
4.774953e+00	4.780256e+00	4.784682e+00	4.789238e+00	4.795204e+00	4.803987e+00
4.815992e+00	4.831321e+00	4.850400e+00	4.874733e+00	4.905678e+00	4.923322e+00
4.941481e+00	4.956110e+00	4.971818e+00	4.975852e+00	4.979097e+00	4.979352e+00
4.979578e+00	4.979846e+00	4.979576e+00	4.961498e+00	4.741006e+00	4.801686e+00
4.857776e+00	4.905769e+00	4.946429e+00	5.010084e+00	5.049628e+00	5.067569e+00
5.067916e+00	5.057530e+00	5.045100e+00	5.033099e+00	5.022535e+00	5.014557e+00
5.010612e+00	5.011973e+00	5.018168e+00	5.026955e+00	5.036919e+00	5.051757e+00
5.076151e+00	5.091844e+00	5.107121e+00	5.118466e+00	5.132032e+00	5.135564e+00
5.138294e+00	5.138453e+00	5.138629e+00	5.138876e+00	5.138238e+00	5.114241e+00
5.112468e+00	5.167758e+00	5.218595e+00	5.261526e+00	5.297254e+00	5.350807e+00
5.378059e+00	5.379615e+00	5.360439e+00	5.329568e+00	5.298099e+00	5.269248e+00
5.243983e+00	5.223384e+00	5.208808e+00	5.201169e+00	5.199492e+00	5.200170e+00
5.200706e+00	5.205832e+00	5.221764e+00	5.233763e+00	5.244930e+00	5.252601e+00
5.263010e+00	5.265733e+00	5.267796e+00	5.267888e+00	5.267973e+00	5.268251e+00
5.267995e+00	5.240662e+00	5.490021e+00	5.540663e+00	5.586421e+00	5.623465e+00
5.652607e+00	5.691465e+00	5.701707e+00	5.683828e+00	5.643713e+00	5.591974e+00
5.541325e+00	5.495546e+00	5.455473e+00	5.422001e+00	5.396248e+00	5.378672e+00
5.367985e+00	5.359712e+00	5.350608e+00	5.345866e+00	5.352427e+00	5.359969e+00
5.366523e+00	5.370386e+00	5.377258e+00	5.379062e+00	5.380404e+00	5.380438e+00
5.380423e+00	5.380749e+00	5.381115e+00	5.351713e+00	5.870298e+00	5.921498e+00
5.965449e+00	5.996675e+00	6.016689e+00	6.031377e+00	6.013980e+00	5.971357e+00
5.910309e+00	5.840388e+00	5.772745e+00	5.710992e+00	5.656127e+00	5.608934e+00
5.570291e+00	5.540247e+00	5.517686e+00	5.498596e+00	5.480019e+00	5.465881e+00
5.461269e+00	5.462499e+00	5.463282e+00	5.463255e+00	5.465523e+00	5.466199e+00
5.466629e+00	5.466497e+00	5.466452e+00	5.466839e+00	5.467307e+00	5.439728e+00
6.244061e+00	6.304033e+00	6.351735e+00	6.377915e+00	6.385624e+00	6.363700e+00
6.305694e+00	6.232945e+00	6.152108e+00	6.068223e+00	5.987037e+00	5.911098e+00
5.841987e+00	5.780536e+00	5.727466e+00	5.682603e+00	5.645670e+00	5.614526e+00
5.587350e+00	5.565022e+00	5.548449e+00	5.542308e+00	5.536984e+00	5.533512e+00
5.530935e+00	5.530485e+00	5.529976e+00	5.529600e+00	5.529593e+00	5.530076e+00
5.530250e+00	5.506598e+00	6.633010e+00	6.692126e+00	6.735848e+00	6.752775e+00
6.747029e+00	6.691617e+00	6.598020e+00	6.495588e+00	6.391180e+00	6.287866e+00
6.189126e+00	6.096805e+00	6.012333e+00	5.936103e+00	5.868754e+00	5.809992e+00
5.759711e+00	5.716256e+00	5.677963e+00	5.644596e+00	5.615674e+00	5.602810e+00
5.591085e+00	5.582918e+00	5.575323e+00	5.573589e+00	5.572194e+00	5.571797e+00
5.571652e+00	5.571952e+00	5.571951e+00	5.555014e+00	7.034788e+00	7.084777e+00
7.118094e+00	7.122209e+00	7.101782e+00	7.014436e+00	6.888193e+00	6.755755e+00
6.624513e+00	6.497529e+00	6.378276e+00	6.268021e+00	6.167337e+00	6.075868e+00
5.994208e+00	5.922079e+00	5.859085e+00	5.803101e+00	5.752057e+00	5.706056e+00
5.664436e+00	5.644968e+00	5.626358e+00	5.612569e+00	5.599599e+00	5.596464e+00
5.594007e+00	5.593608e+00	5.593321e+00	5.593392e+00	5.593349e+00	5.585589e+00
7.456084e+00	7.489167e+00	7.504667e+00	7.489911e+00	7.450252e+00	7.325691e+00
7.165283e+00	7.002942e+00	6.845778e+00	6.696041e+00	6.556525e+00	6.427924e+00
6.309887e+00	6.201600e+00	6.103640e+00	6.015996e+00	5.938056e+00	5.867643e+00
5.802941e+00	5.743992e+00	5.691189e+00	5.666276e+00	5.642453e+00	5.624620e+00
5.606562e+00	5.602234e+00	5.599101e+00	5.598704e+00	5.598353e+00	5.598306e+00
5.598312e+00	5.598124e+00	8.019525e+00	7.954972e+00	7.889284e+00	7.816742e+00
7.737981e+00	7.570928e+00	7.396385e+00	7.224742e+00	7.058003e+00	6.896500e+00
6.741063e+00	6.592586e+00	6.451786e+00	6.319152e+00	6.195732e+00	6.082789e+00
5.981227e+00	5.892177e+00	5.816916e+00	5.746851e+00	5.688717e+00	5.664265e+00
5.643889e+00	5.627989e+00	5.586803e+00	5.567053e+00	5.574646e+00	5.578171e+00
5.576202e+00	5.574882e+00	5.576826e+00	5.583287e+00	8.443381e+00	8.361267e+00
8.271553e+00	8.172257e+00	8.067590e+00	7.855610e+00	7.643993e+00	7.439602e+00
7.243752e+00	7.056616e+00	6.878874e+00	6.711325e+00	6.553320e+00	6.403890e+00
6.262852e+00	6.133453e+00	6.016125e+00	5.911568e+00	5.819841e+00	5.744796e+00
5.678206e+00	5.651989e+00	5.632377e+00	5.614427e+00	5.547542e+00	5.518271e+00
5.530669e+00	5.536975e+00	5.533743e+00	5.531439e+00	5.534808e+00	5.550718e+00
8.708315e+00	8.683443e+00	8.638470e+00	8.558765e+00	8.451559e+00	8.193193e+00
7.908745e+00	7.640348e+00	7.394283e+00	7.169858e+00	6.966226e+00	6.781294e+00
6.610193e+00	6.449703e+00	6.300854e+00	6.165056e+00	6.041128e+00	5.926101e+00
5.817844e+00	5.717908e+00	5.625572e+00	5.580339e+00	5.535696e+00	5.501214e+00
5.467672e+00	5.459682e+00	5.453171e+00	5.452491e+00	5.451951e+00	5.451531e+00
5.451631e+00	5.473002e+00	9.126472e+00	9.055370e+00	8.962424e+00	8.841578e+00
8.702115e+00	8.400267e+00	8.090361e+00	7.798983e+00	7.530544e+00	7.281774e+00
7.046919e+00	6.831592e+00	6.631083e+00	6.447221e+00	6.288709e+00	6.142448e+00
6.008651e+00	5.885537e+00	5.770167e+00	5.651616e+00	5.538246e+00	5.481252e+00
5.425768e+00	5.385289e+00	5.354057e+00	5.350276e+00	5.338031e+00	5.335710e+00
5.335654e+00	5.335684e+00	5.335104e+00	5.355773e+00	9.603735e+00	9.436533e+00
9.265486e+00	9.090134e+00	8.913901e+00	8.569643e+00	8.240006e+00	7.930450e+00
7.641870e+00	7.370255e+00	7.108950e+00	6.867297e+00	6.643724e+00	6.440260e+00
6.258753e+00	6.090125e+00	5.936020e+00	5.796287e+00	5.669056e+00	5.544307e+00
5.416351e+00	5.352582e+00	5.293599e+00	5.252024e+00	5.210221e+00	5.200280e+00
5.190763e+00	5.189625e+00	5.188917e+00	5.188675e+00	5.188734e+00	5.202915e+00
9.989404e+00	9.766135e+00	9.545484e+00	9.330106e+00	9.121631e+00	8.727575e+00
8.359439e+00	8.013809e+00	7.684303e+00	7.381339e+00	7.110512e+00	6.859917e+00
6.628780e+00	6.412763e+00	6.207956e+00	6.019389e+00	5.847675e+00	5.692554e+00
5.551994e+00	5.414449e+00	5.270126e+00	5.198774e+00	5.134477e+00	5.090282e+00
5.042174e+00	5.029326e+00	5.019810e+00	5.018889e+00	5.017909e+00	5.017675e+00
5.017750e+00	5.023989e+00	1.030298e+01	1.004737e+01	9.795227e+00	9.549776e+00
9.312492e+00	8.864486e+00	8.448996e+00	8.064142e+00	7.701299e+00	7.370262e+00
7.070897e+00	6.796685e+00	6.545967e+00	6.315709e+00	6.101623e+00	5.901643e+00
5.717011e+00	5.547277e+00	5.390402e+00	5.236530e+00	5.077891e+00	5.000495e+00
4.931448e+00	4.884384e+00	4.831536e+00	4.816686e+00	4.806462e+00	4.805440e+00
4.804318e+00	4.804210e+00	4.803936e+00	4.799163e+00	1.058189e+01	1.029092e+01
1.000492e+01	9.728314e+00	9.462204e+00	8.961599e+00	8.496308e+00	8.064290e+00
7.687495e+00	7.335000e+00	7.007398e+00	6.711725e+00	6.443583e+00	6.198753e+00
5.971517e+00	5.758053e+00	5.559525e+00	5.375753e+00	5.204331e+00	5.035550e+00
4.862209e+00	4.778127e+00	4.703934e+00	4.653957e+00	4.596394e+00	4.579745e+00
4.568700e+00	4.567620e+00	4.566384e+00	4.566320e+00	4.565965e+00	4.556708e+00
1.083710e+01	1.051068e+01	1.019108e+01	9.883979e+00	9.590052e+00	9.039818e+00
8.529895e+00	8.057129e+00	7.642101e+00	7.259996e+00	6.911348e+00	6.597036e+00
6.312812e+00	6.053864e+00	5.813491e+00	5.587069e+00	5.375397e+00	5.178903e+00
4.994627e+00	4.812722e+00	4.626173e+00	4.535895e+00	4.456654e+00	4.403526e+00
4.341561e+00	4.323451e+00	4.311560e+00	4.310443e+00	4.309125e+00	4.309041e+00
4.308782e+00	4.299892e+00	1.105821e+01	1.069557e+01	1.034189e+01	1.000448e+01
9.683234e+00	9.082855e+00	8.536620e+00	8.043249e+00	7.589464e+00	7.180022e+00
6.810566e+00	6.477462e+00	6.176392e+00	5.902189e+00	5.647689e+00	5.407807e+00
5.182763e+00	4.972781e+00	4.774797e+00	4.580916e+00	4.386236e+00	4.292598e+00
4.208062e+00	4.148917e+00	4.082866e+00	4.064227e+00	4.051431e+00	4.050172e+00
4.048801e+00	4.048674e+00	4.048490e+00	4.042053e+00	1.124169e+01	1.084390e+01
1.045781e+01	1.009258e+01	9.747123e+00	9.105989e+00	8.521124e+00	7.996395e+00
7.520130e+00	7.090291e+00	6.701340e+00	6.349279e+00	6.029952e+00	5.738384e+00
5.467863e+00	5.213418e+00	4.974285e+00	4.749134e+00	4.535554e+00	4.331164e+00
4.136095e+00	4.043253e+00	3.952810e+00	3.883020e+00	3.813174e+00	3.795393e+00
3.781539e+00	3.779976e+00	3.778595e+00	3.778383e+00	3.778251e+00	3.777629e+00
1.140764e+01	1.097497e+01	1.055686e+01	1.016445e+01	9.795331e+00	9.108809e+00
8.496627e+00	7.941845e+00	7.443372e+00	6.993844e+00	6.586314e+00	6.216343e+00
5.879910e+00	5.572266e+00	5.287166e+00	5.019852e+00	4.769028e+00	4.532425e+00
4.308003e+00	4.094736e+00	3.893918e+00	3.798251e+00	3.702354e+00	3.625926e+00
3.552173e+00	3.534352e+00	3.519920e+00	3.518199e+00	3.516698e+00	3.516435e+00
3.516357e+00	3.518736e+00	1.155139e+01	1.108568e+01	1.063749e+01	1.021997e+01
9.829181e+00	9.107685e+00	8.460415e+00	7.880715e+00	7.361133e+00	6.893135e+00
6.468379e+00	6.081995e+00	5.730038e+00	5.407976e+00	5.109972e+00	4.831507e+00
4.571056e+00	4.325859e+00	4.093834e+00	3.872811e+00	3.662674e+00	3.561715e+00
3.460698e+00	3.380359e+00	3.302518e+00	3.283971e+00	3.269221e+00	3.267429e+00
3.265742e+00	3.265461e+00	3.265407e+00	3.268067e+00	1.166506e+01	1.117044e+01
1.069621e+01	1.025738e+01	9.848191e+00	9.093270e+00	8.419803e+00	7.818420e+00
7.280301e+00	6.795889e+00	6.355923e+00	5.955254e+00	5.589912e+00	5.255477e+00
4.946368e+00	4.658196e+00	4.389117e+00	4.135913e+00	3.896128e+00	3.667531e+00
3.448892e+00	3.343138e+00	3.237076e+00	3.152467e+00	3.070294e+00	3.050845e+00
3.035484e+00	3.033580e+00	3.031750e+00	3.031479e+00	3.031377e+00	3.032777e+00
1.175500e+01	1.123518e+01	1.073854e+01	1.028251e+01	9.855156e+00	9.073090e+00
8.376935e+00	7.757232e+00	7.203474e+00	6.705181e+00	6.252535e+00	5.840175e+00
5.464030e+00	5.119626e+00	4.801462e+00	4.505118e+00	4.228440e+00	3.967804e+00
3.720270e+00	3.483869e+00	3.256436e+00	3.145821e+00	3.034931e+00	2.946438e+00
2.859631e+00	2.838689e+00	2.822198e+00	2.820182e+00	2.818281e+00	2.818014e+00
2.817913e+00	2.817936e+00	1.182208e+01	1.128016e+01	1.076285e+01	1.028960e+01
9.855442e+00	9.048701e+00	8.333737e+00	7.699044e+00	7.132633e+00	6.623262e+00
6.160751e+00	5.739547e+00	5.355387e+00	5.003595e+00	4.678502e+00	4.375489e+00
4.092129e+00	3.824465e+00	3.569119e+00	3.324235e+00	3.087312e+00	2.971504e+00
2.855650e+00	2.763283e+00	2.671306e+00	2.648304e+00	2.630163e+00	2.628033e+00
2.626121e+00	2.625845e+00	2.625720e+00	2.625024e+00	1.186443e+01	1.130486e+01
1.077330e+01	1.028987e+01	9.843955e+00	9.020437e+00	8.292125e+00	7.646563e+00
7.070995e+00	6.553715e+00	6.084399e+00	5.657323e+00	5.267964e+00	4.911342e+00
4.581433e+00	4.273304e+00	3.984284e+00	3.710112e+00	3.446985e+00	3.192792e+00
2.945092e+00	2.823204e+00	2.701365e+00	2.604198e+00	2.505910e+00	2.480338e+00
2.460048e+00	2.457777e+00	2.455876e+00	2.455576e+00	2.455396e+00	2.454726e+00
1.187756e+01	1.130425e+01	1.076808e+01	1.028105e+01	9.827791e+00	8.992934e+00
8.256275e+00	7.603319e+00	7.021388e+00	6.498656e+00	6.024827e+00	5.594028e+00
5.201451e+00	4.841809e+00	4.508688e+00	4.196839e+00	3.903352e+00	3.623674e+00
3.353585e+00	3.090274e+00	2.831003e+00	2.701841e+00	2.571761e+00	2.467141e+00
2.360835e+00	2.332881e+00	2.310442e+00	2.307947e+00	2.305959e+00	2.305639e+00
2.305397e+00	2.304778e+00	1.188529e+01	1.130252e+01	1.075573e+01	1.026188e+01
9.807312e+00	8.966673e+00	8.225352e+00	7.567619e+00	6.981348e+00	6.454811e+00
5.977882e+00	5.544590e+00	5.149890e+00	4.788249e+00	4.452939e+00	4.138433e+00
3.841551e+00	3.557354e+00	3.281058e+00	3.008842e+00	2.737191e+00	2.599860e+00
2.459921e+00	2.346061e+00	2.230780e+00	2.200729e+00	2.176368e+00	2.173613e+00
2.171449e+00	2.171110e+00	2.170817e+00	2.170376e+00	1.187972e+01	1.129359e+01
1.073788e+01	1.024060e+01	9.785759e+00	8.944381e+00	8.203553e+00	7.546368e+00
6.959752e+00	6.432414e+00	5.954802e+00	5.520978e+00	5.125856e+00	4.763840e+00
4.428131e+00	4.112991e+00	3.814733e+00	3.527535e+00	3.245300e+00	2.962107e+00
2.672190e+00	2.524243e+00	2.369832e+00	2.242093e+00	2.115845e+00	2.084455e+00
2.058465e+00	2.055302e+00	2.052797e+00	2.052461e+00	2.052124e+00	2.051950e+00
1.184585e+01	1.125892e+01	1.070620e+01	1.021274e+01	9.762003e+00	8.926157e+00
8.189253e+00	7.534094e+00	6.948166e+00	6.420880e+00	5.943254e+00	5.509419e+00
5.114306e+00	4.752308e+00	4.416624e+00	4.101385e+00	3.802535e+00	3.513579e+00
3.227321e+00	2.935764e+00	2.629815e+00	2.470513e+00	2.299759e+00	2.155343e+00
2.015651e+00	1.983096e+00	1.955980e+00	1.952398e+00	1.949345e+00	1.948986e+00
1.948666e+00	1.949145e+00	1.179884e+01	1.121589e+01	1.066861e+01	1.018200e+01
9.738520e+00	8.915100e+00	8.188988e+00	7.536073e+00	6.951537e+00	6.425344e+00
5.949025e+00	5.516713e+00	5.123150e+00	4.762454e+00	4.427412e+00	4.111950e+00
3.812270e+00	3.522302e+00	3.234704e+00	2.939872e+00	2.625283e+00	2.446035e+00
2.252486e+00	2.090572e+00	1.929383e+00	1.893342e+00	1.867480e+00	1.864132e+00
1.859871e+00	1.859193e+00	1.859286e+00	1.862800e+00	1.173407e+01	1.116110e+01
1.062406e+01	1.014806e+01	9.714790e+00	8.906831e+00	8.190275e+00	7.544506e+00
6.964490e+00	6.441918e+00	5.969789e+00	5.542216e+00	5.153381e+00	4.796627e+00
4.463600e+00	4.147668e+00	3.845759e+00	3.553060e+00	3.261871e+00	2.957824e+00
2.623629e+00	2.429639e+00	2.215842e+00	2.037568e+00	1.852913e+00	1.812451e+00
1.788835e+00	1.785995e+00	1.780289e+00	1.779179e+00	1.779850e+00	1.787254e+00
1.166767e+01	1.110378e+01	1.057654e+01	1.011146e+01	9.689164e+00	8.899105e+00
8.192926e+00	7.556585e+00	6.982759e+00	6.465112e+00	5.998026e+00	5.575604e+00
5.191573e+00	4.838741e+00	4.508002e+00	4.192331e+00	3.889059e+00	3.594176e+00
3.299350e+00	2.985073e+00	2.626850e+00	2.427746e+00	2.206386e+00	2.000610e+00
1.788471e+00	1.741938e+00	1.720657e+00	1.718553e+00	1.711319e+00	1.709698e+00
1.711205e+00	1.722828e+00	1.159859e+01	1.104234e+01	1.052416e+01	1.007051e+01
9.660436e+00	8.891466e+00	8.203091e+00	7.580356e+00	7.017569e+00	6.508603e+00
6.048099e+00	5.630590e+00	5.250265e+00	4.900407e+00	4.572433e+00	4.259519e+00
3.958535e+00	3.664567e+00	3.367626e+00	3.045064e+00	2.668043e+00	2.450899e+00
2.206066e+00	1.974320e+00	1.735366e+00	1.681602e+00	1.662651e+00	1.661451e+00
1.652656e+00	1.650470e+00	1.653015e+00	1.669220e+00	1.152834e+01	1.098057e+01
1.047240e+01	1.003124e+01	9.634390e+00	8.889081e+00	8.217400e+00	7.609516e+00
7.058799e+00	6.559518e+00	6.106647e+00	5.695117e+00	5.319546e+00	4.973638e+00
4.649280e+00	4.339795e+00	4.041647e+00	3.749088e+00	3.450478e+00	3.119756e+00
2.722970e+00	2.487257e+00	2.214342e+00	1.968641e+00	1.692729e+00	1.630066e+00
1.613641e+00	1.613547e+00	1.603069e+00	1.600280e+00	1.604019e+00	1.622736e+00
1.145730e+01	1.091866e+01	1.042136e+01	9.993685e+00	9.610927e+00	8.888719e+00
8.236760e+00	7.644542e+00	7.106836e+00	6.618293e+00	6.174259e+00	5.770019e+00
5.400544e+00	5.059858e+00	4.740208e+00	4.435007e+00	4.140392e+00	3.849924e+00
3.550422e+00	3.212286e+00	2.796055e+00	2.543464e+00	2.246647e+00	1.968851e+00
1.659452e+00	1.586588e+00	1.572873e+00	1.573962e+00	1.561465e+00	1.558054e+00
1.563305e+00	1.582665e+00	1.138614e+01	1.085682e+01	1.037090e+01	9.957475e+00
9.589588e+00	8.891205e+00	8.259224e+00	7.683677e+00	7.159960e+00	6.683174e+00
6.249011e+00	5.853132e+00	5.490831e+00	5.156427e+00	4.842499e+00	4.542591e+00
4.252483e+00	3.965063e+00	3.665583e+00	3.320853e+00	2.885506e+00	2.615619e+00
2.293131e+00	1.987031e+00	1.638378e+00	1.552780e+00	1.538321e+00	1.540654e+00
1.527664e+00	1.523830e+00	1.529401e+00	1.548488e+00	1.131368e+01	1.079496e+01
1.032155e+01	9.923619e+00	9.571548e+00	8.898348e+00	8.287388e+00	7.729428e+00
7.220488e+00	6.756082e+00	6.332369e+00	5.945378e+00	5.590772e+00	5.263319e+00
4.956022e+00	4.662582e+00	4.378417e+00	4.095523e+00	3.797155e+00	3.445386e+00
2.988206e+00	2.699378e+00	2.350620e+00	2.017402e+00	1.636109e+00	1.535409e+00
1.500648e+00	1.505305e+00	1.504999e+00	1.501834e+00	1.498143e+00	1.520147e+00
1.124421e+01	1.073610e+01	1.027515e+01	9.892498e+00	9.556229e+00	8.907926e+00
8.317794e+00	7.777570e+00	7.283709e+00	6.832139e+00	6.419436e+00	6.041980e+00
5.695811e+00	5.376102e+00	5.076274e+00	4.790189e+00	4.512940e+00	4.235691e+00
3.939732e+00	3.582407e+00	3.104662e+00	2.797016e+00	2.421148e+00	2.058818e+00
1.636660e+00	1.522736e+00	1.471222e+00	1.477511e+00	1.485197e+00	1.482172e+00
1.471627e+00	1.494838e+00	1.118566e+01	1.068674e+01	1.023682e+01	9.867994e+00
9.545701e+00	8.919975e+00	8.349522e+00	7.826420e+00	7.347501e+00	6.909083e+00
6.508026e+00	6.140991e+00	5.804338e+00	5.493465e+00	5.202083e+00	4.924152e+00
4.654571e+00	4.383979e+00	4.092248e+00	3.733173e+00	3.240483e+00	2.916019e+00
2.512073e+00	2.115687e+00	1.645067e+00	1.514502e+00	1.453560e+00	1.459300e+00
1.466850e+00	1.463470e+00	1.450739e+00	1.472720e+00	1.116356e+01	1.066781e+01
1.022287e+01	9.862148e+00	9.547972e+00	8.935747e+00	8.379802e+00	7.870354e+00
7.404592e+00	6.978954e+00	6.590316e+00	6.235326e+00	5.910242e+00	5.610202e+00
5.328461e+00	5.058687e+00	4.796093e+00	4.531818e+00	4.246692e+00	3.895937e+00
3.405459e+00	3.067859e+00	2.625571e+00	2.179234e+00	1.654302e+00	1.514176e+00
1.451781e+00	1.451246e+00	1.446933e+00	1.445274e+00	1.435481e+00	1.455189e+00
1.114704e+01	1.065371e+01	1.021269e+01	9.858248e+00	9.552192e+00	8.953919e+00
8.410188e+00	7.913257e+00	7.460085e+00	7.047105e+00	6.671156e+00	6.328816e+00
6.016127e+00	5.727828e+00	5.456456e+00	5.195237e+00	4.939855e+00	4.682311e+00
4.405249e+00	4.067403e+00	3.587963e+00	3.240468e+00	2.756670e+00	2.252770e+00
1.666942e+00	1.514012e+00	1.450683e+00	1.445266e+00	1.428311e+00	1.428599e+00
1.422759e+00	1.439902e+00	1.112215e+01	1.063354e+01	1.019857e+01	9.852297e+00
9.555220e+00	8.972609e+00	8.443054e+00	7.959713e+00	7.519591e+00	7.119222e+00
6.755539e+00	6.425160e+00	6.124090e+00	5.846945e+00	5.585903e+00	5.333959e+00
5.087002e+00	4.837397e+00	4.568395e+00	4.239646e+00	3.765012e+00	3.409753e+00
2.897776e+00	2.348203e+00	1.692063e+00	1.518282e+00	1.447779e+00	1.438321e+00
1.415638e+00	1.416015e+00	1.412365e+00	1.426421e+00	1.108746e+01	1.060678e+01
1.018046e+01	9.844127e+00	9.557350e+00	8.992330e+00	8.478488e+00	8.009497e+00
7.582590e+00	7.194517e+00	6.842447e+00	6.523164e+00	6.232812e+00	5.966165e+00
5.715398e+00	5.473505e+00	5.236342e+00	4.996170e+00	4.735639e+00	4.412724e+00
3.937598e+00	3.577070e+00	3.051877e+00	2.475596e+00	1.746898e+00	1.541238e+00
1.441851e+00	1.430706e+00	1.407133e+00	1.406721e+00	1.403781e+00	1.414861e+00
1.103879e+01	1.056938e+01	1.015511e+01	9.831921e+00	9.557467e+00	9.011348e+00
8.514490e+00	8.060521e+00	7.646796e+00	7.270320e+00	6.928527e+00	6.618606e+00
6.337203e+00	6.079687e+00	5.839009e+00	5.608667e+00	5.384399e+00	5.157922e+00
4.909734e+00	4.591280e+00	4.107024e+00	3.738344e+00	3.204651e+00	2.611381e+00
1.818945e+00	1.577347e+00	1.435076e+00	1.420020e+00	1.403318e+00	1.401292e+00
1.391333e+00	1.404833e+00	1.098387e+01	1.052740e+01	1.012668e+01	9.817720e+00
9.557477e+00	9.030367e+00	8.551061e+00	8.112240e+00	7.711426e+00	7.345974e+00
7.013643e+00	6.712160e+00	6.438840e+00	6.189859e+00	5.959331e+00	5.741547e+00
5.532125e+00	5.322012e+00	5.088683e+00	4.774331e+00	4.276798e+00	3.899122e+00
3.361352e+00	2.759419e+00	1.910930e+00	1.631415e+00	1.428001e+00	1.408199e+00
1.400887e+00	1.397328e+00	1.377658e+00	1.395883e+00	1.096836e+01	1.051613e+01
1.011977e+01	9.815376e+00	9.559779e+00	9.053065e+00	8.587118e+00	8.159262e+00
7.768064e+00	7.411663e+00	7.088437e+00	6.796333e+00	6.532828e+00	6.294261e+00
6.075007e+00	5.869461e+00	5.672933e+00	5.475405e+00	5.253815e+00	4.951578e+00
4.463588e+00	4.086568e+00	3.543439e+00	2.919955e+00	1.997988e+00	1.685338e+00
1.427511e+00	1.405189e+00	1.396731e+00	1.392281e+00	1.374026e+00	1.389031e+00
1.096832e+01	1.052121e+01	1.013033e+01	9.832199e+00	9.582722e+00	9.082513e+00
8.622751e+00	8.200686e+00	7.815383e+00	7.465782e+00	7.151082e+00	6.869191e+00
6.617324e+00	6.391275e+00	6.184463e+00	5.990333e+00	5.803656e+00	5.613447e+00
5.399370e+00	5.119029e+00	4.675883e+00	4.317993e+00	3.765877e+00	3.095182e+00
2.074957e+00	1.737846e+00	1.443073e+00	1.408561e+00	1.388267e+00	1.385283e+00
1.375470e+00	1.384162e+00	1.096814e+01	1.052443e+01	1.013781e+01	9.844186e+00
9.599601e+00	9.106205e+00	8.653632e+00	8.238827e+00	7.860883e+00	7.518883e+00
7.212225e+00	6.939025e+00	6.696748e+00	6.481530e+00	6.287144e+00	6.106918e+00
5.934351e+00	5.755655e+00	5.549926e+00	5.282112e+00	4.864076e+00	4.524579e+00
3.989117e+00	3.302192e+00	2.174024e+00	1.794298e+00	1.457806e+00	1.413752e+00
1.383336e+00	1.379211e+00	1.374996e+00	1.379391e+00	1.096680e+01	1.052511e+01
1.014079e+01	9.851133e+00	9.610493e+00	9.124602e+00	8.679670e+00	8.272735e+00
7.902743e+00	7.568579e+00	7.269432e+00	7.003760e+00	6.769522e+00	6.563638e+00
6.380855e+00	6.215034e+00	6.058713e+00	5.895479e+00	5.701935e+00	5.443322e+00
5.037618e+00	4.713055e+00	4.205918e+00	3.528768e+00	2.300623e+00	1.860081e+00
1.471363e+00	1.419731e+00	1.380595e+00	1.374339e+00	1.372096e+00	1.374812e+00
1.095768e+01	1.052094e+01	1.014108e+01	9.855395e+00	9.618600e+00	9.139951e+00
8.701824e+00	8.301562e+00	7.938185e+00	7.610770e+00	7.318558e+00	7.060224e+00
6.833868e+00	6.636703e+00	6.463739e+00	6.309250e+00	6.166324e+00	6.019338e+00
5.845067e+00	5.607040e+00	5.221592e+00	4.907755e+00	4.412103e+00	3.736781e+00
2.446541e+00	1.947365e+00	1.485769e+00	1.423607e+00	1.378540e+00	1.371259e+00
1.368159e+00	1.370804e+00	1.095097e+01	1.052017e+01	1.014397e+01	9.861918e+00
9.628498e+00	9.156378e+00	8.724076e+00	8.329269e+00	7.971312e+00	7.649642e+00
7.363870e+00	7.112772e+00	6.894499e+00	6.706186e+00	6.542749e+00	6.398464e+00
6.266939e+00	6.133457e+00	5.976278e+00	5.760953e+00	5.405356e+00	5.108036e+00
4.625053e+00	3.947219e+00	2.599559e+00	2.051847e+00	1.506662e+00	1.428831e+00
1.376216e+00	1.370886e+00	1.363046e+00	1.367582e+00	1.095270e+01	1.052341e+01
1.015159e+01	9.871976e+00	9.640248e+00	9.171781e+00	8.743722e+00	8.353924e+00
8.001599e+00	7.686009e+00	7.406597e+00	7.162162e+00	6.950890e+00	6.769877e+00
6.613974e+00	6.477938e+00	6.357349e+00	6.240983e+00	6.108512e+00	5.918965e+00
5.584934e+00	5.300139e+00	4.836574e+00	4.169630e+00	2.767647e+00	2.166249e+00
1.530728e+00	1.436611e+00	1.375678e+00	1.370103e+00	1.361250e+00	1.365173e+00
1.097019e+01	1.053989e+01	1.016598e+01	9.884914e+00	9.652580e+00	9.185002e+00
8.759865e+00	8.374658e+00	8.028042e+00	7.718646e+00	7.445171e+00	7.206397e+00
7.000624e+00	6.825130e+00	6.674928e+00	6.545735e+00	6.436054e+00	6.340212e+00
6.239590e+00	6.077967e+00	5.754992e+00	5.477837e+00	5.041129e+00	4.403558e+00
2.954552e+00	2.289790e+00	1.558447e+00	1.449886e+00	1.376884e+00	1.368374e+00
1.361104e+00	1.363424e+00	1.096200e+01	1.053468e+01	1.016410e+01	9.886068e+00
9.656434e+00	9.193787e+00	8.772971e+00	8.391927e+00	8.049296e+00	7.743685e+00
7.473854e+00	7.238904e+00	7.037644e+00	6.868062e+00	6.726225e+00	6.608414e+00
6.512404e+00	6.430516e+00	6.343489e+00	6.202024e+00	5.911543e+00	5.654355e+00
5.241478e+00	4.625188e+00	3.151818e+00	2.424625e+00	1.592348e+00	1.466942e+00
1.377906e+00	1.368262e+00	1.357569e+00	1.361292e+00	1.094652e+01	1.052588e+01
1.016126e+01	9.886794e+00	9.659230e+00	9.201334e+00	8.784779e+00	8.407456e+00
8.068078e+00	7.765444e+00	7.498574e+00	7.266908e+00	7.069775e+00	6.905916e+00
6.772616e+00	6.666757e+00	6.584599e+00	6.514543e+00	6.436804e+00	6.313794e+00
6.061687e+00	5.829041e+00	5.439678e+00	4.843777e+00	3.360521e+00	2.571592e+00
1.631496e+00	1.487191e+00	1.379128e+00	1.368204e+00	1.352480e+00	1.359209e+00
1.093578e+01	1.052217e+01	1.016160e+01	9.889345e+00	9.663950e+00	9.209869e+00
8.796390e+00	8.421760e+00	8.084902e+00	7.784900e+00	7.521068e+00	7.293006e+00
7.100239e+00	6.941755e+00	6.815214e+00	6.717837e+00	6.646042e+00	6.588309e+00
6.525650e+00	6.424272e+00	6.206618e+00	5.996741e+00	5.630750e+00	5.058064e+00
3.578529e+00	2.736359e+00	1.676365e+00	1.509067e+00	1.381490e+00	1.368555e+00
1.352107e+00	1.357756e+00	1.092733e+01	1.052052e+01	1.016558e+01	9.895803e+00
9.670906e+00	9.219008e+00	8.807436e+00	8.434593e+00	8.099597e+00	7.801827e+00
7.540902e+00	7.316473e+00	7.128048e+00	6.974492e+00	6.853264e+00	6.761816e+00
6.697753e+00	6.651838e+00	6.607136e+00	6.529198e+00	6.343330e+00	6.154998e+00
5.811796e+00	5.264085e+00	3.804414e+00	2.921489e+00	1.730204e+00	1.534545e+00
1.386328e+00	1.370419e+00	1.353717e+00	1.356746e+00	1.091601e+01	1.051828e+01
1.017060e+01	9.903202e+00	9.678476e+00	9.228081e+00	8.817868e+00	8.446559e+00
8.113344e+00	7.817674e+00	7.559276e+00	7.337878e+00	7.153069e+00	7.003773e+00
6.887468e+00	6.801780e+00	6.744856e+00	6.708359e+00	6.677318e+00	6.621494e+00
6.470290e+00	6.303343e+00	5.982616e+00	5.459799e+00	4.033583e+00	3.116805e+00
1.793464e+00	1.568642e+00	1.392376e+00	1.373670e+00	1.353220e+00	1.356144e+00
1.090224e+01	1.051556e+01	1.017632e+01	9.911197e+00	9.686135e+00	9.236801e+00
8.827626e+00	8.457663e+00	8.126115e+00	7.832419e+00	7.576332e+00	7.357653e+00
7.176066e+00	7.030605e+00	6.918848e+00	6.838581e+00	6.788277e+00	6.760011e+00
6.740770e+00	6.706178e+00	6.590249e+00	6.444562e+00	6.146990e+00	5.650499e+00
4.268061e+00	3.322855e+00	1.866734e+00	1.611892e+00	1.399872e+00	1.378026e+00
1.351814e+00	1.355702e+00	1.088533e+01	1.051087e+01	1.017773e+01	9.914560e+00
9.688840e+00	9.241476e+00	8.833831e+00	8.465228e+00	8.135120e+00	7.843175e+00
7.589364e+00	7.373355e+00	7.194622e+00	7.052189e+00	6.943986e+00	6.868259e+00
6.824123e+00	6.804600e+00	6.797958e+00	6.781562e+00	6.692043e+00	6.566470e+00
6.303000e+00	5.848744e+00	4.501189e+00	3.519387e+00	1.952551e+00	1.665265e+00
1.407778e+00	1.378648e+00	1.351553e+00	1.355048e+00	1.086217e+01	1.049995e+01
1.017589e+01	9.915318e+00	9.689211e+00	9.243358e+00	8.837147e+00	8.469721e+00
8.140746e+00	7.850233e+00	7.598502e+00	7.384985e+00	7.208681e+00	7.068469e+00
6.962831e+00	6.890704e+00	6.852118e+00	6.841641e+00	6.848319e+00	6.846574e+00
6.773533e+00	6.666042e+00	6.448174e+00	6.057856e+00	4.727738e+00	3.696988e+00
2.059275e+00	1.738234e+00	1.416154e+00	1.372963e+00	1.353730e+00	1.353934e+00
1.084182e+01	1.049180e+01	1.017618e+01	9.917599e+00	9.690890e+00	9.246617e+00
8.841596e+00	8.475166e+00	8.147178e+00	7.857876e+00	7.607763e+00	7.396216e+00
7.222029e+00	7.084056e+00	6.980987e+00	6.912093e+00	6.878030e+00	6.874431e+00
6.891580e+00	6.904485e+00	6.853263e+00	6.764313e+00	6.580073e+00	6.236566e+00
4.957885e+00	3.903475e+00	2.170576e+00	1.810981e+00	1.428359e+00	1.373850e+00
1.356682e+00	1.353339e+00	1.082444e+01	1.048585e+01	1.017822e+01	9.921843e+00
9.694542e+00	9.251109e+00	8.846788e+00	8.481148e+00	8.154050e+00	7.865792e+00
7.616897e+00	7.406811e+00	7.234342e+00	7.098432e+00	6.997857e+00	6.932011e+00
6.901730e+00	6.902919e+00	6.927313e+00	6.954906e+00	6.931498e+00	6.861204e+00
6.697581e+00	6.383048e+00	5.188367e+00	4.140793e+00	2.288144e+00	1.884841e+00
1.445977e+00	1.381674e+00	1.358528e+00	1.353003e+00	1.080959e+01	1.048086e+01
1.017994e+01	9.925424e+00	9.697594e+00	9.254880e+00	8.851154e+00	8.486308e+00
8.160179e+00	7.872983e+00	7.625170e+00	7.416196e+00	7.244969e+00	7.110604e+00
7.012200e+00	6.949377e+00	6.922649e+00	6.927207e+00	6.956001e+00	6.997566e+00
7.005095e+00	6.952803e+00	6.801785e+00	6.505264e+00	5.411137e+00	4.390462e+00
2.419251e+00	1.967324e+00	1.468062e+00	1.392428e+00	1.358413e+00	1.352732e+00
1.079843e+01	1.047769e+01	1.018256e+01	9.929643e+00	9.701354e+00	9.259199e+00
8.856039e+00	8.491909e+00	8.166599e+00	7.880315e+00	7.633417e+00	7.425365e+00
7.255142e+00	7.121956e+00	7.025225e+00	6.964809e+00	6.941275e+00	6.949807e+00
6.984085e+00	7.035715e+00	7.063736e+00	7.028524e+00	6.901820e+00	6.637998e+00
5.621732e+00	4.623372e+00	2.571168e+00	2.066596e+00	1.491917e+00	1.401775e+00
1.362983e+00	1.352668e+00	1.078700e+01	1.047367e+01	1.018324e+01	9.931269e+00
9.702518e+00	9.261261e+00	8.858849e+00	8.495525e+00	8.171051e+00	7.885525e+00
7.639239e+00	7.431819e+00	7.262580e+00	7.130872e+00	7.035917e+00	6.977538e+00
6.956519e+00	6.968543e+00	7.007856e+00	7.066767e+00	7.112489e+00	7.096662e+00
6.997288e+00	6.758564e+00	5.804282e+00	4.867678e+00	2.741479e+00	2.172839e+00
1.518281e+00	1.415476e+00	1.364125e+00	1.352534e+00	1.077478e+01	1.046791e+01
1.018214e+01	9.931518e+00	9.702522e+00	9.261848e+00	8.860030e+00	8.497397e+00
8.173661e+00	7.888730e+00	7.642826e+00	7.435808e+00	7.267435e+00	7.137279e+00
7.044078e+00	6.987364e+00	6.968196e+00	6.983015e+00	7.026550e+00	7.090663e+00
7.151787e+00	7.156207e+00	7.084694e+00	6.861517e+00	5.956371e+00	5.122718e+00
2.931775e+00	2.285763e+00	1.548729e+00	1.438061e+00	1.359719e+00	1.352150e+00
1.076425e+01	1.046279e+01	1.018147e+01	9.931801e+00	9.702512e+00	9.262227e+00
8.860906e+00	8.498922e+00	8.175928e+00	7.891676e+00	7.646268e+00	7.439676e+00
7.271880e+00	7.142591e+00	7.050497e+00	6.995155e+00	6.977780e+00	6.995154e+00
7.042539e+00	7.112750e+00	7.185732e+00	7.202364e+00	7.155067e+00	6.964048e+00
6.121092e+00	5.340052e+00	3.132053e+00	2.421363e+00	1.585729e+00	1.456720e+00
1.362268e+00	1.351760e+00	1.075512e+01	1.045869e+01	1.018098e+01	9.932160e+00
9.702496e+00	9.262597e+00	8.861770e+00	8.500425e+00	8.178152e+00	7.894574e+00
7.649680e+00	7.443510e+00	7.276179e+00	7.147524e+00	7.056312e+00	7.002180e+00
6.986465e+00	7.006176e+00	7.057102e+00	7.133375e+00	7.216568e+00	7.242700e+00
7.217556e+00	7.062968e+00	6.287934e+00	5.544619e+00	3.344292e+00	2.574163e+00
1.628233e+00	1.475474e+00	1.367752e+00	1.351435e+00	1.074922e+01	1.045774e+01
1.018174e+01	9.933581e+00	9.703378e+00	9.264023e+00	8.863763e+00	8.503028e+00
8.181343e+00	7.898304e+00	7.653842e+00	7.448075e+00	7.281224e+00	7.153198e+00
7.062797e+00	7.009693e+00	6.995374e+00	7.017066e+00	7.071051e+00	7.152598e+00
7.244915e+00	7.279572e+00	7.273800e+00	7.151204e+00	6.443992e+00	5.746566e+00
3.567666e+00	2.738728e+00	1.676818e+00	1.498860e+00	1.373596e+00	1.351418e+00
1.074526e+01	1.045752e+01	1.018485e+01	9.937250e+00	9.706748e+00	9.267551e+00
8.867470e+00	8.506933e+00	8.185441e+00	7.902681e+00	7.658539e+00	7.453151e+00
7.286764e+00	7.159289e+00	7.069553e+00	7.017244e+00	7.004027e+00	7.027312e+00
7.083849e+00	7.169923e+00	7.270093e+00	7.311963e+00	7.322621e+00	7.228290e+00
6.588289e+00	5.940178e+00	3.800912e+00	2.917905e+00	1.734541e+00	1.528507e+00
1.380950e+00	1.351526e+00	1.074082e+01	1.045670e+01	1.018607e+01	9.939002e+00
9.708230e+00	9.269328e+00	8.869512e+00	8.509163e+00	8.187833e+00	7.905266e+00
7.661446e+00	7.456490e+00	7.290628e+00	7.163765e+00	7.074646e+00	7.022964e+00
7.010557e+00	7.035140e+00	7.093982e+00	7.184118e+00	7.290439e+00	7.337834e+00
7.362545e+00	7.296409e+00	6.720294e+00	6.116853e+00	4.040320e+00	3.109822e+00
1.800334e+00	1.562948e+00	1.389362e+00	1.351547e+00	1.073630e+01	1.045515e+01
1.018685e+01	9.940223e+00	9.709235e+00	9.270599e+00	8.871022e+00	8.510828e+00
8.189628e+00	7.907210e+00	7.663680e+00	7.459136e+00	7.293777e+00	7.167496e+00
7.078933e+00	7.027796e+00	7.016068e+00	7.041773e+00	7.102669e+00	7.196451e+00
7.308158e+00	7.360304e+00	7.397371e+00	7.357568e+00	6.844390e+00	6.285331e+00
4.286644e+00	3.313768e+00	1.874659e+00	1.603026e+00	1.398942e+00	1.351556e+00
1.073209e+01	1.045361e+01	1.018706e+01	9.940878e+00	9.709589e+00	9.271181e+00
8.871857e+00	8.511879e+00	8.190910e+00	7.908794e+00	7.665707e+00	7.461632e+00
7.296518e+00	7.170302e+00	7.082129e+00	7.031868e+00	7.021297e+00	7.047996e+00
7.109214e+00	7.204823e+00	7.324711e+00	7.384639e+00	7.427452e+00	7.392574e+00
6.958624e+00	6.477606e+00	4.521627e+00	3.508999e+00	1.958968e+00	1.654013e+00
1.409934e+00	1.351555e+00	1.072793e+01	1.045200e+01	1.018708e+01	9.941232e+00
9.709685e+00	9.271432e+00	8.872319e+00	8.512560e+00	8.191870e+00	7.910166e+00
7.667680e+00	7.464160e+00	7.298930e+00	7.172311e+00	7.084593e+00	7.035485e+00
7.026619e+00	7.054250e+00	7.113514e+00	7.209470e+00	7.340178e+00	7.413575e+00
7.453230e+00	7.407973e+00	7.060819e+00	6.715853e+00	4.735338e+00	3.684789e+00
2.058357e+00	1.727031e+00	1.423339e+00	1.351517e+00	1.073172e+01	1.045455e+01
1.018823e+01	9.941064e+00	9.708320e+00	9.269044e+00	8.869887e+00	8.510539e+00
8.190496e+00	7.909506e+00	7.667588e+00	7.464555e+00	7.300110e+00	7.173788e+00
7.084803e+00	7.033748e+00	7.023358e+00	7.053425e+00	7.122924e+00	7.224985e+00
7.351660e+00	7.417891e+00	7.468636e+00	7.447114e+00	7.157505e+00	6.808443e+00
4.978273e+00	3.920052e+00	2.169201e+00	1.787162e+00	1.437175e+00	1.351306e+00
1.073873e+01	1.045903e+01	1.019054e+01	9.940811e+00	9.706163e+00	9.265186e+00
8.865920e+00	8.507195e+00	8.188144e+00	7.908229e+00	7.667119e+00	7.464735e+00
7.301059e+00	7.175210e+00	7.084761e+00	7.030271e+00	7.016998e+00	7.050840e+00
7.134331e+00	7.245818e+00	7.360621e+00	7.418419e+00	7.480672e+00	7.502618e+00
7.244447e+00	6.863852e+00	5.232023e+00	4.193113e+00	2.294195e+00	1.846565e+00
1.452546e+00	1.351046e+00	1.073583e+01	1.045817e+01	1.019086e+01	9.941604e+00
9.706883e+00	9.266122e+00	8.866979e+00	8.508352e+00	8.189386e+00	7.909510e+00
7.668456e+00	7.466212e+00	7.302605e+00	7.176965e+00	7.087284e+00	7.033384e+00
7.020715e+00	7.055127e+00	7.137811e+00	7.250089e+00	7.368115e+00	7.430878e+00
7.497981e+00	7.529425e+00	7.315947e+00	6.986359e+00	5.449484e+00	4.418392e+00
2.435855e+00	1.939313e+00	1.472167e+00	1.351066e+00	1.071929e+01	1.044795e+01
1.018592e+01	9.939916e+00	9.707043e+00	9.268186e+00	8.869413e+00	8.510406e+00
8.190707e+00	7.910026e+00	7.668380e+00	7.465691e+00	7.302073e+00	7.177158e+00
7.089586e+00	7.039558e+00	7.030074e+00	7.061557e+00	7.133681e+00	7.240154e+00
7.370859e+00	7.442900e+00	7.514960e+00	7.551163e+00	7.380128e+00	7.086847e+00
5.654694e+00	4.644491e+00	2.591166e+00	2.045857e+00	1.494625e+00	1.350922e+00
1.071178e+01	1.044362e+01	1.018387e+01	9.939351e+00	9.707441e+00	9.270100e+00
8.871522e+00	8.512275e+00	8.192081e+00	7.910774e+00	7.668525e+00	7.465647e+00
7.302037e+00	7.177642e+00	7.091742e+00	7.043895e+00	7.036152e+00	7.066471e+00
7.132328e+00	7.236352e+00	7.374499e+00	7.452554e+00	7.529473e+00	7.571936e+00
7.435864e+00	7.176070e+00	5.845621e+00	4.866507e+00	2.760765e+00	2.166470e+00
1.519966e+00	1.350865e+00	1.071131e+01	1.044420e+01	1.018550e+01	9.941179e+00
9.709072e+00	9.271469e+00	8.872858e+00	8.513637e+00	8.193468e+00	7.912260e+00
7.670243e+00	7.467457e+00	7.303982e+00	7.179718e+00	7.093686e+00	7.045885e+00
7.038374e+00	7.069305e+00	7.137097e+00	7.242560e+00	7.381154e+00	7.459397e+00
7.541029e+00	7.592690e+00	7.482807e+00	7.253941e+00	6.019505e+00	5.081138e+00
2.946646e+00	2.303837e+00	1.548995e+00	1.350929e+00	