1.680736e-01	1.754079e-01	1.828020e-01	1.902204e-01	1.976421e-01	2.123832e-01
2.268443e-01	2.408985e-01	2.545392e-01	2.679029e-01	2.813742e-01	2.952081e-01
3.099719e-01	3.266755e-01	3.472621e-01	3.731267e-01	4.022404e-01	4.272748e-01
4.404719e-01	4.452621e-01	4.507750e-01	4.600503e-01	4.857101e-01	5.160909e-01
4.979641e-01	4.801692e-01	4.903030e-01	4.951375e-01	4.951427e-01	4.945409e-01
4.960875e-01	4.930094e-01	1.908766e-01	1.988850e-01	2.069510e-01	2.150384e-01
2.231262e-01	2.391876e-01	2.549495e-01	2.702836e-01	2.851868e-01	2.998056e-01
3.145445e-01	3.296697e-01	3.457709e-01	3.638970e-01	3.860616e-01	4.136838e-01
4.445995e-01	4.711717e-01	4.853795e-01	4.907957e-01	4.968383e-01	5.065156e-01
5.329948e-01	5.642117e-01	5.459521e-01	5.278444e-01	5.382362e-01	5.431649e-01
5.431556e-01	5.425404e-01	5.441154e-01	5.410020e-01	2.167735e-01	2.255044e-01
2.342902e-01	2.430943e-01	2.518962e-01	2.693750e-01	2.865369e-01	3.032531e-01
3.195245e-01	3.355073e-01	3.516252e-01	3.681543e-01	3.857044e-01	4.053595e-01
4.291962e-01	4.586494e-01	4.914194e-01	5.195786e-01	5.348657e-01	5.409857e-01
5.476087e-01	5.576739e-01	5.848828e-01	6.168194e-01	5.985647e-01	5.802532e-01
5.908555e-01	5.958508e-01	5.958243e-01	5.951987e-01	5.967930e-01	5.936664e-01
2.461838e-01	2.556867e-01	2.652410e-01	2.748107e-01	2.843758e-01	3.033722e-01
3.220379e-01	3.402443e-01	3.579966e-01	3.754606e-01	3.930771e-01	4.111314e-01
4.302499e-01	4.515462e-01	4.771503e-01	5.085025e-01	5.431698e-01	5.729586e-01
5.893971e-01	5.963082e-01	6.035671e-01	6.139991e-01	6.418222e-01	6.743323e-01
6.562474e-01	6.378656e-01	6.486189e-01	6.536472e-01	6.536000e-01	6.529680e-01
6.545704e-01	6.514574e-01	2.795844e-01	2.899086e-01	3.002806e-01	3.106651e-01
3.210433e-01	3.416601e-01	3.619373e-01	3.817477e-01	4.011009e-01	4.201715e-01
4.394157e-01	4.591256e-01	4.799400e-01	5.029954e-01	5.304622e-01	5.637744e-01
6.003700e-01	6.318227e-01	6.494882e-01	6.572882e-01	6.652437e-01	6.760133e-01
7.043047e-01	7.372078e-01	7.194889e-01	7.011983e-01	7.120295e-01	7.170497e-01
7.169782e-01	7.163443e-01	7.179415e-01	7.148742e-01	3.175165e-01	3.287109e-01
3.399490e-01	3.511974e-01	3.624388e-01	3.847803e-01	4.067801e-01	4.283137e-01
4.493952e-01	4.702068e-01	4.912169e-01	5.127224e-01	5.353689e-01	5.603068e-01
5.897307e-01	6.250541e-01	6.635938e-01	6.967344e-01	7.157057e-01	7.245041e-01
7.332229e-01	7.442909e-01	7.728700e-01	8.059459e-01	7.888248e-01	7.708191e-01
7.816392e-01	7.866022e-01	7.865020e-01	7.858718e-01	7.874478e-01	7.844644e-01
3.605949e-01	3.727066e-01	3.848579e-01	3.970179e-01	4.091719e-01	4.333425e-01
4.571788e-01	4.805599e-01	5.035042e-01	5.262004e-01	5.491249e-01	5.725759e-01
5.971993e-01	6.241483e-01	6.556212e-01	6.929946e-01	7.334756e-01	7.683149e-01
7.886744e-01	7.985937e-01	8.081487e-01	8.194646e-01	8.481103e-01	8.810931e-01
8.648426e-01	8.473525e-01	8.580542e-01	8.629011e-01	8.627674e-01	8.621476e-01
8.636832e-01	8.608289e-01	4.095180e-01	4.225909e-01	4.356994e-01	4.488166e-01
4.619307e-01	4.880337e-01	5.138217e-01	5.391791e-01	5.641283e-01	5.888619e-01
6.138594e-01	6.394165e-01	6.661706e-01	6.952639e-01	7.288736e-01	7.683199e-01
8.107164e-01	8.472493e-01	8.690825e-01	8.802599e-01	8.907309e-01	9.022308e-01
9.306753e-01	9.632472e-01	9.481861e-01	9.314847e-01	9.419397e-01	9.466009e-01
9.464281e-01	9.458266e-01	9.472992e-01	9.446272e-01	4.650786e-01	4.791519e-01
4.932574e-01	5.073735e-01	5.214922e-01	5.496274e-01	5.774825e-01	6.049488e-01
6.320517e-01	6.589853e-01	6.862253e-01	7.140599e-01	7.431075e-01	7.744824e-01
8.103106e-01	8.518328e-01	8.960914e-01	9.342933e-01	9.576885e-01	9.702775e-01
9.817519e-01	9.933565e-01	1.021278e+00	1.053061e+00	1.039561e+00	1.023970e+00
1.034026e+00	1.038419e+00	1.038201e+00	1.037627e+00	1.039010e+00	1.036583e+00
5.281773e-01	5.432831e-01	5.584190e-01	5.735702e-01	5.887337e-01	6.189947e-01
6.490306e-01	6.787412e-01	7.081534e-01	7.374592e-01	7.671222e-01	7.974169e-01
8.289299e-01	8.627270e-01	9.008465e-01	9.444231e-01	9.904570e-01	1.030280e+00
1.055328e+00	1.069500e+00	1.082074e+00	1.093686e+00	1.120701e+00	1.151250e+00
1.139742e+00	1.125639e+00	1.135115e+00	1.139144e+00	1.138873e+00	1.138338e+00
1.139600e+00	1.137490e+00	5.998368e-01	6.159979e-01	6.321888e-01	6.484036e-01
6.646453e-01	6.971166e-01	7.294433e-01	7.615349e-01	7.934181e-01	8.252780e-01
8.575557e-01	8.905048e-01	9.246641e-01	9.610263e-01	1.001498e+00	1.047078e+00
1.094760e+00	1.136128e+00	1.162923e+00	1.178870e+00	1.192648e+00	1.204149e+00
1.229804e+00	1.258594e+00	1.249577e+00	1.237402e+00	1.246086e+00	1.249639e+00
1.249307e+00	1.248824e+00	1.249929e+00	1.248220e+00	6.812186e-01	6.984450e-01
7.157039e-01	7.330005e-01	7.503450e-01	7.850981e-01	8.198189e-01	8.544278e-01
8.889489e-01	9.235545e-01	9.586502e-01	9.944594e-01	1.031455e+00	1.070526e+00
1.113395e+00	1.160890e+00	1.210047e+00	1.252850e+00	1.281487e+00	1.299425e+00
1.314521e+00	1.325768e+00	1.349527e+00	1.375946e+00	1.369997e+00	1.360261e+00
1.367907e+00	1.370851e+00	1.370450e+00	1.370033e+00	1.370938e+00	1.369730e+00
7.736417e-01	7.919272e-01	8.102517e-01	8.286347e-01	8.470949e-01	8.841836e-01
9.213916e-01	9.586519e-01	9.959822e-01	1.033534e+00	1.071662e+00	1.110549e+00
1.150579e+00	1.192502e+00	1.237795e+00	1.287074e+00	1.337475e+00	1.381565e+00
1.412139e+00	1.432307e+00	1.448848e+00	1.459671e+00	1.480906e+00	1.504241e+00
1.502021e+00	1.495319e+00	1.501637e+00	1.503821e+00	1.503339e+00	1.503007e+00
1.503663e+00	1.503067e+00	8.786041e-01	8.979213e-01	9.172897e-01	9.367462e-01
9.563197e-01	9.957745e-01	1.035549e+00	1.075589e+00	1.115903e+00	1.156610e+00
1.197997e+00	1.240191e+00	1.283461e+00	1.328376e+00	1.376093e+00	1.426973e+00
1.478322e+00	1.523503e+00	1.556111e+00	1.578778e+00	1.596901e+00	1.607098e+00
1.625075e+00	1.644498e+00	1.646769e+00	1.643787e+00	1.648440e+00	1.649689e+00
1.649115e+00	1.648887e+00	1.649238e+00	1.649385e+00	9.978071e-01	1.018102e+00
1.038468e+00	1.058963e+00	1.079628e+00	1.121449e+00	1.163850e+00	1.206791e+00
1.250262e+00	1.294343e+00	1.339225e+00	1.384967e+00	1.431689e+00	1.479731e+00
1.529844e+00	1.582078e+00	1.634001e+00	1.680023e+00	1.714762e+00	1.740228e+00
1.760083e+00	1.769416e+00	1.783279e+00	1.797833e+00	1.805465e+00	1.806996e+00
1.809596e+00	1.809706e+00	1.809026e+00	1.808926e+00	1.808906e+00	1.809946e+00
1.133946e+00	1.155026e+00	1.176216e+00	1.197604e+00	1.219245e+00	1.263295e+00
1.308315e+00	1.354284e+00	1.401163e+00	1.448972e+00	1.497764e+00	1.547502e+00
1.598094e+00	1.649552e+00	1.702045e+00	1.755206e+00	1.807048e+00	1.853559e+00
1.890843e+00	1.919960e+00	1.942018e+00	1.949991e+00	1.957865e+00	1.965433e+00
1.980237e+00	1.988024e+00	1.987839e+00	1.986374e+00	1.985505e+00	1.985569e+00
1.985051e+00	1.987366e+00	1.288026e+00	1.309820e+00	1.331772e+00	1.354000e+00
1.376580e+00	1.422826e+00	1.470492e+00	1.519568e+00	1.569979e+00	1.621669e+00
1.674531e+00	1.728412e+00	1.782979e+00	1.837870e+00	1.892596e+00	1.946337e+00
1.997636e+00	2.044268e+00	2.083995e+00	2.116827e+00	2.141085e+00	2.147495e+00
2.148758e+00	2.148683e+00	2.171301e+00	2.185891e+00	2.182571e+00	2.179383e+00
2.178350e+00	2.178603e+00	2.177533e+00	2.181193e+00	1.459062e+00	1.481963e+00
1.505034e+00	1.528416e+00	1.552188e+00	1.601011e+00	1.651496e+00	1.703626e+00
1.757303e+00	1.812406e+00	1.868721e+00	1.926007e+00	1.983789e+00	2.041458e+00
2.098132e+00	2.152696e+00	2.203903e+00	2.250378e+00	2.290730e+00	2.324672e+00
2.349512e+00	2.355102e+00	2.353319e+00	2.349871e+00	2.377273e+00	2.395357e+00
2.389717e+00	2.385582e+00	2.384759e+00	2.385198e+00	2.383737e+00	2.387816e+00
1.647364e+00	1.672012e+00	1.696787e+00	1.721829e+00	1.747215e+00	1.799232e+00
1.852814e+00	1.907903e+00	1.964404e+00	2.022155e+00	2.080923e+00	2.140425e+00
2.200190e+00	2.259545e+00	2.317585e+00	2.373151e+00	2.424819e+00	2.470908e+00
2.509872e+00	2.542048e+00	2.565794e+00	2.571566e+00	2.571134e+00	2.569691e+00
2.597540e+00	2.614837e+00	2.608152e+00	2.604102e+00	2.603913e+00	2.604509e+00
2.602906e+00	2.606245e+00	1.850088e+00	1.877564e+00	1.905074e+00	1.932689e+00
1.960503e+00	2.017020e+00	2.074533e+00	2.132893e+00	2.191933e+00	2.251426e+00
2.311092e+00	2.370633e+00	2.429688e+00	2.487803e+00	2.544633e+00	2.599521e+00
2.651024e+00	2.697086e+00	2.735738e+00	2.767252e+00	2.791104e+00	2.798471e+00
2.801525e+00	2.803335e+00	2.826281e+00	2.839149e+00	2.834272e+00	2.831462e+00
2.831787e+00	2.832346e+00	2.831097e+00	2.833008e+00	2.070102e+00	2.101454e+00
2.132694e+00	2.163753e+00	2.194760e+00	2.256969e+00	2.319096e+00	2.380856e+00
2.441973e+00	2.502183e+00	2.561204e+00	2.618790e+00	2.674817e+00	2.729294e+00
2.782878e+00	2.835787e+00	2.886587e+00	2.932677e+00	2.971383e+00	3.002584e+00
3.027153e+00	3.037191e+00	3.045723e+00	3.052312e+00	3.066096e+00	3.071615e+00
3.070546e+00	3.069878e+00	3.070726e+00	3.071122e+00	3.070594e+00	3.070421e+00
2.307276e+00	2.343532e+00	2.379398e+00	2.414577e+00	2.449228e+00	2.517448e+00
2.583722e+00	2.647736e+00	2.709312e+00	2.768539e+00	2.825658e+00	2.880610e+00
2.933429e+00	2.984368e+00	3.034584e+00	3.084739e+00	3.133425e+00	3.177821e+00
3.215076e+00	3.245295e+00	3.270302e+00	3.282022e+00	3.294192e+00	3.304095e+00
3.312386e+00	3.313432e+00	3.313899e+00	3.314577e+00	3.316408e+00	3.316846e+00
3.316757e+00	3.314460e+00	2.559253e+00	2.601805e+00	2.643500e+00	2.683685e+00
2.722533e+00	2.797005e+00	2.866526e+00	2.930959e+00	2.990603e+00	3.046527e+00
3.100294e+00	3.152178e+00	3.202199e+00	3.250448e+00	3.297709e+00	3.344341e+00
3.389020e+00	3.429298e+00	3.463008e+00	3.491422e+00	3.516508e+00	3.528287e+00
3.541069e+00	3.551902e+00	3.560691e+00	3.562076e+00	3.560403e+00	3.561101e+00
3.564562e+00	3.565358e+00	3.565244e+00	3.560902e+00	2.828143e+00	2.877427e+00
2.925322e+00	2.970749e+00	3.013908e+00	3.094539e+00	3.166735e+00	3.230577e+00
3.286930e+00	3.337952e+00	3.386684e+00	3.433766e+00	3.479258e+00	3.523172e+00
3.566060e+00	3.608106e+00	3.648055e+00	3.683649e+00	3.713144e+00	3.738760e+00
3.763185e+00	3.775265e+00	3.788732e+00	3.800287e+00	3.809400e+00	3.810889e+00
3.807370e+00	3.808130e+00	3.813037e+00	3.814161e+00	3.813979e+00	3.807781e+00
3.112957e+00	3.169126e+00	3.223309e+00	3.273957e+00	3.321307e+00	3.407582e+00
3.481567e+00	3.543583e+00	3.595136e+00	3.639563e+00	3.681475e+00	3.721917e+00
3.761030e+00	3.798857e+00	3.835865e+00	3.872210e+00	3.906681e+00	3.937036e+00
3.961710e+00	3.983637e+00	4.006652e+00	4.019141e+00	4.033288e+00	4.045336e+00
4.054372e+00	4.055627e+00	4.050814e+00	4.051695e+00	4.057695e+00	4.059069e+00
4.058756e+00	4.051237e+00	3.412857e+00	3.475533e+00	3.535571e+00	3.590941e+00
3.641916e+00	3.732511e+00	3.806786e+00	3.865330e+00	3.910350e+00	3.946459e+00
3.979859e+00	4.012042e+00	4.043208e+00	4.073486e+00	4.103276e+00	4.132741e+00
4.160722e+00	4.185025e+00	4.204259e+00	4.221994e+00	4.242996e+00	4.255430e+00
4.269683e+00	4.281728e+00	4.290481e+00	4.291558e+00	4.286029e+00	4.286968e+00
4.293503e+00	4.294993e+00	4.294479e+00	4.286684e+00	3.728513e+00	3.796694e+00
3.861593e+00	3.920655e+00	3.974217e+00	4.067136e+00	4.139803e+00	4.193111e+00
4.229984e+00	4.256238e+00	4.279608e+00	4.301994e+00	4.323689e+00	4.344944e+00
4.366172e+00	4.387600e+00	4.408193e+00	4.425799e+00	4.439199e+00	4.452379e+00
4.470704e+00	4.482533e+00	4.496081e+00	4.507365e+00	4.515608e+00	4.516588e+00
4.511159e+00	4.512060e+00	4.518375e+00	4.519829e+00	4.519388e+00	4.511941e+00
4.059773e+00	4.131857e+00	4.200065e+00	4.261370e+00	4.316182e+00	4.409060e+00
4.478084e+00	4.524291e+00	4.551306e+00	4.566106e+00	4.577841e+00	4.588852e+00
4.599575e+00	4.610455e+00	4.621917e+00	4.634269e+00	4.646619e+00	4.656905e+00
4.664054e+00	4.672235e+00	4.687113e+00	4.697737e+00	4.709617e+00	4.719180e+00
4.726610e+00	4.727585e+00	4.723144e+00	4.723895e+00	4.729165e+00	4.730385e+00
4.730057e+00	4.723843e+00	4.401319e+00	4.475448e+00	4.545056e+00	4.606625e+00
4.660684e+00	4.749642e+00	4.811641e+00	4.848240e+00	4.863740e+00	4.866000e+00
4.865110e+00	4.863730e+00	4.862330e+00	4.861560e+00	4.862010e+00	4.864240e+00
4.867530e+00	4.869980e+00	4.870640e+00	4.873590e+00	4.884189e+00	4.892709e+00
4.901739e+00	4.908579e+00	4.914789e+00	4.915839e+00	4.913379e+00	4.913859e+00
4.917159e+00	4.917909e+00	4.917699e+00	4.913779e+00	4.746996e+00	4.827790e+00
4.901775e+00	4.963526e+00	5.014116e+00	5.089177e+00	5.132948e+00	5.153735e+00
5.156658e+00	5.148709e+00	5.138528e+00	5.127479e+00	5.114508e+00	5.099736e+00
5.085823e+00	5.075236e+00	5.067686e+00	5.061544e+00	5.056081e+00	5.055137e+00
5.061015e+00	5.065013e+00	5.069682e+00	5.073983e+00	5.078293e+00	5.079296e+00
5.079672e+00	5.079814e+00	5.080377e+00	5.080421e+00	5.080441e+00	5.079837e+00
5.105138e+00	5.191955e+00	5.269261e+00	5.329548e+00	5.374616e+00	5.431301e+00
5.452809e+00	5.455064e+00	5.443801e+00	5.424715e+00	5.404538e+00	5.383124e+00
5.357811e+00	5.328156e+00	5.299057e+00	5.274946e+00	5.255958e+00	5.240719e+00
5.228686e+00	5.223323e+00	5.223666e+00	5.222575e+00	5.222162e+00	5.223258e+00
5.225326e+00	5.226277e+00	5.229898e+00	5.229646e+00	5.227041e+00	5.226281e+00
5.226561e+00	5.229859e+00	5.480774e+00	5.559800e+00	5.629162e+00	5.681782e+00
5.719666e+00	5.763135e+00	5.771166e+00	5.757746e+00	5.728956e+00	5.691420e+00
5.653038e+00	5.614420e+00	5.573903e+00	5.531431e+00	5.491011e+00	5.456171e+00
5.427090e+00	5.402512e+00	5.381898e+00	5.368157e+00	5.360816e+00	5.356430e+00
5.350579e+00	5.345652e+00	5.345301e+00	5.346401e+00	5.353623e+00	5.352878e+00
5.346543e+00	5.344944e+00	5.345434e+00	5.353561e+00	5.867603e+00	5.925560e+00
5.976792e+00	6.016202e+00	6.045108e+00	6.078498e+00	6.079301e+00	6.051950e+00
6.002593e+00	5.940872e+00	5.878451e+00	5.818297e+00	5.761138e+00	5.707533e+00
5.658554e+00	5.615000e+00	5.576825e+00	5.542810e+00	5.512370e+00	5.487931e+00
5.471666e+00	5.464836e+00	5.453372e+00	5.441164e+00	5.438233e+00	5.439509e+00
5.450247e+00	5.448983e+00	5.438867e+00	5.436466e+00	5.437139e+00	5.450183e+00
6.242669e+00	6.287485e+00	6.326183e+00	6.353942e+00	6.372020e+00	6.385372e+00
6.365985e+00	6.316303e+00	6.243395e+00	6.158616e+00	6.075199e+00	5.996874e+00
5.924674e+00	5.858880e+00	5.799365e+00	5.745675e+00	5.697707e+00	5.654150e+00
5.614266e+00	5.580627e+00	5.554288e+00	5.541108e+00	5.521527e+00	5.499646e+00
5.494275e+00	5.494980e+00	5.508588e+00	5.506810e+00	5.493183e+00	5.490017e+00
5.491001e+00	5.507691e+00	6.618233e+00	6.652256e+00	6.679655e+00	6.695048e+00
6.699989e+00	6.686252e+00	6.639424e+00	6.563214e+00	6.465429e+00	6.358185e+00
6.255145e+00	6.160114e+00	6.073592e+00	5.995245e+00	5.924489e+00	5.860192e+00
5.802247e+00	5.749219e+00	5.700202e+00	5.658042e+00	5.621911e+00	5.602028e+00
5.574603e+00	5.543591e+00	5.536222e+00	5.536303e+00	5.552295e+00	5.550071e+00
5.533443e+00	5.529622e+00	5.530896e+00	5.550531e+00	7.032981e+00	7.040081e+00
7.040759e+00	7.030493e+00	7.011248e+00	6.954507e+00	6.873181e+00	6.771469e+00
6.655599e+00	6.534513e+00	6.418123e+00	6.309544e+00	6.209177e+00	6.116436e+00
6.030897e+00	5.951412e+00	5.877869e+00	5.808830e+00	5.744836e+00	5.687027e+00
5.638734e+00	5.616853e+00	5.588209e+00	5.564328e+00	5.545488e+00	5.544258e+00
5.561213e+00	5.559172e+00	5.541803e+00	5.537711e+00	5.539286e+00	5.559494e+00
7.505370e+00	7.457992e+00	7.407918e+00	7.353322e+00	7.296000e+00	7.179493e+00
7.058729e+00	6.934610e+00	6.808806e+00	6.683877e+00	6.562021e+00	6.444501e+00
6.331936e+00	6.224056e+00	6.121679e+00	6.024819e+00	5.933747e+00	5.845987e+00
5.766596e+00	5.694832e+00	5.634575e+00	5.610730e+00	5.588541e+00	5.573596e+00
5.532633e+00	5.518636e+00	5.539380e+00	5.540665e+00	5.523758e+00	5.518573e+00
5.522615e+00	5.540746e+00	7.905710e+00	7.827296e+00	7.747270e+00	7.664868e+00
7.582062e+00	7.421357e+00	7.265269e+00	7.113729e+00	6.966345e+00	6.822596e+00
6.681800e+00	6.544792e+00	6.412672e+00	6.285621e+00	6.164772e+00	6.048333e+00
5.940966e+00	5.847817e+00	5.764260e+00	5.688914e+00	5.621124e+00	5.593853e+00
5.575613e+00	5.559260e+00	5.500980e+00	5.476661e+00	5.499466e+00	5.503527e+00
5.488267e+00	5.482696e+00	5.488162e+00	5.502882e+00	8.254592e+00	8.159013e+00
8.062067e+00	7.962876e+00	7.863485e+00	7.670442e+00	7.482446e+00	7.299246e+00
7.120936e+00	6.947698e+00	6.779840e+00	6.618263e+00	6.463574e+00	6.315949e+00
6.177619e+00	6.052071e+00	5.936646e+00	5.831961e+00	5.740897e+00	5.659261e+00
5.584859e+00	5.552895e+00	5.525860e+00	5.501899e+00	5.435270e+00	5.409016e+00
5.429524e+00	5.434391e+00	5.423331e+00	5.419141e+00	5.423309e+00	5.432063e+00
8.593056e+00	8.482388e+00	8.369046e+00	8.251951e+00	8.133841e+00	7.903066e+00
7.677874e+00	7.459747e+00	7.249101e+00	7.046008e+00	6.851183e+00	6.665348e+00
6.490793e+00	6.326354e+00	6.172252e+00	6.029727e+00	5.901123e+00	5.787574e+00
5.689340e+00	5.601182e+00	5.519609e+00	5.483671e+00	5.451939e+00	5.423169e+00
5.349464e+00	5.319892e+00	5.334516e+00	5.340460e+00	5.335968e+00	5.333683e+00
5.336747e+00	5.336192e+00	8.837038e+00	8.763734e+00	8.676953e+00	8.566401e+00
8.438058e+00	8.157389e+00	7.864531e+00	7.587582e+00	7.330687e+00	7.093080e+00
6.875889e+00	6.669884e+00	6.484903e+00	6.313106e+00	6.152194e+00	6.002946e+00
5.867095e+00	5.743110e+00	5.628638e+00	5.518102e+00	5.412971e+00	5.368017e+00
5.326619e+00	5.292621e+00	5.238292e+00	5.219292e+00	5.212169e+00	5.214642e+00
5.219496e+00	5.220454e+00	5.220670e+00	5.211933e+00	9.104574e+00	9.047321e+00
8.967463e+00	8.850064e+00	8.704298e+00	8.372331e+00	8.020768e+00	7.693723e+00
7.397411e+00	7.126649e+00	6.881545e+00	6.668081e+00	6.469486e+00	6.284411e+00
6.113053e+00	5.955799e+00	5.810600e+00	5.674164e+00	5.542232e+00	5.409110e+00
5.281515e+00	5.229006e+00	5.180236e+00	5.142351e+00	5.101797e+00	5.090820e+00
5.065351e+00	5.065246e+00	5.077988e+00	5.081650e+00	5.079640e+00	5.063282e+00
9.424211e+00	9.336738e+00	9.228151e+00	9.083390e+00	8.911534e+00	8.531597e+00
8.137758e+00	7.773754e+00	7.444634e+00	7.147990e+00	6.881390e+00	6.641764e+00
6.422401e+00	6.218371e+00	6.029123e+00	5.855277e+00	5.695273e+00	5.546070e+00
5.403169e+00	5.258307e+00	5.119156e+00	5.063458e+00	5.012510e+00	4.972434e+00
4.924727e+00	4.910425e+00	4.881811e+00	4.882481e+00	4.898323e+00	4.902784e+00
4.900634e+00	4.878660e+00	9.711692e+00	9.598438e+00	9.465076e+00	9.295637e+00
9.098886e+00	8.669835e+00	8.229753e+00	7.819325e+00	7.446484e+00	7.133864e+00
6.852860e+00	6.588732e+00	6.348606e+00	6.124852e+00	5.917120e+00	5.726304e+00
5.551138e+00	5.387669e+00	5.231298e+00	5.074814e+00	4.925150e+00	4.863079e+00
4.805564e+00	4.760610e+00	4.708828e+00	4.693498e+00	4.666171e+00	4.666566e+00
4.680597e+00	4.684591e+00	4.682757e+00	4.662952e+00	9.994861e+00	9.847788e+00
9.682269e+00	9.482997e+00	9.258551e+00	8.779922e+00	8.297576e+00	7.849955e+00
7.447415e+00	7.101323e+00	6.790607e+00	6.508712e+00	6.249598e+00	6.006667e+00
5.780622e+00	5.572696e+00	5.382151e+00	5.204158e+00	5.034443e+00	4.868224e+00
4.709941e+00	4.640284e+00	4.574246e+00	4.522960e+00	4.467428e+00	4.451923e+00
4.429902e+00	4.429618e+00	4.438344e+00	4.440881e+00	4.439821e+00	4.427164e+00
1.030594e+01	1.008724e+01	9.856041e+00	9.605424e+00	9.343201e+00	8.816699e+00
8.307407e+00	7.850550e+00	7.438696e+00	7.058946e+00	6.719916e+00	6.413952e+00
6.132673e+00	5.870358e+00	5.626358e+00	5.400658e+00	5.193314e+00	5.000542e+00
4.819096e+00	4.644414e+00	4.477219e+00	4.399935e+00	4.324770e+00	4.265896e+00
4.206336e+00	4.192521e+00	4.177119e+00	4.175773e+00	4.177481e+00	4.178086e+00
4.177939e+00	4.174582e+00	1.062780e+01	1.030908e+01	9.994836e+00	9.688341e+00
9.391394e+00	8.830199e+00	8.307543e+00	7.829629e+00	7.391125e+00	6.988908e+00
6.622708e+00	6.289163e+00	5.984257e+00	5.703869e+00	5.443250e+00	5.199627e+00
4.974266e+00	4.766509e+00	4.574820e+00	4.393095e+00	4.217037e+00	4.131877e+00
4.046748e+00	3.978992e+00	3.915255e+00	3.904861e+00	3.897850e+00	3.895054e+00
3.887725e+00	3.885832e+00	3.886760e+00	3.895311e+00	1.084302e+01	1.048827e+01
1.013806e+01	9.797480e+00	9.470059e+00	8.847583e+00	8.292060e+00	7.779678e+00
7.312454e+00	6.886851e+00	6.500064e+00	6.147986e+00	5.825603e+00	5.528192e+00
5.251289e+00	4.992362e+00	4.752227e+00	4.530156e+00	4.324433e+00	4.131914e+00
3.947275e+00	3.855803e+00	3.764167e+00	3.691991e+00	3.625203e+00	3.613796e+00
3.609582e+00	3.606455e+00	3.596331e+00	3.593695e+00	3.594847e+00	3.606759e+00
1.101530e+01	1.064539e+01	1.027852e+01	9.915620e+00	9.560825e+00	8.864821e+00
8.244841e+00	7.688796e+00	7.194529e+00	6.752647e+00	6.354277e+00	5.991927e+00
5.657207e+00	5.344553e+00	5.052607e+00	4.780683e+00	4.528174e+00	4.292748e+00
4.071641e+00	3.866723e+00	3.674070e+00	3.577770e+00	3.482235e+00	3.408516e+00
3.339539e+00	3.324843e+00	3.319802e+00	3.317030e+00	3.308007e+00	3.305691e+00
3.306560e+00	3.316546e+00	1.120561e+01	1.079496e+01	1.038670e+01	9.985052e+00
9.593758e+00	8.865587e+00	8.194455e+00	7.603239e+00	7.083861e+00	6.623127e+00
6.209368e+00	5.833835e+00	5.487079e+00	5.162890e+00	4.859620e+00	4.576085e+00
4.311316e+00	4.063329e+00	3.829738e+00	3.613271e+00	3.411642e+00	3.312236e+00
3.214695e+00	3.140144e+00	3.068979e+00	3.051936e+00	3.043470e+00	3.041177e+00
3.035108e+00	3.033603e+00	3.034069e+00	3.039960e+00	1.142447e+01	1.093568e+01
1.046231e+01	1.001685e+01	9.598230e+00	8.826983e+00	8.137130e+00	7.524744e+00
6.982299e+00	6.498634e+00	6.063637e+00	5.670345e+00	5.311792e+00	4.981124e+00
4.671242e+00	4.377442e+00	4.099957e+00	3.839762e+00	3.596660e+00	3.368960e+00
3.156515e+00	3.055976e+00	2.958638e+00	2.884046e+00	2.810498e+00	2.792057e+00
2.776678e+00	2.775059e+00	2.774471e+00	2.774437e+00	2.774323e+00	2.773116e+00
1.161005e+01	1.106437e+01	1.054160e+01	1.005916e+01	9.611987e+00	8.799058e+00
8.081539e+00	7.446229e+00	6.883818e+00	6.382626e+00	5.931561e+00	5.523768e+00
5.153166e+00	4.812808e+00	4.493849e+00	4.190394e+00	3.902915e+00	3.633114e+00
3.381769e+00	3.145522e+00	2.924781e+00	2.821692e+00	2.722752e+00	2.647188e+00
2.571722e+00	2.552564e+00	2.534181e+00	2.532815e+00	2.534537e+00	2.535114e+00
2.534746e+00	2.530559e+00	1.176745e+01	1.118130e+01	1.062244e+01	1.011115e+01
9.640330e+00	8.784277e+00	8.033775e+00	7.375190e+00	6.795389e+00	6.280337e+00
5.816548e+00	5.396373e+00	5.013643e+00	4.661608e+00	4.332052e+00	4.019488e+00
3.724019e+00	3.446669e+00	3.188260e+00	2.945594e+00	2.718262e+00	2.611577e+00
2.509390e+00	2.431683e+00	2.354586e+00	2.335251e+00	2.317170e+00	2.315713e+00
2.316994e+00	2.317469e+00	2.317113e+00	2.313490e+00	1.191016e+01	1.128823e+01
1.069782e+01	1.016222e+01	9.671609e+00	8.779696e+00	8.005581e+00	7.326757e+00
6.730855e+00	6.201930e+00	5.725262e+00	5.292792e+00	4.898368e+00	4.535416e+00
4.196055e+00	3.875013e+00	3.572173e+00	3.288263e+00	3.023805e+00	2.775610e+00
2.541794e+00	2.431224e+00	2.324788e+00	2.243703e+00	2.164822e+00	2.145501e+00
2.129265e+00	2.127559e+00	2.126957e+00	2.127019e+00	2.126777e+00	2.125527e+00
1.203800e+01	1.138707e+01	1.077157e+01	1.021748e+01	9.712269e+00	8.794103e+00
8.002116e+00	7.303677e+00	6.691107e+00	6.146873e+00	5.657730e+00	5.214787e+00
4.810018e+00	4.437270e+00	4.089069e+00	3.760403e+00	3.450971e+00	3.161175e+00
2.890966e+00	2.637242e+00	2.396555e+00	2.281811e+00	2.170930e+00	2.086338e+00
2.005149e+00	1.985570e+00	1.970736e+00	1.968794e+00	1.966559e+00	1.966252e+00
1.966079e+00	1.966823e+00	1.215342e+01	1.148007e+01	1.084544e+01	1.027761e+01
9.761595e+00	8.821545e+00	8.006267e+00	7.301262e+00	6.682611e+00	6.132718e+00
5.633755e+00	5.178037e+00	4.761754e+00	4.378462e+00	4.020785e+00	3.683756e+00
3.366780e+00	3.069953e+00	2.793336e+00	2.532460e+00	2.283279e+00	2.163596e+00
2.047840e+00	1.959469e+00	1.874712e+00	1.854279e+00	1.839361e+00	1.837280e+00
1.834415e+00	1.833960e+00	1.833814e+00	1.835205e+00	1.225470e+01	1.156627e+01
1.091946e+01	1.034400e+01	9.822673e+00	8.871445e+00	8.047507e+00	7.330517e+00
6.700301e+00	6.138678e+00	5.630118e+00	5.166777e+00	4.742841e+00	4.352105e+00
3.987426e+00	3.643930e+00	3.320827e+00	3.017706e+00	2.733218e+00	2.463078e+00
2.203175e+00	2.077366e+00	1.955559e+00	1.862370e+00	1.772314e+00	1.750350e+00
1.733870e+00	1.731718e+00	1.729117e+00	1.728716e+00	1.728556e+00	1.729407e+00
1.234517e+01	1.164686e+01	1.099249e+01	1.041321e+01	9.889586e+00	8.931698e+00
8.101882e+00	7.377919e+00	6.739917e+00	6.169472e+00	5.654150e+00	5.187354e+00
4.760111e+00	4.366088e+00	3.997987e+00	3.650847e+00	3.323980e+00	3.016077e+00
2.718011e+00	2.432000e+00	2.153179e+00	2.016999e+00	1.888652e+00	1.788580e+00
1.690911e+00	1.666655e+00	1.647646e+00	1.645377e+00	1.643266e+00	1.642982e+00
1.642775e+00	1.642850e+00	1.242858e+01	1.172310e+01	1.106383e+01	1.048327e+01
9.959745e+00	8.999984e+00	8.169110e+00	7.442184e+00	6.800603e+00	6.226930e+00
5.707177e+00	5.233797e+00	4.800049e+00	4.399291e+00	4.023843e+00	3.668469e+00
3.332532e+00	3.015262e+00	2.709352e+00	2.412473e+00	2.119261e+00	1.974310e+00
1.836809e+00	1.727938e+00	1.621405e+00	1.594656e+00	1.572996e+00	1.570557e+00
1.568816e+00	1.568630e+00	1.568378e+00	1.567842e+00	1.250317e+01	1.179260e+01
1.113037e+01	1.055027e+01	1.002846e+01	9.069616e+00	8.239625e+00	7.511199e+00
6.867071e+00	6.290623e+00	5.767945e+00	5.291075e+00	4.853501e+00	4.448072e+00
4.066416e+00	3.702852e+00	3.356736e+00	3.028226e+00	2.718645e+00	2.416878e+00
2.116927e+00	1.965808e+00	1.805823e+00	1.680865e+00	1.562342e+00	1.532735e+00
1.508462e+00	1.505651e+00	1.503653e+00	1.503447e+00	1.503152e+00	1.502856e+00
1.256829e+01	1.185446e+01	1.119111e+01	1.061339e+01	1.009539e+01	9.141897e+00
8.316763e+00	7.590587e+00	6.947582e+00	6.372122e+00	5.851069e+00	5.376139e+00
4.940198e+00	4.535277e+00	4.151832e+00	3.783651e+00	3.430778e+00	3.094148e+00
2.771883e+00	2.453684e+00	2.130252e+00	1.964349e+00	1.787830e+00	1.645975e+00
1.513002e+00	1.480294e+00	1.453679e+00	1.450381e+00	1.447582e+00	1.447235e+00
1.446945e+00	1.447521e+00	1.262582e+01	1.190759e+01	1.124256e+01	1.066779e+01
1.015523e+01	9.212023e+00	8.395898e+00	7.676644e+00	7.038877e+00	6.467198e+00
5.948662e+00	5.475151e+00	5.039641e+00	4.634195e+00	4.249182e+00	3.878058e+00
3.520242e+00	3.175742e+00	2.841546e+00	2.506657e+00	2.158607e+00	1.975613e+00
1.790233e+00	1.626590e+00	1.469781e+00	1.433832e+00	1.406882e+00	1.403173e+00
1.398392e+00	1.397552e+00	1.397646e+00	1.399868e+00	1.267781e+01	1.195507e+01
1.128843e+01	1.071707e+01	1.021095e+01	9.281253e+00	8.477352e+00	7.768968e+00
7.140382e+00	6.575701e+00	6.061479e+00	5.590017e+00	5.154970e+00	4.749146e+00
4.363764e+00	3.992307e+00	3.632728e+00	3.282463e+00	2.936585e+00	2.584181e+00
2.211560e+00	2.012196e+00	1.801105e+00	1.612635e+00	1.431127e+00	1.391877e+00
1.365442e+00	1.361367e+00	1.354141e+00	1.352661e+00	1.353299e+00	1.357451e+00
1.271659e+01	1.199196e+01	1.132644e+01	1.076101e+01	1.026340e+01	9.350019e+00
8.559809e+00	7.863509e+00	7.245235e+00	6.688827e+00	6.180448e+00	5.712702e+00
5.279716e+00	4.874787e+00	4.489670e+00	4.117835e+00	3.756256e+00	3.400616e+00
3.044180e+00	2.674711e+00	2.275578e+00	2.057212e+00	1.817509e+00	1.609666e+00
1.398518e+00	1.354737e+00	1.328768e+00	1.324384e+00	1.314483e+00	1.312298e+00
1.313616e+00	1.319418e+00	1.274488e+01	1.201986e+01	1.135705e+01	1.079926e+01
1.031203e+01	9.418121e+00	8.643431e+00	7.960802e+00	7.354374e+00	6.808068e+00
6.307854e+00	5.846478e+00	5.418195e+00	5.016334e+00	4.632534e+00	4.260145e+00
3.896111e+00	3.536072e+00	3.172115e+00	2.788365e+00	2.362293e+00	2.122463e+00
1.853303e+00	1.614634e+00	1.371575e+00	1.322442e+00	1.296967e+00	1.292330e+00
1.279537e+00	1.276580e+00	1.278715e+00	1.285913e+00	1.275767e+01	1.203631e+01
1.137904e+01	1.083160e+01	1.035677e+01	9.484415e+00	8.726846e+00	8.059033e+00
7.465391e+00	6.929959e+00	6.438669e+00	5.984426e+00	5.561679e+00	5.163855e+00
4.782566e+00	4.411063e+00	4.046149e+00	3.683198e+00	3.312952e+00	2.915672e+00
2.462414e+00	2.200217e+00	1.899188e+00	1.626554e+00	1.351150e+00	1.294787e+00
1.268542e+00	1.263707e+00	1.248413e+00	1.244781e+00	1.247604e+00	1.255687e+00
1.276102e+01	1.204220e+01	1.139283e+01	1.085795e+01	1.039744e+01	9.548320e+00
8.809407e+00	8.157462e+00	7.577419e+00	7.053526e+00	6.571842e+00	6.125479e+00
5.709134e+00	5.316414e+00	4.939020e+00	4.570131e+00	4.206282e+00	3.842289e+00
3.467371e+00	3.057834e+00	2.577920e+00	2.292964e+00	1.958406e+00	1.651996e+00
1.337237e+00	1.271740e+00	1.243298e+00	1.238266e+00	1.220843e+00	1.216637e+00
1.220017e+00	1.228255e+00	1.275190e+01	1.203978e+01	1.139860e+01	1.087851e+01
1.043412e+01	9.609257e+00	8.890164e+00	8.254815e+00	7.688868e+00	7.176989e+00
6.705484e+00	6.267759e+00	5.858753e+00	5.472274e+00	5.100196e+00	4.735625e+00
4.374762e+00	4.011684e+00	3.633969e+00	3.213900e+00	2.708396e+00	2.400495e+00
2.031387e+00	1.688351e+00	1.330656e+00	1.254204e+00	1.220721e+00	1.215374e+00
1.196616e+00	1.192085e+00	1.195810e+00	1.203035e+00	1.273626e+01	1.203081e+01
1.139850e+01	1.089581e+01	1.046670e+01	9.665361e+00	8.966571e+00	8.348983e+00
7.798877e+00	7.300938e+00	6.841123e+00	6.412928e+00	6.011730e+00	5.631836e+00
5.265622e+00	4.906402e+00	4.550029e+00	4.189892e+00	3.811959e+00	3.384595e+00
2.856427e+00	2.525411e+00	2.118732e+00	1.735486e+00	1.334600e+00	1.242843e+00
1.199401e+00	1.193140e+00	1.175221e+00	1.171479e+00	1.176314e+00	1.180527e+00
1.268529e+01	1.199963e+01	1.139167e+01	1.090915e+01	1.050432e+01	9.735567e+00
9.058737e+00	8.455145e+00	7.913768e+00	7.422236e+00	6.969629e+00	6.550139e+00
6.158908e+00	5.789793e+00	5.434455e+00	5.085458e+00	4.737775e+00	4.383187e+00
4.004722e+00	3.564985e+00	3.005837e+00	2.651072e+00	2.214512e+00	1.798959e+00
1.346923e+00	1.239896e+00	1.175666e+00	1.170815e+00	1.159744e+00	1.155896e+00
1.154348e+00	1.159949e+00	1.256188e+01	1.192347e+01	1.135968e+01	1.091960e+01
1.054853e+01	9.823558e+00	9.169225e+00	8.573361e+00	8.031397e+00	7.537731e+00
7.087683e+00	6.676121e+00	6.297195e+00	5.943504e+00	5.604765e+00	5.271617e+00
4.937489e+00	4.591408e+00	4.211942e+00	3.754163e+00	3.155379e+00	2.776863e+00
2.321094e+00	1.887808e+00	1.383311e+00	1.240166e+00	1.152730e+00	1.150420e+00
1.148920e+00	1.144229e+00	1.129836e+00	1.141559e+00	1.256450e+01	1.192782e+01
1.136809e+01	1.094048e+01	1.058180e+01	9.874588e+00	9.235916e+00	8.654081e+00
8.124709e+00	7.642855e+00	7.204862e+00	6.805972e+00	6.440162e+00	6.099479e+00
5.772646e+00	5.449540e+00	5.123665e+00	4.784250e+00	4.410307e+00	3.957152e+00
3.352218e+00	2.955469e+00	2.458768e+00	1.973852e+00	1.406282e+00	1.244091e+00
1.149556e+00	1.141860e+00	1.132239e+00	1.127594e+00	1.117368e+00	1.125891e+00
1.256848e+01	1.193442e+01	1.138087e+01	1.096119e+01	1.060914e+01	9.915512e+00
9.290914e+00	8.723815e+00	8.209791e+00	7.743610e+00	7.320821e+00	6.936337e+00
6.584011e+00	6.255648e+00	5.939487e+00	5.625151e+00	5.306725e+00	4.974492e+00
4.609449e+00	4.170533e+00	3.576491e+00	3.166285e+00	2.618876e+00	2.066502e+00
1.428823e+00	1.253125e+00	1.147557e+00	1.135423e+00	1.114285e+00	1.110096e+00
1.107630e+00	1.111759e+00	1.255964e+01	1.192863e+01	1.137913e+01	1.096399e+01
1.062579e+01	9.952841e+00	9.345644e+00	8.794522e+00	8.295431e+00	7.843387e+00
7.433976e+00	7.062229e+00	6.722174e+00	6.405734e+00	6.101170e+00	5.798069e+00
5.490628e+00	5.169225e+00	4.814905e+00	4.386026e+00	3.793550e+00	3.371188e+00
2.788558e+00	2.183144e+00	1.466326e+00	1.267085e+00	1.143147e+00	1.127055e+00
1.101199e+00	1.097098e+00	1.097274e+00	1.098988e+00	1.251524e+01	1.189630e+01
1.136054e+01	1.096161e+01	1.063622e+01	9.985750e+00	9.397972e+00	8.863839e+00
8.379634e+00	7.940837e+00	7.543482e+00	7.183015e+00	6.853926e+00	6.548652e+00
6.256041e+00	5.966003e+00	5.672600e+00	5.365624e+00	5.024460e+00	4.602957e+00
4.005460e+00	3.573101e+00	2.971048e+00	2.331162e+00	1.529380e+00	1.294724e+00
1.136484e+00	1.117299e+00	1.091520e+00	1.087348e+00	1.086797e+00	1.087770e+00
1.246639e+01	1.186016e+01	1.133796e+01	1.095624e+01	1.064489e+01	1.001881e+01
9.451395e+00	8.934449e+00	8.464751e+00	8.038363e+00	7.651856e+00	7.301261e+00
6.981772e+00	6.686686e+00	6.405994e+00	6.130338e+00	5.853532e+00	5.564419e+00
5.239674e+00	4.826017e+00	4.220026e+00	3.776834e+00	3.158846e+00	2.490226e+00
1.607795e+00	1.335324e+00	1.134058e+00	1.107531e+00	1.084495e+00	1.080319e+00
1.075154e+00	1.078517e+00	1.241325e+01	1.182070e+01	1.131275e+01	1.094823e+01
1.065247e+01	1.005124e+01	9.504520e+00	9.004758e+00	8.549293e+00	8.134824e+00
7.758506e+00	7.417051e+00	7.106487e+00	6.821168e+00	6.552550e+00	6.292288e+00
6.033969e+00	5.765365e+00	5.459811e+00	5.055007e+00	4.438998e+00	3.985161e+00
3.355231e+00	2.663883e+00	1.704054e+00	1.391652e+00	1.132551e+00	1.098298e+00
1.078758e+00	1.074594e+00	1.063207e+00	1.070415e+00	1.238821e+01	1.180375e+01
1.130567e+01	1.094655e+01	1.066244e+01	1.008086e+01	9.550224e+00	9.064639e+00
8.621838e+00	8.218910e+00	7.853328e+00	7.522215e+00	7.222071e+00	6.947884e+00
6.691956e+00	6.446627e+00	6.205613e+00	5.956428e+00	5.670979e+00	5.281963e+00
4.669819e+00	4.211429e+00	3.570138e+00	2.851398e+00	1.806000e+00	1.451578e+00
1.133335e+00	1.095957e+00	1.072376e+00	1.068182e+00	1.054860e+00	1.063341e+00
1.237994e+01	1.179907e+01	1.130579e+01	1.095433e+01	1.067712e+01	1.010725e+01
9.587796e+00	9.113153e+00	8.681139e+00	8.289032e+00	7.934440e+00	7.614681e+00
7.326384e+00	7.064674e+00	6.821898e+00	6.590579e+00	6.364919e+00	6.133126e+00
5.868020e+00	5.502905e+00	4.914239e+00	4.461009e+00	3.808876e+00	3.054743e+00
1.913482e+00	1.515727e+00	1.146161e+00	1.097436e+00	1.064960e+00	1.060677e+00
1.049615e+00	1.057345e+00	1.237340e+01	1.179591e+01	1.130634e+01	1.096120e+01
1.068961e+01	1.012967e+01	9.619948e+00	9.155209e+00	8.733293e+00	8.351583e+00
8.007725e+00	7.699107e+00	7.422470e+00	7.173011e+00	6.943042e+00	6.725301e+00
6.514808e+00	6.301099e+00	6.058464e+00	5.720567e+00	5.159664e+00	4.714537e+00
4.055544e+00	3.269874e+00	2.034169e+00	1.589804e+00	1.162871e+00	1.101132e+00
1.057504e+00	1.052856e+00	1.044864e+00	1.051881e+00	1.236560e+01	1.179290e+01
1.130853e+01	1.096901e+01	1.070302e+01	1.015283e+01	9.651849e+00	9.195444e+00
8.781652e+00	8.408250e+00	8.073308e+00	7.774447e+00	7.508646e+00	7.271304e+00
7.054886e+00	6.852118e+00	6.657832e+00	6.460926e+00	6.236299e+00	5.922797e+00
5.396765e+00	4.969900e+00	4.319638e+00	3.512133e+00	2.170789e+00	1.672043e+00
1.179501e+00	1.106159e+00	1.053829e+00	1.048970e+00	1.042594e+00	1.047214e+00
1.235037e+01	1.178852e+01	1.131414e+01	1.098287e+01	1.072386e+01	1.018430e+01
9.690738e+00	9.239742e+00	8.830254e+00	8.461173e+00	8.131731e+00	7.840085e+00
7.583573e+00	7.358143e+00	7.157115e+00	6.972993e+00	6.797888e+00	6.614646e+00
6.396418e+00	6.097686e+00	5.615095e+00	5.224480e+00	4.614839e+00	3.806143e+00
2.325833e+00	1.757319e+00	1.190287e+00	1.108560e+00	1.055616e+00	1.051465e+00
1.043241e+00	1.043620e+00	1.234078e+01	1.178604e+01	1.131797e+01	1.099163e+01
1.073646e+01	1.020390e+01	9.716474e+00	9.271873e+00	8.869123e+00	8.507153e+00
8.185227e+00	7.901544e+00	7.653385e+00	7.437278e+00	7.248033e+00	7.079381e+00
6.923244e+00	6.761247e+00	6.565529e+00	6.291540e+00	5.837842e+00	5.464351e+00
4.872937e+00	4.066605e+00	2.507769e+00	1.868607e+00	1.212280e+00	1.118732e+00
1.054552e+00	1.048857e+00	1.039895e+00	1.040251e+00	1.233216e+01	1.178349e+01
1.132084e+01	1.099864e+01	1.074696e+01	1.022117e+01	9.740052e+00	9.301668e+00
8.905173e+00	8.549638e+00	8.234484e+00	7.958112e+00	7.718064e+00	7.511247e+00
7.332989e+00	7.177664e+00	7.037850e+00	6.896003e+00	6.724881e+00	6.479015e+00
6.056579e+00	5.701308e+00	5.130091e+00	4.330568e+00	2.702994e+00	1.995751e+00
1.241567e+00	1.132090e+00	1.054079e+00	1.046814e+00	1.035906e+00	1.037368e+00
1.232437e+01	1.178112e+01	1.132312e+01	1.100457e+01	1.075618e+01	1.023712e+01
9.762458e+00	9.329836e+00	8.938585e+00	8.588165e+00	8.278456e+00	8.008310e+00
7.775936e+00	7.578436e+00	7.410533e+00	7.266389e+00	7.139757e+00	7.015164e+00
6.867291e+00	6.650730e+00	6.265037e+00	5.932828e+00	5.387897e+00	4.600627e+00
2.908171e+00	2.139132e+00	1.279735e+00	1.147865e+00	1.054138e+00	1.046092e+00
1.033038e+00	1.035047e+00	1.231981e+01	1.178178e+01	1.132798e+01	1.101236e+01
1.076621e+01	1.025198e+01	9.781879e+00	9.353848e+00	8.967198e+00	8.621464e+00
8.316621e+00	8.051720e+00	7.825348e+00	7.635046e+00	7.476037e+00	7.343128e+00
7.230889e+00	7.124987e+00	7.001196e+00	6.814078e+00	6.463671e+00	6.152187e+00
5.630466e+00	4.863011e+00	3.138711e+00	2.300398e+00	1.320654e+00	1.167937e+00
1.055934e+00	1.045817e+00	1.032540e+00	1.033121e+00	1.231565e+01	1.178278e+01
1.133370e+01	1.102038e+01	1.077571e+01	1.026540e+01	9.799097e+00	9.375132e+00
8.992721e+00	8.651384e+00	8.351098e+00	8.091027e+00	7.870040e+00	7.686149e+00
7.535299e+00	7.413127e+00	7.314962e+00	7.227424e+00	7.127308e+00	6.969613e+00
6.655393e+00	6.365469e+00	5.868482e+00	5.126255e+00	3.387662e+00	2.477471e+00
1.366348e+00	1.192181e+00	1.059717e+00	1.045650e+00	1.032197e+00	1.031409e+00
1.230789e+01	1.178195e+01	1.133704e+01	1.102608e+01	1.078224e+01	1.027514e+01
9.812275e+00	9.392021e+00	9.013560e+00	8.676411e+00	8.380561e+00	8.125281e+00
7.909663e+00	7.732030e+00	7.588721e+00	7.475864e+00	7.389451e+00	7.317051e+00
7.236945e+00	7.106714e+00	6.832236e+00	6.569422e+00	6.105694e+00	5.392626e+00
3.638246e+00	2.665589e+00	1.422261e+00	1.222279e+00	1.063772e+00	1.045992e+00
1.030485e+00	1.029871e+00	1.229329e+01	1.177682e+01	1.133911e+01	1.103033e+01
1.078686e+01	1.028231e+01	9.822350e+00	9.405282e+00	9.030298e+00	8.696926e+00
8.405175e+00	8.154398e+00	7.943820e+00	7.771948e+00	7.635331e+00	7.530412e+00
7.453776e+00	7.393930e+00	7.330865e+00	7.225920e+00	6.992185e+00	6.759735e+00
6.335999e+00	5.656989e+00	3.889889e+00	2.865175e+00	1.492675e+00	1.262104e+00
1.068991e+00	1.047187e+00	1.026689e+00	1.028534e+00	1.227288e+01	1.176977e+01
1.134133e+01	1.103534e+01	1.079163e+01	1.028925e+01	9.831494e+00	9.416761e+00
9.044364e+00	8.713982e+00	8.425734e+00	8.178873e+00	7.972368e+00	7.804771e+00
7.673265e+00	7.575106e+00	7.507769e+00	7.461267e+00	7.417223e+00	7.337666e+00
7.136986e+00	6.928333e+00	6.545746e+00	5.917312e+00	4.156325e+00	3.067245e+00
1.572856e+00	1.311760e+00	1.075474e+00	1.046920e+00	1.027415e+00	1.027390e+00
1.224608e+01	1.176017e+01	1.134361e+01	1.104082e+01	1.079638e+01	1.029588e+01
9.839929e+00	9.427080e+00	9.056814e+00	8.728998e+00	8.443880e+00	8.200555e+00
7.997601e+00	7.833568e+00	7.706397e+00	7.614287e+00	7.555689e+00	7.522335e+00
7.497563e+00	7.443112e+00	7.272288e+00	7.084748e+00	6.743883e+00	6.174621e+00
4.435999e+00	3.277204e+00	1.663599e+00	1.370927e+00	1.083474e+00	1.046121e+00
1.029646e+00	1.026380e+00	1.221838e+01	1.175072e+01	1.134675e+01	1.104732e+01
1.080197e+01	1.030319e+01	9.848773e+00	9.437625e+00	9.069279e+00	8.743632e+00
8.460904e+00	8.220258e+00	8.020391e+00	7.860014e+00	7.737330e+00	7.650914e+00
7.599742e+00	7.576361e+00	7.565929e+00	7.534853e+00	7.402183e+00	7.240306e+00
6.930607e+00	6.396577e+00	4.714984e+00	3.523811e+00	1.761598e+00	1.429373e+00
1.093992e+00	1.047705e+00	1.030120e+00	1.025760e+00	1.218929e+01	1.174161e+01
1.135186e+01	1.105587e+01	1.080926e+01	1.031183e+01	9.858508e+00	9.448798e+00
9.082097e+00	8.758116e+00	8.476873e+00	8.237931e+00	8.040657e+00	7.884096e+00
7.766150e+00	7.685075e+00	7.639826e+00	7.622860e+00	7.621437e+00	7.611323e+00
7.526203e+00	7.396118e+00	7.102668e+00	6.573859e+00	4.985862e+00	3.830229e+00
1.867874e+00	1.484475e+00	1.109993e+00	1.063932e+00	1.027962e+00	1.025446e+00
1.215868e+01	1.172992e+01	1.135234e+01	1.105952e+01	1.081136e+01	1.031556e+01
9.863694e+00	9.455456e+00	9.090336e+00	8.768101e+00	8.488805e+00	8.251978e+00
8.056925e+00	7.902779e+00	7.787880e+00	7.710949e+00	7.671331e+00	7.661996e+00
7.671774e+00	7.681079e+00	7.627646e+00	7.519215e+00	7.259152e+00	6.777886e+00
5.268194e+00	4.088502e+00	1.991878e+00	1.562123e+00	1.127452e+00	1.067794e+00
1.029654e+00	1.024883e+00	1.212942e+01	1.171768e+01	1.135187e+01	1.106178e+01
1.081238e+01	1.031788e+01	9.867295e+00	9.460319e+00	9.096550e+00	8.775875e+00
8.498447e+00	8.263669e+00	8.070519e+00	7.918128e+00	7.805476e+00	7.731956e+00
7.697405e+00	7.695553e+00	7.716525e+00	7.742842e+00	7.712908e+00	7.622176e+00
7.402223e+00	6.989855e+00	5.550548e+00	4.324906e+00	2.135425e+00	1.661794e+00
1.147197e+00	1.068985e+00	1.035304e+00	1.024194e+00	1.210631e+01	1.170938e+01
1.135366e+01	1.106599e+01	1.081557e+01	1.032203e+01	9.872348e+00	9.466377e+00
9.103692e+00	8.784193e+00	8.507961e+00	8.274560e+00	8.083105e+00	7.932864e+00
7.822868e+00	7.752656e+00	7.722295e+00	7.725934e+00	7.754752e+00	7.794416e+00
7.791897e+00	7.725066e+00	7.537174e+00	7.162078e+00	5.806958e+00	4.608832e+00
2.294927e+00	1.760297e+00	1.171067e+00	1.080777e+00	1.037738e+00	1.023810e+00
1.208609e+01	1.170198e+01	1.135505e+01	1.106961e+01	1.081840e+01	1.032563e+01
9.876540e+00	9.471463e+00	9.109786e+00	8.791221e+00	8.515722e+00	8.283180e+00
8.093348e+00	7.945669e+00	7.838556e+00	7.771135e+00	7.743931e+00	7.752040e+00
7.787752e+00	7.837599e+00	7.859698e+00	7.819201e+00	7.665255e+00	7.314875e+00
6.029985e+00	4.912018e+00	2.479657e+00	1.867230e+00	1.198306e+00	1.098206e+00
1.036088e+00	1.023498e+00	1.206758e+01	1.169462e+01	1.135531e+01	1.107150e+01
1.081934e+01	1.032746e+01	9.879211e+00	9.474967e+00	9.114192e+00	8.796526e+00
8.521906e+00	8.290361e+00	8.101960e+00	7.956252e+00	7.851397e+00	7.786388e+00
7.762123e+00	7.774374e+00	7.816380e+00	7.875856e+00	7.918854e+00	7.899909e+00
7.778805e+00	7.461616e+00	6.252454e+00	5.203347e+00	2.680948e+00	1.988961e+00
1.229694e+00	1.116017e+00	1.035884e+00	1.023174e+00	1.205117e+01	1.168761e+01
1.135463e+01	1.107234e+01	1.081943e+01	1.032822e+01	9.880796e+00	9.477257e+00
9.117223e+00	8.800382e+00	8.526755e+00	8.296351e+00	8.109142e+00	7.964696e+00
7.861375e+00	7.798378e+00	7.776847e+00	7.792891e+00	7.840483e+00	7.909177e+00
7.968854e+00	7.965306e+00	7.874230e+00	7.601722e+00	6.477435e+00	5.467805e+00
2.896651e+00	2.131719e+00	1.267424e+00	1.132904e+00	1.040229e+00	1.022865e+00
1.203878e+01	1.168369e+01	1.135625e+01	1.107524e+01	1.082152e+01	1.033086e+01
9.884076e+00	9.481086e+00	9.121618e+00	8.805419e+00	8.532572e+00	8.303058e+00
8.116823e+00	7.973466e+00	7.871458e+00	7.810181e+00	7.790944e+00	7.810141e+00
7.862389e+00	7.938915e+00	8.013048e+00	8.023127e+00	7.959163e+00	7.727654e+00
6.688372e+00	5.727996e+00	3.128815e+00	2.290052e+00	1.312057e+00	1.154754e+00
1.045109e+00	1.022799e+00	1.202778e+01	1.168044e+01	1.135870e+01	1.107882e+01
1.082454e+01	1.033408e+01	9.887638e+00	9.485061e+00	9.126035e+00	8.810364e+00
8.538173e+00	8.309419e+00	8.124031e+00	7.981637e+00	7.880799e+00	7.821064e+00
7.803876e+00	7.825874e+00	7.882265e+00	7.965867e+00	8.053057e+00	8.075462e+00
8.036646e+00	7.844620e+00	6.891922e+00	5.985361e+00	3.377060e+00	2.464154e+00
1.362908e+00	1.180454e+00	1.050874e+00	1.022754e+00	1.201618e+01	1.167607e+01
1.135897e+01	1.108012e+01	1.082505e+01	1.033519e+01	9.889093e+00	9.486971e+00
9.128415e+00	8.813261e+00	8.541656e+00	8.313576e+00	8.128950e+00	7.987430e+00
7.887664e+00	7.829290e+00	7.813897e+00	7.838328e+00	7.898321e+00	7.988137e+00
8.086799e+00	8.119916e+00	8.103236e+00	7.947890e+00	7.082822e+00	6.233161e+00
3.636936e+00	2.653886e+00	1.420740e+00	1.210370e+00	1.057346e+00	1.022601e+00
1.200479e+01	1.167107e+01	1.135850e+01	1.108063e+01	1.082505e+01	1.033558e+01
9.889745e+00	9.487980e+00	9.129809e+00	8.815079e+00	8.543949e+00	8.316419e+00
8.132427e+00	7.991646e+00	7.892803e+00	7.835579e+00	7.821703e+00	7.848178e+00
7.911208e+00	8.006324e+00	8.114792e+00	8.156974e+00	8.159249e+00	8.037044e+00
7.258276e+00	6.467151e+00	3.906612e+00	2.861140e+00	1.488760e+00	1.247065e+00
1.065063e+00	1.022319e+00	1.199595e+01	1.166857e+01	1.135915e+01	1.108258e+01
1.082618e+01	1.033723e+01	9.891708e+00	9.490304e+00	9.132507e+00	8.818172e+00
8.547391e+00	8.320106e+00	8.136571e+00	7.996506e+00	7.898927e+00	7.842803e+00
7.830354e+00	7.858777e+00	7.922717e+00	8.021908e+00	8.139453e+00	8.190052e+00
8.208587e+00	8.115335e+00	7.419623e+00	6.687988e+00	4.182969e+00	3.081104e+00
1.566886e+00	1.290739e+00	1.074416e+00	1.022331e+00	1.198854e+01	1.166682e+01
1.136116e+01	1.108574e+01	1.082889e+01	1.033996e+01	9.894605e+00	9.493393e+00
9.135840e+00	8.821784e+00	8.551226e+00	8.324048e+00	8.140855e+00	8.001425e+00
7.905050e+00	7.849913e+00	7.838738e+00	7.868922e+00	7.933318e+00	8.036044e+00
8.161834e+00	8.220059e+00	8.253015e+00	8.186238e+00	7.571803e+00	6.900333e+00
4.468122e+00	3.315601e+00	1.655566e+00	1.341708e+00	1.085322e+00	1.022396e+00
1.198728e+01	1.166689e+01	1.136312e+01	1.108666e+01	1.082939e+01	1.034016e+01
9.894844e+00	9.493780e+00	9.136456e+00	8.822658e+00	8.552532e+00	8.326263e+00
8.143604e+00	8.004280e+00	7.906704e+00	7.851389e+00	7.840269e+00	7.871583e+00
7.944886e+00	8.053563e+00	8.182330e+00	8.243172e+00	8.285903e+00	8.244385e+00
7.714376e+00	7.097008e+00	4.753079e+00	3.562174e+00	1.754640e+00	1.399776e+00
1.097291e+00	1.022388e+00	1.199272e+01	1.167118e+01	1.136501e+01	1.108621e+01
1.082611e+01	1.033470e+01	9.889427e+00	9.489328e+00	9.133499e+00	8.821370e+00
8.552664e+00	8.327168e+00	8.145023e+00	8.005545e+00	7.906656e+00	7.847588e+00
7.834074e+00	7.871156e+00	7.958159e+00	8.077597e+00	8.200834e+00	8.259551e+00
8.307917e+00	8.289260e+00	7.845570e+00	7.273343e+00	5.031292e+00	3.819553e+00
1.867801e+00	1.468734e+00	1.110841e+00	1.022134e+00	1.199288e+01	1.167235e+01
1.136753e+01	1.108759e+01	1.082683e+01	1.033501e+01	9.889776e+00	9.489870e+00
9.134352e+00	8.822567e+00	8.554309e+00	8.329529e+00	8.147773e+00	8.008292e+00
7.908376e+00	7.848739e+00	7.835008e+00	7.873602e+00	7.967672e+00	8.091602e+00
8.216204e+00	8.276968e+00	8.333033e+00	8.333514e+00	7.959535e+00	7.441024e+00
5.309044e+00	4.083427e+00	2.000426e+00	1.547774e+00	1.127227e+00	1.022175e+00
1.198932e+01	1.167232e+01	1.136908e+01	1.108996e+01	1.082900e+01	1.033723e+01
9.892110e+00	9.492382e+00	9.137020e+00	8.825404e+00	8.557225e+00	8.332366e+00
8.150717e+00	8.011526e+00	7.912342e+00	7.853236e+00	7.840268e+00	7.879981e+00
7.974065e+00	8.099724e+00	8.228396e+00	8.293494e+00	8.358339e+00	8.374483e+00
8.057735e+00	7.596492e+00	5.581584e+00	4.351711e+00	2.154049e+00	1.639437e+00
1.146971e+00	1.022310e+00	1.198338e+01	1.166911e+01	1.136802e+01	1.108963e+01
1.082842e+01	1.033706e+01	9.892173e+00	9.492613e+00	9.137364e+00	8.825796e+00
8.557711e+00	8.332970e+00	8.151460e+00	8.012457e+00	7.913740e+00	7.855171e+00
7.842819e+00	7.883182e+00	7.977516e+00	8.104546e+00	8.236834e+00	8.305999e+00
8.377838e+00	8.407142e+00	8.143514e+00	7.734031e+00	5.842129e+00	4.622831e+00
2.322523e+00	1.746270e+00	1.169681e+00	1.022128e+00	1.196315e+01	1.165636e+01
1.136134e+01	1.108654e+01	1.082741e+01	1.033844e+01	9.894097e+00	9.494220e+00
9.138204e+00	8.825814e+00	8.556985e+00	8.331845e+00	8.150339e+00	8.012146e+00
7.915642e+00	7.861246e+00	7.852383e+00	7.889604e+00	7.972231e+00	8.093170e+00
8.239922e+00	8.319560e+00	8.398041e+00	8.433781e+00	8.218472e+00	7.856511e+00
6.091999e+00	4.895044e+00	2.506302e+00	1.872832e+00	1.196531e+00	1.021986e+00
1.195333e+01	1.165060e+01	1.135860e+01	1.108528e+01	1.082710e+01	1.033956e+01
9.895733e+00	9.495669e+00	9.139084e+00	8.825929e+00	8.556754e+00	8.331462e+00
8.149995e+00	8.012204e+00	7.917569e+00	7.865610e+00	7.858595e+00	7.894348e+00
7.970272e+00	8.088636e+00	8.243914e+00	8.330628e+00	8.415149e+00	8.458376e+00
8.284732e+00	7.967051e+00	6.331754e+00	5.169034e+00	2.705455e+00	2.012893e+00
1.227612e+00	1.021942e+00	1.195190e+01	1.165012e+01	1.135884e+01	1.108585e+01
1.082747e+01	1.034000e+01	9.896482e+00	9.496505e+00	9.139866e+00	8.826764e+00
8.557660e+00	8.332623e+00	8.151504e+00	8.014092e+00	7.919417e+00	7.867531e+00
7.860711e+00	7.896839e+00	7.974184e+00	8.093997e+00	8.250978e+00	8.338743e+00
8.428548e+00	8.481575e+00	8.342313e+00	8.065329e+00	6.558427e+00	5.442262e+00
2.920969e+00	2.166013e+00	1.264326e+00	1.021940e+00	