2.693053e-01	2.775851e-01	2.860391e-01	2.947476e-01	3.036944e-01	3.222250e-01
3.416300e-01	3.618742e-01	3.828858e-01	4.045996e-01	4.269291e-01	4.497117e-01
4.727678e-01	4.959311e-01	5.190521e-01	5.418986e-01	5.638006e-01	5.839229e-01
6.012403e-01	6.150853e-01	6.252656e-01	6.304584e-01	6.402756e-01	6.544458e-01
6.758448e-01	6.817256e-01	6.811389e-01	6.815837e-01	6.858317e-01	6.870697e-01
6.862080e-01	6.814782e-01	3.016487e-01	3.106476e-01	3.198251e-01	3.292649e-01
3.389503e-01	3.589758e-01	3.798945e-01	4.016631e-01	4.241997e-01	4.474285e-01
4.712524e-01	4.954969e-01	5.199716e-01	5.445060e-01	5.689581e-01	5.931004e-01
6.162416e-01	6.375226e-01	6.558954e-01	6.707025e-01	6.817637e-01	6.873866e-01
6.977140e-01	7.124095e-01	7.345429e-01	7.406523e-01	7.401681e-01	7.406200e-01
7.449069e-01	7.461558e-01	7.452829e-01	7.405299e-01	3.378765e-01	3.476480e-01
3.576018e-01	3.678245e-01	3.782990e-01	3.999181e-01	4.224449e-01	4.458270e-01
4.699716e-01	4.947912e-01	5.201774e-01	5.459434e-01	5.718885e-01	5.978386e-01
6.236625e-01	6.491399e-01	6.735604e-01	6.960422e-01	7.155188e-01	7.313486e-01
7.433669e-01	7.494551e-01	7.603052e-01	7.755070e-01	7.983390e-01	8.046725e-01
8.043129e-01	8.047699e-01	8.090705e-01	8.103232e-01	8.094435e-01	8.046986e-01
3.784553e-01	3.890555e-01	3.998406e-01	4.108997e-01	4.222157e-01	4.455300e-01
4.697611e-01	4.948469e-01	5.206823e-01	5.471675e-01	5.741817e-01	6.015259e-01
6.289890e-01	6.563949e-01	6.836266e-01	7.104744e-01	7.362107e-01	7.599336e-01
7.805623e-01	7.974785e-01	8.105365e-01	8.171283e-01	8.285114e-01	8.441929e-01
8.676759e-01	8.742264e-01	8.740167e-01	8.744763e-01	8.787610e-01	8.800087e-01
8.791276e-01	8.744276e-01	4.239075e-01	4.353949e-01	4.470685e-01	4.590193e-01
4.712306e-01	4.963441e-01	5.223771e-01	5.492565e-01	5.768647e-01	6.050880e-01
6.337926e-01	6.627673e-01	6.917908e-01	7.206867e-01	7.493562e-01	7.776042e-01
8.046882e-01	8.296897e-01	8.515184e-01	8.695880e-01	8.837755e-01	8.909121e-01
9.028363e-01	9.189624e-01	9.430348e-01	9.497924e-01	9.497612e-01	9.502203e-01
9.544543e-01	9.556871e-01	9.548108e-01	9.501987e-01	4.748185e-01	4.872537e-01
4.998748e-01	5.127742e-01	5.259357e-01	5.529537e-01	5.808863e-01	6.096487e-01
6.391093e-01	6.691398e-01	6.995924e-01	7.302436e-01	7.608631e-01	7.912756e-01
8.214055e-01	8.510767e-01	8.795351e-01	9.058488e-01	9.289248e-01	9.482177e-01
9.636323e-01	9.713584e-01	9.838288e-01	1.000354e+00	1.024939e+00	1.031890e+00
1.032070e+00	1.032525e+00	1.036668e+00	1.037874e+00	1.037009e+00	1.032536e+00
5.318439e-01	5.452893e-01	5.589185e-01	5.728242e-01	5.869915e-01	6.160198e-01
6.459489e-01	6.766811e-01	7.080702e-01	7.399717e-01	7.722233e-01	8.045897e-01
8.368319e-01	8.687785e-01	9.003823e-01	9.314914e-01	9.613438e-01	9.889988e-01
1.013368e+00	1.033957e+00	1.050705e+00	1.059069e+00	1.072087e+00	1.088954e+00
1.113956e+00	1.121084e+00	1.121512e+00	1.121959e+00	1.125963e+00	1.127128e+00
1.126284e+00	1.122007e+00	5.957180e-01	6.102373e-01	6.249361e-01	6.399066e-01
6.551353e-01	6.862788e-01	7.182988e-01	7.510839e-01	7.844722e-01	8.183016e-01
8.523948e-01	8.865050e-01	9.203859e-01	9.538726e-01	9.869526e-01	1.019504e+00
1.050762e+00	1.079781e+00	1.105487e+00	1.127450e+00	1.145645e+00	1.154699e+00
1.168263e+00	1.185402e+00	1.210705e+00	1.217988e+00	1.218705e+00	1.219139e+00
1.222949e+00	1.224058e+00	1.223245e+00	1.219232e+00	6.672634e-01	6.829212e-01
6.987516e-01	7.148448e-01	7.311899e-01	7.645510e-01	7.987524e-01	8.336675e-01
8.691180e-01	9.049231e-01	9.408896e-01	9.767600e-01	1.012282e+00	1.047301e+00
1.081846e+00	1.115833e+00	1.148497e+00	1.178897e+00	1.205980e+00	1.229396e+00
1.249164e+00	1.258964e+00	1.273067e+00	1.290392e+00	1.315856e+00	1.323268e+00
1.324321e+00	1.324736e+00	1.328290e+00	1.329323e+00	1.328553e+00	1.324881e+00
7.474013e-01	7.642622e-01	7.812859e-01	7.985589e-01	8.160736e-01	8.517505e-01
8.882172e-01	9.253314e-01	9.628972e-01	1.000714e+00	1.038572e+00	1.076204e+00
1.113354e+00	1.149881e+00	1.185864e+00	1.221263e+00	1.255323e+00	1.287111e+00
1.315608e+00	1.340560e+00	1.362037e+00	1.372644e+00	1.387272e+00	1.404681e+00
1.430140e+00	1.437648e+00	1.439090e+00	1.439480e+00	1.442704e+00	1.443642e+00
1.442927e+00	1.439685e+00	8.371638e-01	8.552915e-01	8.735689e-01	8.920766e-01
9.108115e-01	9.488953e-01	9.877027e-01	1.027074e+00	1.066795e+00	1.106645e+00
1.146395e+00	1.185772e+00	1.224518e+00	1.262508e+00	1.299883e+00	1.336655e+00
1.372084e+00	1.405258e+00	1.435202e+00	1.461776e+00	1.485108e+00	1.496589e+00
1.511723e+00	1.529092e+00	1.554350e+00	1.561915e+00	1.563805e+00	1.564163e+00
1.566973e+00	1.567791e+00	1.567147e+00	1.564437e+00	9.377066e-01	9.571631e-01
9.767521e-01	9.965460e-01	1.016547e+00	1.057120e+00	1.098331e+00	1.140003e+00
1.181904e+00	1.223789e+00	1.265413e+00	1.306496e+00	1.346780e+00	1.386167e+00
1.424865e+00	1.462950e+00	1.499707e+00	1.534249e+00	1.565667e+00	1.593952e+00
1.619301e+00	1.631726e+00	1.647338e+00	1.664523e+00	1.689347e+00	1.696923e+00
1.699328e+00	1.699645e+00	1.701947e+00	1.702617e+00	1.702061e+00	1.699999e+00
1.050325e+00	1.071168e+00	1.092123e+00	1.113250e+00	1.134558e+00	1.177688e+00
1.221350e+00	1.265350e+00	1.309434e+00	1.353334e+00	1.396787e+00	1.439510e+00
1.481251e+00	1.521937e+00	1.561863e+00	1.601178e+00	1.639200e+00	1.675082e+00
1.707993e+00	1.738080e+00	1.765619e+00	1.779065e+00	1.795119e+00	1.811948e+00
1.836070e+00	1.843601e+00	1.846596e+00	1.846863e+00	1.848546e+00	1.849037e+00
1.848589e+00	1.847308e+00	1.176468e+00	1.198753e+00	1.221121e+00	1.243620e+00
1.266269e+00	1.312007e+00	1.358149e+00	1.404478e+00	1.450724e+00	1.496591e+00
1.541800e+00	1.586067e+00	1.629147e+00	1.671006e+00	1.712034e+00	1.752467e+00
1.791668e+00	1.828841e+00	1.863256e+00	1.895241e+00	1.925157e+00	1.939708e+00
1.956157e+00	1.972431e+00	1.995535e+00	2.002957e+00	2.006627e+00	2.006831e+00
2.007773e+00	2.008049e+00	2.007732e+00	2.007382e+00	1.317761e+00	1.341533e+00
1.365356e+00	1.389258e+00	1.413270e+00	1.461645e+00	1.510269e+00	1.558904e+00
1.607259e+00	1.655013e+00	1.701868e+00	1.747544e+00	1.791810e+00	1.834676e+00
1.876643e+00	1.918050e+00	1.958317e+00	1.996715e+00	2.032633e+00	2.066612e+00
2.099112e+00	2.114857e+00	2.131642e+00	2.147127e+00	2.168850e+00	2.176088e+00
2.180526e+00	2.180656e+00	2.180716e+00	2.180736e+00	2.180576e+00	2.181326e+00
1.476916e+00	1.502195e+00	1.527486e+00	1.552796e+00	1.578170e+00	1.629168e+00
1.680238e+00	1.731125e+00	1.781522e+00	1.831078e+00	1.879481e+00	1.926462e+00
1.971805e+00	2.015573e+00	2.058391e+00	2.100704e+00	2.142006e+00	2.181650e+00
2.219177e+00	2.255388e+00	2.290868e+00	2.307985e+00	2.325060e+00	2.339421e+00
2.359123e+00	2.366037e+00	2.371546e+00	2.371577e+00	2.370403e+00	2.370067e+00
2.370118e+00	2.372417e+00	1.654563e+00	1.681382e+00	1.708167e+00	1.734896e+00
1.761631e+00	1.815226e+00	1.868678e+00	1.921712e+00	1.974002e+00	2.025169e+00
2.074883e+00	2.122893e+00	2.169006e+00	2.213347e+00	2.256690e+00	2.299612e+00
2.341696e+00	2.382397e+00	2.421431e+00	2.459886e+00	2.498482e+00	2.517026e+00
2.534284e+00	2.547247e+00	2.564575e+00	2.571096e+00	2.577672e+00	2.577594e+00
2.575123e+00	2.574412e+00	2.574692e+00	2.578601e+00	1.849004e+00	1.877382e+00
1.905676e+00	1.933828e+00	1.961919e+00	2.018092e+00	2.073892e+00	2.128988e+00
2.183004e+00	2.235505e+00	2.286091e+00	2.334495e+00	2.380581e+00	2.424568e+00
2.467458e+00	2.510058e+00	2.552066e+00	2.593078e+00	2.633006e+00	2.673194e+00
2.714415e+00	2.734140e+00	2.751311e+00	2.762762e+00	2.778363e+00	2.784717e+00
2.791430e+00	2.791263e+00	2.788322e+00	2.787469e+00	2.787888e+00	2.792275e+00
2.060206e+00	2.090320e+00	2.120282e+00	2.149970e+00	2.179487e+00	2.238289e+00
2.296358e+00	2.353280e+00	2.408615e+00	2.461898e+00	2.512670e+00	2.560629e+00
2.605746e+00	2.648356e+00	2.689750e+00	2.731040e+00	2.772045e+00	2.812518e+00
2.852554e+00	2.893685e+00	2.936666e+00	2.957172e+00	2.974016e+00	2.984062e+00
2.998726e+00	3.005084e+00	3.010891e+00	3.010679e+00	3.008226e+00	3.007503e+00
3.007944e+00	3.011518e+00	2.284869e+00	2.318389e+00	2.351494e+00	2.383865e+00
2.415628e+00	2.477816e+00	2.537727e+00	2.595008e+00	2.649447e+00	2.701054e+00
2.750024e+00	2.796258e+00	2.839811e+00	2.881031e+00	2.921195e+00	2.961397e+00
3.001444e+00	3.041006e+00	3.080082e+00	3.120171e+00	3.162086e+00	3.182209e+00
3.199066e+00	3.209394e+00	3.223361e+00	3.228842e+00	3.233431e+00	3.233361e+00
3.231856e+00	3.231390e+00	3.231709e+00	3.234005e+00	2.525999e+00	2.564247e+00
2.601672e+00	2.637635e+00	2.672285e+00	2.738417e+00	2.799740e+00	2.856102e+00
2.907767e+00	2.955644e+00	3.001111e+00	3.044428e+00	3.085704e+00	3.125223e+00
3.164040e+00	3.203016e+00	3.241857e+00	3.279987e+00	3.317126e+00	3.354611e+00
3.393402e+00	3.412314e+00	3.429343e+00	3.441025e+00	3.454488e+00	3.458526e+00
3.461534e+00	3.461735e+00	3.461612e+00	3.461524e+00	3.461618e+00	3.462146e+00
2.785183e+00	2.827861e+00	2.869307e+00	2.908571e+00	2.945833e+00	3.015412e+00
3.077708e+00	3.132761e+00	3.181269e+00	3.224947e+00	3.266228e+00	3.305674e+00
3.343460e+00	3.379852e+00	3.415800e+00	3.452051e+00	3.488239e+00	3.523589e+00
3.557633e+00	3.591748e+00	3.627227e+00	3.644945e+00	3.661820e+00	3.674225e+00
3.686978e+00	3.689933e+00	3.691085e+00	3.691516e+00	3.692926e+00	3.693228e+00
3.693188e+00	3.691717e+00	3.060986e+00	3.107296e+00	3.152014e+00	3.193923e+00
3.233243e+00	3.305445e+00	3.368240e+00	3.421803e+00	3.467133e+00	3.506509e+00
3.543098e+00	3.577667e+00	3.610483e+00	3.641895e+00	3.672966e+00	3.704532e+00
3.736212e+00	3.767118e+00	3.796737e+00	3.826766e+00	3.859074e+00	3.875786e+00
3.892105e+00	3.904292e+00	3.916106e+00	3.918571e+00	3.917575e+00	3.918163e+00
3.921241e+00	3.921934e+00	3.921905e+00	3.918206e+00	3.352417e+00	3.402362e+00
3.450305e+00	3.494719e+00	3.535878e+00	3.610051e+00	3.672446e+00	3.723384e+00
3.764239e+00	3.797941e+00	3.828484e+00	3.856881e+00	3.883482e+00	3.908742e+00
3.933803e+00	3.959589e+00	3.985699e+00	4.011100e+00	4.035197e+00	4.059998e+00
4.087931e+00	4.103069e+00	4.118409e+00	4.130182e+00	4.140861e+00	4.142801e+00
4.139823e+00	4.140559e+00	4.145134e+00	4.146178e+00	4.146087e+00	4.140306e+00
3.657626e+00	3.711133e+00	3.762174e+00	3.808862e+00	3.851531e+00	3.926787e+00
3.987619e+00	4.034532e+00	4.069371e+00	4.095829e+00	4.118880e+00	4.139801e+00
4.159002e+00	4.177037e+00	4.195020e+00	4.213905e+00	4.233295e+00	4.252069e+00
4.269599e+00	4.288095e+00	4.310444e+00	4.323389e+00	4.337215e+00	4.348267e+00
4.357575e+00	4.358968e+00	4.354348e+00	4.355193e+00	4.360939e+00	4.362260e+00
4.362001e+00	4.354705e+00	3.975071e+00	4.031401e+00	4.084813e+00	4.133046e+00
4.176499e+00	4.251466e+00	4.309455e+00	4.351155e+00	4.378810e+00	4.396790e+00
4.410949e+00	4.422789e+00	4.432869e+00	4.442001e+00	4.451564e+00	4.462729e+00
4.474930e+00	4.486444e+00	4.496240e+00	4.507097e+00	4.522832e+00	4.533094e+00
4.544703e+00	4.554369e+00	4.561961e+00	4.562764e+00	4.557197e+00	4.558068e+00
4.564353e+00	4.565831e+00	4.565307e+00	4.557696e+00	4.307982e+00	4.363130e+00
4.415304e+00	4.462228e+00	4.504379e+00	4.576878e+00	4.632265e+00	4.670833e+00
4.694133e+00	4.705489e+00	4.709564e+00	4.708068e+00	4.702676e+00	4.696297e+00
4.693842e+00	4.698914e+00	4.709004e+00	4.716568e+00	4.715966e+00	4.714925e+00
4.723073e+00	4.730849e+00	4.739754e+00	4.747027e+00	4.752563e+00	4.752106e+00
4.747040e+00	4.747933e+00	4.753684e+00	4.755238e+00	4.754450e+00	4.747269e+00
4.650827e+00	4.704609e+00	4.755257e+00	4.800380e+00	4.840543e+00	4.908757e+00
4.959180e+00	4.991864e+00	5.007953e+00	5.010193e+00	5.002614e+00	4.987226e+00
4.966593e+00	4.945241e+00	4.930635e+00	4.928088e+00	4.933548e+00	4.935079e+00
4.923708e+00	4.911133e+00	4.911114e+00	4.915513e+00	4.920705e+00	4.924733e+00
4.927522e+00	4.926342e+00	4.922346e+00	4.923092e+00	4.927532e+00	4.928830e+00
4.928102e+00	4.922313e+00	4.995382e+00	5.048943e+00	5.098875e+00	5.142396e+00
5.180187e+00	5.241949e+00	5.283600e+00	5.305471e+00	5.309181e+00	5.298191e+00
5.277380e+00	5.249079e+00	5.216018e+00	5.182947e+00	5.157416e+00	5.144746e+00
5.140616e+00	5.132446e+00	5.110935e+00	5.088804e+00	5.080204e+00	5.080094e+00
5.080394e+00	5.080294e+00	5.079664e+00	5.078504e+00	5.076024e+00	5.076414e+00
5.078794e+00	5.079474e+00	5.079144e+00	5.075834e+00	5.338793e+00	5.393626e+00
5.443915e+00	5.486161e+00	5.521216e+00	5.574100e+00	5.602514e+00	5.607754e+00
5.592986e+00	5.564001e+00	5.528366e+00	5.488675e+00	5.447010e+00	5.406487e+00
5.371820e+00	5.346277e+00	5.326851e+00	5.305011e+00	5.274801e+00	5.245553e+00
5.227703e+00	5.222372e+00	5.216721e+00	5.211551e+00	5.207496e+00	5.206305e+00
5.205919e+00	5.205858e+00	5.205598e+00	5.205605e+00	5.205482e+00	5.205685e+00
5.688624e+00	5.744515e+00	5.794760e+00	5.835016e+00	5.866349e+00	5.907795e+00
5.919813e+00	5.905033e+00	5.868617e+00	5.819190e+00	5.767424e+00	5.716058e+00
5.666243e+00	5.618947e+00	5.575253e+00	5.535828e+00	5.499516e+00	5.462963e+00
5.424145e+00	5.387996e+00	5.360430e+00	5.349531e+00	5.337396e+00	5.326643e+00
5.319005e+00	5.317729e+00	5.319735e+00	5.319187e+00	5.315985e+00	5.315272e+00
5.315338e+00	5.319458e+00	6.044783e+00	6.097677e+00	6.144080e+00	6.179053e+00
6.203889e+00	6.229847e+00	6.223356e+00	6.188009e+00	6.130299e+00	6.060552e+00
5.991208e+00	5.925201e+00	5.863200e+00	5.805164e+00	5.750636e+00	5.699045e+00
5.649795e+00	5.601095e+00	5.552104e+00	5.506505e+00	5.468970e+00	5.452622e+00
5.433566e+00	5.416431e+00	5.405099e+00	5.403334e+00	5.408447e+00	5.407422e+00
5.400761e+00	5.399290e+00	5.399587e+00	5.407954e+00	6.401332e+00	6.447031e+00
6.485728e+00	6.512106e+00	6.527679e+00	6.534106e+00	6.506909e+00	6.450252e+00
6.371369e+00	6.281369e+00	6.193424e+00	6.110772e+00	6.034004e+00	5.962877e+00
5.896685e+00	5.834335e+00	5.774959e+00	5.716133e+00	5.656544e+00	5.600465e+00
5.552947e+00	5.531235e+00	5.505381e+00	5.481991e+00	5.466838e+00	5.464568e+00
5.472600e+00	5.471132e+00	5.461169e+00	5.458965e+00	5.459542e+00	5.471851e+00
6.755123e+00	6.790576e+00	6.818559e+00	6.833461e+00	6.837063e+00	6.819135e+00
6.767255e+00	6.686220e+00	6.583939e+00	6.472230e+00	6.364649e+00	6.264715e+00
6.172782e+00	6.088183e+00	6.009861e+00	5.936180e+00	5.866522e+00	5.799093e+00
5.730567e+00	5.662860e+00	5.600243e+00	5.569783e+00	5.535845e+00	5.506495e+00
5.483784e+00	5.482238e+00	5.490651e+00	5.488663e+00	5.476431e+00	5.473263e+00
5.474610e+00	5.489846e+00	7.110575e+00	7.133199e+00	7.148001e+00	7.149142e+00
7.138692e+00	7.092886e+00	7.013628e+00	6.906306e+00	6.779385e+00	6.645258e+00
6.517636e+00	6.400278e+00	6.293232e+00	6.195341e+00	6.105180e+00	6.020581e+00
5.941259e+00	5.866209e+00	5.789876e+00	5.711442e+00	5.634704e+00	5.596432e+00
5.555823e+00	5.521865e+00	5.493332e+00	5.492372e+00	5.500910e+00	5.498547e+00
5.484782e+00	5.480938e+00	5.482839e+00	5.500076e+00	7.463898e+00	7.471821e+00
7.471540e+00	7.456969e+00	7.430490e+00	7.352875e+00	7.242376e+00	7.105051e+00
6.950042e+00	6.790461e+00	6.640493e+00	6.504065e+00	6.381036e+00	6.269683e+00
6.167150e+00	6.070432e+00	5.978927e+00	5.889941e+00	5.804269e+00	5.722004e+00
5.640805e+00	5.600183e+00	5.557309e+00	5.521596e+00	5.491463e+00	5.490328e+00
5.498901e+00	5.496454e+00	5.482323e+00	5.478369e+00	5.480354e+00	5.497986e+00
7.808476e+00	7.800053e+00	7.783017e+00	7.751014e+00	7.706764e+00	7.593942e+00
7.449039e+00	7.278970e+00	7.093767e+00	6.907472e+00	6.735018e+00	6.580340e+00
6.443106e+00	6.321061e+00	6.207695e+00	6.099519e+00	5.996763e+00	5.895612e+00
5.797303e+00	5.703070e+00	5.613452e+00	5.569109e+00	5.519863e+00	5.477608e+00
5.445192e+00	5.440734e+00	5.449053e+00	5.446668e+00	5.432696e+00	5.429275e+00
5.430769e+00	5.447379e+00	8.151148e+00	8.122503e+00	8.085061e+00	8.032418e+00
7.967647e+00	7.815330e+00	7.633230e+00	7.428901e+00	7.212869e+00	6.999463e+00
6.803894e+00	6.630007e+00	6.474311e+00	6.334153e+00	6.210742e+00	6.097101e+00
5.989012e+00	5.882640e+00	5.772844e+00	5.665096e+00	5.565329e+00	5.516554e+00
5.462050e+00	5.415415e+00	5.379784e+00	5.372677e+00	5.378217e+00	5.376049e+00
5.364118e+00	5.361455e+00	5.362448e+00	5.376157e+00	8.490145e+00	8.436918e+00
8.375171e+00	8.298734e+00	8.210973e+00	8.015804e+00	7.794863e+00	7.555669e+00
7.308678e+00	7.068000e+00	6.848475e+00	6.653017e+00	6.483744e+00	6.334670e+00
6.197768e+00	6.069516e+00	5.948193e+00	5.829434e+00	5.710114e+00	5.593503e+00
5.483688e+00	5.430540e+00	5.374141e+00	5.327453e+00	5.287738e+00	5.279068e+00
5.277999e+00	5.276319e+00	5.269398e+00	5.267859e+00	5.268352e+00	5.276054e+00
8.819464e+00	8.741742e+00	8.655136e+00	8.553357e+00	8.440324e+00	8.196710e+00
7.931333e+00	7.654042e+00	7.375481e+00	7.108583e+00	6.868179e+00	6.656336e+00
6.468693e+00	6.302329e+00	6.151475e+00	6.011036e+00	5.878282e+00	5.749041e+00
5.620083e+00	5.493822e+00	5.374290e+00	5.317565e+00	5.260333e+00	5.214559e+00
5.171113e+00	5.160344e+00	5.151128e+00	5.150135e+00	5.149705e+00	5.149716e+00
5.149586e+00	5.148979e+00	9.101103e+00	9.034296e+00	8.952272e+00	8.838839e+00
8.699321e+00	8.378394e+00	8.030951e+00	7.700480e+00	7.394065e+00	7.113298e+00
6.862232e+00	6.639984e+00	6.437020e+00	6.250734e+00	6.079334e+00	5.921889e+00
5.775837e+00	5.636905e+00	5.500592e+00	5.364273e+00	5.233154e+00	5.174881e+00
5.117957e+00	5.072415e+00	5.025003e+00	5.012679e+00	4.995436e+00	4.994995e+00
5.000961e+00	5.002699e+00	5.001852e+00	4.992890e+00	9.438401e+00	9.331945e+00
9.204858e+00	9.046664e+00	8.867528e+00	8.487091e+00	8.102063e+00	7.744078e+00
7.415066e+00	7.116608e+00	6.850147e+00	6.608787e+00	6.385761e+00	6.176691e+00
5.983179e+00	5.807267e+00	5.646936e+00	5.498847e+00	5.358066e+00	5.215804e+00
5.072728e+00	5.008565e+00	4.949537e+00	4.905555e+00	4.855861e+00	4.840745e+00
4.817287e+00	4.817469e+00	4.828484e+00	4.831574e+00	4.830216e+00	4.814544e+00
9.854013e+00	9.627329e+00	9.401176e+00	9.176633e+00	8.956900e+00	8.540079e+00
8.148861e+00	7.782177e+00	7.439187e+00	7.119119e+00	6.821736e+00	6.547885e+00
6.296148e+00	6.064584e+00	5.851663e+00	5.657644e+00	5.482328e+00	5.325265e+00
5.183094e+00	5.040963e+00	4.885990e+00	4.808589e+00	4.742829e+00	4.702123e+00
4.652776e+00	4.633053e+00	4.607239e+00	4.608069e+00	4.621121e+00	4.624662e+00
4.623242e+00	4.604679e+00	1.013802e+01	9.867211e+00	9.598676e+00	9.336813e+00
9.085477e+00	8.620169e+00	8.188484e+00	7.777571e+00	7.414374e+00	7.075975e+00
6.749273e+00	6.450045e+00	6.177538e+00	5.928775e+00	5.700328e+00	5.491183e+00
5.301840e+00	5.131888e+00	4.978492e+00	4.826593e+00	4.661690e+00	4.578710e+00
4.508282e+00	4.464891e+00	4.412685e+00	4.392421e+00	4.368524e+00	4.369104e+00
4.380003e+00	4.382980e+00	4.381752e+00	4.365900e+00	1.038192e+01	1.008315e+01
9.787749e+00	9.499300e+00	9.220949e+00	8.700749e+00	8.218044e+00	7.765668e+00
7.359451e+00	6.984420e+00	6.638386e+00	6.323302e+00	6.036689e+00	5.774888e+00
5.533798e+00	5.311479e+00	5.108824e+00	4.924455e+00	4.755553e+00	4.589651e+00
4.416447e+00	4.331464e+00	4.257057e+00	4.207989e+00	4.151625e+00	4.133028e+00
4.113922e+00	4.113756e+00	4.119791e+00	4.121513e+00	4.120688e+00	4.111148e+00
1.061170e+01	1.027848e+01	9.950157e+00	9.631004e+00	9.323771e+00	8.747161e+00
8.218653e+00	7.740626e+00	7.294331e+00	6.888088e+00	6.519559e+00	6.185881e+00
5.883347e+00	5.607457e+00	5.353033e+00	5.117141e+00	4.900875e+00	4.702634e+00
4.519621e+00	4.341288e+00	4.159606e+00	4.071340e+00	3.991910e+00	3.936875e+00
3.876544e+00	3.860169e+00	3.847637e+00	3.846529e+00	3.846120e+00	3.846141e+00
3.845935e+00	3.844750e+00	1.082015e+01	1.044998e+01	1.008675e+01	9.736109e+00
9.400445e+00	8.773252e+00	8.198608e+00	7.678284e+00	7.202673e+00	6.770546e+00
6.380485e+00	6.028638e+00	5.710369e+00	5.420442e+00	5.152570e+00	4.902911e+00
4.672504e+00	4.460199e+00	4.263193e+00	4.072879e+00	3.883011e+00	3.791118e+00
3.705805e+00	3.643816e+00	3.579564e+00	3.566165e+00	3.561908e+00	3.559639e+00
3.551247e+00	3.549149e+00	3.549747e+00	3.558930e+00	1.101422e+01	1.060105e+01
1.019754e+01	9.811683e+00	9.444576e+00	8.767937e+00	8.160613e+00	7.603270e+00
7.100916e+00	6.647472e+00	6.239431e+00	5.871810e+00	5.539069e+00	5.235245e+00
4.953082e+00	4.688085e+00	4.441498e+00	4.213647e+00	4.002479e+00	3.801529e+00
3.606415e+00	3.512712e+00	3.422935e+00	3.355316e+00	3.289327e+00	3.276048e+00
3.273515e+00	3.270929e+00	3.260617e+00	3.258108e+00	3.258793e+00	3.270519e+00
1.119823e+01	1.073933e+01	1.029402e+01	9.873177e+00	9.476682e+00	8.748587e+00
8.098582e+00	7.513080e+00	6.989267e+00	6.518878e+00	6.095793e+00	5.714348e+00
5.368318e+00	5.051134e+00	4.754749e+00	4.474232e+00	4.211121e+00	3.967717e+00
3.743085e+00	3.532847e+00	3.334405e+00	3.240017e+00	3.146985e+00	3.075023e+00
3.008617e+00	2.993984e+00	2.989331e+00	2.986936e+00	2.978275e+00	2.976317e+00
2.976703e+00	2.986361e+00	1.137386e+01	1.086992e+01	1.038368e+01	9.929055e+00
9.504274e+00	8.727973e+00	8.038410e+00	7.425308e+00	6.880489e+00	6.393550e+00
5.955802e+00	5.560889e+00	5.202225e+00	4.872843e+00	4.564308e+00	4.271390e+00
3.995490e+00	3.739471e+00	3.503139e+00	3.283319e+00	3.079086e+00	2.982990e+00
2.888124e+00	2.814558e+00	2.747062e+00	2.731156e+00	2.722734e+00	2.720685e+00
2.715126e+00	2.713982e+00	2.714072e+00	2.719737e+00	1.153853e+01	1.099086e+01
1.046514e+01	9.978425e+00	9.526986e+00	8.704217e+00	7.979898e+00	7.339573e+00
6.774020e+00	6.270763e+00	5.818567e+00	5.410359e+00	5.039600e+00	4.699164e+00
4.380690e+00	4.078733e+00	3.793935e+00	3.528095e+00	3.281435e+00	3.051087e+00
2.837800e+00	2.738668e+00	2.643526e+00	2.571415e+00	2.501921e+00	2.484724e+00
2.470292e+00	2.468799e+00	2.468276e+00	2.468310e+00	2.468085e+00	2.467210e+00
1.169590e+01	1.110740e+01	1.054524e+01	1.002941e+01	9.553845e+00	8.690392e+00
7.933217e+00	7.267911e+00	6.682811e+00	6.163804e+00	5.697661e+00	5.276601e+00
4.894078e+00	4.542977e+00	4.214975e+00	3.904536e+00	3.611710e+00	3.337447e+00
3.082252e+00	2.843405e+00	2.622037e+00	2.519456e+00	2.422402e+00	2.349822e+00
2.278709e+00	2.260892e+00	2.243886e+00	2.242621e+00	2.244212e+00	2.244740e+00
2.244389e+00	2.240538e+00	1.184615e+01	1.122009e+01	1.062482e+01	1.008328e+01
9.586795e+00	8.686009e+00	7.900601e+00	7.212557e+00	6.609612e+00	6.075708e+00
5.596238e+00	5.162822e+00	4.768884e+00	4.407402e+00	4.070126e+00	3.751538e+00
3.451276e+00	3.169709e+00	2.907395e+00	2.661706e+00	2.432940e+00	2.326469e+00
2.225953e+00	2.151115e+00	2.078544e+00	2.060611e+00	2.043872e+00	2.042552e+00
2.043790e+00	2.044241e+00	2.043913e+00	2.040233e+00	1.199113e+01	1.133090e+01
1.070594e+01	1.014231e+01	9.628173e+00	8.694009e+00	7.885101e+00	7.179713e+00
6.560822e+00	6.013223e+00	5.521209e+00	5.076011e+00	4.671072e+00	4.299497e+00
3.953160e+00	3.626636e+00	3.319317e+00	3.031209e+00	2.762558e+00	2.510838e+00
2.274639e+00	2.163745e+00	2.058606e+00	1.980282e+00	1.905890e+00	1.887947e+00
1.872824e+00	1.871280e+00	1.870875e+00	1.870960e+00	1.870719e+00	1.869081e+00
1.213435e+01	1.144322e+01	1.079196e+01	1.020960e+01	9.681073e+00	8.720355e+00
7.893311e+00	7.174909e+00	6.540886e+00	5.979497e+00	5.474091e+00	5.015847e+00
4.599140e+00	4.219273e+00	3.865009e+00	3.531310e+00	3.217544e+00	2.923499e+00
2.648899e+00	2.391240e+00	2.147313e+00	2.031686e+00	1.921597e+00	1.839461e+00
1.762615e+00	1.744395e+00	1.730505e+00	1.728746e+00	1.726851e+00	1.726592e+00
1.726450e+00	1.726673e+00	1.227666e+01	1.155771e+01	1.088306e+01	1.028466e+01
9.744172e+00	8.761223e+00	7.913248e+00	7.179177e+00	6.540265e+00	5.974018e+00
5.463703e+00	5.000634e+00	4.577641e+00	4.185724e+00	3.820829e+00	3.477671e+00
3.155315e+00	2.853318e+00	2.570673e+00	2.304746e+00	2.051609e+00	1.930432e+00
1.814758e+00	1.728259e+00	1.647598e+00	1.628506e+00	1.614542e+00	1.612628e+00
1.610063e+00	1.609651e+00	1.609541e+00	1.610643e+00	1.241544e+01	1.167335e+01
1.097980e+01	1.036952e+01	9.821004e+00	8.823323e+00	7.965883e+00	7.225006e+00
6.577393e+00	6.002347e+00	5.482455e+00	5.009180e+00	4.576367e+00	4.177611e+00
3.805656e+00	3.455569e+00	3.126438e+00	2.817823e+00	2.528194e+00	2.253076e+00
1.988256e+00	1.860304e+00	1.737757e+00	1.645694e+00	1.559446e+00	1.538820e+00
1.523457e+00	1.521426e+00	1.518934e+00	1.518544e+00	1.518403e+00	1.519464e+00
1.254307e+01	1.178376e+01	1.107674e+01	1.045899e+01	9.906071e+00	8.899153e+00
8.035828e+00	7.289374e+00	6.636285e+00	6.055273e+00	5.528616e+00	5.047571e+00
4.606790e+00	4.204180e+00	3.828019e+00	3.473343e+00	3.139354e+00	2.825793e+00
2.531124e+00	2.244359e+00	1.958170e+00	1.818071e+00	1.684412e+00	1.585549e+00
1.491538e+00	1.468623e+00	1.450766e+00	1.448595e+00	1.446493e+00	1.446187e+00
1.446007e+00	1.446564e+00	1.266190e+01	1.188965e+01	1.117317e+01	1.055139e+01
9.997115e+00	8.986435e+00	8.122041e+00	7.373086e+00	6.716960e+00	6.132592e+00
5.602678e+00	5.118613e+00	4.674354e+00	4.264130e+00	3.879385e+00	3.515034e+00
3.170499e+00	2.845827e+00	2.539087e+00	2.239622e+00	1.939043e+00	1.789706e+00
1.645672e+00	1.537885e+00	1.434795e+00	1.409357e+00	1.388828e+00	1.386477e+00
1.384698e+00	1.384467e+00	1.384250e+00	1.384303e+00	1.276573e+01	1.198647e+01
1.126571e+01	1.064383e+01	1.009121e+01	9.081165e+00	8.217785e+00	7.467281e+00
6.808471e+00	6.220986e+00	5.688120e+00	5.201149e+00	4.753495e+00	4.338007e+00
3.946390e+00	3.573271e+00	3.218397e+00	2.882187e+00	2.561922e+00	2.250009e+00
1.942224e+00	1.788314e+00	1.632090e+00	1.504142e+00	1.388719e+00	1.360288e+00
1.336842e+00	1.334106e+00	1.332186e+00	1.331976e+00	1.331685e+00	1.331642e+00
1.285190e+01	1.207207e+01	1.135306e+01	1.073625e+01	1.018971e+01	9.187812e+00
8.329981e+00	7.580503e+00	6.920528e+00	6.331425e+00	5.797815e+00	5.310775e+00
4.863009e+00	4.446467e+00	4.051648e+00	3.672544e+00	3.309458e+00	2.963722e+00
2.632857e+00	2.305604e+00	1.972410e+00	1.802273e+00	1.626906e+00	1.481994e+00
1.351959e+00	1.320168e+00	1.294025e+00	1.290831e+00	1.288323e+00	1.288043e+00
1.287716e+00	1.287915e+00	1.290118e+01	1.213590e+01	1.143063e+01	1.082757e+01
1.029339e+01	9.307888e+00	8.457668e+00	7.708992e+00	7.046197e+00	6.453483e+00
5.917722e+00	5.430008e+00	4.982400e+00	4.566069e+00	4.170426e+00	3.788436e+00
3.419761e+00	3.064862e+00	2.720586e+00	2.374905e+00	2.015961e+00	1.828918e+00
1.634799e+00	1.481349e+00	1.320890e+00	1.284436e+00	1.258323e+00	1.254983e+00
1.250429e+00	1.249589e+00	1.249717e+00	1.251009e+00	1.293705e+01	1.218910e+01
1.150195e+01	1.091727e+01	1.039976e+01	9.437728e+00	8.597918e+00	7.851004e+00
7.185057e+00	6.587991e+00	6.049707e+00	5.561527e+00	5.114957e+00	4.700522e+00
4.306714e+00	3.925313e+00	3.554444e+00	3.192021e+00	2.833219e+00	2.466695e+00
2.080014e+00	1.875729e+00	1.660961e+00	1.482497e+00	1.293781e+00	1.252129e+00
1.227162e+00	1.223809e+00	1.216668e+00	1.215069e+00	1.215851e+00	1.218562e+00
1.297325e+01	1.223677e+01	1.156278e+01	1.099409e+01	1.049287e+01	9.556105e+00
8.730854e+00	7.991440e+00	7.328192e+00	6.731555e+00	6.193661e+00	5.706351e+00
5.261017e+00	4.847913e+00	4.455036e+00	4.073398e+00	3.699954e+00	3.330634e+00
2.958774e+00	2.572045e+00	2.155875e+00	1.932069e+00	1.693271e+00	1.485912e+00
1.272437e+00	1.223301e+00	1.199632e+00	1.196470e+00	1.186363e+00	1.183865e+00
1.185433e+00	1.189724e+00	1.301121e+01	1.227939e+01	1.161307e+01	1.105701e+01
1.057069e+01	9.659921e+00	8.853540e+00	8.128830e+00	7.476663e+00	6.888078e+00
6.355542e+00	5.871364e+00	5.427409e+00	5.014341e+00	4.620490e+00	4.236896e+00
3.860047e+00	3.485097e+00	3.103651e+00	2.699605e+00	2.253311e+00	2.007438e+00
1.740511e+00	1.505996e+00	1.256028e+00	1.198003e+00	1.175868e+00	1.173087e+00
1.159655e+00	1.156119e+00	1.158598e+00	1.164706e+00	1.303498e+01	1.230914e+01
1.165228e+01	1.111088e+01	1.064125e+01	9.758222e+00	8.972263e+00	8.263564e+00
7.623736e+00	7.044416e+00	6.518498e+00	6.038780e+00	5.597602e+00	5.186029e+00
4.792752e+00	4.408835e+00	4.030241e+00	3.651215e+00	3.261464e+00	2.840802e+00
2.363903e+00	2.094959e+00	1.797578e+00	1.533198e+00	1.245037e+00	1.176300e+00
1.154081e+00	1.151667e+00	1.135441e+00	1.131017e+00	1.134379e+00	1.140943e+00
1.304624e+01	1.232764e+01	1.168126e+01	1.115600e+01	1.070443e+01	9.850063e+00
9.085753e+00	8.394118e+00	7.767678e+00	7.198706e+00	6.680657e+00	6.206822e+00
5.770005e+00	5.361644e+00	4.970786e+00	4.588489e+00	4.210153e+00	3.828971e+00
3.432609e+00	2.996603e+00	2.489403e+00	2.196829e+00	1.867114e+00	1.570367e+00
1.240328e+00	1.158049e+00	1.134258e+00	1.132123e+00	1.113470e+00	1.108305e+00
1.112652e+00	1.118510e+00	1.304877e+01	1.233587e+01	1.170055e+01	1.119273e+01
1.076029e+01	9.934456e+00	9.192730e+00	8.519200e+00	7.907286e+00	7.349885e+00
6.841012e+00	6.374431e+00	5.943418e+00	5.539836e+00	5.153085e+00	4.774265e+00
4.398217e+00	4.017018e+00	3.616134e+00	3.166425e+00	2.629428e+00	2.312711e+00
1.949463e+00	1.617689e+00	1.240237e+00	1.146032e+00	1.115535e+00	1.113558e+00
1.094304e+00	1.088719e+00	1.092661e+00	1.097807e+00	1.303911e+01	1.233385e+01
1.171314e+01	1.122397e+01	1.081202e+01	1.001611e+01	9.298420e+00	8.644095e+00
8.047555e+00	7.502345e+00	7.003147e+00	6.544315e+00	6.119692e+00	5.721759e+00
5.340591e+00	4.967428e+00	4.596432e+00	4.218236e+00	3.815346e+00	3.352189e+00
2.782116e+00	2.438785e+00	2.040200e+00	1.673815e+00	1.256462e+00	1.147289e+00
1.090834e+00	1.089732e+00	1.082078e+00	1.077098e+00	1.070417e+00	1.079106e+00
1.302260e+01	1.232802e+01	1.171690e+01	1.124734e+01	1.085557e+01	1.008896e+01
9.395349e+00	8.760708e+00	8.180319e+00	7.648335e+00	7.160041e+00	6.710345e+00
6.293620e+00	5.902929e+00	5.528998e+00	5.163237e+00	4.799185e+00	4.426139e+00
4.023691e+00	3.549764e+00	2.948771e+00	2.579089e+00	2.144088e+00	1.740120e+00
1.278400e+00	1.149402e+00	1.071176e+00	1.069880e+00	1.069436e+00	1.064864e+00
1.050945e+00	1.061379e+00	1.300415e+01	1.231636e+01	1.171727e+01	1.126441e+01
1.089076e+01	1.015076e+01	9.479654e+00	8.864171e+00	8.300175e+00	7.782326e+00
7.306352e+00	6.867583e+00	6.460778e+00	6.079407e+00	5.714608e+00	5.357900e+00
5.002382e+00	4.636413e+00	4.237359e+00	3.757895e+00	3.133141e+00	2.739768e+00
2.267905e+00	1.821145e+00	1.301385e+00	1.152925e+00	1.059472e+00	1.056272e+00
1.054682e+00	1.050081e+00	1.035719e+00	1.044820e+00	1.301276e+01	1.232582e+01
1.173074e+01	1.129014e+01	1.092829e+01	1.020625e+01	9.551651e+00	8.951826e+00
8.402789e+00	7.899361e+00	7.437362e+00	7.012119e+00	6.618365e+00	6.249359e+00
5.895810e+00	5.548935e+00	5.201984e+00	4.843500e+00	4.450969e+00	3.976492e+00
3.344997e+00	2.932147e+00	2.415929e+00	1.913423e+00	1.326237e+00	1.159485e+00
1.057316e+00	1.049050e+00	1.038455e+00	1.034163e+00	1.025004e+00	1.030626e+00
1.302582e+01	1.234019e+01	1.175054e+01	1.131612e+01	1.096392e+01	1.025760e+01
9.617926e+00	9.032811e+00	8.498327e+00	8.009418e+00	7.561949e+00	7.151188e+00
6.771752e+00	6.416542e+00	6.075578e+00	5.739625e+00	5.402246e+00	5.052531e+00
4.668899e+00	4.204720e+00	3.575330e+00	3.146236e+00	2.583438e+00	2.018581e+00
1.355303e+00	1.169799e+00	1.055910e+00	1.043271e+00	1.022742e+00	1.018814e+00
1.015856e+00	1.017836e+00	1.302326e+01	1.233965e+01	1.175312e+01	1.133019e+01
1.099105e+01	1.030445e+01	9.682016e+00	9.112925e+00	8.593519e+00	8.119041e+00
7.685538e+00	7.288464e+00	6.922529e+00	6.580671e+00	6.252750e+00	5.929389e+00
5.604174e+00	5.266098e+00	4.893152e+00	4.436997e+00	3.804487e+00	3.360970e+00
2.762819e+00	2.145412e+00	1.398416e+00	1.186564e+00	1.052494e+00	1.035836e+00
1.011315e+00	1.007502e+00	1.006717e+00	1.006653e+00	1.299919e+01	1.232416e+01
1.174848e+01	1.133773e+01	1.101115e+01	1.034597e+01	9.742169e+00	9.189915e+00
8.685823e+00	8.225534e+00	7.805388e+00	7.421226e+00	7.068037e+00	6.739132e+00
6.424677e+00	6.115462e+00	5.804912e+00	5.481420e+00	5.121299e+00	4.671647e+00
4.032147e+00	3.576813e+00	2.956350e+00	2.301081e+00	1.465993e+00	1.218476e+00
1.047370e+00	1.027137e+00	1.002879e+00	9.990657e-01	9.977448e-01	9.970620e-01
1.296403e+01	1.229842e+01	1.173467e+01	1.133541e+01	1.102192e+01	1.038004e+01
9.795824e+00	9.260776e+00	8.771961e+00	8.325509e+00	7.918160e+00	7.546217e+00
7.205163e+00	6.888893e+00	6.588278e+00	6.294511e+00	6.000842e+00	5.694881e+00
5.350701e+00	4.909323e+00	4.262490e+00	3.795507e+00	3.155025e+00	2.465940e+00
1.547508e+00	1.262608e+00	1.047245e+00	1.018649e+00	9.957020e-01	9.919953e-01
9.871602e-01	9.887251e-01	1.291994e+01	1.226425e+01	1.171177e+01	1.132913e+01
1.102945e+01	1.040997e+01	9.845274e+00	9.327355e+00	8.853661e+00	8.420803e+00
8.025956e+00	7.665912e+00	7.336759e+00	7.033091e+00	6.746714e+00	6.469403e+00
6.194288e+00	5.908159e+00	5.582536e+00	5.151294e+00	4.497744e+00	4.019987e+00
3.362549e+00	2.643976e+00	1.645291e+00	1.321301e+00	1.047793e+00	1.010718e+00
9.893326e-01	9.857622e-01	9.759675e-01	9.812255e-01	1.290155e+01	1.225123e+01
1.170485e+01	1.132782e+01	1.103941e+01	1.043782e+01	9.888477e+00	9.384790e+00
8.924483e+00	8.504483e+00	8.122198e+00	7.774713e+00	7.458435e+00	7.168346e+00
6.896719e+00	6.635699e+00	6.378585e+00	6.112054e+00	5.806594e+00	5.392108e+00
4.744430e+00	4.261907e+00	3.589431e+00	2.838173e+00	1.749995e+00	1.383763e+00
1.049818e+00	1.008784e+00	9.826522e-01	9.791151e-01	9.682486e-01	9.745857e-01
1.289684e+01	1.224876e+01	1.170632e+01	1.133586e+01	1.105380e+01	1.046323e+01
9.924754e+00	9.432166e+00	8.983211e+00	8.574986e+00	8.205000e+00	7.870465e+00
7.567852e+00	7.292171e+00	7.035561e+00	6.790218e+00	6.549890e+00	6.301955e+00
6.017754e+00	5.627720e+00	5.003320e+00	4.525319e+00	3.840735e+00	3.051702e+00
1.862063e+00	1.450475e+00	1.063515e+00	1.010912e+00	9.754447e-01	9.717991e-01
9.634598e-01	9.688221e-01	1.289575e+01	1.224959e+01	1.170991e+01	1.134511e+01
1.106835e+01	1.048708e+01	9.958038e+00	9.475455e+00	9.037081e+00	8.640107e+00
8.282053e+00	7.960182e+00	7.670953e+00	7.409292e+00	7.167076e+00	6.936597e+00
6.712490e+00	6.483536e+00	6.222659e+00	5.860910e+00	5.265370e+00	4.795367e+00
4.102404e+00	3.278480e+00	1.987646e+00	1.527730e+00	1.082009e+00	1.015685e+00
9.685782e-01	9.644958e-01	9.596002e-01	9.641801e-01	1.289324e+01	1.225062e+01
1.171546e+01	1.135601e+01	1.108463e+01	1.051266e+01	9.992197e+00	9.518006e+00
9.087998e+00	8.699727e+00	8.351108e+00	8.039689e+00	7.762227e+00	7.513957e+00
7.287062e+00	7.073844e+00	6.868480e+00	6.658608e+00	6.417313e+00	6.080072e+00
5.517384e+00	5.064433e+00	4.379809e+00	3.534329e+00	2.133574e+00	1.613317e+00
1.098303e+00	1.021381e+00	9.656066e-01	9.609616e-01	9.579697e-01	9.602753e-01
1.287529e+01	1.224391e+01	1.171924e+01	1.136873e+01	1.110457e+01	1.054380e+01
1.003129e+01	9.563000e+00	9.137524e+00	8.753505e+00	8.409988e+00	8.105188e+00
7.836639e+00	7.600637e+00	7.390906e+00	7.200000e+00	7.019072e+00	6.828820e+00
6.598385e+00	6.274256e+00	5.744428e+00	5.322117e+00	4.679498e+00	3.844327e+00
2.308688e+00	1.701516e+00	1.105214e+00	1.023509e+00	9.699069e-01	9.631789e-01
9.591569e-01	9.566399e-01	1.288059e+01	1.225179e+01	1.172876e+01	1.137955e+01
1.111701e+01	1.056064e+01	1.005422e+01	9.593628e+00	9.176980e+00	8.802502e+00
8.468786e+00	8.173958e+00	7.915590e+00	7.689858e+00	7.490221e+00	7.309986e+00
7.143377e+00	6.976991e+00	6.782374e+00	6.494035e+00	5.988885e+00	5.578515e+00
4.953483e+00	4.118476e+00	2.492077e+00	1.820999e+00	1.130764e+00	1.033204e+00
9.684339e-01	9.618805e-01	9.561250e-01	9.537179e-01	1.288150e+01	1.225491e+01
1.173499e+01	1.138812e+01	1.112767e+01	1.057624e+01	1.007561e+01	9.621868e+00
9.212916e+00	8.846745e+00	8.521674e+00	8.235792e+00	7.986726e+00	7.770652e+00
7.580947e+00	7.411645e+00	7.259441e+00	7.115541e+00	6.954162e+00	6.702082e+00
6.227447e+00	5.832252e+00	5.225915e+00	4.394199e+00	2.690829e+00	1.957036e+00
1.163522e+00	1.046774e+00	9.678299e-01	9.604499e-01	9.527208e-01	9.510802e-01
1.286970e+01	1.225136e+01	1.173748e+01	1.139467e+01	1.113743e+01	1.059247e+01
1.009759e+01	9.649423e+00	9.246023e+00	8.885593e+00	8.566692e+00	8.287631e+00
8.046301e+00	7.839293e+00	7.660477e+00	7.504416e+00	7.368300e+00	7.243781e+00
7.106175e+00	6.884560e+00	6.449608e+00	6.078180e+00	5.496235e+00	4.673769e+00
2.907848e+00	2.107696e+00	1.200712e+00	1.064296e+00	9.684395e-01	9.595856e-01
9.502420e-01	9.487393e-01	1.285521e+01	1.224527e+01	1.173956e+01	1.140176e+01
1.114847e+01	1.061089e+01	1.012169e+01	9.678104e+00	9.278609e+00	8.921989e+00
8.607339e+00	8.333348e+00	8.098344e+00	7.899612e+00	7.732007e+00	7.590546e+00
7.471285e+00	7.362886e+00	7.240981e+00	7.046177e+00	6.659742e+00	6.317494e+00
5.758420e+00	4.948734e+00	3.146217e+00	2.273667e+00	1.244868e+00	1.086765e+00
9.704514e-01	9.597479e-01	9.484927e-01	9.469245e-01	1.283962e+01	1.223913e+01
1.174168e+01	1.140895e+01	1.115919e+01	1.062830e+01	1.014422e+01	9.704699e+00
9.308620e+00	8.955331e+00	8.644430e+00	8.374967e+00	8.145698e+00	7.954581e+00
7.797443e+00	7.669769e+00	7.566543e+00	7.473540e+00	7.366643e+00	7.198490e+00
6.862548e+00	6.551519e+00	6.017596e+00	5.225597e+00	3.401949e+00	2.455604e+00
1.295578e+00	1.113649e+00	9.739689e-01	9.601584e-01	9.469785e-01	9.453301e-01
1.282951e+01	1.223838e+01	1.174612e+01	1.141611e+01	1.116678e+01	1.063841e+01
1.015746e+01	9.721718e+00	9.329941e+00	8.981330e+00	8.675365e+00	8.411151e+00
8.187569e+00	8.002676e+00	7.852372e+00	7.732685e+00	7.640478e+00	7.565224e+00
7.484980e+00	7.349836e+00	7.053550e+00	6.768229e+00	6.268100e+00	5.503727e+00
3.660739e+00	2.655832e+00	1.354387e+00	1.144810e+00	9.780586e-01	9.609719e-01
9.452740e-01	9.437993e-01	1.282210e+01	1.223905e+01	1.175326e+01	1.142320e+01
1.117237e+01	1.064471e+01	1.016580e+01	9.733192e+00	9.345542e+00	9.001759e+00
8.700933e+00	8.442002e+00	8.223723e+00	8.043891e+00	7.898017e+00	7.782826e+00
7.698388e+00	7.640763e+00	7.592551e+00	7.493641e+00	7.229063e+00	6.965686e+00
6.505661e+00	5.777933e+00	3.921715e+00	2.875254e+00	1.425091e+00	1.183245e+00
9.837057e-01	9.627720e-01	9.436188e-01	9.424231e-01	1.279933e+01	1.223297e+01
1.175507e+01	1.143000e+01	1.117935e+01	1.065494e+01	1.017895e+01	9.749123e+00
9.364177e+00	9.023098e+00	8.725172e+00	8.469583e+00	8.255342e+00	8.080600e+00
7.941323e+00	7.834464e+00	7.760161e+00	7.714368e+00	7.680326e+00	7.605004e+00
7.384353e+00	7.152660e+00	6.731868e+00	6.044158e+00	4.199828e+00	3.098241e+00
1.507021e+00	1.231442e+00	9.915620e-01	9.642689e-01	9.430751e-01	9.415611e-01
1.275735e+01	1.221493e+01	1.175604e+01	1.143654e+01	1.118677e+01	1.066730e+01
1.019469e+01	9.767085e+00	9.383725e+00	9.044075e+00	8.747910e+00	8.494745e+00
8.283898e+00	8.114068e+00	7.982077e+00	7.885103e+00	7.821865e+00	7.784756e+00
7.757346e+00	7.700486e+00	7.527437e+00	7.331779e+00	6.950612e+00	6.306450e+00
4.493373e+00	3.329845e+00	1.600761e+00	1.289512e+00	1.001854e+00	9.657605e-01
9.427503e-01	9.409025e-01	1.271623e+01	1.219766e+01	1.175630e+01	1.144180e+01
1.119139e+01	1.067536e+01	1.020545e+01	9.779965e+00	9.398389e+00	9.060490e+00
8.766326e+00	8.515625e+00	8.307921e+00	8.142228e+00	8.015892e+00	7.926324e+00
7.871917e+00	7.843909e+00	7.826760e+00	7.789762e+00	7.658603e+00	7.494972e+00
7.153343e+00	6.555607e+00	4.789507e+00	3.577989e+00	1.704749e+00	1.353578e+00
1.013732e+00	9.681000e-01	9.428603e-01	9.402234e-01	1.267628e+01	1.218152e+01
1.175635e+01	1.144583e+01	1.119394e+01	1.067996e+01	1.021213e+01	9.788526e+00
9.408743e+00	9.072730e+00	8.780667e+00	8.532373e+00	8.327487e+00	8.165095e+00
8.042730e+00	7.958034e+00	7.910098e+00	7.891330e+00	7.888033e+00	7.872247e+00
7.775650e+00	7.638703e+00	7.335593e+00	6.786608e+00	5.082775e+00	3.843408e+00
1.822255e+00	1.426034e+00	1.028398e+00	9.728294e-01	9.444381e-01	9.395185e-01
1.263506e+01	1.216390e+01	1.175585e+01	1.144879e+01	1.119518e+01	1.068220e+01
1.021493e+01	9.792456e+00	9.414284e+00	9.080176e+00	8.790213e+00	8.544234e+00
8.341957e+00	8.182567e+00	8.063826e+00	7.983687e+00	7.941675e+00	7.930904e+00
7.939469e+00	7.943949e+00	7.882818e+00	7.771844e+00	7.502330e+00	6.990456e+00
5.364526e+00	4.133942e+00	1.953499e+00	1.503465e+00	1.044922e+00	9.813110e-01
9.443879e-01	9.386184e-01	1.259879e+01	1.215004e+01	1.175575e+01	1.145268e+01
1.119705e+01	1.068479e+01	1.021770e+01	9.796109e+00	9.419396e+00	9.087069e+00
8.799032e+00	8.555126e+00	8.355154e+00	8.198411e+00	8.082891e+00	8.006839e+00
7.970092e+00	7.966264e+00	7.984987e+00	8.007446e+00	7.979322e+00	7.893289e+00
7.656492e+00	7.179330e+00	5.637490e+00	4.437884e+00	2.102236e+00	1.590394e+00
1.064601e+00	9.934924e-01	9.439621e-01	9.380924e-01	1.257427e+01	1.214383e+01
1.176226e+01	1.146190e+01	1.120473e+01	1.069300e+01	1.022654e+01	9.805869e+00
9.430316e+00	9.099322e+00	8.812652e+00	8.570214e+00	8.371972e+00	8.217319e+00
8.104372e+00	8.031539e+00	7.999110e+00	8.001486e+00	8.029398e+00	8.066016e+00
8.063484e+00	8.000620e+00	7.802365e+00	7.374666e+00	5.910913e+00	4.726991e+00
2.272988e+00	1.696765e+00	1.089807e+00	1.004066e+00	9.465042e-01	9.383100e-01
1.254633e+01	1.213135e+01	1.176081e+01	1.146294e+01	1.120483e+01	1.069389e+01
1.022827e+01	9.808538e+00	9.434097e+00	9.104354e+00	8.819038e+00	8.578102e+00
8.381542e+00	8.228838e+00	8.118167e+00	8.048209e+00	8.019590e+00	8.027342e+00
8.063189e+00	8.112431e+00	8.132950e+00	8.090985e+00	7.928831e+00	7.549299e+00
6.170401e+00	5.014927e+00	2.462857e+00	1.814995e+00	1.118711e+00	1.016661e+00
9.488928e-01	9.376345e-01	1.252420e+01	1.212278e+01	1.176087e+01	1.146511e+01
1.120577e+01	1.069582e+01	1.023108e+01	9.812269e+00	9.438802e+00	9.110115e+00
8.825976e+00	8.586367e+00	8.391286e+00	8.240288e+00	8.131601e+00	8.064173e+00
8.038919e+00	8.051394e+00	8.094223e+00	8.154720e+00	8.195883e+00	8.172859e+00
8.044739e+00	7.712492e+00	6.422455e+00	5.304054e+00	2.670752e+00	1.946460e+00
1.152111e+00	1.031753e+00	9.519008e-01	9.373633e-01	1.250852e+01	1.211851e+01
1.176460e+01	1.147060e+01	1.121019e+01	1.070089e+01	1.023678e+01	9.818580e+00
9.445654e+00	9.117608e+00	8.834333e+00	8.595779e+00	8.401896e+00	8.252283e+00
8.145231e+00	8.079930e+00	8.057530e+00	8.073980e+00	8.122711e+00	8.192912e+00
8.251933e+00	8.245483e+00	8.148431e+00	7.861376e+00	6.662335e+00	5.589017e+00
2.896810e+00	2.093976e+00	1.192211e+00	1.050998e+00	9.560716e-01	9.375162e-01
1.249238e+01	1.211270e+01	1.176520e+01	1.147315e+01	1.121159e+01	1.070321e+01
1.023999e+01	9.822328e+00	9.449905e+00	9.122434e+00	8.839907e+00	8.602294e+00
8.409470e+00	8.261048e+00	8.155426e+00	8.091965e+00	8.072003e+00	8.091783e+00
8.145462e+00	8.223989e+00	8.298424e+00	8.306345e+00	8.237185e+00	7.992803e+00
6.886645e+00	5.864970e+00	3.138340e+00	2.257799e+00	1.239110e+00	1.074472e+00
9.609125e-01	9.374241e-01	1.247651e+01	1.210625e+01	1.176554e+01	1.147484e+01
1.121245e+01	1.070473e+01	1.024224e+01	9.825094e+00	9.453132e+00	9.126175e+00
8.844313e+00	8.607539e+00	8.415667e+00	8.268313e+00	8.163985e+00	8.102182e+00
8.084404e+00	8.107143e+00	8.165223e+00	8.251252e+00	8.339642e+00	8.360608e+00
8.317229e+00	8.113759e+00	7.102333e+00	6.137459e+00	3.396123e+00	2.437896e+00
1.292338e+00	1.101830e+00	9.663924e-01	9.372175e-01	1.246090e+01	1.209936e+01
1.176499e+01	1.147494e+01	1.121218e+01	1.070476e+01	1.024270e+01	9.826188e+00
9.454726e+00	9.128265e+00	8.847019e+00	8.610966e+00	8.419948e+00	8.273565e+00
8.170408e+00	8.110079e+00	8.094216e+00	8.119509e+00	8.181405e+00	8.273993e+00
8.374672e+00	8.407056e+00	8.386361e+00	8.220881e+00	7.305119e+00	6.400049e+00
3.666096e+00	2.634919e+00	1.352996e+00	1.133784e+00	9.726012e-01	9.369199e-01
1.244609e+01	1.209233e+01	1.176303e+01	1.147450e+01	1.121091e+01	1.070417e+01
1.024280e+01	9.826686e+00	9.455599e+00	9.129527e+00	8.848775e+00	8.613292e+00
8.422978e+00	8.277412e+00	8.175252e+00	8.116175e+00	8.101929e+00	8.129360e+00
8.194468e+00	8.292631e+00	8.403829e+00	8.445945e+00	8.444680e+00	8.313509e+00
7.491706e+00	6.648000e+00	3.946053e+00	2.850719e+00	1.424313e+00	1.172953e+00
9.800194e-01	9.365293e-01	1.243377e+01	1.208768e+01	1.176315e+01	1.147510e+01
1.121130e+01	1.070496e+01	1.024387e+01	9.828300e+00	9.457489e+00	9.131643e+00
8.851225e+00	8.616158e+00	8.426384e+00	8.281541e+00	8.180458e+00	8.123153e+00
8.110442e+00	8.139297e+00	8.205927e+00	8.308383e+00	8.429110e+00	8.480223e+00
8.495734e+00	8.394634e+00	7.662671e+00	6.881509e+00	4.232934e+00	3.079701e+00
1.506097e+00	1.219246e+00	9.891149e-01	9.365263e-01	1.242316e+01	1.208405e+01
1.176401e+01	1.147709e+01	1.121265e+01	1.070691e+01	1.024607e+01	9.830739e+00
9.460061e+00	9.134334e+00	8.854107e+00	8.619317e+00	8.429946e+00	8.285716e+00
8.185613e+00	8.130007e+00	8.118677e+00	8.148710e+00	8.216443e+00	8.322616e+00
8.451947e+00	8.511224e+00	8.541696e+00	8.468151e+00	7.823654e+00	7.105887e+00
4.529146e+00	3.324048e+00	1.598902e+00	1.273064e+00	9.998509e-01	9.365666e-01
1.242150e+01	1.208419e+01	1.176606e+01	1.147971e+01	1.121388e+01	1.070746e+01
1.024666e+01	9.831431e+00	9.461529e+00	9.136790e+00	8.857250e+00	8.623011e+00
8.434097e+00	8.290133e+00	8.189555e+00	8.131811e+00	8.120557e+00	8.153836e+00
8.229502e+00	8.341805e+00	8.474795e+00	8.537177e+00	8.578364e+00	8.531342e+00
7.975325e+00	7.315427e+00	4.827277e+00	3.582212e+00	1.702634e+00	1.334497e+00
1.012019e+00	9.365728e-01	1.243081e+01	1.209320e+01	1.177352e+01	1.148396e+01
1.121505e+01	1.070644e+01	1.024536e+01	9.830874e+00	9.462245e+00	9.139127e+00
8.861028e+00	8.627861e+00	8.439517e+00	8.295235e+00	8.192618e+00	8.131445e+00
8.117730e+00	8.156101e+00	8.247641e+00	8.371511e+00	8.498366e+00	8.558102e+00
8.605870e+00	8.583648e+00	8.116268e+00	7.505723e+00	5.121258e+00	3.853344e+00
1.820945e+00	1.407568e+00	1.026525e+00	9.364952e-01	1.242737e+01	1.209171e+01
1.177304e+01	1.148310e+01	1.121354e+01	1.070405e+01	1.024301e+01	9.829200e+00
9.461334e+00	9.138626e+00	8.860911e+00	8.628074e+00	8.439966e+00	8.295788e+00
8.193019e+00	8.131496e+00	8.117497e+00	8.158084e+00	8.254469e+00	8.382825e+00
8.512011e+00	8.574446e+00	8.630733e+00	8.628524e+00	8.233729e+00	7.680929e+00
5.411942e+00	4.129425e+00	1.959680e+00	1.490037e+00	1.043346e+00	9.363897e-01
1.241890e+01	1.208681e+01	1.177059e+01	1.148119e+01	1.121141e+01	1.070243e+01
1.024172e+01	9.828030e+00	9.460262e+00	9.137837e+00	8.860349e+00	8.627757e+00
8.439900e+00	8.296029e+00	8.193539e+00	8.132638e+00	8.119528e+00	8.161010e+00
8.258751e+00	8.389156e+00	8.522594e+00	8.589500e+00	8.654894e+00	8.669053e+00
8.334754e+00	7.842408e+00	5.697499e+00	4.410363e+00	2.121050e+00	1.584852e+00
1.063250e+00	9.363606e-01	1.241917e+01	1.209028e+01	1.177608e+01	1.148714e+01
1.121698e+01	1.070814e+01	1.024754e+01	9.833701e+00	9.465785e+00	9.143194e+00
8.865730e+00	8.633196e+00	8.445464e+00	8.301771e+00	8.199945e+00	8.139749e+00
8.127334e+00	8.169249e+00	8.266933e+00	8.398859e+00	8.536299e+00	8.607820e+00
8.680680e+00	8.708502e+00	8.429416e+00	7.992316e+00	5.976907e+00	4.699031e+00
2.299585e+00	1.696640e+00	1.087126e+00	9.367090e-01	1.239748e+01	1.207666e+01
1.176897e+01	1.148400e+01	1.121588e+01	1.070964e+01	1.024935e+01	9.835121e+00
9.466413e+00	9.142969e+00	8.864751e+00	8.631794e+00	8.444061e+00	8.301223e+00
8.201803e+00	8.146057e+00	8.137280e+00	8.175923e+00	8.261425e+00	8.387049e+00
8.539179e+00	8.621520e+00	8.702798e+00	8.737996e+00	8.505503e+00	8.123586e+00
6.243105e+00	4.986526e+00	2.492541e+00	1.830215e+00	1.116123e+00	9.366228e-01
1.238513e+01	1.206955e+01	1.176580e+01	1.148261e+01	1.121539e+01	1.071036e+01
1.025055e+01	9.836216e+00	9.467044e+00	9.142952e+00	8.864387e+00	8.631258e+00
8.443558e+00	8.301144e+00	8.203386e+00	8.149848e+00	8.142880e+00	8.180260e+00
8.259351e+00	8.382283e+00	8.542946e+00	8.632551e+00	8.719907e+00	8.763159e+00
8.575507e+00	8.240957e+00	6.498471e+00	5.276301e+00	2.701126e+00	1.977325e+00
1.149750e+00	9.365089e-01	1.238332e+01	1.206890e+01	1.176589e+01	1.148277e+01
1.121545e+01	1.071072e+01	1.025140e+01	9.837224e+00	9.467942e+00	9.143743e+00
8.865107e+00	8.632143e+00	8.444763e+00	8.302734e+00	8.205009e+00	8.151615e+00
8.144895e+00	8.182657e+00	8.263122e+00	8.387289e+00	8.550179e+00	8.641254e+00
8.732209e+00	8.784792e+00	8.641204e+00	8.344267e+00	6.740043e+00	5.566255e+00
2.926311e+00	2.136355e+00	1.189279e+00	9.363946e-01	