4.763990e-02	4.944836e-02	5.131824e-02	5.329129e-02	5.536639e-02	5.979317e-02
6.461875e-02	6.984945e-02	7.545971e-02	8.135699e-02	8.743971e-02	9.353024e-02
9.942287e-02	1.048360e-01	1.093392e-01	1.128601e-01	1.164023e-01	1.227132e-01
1.340284e-01	1.459609e-01	1.506590e-01	1.493840e-01	1.473612e-01	1.469064e-01
1.527530e-01	1.563274e-01	1.642052e-01	1.616797e-01	1.553462e-01	1.561291e-01
1.544685e-01	1.727518e-01	5.579665e-02	5.786574e-02	6.000252e-02	6.225344e-02
6.461717e-02	6.964993e-02	7.512147e-02	8.103716e-02	8.736740e-02	9.401027e-02
1.008544e-01	1.077069e-01	1.143455e-01	1.204669e-01	1.256088e-01	1.296935e-01
1.338010e-01	1.408933e-01	1.533643e-01	1.664835e-01	1.718645e-01	1.706710e-01
1.686560e-01	1.682797e-01	1.747031e-01	1.785635e-01	1.869609e-01	1.842912e-01
1.775769e-01	1.784103e-01	1.766461e-01	1.960009e-01	6.534996e-02	6.771597e-02
7.015639e-02	7.272278e-02	7.541361e-02	8.113154e-02	8.733123e-02	9.401679e-02
1.011541e-01	1.086315e-01	1.163271e-01	1.240324e-01	1.315079e-01	1.384284e-01
1.442993e-01	1.490376e-01	1.538004e-01	1.617669e-01	1.754898e-01	1.898917e-01
1.960548e-01	1.949913e-01	1.930280e-01	1.927625e-01	1.998073e-01	2.039624e-01
2.128702e-01	2.100650e-01	2.029888e-01	2.038713e-01	2.020078e-01	2.223788e-01
7.653896e-02	7.924296e-02	8.202854e-02	8.495279e-02	8.801396e-02	9.450588e-02
1.015255e-01	1.090754e-01	1.171165e-01	1.255267e-01	1.341735e-01	1.428324e-01
1.512463e-01	1.590679e-01	1.657709e-01	1.712670e-01	1.767890e-01	1.857329e-01
2.008073e-01	2.165911e-01	2.236499e-01	2.227773e-01	2.209220e-01	2.208074e-01
2.285190e-01	2.329740e-01	2.423700e-01	2.394433e-01	2.320372e-01	2.329658e-01
2.310109e-01	2.523067e-01	8.964371e-02	9.273214e-02	9.590975e-02	9.923954e-02
1.027196e-01	1.100849e-01	1.180268e-01	1.265458e-01	1.355977e-01	1.450496e-01
1.547579e-01	1.644819e-01	1.739472e-01	1.827846e-01	1.904375e-01	1.968120e-01
2.032138e-01	2.132496e-01	2.297774e-01	2.470445e-01	2.551290e-01	2.545227e-01
2.528468e-01	2.529324e-01	2.613564e-01	2.661123e-01	2.759579e-01	2.729304e-01
2.652426e-01	2.662125e-01	2.641780e-01	2.862623e-01	1.049922e-01	1.085175e-01
1.121400e-01	1.159289e-01	1.198823e-01	1.282322e-01	1.372101e-01	1.468145e-01
1.569952e-01	1.676088e-01	1.785003e-01	1.894130e-01	2.000554e-01	2.100375e-01
2.187744e-01	2.261671e-01	2.335884e-01	2.448429e-01	2.629268e-01	2.817797e-01
2.910389e-01	2.907918e-01	2.893850e-01	2.897313e-01	2.989124e-01	3.039642e-01
3.142004e-01	3.111007e-01	3.031998e-01	3.042038e-01	3.021070e-01	3.247877e-01
1.229686e-01	1.269900e-01	1.311168e-01	1.354251e-01	1.399126e-01	1.493709e-01
1.595114e-01	1.703297e-01	1.817694e-01	1.936767e-01	2.058851e-01	2.181229e-01
2.300822e-01	2.413538e-01	2.513279e-01	2.599006e-01	2.685030e-01	2.811168e-01
3.008586e-01	3.213989e-01	3.320032e-01	3.322291e-01	3.312032e-01	3.318840e-01
3.418650e-01	3.472001e-01	3.577427e-01	3.546092e-01	3.465889e-01	3.476168e-01
3.454816e-01	3.684979e-01	1.440229e-01	1.486069e-01	1.533049e-01	1.581999e-01
1.632897e-01	1.739944e-01	1.854374e-01	1.976112e-01	2.104529e-01	2.237988e-01
2.374712e-01	2.511845e-01	2.646158e-01	2.773393e-01	2.887253e-01	2.986655e-01
3.086364e-01	3.227647e-01	3.442628e-01	3.665886e-01	3.787332e-01	3.795713e-01
3.790645e-01	3.801695e-01	3.909899e-01	3.965859e-01	4.073190e-01	4.042026e-01
3.961870e-01	3.972253e-01	3.950837e-01	4.180906e-01	1.686820e-01	1.739036e-01
1.792478e-01	1.848048e-01	1.905726e-01	2.026769e-01	2.155772e-01	2.292623e-01
2.436628e-01	2.586057e-01	2.739031e-01	2.892573e-01	3.043327e-01	3.186902e-01
3.316873e-01	3.432123e-01	3.547685e-01	3.705829e-01	3.939288e-01	4.181322e-01
4.320406e-01	4.336595e-01	4.338420e-01	4.354800e-01	4.471738e-01	4.529964e-01
4.637658e-01	4.607318e-01	4.528829e-01	4.539135e-01	4.518074e-01	4.743576e-01
1.975632e-01	2.035065e-01	2.095808e-01	2.158840e-01	2.224141e-01	2.360877e-01
2.506157e-01	2.659830e-01	2.821133e-01	2.988261e-01	3.159242e-01	3.331010e-01
3.500107e-01	3.662064e-01	3.810422e-01	3.944034e-01	4.077961e-01	4.254853e-01
4.507600e-01	4.769230e-01	4.928512e-01	4.954553e-01	4.965354e-01	4.988376e-01
5.114311e-01	5.174307e-01	5.280350e-01	5.251668e-01	5.176921e-01	5.186916e-01
5.166751e-01	5.381970e-01	2.313893e-01	2.381485e-01	2.450469e-01	2.521898e-01
2.595757e-01	2.750062e-01	2.913492e-01	3.085852e-01	3.266313e-01	3.453019e-01
3.643921e-01	3.835902e-01	4.025447e-01	4.208073e-01	4.377409e-01	4.532298e-01
4.687497e-01	4.885217e-01	5.157901e-01	5.439799e-01	5.622209e-01	5.660569e-01
5.682883e-01	5.714130e-01	5.849220e-01	5.910301e-01	6.012106e-01	5.986133e-01
5.917758e-01	5.927143e-01	5.908561e-01	6.106279e-01	2.710069e-01	2.786874e-01
2.865148e-01	2.946013e-01	3.029465e-01	3.203403e-01	3.387032e-01	3.580110e-01
3.781744e-01	3.990059e-01	4.202957e-01	4.417322e-01	4.629637e-01	4.835490e-01
5.028765e-01	5.208303e-01	5.388141e-01	5.608971e-01	5.902020e-01	6.204653e-01
6.413545e-01	6.467191e-01	6.504101e-01	6.545473e-01	6.689733e-01	6.750984e-01
6.845271e-01	6.823316e-01	6.764611e-01	6.773007e-01	6.756875e-01	6.928067e-01
3.174078e-01	3.261271e-01	3.350000e-01	3.441452e-01	3.535637e-01	3.731476e-01
3.937539e-01	4.153532e-01	4.378510e-01	4.610624e-01	4.847759e-01	5.086869e-01
5.324511e-01	5.556454e-01	5.777041e-01	5.985137e-01	6.193511e-01	6.439949e-01
6.753491e-01	7.077047e-01	7.316264e-01	7.388755e-01	7.443991e-01	7.497767e-01
7.651024e-01	7.711245e-01	7.793896e-01	7.777582e-01	7.732652e-01	7.739586e-01
7.726985e-01	7.860451e-01	3.717533e-01	3.816423e-01	3.916900e-01	4.020211e-01
4.126382e-01	4.346601e-01	4.577522e-01	4.818798e-01	5.069447e-01	5.327705e-01
5.591483e-01	5.857902e-01	6.123680e-01	6.384913e-01	6.636660e-01	6.877837e-01
7.119260e-01	7.394039e-01	7.727801e-01	8.072104e-01	8.346042e-01	8.441641e-01
8.519701e-01	8.588610e-01	8.750450e-01	8.808095e-01	8.873983e-01	8.865305e-01
8.839224e-01	8.844105e-01	8.836378e-01	8.918316e-01	4.354037e-01	4.466076e-01
4.579734e-01	4.696302e-01	4.815831e-01	5.063127e-01	5.321523e-01	5.590620e-01
5.869416e-01	6.156311e-01	6.449307e-01	6.745803e-01	7.042799e-01	7.336894e-01
7.624190e-01	7.903686e-01	8.183382e-01	8.489478e-01	8.842673e-01	9.207068e-01
9.520763e-01	9.644561e-01	9.750860e-01	9.838158e-01	1.000786e+00	1.006096e+00
1.010375e+00	1.010515e+00	1.010415e+00	1.010625e+00	1.010505e+00	1.011855e+00
5.102223e-01	5.228981e-01	5.357351e-01	5.488641e-01	5.622939e-01	5.900028e-01
6.188449e-01	6.487770e-01	6.797021e-01	7.114955e-01	7.439803e-01	7.769491e-01
8.101561e-01	8.433482e-01	8.763048e-01	9.089416e-01	9.416055e-01	9.757697e-01
1.012693e+00	1.050817e+00	1.086942e+00	1.103021e+00	1.117384e+00	1.128442e+00
1.145978e+00	1.150469e+00	1.151140e+00	1.152773e+00	1.156449e+00	1.156232e+00
1.157126e+00	1.148148e+00	5.976663e-01	6.119930e-01	6.264770e-01	6.412487e-01
6.563214e-01	6.873344e-01	7.194908e-01	7.527443e-01	7.870042e-01	8.221892e-01
8.581522e-01	8.947512e-01	9.318070e-01	9.691730e-01	1.006834e+00	1.044726e+00
1.082643e+00	1.120657e+00	1.159057e+00	1.198767e+00	1.240196e+00	1.260550e+00
1.279285e+00	1.293079e+00	1.311078e+00	1.314503e+00	1.310896e+00	1.314280e+00
1.322386e+00	1.321664e+00	1.323735e+00	1.302703e+00	6.985913e-01	7.147858e-01
7.311367e-01	7.477750e-01	7.647202e-01	7.995101e-01	8.354697e-01	8.725413e-01
9.106337e-01	9.496709e-01	9.895086e-01	1.030033e+00	1.071081e+00	1.112558e+00
1.154560e+00	1.197024e+00	1.239431e+00	1.281124e+00	1.321937e+00	1.364225e+00
1.410499e+00	1.434335e+00	1.456845e+00	1.473399e+00	1.492339e+00	1.494959e+00
1.489003e+00	1.493474e+00	1.504142e+00	1.503139e+00	1.505718e+00	1.478096e+00
8.144135e-01	8.327324e-01	8.512101e-01	8.699805e-01	8.890704e-01	9.281968e-01
9.685353e-01	1.010003e+00	1.052496e+00	1.095886e+00	1.139992e+00	1.184672e+00
1.229713e+00	1.274998e+00	1.320615e+00	1.366514e+00	1.412210e+00	1.457220e+00
1.501590e+00	1.547679e+00	1.598037e+00	1.624194e+00	1.649502e+00	1.668629e+00
1.689106e+00	1.691412e+00	1.685873e+00	1.690436e+00	1.701002e+00	1.700027e+00
1.702247e+00	1.675836e+00	9.455463e-01	9.663420e-01	9.872881e-01	1.008511e+00
1.030047e+00	1.074062e+00	1.119243e+00	1.165470e+00	1.212589e+00	1.260426e+00
1.308751e+00	1.357384e+00	1.406083e+00	1.454742e+00	1.503529e+00	1.552490e+00
1.601133e+00	1.649015e+00	1.696305e+00	1.745719e+00	1.800243e+00	1.828797e+00
1.856474e+00	1.877299e+00	1.899150e+00	1.902054e+00	1.898339e+00	1.902320e+00
1.911291e+00	1.910483e+00	1.912265e+00	1.890313e+00	1.094524e+00	1.118175e+00
1.141957e+00	1.165979e+00	1.190290e+00	1.239795e+00	1.290336e+00	1.341732e+00
1.393752e+00	1.446166e+00	1.498682e+00	1.551069e+00	1.603069e+00	1.654609e+00
1.706008e+00	1.757488e+00	1.808570e+00	1.858857e+00	1.908661e+00	1.961154e+00
2.019799e+00	2.050656e+00	2.080221e+00	2.102012e+00	2.125174e+00	2.129486e+00
2.129159e+00	2.131851e+00	2.137616e+00	2.137131e+00	2.138278e+00	2.124646e+00
1.262228e+00	1.289014e+00	1.315898e+00	1.342960e+00	1.370263e+00	1.425635e+00
1.481808e+00	1.538528e+00	1.595478e+00	1.652347e+00	1.708771e+00	1.764463e+00
1.819166e+00	1.872874e+00	1.926129e+00	1.979397e+00	2.032248e+00	2.084360e+00
2.136224e+00	2.191418e+00	2.253795e+00	2.286661e+00	2.317561e+00	2.339667e+00
2.363994e+00	2.370141e+00	2.373874e+00	2.374937e+00	2.376751e+00	2.376686e+00
2.376988e+00	2.373572e+00	1.448789e+00	1.478975e+00	1.509208e+00	1.539523e+00
1.570002e+00	1.631524e+00	1.693474e+00	1.755501e+00	1.817212e+00	1.878172e+00
1.937935e+00	1.996167e+00	2.052633e+00	2.107441e+00	2.161458e+00	2.215477e+00
2.269163e+00	2.322304e+00	2.375599e+00	2.432944e+00	2.498411e+00	2.532813e+00
2.564228e+00	2.585746e+00	2.611030e+00	2.619517e+00	2.627952e+00	2.627034e+00
2.624160e+00	2.624629e+00	2.623837e+00	2.632440e+00	1.656372e+00	1.690124e+00
1.723848e+00	1.757522e+00	1.791245e+00	1.858967e+00	1.926613e+00	1.993725e+00
2.059799e+00	2.124293e+00	2.186671e+00	2.246537e+00	2.303735e+00	2.358522e+00
2.412179e+00	2.465901e+00	2.519501e+00	2.572898e+00	2.626989e+00	2.685880e+00
2.753670e+00	2.789093e+00	2.820337e+00	2.840639e+00	2.866622e+00	2.877573e+00
2.890613e+00	2.887677e+00	2.880127e+00	2.881075e+00	2.879257e+00	2.900992e+00
1.885120e+00	1.922473e+00	1.959692e+00	1.996692e+00	2.033584e+00	2.107259e+00
2.180214e+00	2.251871e+00	2.321595e+00	2.388754e+00	2.452721e+00	2.513048e+00
2.569700e+00	2.623124e+00	2.675118e+00	2.727352e+00	2.779824e+00	2.832612e+00
2.886780e+00	2.946482e+00	3.015586e+00	3.051388e+00	3.081743e+00	3.100260e+00
3.126617e+00	3.139909e+00	3.156893e+00	3.152136e+00	3.140480e+00	3.141801e+00
3.139001e+00	3.172283e+00	2.134223e+00	2.174927e+00	2.215371e+00	2.255396e+00
2.295113e+00	2.373987e+00	2.451379e+00	2.526578e+00	2.598847e+00	2.667428e+00
2.731633e+00	2.790997e+00	2.845617e+00	2.896176e+00	2.945087e+00	2.994588e+00
3.044839e+00	3.096122e+00	3.149613e+00	3.209275e+00	3.278424e+00	3.313851e+00
3.342699e+00	3.359115e+00	3.385438e+00	3.400455e+00	3.419713e+00	3.413768e+00
3.399574e+00	3.401123e+00	3.397418e+00	3.435735e+00	2.406459e+00	2.448766e+00
2.490831e+00	2.532472e+00	2.573818e+00	2.656003e+00	2.736600e+00	2.814735e+00
2.889368e+00	2.959252e+00	3.023020e+00	3.080022e+00	3.130526e+00	3.175739e+00
3.219142e+00	3.263933e+00	3.310522e+00	3.359362e+00	3.411670e+00	3.470956e+00
3.539670e+00	3.574310e+00	3.600960e+00	3.614567e+00	3.640430e+00	3.656433e+00
3.675144e+00	3.669119e+00	3.654972e+00	3.656415e+00	3.653269e+00	3.692137e+00
2.689918e+00	2.738875e+00	2.786925e+00	2.833434e+00	2.878593e+00	2.965634e+00
3.047253e+00	3.122827e+00	3.191994e+00	3.254957e+00	3.312463e+00	3.364572e+00
3.411621e+00	3.454511e+00	3.495898e+00	3.538287e+00	3.582170e+00	3.628278e+00
3.677844e+00	3.733231e+00	3.795721e+00	3.827035e+00	3.852283e+00	3.866693e+00
3.891399e+00	3.905598e+00	3.921859e+00	3.916564e+00	3.904953e+00	3.906840e+00
3.903767e+00	3.936324e+00	2.976621e+00	3.039072e+00	3.099204e+00	3.155226e+00
3.207349e+00	3.301426e+00	3.380795e+00	3.445946e+00	3.499049e+00	3.544673e+00
3.589036e+00	3.633560e+00	3.678284e+00	3.722828e+00	3.766852e+00	3.810136e+00
3.852880e+00	3.896014e+00	3.940678e+00	3.987712e+00	4.037565e+00	4.063011e+00
4.087908e+00	4.107205e+00	4.130102e+00	4.139271e+00	4.150999e+00	4.147480e+00
4.141121e+00	4.143790e+00	4.140301e+00	4.158608e+00	3.293092e+00	3.360805e+00
3.425402e+00	3.484528e+00	3.538483e+00	3.632981e+00	3.708483e+00	3.766027e+00
3.808794e+00	3.843021e+00	3.877053e+00	3.912878e+00	3.950614e+00	3.989725e+00
4.029338e+00	4.068724e+00	4.107650e+00	4.145967e+00	4.183927e+00	4.223422e+00
4.266498e+00	4.289197e+00	4.312102e+00	4.330816e+00	4.352554e+00	4.357435e+00
4.361072e+00	4.361753e+00	4.362849e+00	4.363089e+00	4.362878e+00	4.360852e+00
3.635759e+00	3.704691e+00	3.770092e+00	3.829205e+00	3.882409e+00	3.973580e+00
4.043293e+00	4.092909e+00	4.126140e+00	4.149976e+00	4.173609e+00	4.199264e+00
4.227307e+00	4.257571e+00	4.289599e+00	4.322869e+00	4.356554e+00	4.388870e+00
4.418870e+00	4.450435e+00	4.488146e+00	4.508961e+00	4.529170e+00	4.545397e+00
4.565995e+00	4.566757e+00	4.561172e+00	4.566807e+00	4.576059e+00	4.572830e+00
4.577068e+00	4.552899e+00	3.993556e+00	4.062939e+00	4.128247e+00	4.186290e+00
4.237544e+00	4.322752e+00	4.383810e+00	4.422525e+00	4.443302e+00	4.454088e+00
4.465098e+00	4.478919e+00	4.496059e+00	4.516587e+00	4.540200e+00	4.566379e+00
4.593750e+00	4.618999e+00	4.640090e+00	4.662660e+00	4.693597e+00	4.711886e+00
4.729287e+00	4.743267e+00	4.762112e+00	4.759261e+00	4.746285e+00	4.755776e+00
4.771532e+00	4.765692e+00	4.773257e+00	4.731858e+00	4.362496e+00	4.430485e+00
4.493852e+00	4.549006e+00	4.596535e+00	4.672465e+00	4.721919e+00	4.747182e+00
4.753352e+00	4.749284e+00	4.746067e+00	4.746683e+00	4.751709e+00	4.761401e+00
4.775539e+00	4.793539e+00	4.813532e+00	4.830787e+00	4.842288e+00	4.855261e+00
4.878699e+00	4.894128e+00	4.908602e+00	4.920296e+00	4.936909e+00	4.931203e+00
4.912835e+00	4.925030e+00	4.945418e+00	4.937763e+00	4.947584e+00	4.894270e+00
4.742805e+00	4.806852e+00	4.865812e+00	4.915762e+00	4.957440e+00	5.020415e+00
5.055406e+00	5.065170e+00	5.055356e+00	5.035440e+00	5.017018e+00	5.003368e+00
4.995106e+00	4.992587e+00	4.995720e+00	5.003849e+00	5.014776e+00	5.022797e+00
5.024248e+00	5.027463e+00	5.042914e+00	5.055117e+00	5.066351e+00	5.075308e+00
5.088990e+00	5.082471e+00	5.063269e+00	5.075601e+00	5.096215e+00	5.088480e+00
5.098175e+00	5.043939e+00	5.138281e+00	5.196081e+00	5.248425e+00	5.291107e+00
5.325035e+00	5.371773e+00	5.389695e+00	5.381999e+00	5.354768e+00	5.317894e+00
5.283226e+00	5.254284e+00	5.231696e+00	5.215870e+00	5.206878e+00	5.203982e+00
5.204750e+00	5.202736e+00	5.193788e+00	5.187079e+00	5.194229e+00	5.202995e+00
5.210816e+00	5.216811e+00	5.227210e+00	5.220865e+00	5.203133e+00	5.214285e+00
5.232967e+00	5.225983e+00	5.234432e+00	5.184931e+00	5.546030e+00	5.595433e+00
5.639062e+00	5.672496e+00	5.696820e+00	5.724011e+00	5.722116e+00	5.694752e+00
5.648371e+00	5.593163e+00	5.541110e+00	5.495849e+00	5.458030e+00	5.427981e+00
5.405860e+00	5.390762e+00	5.380099e+00	5.367008e+00	5.347068e+00	5.329914e+00
5.327828e+00	5.332555e+00	5.336467e+00	5.339107e+00	5.345647e+00	5.340281e+00
5.325940e+00	5.334772e+00	5.349561e+00	5.344050e+00	5.350574e+00	5.311270e+00
5.959203e+00	5.997802e+00	6.030401e+00	6.052466e+00	6.065247e+00	6.069567e+00
6.045264e+00	5.996311e+00	5.929417e+00	5.854901e+00	5.784734e+00	5.722509e+00
5.668918e+00	5.624069e+00	5.588133e+00	5.559977e+00	5.536963e+00	5.512152e+00
5.481060e+00	5.453397e+00	5.441657e+00	5.442027e+00	5.441813e+00	5.440941e+00
5.443359e+00	5.439615e+00	5.430207e+00	5.435817e+00	5.445240e+00	5.441729e+00
5.445882e+00	5.421263e+00	6.380942e+00	6.405976e+00	6.425139e+00	6.433971e+00
6.433825e+00	6.413401e+00	6.365332e+00	6.293050e+00	6.203539e+00	6.107607e+00
6.017729e+00	5.937502e+00	5.867535e+00	5.807586e+00	5.757614e+00	5.716101e+00
5.680326e+00	5.643214e+00	5.600185e+00	5.561093e+00	5.538692e+00	5.534179e+00
5.529321e+00	5.524568e+00	5.522538e+00	5.520224e+00	5.515419e+00	5.517844e+00
5.522070e+00	5.520584e+00	5.522334e+00	5.511330e+00	6.804717e+00	6.819532e+00
6.827261e+00	6.822620e+00	6.807516e+00	6.755410e+00	6.676010e+00	6.576359e+00
6.463645e+00	6.347568e+00	6.239294e+00	6.141972e+00	6.056057e+00	5.980898e+00
5.915957e+00	5.859363e+00	5.808797e+00	5.758344e+00	5.704253e+00	5.654627e+00
5.620269e+00	5.609593e+00	5.599548e+00	5.591371e+00	5.584663e+00	5.583134e+00
5.581682e+00	5.581719e+00	5.581703e+00	5.581408e+00	5.581758e+00	5.581336e+00
7.224553e+00	7.239277e+00	7.242521e+00	7.225936e+00	7.192990e+00	7.096540e+00
6.971885e+00	6.838704e+00	6.703596e+00	6.571608e+00	6.448693e+00	6.336729e+00
6.236014e+00	6.145547e+00	6.063945e+00	5.989306e+00	5.920675e+00	5.855527e+00
5.792186e+00	5.733751e+00	5.685624e+00	5.666959e+00	5.650931e+00	5.639797e+00
5.628004e+00	5.626142e+00	5.625872e+00	5.624811e+00	5.622311e+00	5.622006e+00
5.622390e+00	5.627846e+00	7.660949e+00	7.648540e+00	7.627346e+00	7.591137e+00
7.542702e+00	7.422659e+00	7.277113e+00	7.117656e+00	6.952014e+00	6.789041e+00
6.639048e+00	6.504800e+00	6.385877e+00	6.280587e+00	6.186344e+00	6.100430e+00
6.020935e+00	5.943622e+00	5.865720e+00	5.792942e+00	5.732518e+00	5.706827e+00
5.683320e+00	5.665700e+00	5.648019e+00	5.645140e+00	5.644533e+00	5.642304e+00
5.638784e+00	5.639612e+00	5.638568e+00	5.646906e+00	8.095200e+00	8.055592e+00
8.009576e+00	7.952464e+00	7.886439e+00	7.737270e+00	7.565348e+00	7.376316e+00
7.178959e+00	6.985278e+00	6.808707e+00	6.652497e+00	6.515398e+00	6.394923e+00
6.287228e+00	6.187614e+00	6.093632e+00	6.001263e+00	5.907594e+00	5.818580e+00
5.744649e+00	5.716155e+00	5.689594e+00	5.669393e+00	5.649392e+00	5.645999e+00
5.645014e+00	5.642514e+00	5.638838e+00	5.639953e+00	5.638534e+00	5.647337e+00
8.512542e+00	8.452166e+00	8.385260e+00	8.307072e+00	8.220033e+00	8.030075e+00
7.820024e+00	7.596542e+00	7.368540e+00	7.148019e+00	6.948019e+00	6.771482e+00
6.616487e+00	6.479783e+00	6.356181e+00	6.241580e+00	6.133779e+00	6.028849e+00
5.924359e+00	5.825129e+00	5.738601e+00	5.701627e+00	5.667084e+00	5.641151e+00
5.615309e+00	5.610038e+00	5.606908e+00	5.604768e+00	5.601827e+00	5.602638e+00
5.601497e+00	5.608218e+00	8.908706e+00	8.825112e+00	8.735392e+00	8.634858e+00
8.526000e+00	8.294265e+00	8.044907e+00	7.784623e+00	7.522758e+00	7.272416e+00
7.047890e+00	6.851270e+00	6.672004e+00	6.512591e+00	6.365976e+00	6.237290e+00
6.121708e+00	6.009190e+00	5.897988e+00	5.792386e+00	5.696001e+00	5.651507e+00
5.609585e+00	5.577890e+00	5.546948e+00	5.540079e+00	5.534961e+00	5.533340e+00
5.531371e+00	5.531789e+00	5.531082e+00	5.534971e+00	9.300326e+00	9.188607e+00
9.071493e+00	8.944779e+00	8.810981e+00	8.532944e+00	8.242122e+00	7.945008e+00
7.650773e+00	7.372490e+00	7.124327e+00	6.907573e+00	6.709073e+00	6.532796e+00
6.371235e+00	6.225529e+00	6.091289e+00	5.962179e+00	5.837320e+00	5.719100e+00
5.611383e+00	5.562394e+00	5.514951e+00	5.478369e+00	5.443429e+00	5.435309e+00
5.428541e+00	5.427526e+00	5.426637e+00	5.426635e+00	5.426455e+00	5.427119e+00
9.703967e+00	9.545250e+00	9.383349e+00	9.216549e+00	9.047215e+00	8.709408e+00
8.373808e+00	8.045635e+00	7.729632e+00	7.430310e+00	7.158137e+00	6.914594e+00
6.707784e+00	6.522259e+00	6.351894e+00	6.187891e+00	6.033500e+00	5.890100e+00
5.756339e+00	5.629711e+00	5.509230e+00	5.452609e+00	5.398385e+00	5.357750e+00
5.318484e+00	5.309015e+00	5.300905e+00	5.300359e+00	5.300318e+00	5.300048e+00
5.300271e+00	5.298315e+00	1.010274e+01	9.882330e+00	9.663825e+00	9.449076e+00
9.239562e+00	8.839220e+00	8.461897e+00	8.108039e+00	7.776233e+00	7.462895e+00
7.173698e+00	6.909273e+00	6.672410e+00	6.454901e+00	6.254751e+00	6.070638e+00
5.904598e+00	5.756730e+00	5.624711e+00	5.497007e+00	5.363102e+00	5.296365e+00
5.235394e+00	5.193138e+00	5.149999e+00	5.139341e+00	5.130784e+00	5.130429e+00
5.130716e+00	5.130464e+00	5.130839e+00	5.127601e+00	1.041992e+01	1.015873e+01
9.901699e+00	9.652448e+00	9.412026e+00	8.957974e+00	8.537342e+00	8.139589e+00
7.774356e+00	7.449597e+00	7.149805e+00	6.871484e+00	6.606150e+00	6.365144e+00
6.145480e+00	5.945661e+00	5.767055e+00	5.609912e+00	5.471334e+00	5.336622e+00
5.191765e+00	5.118592e+00	5.052319e+00	5.006898e+00	4.959318e+00	4.947460e+00
4.938655e+00	4.938352e+00	4.938618e+00	4.938381e+00	4.938722e+00	4.935134e+00
1.069693e+01	1.040302e+01	1.011465e+01	9.836489e+00	9.569200e+00	9.065693e+00
8.602275e+00	8.161537e+00	7.760848e+00	7.402889e+00	7.074239e+00	6.773438e+00
6.495960e+00	6.244073e+00	6.013967e+00	5.803359e+00	5.613447e+00	5.444893e+00
5.294481e+00	5.148866e+00	4.995791e+00	4.919314e+00	4.849213e+00	4.799910e+00
4.747722e+00	4.734736e+00	4.725986e+00	4.725557e+00	4.725399e+00	4.725217e+00
4.725332e+00	4.722499e+00	1.094210e+01	1.061472e+01	1.029455e+01	9.987393e+00
9.693324e+00	9.140009e+00	8.626755e+00	8.164187e+00	7.738244e+00	7.346003e+00
6.990566e+00	6.668963e+00	6.378140e+00	6.114620e+00	5.873642e+00	5.652143e+00
5.451111e+00	5.271439e+00	5.109798e+00	4.953391e+00	4.790987e+00	4.710406e+00
4.636229e+00	4.583416e+00	4.526686e+00	4.512496e+00	4.503707e+00	4.503008e+00
4.502177e+00	4.502072e+00	4.501918e+00	4.500667e+00	1.115337e+01	1.079294e+01
1.044188e+01	1.010714e+01	9.788151e+00	9.191078e+00	8.633338e+00	8.134656e+00
7.679030e+00	7.263917e+00	6.888758e+00	6.550495e+00	6.245633e+00	5.970011e+00
5.717893e+00	5.485517e+00	5.273656e+00	5.083238e+00	4.911154e+00	4.743807e+00
4.569870e+00	4.483726e+00	4.405051e+00	4.349417e+00	4.288105e+00	4.272504e+00
4.263563e+00	4.262347e+00	4.260414e+00	4.260445e+00	4.259905e+00	4.261656e+00
1.132603e+01	1.093176e+01	1.054928e+01	1.018758e+01	9.844873e+00	9.200526e+00
8.624364e+00	8.093140e+00	7.612931e+00	7.179125e+00	6.787194e+00	6.433597e+00
6.114679e+00	5.826146e+00	5.562131e+00	5.318494e+00	5.094981e+00	4.890765e+00
4.703107e+00	4.523155e+00	4.344415e+00	4.257126e+00	4.173109e+00	4.109319e+00
4.043676e+00	4.028010e+00	4.018229e+00	4.016416e+00	4.013148e+00	4.012855e+00
4.012792e+00	4.017641e+00	1.146787e+01	1.104026e+01	1.062739e+01	1.024062e+01
9.876108e+00	9.200161e+00	8.587823e+00	8.035671e+00	7.538394e+00	7.089837e+00
6.683861e+00	6.316469e+00	5.984083e+00	5.682593e+00	5.406476e+00	5.151477e+00
4.916125e+00	4.697373e+00	4.492758e+00	4.299734e+00	4.117526e+00	4.029775e+00
3.939570e+00	3.865697e+00	3.795798e+00	3.780404e+00	3.769206e+00	3.766769e+00
3.762141e+00	3.761331e+00	3.762101e+00	3.769944e+00	1.158581e+01	1.112600e+01
1.068394e+01	1.027307e+01	9.889330e+00	9.177572e+00	8.539175e+00	7.966930e+00
7.453729e+00	6.991789e+00	6.573540e+00	6.194455e+00	5.850815e+00	5.538414e+00
5.251699e+00	4.986322e+00	4.740694e+00	4.511718e+00	4.296700e+00	4.092638e+00
3.897373e+00	3.802451e+00	3.705559e+00	3.627064e+00	3.552490e+00	3.535505e+00
3.522611e+00	3.519687e+00	3.514281e+00	3.513389e+00	3.514172e+00	3.524008e+00
1.167115e+01	1.118449e+01	1.071762e+01	1.028306e+01	9.883046e+00	9.143700e+00
8.482584e+00	7.892868e+00	7.365536e+00	6.891544e+00	6.462381e+00	6.073187e+00
5.720051e+00	5.398580e+00	5.103095e+00	4.829077e+00	4.574649e+00	4.336293e+00
4.110822e+00	3.895444e+00	3.687163e+00	3.585139e+00	3.481505e+00	3.398090e+00
3.318089e+00	3.298919e+00	3.283465e+00	3.280352e+00	3.275257e+00	3.274383e+00
3.275027e+00	3.283547e+00	1.172279e+01	1.121199e+01	1.072574e+01	1.028304e+01
9.869499e+00	9.103039e+00	8.422599e+00	7.817522e+00	7.277414e+00	6.792417e+00
6.353555e+00	5.955714e+00	5.594763e+00	5.266067e+00	4.963723e+00	4.682960e+00
4.421481e+00	4.175145e+00	3.940096e+00	3.713506e+00	3.491937e+00	3.382569e+00
3.272105e+00	3.183726e+00	3.097470e+00	3.075573e+00	3.057057e+00	3.054031e+00
3.050163e+00	3.049510e+00	3.049786e+00	3.054536e+00	1.174661e+01	1.122068e+01
1.071986e+01	1.026255e+01	9.839395e+00	9.056018e+00	8.360799e+00	7.743085e+00
7.191941e+00	6.697291e+00	6.250233e+00	5.845463e+00	5.478601e+00	5.144723e+00
4.837616e+00	4.552170e+00	4.285541e+00	4.032769e+00	3.789151e+00	3.551396e+00
3.315891e+00	3.198529e+00	3.080417e+00	2.986195e+00	2.892213e+00	2.867102e+00
2.845212e+00	2.842511e+00	2.840580e+00	2.840330e+00	2.840050e+00	2.839200e+00
1.173520e+01	1.120420e+01	1.069594e+01	1.022994e+01	9.800667e+00	9.005743e+00
8.300822e+00	7.673763e+00	7.113945e+00	6.611538e+00	6.158052e+00	5.748086e+00
5.377012e+00	5.039623e+00	4.729442e+00	4.440981e+00	4.170860e+00	3.913238e+00
3.662443e+00	3.414310e+00	3.164797e+00	3.038714e+00	2.911226e+00	2.808847e+00
2.705505e+00	2.677554e+00	2.653042e+00	2.650610e+00	2.650134e+00	2.650185e+00
2.649528e+00	2.644495e+00	1.170816e+01	1.116711e+01	1.065285e+01	1.018553e+01
9.754490e+00	8.953799e+00	8.243114e+00	7.609375e+00	7.042900e+00	6.534386e+00
6.075911e+00	5.662034e+00	5.287900e+00	4.948065e+00	4.635838e+00	4.345385e+00
4.072818e+00	3.811440e+00	3.554588e+00	3.296981e+00	3.033727e+00	2.898639e+00
2.760721e+00	2.648726e+00	2.535265e+00	2.504972e+00	2.478722e+00	2.476433e+00
2.476707e+00	2.476915e+00	2.476067e+00	2.468896e+00	1.166817e+01	1.112100e+01
1.060329e+01	1.013552e+01	9.704629e+00	8.902962e+00	8.191244e+00	7.554921e+00
6.985016e+00	6.472886e+00	6.011286e+00	5.594883e+00	5.218769e+00	4.877540e+00
4.564574e+00	4.273836e+00	4.000697e+00	3.737304e+00	3.475766e+00	3.209440e+00
2.931447e+00	2.785911e+00	2.634357e+00	2.509103e+00	2.384048e+00	2.352511e+00
2.325976e+00	2.323422e+00	2.322879e+00	2.322944e+00	2.322213e+00	2.317546e+00
1.159679e+01	1.105248e+01	1.053810e+01	1.007475e+01	9.648338e+00	8.852783e+00
8.145025e+00	7.509806e+00	6.939331e+00	6.425925e+00	5.963112e+00	5.545729e+00
5.168848e+00	4.827134e+00	4.514026e+00	4.223384e+00	3.950048e+00	3.685326e+00
3.420222e+00	3.146390e+00	2.854071e+00	2.697650e+00	2.530792e+00	2.389731e+00
2.251025e+00	2.218773e+00	2.193486e+00	2.190398e+00	2.187529e+00	2.187131e+00
2.186900e+00	2.188793e+00	1.151847e+01	1.097674e+01	1.046595e+01	1.000786e+01
9.587306e+00	8.801648e+00	8.101592e+00	7.471845e+00	6.906340e+00	6.398867e+00
5.941610e+00	5.529211e+00	5.156207e+00	4.816503e+00	4.502528e+00	4.208124e+00
3.929727e+00	3.660978e+00	3.393083e+00	3.112652e+00	2.803773e+00	2.636067e+00
2.453773e+00	2.294870e+00	2.135426e+00	2.101247e+00	2.082495e+00	2.078777e+00
2.069541e+00	2.067859e+00	2.069851e+00	2.084484e+00	1.143020e+01	1.089245e+01
1.038673e+01	9.935580e+00	9.522734e+00	8.750707e+00	8.061099e+00	7.439007e+00
6.879892e+00	6.379052e+00	5.927281e+00	5.519238e+00	5.149292e+00	4.811068e+00
4.496476e+00	4.199235e+00	3.916691e+00	3.644499e+00	3.374442e+00	3.088710e+00
2.765359e+00	2.587567e+00	2.390993e+00	2.214684e+00	2.032901e+00	1.996234e+00
1.985412e+00	1.981106e+00	1.964483e+00	1.961236e+00	1.965873e+00	1.995282e+00
1.133513e+01	1.080368e+01	1.030538e+01	9.863467e+00	9.460567e+00	8.706491e+00
8.031605e+00	7.423200e+00	6.873584e+00	6.375304e+00	5.925541e+00	5.518986e+00
5.150032e+00	4.812322e+00	4.497730e+00	4.199958e+00	3.916496e+00	3.643440e+00
3.372622e+00	3.084828e+00	2.756257e+00	2.565257e+00	2.348723e+00	2.154403e+00
1.950674e+00	1.908909e+00	1.898592e+00	1.894659e+00	1.876034e+00	1.871505e+00
1.876021e+00	1.921728e+00	1.122879e+01	1.070759e+01	1.022046e+01	9.791118e+00
9.401102e+00	8.669331e+00	8.011008e+00	7.416361e+00	6.877821e+00	6.387979e+00
5.944485e+00	5.542310e+00	5.176299e+00	4.840572e+00	4.527626e+00	4.231450e+00
3.949209e+00	3.676293e+00	3.403061e+00	3.107097e+00	2.760798e+00	2.555827e+00
2.319448e+00	2.110032e+00	1.886898e+00	1.838231e+00	1.821371e+00	1.818788e+00
1.803370e+00	1.797851e+00	1.799762e+00	1.862786e+00	1.112506e+01	1.061459e+01
1.013930e+01	9.723494e+00	9.347320e+00	8.639211e+00	7.999787e+00	7.418227e+00
6.889070e+00	6.409224e+00	5.972904e+00	5.575851e+00	5.213472e+00	4.880387e+00
4.569721e+00	4.275771e+00	3.995379e+00	3.723255e+00	3.448245e+00	3.144469e+00
2.778243e+00	2.562288e+00	2.316291e+00	2.082566e+00	1.835016e+00	1.779047e+00
1.759279e+00	1.757381e+00	1.741729e+00	1.735086e+00	1.734662e+00	1.813031e+00
1.102550e+01	1.052600e+01	1.006303e+01	9.661539e+00	9.299928e+00	8.616071e+00
7.996048e+00	7.429594e+00	6.913924e+00	6.443639e+00	6.014867e+00	5.623596e+00
5.265655e+00	4.936103e+00	4.628606e+00	4.337754e+00	4.060116e+00	3.789849e+00
3.514507e+00	3.205249e+00	2.824208e+00	2.592998e+00	2.321546e+00	2.072259e+00
1.795032e+00	1.730873e+00	1.709514e+00	1.707989e+00	1.690620e+00	1.682852e+00
1.680964e+00	1.771574e+00	1.093183e+01	1.044326e+01	9.992856e+00	9.606180e+00
9.259599e+00	8.600097e+00	7.999263e+00	7.449883e+00	6.947357e+00	6.487710e+00
6.067413e+00	5.682871e+00	5.330283e+00	5.005166e+00	4.701709e+00	4.414761e+00
4.140649e+00	3.872979e+00	3.598047e+00	3.283923e+00	2.887725e+00	2.642544e+00
2.350418e+00	2.074595e+00	1.768407e+00	1.694079e+00	1.668930e+00	1.667934e+00
1.650096e+00	1.641420e+00	1.639030e+00	1.737199e+00	1.084367e+01	1.036603e+01
9.928128e+00	9.556433e+00	9.224960e+00	8.588978e+00	8.009384e+00	7.476644e+00
6.987920e+00	6.539623e+00	6.128619e+00	5.751662e+00	5.405350e+00	5.085606e+00
4.787106e+00	4.504936e+00	4.235269e+00	3.971136e+00	3.697615e+00	3.379706e+00
2.969199e+00	2.709982e+00	2.395957e+00	2.094901e+00	1.752556e+00	1.666591e+00
1.636193e+00	1.635717e+00	1.618090e+00	1.608811e+00	1.604152e+00	1.705193e+00
1.076337e+01	1.029642e+01	9.870731e+00	9.513685e+00	9.197045e+00	8.586123e+00
8.024532e+00	7.508546e+00	7.033912e+00	6.597385e+00	6.196210e+00	5.827482e+00
5.488164e+00	5.174561e+00	4.881800e+00	4.605207e+00	4.340801e+00	4.081109e+00
3.810011e+00	3.489421e+00	3.065492e+00	2.792257e+00	2.455595e+00	2.128009e+00
1.749070e+00	1.648935e+00	1.610270e+00	1.610204e+00	1.593478e+00	1.583757e+00
1.576644e+00	1.679554e+00	1.069333e+01	1.023662e+01	9.822538e+00	9.479287e+00
9.176567e+00	8.587279e+00	8.046152e+00	7.546536e+00	7.085962e+00	6.661469e+00
6.270606e+00	5.910795e+00	5.579295e+00	5.272755e+00	4.986696e+00	4.716678e+00
4.458560e+00	4.204512e+00	3.937283e+00	3.615833e+00	3.180480e+00	2.893941e+00
2.534539e+00	2.178608e+00	1.755055e+00	1.640101e+00	1.591280e+00	1.591410e+00
1.576199e+00	1.566209e+00	1.556689e+00	1.660212e+00	1.062359e+01	1.017847e+01
9.777304e+00	9.448978e+00	9.161435e+00	8.592887e+00	8.071007e+00	7.587404e+00
7.140542e+00	6.727882e+00	6.347366e+00	5.996739e+00	5.673558e+00	5.374819e+00
5.096442e+00	4.834224e+00	4.583893e+00	4.337152e+00	4.075430e+00	3.754285e+00
3.308298e+00	3.009191e+00	2.628376e+00	2.244930e+00	1.773564e+00	1.642776e+00
1.577160e+00	1.576811e+00	1.566344e+00	1.556151e+00	1.541528e+00	1.640759e+00
1.056844e+01	1.013284e+01	9.742222e+00	9.425958e+00	9.150567e+00	8.603475e+00
8.098001e+00	7.629570e+00	7.196152e+00	6.795447e+00	6.425668e+00	6.084804e+00
5.770655e+00	5.480484e+00	5.210511e+00	4.956721e+00	4.714822e+00	4.476226e+00
4.221424e+00	3.903243e+00	3.450331e+00	3.140030e+00	2.737609e+00	2.324694e+00
1.802863e+00	1.649281e+00	1.567036e+00	1.566210e+00	1.558667e+00	1.548521e+00
1.530599e+00	1.623010e+00	1.056117e+01	1.012647e+01	9.737498e+00	9.423763e+00
9.151091e+00	8.616096e+00	8.124332e+00	7.669120e+00	7.248789e+00	6.860794e+00
6.503028e+00	6.173428e+00	5.869778e+00	5.589271e+00	5.327916e+00	5.081662e+00
4.846625e+00	4.614964e+00	4.368358e+00	4.061283e+00	3.616321e+00	3.299196e+00
2.869020e+00	2.412128e+00	1.828375e+00	1.659410e+00	1.568577e+00	1.565685e+00
1.550556e+00	1.541849e+00	1.532152e+00	1.610334e+00	1.056356e+01	1.012721e+01
9.738572e+00	9.428256e+00	9.160653e+00	8.633680e+00	8.151023e+00	7.707054e+00
7.299214e+00	6.924275e+00	6.579435e+00	6.262360e+00	5.970595e+00	5.700913e+00
5.448587e+00	5.209272e+00	4.979887e+00	4.754257e+00	4.517158e+00	4.229299e+00
3.809885e+00	3.493096e+00	3.030077e+00	2.513148e+00	1.854246e+00	1.679733e+00
1.580317e+00	1.569424e+00	1.543487e+00	1.536787e+00	1.543019e+00	1.601184e+00
1.055364e+01	1.011982e+01	9.735325e+00	9.430672e+00	9.169701e+00	8.654463e+00
8.183090e+00	7.750267e+00	7.353377e+00	6.989332e+00	6.655496e+00	6.349552e+00
6.068982e+00	5.810351e+00	5.568490e+00	5.338777e+00	5.118317e+00	4.901339e+00
4.673708e+00	4.398601e+00	3.992394e+00	3.674849e+00	3.192802e+00	2.635705e+00
1.902256e+00	1.708491e+00	1.585869e+00	1.570990e+00	1.544689e+00	1.538428e+00
1.545196e+00	1.593202e+00	1.052814e+01	1.010206e+01	9.727418e+00	9.432518e+00
9.179632e+00	8.678478e+00	8.219043e+00	7.796766e+00	7.409567e+00	7.055036e+00
6.731141e+00	6.435671e+00	6.166093e+00	5.918858e+00	5.688506e+00	5.470163e+00
5.260825e+00	5.054384e+00	4.836586e+00	4.571171e+00	4.172838e+00	3.854852e+00
3.362272e+00	2.779020e+00	1.975421e+00	1.747929e+00	1.589744e+00	1.572004e+00
1.549190e+00	1.543904e+00	1.546125e+00	1.586084e+00	1.051507e+01	1.009634e+01
9.725384e+00	9.436446e+00	9.192021e+00	8.703506e+00	8.254596e+00	7.841760e+00
7.463430e+00	7.117815e+00	6.803422e+00	6.518179e+00	6.259544e+00	6.023875e+00
5.805472e+00	5.599196e+00	5.401880e+00	5.206909e+00	4.999857e+00	4.745365e+00
4.357222e+00	4.040974e+00	3.541141e+00	2.933661e+00	2.056682e+00	1.793430e+00
1.595593e+00	1.573823e+00	1.553524e+00	1.549109e+00	1.547492e+00	1.579498e+00
1.051073e+01	1.009677e+01	9.731285e+00	9.448320e+00	9.209253e+00	8.730165e+00
8.289715e+00	7.884881e+00	7.514404e+00	7.176964e+00	6.871500e+00	6.596106e+00
6.348229e+00	6.124168e+00	5.918038e+00	5.724439e+00	5.539992e+00	5.357388e+00
5.161977e+00	4.919772e+00	4.544648e+00	4.232931e+00	3.730411e+00	3.102308e+00
2.150385e+00	1.849409e+00	1.605933e+00	1.577971e+00	1.557671e+00	1.553984e+00
1.549728e+00	1.573422e+00	1.050964e+01	1.009883e+01	9.738448e+00	9.460570e+00
9.226107e+00	8.755108e+00	8.322025e+00	7.924268e+00	7.560895e+00	7.231009e+00
6.933953e+00	6.667950e+00	6.430502e+00	6.217906e+00	6.024178e+00	5.843695e+00
5.672799e+00	5.503395e+00	5.320421e+00	5.091286e+00	4.730757e+00	4.425840e+00
3.925417e+00	3.281735e+00	2.255192e+00	1.913051e+00	1.618276e+00	1.582798e+00
1.560946e+00	1.557786e+00	1.550893e+00	1.568869e+00	1.050877e+01	1.010173e+01
9.745193e+00	9.471323e+00	9.240775e+00	8.776711e+00	8.350045e+00	7.958557e+00
7.601602e+00	7.278680e+00	6.989481e+00	6.732359e+00	6.504909e+00	6.303480e+00
6.122054e+00	5.954848e+00	5.797920e+00	5.642340e+00	5.472571e+00	5.257412e+00
4.913298e+00	4.617545e+00	4.124157e+00	3.470740e+00	2.372036e+00	1.985635e+00
1.633078e+00	1.588339e+00	1.562932e+00	1.560071e+00	1.551140e+00	1.565220e+00
1.050569e+01	1.010234e+01	9.749563e+00	9.479138e+00	9.251801e+00	8.793659e+00
8.372645e+00	7.986847e+00	7.635805e+00	7.319345e+00	7.037343e+00	6.788366e+00
6.570135e+00	6.379203e+00	6.209697e+00	6.055836e+00	5.913349e+00	5.772234e+00
5.616284e+00	5.415217e+00	5.087913e+00	4.803572e+00	4.323930e+00	3.669238e+00
2.500992e+00	2.066124e+00	1.649929e+00	1.594671e+00	1.563797e+00	1.560768e+00
1.550201e+00	1.561670e+00	1.051139e+01	1.010941e+01	9.758403e+00	9.489658e+00
9.264084e+00	8.810174e+00	8.394103e+00	8.013915e+00	7.668916e+00	7.358667e+00
7.082783e+00	6.840143e+00	6.629053e+00	6.446946e+00	6.289170e+00	6.150636e+00
6.025927e+00	5.902021e+00	5.759201e+00	5.565087e+00	5.243191e+00	4.971932e+00
4.528104e+00	3.901742e+00	2.651318e+00	2.146444e+00	1.665949e+00	1.603777e+00
1.566042e+00	1.559526e+00	1.554672e+00	1.558387e+00	1.051392e+01	1.011539e+01
9.766493e+00	9.499457e+00	9.275569e+00	8.825692e+00	8.414126e+00	8.038913e+00
7.699229e+00	7.394485e+00	7.124127e+00	6.887293e+00	6.682758e+00	6.508605e+00
6.361116e+00	6.235847e+00	6.126924e+00	6.019737e+00	5.892346e+00	5.710055e+00
5.398834e+00	5.140668e+00	4.727414e+00	4.127844e+00	2.814372e+00	2.241029e+00
1.684712e+00	1.612868e+00	1.567108e+00	1.558285e+00	1.556520e+00	1.555836e+00
1.051349e+01	1.011790e+01	9.771868e+00	9.507109e+00	9.285138e+00	8.839345e+00
8.431823e+00	8.060761e+00	7.725409e+00	7.425270e+00	7.159811e+00	6.928345e+00
6.729880e+00	6.562750e+00	6.423624e+00	6.308505e+00	6.211957e+00	6.119766e+00
6.010064e+00	5.846991e+00	5.556356e+00	5.310997e+00	4.915488e+00	4.332199e+00
2.988336e+00	2.359711e+00	1.708929e+00	1.621535e+00	1.567274e+00	1.557469e+00
1.555061e+00	1.554011e+00	1.050990e+01	1.011668e+01	9.773375e+00	9.510818e+00
9.290554e+00	8.848410e+00	8.444484e+00	8.077118e+00	7.745591e+00	7.449466e+00
7.188296e+00	6.961536e+00	6.768367e+00	6.607341e+00	6.475440e+00	6.369062e+00
6.283358e+00	6.204906e+00	6.112419e+00	5.969542e+00	5.702496e+00	5.471979e+00
5.096138e+00	4.533138e+00	3.172454e+00	2.489347e+00	1.737850e+00	1.632729e+00
1.566701e+00	1.555866e+00	1.552565e+00	1.552212e+00	1.050317e+01	1.011445e+01
9.774445e+00	9.513770e+00	9.294989e+00	8.856118e+00	8.455430e+00	8.091394e+00
7.763311e+00	7.470790e+00	7.213499e+00	6.991010e+00	6.802653e+00	6.647155e+00
6.521758e+00	6.423224e+00	6.347378e+00	6.281827e+00	6.206241e+00	6.084348e+00
5.843226e+00	5.628888e+00	5.273394e+00	4.732775e+00	3.366783e+00	2.630777e+00
1.771242e+00	1.646177e+00	1.565832e+00	1.554287e+00	1.549375e+00	1.550617e+00
1.049687e+01	1.011313e+01	9.776735e+00	9.518202e+00	9.300828e+00	8.864981e+00
8.467073e+00	8.105790e+00	7.780519e+00	7.490942e+00	7.236891e+00	7.018009e+00
6.833785e+00	6.683080e+00	6.563351e+00	6.471693e+00	6.404576e+00	6.350594e+00
6.290747e+00	6.190160e+00	5.977728e+00	5.781134e+00	5.446158e+00	4.928879e+00
3.570055e+00	2.784475e+00	1.810461e+00	1.663189e+00	1.565971e+00	1.554085e+00
1.546699e+00	1.549648e+00	1.048999e+01	1.011221e+01	9.780373e+00	9.523714e+00
9.307107e+00	8.873655e+00	8.477994e+00	8.118965e+00	7.796022e+00	7.508887e+00
7.257558e+00	7.041709e+00	6.860970e+00	6.714283e+00	6.599248e+00	6.513265e+00
6.453531e+00	6.409847e+00	6.364854e+00	6.285591e+00	6.103396e+00	5.925600e+00
5.611465e+00	5.118285e+00	3.780148e+00	2.952790e+00	1.858794e+00	1.686280e+00
1.567557e+00	1.554371e+00	1.544354e+00	1.549016e+00	1.048079e+01	1.010983e+01
9.781950e+00	9.526168e+00	9.308524e+00	8.875798e+00	8.481754e+00	8.125033e+00
7.804863e+00	7.520739e+00	7.272510e+00	7.059811e+00	6.882248e+00	6.738673e+00
6.626529e+00	6.543585e+00	6.488833e+00	6.455725e+00	6.429366e+00	6.373205e+00
6.216670e+00	6.056120e+00	5.768020e+00	5.301560e+00	3.982818e+00	3.133591e+00
1.916124e+00	1.714637e+00	1.570086e+00	1.555421e+00	1.541802e+00	1.547824e+00
1.046943e+01	1.010578e+01	9.782968e+00	9.527761e+00	9.309167e+00	8.876825e+00
8.483890e+00	8.129013e+00	7.811310e+00	7.530039e+00	7.284789e+00	7.075086e+00
6.900424e+00	6.759489e+00	6.649476e+00	6.568555e+00	6.517746e+00	6.494731e+00
6.487793e+00	6.455218e+00	6.322399e+00	6.178502e+00	5.919036e+00	5.481118e+00
4.184184e+00	3.327133e+00	1.982694e+00	1.748875e+00	1.574209e+00	1.557893e+00
1.539325e+00	1.546345e+00	1.045671e+01	1.010165e+01	9.784611e+00	9.530356e+00
9.310642e+00	8.878949e+00	8.487355e+00	8.134266e+00	7.818616e+00	7.539554e+00
7.296578e+00	7.089232e+00	6.916978e+00	6.778509e+00	6.670927e+00	6.592707e+00
6.546143e+00	6.531590e+00	6.539655e+00	6.527933e+00	6.421919e+00	6.295984e+00
6.061581e+00	5.651644e+00	4.393587e+00	3.527146e+00	2.057318e+00	1.789455e+00
1.579932e+00	1.560943e+00	1.538695e+00	1.545834e+00	1.044153e+01	1.009728e+01
9.787782e+00	9.535413e+00	9.315114e+00	8.884520e+00	8.493904e+00	8.141819e+00
7.827244e+00	7.549408e+00	7.307821e+00	7.102101e+00	6.931718e+00	6.795521e+00
6.690711e+00	6.616013e+00	6.574108e+00	6.566089e+00	6.584240e+00	6.590120e+00
6.513846e+00	6.407186e+00	6.192953e+00	5.809421e+00	4.611410e+00	3.731826e+00
2.143962e+00	1.841228e+00	1.589829e+00	1.565353e+00	1.539108e+00	1.545783e+00
1.042958e+01	1.009494e+01	9.792527e+00	9.542039e+00	9.320913e+00	8.890812e+00
8.500735e+00	8.149463e+00	7.835916e+00	7.559348e+00	7.319218e+00	7.115127e+00
6.946498e+00	6.812192e+00	6.709468e+00	6.637379e+00	6.599255e+00	6.597286e+00
6.626112e+00	6.649411e+00	6.599255e+00	6.510054e+00	6.316042e+00	5.960717e+00
4.827980e+00	3.941239e+00	2.241860e+00	1.901685e+00	1.602007e+00	1.570502e+00
1.539824e+00	1.545565e+00	1.041452e+01	1.009084e+01	9.794633e+00	9.545584e+00
9.324167e+00	8.895661e+00	8.506893e+00	8.156420e+00	7.843436e+00	7.567350e+00
7.327819e+00	7.124610e+00	6.957364e+00	6.825174e+00	6.725517e+00	6.657322e+00
6.623575e+00	6.625649e+00	6.658083e+00	6.692492e+00	6.672612e+00	6.604544e+00
6.431879e+00	6.101395e+00	5.035265e+00	4.154848e+00	2.353472e+00	1.971270e+00
1.615884e+00	1.576819e+00	1.540514e+00	1.545037e+00	1.038125e+01	1.007046e+01
9.784473e+00	9.540506e+00	9.321409e+00	8.897626e+00	8.511391e+00	8.161866e+00
7.848702e+00	7.571919e+00	7.331830e+00	7.128550e+00	6.962117e+00	6.832260e+00
6.737432e+00	6.676547e+00	6.649763e+00	6.651991e+00	6.675996e+00	6.712596e+00
6.728890e+00	6.690400e+00	6.541950e+00	6.227654e+00	5.223681e+00	4.371332e+00
2.480673e+00	2.048145e+00	1.629720e+00	1.584881e+00	1.540719e+00	1.544591e+00
1.037307e+01	1.006903e+01	9.787982e+00	9.545002e+00	9.325560e+00	8.902699e+00
8.517346e+00	8.168670e+00	7.856097e+00	7.579847e+00	7.340322e+00	7.137820e+00
6.972540e+00	6.844315e+00	6.751640e+00	6.693465e+00	6.669937e+00	6.675957e+00
6.704639e+00	6.749708e+00	6.785062e+00	6.764009e+00	6.641382e+00	6.355016e+00
5.405683e+00	4.585428e+00	2.626762e+00	2.139816e+00	1.648545e+00	1.595477e+00
1.541585e+00	1.544868e+00	1.036472e+01	1.006681e+01	9.789481e+00	9.547788e+00
9.327620e+00	8.904537e+00	8.519158e+00	8.170811e+00	7.859282e+00	7.584498e+00
7.346719e+00	7.145945e+00	6.982103e+00	6.854937e+00	6.763356e+00	6.706813e+00
6.685787e+00	6.695679e+00	6.730813e+00	6.785599e+00	6.834014e+00	6.824002e+00
6.726161e+00	6.480935e+00	5.594307e+00	4.777746e+00	2.782183e+00	2.248253e+00
1.672107e+00	1.598273e+00	1.545047e+00	1.544821e+00	1.035406e+01	1.006196e+01
9.789124e+00	9.548386e+00	9.327762e+00	8.904556e+00	8.518948e+00	8.170847e+00
7.859964e+00	7.586327e+00	7.350248e+00	7.151346e+00	6.988961e+00	6.862604e+00
6.771845e+00	6.716704e+00	6.697871e+00	6.710976e+00	6.751083e+00	6.814431e+00
6.873801e+00	6.870952e+00	6.795397e+00	6.599834e+00	5.786562e+00	4.945610e+00
2.945153e+00	2.377387e+00	1.702508e+00	1.595645e+00	1.556658e+00	1.543902e+00
1.034477e+01	1.005781e+01	9.789137e+00	9.549054e+00	9.328074e+00	8.904969e+00
8.519557e+00	8.171804e+00	7.861716e+00	7.588961e+00	7.353715e+00	7.155600e+00
6.994067e+00	6.868755e+00	6.779357e+00	6.726028e+00	6.709430e+00	6.725084e+00
6.768217e+00	6.836522e+00	6.907727e+00	6.917064e+00	6.862006e+00	6.693319e+00
5.943717e+00	5.145230e+00	3.124859e+00	2.504550e+00	1.735705e+00	1.605559e+00
1.561359e+00	1.543712e+00	1.033688e+01	1.005456e+01	9.789175e+00	9.549862e+00
9.328604e+00	8.905957e+00	8.521017e+00	8.173902e+00	7.864324e+00	7.592060e+00
7.357197e+00	7.159508e+00	6.998626e+00	6.874330e+00	6.786334e+00	6.734806e+00
6.720319e+00	6.738203e+00	6.783723e+00	6.855874e+00	6.938487e+00	6.960988e+00
6.925111e+00	6.776275e+00	6.087782e+00	5.358848e+00	3.318271e+00	2.636832e+00
1.772470e+00	1.626960e+00	1.565012e+00	1.543603e+00	1.033285e+01	1.005447e+01
9.790539e+00	9.552288e+00	9.330568e+00	8.908312e+00	8.523765e+00	8.177159e+00
7.868083e+00	7.596314e+00	7.361892e+00	7.164620e+00	7.004224e+00	6.880594e+00
6.793574e+00	6.743418e+00	6.730682e+00	6.750567e+00	6.798477e+00	6.874467e+00
6.967337e+00	7.001115e+00	6.981866e+00	6.852202e+00	6.227447e+00	5.567081e+00
3.520996e+00	2.781404e+00	1.815410e+00	1.649889e+00	1.569746e+00	1.543706e+00
1.033057e+01	1.005573e+01	9.794881e+00	9.556989e+00	9.334940e+00	8.912704e+00
8.528193e+00	8.181679e+00	7.872738e+00	7.601181e+00	7.367040e+00	7.170080e+00
7.010013e+00	6.886783e+00	6.800374e+00	6.751137e+00	6.739723e+00	6.761385e+00
6.811740e+00	6.891442e+00	6.993000e+00	7.036132e+00	7.031536e+00	6.920185e+00
6.358081e+00	5.766161e+00	3.734067e+00	2.939879e+00	1.867055e+00	1.678569e+00
1.575072e+00	1.544090e+00	1.032544e+01	1.005397e+01	9.794294e+00	9.556717e+00
9.334572e+00	8.912518e+00	8.528151e+00	8.181729e+00	7.872850e+00	7.601353e+00
7.367309e+00	7.170691e+00	7.011284e+00	6.888954e+00	6.803211e+00	6.754176e+00
6.743091e+00	6.766446e+00	6.820637e+00	6.904820e+00	7.010023e+00	7.057921e+00
7.071582e+00	6.991172e+00	6.471391e+00	5.923244e+00	3.965217e+00	3.119343e+00
1.924585e+00	1.708847e+00	1.578039e+00	1.543968e+00	1.031819e+01	1.004937e+01
9.792306e+00	9.555465e+00	9.333123e+00	8.911514e+00	8.527497e+00	8.181296e+00
7.872561e+00	7.601194e+00	7.367317e+00	7.170864e+00	7.011863e+00	6.890220e+00
6.805007e+00	6.756037e+00	6.745088e+00	6.769794e+00	6.827657e+00	6.916248e+00
7.023421e+00	7.074519e+00	7.106283e+00	7.060635e+00	6.575090e+00	6.061107e+00
4.210859e+00	3.316322e+00	1.988749e+00	1.742112e+00	1.580211e+00	1.543622e+00
1.031353e+01	1.004719e+01	9.791703e+00	9.555119e+00	9.332699e+00	8.911260e+00
8.527387e+00	8.181261e+00	7.872579e+00	7.601272e+00	7.367501e+00	7.171387e+00
7.012866e+00	6.891623e+00	6.806719e+00	6.758331e+00	6.748032e+00	6.773953e+00
6.833446e+00	6.924650e+00	7.037713e+00	7.094757e+00	7.135800e+00	7.099699e+00
6.677785e+00	6.228774e+00	4.437329e+00	3.501069e+00	2.063148e+00	1.785846e+00
1.584839e+00	1.543516e+00	1.031082e+01	1.004656e+01	9.792313e+00	9.555949e+00
9.333309e+00	8.912049e+00	8.528399e+00	8.182390e+00	7.873861e+00	7.602810e+00
7.369448e+00	7.173625e+00	7.014921e+00	6.893164e+00	6.808292e+00	6.761481e+00
6.752980e+00	6.779647e+00	6.837717e+00	6.929854e+00	7.053384e+00	7.122053e+00
7.160256e+00	7.115993e+00	6.779155e+00	6.453937e+00	4.632969e+00	3.662361e+00
2.154099e+00	1.851564e+00	1.598500e+00	1.543595e+00	1.031760e+01	1.005208e+01
9.796862e+00	9.559232e+00	9.335268e+00	8.912887e+00	8.529054e+00	8.183451e+00
7.875590e+00	7.605266e+00	7.372521e+00	7.177133e+00	7.018676e+00	6.896819e+00
6.811101e+00	6.761912e+00	6.752082e+00	6.781585e+00	6.849094e+00	6.947463e+00
7.068055e+00	7.130851e+00	7.178727e+00	7.157105e+00	6.876388e+00	6.547693e+00
4.859616e+00	3.880655e+00	2.255763e+00	1.905511e+00	1.610757e+00	1.543896e+00
1.032905e+01	1.006111e+01	9.803637e+00	9.563784e+00	9.337973e+00	8.913744e+00
8.529582e+00	8.184443e+00	7.877403e+00	7.607918e+00	7.375731e+00	7.180767e+00
7.022928e+00	6.901618e+00	6.814698e+00	6.761976e+00	6.749498e+00	6.782757e+00
6.863515e+00	6.970669e+00	7.079925e+00	7.135178e+00	7.194124e+00	7.214638e+00
6.963868e+00	6.604545e+00	5.097983e+00	4.135121e+00	2.370456e+00	1.958650e+00
1.622992e+00	1.544321e+00	1.032681e+01	1.006069e+01	9.804130e+00	9.564485e+00
9.338667e+00	8.914717e+00	8.530706e+00	8.185609e+00	7.878603e+00	7.609148e+00
7.377033e+00	7.182173e+00	7.024458e+00	6.903371e+00	6.816993e+00	6.765282e+00
6.753469e+00	6.787086e+00	6.867074e+00	6.974882e+00	7.086978e+00	7.146523e+00
7.210822e+00	7.240111e+00	7.032371e+00	6.724010e+00	5.297610e+00	4.338929e+00
2.499775e+00	2.043646e+00	1.639316e+00	1.544395e+00	1.031428e+01	1.005328e+01
9.800877e+00	9.563629e+00	9.339136e+00	8.917247e+00	8.533705e+00	8.188304e+00
7.880611e+00	7.610418e+00	7.377843e+00	7.182738e+00	7.024809e+00	6.903849e+00
6.819474e+00	6.771940e+00	6.763854e+00	6.794679e+00	6.863157e+00	6.963520e+00
7.090786e+00	7.164363e+00	7.231487e+00	7.251177e+00	7.079229e+00	6.874096e+00
5.485571e+00	4.510784e+00	2.639161e+00	2.159400e+00	1.654452e+00	1.544249e+00
1.030396e+01	1.004633e+01	9.796991e+00	9.561961e+00	9.338898e+00	8.917831e+00
8.534477e+00	8.188933e+00	7.880937e+00	7.610447e+00	7.377708e+00	7.182542e+00
7.024604e+00	6.903750e+00	6.820049e+00	6.774101e+00	6.767422e+00	6.796903e+00
6.859241e+00	6.958369e+00	7.093034e+00	7.170263e+00	7.244270e+00	7.267227e+00
7.127936e+00	6.945161e+00	5.658760e+00	4.704454e+00	2.793009e+00	2.272812e+00
1.674157e+00	1.544014e+00	1.029890e+01	1.004240e+01	9.793723e+00	9.558755e+00
9.335458e+00	8.914652e+00	8.531356e+00	8.185809e+00	7.877742e+00	7.607185e+00
7.374427e+00	7.179399e+00	7.021920e+00	6.901802e+00	6.818522e+00	6.772293e+00
6.764793e+00	6.793493e+00	6.856842e+00	6.958331e+00	7.094300e+00	7.170239e+00
7.250018e+00	7.299718e+00	7.184499e+00	6.962661e+00	5.814522e+00	4.944351e+00
2.965381e+00	2.371987e+00	1.703353e+00	1.543685e+00	