8.341476e-02	8.485924e-02	8.634522e-02	8.790996e-02	8.956591e-02	9.320340e-02
9.744808e-02	1.024887e-01	1.083959e-01	1.151901e-01	1.228337e-01	1.313577e-01
1.409112e-01	1.517963e-01	1.648594e-01	1.807658e-01	1.988746e-01	2.162612e-01
2.292289e-01	2.378671e-01	2.464171e-01	2.527657e-01	2.581897e-01	2.604249e-01
2.602500e-01	2.591113e-01	2.566812e-01	2.563429e-01	2.563234e-01	2.563312e-01
2.563342e-01	2.563752e-01	9.595063e-02	9.763315e-02	9.936283e-02	1.011818e-01
1.031034e-01	1.073087e-01	1.121807e-01	1.179184e-01	1.245970e-01	1.322389e-01
1.408055e-01	1.503331e-01	1.609877e-01	1.730964e-01	1.875578e-01	2.050597e-01
2.248767e-01	2.438330e-01	2.579517e-01	2.673243e-01	2.764799e-01	2.832350e-01
2.890051e-01	2.913833e-01	2.911647e-01	2.899685e-01	2.874452e-01	2.870935e-01
2.870712e-01	2.870790e-01	2.870815e-01	2.871247e-01	1.103704e-01	1.123299e-01
1.143430e-01	1.164573e-01	1.186870e-01	1.235488e-01	1.291407e-01	1.356710e-01
1.432195e-01	1.518111e-01	1.614068e-01	1.720496e-01	1.839245e-01	1.973855e-01
2.133814e-01	2.326186e-01	2.542785e-01	2.749201e-01	2.902735e-01	3.004294e-01
3.102105e-01	3.173772e-01	3.234983e-01	3.260218e-01	3.257518e-01	3.245005e-01
3.218963e-01	3.215330e-01	3.215073e-01	3.215150e-01	3.215170e-01	3.215622e-01
1.269573e-01	1.292390e-01	1.315816e-01	1.340389e-01	1.366260e-01	1.422466e-01
1.486648e-01	1.560963e-01	1.646254e-01	1.742801e-01	1.850222e-01	1.969032e-01
2.101293e-01	2.250827e-01	2.427604e-01	2.638813e-01	2.875244e-01	3.099705e-01
3.266453e-01	3.376343e-01	3.480561e-01	3.556349e-01	3.621084e-01	3.647781e-01
3.644473e-01	3.631447e-01	3.604765e-01	3.601038e-01	3.600743e-01	3.600817e-01
3.600831e-01	3.601302e-01	1.460369e-01	1.486935e-01	1.514192e-01	1.542748e-01
1.572764e-01	1.637741e-01	1.711406e-01	1.795966e-01	1.892307e-01	2.000746e-01
2.120928e-01	2.253470e-01	2.400677e-01	2.566665e-01	2.761844e-01	2.993455e-01
3.251171e-01	3.494897e-01	3.675745e-01	3.794466e-01	3.905190e-01	3.985045e-01
4.053266e-01	4.081416e-01	4.077395e-01	4.063911e-01	4.036807e-01	4.033015e-01
4.032676e-01	4.032746e-01	4.032751e-01	4.033240e-01	1.679838e-01	1.710764e-01
1.742475e-01	1.775658e-01	1.810480e-01	1.885596e-01	1.970144e-01	2.066349e-01
2.175135e-01	2.296869e-01	2.431242e-01	2.578997e-01	2.742715e-01	2.926822e-01
3.142104e-01	3.395759e-01	3.676250e-01	3.940473e-01	4.136323e-01	4.264368e-01
4.381623e-01	4.465416e-01	4.537030e-01	4.566599e-01	4.561742e-01	4.547877e-01
4.520630e-01	4.516811e-01	4.516423e-01	4.516486e-01	4.516481e-01	4.516984e-01
1.932291e-01	1.968286e-01	2.005174e-01	2.043730e-01	2.084126e-01	2.170961e-01
2.267999e-01	2.377439e-01	2.500235e-01	2.636819e-01	2.786957e-01	2.951548e-01
3.133486e-01	3.337516e-01	3.574719e-01	3.852130e-01	4.156906e-01	4.442857e-01
4.654611e-01	4.792463e-01	4.916181e-01	5.003694e-01	5.078533e-01	5.109460e-01
5.103625e-01	5.089477e-01	5.062440e-01	5.058644e-01	5.058199e-01	5.058253e-01
5.058234e-01	5.058748e-01	2.222682e-01	2.264574e-01	2.307479e-01	2.352273e-01
2.399132e-01	2.499513e-01	2.610885e-01	2.735362e-01	2.873925e-01	3.027085e-01
3.194717e-01	3.377917e-01	3.579932e-01	3.805838e-01	4.066897e-01	4.369836e-01
4.700405e-01	5.009291e-01	5.237842e-01	5.385957e-01	5.515955e-01	5.606857e-01
5.684664e-01	5.716853e-01	5.709877e-01	5.695575e-01	5.669188e-01	5.665474e-01
5.664964e-01	5.665006e-01	5.664970e-01	5.665491e-01	2.556715e-01	2.605462e-01
2.655360e-01	2.707397e-01	2.761749e-01	2.877788e-01	3.005611e-01	3.147172e-01
3.303468e-01	3.475112e-01	3.662136e-01	3.865876e-01	4.089986e-01	4.339876e-01
4.626841e-01	4.957118e-01	5.314966e-01	5.647942e-01	5.894153e-01	6.052948e-01
6.188901e-01	6.282728e-01	6.363139e-01	6.396452e-01	6.388144e-01	6.373853e-01
6.348657e-01	6.345098e-01	6.344515e-01	6.344540e-01	6.344485e-01	6.345007e-01
2.940947e-01	2.997664e-01	3.055688e-01	3.116134e-01	3.179175e-01	3.313310e-01
3.460013e-01	3.620979e-01	3.797212e-01	3.989449e-01	4.197943e-01	4.424325e-01
4.672710e-01	4.948851e-01	5.263879e-01	5.623327e-01	6.009878e-01	6.368017e-01
6.632700e-01	6.802539e-01	6.943947e-01	7.040071e-01	7.122590e-01	7.156839e-01
7.146983e-01	7.132905e-01	7.109562e-01	7.106250e-01	7.105583e-01	7.105587e-01
7.105507e-01	7.106023e-01	3.382923e-01	3.448904e-01	3.516371e-01	3.586578e-01
3.659693e-01	3.814745e-01	3.983113e-01	4.166118e-01	4.364751e-01	4.579912e-01
4.812144e-01	5.063444e-01	5.338459e-01	5.643278e-01	5.988627e-01	6.379072e-01
6.795646e-01	7.179896e-01	7.463790e-01	7.644958e-01	7.791108e-01	7.888707e-01
7.972683e-01	8.007617e-01	7.995962e-01	7.982353e-01	7.961663e-01	7.958709e-01
7.957946e-01	7.957925e-01	7.957814e-01	7.958315e-01	3.891321e-01	3.968070e-01
4.046507e-01	4.128046e-01	4.212839e-01	4.392066e-01	4.585298e-01	4.793328e-01
5.017116e-01	5.257767e-01	5.516210e-01	5.794889e-01	6.099060e-01	6.435147e-01
6.813160e-01	7.236384e-01	7.684152e-01	8.095285e-01	8.399015e-01	8.591702e-01
8.741623e-01	8.839640e-01	8.924236e-01	8.959533e-01	8.945790e-01	8.932960e-01
8.915891e-01	8.913428e-01	8.912556e-01	8.912502e-01	8.912356e-01	8.912830e-01
4.476123e-01	4.565386e-01	4.656568e-01	4.751260e-01	4.849590e-01	5.056759e-01
5.278524e-01	5.514964e-01	5.766984e-01	6.035949e-01	6.323287e-01	6.631994e-01
6.968029e-01	7.338131e-01	7.751218e-01	8.208915e-01	8.688826e-01	9.127379e-01
9.451427e-01	9.655689e-01	9.808100e-01	9.905202e-01	9.989359e-01	1.002461e+00
1.000845e+00	9.996773e-01	9.984487e-01	9.982674e-01	9.981677e-01	9.981584e-01
9.981396e-01	9.981829e-01	5.148810e-01	5.252616e-01	5.358603e-01	5.468560e-01
5.582584e-01	5.822046e-01	6.076555e-01	6.345243e-01	6.628930e-01	6.929306e-01
7.248447e-01	7.590025e-01	7.960805e-01	8.367824e-01	8.818430e-01	9.312148e-01
9.824857e-01	1.029106e+00	1.063571e+00	1.085144e+00	1.100469e+00	1.109921e+00
1.118161e+00	1.121630e+00	1.119734e+00	1.118727e+00	1.118116e+00	1.118019e+00
1.117905e+00	1.117891e+00	1.117867e+00	1.117904e+00	5.922592e-01	6.043296e-01
6.166479e-01	6.294152e-01	6.426366e-01	6.703151e-01	6.995236e-01	7.300520e-01
7.619704e-01	7.954886e-01	8.308968e-01	8.686448e-01	9.095027e-01	9.542003e-01
1.003258e+00	1.056365e+00	1.110942e+00	1.160310e+00	1.196838e+00	1.219527e+00
1.234726e+00	1.243715e+00	1.251615e+00	1.254965e+00	1.252745e+00	1.251955e+00
1.252125e+00	1.252135e+00	1.252005e+00	1.251985e+00	1.251955e+00	1.251985e+00
6.812198e-01	6.952121e-01	7.095027e-01	7.243289e-01	7.396859e-01	7.717801e-01
8.054277e-01	8.402046e-01	8.761554e-01	9.135458e-01	9.527860e-01	9.944630e-01
1.039511e+00	1.088709e+00	1.142205e+00	1.199277e+00	1.257193e+00	1.309294e+00
1.347930e+00	1.371566e+00	1.386121e+00	1.394394e+00	1.401684e+00	1.404665e+00
1.401907e+00	1.401439e+00	1.402747e+00	1.402911e+00	1.402760e+00	1.402726e+00
1.402692e+00	1.402710e+00	7.835815e-01	7.998356e-01	8.164340e-01	8.336473e-01
8.514604e-01	8.885871e-01	9.272417e-01	9.667732e-01	1.007200e+00	1.048855e+00
1.092287e+00	1.138223e+00	1.187748e+00	1.241666e+00	1.299718e+00	1.360742e+00
1.421872e+00	1.476541e+00	1.517171e+00	1.541728e+00	1.555457e+00	1.562709e+00
1.569185e+00	1.571802e+00	1.568543e+00	1.568453e+00	1.571037e+00	1.571376e+00
1.571202e+00	1.571157e+00	1.571117e+00	1.571121e+00	9.017390e-01	9.209431e-01
9.404299e-01	9.604270e-01	9.809333e-01	1.023235e+00	1.066826e+00	1.111160e+00
1.156285e+00	1.202586e+00	1.250682e+00	1.301223e+00	1.355087e+00	1.412930e+00
1.474553e+00	1.538840e+00	1.602767e+00	1.659547e+00	1.701614e+00	1.727683e+00
1.741732e+00	1.747456e+00	1.753185e+00	1.756401e+00	1.753514e+00	1.753636e+00
1.756852e+00	1.757291e+00	1.757106e+00	1.757092e+00	1.757016e+00	1.757018e+00
1.037970e+00	1.060906e+00	1.083924e+00	1.107111e+00	1.130509e+00	1.177962e+00
1.226206e+00	1.275221e+00	1.325143e+00	1.376378e+00	1.429526e+00	1.484887e+00
1.542708e+00	1.603311e+00	1.667152e+00	1.733722e+00	1.799817e+00	1.858088e+00
1.900945e+00	1.929191e+00	1.944999e+00	1.948851e+00	1.954051e+00	1.958992e+00
1.957655e+00	1.957799e+00	1.960730e+00	1.961158e+00	1.960985e+00	1.961047e+00
1.960910e+00	1.960921e+00	1.193522e+00	1.219944e+00	1.246339e+00	1.272716e+00
1.299139e+00	1.352275e+00	1.405776e+00	1.459765e+00	1.514398e+00	1.570103e+00
1.627502e+00	1.686756e+00	1.747856e+00	1.810955e+00	1.876654e+00	1.944595e+00
2.011590e+00	2.070494e+00	2.114159e+00	2.144063e+00	2.161511e+00	2.165190e+00
2.170590e+00	2.176646e+00	2.177729e+00	2.178184e+00	2.180216e+00	2.180496e+00
2.180428e+00	2.180493e+00	2.180391e+00	2.180377e+00	1.371162e+00	1.400984e+00
1.430730e+00	1.460370e+00	1.489973e+00	1.549254e+00	1.608469e+00	1.667625e+00
1.726848e+00	1.786592e+00	1.847544e+00	1.909865e+00	1.973530e+00	2.038617e+00
2.105536e+00	2.173812e+00	2.240449e+00	2.299102e+00	2.343437e+00	2.374676e+00
2.393891e+00	2.398698e+00	2.404914e+00	2.411777e+00	2.416211e+00	2.417185e+00
2.417675e+00	2.417685e+00	2.417796e+00	2.417820e+00	2.417822e+00	2.417757e+00
1.570506e+00	1.603984e+00	1.637294e+00	1.670337e+00	1.703186e+00	1.768576e+00
1.833256e+00	1.897162e+00	1.960420e+00	2.023573e+00	2.087445e+00	2.152148e+00
2.217548e+00	2.283562e+00	2.350454e+00	2.417739e+00	2.482767e+00	2.540286e+00
2.584985e+00	2.617431e+00	2.638687e+00	2.645306e+00	2.652724e+00	2.660389e+00
2.668721e+00	2.670178e+00	2.668923e+00	2.668665e+00	2.668939e+00	2.668957e+00
2.669029e+00	2.668936e+00	1.792079e+00	1.829400e+00	1.866401e+00	1.902861e+00
1.938873e+00	2.009955e+00	2.079406e+00	2.147185e+00	2.213473e+00	2.279003e+00
2.344860e+00	2.411018e+00	2.477066e+00	2.542625e+00	2.607908e+00	2.672587e+00
2.734550e+00	2.789969e+00	2.834770e+00	2.868256e+00	2.891857e+00	2.901247e+00
2.910388e+00	2.918774e+00	2.931559e+00	2.933392e+00	2.930228e+00	2.929737e+00
2.930127e+00	2.930204e+00	2.930279e+00	2.930196e+00	2.036486e+00	2.078142e+00
2.119193e+00	2.159179e+00	2.198260e+00	2.274405e+00	2.347631e+00	2.418258e+00
2.486579e+00	2.553467e+00	2.620178e+00	2.686481e+00	2.751614e+00	2.814955e+00
2.876998e+00	2.937851e+00	2.995888e+00	3.048405e+00	3.092437e+00	3.127088e+00
3.153751e+00	3.165450e+00	3.176443e+00	3.186271e+00	3.203259e+00	3.205455e+00
3.200535e+00	3.199814e+00	3.200324e+00	3.200444e+00	3.200544e+00	3.200460e+00
2.303262e+00	2.349645e+00	2.394989e+00	2.438488e+00	2.480400e+00	2.560660e+00
2.636326e+00	2.708424e+00	2.777416e+00	2.844263e+00	2.910321e+00	2.975135e+00
3.037568e+00	3.096846e+00	3.154020e+00	3.209831e+00	3.263091e+00	3.311918e+00
3.354330e+00	3.390112e+00	3.420304e+00	3.433905e+00	3.446848e+00	3.458664e+00
3.479286e+00	3.481832e+00	3.475544e+00	3.474629e+00	3.475251e+00	3.475396e+00
3.475530e+00	3.475442e+00	2.590509e+00	2.641576e+00	2.691073e+00	2.737815e+00
2.782131e+00	2.865339e+00	2.941947e+00	3.013822e+00	3.081649e+00	3.146502e+00
3.209883e+00	3.271245e+00	3.329176e+00	3.382858e+00	3.433847e+00	3.483446e+00
3.530964e+00	3.575341e+00	3.615574e+00	3.651957e+00	3.685305e+00	3.700932e+00
3.715907e+00	3.729502e+00	3.752795e+00	3.755692e+00	3.748815e+00	3.747816e+00
3.748510e+00	3.748670e+00	3.748810e+00	3.748743e+00	2.895969e+00	2.951608e+00
3.005045e+00	3.054630e+00	3.100800e+00	3.185504e+00	3.261244e+00	3.330903e+00
3.395422e+00	3.456052e+00	3.514504e+00	3.570244e+00	3.621791e+00	3.668429e+00
3.712108e+00	3.754614e+00	3.795685e+00	3.835029e+00	3.872506e+00	3.908828e+00
3.944680e+00	3.962114e+00	3.979032e+00	3.994101e+00	4.018561e+00	4.021822e+00
4.015503e+00	4.014578e+00	4.015282e+00	4.015443e+00	4.015581e+00	4.015541e+00
3.219843e+00	3.279857e+00	3.336943e+00	3.388886e+00	3.436256e+00	3.520788e+00
3.593644e+00	3.658896e+00	3.717807e+00	3.771854e+00	3.823041e+00	3.870962e+00
3.914300e+00	3.952581e+00	3.987994e+00	4.022644e+00	4.056674e+00	4.090452e+00
4.124570e+00	4.160040e+00	4.197421e+00	4.216250e+00	4.234816e+00	4.250933e+00
4.274821e+00	4.278440e+00	4.273926e+00	4.273249e+00	4.273903e+00	4.274041e+00
4.274164e+00	4.274156e+00	3.555679e+00	3.619604e+00	3.679778e+00	3.733332e+00
3.780986e+00	3.863182e+00	3.930687e+00	3.988942e+00	4.039616e+00	4.084469e+00
4.125892e+00	4.163755e+00	4.197158e+00	4.226010e+00	4.252512e+00	4.278854e+00
4.305526e+00	4.333378e+00	4.363520e+00	4.397103e+00	4.434556e+00	4.454087e+00
4.473729e+00	4.490240e+00	4.511411e+00	4.515342e+00	4.514032e+00	4.513802e+00
4.514332e+00	4.514422e+00	4.514512e+00	4.514542e+00	3.900034e+00	3.967240e+00
4.029743e+00	4.083956e+00	4.130797e+00	4.208172e+00	4.267610e+00	4.316143e+00
4.355922e+00	4.389067e+00	4.418449e+00	4.444297e+00	4.466317e+00	4.484822e+00
4.501853e+00	4.519530e+00	4.538570e+00	4.560120e+00	4.585560e+00	4.616035e+00
4.651871e+00	4.671226e+00	4.691157e+00	4.707263e+00	4.723776e+00	4.727909e+00
4.730883e+00	4.731248e+00	4.731585e+00	4.731624e+00	4.731656e+00	4.731731e+00
4.258449e+00	4.328405e+00	4.392583e+00	4.446597e+00	4.491603e+00	4.561823e+00
4.610650e+00	4.646960e+00	4.673468e+00	4.692717e+00	4.708123e+00	4.720326e+00
4.729705e+00	4.736959e+00	4.743873e+00	4.752386e+00	4.763374e+00	4.778153e+00
4.798203e+00	4.824572e+00	4.857479e+00	4.875960e+00	4.895527e+00	4.910623e+00
4.921279e+00	4.925501e+00	4.933296e+00	4.934337e+00	4.934440e+00	4.934421e+00
4.934384e+00	4.934506e+00	4.624833e+00	4.696691e+00	4.761580e+00	4.814223e+00
4.856052e+00	4.916204e+00	4.951415e+00	4.972712e+00	4.983495e+00	4.986786e+00
4.986570e+00	4.983930e+00	4.979764e+00	4.975080e+00	4.971378e+00	4.970340e+00
4.972910e+00	4.980356e+00	4.994029e+00	5.014735e+00	5.042533e+00	5.058876e+00
5.076825e+00	5.089874e+00	5.093327e+00	5.097367e+00	5.110187e+00	5.111957e+00
5.111784e+00	5.111695e+00	5.111586e+00	5.111745e+00	4.992086e+00	5.064766e+00
5.129194e+00	5.179117e+00	5.216296e+00	5.263322e+00	5.281932e+00	5.285598e+00
5.278493e+00	5.264148e+00	5.247103e+00	5.228863e+00	5.210666e+00	5.193706e+00
5.179192e+00	5.168478e+00	5.162483e+00	5.162231e+00	5.168730e+00	5.182457e+00
5.203296e+00	5.216427e+00	5.231669e+00	5.241848e+00	5.237412e+00	5.241038e+00
5.258666e+00	5.261149e+00	5.260685e+00	5.260521e+00	5.260342e+00	5.260529e+00
5.358384e+00	5.430490e+00	5.492961e+00	5.538510e+00	5.569288e+00	5.599682e+00
5.598470e+00	5.581880e+00	5.554923e+00	5.521657e+00	5.487064e+00	5.452945e+00
5.420541e+00	5.390928e+00	5.365196e+00	5.344402e+00	5.329354e+00	5.320629e+00
5.318723e+00	5.323714e+00	5.335179e+00	5.343598e+00	5.354479e+00	5.360665e+00
5.348294e+00	5.351105e+00	5.372344e+00	5.375387e+00	5.374657e+00	5.374414e+00
5.374185e+00	5.374384e+00	5.729238e+00	5.799594e+00	5.858845e+00	5.898611e+00
5.921494e+00	5.932277e+00	5.908534e+00	5.869505e+00	5.821053e+00	5.767749e+00
5.714916e+00	5.664548e+00	5.617683e+00	5.575111e+00	5.537879e+00	5.506751e+00
5.482374e+00	5.464781e+00	5.453886e+00	5.449377e+00	5.450528e+00	5.453703e+00
5.459668e+00	5.461560e+00	5.441591e+00	5.443476e+00	5.467689e+00	5.471203e+00
5.470229e+00	5.469912e+00	5.469643e+00	5.469848e+00	6.106176e+00	6.173004e+00
6.227202e+00	6.259273e+00	6.272325e+00	6.259812e+00	6.210366e+00	6.146459e+00
6.074773e+00	6.000231e+00	5.928323e+00	5.861040e+00	5.799081e+00	5.742800e+00
5.693224e+00	5.650835e+00	5.616075e+00	5.588414e+00	5.567159e+00	5.551590e+00
5.540594e+00	5.537310e+00	5.536791e+00	5.533506e+00	5.507772e+00	5.508351e+00
5.532424e+00	5.535956e+00	5.534851e+00	5.534506e+00	5.534222e+00	5.534418e+00
6.482516e+00	6.543736e+00	6.590801e+00	6.613108e+00	6.614322e+00	6.574899e+00
6.496893e+00	6.406136e+00	6.310019e+00	6.213609e+00	6.122348e+00	6.038012e+00
5.960826e+00	5.890589e+00	5.828344e+00	5.774328e+00	5.728763e+00	5.690585e+00
5.658535e+00	5.631561e+00	5.608267e+00	5.598491e+00	5.591501e+00	5.583360e+00
5.553175e+00	5.552490e+00	5.575698e+00	5.579176e+00	5.577978e+00	5.577624e+00
5.577328e+00	5.577509e+00	6.867170e+00	6.920413e+00	6.957987e+00	6.968217e+00
6.955372e+00	6.885142e+00	6.775556e+00	6.655902e+00	6.534082e+00	6.414921e+00
6.303586e+00	6.201454e+00	6.108267e+00	6.023240e+00	5.947334e+00	5.880574e+00
5.822967e+00	5.773038e+00	5.729097e+00	5.689923e+00	5.653810e+00	5.637326e+00
5.621703e+00	5.607349e+00	5.577089e+00	5.574592e+00	5.589920e+00	5.592191e+00
5.591189e+00	5.590907e+00	5.590691e+00	5.590843e+00	7.258309e+00	7.301580e+00
7.327712e+00	7.323845e+00	7.294878e+00	7.189898e+00	7.045426e+00	6.894683e+00
6.745866e+00	6.603134e+00	6.471058e+00	6.350500e+00	6.240664e+00	6.140216e+00
6.049902e+00	5.969622e+00	5.899232e+00	5.836696e+00	5.779622e+00	5.727342e+00
5.677533e+00	5.653088e+00	5.631877e+00	5.614202e+00	5.584857e+00	5.581407e+00
5.592112e+00	5.593733e+00	5.592854e+00	5.592617e+00	5.592436e+00	5.592578e+00
7.667509e+00	7.692445e+00	7.699377e+00	7.675349e+00	7.625997e+00	7.481892e+00
7.301959e+00	7.120563e+00	6.945374e+00	6.779443e+00	6.626296e+00	6.486401e+00
6.358473e+00	6.240894e+00	6.134030e+00	6.037753e+00	5.951565e+00	5.874571e+00
5.806163e+00	5.743190e+00	5.683169e+00	5.653556e+00	5.623885e+00	5.601187e+00
5.576507e+00	5.570978e+00	5.569656e+00	5.569639e+00	5.569052e+00	5.568931e+00
5.568900e+00	5.568988e+00	8.219801e+00	8.144525e+00	8.068238e+00	7.985064e+00
7.895719e+00	7.708058e+00	7.513630e+00	7.323050e+00	7.138530e+00	6.960591e+00
6.790297e+00	6.628406e+00	6.475306e+00	6.331295e+00	6.197518e+00	6.075382e+00
5.965638e+00	5.869753e+00	5.790829e+00	5.721203e+00	5.658408e+00	5.630929e+00
5.605497e+00	5.585168e+00	5.540052e+00	5.518515e+00	5.520643e+00	5.523028e+00
5.520667e+00	5.519656e+00	5.521149e+00	5.520516e+00	8.629765e+00	8.535479e+00
8.433052e+00	8.321081e+00	8.204318e+00	7.970363e+00	7.738891e+00	7.515712e+00
7.301967e+00	7.097817e+00	6.904017e+00	6.721723e+00	6.550241e+00	6.387529e+00
6.235981e+00	6.097230e+00	5.971734e+00	5.862455e+00	5.768334e+00	5.686018e+00
5.613526e+00	5.583826e+00	5.560466e+00	5.541380e+00	5.480722e+00	5.451274e+00
5.449675e+00	5.452538e+00	5.449432e+00	5.448043e+00	5.450326e+00	5.449307e+00
8.878050e+00	8.840535e+00	8.782648e+00	8.689637e+00	8.569102e+00	8.285498e+00
7.978191e+00	7.689767e+00	7.425955e+00	7.185416e+00	6.966569e+00	6.767575e+00
6.583993e+00	6.412613e+00	6.253503e+00	6.107566e+00	5.974030e+00	5.851095e+00
5.737301e+00	5.632439e+00	5.533597e+00	5.483801e+00	5.432595e+00	5.396310e+00
5.382529e+00	5.373037e+00	5.343604e+00	5.339413e+00	5.339723e+00	5.339943e+00
5.340123e+00	5.340073e+00	9.224701e+00	9.178049e+00	9.105057e+00	8.990461e+00
8.844188e+00	8.505148e+00	8.145211e+00	7.814792e+00	7.519618e+00	7.254620e+00
7.009693e+00	6.786880e+00	6.581883e+00	6.400612e+00	6.230264e+00	6.073109e+00
5.928880e+00	5.788883e+00	5.655013e+00	5.531529e+00	5.415693e+00	5.356510e+00
5.294891e+00	5.251037e+00	5.239985e+00	5.234679e+00	5.199207e+00	5.193613e+00
5.194497e+00	5.195031e+00	5.194747e+00	5.194837e+00	9.616449e+00	9.521424e+00
9.406127e+00	9.255238e+00	9.077044e+00	8.683767e+00	8.280452e+00	7.915379e+00
7.592690e+00	7.305308e+00	7.039861e+00	6.798833e+00	6.575886e+00	6.370629e+00
6.176124e+00	5.995976e+00	5.830274e+00	5.674576e+00	5.527685e+00	5.391915e+00
5.265540e+00	5.202538e+00	5.138316e+00	5.090671e+00	5.061492e+00	5.050797e+00
5.024495e+00	5.020644e+00	5.020630e+00	5.020809e+00	5.020825e+00	5.020660e+00
1.000955e+01	9.838813e+00	9.655807e+00	9.453295e+00	9.238060e+00	8.799596e+00
8.374785e+00	7.982776e+00	7.627330e+00	7.310458e+00	7.034830e+00	6.783487e+00
6.546459e+00	6.316097e+00	6.100701e+00	5.901393e+00	5.717850e+00	5.546890e+00
5.386496e+00	5.235776e+00	5.091939e+00	5.021343e+00	4.952474e+00	4.901571e+00
4.857287e+00	4.843372e+00	4.825761e+00	4.823560e+00	4.822838e+00	4.822791e+00
4.822755e+00	4.822496e+00	1.039238e+01	1.012453e+01	9.860220e+00	9.601955e+00
9.351144e+00	8.875665e+00	8.436825e+00	8.025147e+00	7.644147e+00	7.297852e+00
6.986137e+00	6.700820e+00	6.439244e+00	6.197885e+00	5.972904e+00	5.761370e+00
5.564355e+00	5.381141e+00	5.210007e+00	5.043722e+00	4.876881e+00	4.796255e+00
4.722804e+00	4.670349e+00	4.609090e+00	4.591906e+00	4.586337e+00	4.586472e+00
4.584881e+00	4.584576e+00	4.584307e+00	4.584024e+00	1.064962e+01	1.035056e+01
1.005377e+01	9.763262e+00	9.481954e+00	8.951553e+00	8.450739e+00	8.013258e+00
7.618496e+00	7.252697e+00	6.913249e+00	6.607242e+00	6.327580e+00	6.068705e+00
5.826582e+00	5.598755e+00	5.386069e+00	5.187640e+00	5.001065e+00	4.819874e+00
4.639917e+00	4.553510e+00	4.474424e+00	4.416380e+00	4.345179e+00	4.327221e+00
4.325400e+00	4.326056e+00	4.324198e+00	4.323814e+00	4.323487e+00	4.323034e+00
1.085515e+01	1.054590e+01	1.023578e+01	9.924312e+00	9.615355e+00	9.021571e+00
8.458058e+00	7.971479e+00	7.540329e+00	7.154561e+00	6.807139e+00	6.493122e+00
6.200322e+00	5.921709e+00	5.658874e+00	5.413368e+00	5.184722e+00	4.970148e+00
4.766005e+00	4.571555e+00	4.385994e+00	4.296837e+00	4.211766e+00	4.145979e+00
4.070207e+00	4.053005e+00	4.049314e+00	4.049262e+00	4.047550e+00	4.047209e+00
4.046946e+00	4.046258e+00	1.105806e+01	1.072085e+01	1.038174e+01	1.004099e+01
9.702861e+00	9.051042e+00	8.457327e+00	7.926551e+00	7.462964e+00	7.055407e+00
6.693479e+00	6.365734e+00	6.057640e+00	5.761573e+00	5.481722e+00	5.221080e+00
4.978278e+00	4.749667e+00	4.531325e+00	4.325215e+00	4.132122e+00	4.039239e+00
3.948508e+00	3.877031e+00	3.799909e+00	3.782683e+00	3.775109e+00	3.774250e+00
3.772695e+00	3.772417e+00	3.772213e+00	3.771512e+00	1.125884e+01	1.087392e+01
1.049277e+01	1.011909e+01	9.754856e+00	9.060702e+00	8.432230e+00	7.874796e+00
7.385669e+00	6.953212e+00	6.566056e+00	6.214532e+00	5.887529e+00	5.578381e+00
5.287632e+00	5.015606e+00	4.761024e+00	4.521018e+00	4.292703e+00	4.076611e+00
3.872953e+00	3.774768e+00	3.678510e+00	3.603907e+00	3.529944e+00	3.511637e+00
3.497005e+00	3.495112e+00	3.493754e+00	3.493574e+00	3.493431e+00	3.492996e+00
1.144367e+01	1.100418e+01	1.057629e+01	1.016911e+01	9.781487e+00	9.058584e+00
8.405804e+00	7.825041e+00	7.310050e+00	6.850677e+00	6.436944e+00	6.061581e+00
5.717129e+00	5.397404e+00	5.098055e+00	4.815956e+00	4.550338e+00	4.299871e+00
4.063257e+00	3.838826e+00	3.626132e+00	3.523809e+00	3.422820e+00	3.344583e+00
3.270803e+00	3.251823e+00	3.233574e+00	3.231184e+00	3.229846e+00	3.229668e+00
3.229580e+00	3.229804e+00	1.159875e+01	1.111139e+01	1.064284e+01	1.020711e+01
9.799999e+00	9.048279e+00	8.376452e+00	7.774170e+00	7.234769e+00	6.750089e+00
6.311950e+00	5.914880e+00	5.553997e+00	5.223480e+00	4.915576e+00	4.624651e+00
4.350067e+00	4.091132e+00	3.847323e+00	3.615622e+00	3.395225e+00	3.289468e+00
3.184406e+00	3.102265e+00	3.025448e+00	3.006025e+00	2.987450e+00	2.985040e+00
2.983536e+00	2.983313e+00	2.983230e+00	2.984319e+00	1.171033e+01	1.119593e+01
1.070293e+01	1.024724e+01	9.822750e+00	9.038727e+00	8.339910e+00	7.715967e+00
7.158028e+00	6.656396e+00	6.201716e+00	5.788388e+00	5.411824e+00	5.066994e+00
4.747666e+00	4.449004e+00	4.169060e+00	3.904790e+00	3.654038e+00	3.415239e+00
3.187779e+00	3.078319e+00	2.969470e+00	2.883752e+00	2.801500e+00	2.781389e+00
2.764318e+00	2.762140e+00	2.760350e+00	2.760115e+00	2.759956e+00	2.761586e+00
1.180408e+01	1.126476e+01	1.074966e+01	1.027648e+01	9.837506e+00	9.025490e+00
8.304123e+00	7.661801e+00	7.087909e+00	6.571904e+00	6.103969e+00	5.678367e+00
5.290503e+00	4.935429e+00	4.607106e+00	4.300809e+00	4.014180e+00	3.743629e+00
3.486420e+00	3.241371e+00	3.006949e+00	2.893581e+00	2.780689e+00	2.691351e+00
2.604090e+00	2.582809e+00	2.566418e+00	2.564503e+00	2.562597e+00	2.562279e+00
2.562206e+00	2.563401e+00	1.188399e+01	1.132136e+01	1.078580e+01	1.029692e+01
9.844678e+00	9.010449e+00	8.270668e+00	7.614106e+00	7.028424e+00	6.502147e+00
6.024966e+00	5.590917e+00	5.195227e+00	4.832736e+00	4.497235e+00	4.183870e+00
3.890281e+00	3.612948e+00	3.348919e+00	3.096644e+00	2.853901e+00	2.735936e+00
2.618806e+00	2.526043e+00	2.433457e+00	2.410662e+00	2.393642e+00	2.391734e+00
2.389791e+00	2.389470e+00	2.389370e+00	2.389431e+00	1.194674e+01	1.136361e+01
1.081040e+01	1.030881e+01	9.847103e+00	8.994842e+00	8.242378e+00	7.576442e+00
6.983448e+00	6.451028e+00	5.968386e+00	5.529318e+00	5.128812e+00	4.761375e+00
4.420453e+00	4.100923e+00	3.800613e+00	3.516353e+00	3.245130e+00	2.984373e+00
2.731380e+00	2.607630e+00	2.485191e+00	2.388287e+00	2.289511e+00	2.264807e+00
2.245846e+00	2.243675e+00	2.241724e+00	2.241474e+00	2.241234e+00	2.239793e+00
1.198799e+01	1.138839e+01	1.082162e+01	1.031143e+01	9.845494e+00	8.982296e+00
8.223713e+00	7.552821e+00	6.955891e+00	6.420163e+00	5.934644e+00	5.492900e+00
5.089605e+00	4.718870e+00	4.373609e+00	4.048414e+00	3.741261e+00	3.449325e+00
3.169488e+00	2.901516e+00	2.637754e+00	2.506901e+00	2.376461e+00	2.272479e+00
2.166487e+00	2.139331e+00	2.117896e+00	2.115456e+00	2.113442e+00	2.113174e+00
2.112924e+00	2.110728e+00	1.201680e+01	1.140513e+01	1.082873e+01	1.031289e+01
9.842554e+00	8.972905e+00	8.210646e+00	7.536563e+00	6.937080e+00	6.399209e+00
5.911837e+00	5.468366e+00	5.063226e+00	4.690226e+00	4.341863e+00	4.012497e+00
3.700194e+00	3.402379e+00	3.115735e+00	2.839452e+00	2.563674e+00	2.424799e+00
2.284630e+00	2.171654e+00	2.057414e+00	2.027805e+00	2.003933e+00	2.001211e+00
1.999053e+00	1.998736e+00	1.998508e+00	1.996255e+00	1.201989e+01	1.140602e+01
1.082808e+01	1.031185e+01	9.840581e+00	8.972347e+00	8.210694e+00	7.536794e+00
6.937271e+00	6.399195e+00	5.911526e+00	5.467694e+00	5.062145e+00	4.688691e+00
4.339821e+00	4.009823e+00	3.696565e+00	3.397172e+00	3.107771e+00	2.815481e+00
2.519325e+00	2.367777e+00	2.213539e+00	2.086553e+00	1.960911e+00	1.929302e+00
1.903342e+00	1.900241e+00	1.897744e+00	1.897371e+00	1.897115e+00	1.896513e+00
1.201427e+01	1.139805e+01	1.081972e+01	1.030615e+01	9.839280e+00	8.976959e+00
8.220996e+00	7.550215e+00	6.952225e+00	6.414641e+00	5.926906e+00	5.482661e+00
5.076519e+00	4.702492e+00	4.353320e+00	4.023095e+00	3.708617e+00	3.405157e+00
3.107501e+00	2.805560e+00	2.493535e+00	2.330511e+00	2.160677e+00	2.017032e+00
1.876988e+00	1.843383e+00	1.815754e+00	1.812259e+00	1.809195e+00	1.808730e+00
1.808468e+00	1.810704e+00	1.199525e+01	1.138169e+01	1.080786e+01	1.030092e+01
9.841459e+00	8.988744e+00	8.239769e+00	7.572419e+00	6.975919e+00	6.439167e+00
5.952631e+00	5.509939e+00	5.105448e+00	4.732876e+00	4.384575e+00	4.054202e+00
3.738029e+00	3.430276e+00	3.123814e+00	2.817295e+00	2.496734e+00	2.325991e+00
2.130414e+00	1.966691e+00	1.805012e+00	1.767524e+00	1.739838e+00	1.736324e+00
1.732019e+00	1.731235e+00	1.731378e+00	1.736632e+00	1.195461e+01	1.135293e+01
1.079071e+01	1.029515e+01	9.846811e+00	9.010598e+00	8.270308e+00	7.607276e+00
7.012705e+00	6.477664e+00	5.994435e+00	5.556470e+00	5.157357e+00	4.789746e+00
4.444457e+00	4.114312e+00	3.796276e+00	3.485875e+00	3.175990e+00	2.856673e+00
2.511597e+00	2.324199e+00	2.108393e+00	1.926204e+00	1.741332e+00	1.699201e+00
1.672157e+00	1.668787e+00	1.662985e+00	1.661790e+00	1.662504e+00	1.670777e+00
1.191395e+01	1.132196e+01	1.077012e+01	1.028620e+01	9.847867e+00	9.029756e+00
8.301257e+00	7.645764e+00	7.055973e+00	6.524725e+00	6.045889e+00	5.612951e+00
5.218981e+00	4.855898e+00	4.513517e+00	4.184079e+00	3.864890e+00	3.552123e+00
3.238133e+00	2.905990e+00	2.534577e+00	2.326922e+00	2.103973e+00	1.902104e+00
1.688401e+00	1.639519e+00	1.613137e+00	1.610117e+00	1.602601e+00	1.600893e+00
1.602310e+00	1.613262e+00	1.187316e+01	1.128698e+01	1.074257e+01	1.026866e+01
9.842010e+00	9.044929e+00	8.332526e+00	7.690524e+00	7.111856e+00	6.589626e+00
6.117842e+00	5.690316e+00	5.300453e+00	4.940472e+00	4.600500e+00	4.272820e+00
3.954443e+00	3.640847e+00	3.322858e+00	2.980180e+00	2.587298e+00	2.363166e+00
2.114993e+00	1.888397e+00	1.645731e+00	1.587957e+00	1.562573e+00	1.560212e+00
1.550771e+00	1.548421e+00	1.550715e+00	1.564044e+00	1.182850e+01	1.125067e+01
1.071630e+01	1.025507e+01	9.842266e+00	9.066544e+00	8.370983e+00	7.742169e+00
7.173702e+00	6.659265e+00	6.193370e+00	5.770397e+00	5.384378e+00	5.028275e+00
4.693063e+00	4.371131e+00	4.058112e+00	3.747024e+00	3.426194e+00	3.073248e+00
2.657922e+00	2.414410e+00	2.135232e+00	1.882351e+00	1.609395e+00	1.549093e+00
1.520268e+00	1.516843e+00	1.506063e+00	1.503591e+00	1.505908e+00	1.521116e+00
1.177867e+01	1.121143e+01	1.068928e+01	1.024273e+01	9.844433e+00	9.092860e+00
8.414800e+00	7.799207e+00	7.240686e+00	6.733776e+00	6.273816e+00	5.855805e+00
5.474419e+00	5.123436e+00	4.794791e+00	4.481014e+00	4.176038e+00	3.869732e+00
3.547517e+00	3.185698e+00	2.748947e+00	2.484953e+00	2.172396e+00	1.881805e+00
1.581032e+00	1.518132e+00	1.484837e+00	1.480009e+00	1.467919e+00	1.465403e+00
1.467667e+00	1.483754e+00	1.172349e+01	1.116667e+01	1.065678e+01	1.022541e+01
9.842740e+00	9.115178e+00	8.456117e+00	7.855728e+00	7.309648e+00	6.813256e+00
6.362688e+00	5.953215e+00	5.579601e+00	5.235586e+00	4.912978e+00	4.604090e+00
4.302776e+00	3.998507e+00	3.675467e+00	3.306771e+00	2.850907e+00	2.568751e+00
2.227713e+00	1.905675e+00	1.564141e+00	1.490570e+00	1.454368e+00	1.449531e+00
1.435873e+00	1.432937e+00	1.436089e+00	1.451172e+00	1.166958e+01	1.112265e+01
1.062485e+01	1.020879e+01	9.841756e+00	9.138484e+00	8.499182e+00	7.915029e+00
7.382510e+00	6.897684e+00	6.457346e+00	6.057063e+00	5.691786e+00	5.355362e+00
5.039625e+00	4.736809e+00	4.440523e+00	4.139732e+00	3.817249e+00	3.442962e+00
2.968776e+00	2.668230e+00	2.297553e+00	1.942015e+00	1.558772e+00	1.471121e+00
1.426743e+00	1.421949e+00	1.409419e+00	1.406790e+00	1.411076e+00	1.423047e+00
1.161369e+01	1.107709e+01	1.059164e+01	1.019108e+01	9.840008e+00	9.160755e+00
8.541659e+00	7.974357e+00	7.456075e+00	6.983557e+00	6.554194e+00	6.163859e+00
5.807680e+00	5.479636e+00	5.171575e+00	4.875675e+00	4.585335e+00	4.289044e+00
3.968368e+00	3.590207e+00	3.099677e+00	2.781290e+00	2.380397e+00	1.989185e+00
1.558512e+00	1.458463e+00	1.403794e+00	1.398612e+00	1.386652e+00	1.384099e+00
1.388866e+00	1.398418e+00	1.155923e+01	1.103244e+01	1.055864e+01	1.017273e+01
9.836428e+00	9.180869e+00	8.581897e+00	8.031904e+00	7.528592e+00	7.069280e+00
6.651799e+00	6.272310e+00	5.926094e+00	5.607272e+00	5.307646e+00	5.019368e+00
4.735778e+00	4.445090e+00	4.128008e+00	3.748929e+00	3.246126e+00	2.911598e+00
2.480610e+00	2.051192e+00	1.567765e+00	1.451940e+00	1.386514e+00	1.380275e+00
1.367468e+00	1.364768e+00	1.368908e+00	1.377396e+00	1.152914e+01	1.100536e+01
1.053680e+01	1.015953e+01	9.833670e+00	9.196209e+00	8.614971e+00	8.082389e+00
7.595775e+00	7.152018e+00	6.748533e+00	6.381519e+00	6.046385e+00	5.737240e+00
5.445730e+00	5.164065e+00	4.886311e+00	4.601862e+00	4.291810e+00	3.917979e+00
3.409989e+00	3.060921e+00	2.597240e+00	2.126305e+00	1.585938e+00	1.452823e+00
1.375977e+00	1.367398e+00	1.350742e+00	1.348813e+00	1.349447e+00	1.359024e+00
1.150428e+01	1.098264e+01	1.051828e+01	1.014840e+01	9.831581e+00	9.210612e+00
8.646253e+00	8.130865e+00	7.661257e+00	7.233664e+00	6.844843e+00	6.490942e+00
6.167474e+00	5.868495e+00	5.585463e+00	5.310670e+00	5.039135e+00	4.761893e+00
4.460900e+00	4.095587e+00	3.586615e+00	3.224691e+00	2.728318e+00	2.214521e+00
1.614136e+00	1.455232e+00	1.367721e+00	1.356687e+00	1.335911e+00	1.334782e+00
1.331681e+00	1.342566e+00	1.147325e+01	1.095693e+01	1.049951e+01	1.013918e+01
9.832077e+00	9.229067e+00	8.681871e+00	8.182810e+00	7.728631e+00	7.315440e+00
6.939819e+00	6.598065e+00	6.285856e+00	5.997351e+00	5.724006e+00	5.458181e+00
5.195307e+00	4.927111e+00	4.635568e+00	4.277721e+00	3.767199e+00	3.394967e+00
2.872920e+00	2.320280e+00	1.650568e+00	1.462081e+00	1.360456e+00	1.347190e+00
1.323947e+00	1.322704e+00	1.318665e+00	1.328778e+00	1.143592e+01	1.092868e+01
1.048091e+01	1.013161e+01	9.835933e+00	9.252187e+00	8.721631e+00	8.237501e+00
7.796847e+00	7.396125e+00	7.032176e+00	6.701572e+00	6.400189e+00	6.122424e+00
5.859911e+00	5.605099e+00	5.353353e+00	5.096121e+00	4.814555e+00	4.463633e+00
3.952261e+00	3.573341e+00	3.034935e+00	2.450958e+00	1.703591e+00	1.484270e+00
1.354562e+00	1.338940e+00	1.314468e+00	1.312608e+00	1.309057e+00	1.317372e+00
1.138717e+01	1.089275e+01	1.045806e+01	1.012255e+01	9.840054e+00	9.276952e+00
8.762844e+00	8.292010e+00	7.862392e+00	7.471535e+00	7.117353e+00	6.796807e+00
6.505993e+00	6.239502e+00	5.989145e+00	5.747262e+00	5.508612e+00	5.263299e+00
4.991489e+00	4.648825e+00	4.142040e+00	3.760078e+00	3.207655e+00	2.591373e+00
1.766127e+00	1.516999e+00	1.351144e+00	1.329533e+00	1.306946e+00	1.304623e+00
1.300780e+00	1.307154e+00	1.133271e+01	1.085348e+01	1.043391e+01	1.011343e+01
9.844990e+00	9.302981e+00	8.804844e+00	8.346133e+00	7.926041e+00	7.543595e+00
7.198145e+00	6.887067e+00	6.606686e+00	6.351800e+00	6.114442e+00	5.886803e+00
5.662745e+00	5.430355e+00	5.168623e+00	4.835502e+00	4.337482e+00	3.955704e+00
3.392406e+00	2.744258e+00	1.839989e+00	1.564029e+00	1.348630e+00	1.320208e+00
1.300530e+00	1.297801e+00	1.293417e+00	1.297864e+00	1.130359e+01	1.083286e+01
1.042256e+01	1.011120e+01	9.851252e+00	9.326118e+00	8.841363e+00	8.394006e+00
7.983831e+00	7.610649e+00	7.274574e+00	6.973318e+00	6.703411e+00	6.459884e+00
6.234953e+00	6.020818e+00	5.810950e+00	5.592352e+00	5.343433e+00	5.023658e+00
4.538642e+00	4.159432e+00	3.587885e+00	2.910186e+00	1.923953e+00	1.615614e+00
1.348786e+00	1.317098e+00	1.294670e+00	1.291661e+00	1.286148e+00	1.290126e+00
1.129130e+01	1.082439e+01	1.041874e+01	1.011357e+01	9.860316e+00	9.346164e+00
8.871999e+00	8.435011e+00	8.035003e+00	7.671928e+00	7.345915e+00	7.054856e+00
6.795394e+00	6.562763e+00	6.349246e+00	6.147214e+00	5.950461e+00	5.746274e+00
5.513501e+00	5.212130e+00	4.745677e+00	4.371787e+00	3.794729e+00	3.091424e+00
2.023371e+00	1.674251e+00	1.357397e+00	1.316618e+00	1.289385e+00	1.286320e+00
1.278751e+00	1.283985e+00	1.128323e+01	1.081815e+01	1.041544e+01	1.011470e+01
9.866027e+00	9.360632e+00	8.895873e+00	8.468669e+00	8.078537e+00	7.725132e+00
7.408333e+00	7.126346e+00	6.876373e+00	6.654318e+00	6.453367e+00	6.266255e+00
6.085887e+00	5.897360e+00	5.677893e+00	5.388921e+00	4.938009e+00	4.576496e+00
4.015223e+00	3.303668e+00	2.134805e+00	1.733608e+00	1.367665e+00	1.318134e+00
1.284766e+00	1.280295e+00	1.274585e+00	1.278189e+00	1.127686e+01	1.081442e+01
1.041412e+01	1.011604e+01	9.871328e+00	9.373223e+00	8.916139e+00	8.497358e+00
8.116193e+00	7.771850e+00	7.463802e+00	7.190412e+00	6.949354e+00	6.737223e+00
6.548464e+00	6.376486e+00	6.213341e+00	6.041722e+00	5.836559e+00	5.559680e+00
5.123601e+00	4.777072e+00	4.242167e+00	3.536301e+00	2.262796e+00	1.799726e+00
1.380079e+00	1.323203e+00	1.281044e+00	1.274889e+00	1.271614e+00	1.273082e+00
1.127025e+01	1.081299e+01	1.041763e+01	1.012394e+01	9.882272e+00	9.389458e+00
8.937508e+00	8.525025e+00	8.151269e+00	7.815172e+00	7.515907e+00	7.251571e+00
7.019556e+00	6.816493e+00	6.637447e+00	6.476666e+00	6.327172e+00	6.173027e+00
5.989753e+00	5.736450e+00	5.321843e+00	4.985389e+00	4.461051e+00	3.754546e+00
2.412405e+00	1.889066e+00	1.395716e+00	1.327987e+00	1.278444e+00	1.272051e+00
1.267501e+00	1.269148e+00	1.126433e+01	1.081085e+01	1.041864e+01	1.012778e+01
9.889442e+00	9.404235e+00	8.959735e+00	8.553947e+00	8.186335e+00	7.856227e+00
7.563204e+00	7.305757e+00	7.081755e+00	6.888094e+00	6.719617e+00	6.570458e+00
6.433927e+00	6.294536e+00	6.129123e+00	5.899763e+00	5.517816e+00	5.199433e+00
4.687251e+00	3.975116e+00	2.569210e+00	1.996088e+00	1.418108e+00	1.334198e+00
1.276140e+00	1.270824e+00	1.262304e+00	1.265619e+00	1.126494e+01	1.081236e+01
1.042201e+01	1.013325e+01	9.896843e+00	9.416167e+00	8.977066e+00	8.577232e+00
8.215867e+00	7.892110e+00	7.605414e+00	7.354520e+00	7.137617e+00	6.951764e+00
6.791644e+00	6.651816e+00	6.527469e+00	6.406525e+00	6.267128e+00	6.065255e+00
5.707753e+00	5.403463e+00	4.910604e+00	4.206966e+00	2.741852e+00	2.114027e+00
1.443653e+00	1.342896e+00	1.275528e+00	1.269094e+00	1.259739e+00	1.262715e+00
1.127603e+01	1.082299e+01	1.043171e+01	1.014187e+01	9.904958e+00	9.425439e+00
8.989495e+00	8.594518e+00	8.239169e+00	7.921938e+00	7.641576e+00	7.396804e+00
7.185873e+00	7.005955e+00	6.851922e+00	6.719367e+00	6.606510e+00	6.507176e+00
6.401496e+00	6.230073e+00	5.886327e+00	5.590754e+00	5.124987e+00	4.449518e+00
2.934793e+00	2.242484e+00	1.472769e+00	1.356704e+00	1.275930e+00	1.266715e+00
1.258899e+00	1.260458e+00	1.126915e+01	1.081924e+01	1.043204e+01	1.014572e+01
9.911204e+00	9.436306e+00	9.004764e+00	8.614107e+00	8.262845e+00	7.949424e+00
7.672654e+00	7.431661e+00	7.225290e+00	7.051484e+00	6.906129e+00	6.785414e+00
6.686875e+00	6.602372e+00	6.511456e+00	6.361993e+00	6.053577e+00	5.779449e+00
5.337885e+00	4.683154e+00	3.141717e+00	2.384301e+00	1.509457e+00	1.375530e+00
1.277117e+00	1.266670e+00	1.255826e+00	1.258478e+00	1.125580e+01	1.081314e+01
1.043223e+01	1.014890e+01	9.917127e+00	9.447712e+00	9.020609e+00	8.633575e+00
8.285354e+00	7.974705e+00	7.700723e+00	7.462917e+00	7.260676e+00	7.092760e+00
6.956276e+00	6.848036e+00	6.764002e+00	6.691965e+00	6.611084e+00	6.481759e+00
6.214730e+00	5.966695e+00	5.549733e+00	4.916084e+00	3.362416e+00	2.538946e+00
1.552403e+00	1.398758e+00	1.279272e+00	1.266648e+00	1.251837e+00	1.256697e+00
1.124556e+01	1.081113e+01	1.043415e+01	1.015469e+01	9.925095e+00	9.459441e+00
9.034978e+00	8.650175e+00	8.304149e+00	7.996115e+00	7.725490e+00	7.491768e+00
7.294175e+00	7.131634e+00	7.001959e+00	6.902481e+00	6.829234e+00	6.769768e+00
6.704251e+00	6.598579e+00	6.368692e+00	6.143912e+00	5.753987e+00	5.148627e+00
3.593263e+00	2.706999e+00	1.601746e+00	1.425734e+00	1.282384e+00	1.266873e+00
1.249757e+00	1.255168e+00	1.123668e+01	1.081048e+01	1.044068e+01	1.016357e+01
9.934570e+00	9.470757e+00	9.047534e+00	8.664005e+00	8.319577e+00	8.013911e+00
7.746770e+00	7.517463e+00	7.324644e+00	7.166893e+00	7.042309e+00	6.948734e+00
6.883386e+00	6.835890e+00	6.788724e+00	6.708717e+00	6.512407e+00	6.308818e+00
5.947479e+00	5.375622e+00	3.831985e+00	2.891282e+00	1.660986e+00	1.458821e+00
1.287690e+00	1.268165e+00	1.248681e+00	1.253882e+00	1.122673e+01	1.080917e+01
1.044534e+01	1.016930e+01	9.939223e+00	9.476348e+00	9.054873e+00	8.673597e+00
8.331722e+00	8.028849e+00	7.764706e+00	7.538664e+00	7.349484e+00	7.195702e+00
7.075026e+00	6.985540e+00	6.926342e+00	6.890876e+00	6.864240e+00	6.809193e+00
6.642285e+00	6.460157e+00	6.128941e+00	5.587486e+00	4.064844e+00	3.096317e+00
1.729374e+00	1.495265e+00	1.294059e+00	1.270638e+00	1.248920e+00	1.252765e+00
1.121580e+01	1.080713e+01	1.044939e+01	1.017388e+01	9.942419e+00	9.480166e+00
9.060286e+00	8.681280e+00	8.342088e+00	8.042039e+00	7.780613e+00	7.557302e+00
7.371218e+00	7.220941e+00	7.103538e+00	7.017244e+00	6.963245e+00	6.939366e+00
6.933748e+00	6.903133e+00	6.763511e+00	6.602909e+00	6.302790e+00	5.791065e+00
4.297917e+00	3.320942e+00	1.807306e+00	1.535826e+00	1.301820e+00	1.274847e+00
1.249613e+00	1.251765e+00	1.120164e+01	1.080383e+01	1.045244e+01	1.017835e+01
9.945740e+00	9.484367e+00	9.065930e+00	8.688759e+00	8.351672e+00	8.053873e+00
7.794734e+00	7.573833e+00	7.390507e+00	7.243395e+00	7.129304e+00	7.046638e+00
6.997873e+00	6.983487e+00	6.993883e+00	6.984745e+00	6.874415e+00	6.735557e+00
6.464870e+00	5.985904e+00	4.538157e+00	3.550058e+00	1.894616e+00	1.584127e+00
1.311217e+00	1.279420e+00	1.249880e+00	1.250983e+00	1.118083e+01	1.079652e+01
1.045472e+01	1.018279e+01	9.949357e+00	9.489235e+00	9.072029e+00	8.696149e+00
8.360501e+00	8.064328e+00	7.807017e+00	7.588190e+00	7.407261e+00	7.262940e+00
7.152178e+00	7.073609e+00	7.030134e+00	7.022916e+00	7.044009e+00	7.052907e+00
6.973258e+00	6.855907e+00	6.611963e+00	6.168295e+00	4.784425e+00	3.779068e+00
1.995474e+00	1.645763e+00	1.323707e+00	1.284614e+00	1.249905e+00	1.250413e+00
1.116109e+01	1.078926e+01	1.045565e+01	1.018608e+01	9.951353e+00	9.492241e+00
9.076095e+00	8.701405e+00	8.367135e+00	8.072510e+00	7.816944e+00	7.600033e+00
7.421260e+00	7.279355e+00	7.171295e+00	7.095917e+00	7.056753e+00	7.056037e+00
7.088085e+00	7.114685e+00	7.061997e+00	6.964093e+00	6.746490e+00	6.339971e+00
5.028290e+00	4.013657e+00	2.108173e+00	1.715891e+00	1.338389e+00	1.290666e+00
1.250078e+00	1.249845e+00	1.113762e+01	1.077930e+01	1.045532e+01	1.018785e+01
9.952961e+00	9.495272e+00	9.080190e+00	8.706453e+00	8.373096e+00	8.079413e+00
7.825021e+00	7.609577e+00	7.432592e+00	7.292964e+00	7.188058e+00	7.116784e+00
7.082351e+00	7.086163e+00	7.122361e+00	7.159891e+00	7.137577e+00	7.062979e+00
6.872918e+00	6.500067e+00	5.263128e+00	4.253654e+00	2.235369e+00	1.796280e+00
1.355901e+00	1.298002e+00	1.250566e+00	1.249224e+00	1.110254e+01	1.076115e+01
1.044994e+01	1.018843e+01	9.955802e+00	9.501970e+00	9.088093e+00	8.714381e+00
8.380504e+00	8.086362e+00	7.832072e+00	7.617391e+00	7.441725e+00	7.304429e+00
7.204210e+00	7.140328e+00	7.113110e+00	7.117360e+00	7.145086e+00	7.183846e+00
7.197848e+00	7.155948e+00	6.997366e+00	6.649393e+00	5.481474e+00	4.498518e+00
2.379876e+00	1.888170e+00	1.376737e+00	1.307164e+00	1.251228e+00	1.248573e+00
1.108834e+01	1.075555e+01	1.045069e+01	1.019053e+01	9.957394e+00	9.504345e+00
9.091291e+00	8.718418e+00	8.385405e+00	8.092132e+00	7.838770e+00	7.625124e+00
7.450709e+00	7.314961e+00	7.216686e+00	7.155216e+00	7.131086e+00	7.139524e+00
7.173199e+00	7.221739e+00	7.255144e+00	7.231088e+00	7.102531e+00	6.792610e+00
5.692775e+00	4.739428e+00	2.543386e+00	1.992421e+00	1.401337e+00	1.317575e+00
1.253356e+00	1.248322e+00	1.107871e+01	1.075326e+01	1.045266e+01	1.019405e+01
9.959965e+00	9.507562e+00	9.095217e+00	8.723094e+00	8.390893e+00	8.098445e+00
7.845899e+00	7.633120e+00	7.459787e+00	7.325392e+00	7.228648e+00	7.168964e+00
7.147284e+00	7.159639e+00	7.200057e+00	7.258592e+00	7.307165e+00	7.298029e+00
7.198608e+00	6.928372e+00	5.896916e+00	4.979055e+00	2.723204e+00	2.108678e+00
1.429755e+00	1.329904e+00	1.256111e+00	1.248287e+00	1.107136e+01	1.075230e+01
1.045624e+01	1.019839e+01	9.963810e+00	9.511826e+00	9.100009e+00	8.728470e+00
8.396859e+00	8.104985e+00	7.852988e+00	7.640829e+00	7.468337e+00	7.335092e+00
7.239764e+00	7.181813e+00	7.162380e+00	7.177883e+00	7.223041e+00	7.289343e+00
7.352135e+00	7.356636e+00	7.284052e+00	7.051799e+00	6.090801e+00	5.213518e+00
2.918812e+00	2.239266e+00	1.463852e+00	1.345340e+00	1.259634e+00	1.248402e+00
1.106070e+01	1.074770e+01	1.045528e+01	1.019815e+01	9.963161e+00	9.511631e+00
9.100416e+00	8.729512e+00	8.398543e+00	8.107367e+00	7.856162e+00	7.644776e+00
7.472908e+00	7.340201e+00	7.245828e+00	7.189618e+00	7.172598e+00	7.190778e+00
7.239167e+00	7.312167e+00	7.389118e+00	7.405235e+00	7.352186e+00	7.154533e+00
6.284192e+00	5.441932e+00	3.118806e+00	2.381649e+00	1.504386e+00	1.362768e+00
1.267575e+00	1.248262e+00	1.104963e+01	1.074174e+01	1.045383e+01	1.019777e+01
9.962176e+00	9.511336e+00	9.100673e+00	8.730223e+00	8.399753e+00	8.109151e+00
7.858633e+00	7.647937e+00	7.476596e+00	7.344302e+00	7.250727e+00	7.196084e+00
7.181286e+00	7.201846e+00	7.252938e+00	7.331877e+00	7.422090e+00	7.448912e+00
7.412865e+00	7.247072e+00	6.472782e+00	5.669710e+00	3.328709e+00	2.535782e+00
1.550527e+00	1.382941e+00	1.277981e+00	1.248048e+00	1.104242e+01	1.073983e+01
1.045434e+01	1.019867e+01	9.962842e+00	9.512174e+00	9.102017e+00	8.732151e+00
8.402202e+00	8.112138e+00	7.862194e+00	7.652071e+00	7.481220e+00	7.349408e+00
7.256642e+00	7.203361e+00	7.190397e+00	7.213027e+00	7.266609e+00	7.350315e+00
7.451957e+00	7.489608e+00	7.470068e+00	7.329263e+00	6.639958e+00	5.901211e+00
3.553941e+00	2.700791e+00	1.602802e+00	1.409683e+00	1.285833e+00	1.248024e+00
1.103749e+01	1.073921e+01	1.045713e+01	1.020238e+01	9.966026e+00	9.515603e+00
9.105515e+00	8.735759e+00	8.405992e+00	8.116170e+00	7.866496e+00	7.656727e+00
7.486318e+00	7.355085e+00	7.263093e+00	7.210843e+00	7.199215e+00	7.223567e+00
7.279457e+00	7.366924e+00	7.477878e+00	7.525547e+00	7.521839e+00	7.401308e+00
6.785821e+00	6.127823e+00	3.794378e+00	2.879155e+00	1.664039e+00	1.446252e+00
1.292104e+00	1.248065e+00	1.103189e+01	1.073776e+01	1.045809e+01	1.020416e+01
9.967471e+00	9.517233e+00	9.107249e+00	8.737621e+00	8.408019e+00	8.118351e+00
7.868816e+00	7.659310e+00	7.489515e+00	7.359226e+00	7.268072e+00	7.216345e+00
7.205280e+00	7.231109e+00	7.290080e+00	7.381771e+00	7.497211e+00	7.549842e+00
7.564876e+00	7.475797e+00	6.915505e+00	6.307383e+00	4.051845e+00	3.081026e+00
1.732936e+00	1.484280e+00	1.298299e+00	1.248039e+00	1.102612e+01	1.073556e+01
1.045868e+01	1.020540e+01	9.968466e+00	9.518379e+00	9.108482e+00	8.738957e+00
8.409488e+00	8.119931e+00	7.870485e+00	7.661189e+00	7.491978e+00	7.362667e+00
7.272325e+00	7.220920e+00	7.210143e+00	7.237272e+00	7.299420e+00	7.395330e+00
7.513297e+00	7.569103e+00	7.602813e+00	7.549468e+00	7.035082e+00	6.464482e+00
4.324989e+00	3.304243e+00	1.810018e+00	1.525362e+00	1.304535e+00	1.247955e+00
1.102067e+01	1.073336e+01	1.045877e+01	1.020592e+01	9.968703e+00	9.518761e+00
9.109004e+00	8.739652e+00	8.410366e+00	8.121015e+00	7.871786e+00	7.662716e+00
7.493923e+00	7.365236e+00	7.275541e+00	7.224604e+00	7.214382e+00	7.242664e+00
7.306719e+00	7.405814e+00	7.527726e+00	7.587525e+00	7.634355e+00	7.607060e+00
7.150081e+00	6.622558e+00	4.591290e+00	3.531483e+00	1.897296e+00	1.573768e+00
1.313159e+00	1.247879e+00	1.101522e+01	1.073101e+01	1.045845e+01	1.020612e+01
9.968659e+00	9.518846e+00	9.109203e+00	8.740011e+00	8.410904e+00	8.121795e+00
7.872865e+00	7.663947e+00	7.495400e+00	7.367094e+00	7.278057e+00	7.227715e+00
7.218313e+00	7.247682e+00	7.311798e+00	7.412875e+00	7.540271e+00	7.605444e+00
7.660017e+00	7.649060e+00	7.259436e+00	6.782202e+00	4.842771e+00	3.757901e+00
1.999598e+00	1.634387e+00	1.327066e+00	1.247815e+00	1.101910e+01	1.073369e+01
1.045967e+01	1.020597e+01	9.967236e+00	9.516393e+00	9.106706e+00	8.737940e+00
8.409515e+00	8.121168e+00	7.872911e+00	7.664755e+00	7.496625e+00	7.368136e+00
7.277785e+00	7.225648e+00	7.215041e+00	7.246931e+00	7.321155e+00	7.428756e+00
7.553549e+00	7.617190e+00	7.676178e+00	7.682469e+00	7.360353e+00	6.927178e+00
5.084857e+00	3.990749e+00	2.117332e+00	1.704370e+00	1.341953e+00	1.247575e+00
1.102656e+01	1.073856e+01	1.046229e+01	1.020579e+01	9.965108e+00	9.512465e+00
9.102689e+00	8.734583e+00	8.407232e+00	8.120082e+00	7.872874e+00	7.665559e+00
7.497866e+00	7.369081e+00	7.276926e+00	7.221745e+00	7.209002e+00	7.244766e+00
7.331541e+00	7.447019e+00	7.565726e+00	7.626414e+00	7.689096e+00	7.711196e+00
7.449776e+00	7.058383e+00	5.318110e+00	4.227748e+00	2.252156e+00	1.786473e+00
1.358607e+00	1.247319e+00	1.102343e+01	1.073758e+01	1.046267e+01	1.020661e+01
9.965811e+00	9.513386e+00	9.103734e+00	8.735699e+00	8.408407e+00	8.121299e+00
7.874081e+00	7.666766e+00	7.499180e+00	7.370663e+00	7.279156e+00	7.224519e+00
7.212347e+00	7.248713e+00	7.334821e+00	7.451287e+00	7.573344e+00	7.637947e+00
7.706671e+00	7.739660e+00	7.524293e+00	7.178684e+00	5.546024e+00	4.465176e+00
2.401211e+00	1.883296e+00	1.379098e+00	1.247349e+00	1.100608e+01	1.072705e+01
1.045756e+01	1.020488e+01	9.965905e+00	9.515463e+00	9.106225e+00	8.737847e+00
8.409796e+00	8.121844e+00	7.874001e+00	7.666193e+00	7.498567e+00	7.370792e+00
7.281516e+00	7.230690e+00	7.221389e+00	7.254649e+00	7.330124e+00	7.440858e+00
7.576128e+00	7.649653e+00	7.723855e+00	7.763886e+00	7.591894e+00	7.278837e+00
5.762259e+00	4.707056e+00	2.564608e+00	1.993997e+00	1.403815e+00	1.247196e+00
1.099903e+01	1.072266e+01	1.045545e+01	1.020427e+01	9.966194e+00	9.517309e+00
9.108356e+00	8.739798e+00	8.411280e+00	8.122703e+00	7.874233e+00	7.666246e+00
7.498580e+00	7.371168e+00	7.283286e+00	7.234711e+00	7.227690e+00	7.259758e+00
7.328463e+00	7.436562e+00	7.579844e+00	7.661371e+00	7.740381e+00	7.780057e+00
7.639314e+00	7.385521e+00	5.970711e+00	4.933958e+00	2.740894e+00	2.124247e+00
1.429991e+00	1.247157e+00	1.099910e+01	1.072367e+01	1.045715e+01	1.020592e+01
9.967642e+00	9.518533e+00	9.109668e+00	8.741187e+00	8.412801e+00	8.124580e+00
7.876793e+00	7.669210e+00	7.501332e+00	7.373008e+00	7.284388e+00	7.236253e+00
7.230292e+00	7.263316e+00	7.332713e+00	7.440145e+00	7.586721e+00	7.673020e+00
7.756010e+00	7.789453e+00	7.668470e+00	7.507662e+00	6.169776e+00	5.137353e+00
2.930551e+00	2.282350e+00	1.456950e+00	1.247447e+00	