4.781593e-01	4.946601e-01	5.112308e-01	5.277161e-01	5.440561e-01	5.761658e-01
6.073289e-01	6.374267e-01	6.666621e-01	6.956484e-01	7.253564e-01	7.560978e-01
7.875789e-01	8.197295e-01	8.523383e-01	8.850896e-01	9.176330e-01	9.495215e-01
9.788275e-01	9.988673e-01	1.003136e+00	1.003595e+00	1.016987e+00	1.043526e+00
1.075325e+00	1.081960e+00	1.090178e+00	1.091452e+00	1.092124e+00	1.092314e+00
1.092015e+00	1.092294e+00	5.281559e-01	5.456191e-01	5.631347e-01	5.805399e-01
5.977753e-01	6.316080e-01	6.643998e-01	6.960319e-01	7.267140e-01	7.570725e-01
7.880951e-01	8.200936e-01	8.527665e-01	8.860492e-01	9.197539e-01	9.535899e-01
9.872118e-01	1.020180e+00	1.050570e+00	1.071688e+00	1.077000e+00	1.077960e+00
1.091877e+00	1.118870e+00	1.151227e+00	1.158033e+00	1.166355e+00	1.167638e+00
1.168323e+00	1.168515e+00	1.168217e+00	1.168497e+00	5.833802e-01	6.018277e-01
6.203084e-01	6.386513e-01	6.567986e-01	6.923852e-01	7.268336e-01	7.600252e-01
7.921752e-01	8.239201e-01	8.562603e-01	8.895058e-01	9.233497e-01	9.577344e-01
9.925016e-01	1.027392e+00	1.062066e+00	1.096096e+00	1.127570e+00	1.149818e+00
1.156303e+00	1.157834e+00	1.172283e+00	1.199653e+00	1.232485e+00	1.239454e+00
1.247855e+00	1.249141e+00	1.249838e+00	1.250031e+00	1.249738e+00	1.250015e+00
6.443788e-01	6.638268e-01	6.832867e-01	7.025797e-01	7.216497e-01	7.590108e-01
7.951344e-01	8.299021e-01	8.635332e-01	8.966703e-01	9.303213e-01	9.647931e-01
9.997750e-01	1.035219e+00	1.071003e+00	1.106905e+00	1.142597e+00	1.177662e+00
1.210214e+00	1.233644e+00	1.241446e+00	1.243627e+00	1.258609e+00	1.286269e+00
1.319480e+00	1.326599e+00	1.335050e+00	1.336334e+00	1.337041e+00	1.337234e+00
1.336946e+00	1.337220e+00	7.117554e-01	7.322129e-01	7.526590e-01	7.729071e-01
7.929041e-01	8.320474e-01	8.698534e-01	9.062035e-01	9.413189e-01	9.758441e-01
1.010788e+00	1.046453e+00	1.082526e+00	1.118973e+00	1.155714e+00	1.192572e+00
1.229233e+00	1.265297e+00	1.298916e+00	1.323581e+00	1.332858e+00	1.335777e+00
1.351292e+00	1.379139e+00	1.412615e+00	1.419872e+00	1.428338e+00	1.429613e+00
1.430328e+00	1.430521e+00	1.430241e+00	1.430510e+00	7.861769e-01	8.076441e-01
8.290746e-01	8.502743e-01	8.711940e-01	9.121121e-01	9.515938e-01	9.895201e-01
1.026111e+00	1.062009e+00	1.098215e+00	1.135024e+00	1.172126e+00	1.209503e+00
1.247125e+00	1.284870e+00	1.322439e+00	1.359454e+00	1.394118e+00	1.420074e+00
1.431000e+00	1.434756e+00	1.450801e+00	1.478714e+00	1.512324e+00	1.519703e+00
1.528144e+00	1.529403e+00	1.530123e+00	1.530315e+00	1.530046e+00	1.530307e+00
8.683800e-01	8.908460e-01	9.132484e-01	9.353859e-01	9.572142e-01	9.998812e-01
1.041015e+00	1.080497e+00	1.118542e+00	1.155782e+00	1.193203e+00	1.231092e+00
1.269143e+00	1.307357e+00	1.345766e+00	1.384311e+00	1.422712e+00	1.460617e+00
1.496299e+00	1.523603e+00	1.536370e+00	1.541068e+00	1.557637e+00	1.585478e+00
1.619071e+00	1.626553e+00	1.634924e+00	1.636158e+00	1.636881e+00	1.637071e+00
1.636815e+00	1.637067e+00	9.591783e-01	9.826192e-01	1.005968e+00	1.029017e+00
1.051728e+00	1.096096e+00	1.138840e+00	1.179838e+00	1.219299e+00	1.257834e+00
1.296408e+00	1.335291e+00	1.374189e+00	1.413128e+00	1.452210e+00	1.491447e+00
1.530588e+00	1.569308e+00	1.605969e+00	1.634679e+00	1.649498e+00	1.655258e+00
1.672341e+00	1.699951e+00	1.733353e+00	1.740915e+00	1.749166e+00	1.750365e+00
1.751088e+00	1.751274e+00	1.751034e+00	1.751274e+00	1.059471e+00	1.083847e+00
1.108102e+00	1.132021e+00	1.155574e+00	1.201569e+00	1.245857e+00	1.288313e+00
1.329131e+00	1.368898e+00	1.408538e+00	1.448309e+00	1.487930e+00	1.527456e+00
1.567072e+00	1.606876e+00	1.646643e+00	1.686088e+00	1.723676e+00	1.753853e+00
1.770956e+00	1.777909e+00	1.795491e+00	1.822689e+00	1.855701e+00	1.863318e+00
1.871390e+00	1.872545e+00	1.873264e+00	1.873445e+00	1.873225e+00	1.873449e+00
1.170249e+00	1.195502e+00	1.220604e+00	1.245335e+00	1.269673e+00	1.317191e+00
1.362931e+00	1.406760e+00	1.448857e+00	1.489768e+00	1.530368e+00	1.570893e+00
1.611086e+00	1.651034e+00	1.691019e+00	1.731238e+00	1.771499e+00	1.811557e+00
1.850012e+00	1.881715e+00	1.901357e+00	1.909648e+00	1.927710e+00	1.954288e+00
1.986685e+00	1.994328e+00	2.002155e+00	2.003252e+00	2.003963e+00	2.004138e+00
2.003942e+00	2.004148e+00	1.292611e+00	1.318661e+00	1.344529e+00	1.369991e+00
1.395038e+00	1.443939e+00	1.491006e+00	1.536098e+00	1.579368e+00	1.621311e+00
1.662735e+00	1.703853e+00	1.744435e+00	1.784610e+00	1.824770e+00	1.865224e+00
1.905821e+00	1.946364e+00	1.985606e+00	2.018898e+00	2.041360e+00	2.051149e+00
2.069666e+00	2.095389e+00	2.126914e+00	2.134548e+00	2.142057e+00	2.143083e+00
2.143782e+00	2.143948e+00	2.143780e+00	2.143964e+00	1.427767e+00	1.454507e+00
1.481036e+00	1.507126e+00	1.532782e+00	1.582884e+00	1.631116e+00	1.677327e+00
1.721635e+00	1.764469e+00	1.806551e+00	1.848066e+00	1.888821e+00	1.928993e+00
1.969100e+00	2.009581e+00	2.050329e+00	2.091202e+00	2.131139e+00	2.166083e+00
2.191673e+00	2.203135e+00	2.222075e+00	2.246678e+00	2.277042e+00	2.284628e+00
2.291735e+00	2.292675e+00	2.293356e+00	2.293511e+00	2.293377e+00	2.293535e+00
1.577056e+00	1.604347e+00	1.631402e+00	1.657988e+00	1.684126e+00	1.735199e+00
1.784392e+00	1.831541e+00	1.876717e+00	1.920268e+00	1.962806e+00	2.004485e+00
2.045158e+00	2.085057e+00	2.124845e+00	2.165109e+00	2.205793e+00	2.246818e+00
2.287339e+00	2.323998e+00	2.353053e+00	2.366383e+00	2.385707e+00	2.408890e+00
2.437766e+00	2.445259e+00	2.451872e+00	2.452708e+00	2.453366e+00	2.453508e+00
2.453412e+00	2.453540e+00	1.741953e+00	1.769624e+00	1.797034e+00	1.823950e+00
1.850413e+00	1.902170e+00	1.952072e+00	1.999934e+00	2.045769e+00	2.089823e+00
2.132576e+00	2.174144e+00	2.214435e+00	2.253747e+00	2.292910e+00	2.332675e+00
2.373046e+00	2.414014e+00	2.454987e+00	2.493426e+00	2.526316e+00	2.541726e+00
2.561390e+00	2.582814e+00	2.609835e+00	2.617185e+00	2.623199e+00	2.623912e+00
2.624540e+00	2.624667e+00	2.624616e+00	2.624707e+00	1.924093e+00	1.951927e+00
1.979482e+00	2.006526e+00	2.033120e+00	2.085209e+00	2.135509e+00	2.183808e+00
2.230049e+00	2.274349e+00	2.317030e+00	2.358162e+00	2.397723e+00	2.436085e+00
2.474267e+00	2.513209e+00	2.552980e+00	2.593652e+00	2.634923e+00	2.675205e+00
2.712337e+00	2.730063e+00	2.750009e+00	2.769295e+00	2.794049e+00	2.801198e+00
2.806497e+00	2.807067e+00	2.807657e+00	2.807766e+00	2.807766e+00	2.807816e+00
2.126965e+00	2.154534e+00	2.181825e+00	2.208616e+00	2.234996e+00	2.286828e+00
2.337069e+00	2.385469e+00	2.431872e+00	2.476220e+00	2.518615e+00	2.559064e+00
2.597629e+00	2.634763e+00	2.671693e+00	2.709570e+00	2.748525e+00	2.788712e+00
2.830192e+00	2.872638e+00	2.915058e+00	2.935705e+00	2.955966e+00	2.972467e+00
2.994268e+00	3.001148e+00	3.005530e+00	3.005917e+00	3.006459e+00	3.006544e+00
3.006610e+00	3.006606e+00	2.349865e+00	2.376944e+00	2.403748e+00	2.430065e+00
2.456010e+00	2.507167e+00	2.556946e+00	2.605049e+00	2.651209e+00	2.695173e+00
2.736804e+00	2.776045e+00	2.813057e+00	2.848390e+00	2.883514e+00	2.919813e+00
2.957502e+00	2.996830e+00	3.038250e+00	3.082759e+00	3.130575e+00	3.154208e+00
3.174642e+00	3.188017e+00	3.206487e+00	3.213026e+00	3.216390e+00	3.216578e+00
3.217064e+00	3.217123e+00	3.217259e+00	3.217198e+00	2.587443e+00	2.614425e+00
2.641097e+00	2.667223e+00	2.692943e+00	2.743645e+00	2.792903e+00	2.840367e+00
2.885666e+00	2.928404e+00	2.968257e+00	3.005139e+00	3.039329e+00	3.071523e+00
3.103519e+00	3.137012e+00	3.172380e+00	3.210063e+00	3.250840e+00	3.296339e+00
3.347180e+00	3.372397e+00	3.392428e+00	3.403217e+00	3.418953e+00	3.425135e+00
3.427684e+00	3.427716e+00	3.428149e+00	3.428194e+00	3.428374e+00	3.428279e+00
2.838404e+00	2.866053e+00	2.893282e+00	2.919771e+00	2.945683e+00	2.996404e+00
3.045114e+00	3.091426e+00	3.134924e+00	3.175212e+00	3.211946e+00	3.245085e+00
3.275049e+00	3.302720e+00	3.330281e+00	3.359772e+00	3.391788e+00	3.426996e+00
3.466358e+00	3.511408e+00	3.562417e+00	3.587628e+00	3.606690e+00	3.615630e+00
3.629323e+00	3.635080e+00	3.637063e+00	3.636997e+00	3.637380e+00	3.637422e+00
3.637615e+00	3.637513e+00	3.099286e+00	3.129805e+00	3.159569e+00	3.188009e+00
3.215327e+00	3.267425e+00	3.315387e+00	3.358803e+00	3.397614e+00	3.432161e+00
3.463089e+00	3.490683e+00	3.515516e+00	3.538581e+00	3.562129e+00	3.588216e+00
3.617335e+00	3.649741e+00	3.685948e+00	3.727421e+00	3.774630e+00	3.798185e+00
3.816203e+00	3.824779e+00	3.836785e+00	3.841429e+00	3.843156e+00	3.843135e+00
3.843444e+00	3.843475e+00	3.843631e+00	3.843553e+00	3.373198e+00	3.408394e+00
3.442318e+00	3.473984e+00	3.503639e+00	3.558028e+00	3.604838e+00	3.643770e+00
3.675477e+00	3.701620e+00	3.724549e+00	3.745040e+00	3.763795e+00	3.781843e+00
3.801282e+00	3.823968e+00	3.850093e+00	3.879127e+00	3.910764e+00	3.946383e+00
3.986941e+00	4.007619e+00	4.024408e+00	4.033503e+00	4.044041e+00	4.047161e+00
4.048825e+00	4.048936e+00	4.049157e+00	4.049174e+00	4.049261e+00	4.049227e+00
3.659813e+00	3.701065e+00	3.740116e+00	3.775274e+00	3.806935e+00	3.861899e+00
3.905410e+00	3.938548e+00	3.962738e+00	3.980574e+00	3.995549e+00	4.008738e+00
4.020841e+00	4.032816e+00	4.046464e+00	4.063411e+00	4.083809e+00	4.107104e+00
4.132945e+00	4.162466e+00	4.196143e+00	4.213297e+00	4.227996e+00	4.236846e+00
4.245695e+00	4.247735e+00	4.249241e+00	4.249419e+00	4.249572e+00	4.249579e+00
4.249619e+00	4.249615e+00	3.955605e+00	4.004673e+00	4.050044e+00	4.088912e+00
4.121966e+00	4.174919e+00	4.212235e+00	4.238201e+00	4.254973e+00	4.265366e+00
4.273061e+00	4.279159e+00	4.284233e+00	4.289041e+00	4.294824e+00	4.302930e+00
4.313945e+00	4.328517e+00	4.347368e+00	4.371039e+00	4.398075e+00	4.411045e+00
4.422656e+00	4.430313e+00	4.437257e+00	4.438846e+00	4.440071e+00	4.440228e+00
4.440342e+00	4.440343e+00	4.440367e+00	4.440375e+00	4.260423e+00	4.318520e+00
4.371126e+00	4.414072e+00	4.448433e+00	4.498261e+00	4.527570e+00	4.544661e+00
4.552630e+00	4.554679e+00	4.554782e+00	4.553496e+00	4.550234e+00	4.545319e+00
4.541046e+00	4.539744e+00	4.541939e+00	4.547817e+00	4.557768e+00	4.572733e+00
4.591440e+00	4.600308e+00	4.608471e+00	4.614127e+00	4.619091e+00	4.620231e+00
4.621137e+00	4.621250e+00	4.621333e+00	4.621338e+00	4.621353e+00	4.621364e+00
4.572677e+00	4.640356e+00	4.700545e+00	4.747551e+00	4.782898e+00	4.828335e+00
4.847935e+00	4.854532e+00	4.852320e+00	4.845012e+00	4.836962e+00	4.827790e+00
4.815010e+00	4.798391e+00	4.782408e+00	4.771188e+00	4.764797e+00	4.761760e+00
4.761134e+00	4.764996e+00	4.773781e+00	4.778425e+00	4.782753e+00	4.785773e+00
4.788567e+00	4.789215e+00	4.789747e+00	4.789808e+00	4.789859e+00	4.789868e+00
4.789876e+00	4.789886e+00	4.892235e+00	4.968368e+00	5.035046e+00	5.085104e+00
5.120497e+00	5.159924e+00	5.168476e+00	5.163358e+00	5.149821e+00	5.132015e+00
5.114610e+00	5.096448e+00	5.073452e+00	5.044906e+00	5.016937e+00	4.995031e+00
4.978859e+00	4.965671e+00	4.953486e+00	4.945290e+00	4.942941e+00	4.942680e+00
4.942611e+00	4.942677e+00	4.942805e+00	4.942862e+00	4.942924e+00	4.942936e+00
4.942941e+00	4.942940e+00	4.942939e+00	4.942949e+00	5.219274e+00	5.301863e+00
5.373209e+00	5.424778e+00	5.458957e+00	5.490554e+00	5.486853e+00	5.468961e+00
5.443065e+00	5.413668e+00	5.385711e+00	5.357443e+00	5.323619e+00	5.283120e+00
5.243180e+00	5.210124e+00	5.183274e+00	5.158928e+00	5.134348e+00	5.113332e+00
5.098966e+00	5.093308e+00	5.088350e+00	5.085028e+00	5.081936e+00	5.081262e+00
5.080746e+00	5.080676e+00	5.080628e+00	5.080616e+00	5.080610e+00	5.080627e+00
5.553446e+00	5.640031e+00	5.713782e+00	5.764980e+00	5.796432e+00	5.818067e+00
5.800765e+00	5.768922e+00	5.729488e+00	5.687251e+00	5.647365e+00	5.607721e+00
5.562448e+00	5.510122e+00	5.458412e+00	5.413878e+00	5.375588e+00	5.339228e+00
5.301664e+00	5.267320e+00	5.240239e+00	5.228722e+00	5.218345e+00	5.211131e+00
5.204191e+00	5.202605e+00	5.201376e+00	5.201215e+00	5.201099e+00	5.201073e+00
5.201061e+00	5.201082e+00	5.889442e+00	5.976440e+00	6.049368e+00	6.097617e+00
6.124366e+00	6.133466e+00	6.101157e+00	6.054188e+00	6.000019e+00	5.943641e+00
5.890352e+00	5.838013e+00	5.780824e+00	5.717186e+00	5.654337e+00	5.598349e+00
5.548160e+00	5.499281e+00	5.448602e+00	5.400893e+00	5.360764e+00	5.343025e+00
5.326745e+00	5.315145e+00	5.303796e+00	5.301126e+00	5.299056e+00	5.298796e+00
5.298596e+00	5.298556e+00	5.298536e+00	5.298556e+00	6.225898e+00	6.309695e+00
6.378502e+00	6.421069e+00	6.440941e+00	6.434499e+00	6.385317e+00	6.321644e+00
6.251236e+00	6.179196e+00	6.110942e+00	6.044579e+00	5.975002e+00	5.900521e+00
5.827215e+00	5.760049e+00	5.697895e+00	5.636523e+00	5.573075e+00	5.512445e+00
5.459406e+00	5.435350e+00	5.413029e+00	5.396941e+00	5.381148e+00	5.377400e+00
5.374493e+00	5.374126e+00	5.373832e+00	5.373781e+00	5.373760e+00	5.373775e+00
6.567090e+00	6.644933e+00	6.707095e+00	6.741823e+00	6.753022e+00	6.728329e+00
6.660335e+00	6.578272e+00	6.490075e+00	6.400894e+00	6.316240e+00	6.234658e+00
6.152083e+00	6.066786e+00	5.983277e+00	5.905041e+00	5.830943e+00	5.757207e+00
5.681336e+00	5.608155e+00	5.542225e+00	5.511597e+00	5.482810e+00	5.461799e+00
5.441276e+00	5.436349e+00	5.432510e+00	5.432022e+00	5.431629e+00	5.431567e+00
5.431543e+00	5.431549e+00	6.904713e+00	6.975099e+00	7.029220e+00	7.054674e+00
7.055684e+00	7.009532e+00	6.919293e+00	6.815422e+00	6.706147e+00	6.596725e+00
6.492848e+00	6.393893e+00	6.297381e+00	6.201747e+00	6.109352e+00	6.021528e+00
5.937192e+00	5.851818e+00	5.763489e+00	5.677510e+00	5.597094e+00	5.558070e+00
5.520295e+00	5.491980e+00	5.464939e+00	5.458263e+00	5.452969e+00	5.452296e+00
5.451778e+00	5.451699e+00	5.451660e+00	5.451651e+00	7.239074e+00	7.297632e+00
7.339635e+00	7.352358e+00	7.340369e+00	7.268740e+00	7.153815e+00	7.026342e+00
6.894629e+00	6.763909e+00	6.639915e+00	6.523012e+00	6.412390e+00	6.306571e+00
6.205617e+00	6.108605e+00	6.014564e+00	5.918931e+00	5.820320e+00	5.723827e+00
5.631344e+00	5.585324e+00	5.540290e+00	5.506394e+00	5.474788e+00	5.466936e+00
5.460685e+00	5.459891e+00	5.459294e+00	5.459204e+00	5.459155e+00	5.459135e+00
7.626074e+00	7.641033e+00	7.642427e+00	7.621292e+00	7.582177e+00	7.472324e+00
7.334379e+00	7.189330e+00	7.042916e+00	6.898775e+00	6.760618e+00	6.629556e+00
6.501927e+00	6.376724e+00	6.256402e+00	6.139795e+00	6.026437e+00	5.920552e+00
5.819490e+00	5.720684e+00	5.625537e+00	5.578585e+00	5.533028e+00	5.498172e+00
5.460082e+00	5.449154e+00	5.444633e+00	5.444563e+00	5.443626e+00	5.443326e+00
5.443632e+00	5.443374e+00	8.048334e+00	7.997362e+00	7.940690e+00	7.874485e+00
7.801727e+00	7.648785e+00	7.488698e+00	7.328376e+00	7.170032e+00	7.015205e+00
6.864945e+00	6.721022e+00	6.576467e+00	6.431472e+00	6.292488e+00	6.159070e+00
6.031711e+00	5.915475e+00	5.807377e+00	5.702501e+00	5.600641e+00	5.551703e+00
5.505373e+00	5.468096e+00	5.410816e+00	5.391018e+00	5.391790e+00	5.393873e+00
5.391917e+00	5.390993e+00	5.392337e+00	5.391397e+00	8.418560e+00	8.322181e+00
8.223998e+00	8.123217e+00	8.022410e+00	7.828262e+00	7.640179e+00	7.456487e+00
7.276940e+00	7.101767e+00	6.926717e+00	6.755470e+00	6.594604e+00	6.442548e+00
6.296898e+00	6.157701e+00	6.025922e+00	5.900776e+00	5.784004e+00	5.672687e+00
5.563956e+00	5.512781e+00	5.465049e+00	5.424392e+00	5.347222e+00	5.319156e+00
5.325549e+00	5.329728e+00	5.326682e+00	5.325129e+00	5.327428e+00	5.325916e+00
8.727778e+00	8.607867e+00	8.487146e+00	8.364749e+00	8.243218e+00	8.010468e+00
7.787061e+00	7.571762e+00	7.364792e+00	7.167882e+00	6.962412e+00	6.764663e+00
6.582728e+00	6.411424e+00	6.248384e+00	6.094824e+00	5.952436e+00	5.822709e+00
5.706289e+00	5.596332e+00	5.486766e+00	5.433503e+00	5.381622e+00	5.334700e+00
5.244519e+00	5.212271e+00	5.224306e+00	5.229871e+00	5.225743e+00	5.223696e+00
5.226404e+00	5.224868e+00	8.942092e+00	8.832212e+00	8.717263e+00	8.593948e+00
8.465980e+00	8.209094e+00	7.948683e+00	7.687538e+00	7.429177e+00	7.175236e+00
6.949357e+00	6.738338e+00	6.539316e+00	6.354030e+00	6.184169e+00	6.027705e+00
5.883427e+00	5.749272e+00	5.622784e+00	5.500328e+00	5.378604e+00	5.318193e+00
5.256627e+00	5.202684e+00	5.124514e+00	5.099584e+00	5.103456e+00	5.106551e+00
5.103412e+00	5.102015e+00	5.103674e+00	5.102752e+00	9.133960e+00	9.036460e+00
8.929274e+00	8.806223e+00	8.672151e+00	8.389631e+00	8.088487e+00	7.776308e+00
7.463153e+00	7.167067e+00	6.896475e+00	6.657295e+00	6.447687e+00	6.262858e+00
6.097497e+00	5.946021e+00	5.804120e+00	5.664138e+00	5.520068e+00	5.375145e+00
5.233154e+00	5.162739e+00	5.089850e+00	5.031425e+00	4.981871e+00	4.970324e+00
4.958183e+00	4.956513e+00	4.955685e+00	4.955644e+00	4.955414e+00	4.955433e+00
9.419848e+00	9.291672e+00	9.154338e+00	9.001811e+00	8.839409e+00	8.504926e+00
8.157512e+00	7.808636e+00	7.469551e+00	7.145910e+00	6.853905e+00	6.595903e+00
6.369012e+00	6.167498e+00	5.985463e+00	5.818022e+00	5.661480e+00	5.510561e+00
5.360623e+00	5.211959e+00	5.066228e+00	4.994960e+00	4.923345e+00	4.866608e+00
4.811962e+00	4.798479e+00	4.787634e+00	4.786325e+00	4.785232e+00	4.785103e+00
4.784980e+00	4.784974e+00	9.651641e+00	9.530946e+00	9.391763e+00	9.220809e+00
9.027300e+00	8.614584e+00	8.190529e+00	7.790762e+00	7.427584e+00	7.091249e+00
6.790213e+00	6.522539e+00	6.279957e+00	6.055836e+00	5.850175e+00	5.663695e+00
5.492965e+00	5.332657e+00	5.177241e+00	5.022934e+00	4.870794e+00	4.798923e+00
4.728672e+00	4.673568e+00	4.616606e+00	4.602843e+00	4.591919e+00	4.590494e+00
4.589413e+00	4.589284e+00	4.589161e+00	4.589179e+00	9.880431e+00	9.754792e+00
9.603768e+00	9.409558e+00	9.184567e+00	8.699576e+00	8.207122e+00	7.764674e+00
7.370245e+00	7.020382e+00	6.709971e+00	6.431902e+00	6.173110e+00	5.926410e+00
5.697768e+00	5.492899e+00	5.308417e+00	5.138096e+00	4.975412e+00	4.814337e+00
4.656364e+00	4.584014e+00	4.514685e+00	4.460588e+00	4.401836e+00	4.387927e+00
4.376943e+00	4.375427e+00	4.374354e+00	4.374229e+00	4.374105e+00	4.374144e+00
1.011791e+01	9.958809e+00	9.774552e+00	9.547578e+00	9.291050e+00	8.750349e+00
8.213858e+00	7.732486e+00	7.308513e+00	6.935297e+00	6.605928e+00	6.311334e+00
6.035313e+00	5.769803e+00	5.523086e+00	5.302563e+00	5.105013e+00	4.923006e+00
4.749680e+00	4.579985e+00	4.416721e+00	4.343110e+00	4.273239e+00	4.218991e+00
4.159252e+00	4.145220e+00	4.134188e+00	4.132658e+00	4.131558e+00	4.131448e+00
4.131308e+00	4.131368e+00	1.041071e+01	1.016105e+01	9.899352e+00	9.617219e+00
9.323331e+00	8.741672e+00	8.198085e+00	7.692209e+00	7.242875e+00	6.842515e+00
6.485233e+00	6.164214e+00	5.867763e+00	5.589064e+00	5.331061e+00	5.097133e+00
4.885761e+00	4.691528e+00	4.509314e+00	4.331768e+00	4.158392e+00	4.078961e+00
4.006128e+00	3.952576e+00	3.892711e+00	3.877882e+00	3.866901e+00	3.865551e+00
3.864387e+00	3.864252e+00	3.864100e+00	3.864163e+00	1.070239e+01	1.035286e+01
1.000959e+01	9.673512e+00	9.346715e+00	8.727796e+00	8.161849e+00	7.641191e+00
7.168477e+00	6.739880e+00	6.352606e+00	6.003261e+00	5.686713e+00	5.397480e+00
5.130794e+00	4.884602e+00	4.659518e+00	4.452877e+00	4.261798e+00	4.076788e+00
3.893039e+00	3.806609e+00	3.729484e+00	3.675951e+00	3.616512e+00	3.600873e+00
3.589960e+00	3.588823e+00	3.587604e+00	3.587433e+00	3.587278e+00	3.587324e+00
1.087765e+01	1.050556e+01	1.013342e+01	9.764359e+00	9.401769e+00	8.723805e+00
8.112313e+00	7.560058e+00	7.061885e+00	6.613403e+00	6.210198e+00	5.846597e+00
5.515458e+00	5.210585e+00	4.928490e+00	4.667683e+00	4.428853e+00	4.208775e+00
4.004872e+00	3.811802e+00	3.624107e+00	3.533588e+00	3.451092e+00	3.393486e+00
3.334584e+00	3.319159e+00	3.308157e+00	3.306997e+00	3.305817e+00	3.305636e+00
3.305505e+00	3.305499e+00	1.099014e+01	1.062826e+01	1.025982e+01	9.877678e+00
9.485417e+00	8.722752e+00	8.034574e+00	7.433503e+00	6.913360e+00	6.458419e+00
6.054675e+00	5.689170e+00	5.348015e+00	5.024153e+00	4.721803e+00	4.444581e+00
4.191689e+00	3.956987e+00	3.736688e+00	3.534545e+00	3.347536e+00	3.255078e+00
3.166104e+00	3.100850e+00	3.042488e+00	3.028117e+00	3.016875e+00	3.015498e+00
3.014436e+00	3.014265e+00	3.014180e+00	3.014091e+00	1.117090e+01	1.075747e+01
1.033289e+01	9.899992e+00	9.479793e+00	8.697455e+00	7.964419e+00	7.337545e+00
6.795517e+00	6.321298e+00	5.900762e+00	5.521089e+00	5.168242e+00	4.834617e+00
4.522193e+00	4.232682e+00	3.965794e+00	3.718049e+00	3.486401e+00	3.274050e+00
3.079070e+00	2.984009e+00	2.891553e+00	2.822926e+00	2.764142e+00	2.750037e+00
2.738633e+00	2.737224e+00	2.736182e+00	2.736010e+00	2.735937e+00	2.735812e+00
1.139940e+01	1.088796e+01	1.038692e+01	9.909456e+00	9.456057e+00	8.633207e+00
7.896227e+00	7.253411e+00	6.690509e+00	6.192887e+00	5.748934e+00	5.349479e+00
4.984663e+00	4.646618e+00	4.329571e+00	4.030363e+00	3.750339e+00	3.491082e+00
3.251042e+00	3.028585e+00	2.822313e+00	2.724697e+00	2.630596e+00	2.560897e+00
2.501282e+00	2.487107e+00	2.475608e+00	2.474248e+00	2.473181e+00	2.473006e+00
2.472928e+00	2.472795e+00	1.160324e+01	1.101486e+01	1.045034e+01	9.928113e+00
9.449822e+00	8.585916e+00	7.831467e+00	7.169969e+00	6.588986e+00	6.073860e+00
5.612615e+00	5.197551e+00	4.821123e+00	4.475594e+00	4.151697e+00	3.843871e+00
3.553846e+00	3.285135e+00	3.037058e+00	2.805348e+00	2.589274e+00	2.488656e+00
2.393088e+00	2.323024e+00	2.261939e+00	2.247522e+00	2.235960e+00	2.234620e+00
2.233516e+00	2.233352e+00	2.233253e+00	2.233145e+00	1.177431e+01	1.113648e+01
1.052864e+01	9.973333e+00	9.466930e+00	8.555196e+00	7.769426e+00	7.085585e+00
6.489877e+00	5.964108e+00	5.492302e+00	5.066056e+00	4.678305e+00	4.321787e+00
3.988294e+00	3.672710e+00	3.375707e+00	3.099295e+00	2.843085e+00	2.602492e+00
2.377675e+00	2.273394e+00	2.176464e+00	2.106780e+00	2.043421e+00	2.028550e+00
2.016947e+00	2.015596e+00	2.014437e+00	2.014300e+00	2.014160e+00	2.014113e+00
1.194194e+01	1.125757e+01	1.060915e+01	1.002351e+01	9.491489e+00	8.543164e+00
7.724600e+00	7.020575e+00	6.410475e+00	5.873678e+00	5.391209e+00	4.953955e+00
4.555293e+00	4.188481e+00	3.846103e+00	3.523346e+00	3.220068e+00	2.937032e+00
2.674070e+00	2.426300e+00	2.193605e+00	2.085361e+00	1.985532e+00	1.914270e+00
1.848663e+00	1.833387e+00	1.821610e+00	1.820233e+00	1.819027e+00	1.818900e+00
1.818747e+00	1.818767e+00	1.210778e+01	1.137996e+01	1.069406e+01	1.008136e+01
9.528654e+00	8.541151e+00	7.702529e+00	6.978564e+00	6.353745e+00	5.805243e+00
5.311946e+00	4.863865e+00	4.454758e+00	4.078336e+00	3.727662e+00	3.398054e+00
3.088823e+00	2.799865e+00	2.531000e+00	2.277269e+00	2.037161e+00	1.924597e+00
1.820467e+00	1.745893e+00	1.677888e+00	1.662177e+00	1.650064e+00	1.648640e+00
1.647389e+00	1.647258e+00	1.647108e+00	1.647190e+00	1.227380e+01	1.150718e+01
1.078860e+01	1.015316e+01	9.583414e+00	8.564187e+00	7.699381e+00	6.961661e+00
6.325549e+00	5.766025e+00	5.261468e+00	4.802777e+00	4.383706e+00	3.998131e+00
3.639382e+00	3.302835e+00	2.987553e+00	2.692834e+00	2.418074e+00	2.158682e+00
1.910982e+00	1.793621e+00	1.684074e+00	1.604925e+00	1.533916e+00	1.517563e+00
1.504876e+00	1.503374e+00	1.502065e+00	1.501923e+00	1.501773e+00	1.501880e+00
1.243707e+01	1.163715e+01	1.089103e+01	1.023747e+01	9.654581e+00	8.609507e+00
7.725376e+00	6.975479e+00	6.329754e+00	5.759615e+00	5.242405e+00	4.772070e+00
4.342176e+00	3.946531e+00	3.578367e+00	3.233286e+00	2.913228e+00	2.613500e+00
2.333207e+00	2.068161e+00	1.812727e+00	1.690387e+00	1.575135e+00	1.491042e+00
1.416270e+00	1.399013e+00	1.385514e+00	1.383915e+00	1.382536e+00	1.382371e+00
1.382232e+00	1.382288e+00	1.259890e+01	1.177065e+01	1.100145e+01	1.033331e+01
9.740184e+00	8.673589e+00	7.772273e+00	7.005928e+00	6.344869e+00	5.764307e+00
5.242690e+00	4.768085e+00	4.334176e+00	3.934752e+00	3.562993e+00	3.214039e+00
2.883456e+00	2.574320e+00	2.284784e+00	2.009710e+00	1.743038e+00	1.615021e+00
1.493362e+00	1.403619e+00	1.323554e+00	1.304904e+00	1.290232e+00	1.288501e+00
1.287021e+00	1.286833e+00	1.286687e+00	1.286642e+00	1.275823e+01	1.190810e+01
1.112184e+01	1.044416e+01	9.845164e+00	8.764527e+00	7.852063e+00	7.076465e+00
6.407207e+00	5.817667e+00	5.286015e+00	4.802315e+00	4.360000e+00	3.952304e+00
3.571851e+00	3.213677e+00	2.876871e+00	2.561053e+00	2.264221e+00	1.980270e+00
1.703225e+00	1.567890e+00	1.438351e+00	1.341678e+00	1.254454e+00	1.233857e+00
1.217583e+00	1.215672e+00	1.214050e+00	1.213840e+00	1.213670e+00	1.213510e+00
1.291478e+01	1.204788e+01	1.124894e+01	1.056539e+01	9.963430e+00	8.873776e+00
7.954539e+00	7.171135e+00	6.493784e+00	5.896150e+00	5.357010e+00	4.866373e+00
4.417326e+00	4.002559e+00	3.613948e+00	3.246207e+00	2.903878e+00	2.582263e+00
2.279228e+00	1.987801e+00	1.701787e+00	1.552416e+00	1.407625e+00	1.299907e+00
1.203847e+00	1.180663e+00	1.162171e+00	1.160008e+00	1.158217e+00	1.157976e+00
1.157779e+00	1.157563e+00	1.306869e+01	1.218832e+01	1.137985e+01	1.069334e+01
1.009103e+01	8.997455e+00	8.076259e+00	7.287949e+00	6.604694e+00	6.000989e+00
5.456416e+00	4.960920e+00	4.507203e+00	4.087546e+00	3.693289e+00	3.318857e+00
2.965000e+00	2.631115e+00	2.314708e+00	2.006639e+00	1.701065e+00	1.543257e+00
1.387384e+00	1.269448e+00	1.163098e+00	1.137085e+00	1.116192e+00	1.113744e+00
1.111746e+00	1.111473e+00	1.111252e+00	1.111043e+00	1.321610e+01	1.232536e+01
1.151028e+01	1.082335e+01	1.022307e+01	9.129817e+00	8.209505e+00	7.418307e+00
6.730462e+00	6.121516e+00	5.571950e+00	5.071681e+00	4.613066e+00	4.187956e+00
3.787051e+00	3.404435e+00	3.040054e+00	2.694650e+00	2.365252e+00	2.040115e+00
1.711286e+00	1.548912e+00	1.387041e+00	1.256794e+00	1.133064e+00	1.103356e+00
1.079323e+00	1.076462e+00	1.074148e+00	1.073852e+00	1.073583e+00	1.073574e+00
1.335545e+01	1.245772e+01	1.163947e+01	1.095543e+01	1.036053e+01	9.274467e+00
8.360375e+00	7.570543e+00	6.881443e+00	6.269932e+00	5.717417e+00	5.213839e+00
4.751339e+00	4.321499e+00	3.914566e+00	3.524365e+00	3.150957e+00	2.795300e+00
2.453955e+00	2.113455e+00	1.763242e+00	1.584063e+00	1.400409e+00	1.251202e+00
1.111284e+00	1.077581e+00	1.050252e+00	1.046936e+00	1.044201e+00	1.043871e+00
1.043577e+00	1.043864e+00	1.348550e+01	1.258131e+01	1.176082e+01	1.108139e+01
1.049450e+01	9.421946e+00	8.517854e+00	7.733639e+00	7.046866e+00	6.435094e+00
5.880199e+00	5.372635e+00	4.905094e+00	4.469694e+00	4.057246e+00	3.661480e+00
3.281343e+00	2.916099e+00	2.560986e+00	2.201919e+00	1.826195e+00	1.630234e+00
1.424880e+00	1.256448e+00	1.094858e+00	1.056192e+00	1.026368e+00	1.022681e+00
1.018980e+00	1.018467e+00	1.018456e+00	1.019061e+00	1.360885e+01	1.269892e+01
1.187718e+01	1.120381e+01	1.062701e+01	9.573009e+00	8.682387e+00	7.907627e+00
7.226611e+00	6.617086e+00	6.060928e+00	5.549411e+00	5.076378e+00	4.635160e+00
4.218007e+00	3.818832e+00	3.434570e+00	3.061102e+00	2.691386e+00	2.311826e+00
1.908258e+00	1.693925e+00	1.466567e+00	1.274074e+00	1.081473e+00	1.037705e+00
1.005731e+00	1.001717e+00	9.968742e-01	9.961247e-01	9.965118e-01	9.974244e-01
1.372261e+01	1.280826e+01	1.198575e+01	1.132019e+01	1.075540e+01	9.722821e+00
8.847351e+00	8.083807e+00	7.410436e+00	6.805145e+00	6.249715e+00	5.736082e+00
5.259076e+00	4.813080e+00	4.391573e+00	3.988736e+00	3.600088e+00	3.219052e+00
2.836369e+00	2.437134e+00	2.003962e+00	1.768825e+00	1.515407e+00	1.295568e+00
1.073761e+00	1.022408e+00	9.874128e-01	9.830153e-01	9.769353e-01	9.759454e-01
9.768237e-01	9.778807e-01	1.383376e+01	1.291366e+01	1.208641e+01	1.142862e+01
1.087709e+01	9.868661e+00	9.010393e+00	8.260770e+00	7.598273e+00	7.000666e+00
6.449172e+00	5.936157e+00	5.457275e+00	5.007795e+00	4.582131e+00	4.174873e+00
3.781213e+00	3.393948e+00	3.002089e+00	2.586342e+00	2.122628e+00	1.863394e+00
1.577522e+00	1.326279e+00	1.069349e+00	1.010369e+00	9.715509e-01	9.666320e-01
9.592740e-01	9.580693e-01	9.594842e-01	9.605707e-01	1.383372e+01	1.294613e+01
1.215967e+01	1.153620e+01	1.101394e+01	1.004393e+01	9.202005e+00	8.455880e+00
7.789605e+00	7.186808e+00	6.633997e+00	6.123706e+00	5.650014e+00	5.206213e+00
4.784218e+00	4.377037e+00	3.979820e+00	3.585297e+00	3.181305e+00	2.745041e+00
2.247812e+00	1.965225e+00	1.650258e+00	1.370385e+00	1.071003e+00	9.972937e-01
9.564001e-01	9.522272e-01	9.431310e-01	9.413356e-01	9.438697e-01	9.442800e-01
1.381180e+01	1.296520e+01	1.221884e+01	1.163471e+01	1.114736e+01	1.022124e+01
9.397259e+00	8.652906e+00	7.979786e+00	7.369273e+00	6.814735e+00	6.308807e+00
5.843522e+00	5.409563e+00	4.995276e+00	4.591187e+00	4.192251e+00	3.791058e+00
3.374330e+00	2.916177e+00	2.384164e+00	2.078452e+00	1.735709e+00	1.428630e+00
1.079332e+00	9.869957e-01	9.426281e-01	9.393843e-01	9.283907e-01	9.259135e-01
9.297772e-01	9.291487e-01	1.386882e+01	1.302101e+01	1.227855e+01	1.171074e+01
1.124342e+01	1.034588e+01	9.544428e+00	8.818332e+00	8.160040e+00	7.561125e+00
7.014964e+00	6.514673e+00	6.052955e+00	5.621229e+00	5.208550e+00	4.805606e+00
4.406791e+00	4.003545e+00	3.580382e+00	3.106769e+00	2.543065e+00	2.211757e+00
1.833214e+00	1.488876e+00	1.091356e+00	9.836891e-01	9.306042e-01	9.268203e-01
9.153630e-01	9.126987e-01	9.163500e-01	9.153623e-01	1.389374e+01	1.304993e+01
1.231791e+01	1.177061e+01	1.132630e+01	1.045994e+01	9.683214e+00	8.976466e+00
8.333329e+00	7.746174e+00	7.209053e+00	6.715708e+00	6.259449e+00	5.832287e+00
5.423894e+00	5.025110e+00	4.629615e+00	4.227459e+00	3.800287e+00	3.311362e+00
2.712763e+00	2.353599e+00	1.937678e+00	1.556251e+00	1.115785e+00	9.916043e-01
9.140558e-01	9.099109e-01	9.062990e-01	9.041264e-01	8.998483e-01	9.020807e-01
1.390736e+01	1.306780e+01	1.234628e+01	1.181914e+01	1.139737e+01	1.056169e+01
9.809997e+00	9.123450e+00	8.496709e+00	7.922826e+00	7.396478e+00	6.911966e+00
6.463151e+00	6.042567e+00	5.640435e+00	5.247731e+00	4.857525e+00	4.458567e+00
4.029733e+00	3.528104e+00	2.896812e+00	2.510069e+00	2.055638e+00	1.633817e+00
1.144629e+00	1.002051e+00	9.014625e-01	8.959919e-01	8.968396e-01	8.949740e-01
8.853422e-01	8.896064e-01	1.391532e+01	1.307956e+01	1.236747e+01	1.185851e+01
1.145713e+01	1.064966e+01	9.921685e+00	9.255155e+00	8.645490e+00	8.086239e+00
7.572566e+00	7.099172e+00	6.660297e+00	6.248785e+00	5.855117e+00	5.470267e+00
5.086936e+00	4.692949e+00	4.265121e+00	3.755677e+00	3.098645e+00	2.687012e+00
2.193893e+00	1.726607e+00	1.176034e+00	1.012921e+00	8.948043e-01	8.868566e-01
8.859968e-01	8.840324e-01	8.743532e-01	8.782890e-01	1.394716e+01	1.311162e+01
1.240544e+01	1.190801e+01	1.151950e+01	1.073136e+01	1.002114e+01	9.371434e+00
8.777766e+00	8.233868e+00	7.734953e+00	7.275708e+00	6.850262e+00	6.451158e+00
6.068267e+00	5.692136e+00	5.315596e+00	4.926665e+00	4.502329e+00	3.994434e+00
3.327365e+00	2.895158e+00	2.357411e+00	1.833474e+00	1.210867e+00	1.027113e+00
8.953102e-01	8.826231e-01	8.749977e-01	8.730968e-01	8.674439e-01	8.687688e-01
1.398480e+01	1.314620e+01	1.244172e+01	1.195319e+01	1.157629e+01	1.080604e+01
1.011239e+01	9.478957e+00	8.901245e+00	8.373177e+00	7.889963e+00	7.446220e+00
7.035862e+00	6.650977e+00	6.280556e+00	5.914549e+00	5.546042e+00	5.163584e+00
4.745086e+00	4.243719e+00	3.574802e+00	3.125168e+00	2.541231e+00	1.954841e+00
1.250856e+00	1.044945e+00	8.960783e-01	8.793610e-01	8.645600e-01	8.627373e-01
8.616661e-01	8.601773e-01	1.398543e+01	1.314795e+01	1.244603e+01	1.197099e+01
1.161128e+01	1.086528e+01	1.019187e+01	9.576920e+00	9.016359e+00	8.504532e+00
8.036889e+00	7.608236e+00	7.212574e+00	6.841972e+00	6.485162e+00	6.131820e+00
5.774965e+00	5.402960e+00	4.993131e+00	4.496801e+00	3.821071e+00	3.355491e+00
2.735678e+00	2.096033e+00	1.304049e+00	1.069615e+00	8.959805e-01	8.746299e-01
8.565814e-01	8.547351e-01	8.551598e-01	8.522842e-01	1.395840e+01	1.312905e+01
1.243884e+01	1.197824e+01	1.163306e+01	1.091178e+01	1.025987e+01	9.664395e+00
9.121506e+00	8.625985e+00	8.173631e+00	7.759619e+00	7.378259e+00	7.021962e+00
6.679726e+00	6.341284e+00	5.999425e+00	5.641783e+00	5.243754e+00	4.751771e+00
4.065657e+00	3.586339e+00	2.942363e+00	2.262414e+00	1.377825e+00	1.106952e+00
8.952261e-01	8.691147e-01	8.503964e-01	8.484741e-01	8.481327e-01	8.452449e-01
1.392473e+01	1.310375e+01	1.242506e+01	1.197655e+01	1.164700e+01	1.095205e+01
1.032220e+01	9.746171e+00	9.220682e+00	8.741034e+00	8.303445e+00	7.903547e+00
7.536108e+00	7.194053e+00	6.866948e+00	6.544812e+00	6.220206e+00	5.879978e+00
5.497328e+00	5.012892e+00	4.318144e+00	3.825321e+00	3.157251e+00	2.438203e+00
1.464255e+00	1.156108e+00	8.978151e-01	8.670281e-01	8.444973e-01	8.425166e-01
8.403448e-01	8.393719e-01	1.388396e+01	1.307164e+01	1.240367e+01	1.197118e+01
1.165753e+01	1.098788e+01	1.037980e+01	9.822975e+00	9.314649e+00	8.850638e+00
8.427590e+00	8.041630e+00	7.688064e+00	7.360436e+00	7.049069e+00	6.744447e+00
6.438966e+00	6.118712e+00	5.754537e+00	5.280567e+00	4.579231e+00	4.073849e+00
3.383242e+00	2.627189e+00	1.565101e+00	1.218315e+00	9.063619e-01	8.657138e-01
8.389185e-01	8.368725e-01	8.323305e-01	8.341834e-01	1.385538e+01	1.304816e+01
1.238746e+01	1.196715e+01	1.166578e+01	1.101596e+01	1.042573e+01	9.885663e+00
9.393129e+00	8.944314e+00	8.536108e+00	8.164934e+00	7.826411e+00	7.514402e+00
7.219567e+00	6.932664e+00	6.646241e+00	6.346264e+00	6.002633e+00	5.545813e+00
4.850266e+00	4.338546e+00	3.628219e+00	2.833205e+00	1.674450e+00	1.285086e+00
9.173822e-01	8.660272e-01	8.332900e-01	8.309792e-01	8.268275e-01	8.295186e-01
1.383758e+01	1.303241e+01	1.237573e+01	1.196436e+01	1.167168e+01	1.103626e+01
1.045978e+01	9.933667e+00	9.455109e+00	9.020586e+00	8.627103e+00	8.271216e+00
7.948635e+00	7.653184e+00	7.375306e+00	7.105706e+00	6.837403e+00	6.557015e+00
6.235327e+00	5.803408e+00	5.130656e+00	4.621728e+00	3.895228e+00	3.057963e+00
1.793114e+00	1.357271e+00	9.348528e-01	8.720151e-01	8.271446e-01	8.242715e-01
8.232123e-01	8.253986e-01	1.382671e+01	1.302512e+01	1.237376e+01	1.196716e+01
1.168206e+01	1.105883e+01	1.049358e+01	9.978790e+00	9.511681e+00	9.089034e+00
8.708040e+00	8.365430e+00	8.057049e+00	7.776878e+00	7.515573e+00	7.264192e+00
7.016431e+00	6.759504e+00	6.463805e+00	6.056532e+00	5.403263e+00	4.903227e+00
4.183182e+00	3.323994e+00	1.934191e+00	1.435249e+00	9.463816e-01	8.753242e-01
8.274469e-01	8.243291e-01	8.221925e-01	8.218953e-01	1.381363e+01	1.301731e+01
1.237193e+01	1.197190e+01	1.169386e+01	1.108307e+01	1.052869e+01	1.002398e+01
9.566494e+00	9.153343e+00	8.782089e+00	8.450044e+00	8.153822e+00	7.888217e+00
7.644612e+00	7.414164e+00	7.189431e+00	6.956042e+00	6.683104e+00	6.297783e+00
5.668367e+00	5.184836e+00	4.485189e+00	3.616360e+00	2.098636e+00	1.524225e+00
9.574118e-01	8.785310e-01	8.293493e-01	8.259391e-01	8.213284e-01	8.190029e-01
1.377668e+01	1.299215e+01	1.235784e+01	1.196824e+01	1.169966e+01	1.110502e+01
1.056425e+01	1.007060e+01	9.622389e+00	9.217156e+00	8.853205e+00	8.529128e+00
8.243379e+00	7.992453e+00	7.768889e+00	7.563072e+00	7.362769e+00	7.148028e+00
6.887299e+00	6.521743e+00	5.933393e+00	5.473667e+00	4.782840e+00	3.888510e+00
2.276462e+00	1.635561e+00	9.834649e-01	8.914885e-01	8.284281e-01	8.239035e-01
8.170964e-01	8.166405e-01	1.376652e+01	1.298800e+01	1.235896e+01	1.197292e+01
1.170729e+01	1.111869e+01	1.058462e+01	1.009909e+01	9.660343e+00	9.265941e+00
8.913882e+00	8.602159e+00	8.328415e+00	8.088601e+00	7.875271e+00	7.680527e+00
7.497159e+00	7.311203e+00	7.092396e+00	6.767300e+00	6.201948e+00	5.749793e+00
5.071601e+00	4.177523e+00	2.470278e+00	1.763347e+00	1.013566e+00	9.040011e-01
8.283673e-01	8.224913e-01	8.155693e-01	8.143448e-01	1.374883e+01	1.297931e+01
1.235841e+01	1.197842e+01	1.171677e+01	1.113571e+01	1.060850e+01	1.012986e+01
9.698128e+00	9.311328e+00	8.967942e+00	8.665970e+00	8.402781e+00	8.174253e+00
7.973289e+00	7.792988e+00	7.628433e+00	7.467436e+00	7.280071e+00	6.991032e+00
6.462038e+00	6.026400e+00	5.363118e+00	4.472129e+00	2.684591e+00	1.905063e+00
1.048391e+00	9.196896e-01	8.285683e-01	8.214511e-01	8.140945e-01	8.123399e-01
1.371421e+01	1.296101e+01	1.235333e+01	1.198332e+01	1.172885e+01	1.115955e+01
1.063983e+01	1.016617e+01	9.737878e+00	9.354319e+00	9.015287e+00	8.719402e+00
8.464565e+00	8.247429e+00	8.061966e+00	7.901460e+00	7.758635e+00	7.615970e+00
7.442930e+00	7.180558e+00	6.705237e+00	6.300509e+00	5.654707e+00	4.764674e+00
2.921359e+00	2.062000e+00	1.089959e+00	9.414767e-01	8.304649e-01	8.208439e-01
8.124293e-01	8.107023e-01	1.370372e+01	1.296110e+01	1.235715e+01	1.199173e+01
1.174069e+01	1.117759e+01	1.066321e+01	1.019453e+01	9.771043e+00	9.392386e+00
9.058624e+00	8.768712e+00	8.520931e+00	8.312440e+00	8.137973e+00	7.991444e+00
7.865740e+00	7.742990e+00	7.593695e+00	7.364723e+00	6.938130e+00	6.561435e+00
5.939051e+00	5.058862e+00	3.168510e+00	2.238098e+00	1.139954e+00	9.677627e-01
8.331625e-01	8.211885e-01	8.109320e-01	8.093466e-01	1.369670e+01	1.296134e+01
1.236569e+01	1.200280e+01	1.175270e+01	1.119358e+01	1.068354e+01	1.021947e+01
9.800936e+00	9.427495e+00	9.099107e+00	8.814906e+00	8.573469e+00	8.372361e+00
8.206930e+00	8.071871e+00	7.961123e+00	7.858405e+00	7.736375e+00	7.543759e+00
7.164470e+00	6.815726e+00	6.221669e+00	5.358218e+00	3.429527e+00	2.432563e+00
1.197500e+00	9.984369e-01	8.369022e-01	8.219911e-01	8.096128e-01	8.081657e-01
1.369117e+01	1.296415e+01	1.237748e+01	1.201621e+01	1.176576e+01	1.120837e+01
1.070112e+01	1.024103e+01	9.827385e+00	9.459314e+00	9.136376e+00	8.857714e+00
8.622040e+00	8.427051e+00	8.268221e+00	8.141028e+00	8.041940e+00	7.959502e+00
7.869552e+00	7.715797e+00	7.378893e+00	7.056511e+00	6.497472e+00	5.660078e+00
3.701239e+00	2.644474e+00	1.263127e+00	1.034402e+00	8.419689e-01	8.230629e-01
8.087134e-01	8.072216e-01	1.368647e+01	1.297241e+01	1.239322e+01	1.203196e+01
1.177892e+01	1.122136e+01	1.071582e+01	1.025909e+01	9.850010e+00	9.487133e+00
9.169435e+00	8.895934e+00	8.665341e+00	8.475310e+00	8.321150e+00	8.199174e+00
8.109121e+00	8.045965e+00	7.989969e+00	7.875954e+00	7.577111e+00	7.279673e+00
6.760930e+00	5.958473e+00	3.981277e+00	2.875120e+00	1.340313e+00	1.078448e+00
8.495927e-01	8.249027e-01	8.081172e-01	8.064744e-01	1.366384e+01	1.296653e+01
1.239712e+01	1.204119e+01	1.178604e+01	1.123053e+01	1.072727e+01	1.027338e+01
9.867499e+00	9.508186e+00	9.194317e+00	8.924961e+00	8.698911e+00	8.513912e+00
8.365318e+00	8.250006e+00	8.169323e+00	8.121393e+00	8.089602e+00	8.008668e+00
7.753242e+00	7.485109e+00	7.005698e+00	6.241831e+00	4.273007e+00	3.117389e+00
1.428011e+00	1.129628e+00	8.588494e-01	8.275108e-01	8.078557e-01	8.057971e-01
1.361218e+01	1.294643e+01	1.239919e+01	1.204810e+01	1.179117e+01	1.123794e+01
1.073703e+01	1.028565e+01	9.882341e+00	9.525855e+00	9.215136e+00	8.949354e+00
8.727416e+00	8.547227e+00	8.404319e+00	8.296070e+00	8.224671e+00	8.189761e+00
8.177420e+00	8.126000e+00	7.915832e+00	7.679349e+00	7.239654e+00	6.517780e+00
4.577374e+00	3.374201e+00	1.527091e+00	1.188391e+00	8.699946e-01	8.311495e-01
8.076827e-01	8.051750e-01	1.355390e+01	1.292213e+01	1.239875e+01	1.205196e+01
1.179395e+01	1.124492e+01	1.074696e+01	1.029793e+01	9.896571e+00	9.541892e+00
9.233145e+00	8.969774e+00	8.751045e+00	8.575367e+00	8.438886e+00	8.339233e+00
8.277914e+00	8.252900e+00	8.250627e+00	8.221000e+00	8.060796e+00	7.861273e+00
7.463460e+00	6.783443e+00	4.885533e+00	3.645920e+00	1.638565e+00	1.254161e+00
8.827720e-01	8.361358e-01	8.076732e-01	8.045721e-01	1.348144e+01	1.288754e+01
1.239111e+01	1.205365e+01	1.179515e+01	1.125135e+01	1.075724e+01	1.031040e+01
9.910252e+00	9.556186e+00	9.248134e+00	8.985970e+00	8.769513e+00	8.597954e+00
8.468577e+00	8.379296e+00	8.329183e+00	8.310355e+00	8.308433e+00	8.292759e+00
8.185361e+00	8.028329e+00	7.673698e+00	7.032219e+00	5.190494e+00	3.932277e+00
1.767088e+00	1.329577e+00	8.982169e-01	8.443637e-01	8.081215e-01	8.039470e-01
1.342425e+01	1.286492e+01	1.239172e+01	1.205988e+01	1.179958e+01	1.125903e+01
1.076637e+01	1.032074e+01	9.921906e+00	9.569536e+00	9.263774e+00	9.004279e+00
8.790553e+00	8.621948e+00	8.496665e+00	8.413212e+00	8.370321e+00	8.359067e+00
8.365840e+00	8.369366e+00	8.301289e+00	8.172776e+00	7.862844e+00	7.285236e+00
5.515191e+00	4.210078e+00	1.905532e+00	1.420533e+00	9.185823e-01	8.499381e-01
8.114027e-01	8.038387e-01	1.337600e+01	1.284713e+01	1.239473e+01	1.206714e+01
1.180411e+01	1.126353e+01	1.077138e+01	1.032687e+01	9.929559e+00	9.579320e+00
9.276292e+00	9.019912e+00	8.809220e+00	8.643294e+00	8.520639e+00	8.440377e+00
8.402141e+00	8.398500e+00	8.418086e+00	8.441793e+00	8.404279e+00	8.300012e+00
8.035028e+00	7.522923e+00	5.830472e+00	4.496860e+00	2.060215e+00	1.524130e+00
9.438097e-01	8.560629e-01	8.154160e-01	8.037504e-01	1.332731e+01	1.282524e+01
1.239084e+01	1.206796e+01	1.180286e+01	1.126354e+01	1.077235e+01	1.032904e+01
9.933112e+00	9.584363e+00	9.282753e+00	9.028038e+00	8.819774e+00	8.657167e+00
8.538145e+00	8.461451e+00	8.427366e+00	8.429705e+00	8.458496e+00	8.495468e+00
8.489283e+00	8.418875e+00	8.198024e+00	7.717581e+00	6.092103e+00	4.831451e+00
2.244917e+00	1.628209e+00	9.703757e-01	8.737648e-01	8.122859e-01	8.030601e-01
1.329548e+01	1.281519e+01	1.239559e+01	1.207573e+01	1.180875e+01	1.127021e+01
1.077976e+01	1.033737e+01	9.942489e+00	9.594967e+00	9.294748e+00	9.041585e+00
8.835063e+00	8.674423e+00	8.557781e+00	8.484136e+00	8.454162e+00	8.462259e+00
8.499591e+00	8.550324e+00	8.569479e+00	8.522275e+00	8.342098e+00	7.915719e+00
6.377845e+00	5.141681e+00	2.447540e+00	1.753412e+00	1.003438e+00	8.897277e-01
8.148558e-01	8.032891e-01	1.326699e+01	1.280569e+01	1.239886e+01	1.208233e+01
1.181333e+01	1.127586e+01	1.078613e+01	1.034452e+01	9.950545e+00	9.604026e+00
9.304954e+00	9.053070e+00	8.847954e+00	8.688934e+00	8.574347e+00	8.503418e+00
8.477128e+00	8.490326e+00	8.535221e+00	8.598426e+00	8.639817e+00	8.612702e+00
8.470684e+00	8.100132e+00	6.658734e+00	5.450154e+00	2.667758e+00	1.892847e+00
1.041366e+00	9.079003e-01	8.182741e-01	8.033663e-01	1.324004e+01	1.279520e+01
1.239966e+01	1.208533e+01	1.181481e+01	1.127806e+01	1.078921e+01	1.034847e+01
9.955402e+00	9.609770e+00	9.311612e+00	9.060758e+00	8.856859e+00	8.699354e+00
8.586654e+00	8.518078e+00	8.494875e+00	8.512327e+00	8.563592e+00	8.637369e+00
8.697934e+00	8.688543e+00	8.581133e+00	8.262694e+00	6.921938e+00	5.754529e+00
2.904932e+00	2.046902e+00	1.085602e+00	9.303921e-01	8.218539e-01	8.031762e-01
1.321368e+01	1.278371e+01	1.239840e+01	1.208595e+01	1.181413e+01	1.127815e+01
1.079018e+01	1.035034e+01	9.958034e+00	9.613117e+00	9.315650e+00	9.065584e+00
8.862746e+00	8.706674e+00	8.595700e+00	8.529080e+00	8.508336e+00	8.529347e+00
8.586224e+00	8.669253e+00	8.745423e+00	8.750708e+00	8.675343e+00	8.409274e+00
7.168332e+00	6.045256e+00	3.160131e+00	2.220234e+00	1.136952e+00	9.570551e-01
8.262844e-01	8.030189e-01	1.318897e+01	1.277268e+01	1.239648e+01	1.208639e+01
1.181309e+01	1.127821e+01	1.079089e+01	1.035182e+01	9.960185e+00	9.615895e+00
9.319041e+00	9.069669e+00	8.867753e+00	8.712912e+00	8.603453e+00	8.538631e+00
8.520152e+00	8.544330e+00	8.606046e+00	8.697253e+00	8.788027e+00	8.806992e+00
8.760212e+00	8.541835e+00	7.407069e+00	6.337419e+00	3.431114e+00	2.409821e+00
1.195191e+00	9.882913e-01	8.316173e-01	8.028470e-01	1.316915e+01	1.276510e+01
1.239677e+01	1.208796e+01	1.181355e+01	1.127906e+01	1.079267e+01	1.035437e+01
9.963361e+00	9.619714e+00	9.323582e+00	9.074952e+00	8.873674e+00	8.719389e+00
8.610949e+00	8.548067e+00	8.532227e+00	8.559179e+00	8.623796e+00	8.721136e+00
8.828861e+00	8.862978e+00	8.834464e+00	8.643845e+00	7.640239e+00	6.653797e+00
3.703035e+00	2.606109e+00	1.262360e+00	1.027873e+00	8.387475e-01	8.025893e-01
1.315318e+01	1.275971e+01	1.239880e+01	1.209141e+01	1.181571e+01	1.128174e+01
1.079579e+01	1.035787e+01	9.967292e+00	9.624210e+00	9.328847e+00	9.080942e+00
8.879967e+00	8.725639e+00	8.617803e+00	8.556848e+00	8.543765e+00	8.573046e+00
8.639138e+00	8.741021e+00	8.866138e+00	8.915687e+00	8.897784e+00	8.722628e+00
7.861017e+00	6.984003e+00	3.974560e+00	2.810479e+00	1.341795e+00	1.079726e+00
8.486390e-01	8.022252e-01	1.313740e+01	1.275344e+01	1.239872e+01	1.209271e+01
1.181597e+01	1.128247e+01	1.079695e+01	1.035933e+01	9.969164e+00	9.626498e+00
9.331644e+00	9.084302e+00	8.883851e+00	8.730038e+00	8.622969e+00	8.563303e+00
8.551960e+00	8.583208e+00	8.651610e+00	8.757909e+00	8.894643e+00	8.955409e+00
8.952411e+00	8.800341e+00	8.049789e+00	7.269930e+00	4.266893e+00	3.038486e+00
1.430704e+00	1.136042e+00	8.585522e-01	8.019343e-01	1.312223e+01	1.274696e+01
1.239828e+01	1.209348e+01	1.181604e+01	1.128285e+01	1.079763e+01	1.036026e+01
9.970430e+00	9.628095e+00	9.333638e+00	9.086761e+00	8.886820e+00	8.733625e+00
8.627325e+00	8.568664e+00	8.558638e+00	8.591613e+00	8.662490e+00	8.772979e+00
8.918687e+00	8.988643e+00	9.001432e+00	8.875853e+00	8.221043e+00	7.531976e+00
4.578147e+00	3.289928e+00	1.530085e+00	1.197854e+00	8.690346e-01	8.016826e-01
1.310879e+01	1.274166e+01	1.239818e+01	1.209464e+01	1.181638e+01	1.128359e+01
1.079864e+01	1.036147e+01	9.971885e+00	9.629731e+00	9.335487e+00	9.088942e+00
8.889607e+00	8.737296e+00	8.631919e+00	8.573941e+00	8.564534e+00	8.599090e+00
8.672699e+00	8.787474e+00	8.938129e+00	9.012755e+00	9.044239e+00	8.955505e+00
8.381014e+00	7.735204e+00	4.903551e+00	3.571152e+00	1.640364e+00	1.262451e+00
8.817641e-01	8.016892e-01	1.309627e+01	1.273720e+01	1.239895e+01	1.209659e+01
1.181818e+01	1.128536e+01	1.080033e+01	1.036325e+01	9.973738e+00	9.631463e+00
9.337152e+00	9.090778e+00	8.892138e+00	8.741095e+00	8.637069e+00	8.579557e+00
8.570077e+00	8.606169e+00	8.681846e+00	8.800822e+00	8.952724e+00	9.028891e+00
9.080950e+00	9.042909e+00	8.527349e+00	7.877340e+00	5.242643e+00	3.892821e+00
1.764208e+00	1.328941e+00	8.985320e-01	8.023083e-01	1.309920e+01	1.274086e+01
1.240314e+01	1.209985e+01	1.181876e+01	1.128441e+01	1.079913e+01	1.036246e+01
9.973706e+00	9.632714e+00	9.339596e+00	9.093984e+00	8.896044e+00	8.745163e+00
8.639171e+00	8.578897e+00	8.567900e+00	8.607112e+00	8.697815e+00	8.826549e+00
8.972390e+00	9.044145e+00	9.106485e+00	9.101335e+00	8.662860e+00	8.045332e+00
5.561548e+00	4.203333e+00	1.912138e+00	1.412661e+00	9.181715e-01	8.022880e-01
1.310385e+01	1.274591e+01	1.240753e+01	1.210202e+01	1.181901e+01	1.128272e+01
1.079710e+01	1.036098e+01	9.973340e+00	9.633630e+00	9.341221e+00	9.096300e+00
8.898672e+00	8.747627e+00	8.640666e+00	8.577373e+00	8.564504e+00	8.607889e+00
8.708899e+00	8.845039e+00	8.987859e+00	9.060378e+00	9.129071e+00	9.142771e+00
8.780500e+00	8.230087e+00	5.863096e+00	4.502603e+00	2.086342e+00	1.515200e+00
9.415101e-01	8.020671e-01	1.307249e+01	1.272811e+01	1.239999e+01	1.210012e+01
1.181993e+01	1.128699e+01	1.080164e+01	1.036465e+01	9.975732e+00	9.634518e+00
9.341155e+00	9.095736e+00	8.898073e+00	8.747979e+00	8.644641e+00	8.587895e+00
8.580203e+00	8.619075e+00	8.701682e+00	8.828734e+00	8.991665e+00	9.079726e+00
9.159878e+00	9.181084e+00	8.873517e+00	8.394449e+00	6.162269e+00	4.806138e+00
2.278002e+00	1.629578e+00	9.691683e-01	8.022108e-01	1.306810e+01	1.272746e+01
1.240190e+01	1.210253e+01	1.182187e+01	1.128920e+01	1.080371e+01	1.036679e+01
9.977879e+00	9.636692e+00	9.343386e+00	9.098235e+00	8.900859e+00	8.751080e+00
8.648160e+00	8.591632e+00	8.584237e+00	8.623630e+00	8.706859e+00	8.835830e+00
9.002480e+00	9.093899e+00	9.180393e+00	9.214064e+00	8.962227e+00	8.541111e+00
6.451304e+00	5.116065e+00	2.485800e+00	1.776496e+00	1.001287e+00	8.023408e-01
1.306461e+01	1.272645e+01	1.240255e+01	1.210341e+01	1.182236e+01	1.128975e+01
1.080536e+01	1.036894e+01	9.980177e+00	9.638966e+00	9.345472e+00	9.099785e+00
8.902084e+00	8.752342e+00	8.649435e+00	8.593568e+00	8.586995e+00	8.627361e+00
8.712464e+00	8.842077e+00	9.011112e+00	9.105795e+00	9.197330e+00	9.241556e+00
9.043407e+00	8.669222e+00	6.726227e+00	5.432194e+00	2.711096e+00	1.935853e+00
1.038845e+00	8.023648e-01	1.306097e+01	1.272373e+01	1.240059e+01	1.210145e+01
1.182042e+01	1.128955e+01	1.080679e+01	1.037133e+01	9.982700e+00	9.640946e+00
9.346598e+00	9.100097e+00	8.901851e+00	8.752042e+00	8.649609e+00	8.594532e+00
8.589161e+00	8.630756e+00	8.716427e+00	8.845074e+00	9.015876e+00	9.115799e+00
9.211561e+00	9.263637e+00	9.115989e+00	8.777735e+00	6.981965e+00	5.751947e+00
2.954859e+00	2.100609e+00	1.083999e+00	8.022268e-01	