4.769534e-02	4.997465e-02	5.228879e-02	5.464269e-02	5.702508e-02	6.183384e-02
6.668296e-02	7.154152e-02	7.641017e-02	8.134261e-02	8.643485e-02	9.170183e-02
9.713786e-02	1.027910e-01	1.086851e-01	1.149255e-01	1.216467e-01	1.291107e-01
1.374932e-01	1.461113e-01	1.522209e-01	1.528292e-01	1.523702e-01	1.518929e-01
1.558999e-01	1.611002e-01	1.678256e-01	1.658786e-01	1.596517e-01	1.585653e-01
1.602104e-01	1.753786e-01	5.591474e-02	5.849693e-02	6.111676e-02	6.378088e-02
6.647723e-02	7.192174e-02	7.741692e-02	8.293034e-02	8.846289e-02	9.407171e-02
9.985834e-02	1.058364e-01	1.119969e-01	1.183877e-01	1.250297e-01	1.320334e-01
1.395467e-01	1.478704e-01	1.572088e-01	1.668071e-01	1.736836e-01	1.744784e-01
1.741237e-01	1.737280e-01	1.781770e-01	1.837586e-01	1.909234e-01	1.888690e-01
1.822757e-01	1.811234e-01	1.828689e-01	1.989092e-01	6.555059e-02	6.847253e-02
7.143517e-02	7.444730e-02	7.749613e-02	8.365544e-02	8.987872e-02	9.613217e-02
1.024168e-01	1.087928e-01	1.153665e-01	1.221497e-01	1.291288e-01	1.363509e-01
1.438324e-01	1.516880e-01	1.600808e-01	1.693557e-01	1.797515e-01	1.904343e-01
1.981725e-01	1.991944e-01	1.989829e-01	1.987018e-01	2.036374e-01	2.096039e-01
2.172001e-01	2.150459e-01	2.081057e-01	2.068907e-01	2.087321e-01	2.255967e-01
7.684701e-02	8.014930e-02	8.349564e-02	8.689752e-02	9.034145e-02	9.730344e-02
1.043465e-01	1.114356e-01	1.185717e-01	1.258175e-01	1.332832e-01	1.409775e-01
1.488814e-01	1.570396e-01	1.654628e-01	1.742684e-01	1.836364e-01	1.939628e-01
2.055266e-01	2.174082e-01	2.261143e-01	2.274115e-01	2.273912e-01	2.272657e-01
2.327360e-01	2.390844e-01	2.470932e-01	2.448509e-01	2.375960e-01	2.363238e-01
2.382531e-01	2.558650e-01	9.009016e-02	9.381733e-02	9.759230e-02	1.014299e-01
1.053159e-01	1.131780e-01	1.211432e-01	1.291752e-01	1.372749e-01	1.455063e-01
1.539823e-01	1.627073e-01	1.716555e-01	1.808675e-01	1.903460e-01	2.002100e-01
2.106582e-01	2.221454e-01	2.349977e-01	2.482027e-01	2.579957e-01	2.596258e-01
2.598553e-01	2.599358e-01	2.659926e-01	2.727112e-01	2.811005e-01	2.787867e-01
2.712654e-01	2.699441e-01	2.719492e-01	2.901944e-01	1.056155e-01	1.098162e-01
1.140689e-01	1.183925e-01	1.227725e-01	1.316425e-01	1.406436e-01	1.497389e-01
1.589282e-01	1.682763e-01	1.778960e-01	1.877864e-01	1.979133e-01	2.083109e-01
2.189714e-01	2.300134e-01	2.416562e-01	2.544228e-01	2.686947e-01	2.833591e-01
2.943724e-01	2.964034e-01	2.969542e-01	2.973023e-01	3.040013e-01	3.110675e-01
3.197882e-01	3.174260e-01	3.097060e-01	3.083474e-01	3.104110e-01	3.291297e-01
1.238164e-01	1.285434e-01	1.333273e-01	1.381920e-01	1.431226e-01	1.531194e-01
1.632830e-01	1.735761e-01	1.839971e-01	1.946094e-01	2.055236e-01	2.167312e-01
2.281877e-01	2.399183e-01	2.519015e-01	2.642533e-01	2.772155e-01	2.913900e-01
3.072237e-01	3.234952e-01	3.358781e-01	3.383908e-01	3.393497e-01	3.400403e-01
3.474413e-01	3.548186e-01	3.638005e-01	3.614206e-01	3.535939e-01	3.522140e-01
3.543124e-01	3.732889e-01	1.451538e-01	1.504642e-01	1.558371e-01	1.613025e-01
1.668458e-01	1.781001e-01	1.895666e-01	2.012079e-01	2.130203e-01	2.250633e-01
2.374418e-01	2.501374e-01	2.630931e-01	2.763215e-01	2.897839e-01	3.035902e-01
3.180072e-01	3.337286e-01	3.512774e-01	3.693163e-01	3.832359e-01	3.863260e-01
3.877978e-01	3.889220e-01	3.970885e-01	4.047232e-01	4.138702e-01	4.115128e-01
4.037012e-01	4.023214e-01	4.044228e-01	4.233730e-01	1.701683e-01	1.761231e-01
1.821472e-01	1.882780e-01	1.945012e-01	2.071563e-01	2.200812e-01	2.332386e-01
2.466215e-01	2.602829e-01	2.743169e-01	2.886927e-01	3.033380e-01	3.182482e-01
3.333633e-01	3.487829e-01	3.648014e-01	3.822188e-01	4.016481e-01	4.216276e-01
4.372710e-01	4.410514e-01	4.431627e-01	4.448305e-01	4.538301e-01	4.616468e-01
4.708310e-01	4.685477e-01	4.609091e-01	4.595572e-01	4.616203e-01	4.801768e-01
1.994937e-01	2.061578e-01	2.128993e-01	2.197648e-01	2.267407e-01	2.409529e-01
2.555077e-01	2.703682e-01	2.855228e-01	3.010140e-01	3.169189e-01	3.331908e-01
3.497390e-01	3.665366e-01	3.834964e-01	4.007029e-01	4.184813e-01	4.377547e-01
4.592417e-01	4.813486e-01	4.989250e-01	5.035291e-01	5.064320e-01	5.087761e-01
5.186797e-01	5.265766e-01	5.356312e-01	5.334875e-01	5.262238e-01	5.249355e-01
5.269073e-01	5.446021e-01	2.338727e-01	2.413143e-01	2.488433e-01	2.565172e-01
2.643239e-01	2.802632e-01	2.966367e-01	3.134086e-01	3.305604e-01	3.481189e-01
3.661369e-01	3.845477e-01	4.032379e-01	4.221519e-01	4.411688e-01	4.603517e-01
4.800601e-01	5.013598e-01	5.250938e-01	5.495287e-01	5.692720e-01	5.748572e-01
5.787340e-01	5.819141e-01	5.927959e-01	6.006386e-01	6.093498e-01	6.074278e-01
6.007942e-01	5.996149e-01	6.014278e-01	6.176712e-01	2.741762e-01	2.824661e-01
2.908558e-01	2.994160e-01	3.081368e-01	3.259868e-01	3.443864e-01	3.633007e-01
3.827020e-01	4.025952e-01	4.229987e-01	4.438206e-01	4.649205e-01	4.862057e-01
5.075142e-01	5.288799e-01	5.507001e-01	5.742067e-01	6.003886e-01	6.273661e-01
6.495377e-01	6.562893e-01	6.613585e-01	6.655658e-01	6.775029e-01	6.851174e-01
6.932143e-01	6.916161e-01	6.859318e-01	6.849184e-01	6.864877e-01	7.005440e-01
3.214254e-01	3.306357e-01	3.399613e-01	3.494890e-01	3.592118e-01	3.791701e-01
3.998223e-01	4.211351e-01	4.430684e-01	4.655963e-01	4.886911e-01	5.122296e-01
5.360385e-01	5.599786e-01	5.838372e-01	6.076093e-01	6.317347e-01	6.576380e-01
6.864802e-01	7.162286e-01	7.411206e-01	7.492568e-01	7.557790e-01	7.612426e-01
7.743139e-01	7.814779e-01	7.886210e-01	7.874727e-01	7.831341e-01	7.823575e-01
7.835777e-01	7.945358e-01	3.768170e-01	3.870197e-01	3.973573e-01	4.079359e-01
4.187527e-01	4.410299e-01	4.641817e-01	4.881764e-01	5.129567e-01	5.384563e-01
5.645858e-01	5.911830e-01	6.180352e-01	6.449451e-01	6.716379e-01	6.980583e-01
7.246933e-01	7.531919e-01	7.849167e-01	8.176780e-01	8.456165e-01	8.553937e-01
8.636798e-01	8.706733e-01	8.849587e-01	8.913914e-01	8.971585e-01	8.966149e-01
8.941109e-01	8.936587e-01	8.943991e-01	9.011385e-01	4.417544e-01	4.530190e-01
4.644436e-01	4.761572e-01	4.881628e-01	5.129819e-01	5.389010e-01	5.658900e-01
5.938690e-01	6.227180e-01	6.522670e-01	6.823059e-01	7.125749e-01	7.428038e-01
7.726427e-01	8.019717e-01	8.313307e-01	8.626296e-01	8.974683e-01	9.334971e-01
9.648460e-01	9.765655e-01	9.869852e-01	9.958349e-01	1.011414e+00	1.016764e+00
1.020634e+00	1.020884e+00	1.020814e+00	1.020794e+00	1.020894e+00	1.022044e+00
5.184396e-01	5.307099e-01	5.431818e-01	5.560182e-01	5.692297e-01	5.967137e-01
6.256443e-01	6.559948e-01	6.876508e-01	7.204048e-01	7.539555e-01	7.880176e-01
8.222593e-01	8.562896e-01	8.896274e-01	9.220478e-01	9.542164e-01	9.885368e-01
1.027034e+00	1.066931e+00	1.102098e+00	1.116034e+00	1.129077e+00	1.140397e+00
1.157460e+00	1.160896e+00	1.161863e+00	1.163258e+00	1.166848e+00	1.167615e+00
1.166497e+00	1.159377e+00	6.079595e-01	6.213511e-01	6.349907e-01	6.490768e-01
6.636299e-01	6.940777e-01	7.263531e-01	7.604300e-01	7.961522e-01	8.332138e-01
8.711680e-01	9.096495e-01	9.482516e-01	9.864584e-01	1.023660e+00	1.059520e+00
1.094800e+00	1.132346e+00	1.174574e+00	1.218429e+00	1.257864e+00	1.274477e+00
1.290637e+00	1.304768e+00	1.323324e+00	1.324521e+00	1.322003e+00	1.324755e+00
1.332624e+00	1.334218e+00	1.331851e+00	1.314993e+00	7.094074e-01	7.247873e-01
7.404086e-01	7.564701e-01	7.729996e-01	8.074237e-01	8.436904e-01	8.817583e-01
9.214591e-01	9.624926e-01	1.004422e+00	1.046899e+00	1.089535e+00	1.131864e+00
1.173386e+00	1.213772e+00	1.253433e+00	1.294403e+00	1.338572e+00	1.384476e+00
1.428802e+00	1.449229e+00	1.468935e+00	1.485021e+00	1.504398e+00	1.505162e+00
1.500306e+00	1.504067e+00	1.514372e+00	1.515520e+00	1.514138e+00	1.490985e+00
8.237532e-01	8.422047e-01	8.608331e-01	8.797857e-01	8.990909e-01	9.387466e-01
9.797600e-01	1.022050e+00	1.065485e+00	1.109918e+00	1.155131e+00	1.200918e+00
1.247010e+00	1.293201e+00	1.339377e+00	1.385367e+00	1.430729e+00	1.475240e+00
1.519226e+00	1.564995e+00	1.614725e+00	1.640040e+00	1.663547e+00	1.680480e+00
1.699944e+00	1.702517e+00	1.697155e+00	1.701329e+00	1.711448e+00	1.710747e+00
1.712801e+00	1.688676e+00	9.552283e-01	9.763995e-01	9.977220e-01	1.019321e+00
1.041230e+00	1.085995e+00	1.131932e+00	1.178909e+00	1.226773e+00	1.275358e+00
1.324457e+00	1.373873e+00	1.423373e+00	1.472852e+00	1.522447e+00	1.572135e+00
1.621190e+00	1.668667e+00	1.714445e+00	1.762281e+00	1.816456e+00	1.844880e+00
1.871022e+00	1.889169e+00	1.909627e+00	1.913349e+00	1.909489e+00	1.913253e+00
1.921793e+00	1.920628e+00	1.923424e+00	1.902695e+00	1.105879e+00	1.129661e+00
1.153594e+00	1.177795e+00	1.202305e+00	1.252300e+00	1.303443e+00	1.355530e+00
1.408348e+00	1.461586e+00	1.514919e+00	1.568064e+00	1.620775e+00	1.672954e+00
1.724931e+00	1.776872e+00	1.828170e+00	1.878163e+00	1.926984e+00	1.978300e+00
2.036129e+00	2.066372e+00	2.094290e+00	2.113822e+00	2.135849e+00	2.140542e+00
2.140094e+00	2.142667e+00	2.148101e+00	2.147388e+00	2.149143e+00	2.136191e+00
1.275076e+00	1.302189e+00	1.329389e+00	1.356738e+00	1.384291e+00	1.440097e+00
1.496603e+00	1.553561e+00	1.610735e+00	1.667847e+00	1.724658e+00	1.780894e+00
1.836306e+00	1.890817e+00	1.944890e+00	1.998841e+00	2.052202e+00	2.104616e+00
2.156395e+00	2.210639e+00	2.270593e+00	2.301750e+00	2.331196e+00	2.352467e+00
2.375651e+00	2.381713e+00	2.385467e+00	2.386296e+00	2.387872e+00	2.388026e+00
2.388263e+00	2.385389e+00	1.462736e+00	1.494268e+00	1.525717e+00	1.557009e+00
1.588217e+00	1.650522e+00	1.712358e+00	1.773484e+00	1.833749e+00	1.893236e+00
1.952163e+00	2.010414e+00	2.067753e+00	2.124130e+00	2.180008e+00	2.235775e+00
2.291109e+00	2.345936e+00	2.400583e+00	2.456837e+00	2.516442e+00	2.547103e+00
2.577735e+00	2.601347e+00	2.625015e+00	2.632988e+00	2.641759e+00	2.640156e+00
2.637101e+00	2.638675e+00	2.636810e+00	2.646649e+00	1.669009e+00	1.705727e+00
1.742110e+00	1.777890e+00	1.813150e+00	1.882379e+00	1.949435e+00	2.014096e+00
2.076438e+00	2.137063e+00	2.196947e+00	2.256179e+00	2.314589e+00	2.372103e+00
2.429146e+00	2.486065e+00	2.542538e+00	2.598457e+00	2.654061e+00	2.710872e+00
2.770428e+00	2.801117e+00	2.832537e+00	2.857178e+00	2.880964e+00	2.891099e+00
2.904881e+00	2.900630e+00	2.892937e+00	2.896142e+00	2.892657e+00	2.913999e+00
1.894465e+00	1.937006e+00	1.978880e+00	2.019559e+00	2.059136e+00	2.135445e+00
2.207349e+00	2.274673e+00	2.337852e+00	2.398180e+00	2.457666e+00	2.516646e+00
2.575051e+00	2.632747e+00	2.690080e+00	2.747273e+00	2.803875e+00	2.859499e+00
2.914225e+00	2.970189e+00	3.029744e+00	3.060772e+00	3.092453e+00	3.116903e+00
3.140513e+00	3.152731e+00	3.170914e+00	3.164182e+00	3.152389e+00	3.157116e+00
3.152208e+00	3.183452e+00	2.140951e+00	2.189443e+00	2.236872e+00	2.282416e+00
2.326187e+00	2.409072e+00	2.484990e+00	2.553873e+00	2.616547e+00	2.675142e+00
2.732794e+00	2.790149e+00	2.847203e+00	2.903783e+00	2.960152e+00	3.016419e+00
3.072045e+00	3.126430e+00	3.179519e+00	3.233807e+00	3.292137e+00	3.322761e+00
3.353995e+00	3.377961e+00	3.401298e+00	3.414743e+00	3.435593e+00	3.427342e+00
3.412998e+00	3.418498e+00	3.411805e+00	3.450891e+00	2.407464e+00	2.461656e+00
2.514364e+00	2.564419e+00	2.611957e+00	2.700411e+00	2.779095e+00	2.848111e+00
2.908748e+00	2.964030e+00	3.018285e+00	3.072479e+00	3.126678e+00	3.180705e+00
3.234731e+00	3.288755e+00	3.342189e+00	3.394232e+00	3.444686e+00	3.496336e+00
3.552418e+00	3.582066e+00	3.612223e+00	3.635310e+00	3.658305e+00	3.671684e+00
3.692440e+00	3.684167e+00	3.669801e+00	3.675269e+00	3.669172e+00	3.707344e+00
2.695064e+00	2.754483e+00	2.811954e+00	2.865944e+00	2.916616e+00	3.009241e+00
3.089155e+00	3.156680e+00	3.213624e+00	3.263943e+00	3.313167e+00	3.362599e+00
3.412374e+00	3.462327e+00	3.512557e+00	3.562984e+00	3.612983e+00	3.661556e+00
3.708362e+00	3.756414e+00	3.809260e+00	3.837404e+00	3.865889e+00	3.887766e+00
3.910328e+00	3.922284e+00	3.940015e+00	3.933305e+00	3.921582e+00	3.926120e+00
3.921270e+00	3.952584e+00	3.000174e+00	3.063757e+00	3.124909e+00	3.181732e+00
3.234434e+00	3.329028e+00	3.408051e+00	3.472084e+00	3.523476e+00	3.567077e+00
3.609539e+00	3.652491e+00	3.696143e+00	3.740365e+00	3.785217e+00	3.830588e+00
3.875830e+00	3.919752e+00	3.961874e+00	4.005366e+00	4.053998e+00	4.080119e+00
4.106350e+00	4.126711e+00	4.148732e+00	4.157782e+00	4.169342e+00	4.165892e+00
4.159702e+00	4.162292e+00	4.159112e+00	4.177663e+00	3.321772e+00	3.388171e+00
3.451651e+00	3.509941e+00	3.563318e+00	3.657281e+00	3.733004e+00	3.791363e+00
3.835239e+00	3.870335e+00	3.904321e+00	3.939077e+00	3.974924e+00	4.011815e+00
4.049771e+00	4.088682e+00	4.127889e+00	4.166005e+00	4.202395e+00	4.240369e+00
4.283884e+00	4.307530e+00	4.331028e+00	4.349562e+00	4.370838e+00	4.376030e+00
4.379509e+00	4.380352e+00	4.381415e+00	4.381218e+00	4.381290e+00	4.381371e+00
3.664075e+00	3.732101e+00	3.796710e+00	3.855249e+00	3.908080e+00	3.999039e+00
4.069214e+00	4.119812e+00	4.154263e+00	4.179100e+00	4.202945e+00	4.227908e+00
4.254426e+00	4.282560e+00	4.312294e+00	4.343530e+00	4.375599e+00	4.406901e+00
4.436627e+00	4.468229e+00	4.505856e+00	4.526668e+00	4.547073e+00	4.563516e+00
4.583784e+00	4.584763e+00	4.579545e+00	4.584989e+00	4.593844e+00	4.590600e+00
4.594385e+00	4.574006e+00	4.023415e+00	4.091107e+00	4.154950e+00	4.211971e+00
4.262626e+00	4.347696e+00	4.409823e+00	4.450353e+00	4.473261e+00	4.485886e+00
4.497744e+00	4.511224e+00	4.526827e+00	4.544740e+00	4.564945e+00	4.587376e+00
4.611296e+00	4.634759e+00	4.656664e+00	4.680796e+00	4.711752e+00	4.729493e+00
4.746576e+00	4.760597e+00	4.779276e+00	4.776695e+00	4.764324e+00	4.773467e+00
4.788643e+00	4.782885e+00	4.789533e+00	4.751266e+00	4.394404e+00	4.459689e+00
4.520717e+00	4.574209e+00	4.620742e+00	4.696316e+00	4.747285e+00	4.775229e+00
4.784643e+00	4.783492e+00	4.781927e+00	4.782606e+00	4.786049e+00	4.792564e+00
4.802135e+00	4.814717e+00	4.829505e+00	4.844234e+00	4.857536e+00	4.873524e+00
4.897228e+00	4.911668e+00	4.925292e+00	4.936701e+00	4.953298e+00	4.947902e+00
4.930215e+00	4.942004e+00	4.961726e+00	4.954212e+00	4.962752e+00	4.910342e+00
4.773248e+00	4.837833e+00	4.896775e+00	4.945738e+00	4.985704e+00	5.044548e+00
5.076745e+00	5.087679e+00	5.082289e+00	5.067868e+00	5.053422e+00	5.041488e+00
5.032640e+00	5.027139e+00	5.024688e+00	5.025050e+00	5.027904e+00	5.032107e+00
5.037127e+00	5.045767e+00	5.061300e+00	5.071407e+00	5.081257e+00	5.090275e+00
5.104178e+00	5.097429e+00	5.079035e+00	5.090874e+00	5.110388e+00	5.104171e+00
5.111763e+00	5.058688e+00	5.164870e+00	5.229257e+00	5.285970e+00	5.329147e+00
5.360401e+00	5.396969e+00	5.404977e+00	5.395612e+00	5.374025e+00	5.346025e+00
5.318478e+00	5.293585e+00	5.271989e+00	5.253805e+00	5.238324e+00	5.225043e+00
5.214428e+00	5.207108e+00	5.203822e+00	5.205309e+00	5.212163e+00	5.217471e+00
5.223401e+00	5.230083e+00	5.240964e+00	5.233612e+00	5.216773e+00	5.227369e+00
5.244446e+00	5.240821e+00	5.246218e+00	5.199100e+00	5.570203e+00	5.629450e+00
5.679743e+00	5.714380e+00	5.735444e+00	5.749174e+00	5.733469e+00	5.702561e+00
5.661880e+00	5.616750e+00	5.573242e+00	5.533391e+00	5.497670e+00	5.465848e+00
5.437031e+00	5.410457e+00	5.386967e+00	5.367926e+00	5.354591e+00	5.346812e+00
5.344169e+00	5.344750e+00	5.346508e+00	5.350122e+00	5.357061e+00	5.350408e+00
5.336716e+00	5.345121e+00	5.358470e+00	5.356495e+00	5.360014e+00	5.322726e+00
5.983559e+00	6.030637e+00	6.068886e+00	6.091720e+00	6.101302e+00	6.093098e+00
6.055911e+00	6.002958e+00	5.940170e+00	5.873965e+00	5.811508e+00	5.754831e+00
5.703902e+00	5.657888e+00	5.615943e+00	5.577020e+00	5.541840e+00	5.511325e+00
5.486503e+00	5.467753e+00	5.455367e+00	5.451602e+00	5.449230e+00	5.449310e+00
5.451748e+00	5.446891e+00	5.437548e+00	5.443066e+00	5.451851e+00	5.450526e+00
5.452593e+00	5.427835e+00	6.403308e+00	6.438266e+00	6.464148e+00	6.474189e+00
6.470770e+00	6.436749e+00	6.374037e+00	6.296127e+00	6.209504e+00	6.121238e+00
6.039184e+00	5.965131e+00	5.898397e+00	5.837549e+00	5.781886e+00	5.730264e+00
5.683143e+00	5.640828e+00	5.603892e+00	5.573335e+00	5.550219e+00	5.541530e+00
5.534408e+00	5.530508e+00	5.528219e+00	5.524974e+00	5.519705e+00	5.522375e+00
5.526671e+00	5.525988e+00	5.527009e+00	5.514561e+00	6.825988e+00	6.849845e+00
6.863783e+00	6.860431e+00	6.842584e+00	6.778569e+00	6.685881e+00	6.580065e+00
6.468134e+00	6.357192e+00	6.255194e+00	6.163444e+00	6.080478e+00	6.004308e+00
5.934466e+00	5.869933e+00	5.810786e+00	5.756521e+00	5.707063e+00	5.664098e+00
5.629468e+00	5.615357e+00	5.602953e+00	5.594754e+00	5.587794e+00	5.585611e+00
5.583416e+00	5.583705e+00	5.584280e+00	5.584144e+00	5.584370e+00	5.582150e+00
7.249104e+00	7.263379e+00	7.266204e+00	7.249114e+00	7.215524e+00	7.117336e+00
6.990172e+00	6.853552e+00	6.714899e+00	6.580736e+00	6.458432e+00	6.348634e+00
6.248959e+00	6.156952e+00	6.072450e+00	5.994829e+00	5.923647e+00	5.857300e+00
5.794869e+00	5.738807e+00	5.691644e+00	5.671404e+00	5.652900e+00	5.639838e+00
5.628126e+00	5.625997e+00	5.625027e+00	5.623819e+00	5.622140e+00	5.622307e+00
5.621877e+00	5.625867e+00	7.669570e+00	7.674846e+00	7.666625e+00	7.634966e+00
7.584104e+00	7.447736e+00	7.282109e+00	7.112162e+00	6.945601e+00	6.787792e+00
6.644819e+00	6.516652e+00	6.399849e+00	6.291580e+00	6.192112e+00	6.101406e+00
6.018375e+00	5.940284e+00	5.865394e+00	5.797420e+00	5.735754e+00	5.707397e+00
5.680788e+00	5.661427e+00	5.643929e+00	5.640845e+00	5.639412e+00	5.637414e+00
5.634645e+00	5.634944e+00	5.634192e+00	5.641016e+00	8.086878e+00	8.082775e+00
8.062795e+00	8.015143e+00	7.945026e+00	7.765870e+00	7.557608e+00	7.351842e+00
7.156245e+00	6.974480e+00	6.810558e+00	6.663589e+00	6.529012e+00	6.403598e+00
6.288363e+00	6.182556e+00	6.085518e+00	5.993350e+00	5.903076e+00	5.818183e+00
5.746598e+00	5.714995e+00	5.685130e+00	5.663277e+00	5.643521e+00	5.639963e+00
5.638166e+00	5.635988e+00	5.633002e+00	5.633321e+00	5.632517e+00	5.639864e+00
8.493865e+00	8.476305e+00	8.440814e+00	8.374264e+00	8.282842e+00	8.058610e+00
7.806877e+00	7.564514e+00	7.338841e+00	7.131878e+00	6.945586e+00	6.778334e+00
6.624872e+00	6.481760e+00	6.350099e+00	6.230947e+00	6.122166e+00	6.018674e+00
5.916903e+00	5.821062e+00	5.735181e+00	5.695530e+00	5.657650e+00	5.629650e+00
5.604129e+00	5.598849e+00	5.595269e+00	5.593209e+00	5.590609e+00	5.590839e+00
5.590249e+00	5.596259e+00	8.899777e+00	8.844625e+00	8.775095e+00	8.681527e+00
8.569349e+00	8.315221e+00	8.039071e+00	7.765694e+00	7.503165e+00	7.258544e+00
7.039629e+00	6.846184e+00	6.666212e+00	6.502792e+00	6.352391e+00	6.225552e+00
6.109645e+00	5.998413e+00	5.888648e+00	5.784746e+00	5.686189e+00	5.640282e+00
5.595735e+00	5.561776e+00	5.530966e+00	5.524255e+00	5.519076e+00	5.517297e+00
5.515261e+00	5.515429e+00	5.515000e+00	5.519143e+00	9.308066e+00	9.203164e+00
9.090524e+00	8.964795e+00	8.829407e+00	8.544474e+00	8.245488e+00	7.942197e+00
7.643487e+00	7.361957e+00	7.111184e+00	6.892389e+00	6.692262e+00	6.514943e+00
6.353544e+00	6.210992e+00	6.078083e+00	5.949880e+00	5.823932e+00	5.704290e+00
5.595885e+00	5.546598e+00	5.497533e+00	5.458708e+00	5.423297e+00	5.415366e+00
5.408909e+00	5.407542e+00	5.406154e+00	5.406277e+00	5.405963e+00	5.407951e+00
9.719114e+00	9.557551e+00	9.393451e+00	9.225177e+00	9.054785e+00	8.714860e+00
8.376116e+00	8.043787e+00	7.723217e+00	7.419762e+00	7.144259e+00	6.898022e+00
6.689545e+00	6.503341e+00	6.333406e+00	6.169903e+00	6.017838e+00	5.874770e+00
5.738625e+00	5.609089e+00	5.487520e+00	5.430918e+00	5.376002e+00	5.334045e+00
5.293792e+00	5.284139e+00	5.276814e+00	5.275851e+00	5.274899e+00	5.274919e+00
5.274766e+00	5.275062e+00	1.011749e+01	9.894509e+00	9.673598e+00	9.456609e+00
9.245003e+00	8.840753e+00	8.459791e+00	8.102570e+00	7.767515e+00	7.451528e+00
7.160039e+00	6.893447e+00	6.654951e+00	6.436146e+00	6.235031e+00	6.050175e+00
5.883693e+00	5.735232e+00	5.602131e+00	5.472520e+00	5.335822e+00	5.267848e+00
5.206898e+00	5.165586e+00	5.120925e+00	5.109056e+00	5.101807e+00	5.101207e+00
5.100282e+00	5.100143e+00	5.100157e+00	5.099726e+00	1.043269e+01	1.016886e+01
9.909331e+00	9.657748e+00	9.415139e+00	8.957202e+00	8.533385e+00	8.132431e+00
7.765256e+00	7.438029e+00	7.136120e+00	6.856355e+00	6.589252e+00	6.346567e+00
6.125259e+00	5.923769e+00	5.743463e+00	5.584723e+00	5.444598e+00	5.307626e+00
5.159320e+00	5.084768e+00	5.019056e+00	4.975489e+00	4.925991e+00	4.912421e+00
4.905183e+00	4.904700e+00	4.903602e+00	4.903434e+00	4.903423e+00	4.902982e+00
1.070684e+01	1.041052e+01	1.011988e+01	9.839630e+00	9.570364e+00	9.063415e+00
8.597272e+00	8.153216e+00	7.750888e+00	7.390808e+00	7.060384e+00	6.758136e+00
6.479104e+00	6.225658e+00	5.993825e+00	5.781210e+00	5.588972e+00	5.417798e+00
5.264451e+00	5.115513e+00	4.959116e+00	4.881704e+00	4.812437e+00	4.764945e+00
4.710596e+00	4.695764e+00	4.688589e+00	4.687996e+00	4.686495e+00	4.686395e+00
4.686205e+00	4.686532e+00	1.094978e+01	1.062013e+01	1.029777e+01	9.988683e+00
9.692773e+00	9.136250e+00	8.619935e+00	8.155470e+00	7.727228e+00	7.333302e+00
6.976370e+00	6.653378e+00	6.361169e+00	6.096170e+00	5.853391e+00	5.629608e+00
5.425757e+00	5.242705e+00	5.077155e+00	4.916726e+00	4.751126e+00	4.669898e+00
4.596638e+00	4.545463e+00	4.486533e+00	4.470496e+00	4.463105e+00	4.462288e+00
4.460280e+00	4.460244e+00	4.459861e+00	4.461337e+00	1.115931e+01	1.079669e+01
1.044340e+01	1.010683e+01	9.786110e+00	9.186177e+00	8.625060e+00	8.124637e+00
7.667015e+00	7.250326e+00	6.873812e+00	6.534328e+00	6.228219e+00	5.951189e+00
5.697258e+00	5.462447e+00	5.247501e+00	5.053332e+00	4.876951e+00	4.705404e+00
4.528433e+00	4.441710e+00	4.363715e+00	4.309271e+00	4.246038e+00	4.228804e+00
4.220787e+00	4.219549e+00	4.216844e+00	4.216890e+00	4.216250e+00	4.219548e+00
1.133374e+01	1.093635e+01	1.055091e+01	1.018664e+01	9.841667e+00	9.193580e+00
8.615246e+00	8.081614e+00	7.599812e+00	7.164684e+00	6.771557e+00	6.416748e+00
6.096509e+00	5.806422e+00	5.540467e+00	5.294335e+00	5.067765e+00	4.859917e+00
4.668160e+00	4.484186e+00	4.302383e+00	4.214388e+00	4.130867e+00	4.068136e+00
4.001041e+00	3.984122e+00	3.974544e+00	3.972810e+00	3.969367e+00	3.969065e+00
3.968974e+00	3.973984e+00	1.147720e+01	1.104581e+01	1.062958e+01	1.023979e+01
9.872920e+00	9.192664e+00	8.577165e+00	8.022797e+00	7.523868e+00	7.073929e+00
6.666661e+00	6.297899e+00	5.964069e+00	5.660961e+00	5.382992e+00	5.125802e+00
4.887876e+00	4.666069e+00	4.457916e+00	4.261158e+00	4.075619e+00	3.986902e+00
3.897123e+00	3.824533e+00	3.753829e+00	3.737536e+00	3.725771e+00	3.723517e+00
3.719399e+00	3.718618e+00	3.719323e+00	3.725848e+00	1.159289e+01	1.113061e+01
1.068637e+01	1.027332e+01	9.887232e+00	9.171580e+00	8.529455e+00	7.953757e+00
7.437504e+00	6.972963e+00	6.552674e+00	6.172016e+00	5.827141e+00	5.513711e+00
5.225967e+00	4.959397e+00	4.712200e+00	4.480914e+00	4.262671e+00	4.054832e+00
3.855987e+00	3.759933e+00	3.663477e+00	3.586538e+00	3.511889e+00	3.494073e+00
3.480224e+00	3.477562e+00	3.473146e+00	3.472392e+00	3.472941e+00	3.480308e+00
1.167823e+01	1.119003e+01	1.072209e+01	1.028586e+01	9.882788e+00	9.139959e+00
8.474696e+00	7.880820e+00	7.349585e+00	6.872234e+00	6.440529e+00	6.049541e+00
5.695200e+00	5.372941e+00	5.076881e+00	4.802271e+00	4.546944e+00	4.306940e+00
4.078754e+00	3.860000e+00	3.648307e+00	3.545038e+00	3.441423e+00	3.359158e+00
3.279753e+00	3.260126e+00	3.243593e+00	3.240710e+00	3.236738e+00	3.236089e+00
3.236373e+00	3.242323e+00	1.173189e+01	1.121940e+01	1.073096e+01	1.028658e+01
9.871652e+00	9.100941e+00	8.416219e+00	7.806923e+00	7.262853e+00	6.774431e+00
6.332933e+00	5.933201e+00	5.570946e+00	5.241381e+00	4.938451e+00	4.657179e+00
4.395011e+00	4.147448e+00	3.910325e+00	3.681143e+00	3.456805e+00	3.346158e+00
3.234946e+00	3.146692e+00	3.061541e+00	3.039760e+00	3.020302e+00	3.017388e+00
3.014449e+00	3.014021e+00	3.013946e+00	3.016731e+00	1.175788e+01	1.122945e+01
1.072622e+01	1.026671e+01	9.841533e+00	9.054159e+00	8.355255e+00	7.734146e+00
7.179947e+00	6.682613e+00	6.233282e+00	5.826659e+00	5.458243e+00	5.123063e+00
4.814844e+00	4.528405e+00	4.260785e+00	4.006891e+00	3.761881e+00	3.522593e+00
3.285377e+00	3.166823e+00	3.047009e+00	2.951447e+00	2.858805e+00	2.834474e+00
2.812024e+00	2.809253e+00	2.807762e+00	2.807642e+00	2.807162e+00	2.805521e+00
1.174892e+01	1.121483e+01	1.070411e+01	1.023520e+01	9.803645e+00	9.004717e+00
8.296761e+00	7.667360e+00	7.105660e+00	6.601574e+00	6.146366e+00	5.734644e+00
5.361734e+00	5.022493e+00	4.710489e+00	4.420307e+00	4.148594e+00	3.889661e+00
3.637896e+00	3.389069e+00	3.138735e+00	3.011654e+00	2.881971e+00	2.777366e+00
2.675119e+00	2.648204e+00	2.623518e+00	2.620903e+00	2.620434e+00	2.620513e+00
2.619763e+00	2.614946e+00	1.172713e+01	1.118157e+01	1.066322e+01	1.019240e+01
9.758716e+00	8.953984e+00	8.240890e+00	7.605830e+00	7.038597e+00	6.529365e+00
6.069714e+00	5.654192e+00	5.277987e+00	4.935804e+00	4.621084e+00	4.328188e+00
4.053376e+00	3.790350e+00	3.532679e+00	3.274885e+00	3.011457e+00	2.875644e+00
2.735516e+00	2.620988e+00	2.508054e+00	2.478720e+00	2.452617e+00	2.450104e+00
2.450060e+00	2.450210e+00	2.449348e+00	2.443085e+00	1.169196e+01	1.113883e+01
1.061596e+01	1.014424e+01	9.710448e+00	8.904738e+00	8.190992e+00	7.553965e+00
6.984072e+00	6.472035e+00	6.009978e+00	5.592471e+00	5.214609e+00	4.870982e+00
4.554943e+00	4.260678e+00	3.984042e+00	3.718065e+00	3.455370e+00	3.188878e+00
2.911078e+00	2.765421e+00	2.612940e+00	2.486228e+00	2.360207e+00	2.328729e+00
2.302639e+00	2.300024e+00	2.299087e+00	2.299048e+00	2.298324e+00	2.294520e+00
1.162292e+01	1.107280e+01	1.055332e+01	1.008608e+01	9.656724e+00	8.857103e+00
8.147348e+00	7.511559e+00	6.941344e+00	6.428361e+00	5.965477e+00	5.547354e+00
5.169041e+00	4.825054e+00	4.508696e+00	4.214008e+00	3.936456e+00	3.668394e+00
3.401467e+00	3.126871e+00	2.834536e+00	2.678552e+00	2.512609e+00	2.372056e+00
2.230705e+00	2.197194e+00	2.172388e+00	2.169492e+00	2.166407e+00	2.165914e+00
2.165684e+00	2.167733e+00	1.154387e+01	1.099851e+01	1.048459e+01	1.002413e+01
9.601695e+00	8.813224e+00	8.111233e+00	7.479994e+00	6.912366e+00	6.402207e+00
5.941848e+00	5.526144e+00	5.150158e+00	4.808406e+00	4.494174e+00	4.201301e+00
3.924622e+00	3.655359e+00	3.383503e+00	3.097835e+00	2.785202e+00	2.616142e+00
2.435920e+00	2.279649e+00	2.119312e+00	2.083583e+00	2.062578e+00	2.059074e+00
2.051158e+00	2.049578e+00	2.051241e+00	2.064211e+00	1.145220e+01	1.091495e+01
1.040964e+01	9.958604e+00	9.545511e+00	8.771980e+00	8.079736e+00	7.454184e+00
6.889725e+00	6.382771e+00	5.925080e+00	5.511751e+00	5.137902e+00	4.798088e+00
4.485602e+00	4.194159e+00	3.918178e+00	3.648124e+00	3.372685e+00	3.078189e+00
2.747635e+00	2.566432e+00	2.372669e+00	2.200830e+00	2.020862e+00	1.982862e+00
1.966376e+00	1.962168e+00	1.948594e+00	1.945710e+00	1.949745e+00	1.975289e+00
1.135761e+01	1.082956e+01	1.033406e+01	9.893736e+00	9.491358e+00	8.735614e+00
8.056183e+00	7.441035e+00	6.884250e+00	6.378693e+00	5.922191e+00	5.509909e+00
5.136984e+00	4.797994e+00	4.486241e+00	4.195402e+00	3.919773e+00	3.649581e+00
3.373072e+00	3.075678e+00	2.739022e+00	2.547507e+00	2.332020e+00	2.140975e+00
1.939367e+00	1.897758e+00	1.883128e+00	1.878384e+00	1.860512e+00	1.856484e+00
1.862436e+00	1.901598e+00	1.125821e+01	1.074108e+01	1.025720e+01	9.829413e+00
9.439500e+00	8.704334e+00	8.039000e+00	7.434691e+00	6.886226e+00	6.386850e+00
5.935724e+00	5.528220e+00	5.159526e+00	4.824326e+00	4.515982e+00	4.228074e+00
3.954545e+00	3.684872e+00	3.405979e+00	3.100713e+00	2.746978e+00	2.541913e+00
2.305443e+00	2.096242e+00	1.873596e+00	1.827456e+00	1.812203e+00	1.807088e+00
1.786288e+00	1.781279e+00	1.788647e+00	1.842031e+00	1.116122e+01	1.065511e+01
1.018320e+01	9.768651e+00	9.391974e+00	8.678633e+00	8.029763e+00	7.436211e+00
6.894187e+00	6.402921e+00	5.958359e+00	5.556548e+00	5.192852e+00	4.862068e+00
4.557639e+00	4.273054e+00	4.001961e+00	3.733177e+00	3.452390e+00	3.139831e+00
2.768187e+00	2.549961e+00	2.303655e+00	2.070307e+00	1.820459e+00	1.768814e+00
1.753747e+00	1.748212e+00	1.723837e+00	1.717904e+00	1.727537e+00	1.794163e+00
1.106818e+01	1.057296e+01	1.011311e+01	9.712405e+00	9.349579e+00	8.658646e+00
8.026764e+00	7.446059e+00	6.915556e+00	6.432447e+00	5.995055e+00	5.599585e+00
5.241519e+00	4.915692e+00	4.615612e+00	4.334684e+00	4.066389e+00	3.799094e+00
3.517560e+00	3.200051e+00	2.815619e+00	2.584453e+00	2.313131e+00	2.061134e+00
1.779466e+00	1.721135e+00	1.706043e+00	1.700127e+00	1.672260e+00	1.665448e+00
1.676280e+00	1.752982e+00	1.098119e+01	1.049649e+01	1.004847e+01	9.661990e+00
9.313388e+00	8.644927e+00	8.030218e+00	7.464355e+00	6.945263e+00	6.471619e+00
6.042466e+00	5.654283e+00	5.302677e+00	4.982574e+00	4.687496e+00	4.410819e+00
4.145878e+00	3.880712e+00	3.599231e+00	3.277812e+00	2.881163e+00	2.637530e+00
2.345491e+00	2.065553e+00	1.751347e+00	1.684434e+00	1.667396e+00	1.661244e+00
1.630987e+00	1.623384e+00	1.632740e+00	1.713819e+00	1.090049e+01	1.042589e+01
9.989632e+00	9.617280e+00	9.282928e+00	8.636304e+00	8.040570e+00	7.489592e+00
6.982803e+00	6.519568e+00	6.099539e+00	5.719469e+00	5.375097e+00	5.061453e+00
4.772049e+00	4.500237e+00	4.239273e+00	3.976973e+00	3.696502e+00	3.372456e+00
2.964997e+00	2.709130e+00	2.395282e+00	2.087826e+00	1.733412e+00	1.656949e+00
1.636417e+00	1.630106e+00	1.598267e+00	1.590150e+00	1.601134e+00	1.687512e+00
1.082607e+01	1.036132e+01	9.936523e+00	9.577997e+00	9.257636e+00	8.634194e+00
8.055470e+00	7.519704e+00	7.025776e+00	6.573586e+00	6.163329e+00	5.792016e+00
5.455527e+00	5.148984e+00	4.865868e+00	4.599518e+00	4.343163e+00	4.084452e+00
3.805932e+00	3.480536e+00	3.063645e+00	2.795811e+00	2.459437e+00	2.122816e+00
1.729047e+00	1.638736e+00	1.611760e+00	1.605270e+00	1.572742e+00	1.564383e+00
1.576635e+00	1.663058e+00	1.076004e+01	1.030481e+01	9.890978e+00	9.545635e+00
9.238633e+00	8.635672e+00	8.076044e+00	7.555698e+00	7.075075e+00	6.634515e+00
6.234678e+00	5.872803e+00	5.544910e+00	5.246200e+00	4.970091e+00	4.709923e+00
4.458976e+00	4.204798e+00	3.929539e+00	3.604737e+00	3.180878e+00	2.902019e+00
2.543014e+00	2.175229e+00	1.732399e+00	1.629242e+00	1.593559e+00	1.586799e+00
1.554527e+00	1.546186e+00	1.558697e+00	1.639762e+00	1.070524e+01	1.025915e+01
9.855609e+00	9.522266e+00	9.227153e+00	8.643130e+00	8.101894e+00	7.596774e+00
7.129424e+00	6.700654e+00	6.311511e+00	5.959442e+00	5.640602e+00	5.350231e+00
5.081720e+00	4.828367e+00	4.583542e+00	4.334843e+00	4.064161e+00	3.741972e+00
3.313914e+00	3.025250e+00	2.643805e+00	2.243398e+00	1.747079e+00	1.631516e+00
1.580885e+00	1.573870e+00	1.542841e+00	1.534644e+00	1.546325e+00	1.622724e+00
1.065710e+01	1.021963e+01	9.825702e+00	9.503447e+00	9.219342e+00	8.656751e+00
8.131374e+00	7.641028e+00	7.186885e+00	6.770051e+00	6.391873e+00	6.049971e+00
5.740630e+00	5.459113e+00	5.198787e+00	4.952890e+00	4.714927e+00	4.472634e+00
4.207780e+00	3.890054e+00	3.460328e+00	3.163044e+00	2.759582e+00	2.325781e+00
1.774604e+00	1.637239e+00	1.571442e+00	1.563891e+00	1.534530e+00	1.526618e+00
1.536854e+00	1.608246e+00	1.061676e+01	1.018712e+01	9.801938e+00	9.489892e+00
9.218302e+00	8.671220e+00	8.161835e+00	7.685952e+00	7.244901e+00	6.840055e+00
6.473019e+00	6.141572e+00	5.842106e+00	5.569930e+00	5.318352e+00	5.080574e+00
4.850281e+00	4.615395e+00	4.357687e+00	4.046325e+00	3.617557e+00	3.312982e+00
2.888178e+00	2.419918e+00	1.807950e+00	1.647643e+00	1.567460e+00	1.557985e+00
1.531946e+00	1.524928e+00	1.531362e+00	1.595386e+00	1.058449e+01	1.016168e+01
9.784112e+00	9.480896e+00	9.218483e+00	8.688766e+00	8.194193e+00	7.732129e+00
7.303896e+00	6.911001e+00	6.555226e+00	6.234482e+00	5.945247e+00	5.682902e+00
5.440671e+00	5.211740e+00	4.990040e+00	4.763735e+00	4.514778e+00	4.212215e+00
3.788115e+00	3.478544e+00	3.034528e+00	2.532231e+00	1.855287e+00	1.671251e+00
1.565688e+00	1.554587e+00	1.531067e+00	1.524594e+00	1.528250e+00	1.584385e+00
1.056400e+01	1.014645e+01	9.775127e+00	9.480771e+00	9.221952e+00	8.708808e+00
8.227981e+00	7.778926e+00	7.363011e+00	6.981808e+00	6.637145e+00	6.327068e+00
6.048166e+00	5.795892e+00	5.563416e+00	5.343948e+00	5.131635e+00	4.914908e+00
4.675959e+00	4.383859e+00	3.966944e+00	3.654265e+00	3.193375e+00	2.658180e+00
1.912513e+00	1.701414e+00	1.567366e+00	1.554845e+00	1.532275e+00	1.526192e+00
1.528609e+00	1.575385e+00	1.054840e+01	1.013515e+01	9.768868e+00	9.481705e+00
9.231734e+00	8.730915e+00	8.262691e+00	7.826008e+00	7.422077e+00	7.052432e+00
6.718850e+00	6.419505e+00	6.151119e+00	5.909212e+00	5.686935e+00	5.477550e+00
5.275417e+00	5.069262e+00	4.841587e+00	4.561661e+00	4.154530e+00	3.840647e+00
3.365240e+00	2.798447e+00	1.981025e+00	1.740377e+00	1.572981e+00	1.556175e+00
1.535848e+00	1.530793e+00	1.530021e+00	1.567566e+00	1.053942e+01	1.012932e+01
9.767402e+00	9.483307e+00	9.241377e+00	8.751712e+00	8.294949e+00	7.869834e+00
7.477377e+00	7.118994e+00	6.796328e+00	6.507657e+00	6.249831e+00	6.018454e+00
5.806679e+00	5.607831e+00	5.416553e+00	5.221928e+00	5.006802e+00	4.740540e+00
4.345193e+00	4.031849e+00	3.544768e+00	2.948826e+00	2.058522e+00	1.785592e+00
1.579806e+00	1.557973e+00	1.539035e+00	1.534790e+00	1.531289e+00	1.560954e+00
1.053421e+01	1.012635e+01	9.767663e+00	9.487945e+00	9.250743e+00	8.770727e+00
8.324107e+00	7.909556e+00	7.527861e+00	7.180273e+00	6.868243e+00	6.590114e+00
6.342832e+00	6.122044e+00	5.920864e+00	5.732683e+00	5.552641e+00	5.370483e+00
5.169592e+00	4.919054e+00	4.537806e+00	4.226753e+00	3.731184e+00	3.110286e+00
2.149961e+00	1.841878e+00	1.589567e+00	1.561194e+00	1.541742e+00	1.538048e+00
1.532313e+00	1.555519e+00	1.053930e+01	1.013069e+01	9.772205e+00	9.496452e+00
9.262865e+00	8.790297e+00	8.352584e+00	7.948204e+00	7.577284e+00	7.240327e+00
6.938050e+00	6.669035e+00	6.430875e+00	6.220079e+00	6.030953e+00	5.857302e+00
5.692750e+00	5.523534e+00	5.330777e+00	5.087250e+00	4.718100e+00	4.417845e+00
3.935545e+00	3.304944e+00	2.249486e+00	1.895857e+00	1.603947e+00	1.568422e+00
1.543455e+00	1.540168e+00	1.534216e+00	1.551246e+00	1.055100e+01	1.014196e+01
9.783541e+00	9.508354e+00	9.276693e+00	8.809727e+00	8.379706e+00	7.984551e+00
7.623649e+00	7.296649e+00	7.003419e+00	6.742799e+00	6.513112e+00	6.311879e+00
6.134832e+00	5.976393e+00	5.828486e+00	5.673220e+00	5.488561e+00	5.250677e+00
4.892844e+00	4.606223e+00	4.147382e+00	3.519571e+00	2.362540e+00	1.954763e+00
1.621088e+00	1.578274e+00	1.545043e+00	1.541353e+00	1.536930e+00	1.547625e+00
1.055295e+01	1.014599e+01	9.789809e+00	9.517138e+00	9.288176e+00	8.827018e+00
8.403594e+00	8.015832e+00	7.663000e+00	7.344541e+00	7.060082e+00	6.808457e+00
6.588019e+00	6.396310e+00	6.228955e+00	6.080676e+00	5.944509e+00	5.804563e+00
5.639461e+00	5.421089e+00	5.077503e+00	4.796160e+00	4.342503e+00	3.712665e+00
2.499509e+00	2.038438e+00	1.634324e+00	1.583375e+00	1.547604e+00	1.541809e+00
1.538638e+00	1.543984e+00	1.055058e+01	1.014756e+01	9.794966e+00	9.524959e+00
9.298055e+00	8.840821e+00	8.421864e+00	8.040048e+00	7.694432e+00	7.384089e+00
7.108115e+00	6.865236e+00	6.653759e+00	6.471136e+00	6.313027e+00	6.174447e+00
6.049576e+00	5.924489e+00	5.778929e+00	5.581802e+00	5.254727e+00	4.979417e+00
4.536208e+00	3.913632e+00	2.650110e+00	2.130257e+00	1.650478e+00	1.589712e+00
1.548299e+00	1.541746e+00	1.538499e+00	1.540562e+00	1.054993e+01	1.014926e+01
9.798631e+00	9.530322e+00	9.305214e+00	8.852492e+00	8.438748e+00	8.062899e+00
7.723834e+00	7.420368e+00	7.151270e+00	6.915360e+00	6.711165e+00	6.536424e+00
6.387160e+00	6.258810e+00	6.146153e+00	6.036119e+00	5.908877e+00	5.731828e+00
5.424725e+00	5.160317e+00	4.731693e+00	4.117748e+00	2.809396e+00	2.235427e+00
1.670327e+00	1.596554e+00	1.548297e+00	1.541951e+00	1.537584e+00	1.537821e+00
1.055195e+01	1.015138e+01	9.801186e+00	9.533802e+00	9.310222e+00	8.862453e+00
8.454741e+00	8.084816e+00	7.751361e+00	7.453155e+00	7.188989e+00	6.958003e+00
6.759189e+00	6.590897e+00	6.449780e+00	6.331868e+00	6.232057e+00	6.136962e+00
6.026287e+00	5.867339e+00	5.583465e+00	5.335729e+00	4.926428e+00	4.321980e+00
2.976615e+00	2.358335e+00	1.696301e+00	1.604445e+00	1.547538e+00	1.543080e+00
1.533226e+00	1.535845e+00	1.055069e+01	1.015283e+01	9.805933e+00	9.540123e+00
9.318032e+00	8.873869e+00	8.469985e+00	8.103992e+00	7.774590e+00	7.480535e+00
7.220653e+00	6.994232e+00	6.800507e+00	6.638109e+00	6.504064e+00	6.394869e+00
6.305974e+00	6.224704e+00	6.131321e+00	5.992659e+00	5.731881e+00	5.499123e+00
5.113087e+00	4.531357e+00	3.161437e+00	2.487725e+00	1.726937e+00	1.617377e+00
1.547562e+00	1.542336e+00	1.529679e+00	1.534416e+00	1.054745e+01	1.015387e+01
9.810504e+00	9.546833e+00	9.326194e+00	8.884989e+00	8.483972e+00	8.121000e+00
7.794813e+00	7.504198e+00	7.248088e+00	7.025871e+00	6.836940e+00	6.680067e+00
6.552517e+00	6.451189e+00	6.372262e+00	6.304209e+00	6.228264e+00	6.110671e+00
5.873843e+00	5.656526e+00	5.295815e+00	4.743302e+00	3.360076e+00	2.626483e+00
1.761786e+00	1.633991e+00	1.547630e+00	1.540773e+00	1.526779e+00	1.533196e+00
1.053999e+01	1.015140e+01	9.810804e+00	9.549882e+00	9.330880e+00	8.893019e+00
8.494547e+00	8.133727e+00	7.809556e+00	7.521206e+00	7.268036e+00	7.049516e+00
6.865083e+00	6.713448e+00	6.591849e+00	6.497422e+00	6.427293e+00	6.371618e+00
6.312894e+00	6.216174e+00	6.005525e+00	5.806362e+00	5.469710e+00	4.946234e+00
3.567645e+00	2.779404e+00	1.800904e+00	1.651726e+00	1.548112e+00	1.538989e+00
1.525964e+00	1.531952e+00	1.052348e+01	1.014278e+01	9.809460e+00	9.551423e+00
9.333776e+00	8.898916e+00	8.502528e+00	8.143240e+00	7.820374e+00	7.533577e+00
7.282697e+00	7.067281e+00	6.886781e+00	6.739766e+00	6.623296e+00	6.534649e+00
6.472009e+00	6.427581e+00	6.385435e+00	6.309078e+00	6.125605e+00	5.946274e+00
5.632734e+00	5.138195e+00	3.782570e+00	2.948698e+00	1.847088e+00	1.672534e+00
1.550280e+00	1.537072e+00	1.525715e+00	1.530797e+00	1.051483e+01	1.014237e+01
9.812396e+00	9.556061e+00	9.338582e+00	8.904757e+00	8.509634e+00	8.152019e+00
7.831139e+00	7.546574e+00	7.298160e+00	7.085452e+00	6.907920e+00	6.764082e+00
6.650960e+00	6.566241e+00	6.509578e+00	6.476065e+00	6.451805e+00	6.397179e+00
6.238835e+00	6.077626e+00	5.791321e+00	5.325430e+00	3.989578e+00	3.131355e+00
1.904632e+00	1.700926e+00	1.553578e+00	1.538111e+00	1.524756e+00	1.530210e+00
1.050852e+01	1.014255e+01	9.819606e+00	9.563282e+00	9.344221e+00	8.910218e+00
8.515979e+00	8.160012e+00	7.841332e+00	7.559240e+00	7.313294e+00	7.103006e+00
6.927887e+00	6.786485e+00	6.675857e+00	6.594193e+00	6.542697e+00	6.519588e+00
6.513321e+00	6.480865e+00	6.346919e+00	6.203194e+00	5.946193e+00	5.509173e+00
4.194999e+00	3.327543e+00	1.973258e+00	1.737074e+00	1.558633e+00	1.541543e+00
1.523114e+00	1.529807e+00	1.049854e+01	1.014184e+01	9.821885e+00	9.566772e+00
9.346387e+00	8.913219e+00	8.520077e+00	8.165512e+00	7.848530e+00	7.568346e+00
7.324400e+00	7.116229e+00	6.943334e+00	6.804361e+00	6.696416e+00	6.618033e+00
6.571470e+00	6.557020e+00	6.565317e+00	6.553450e+00	6.446521e+00	6.320793e+00
6.088548e+00	5.679350e+00	4.406120e+00	3.529801e+00	2.049198e+00	1.778772e+00
1.565006e+00	1.545183e+00	1.522164e+00	1.529124e+00	1.047950e+01	1.013320e+01
9.821204e+00	9.567715e+00	9.346730e+00	8.914405e+00	8.522188e+00	8.168643e+00
7.852825e+00	7.573989e+00	7.331580e+00	7.125195e+00	6.954268e+00	6.817568e+00
6.712257e+00	6.637114e+00	6.595043e+00	6.587525e+00	6.607482e+00	6.614687e+00
6.536272e+00	6.428256e+00	6.214517e+00	5.830621e+00	4.621761e+00	3.737013e+00
2.135554e+00	1.829677e+00	1.574244e+00	1.549336e+00	1.521713e+00	1.527751e+00
1.045583e+01	1.012256e+01	9.820400e+00	9.570478e+00	9.349818e+00	8.920390e+00
8.530069e+00	8.177425e+00	7.862010e+00	7.583403e+00	7.341458e+00	7.135972e+00
6.966600e+00	6.832457e+00	6.731152e+00	6.661428e+00	6.625207e+00	6.621508e+00
6.642434e+00	6.658647e+00	6.612756e+00	6.529272e+00	6.340825e+00	5.991008e+00
4.842160e+00	3.929206e+00	2.236038e+00	1.896130e+00	1.586810e+00	1.551354e+00
1.521852e+00	1.527766e+00	1.043148e+01	1.011116e+01	9.818965e+00	9.572951e+00
9.353717e+00	8.927289e+00	8.538445e+00	8.186599e+00	7.871224e+00	7.592330e+00
7.350310e+00	7.145200e+00	6.976967e+00	6.845163e+00	6.748110e+00	6.684609e+00
6.654759e+00	6.653331e+00	6.671682e+00	6.694385e+00	6.681390e+00	6.623901e+00
6.459960e+00	6.137676e+00	5.053258e+00	4.128434e+00	2.350844e+00	1.971888e+00
1.601552e+00	1.553985e+00	1.522608e+00	1.528054e+00	1.041548e+01	1.010317e+01
9.816129e+00	9.571420e+00	9.351711e+00	8.926286e+00	8.538466e+00	8.187589e+00
7.873146e+00	7.595120e+00	7.353865e+00	7.149526e+00	6.982232e+00	6.851876e+00
6.757202e+00	6.697299e+00	6.671855e+00	6.674693e+00	6.698001e+00	6.733811e+00
6.749922e+00	6.711160e+00	6.560301e+00	6.242073e+00	5.235425e+00	4.379782e+00
2.475254e+00	2.038419e+00	1.614637e+00	1.568639e+00	1.523638e+00	1.526874e+00
1.040701e+01	1.010136e+01	9.819183e+00	9.575697e+00	9.355424e+00	8.930716e+00
8.543724e+00	8.193889e+00	7.880305e+00	7.602976e+00	7.362485e+00	7.159080e+00
6.993019e+00	6.864258e+00	6.771567e+00	6.714061e+00	6.691558e+00	6.698139e+00
6.726774e+00	6.771880e+00	6.807008e+00	6.785373e+00	6.659549e+00	6.368472e+00
5.418331e+00	4.596095e+00	2.622180e+00	2.130337e+00	1.633732e+00	1.579559e+00
1.524465e+00	1.526780e+00	1.039770e+01	1.009844e+01	9.820344e+00	9.577701e+00
9.356983e+00	8.932574e+00	8.545931e+00	8.196369e+00	7.883666e+00	7.607829e+00
7.369072e+00	7.167433e+00	7.002909e+00	6.875362e+00	6.783828e+00	6.727772e+00
6.707405e+00	6.717506e+00	6.751975e+00	6.806373e+00	6.855689e+00	6.845699e+00
6.745286e+00	6.496470e+00	5.609138e+00	4.787733e+00	2.778582e+00	2.240364e+00
1.657743e+00	1.582165e+00	1.528046e+00	1.526528e+00	1.038664e+01	1.009336e+01
9.819337e+00	9.577763e+00	9.356472e+00	8.931952e+00	8.545197e+00	8.196037e+00
7.884182e+00	7.609682e+00	7.372807e+00	7.173247e+00	7.010342e+00	6.883673e+00
6.792769e+00	6.737661e+00	6.718949e+00	6.732183e+00	6.772317e+00	6.835902e+00
6.895868e+00	6.892919e+00	6.815630e+00	6.617429e+00	5.801906e+00	4.957354e+00
2.942671e+00	2.369861e+00	1.688464e+00	1.579967e+00	1.538994e+00	1.525879e+00
1.038083e+01	1.009278e+01	9.821834e+00	9.581021e+00	9.359340e+00	8.934951e+00
8.548346e+00	8.199429e+00	7.888325e+00	7.614937e+00	7.379083e+00	7.180496e+00
7.018645e+00	6.893219e+00	6.803609e+00	6.749831e+00	6.732703e+00	6.748256e+00
6.792021e+00	6.861092e+00	6.931848e+00	6.941156e+00	6.889130e+00	6.718755e+00
5.947444e+00	5.162390e+00	3.132115e+00	2.497852e+00	1.721632e+00	1.593018e+00
1.538108e+00	1.526180e+00	1.037605e+01	1.009240e+01	9.825623e+00	9.585854e+00
9.363693e+00	8.939504e+00	8.553127e+00	8.204726e+00	7.894087e+00	7.621016e+00
7.385408e+00	7.187212e+00	7.026148e+00	6.901996e+00	6.813831e+00	6.761457e+00
6.745834e+00	6.763372e+00	6.810054e+00	6.883420e+00	6.964315e+00	6.986646e+00
6.959576e+00	6.810732e+00	6.078323e+00	5.379859e+00	3.339190e+00	2.631850e+00
1.758146e+00	1.619570e+00	1.536765e+00	1.526636e+00	1.036968e+01	1.009079e+01
9.825982e+00	9.586569e+00	9.364257e+00	8.940193e+00	8.553936e+00	8.206013e+00
7.895872e+00	7.623247e+00	7.388080e+00	7.190368e+00	7.029990e+00	6.906702e+00
6.819538e+00	6.768289e+00	6.754097e+00	6.773727e+00	6.823595e+00	6.901574e+00
6.990852e+00	7.022600e+00	7.015979e+00	6.894227e+00	6.213830e+00	5.575070e+00
3.551334e+00	2.781984e+00	1.800577e+00	1.642688e+00	1.537935e+00	1.526592e+00
1.036195e+01	1.008647e+01	9.824653e+00	9.586027e+00	9.363403e+00	8.939749e+00
8.553880e+00	8.206232e+00	7.896380e+00	7.624064e+00	7.389237e+00	7.191895e+00
7.032006e+00	6.909286e+00	6.822801e+00	6.772383e+00	6.759365e+00	6.780854e+00
6.833696e+00	6.916024e+00	7.012143e+00	7.050822e+00	7.060742e+00	6.967618e+00
6.348573e+00	5.750225e+00	3.768656e+00	2.949679e+00	1.851515e+00	1.665946e+00
1.544649e+00	1.526092e+00	1.035526e+01	1.008283e+01	9.823207e+00	9.585212e+00
9.362347e+00	8.939098e+00	8.553628e+00	8.206145e+00	7.896364e+00	7.624099e+00
7.389413e+00	7.192288e+00	7.032733e+00	6.910507e+00	6.824596e+00	6.774855e+00
6.762831e+00	6.786042e+00	6.841665e+00	6.927612e+00	7.029594e+00	7.074579e+00
7.098008e+00	7.029377e+00	6.472537e+00	5.917510e+00	3.990800e+00	3.126257e+00
1.910367e+00	1.695265e+00	1.551642e+00	1.525747e+00	1.034915e+01	1.007944e+01
9.821681e+00	9.584198e+00	9.361155e+00	8.938297e+00	8.553158e+00	8.205918e+00
7.896282e+00	7.624101e+00	7.389480e+00	7.192482e+00	7.033151e+00	6.911301e+00
6.825855e+00	6.776671e+00	6.765495e+00	6.790251e+00	6.848432e+00	6.937573e+00
7.044781e+00	7.095518e+00	7.130641e+00	7.084212e+00	6.590183e+00	6.078995e+00
4.219101e+00	3.313297e+00	1.977407e+00	1.730278e+00	1.559770e+00	1.525458e+00
1.034482e+01	1.007761e+01	9.821289e+00	9.583957e+00	9.360858e+00	8.938123e+00
8.553086e+00	8.205930e+00	7.896345e+00	7.624197e+00	7.389708e+00	7.192910e+00
7.033867e+00	6.912423e+00	6.827430e+00	6.778762e+00	6.768342e+00	6.794426e+00
6.854780e+00	6.946717e+00	7.058659e+00	7.114363e+00	7.158789e+00	7.131704e+00
6.700765e+00	6.232396e+00	4.448382e+00	3.508705e+00	2.053183e+00	1.770902e+00
1.569083e+00	1.525387e+00	1.034173e+01	1.007669e+01	9.821725e+00	9.584673e+00
9.361412e+00	8.938894e+00	8.554061e+00	8.207033e+00	7.897496e+00	7.625372e+00
7.390920e+00	7.194221e+00	7.035367e+00	6.914177e+00	6.829508e+00	6.781223e+00
6.771386e+00	6.798492e+00	6.860568e+00	6.954858e+00	7.070969e+00	7.130801e+00
7.182171e+00	7.171387e+00	6.802463e+00	6.374960e+00	4.674969e+00	3.711954e+00
2.142135e+00	1.820939e+00	1.580406e+00	1.525443e+00	1.034172e+01	1.007750e+01
9.823596e+00	9.587098e+00	9.363970e+00	8.941617e+00	8.556958e+00	8.210046e+00
7.900584e+00	7.628426e+00	7.393837e+00	7.197174e+00	7.038511e+00	6.917659e+00
6.833766e+00	6.786004e+00	6.776816e+00	6.804873e+00	6.867072e+00	6.963164e+00
7.083814e+00	7.147967e+00	7.204522e+00	7.206961e+00	6.898163e+00	6.508970e+00
4.897054e+00	3.921136e+00	2.245048e+00	1.879411e+00	1.593569e+00	1.525761e+00
1.034526e+01	1.008228e+01	9.828662e+00	9.591350e+00	9.366958e+00	8.944233e+00
8.559501e+00	8.212665e+00	7.903402e+00	7.631693e+00	7.397821e+00	7.201608e+00
7.043171e+00	6.922222e+00	6.837438e+00	6.789377e+00	6.780190e+00	6.809129e+00
6.876176e+00	6.975469e+00	7.097259e+00	7.161576e+00	7.222134e+00	7.237745e+00
6.984142e+00	6.632511e+00	5.110210e+00	4.134104e+00	2.363374e+00	1.949314e+00
1.608385e+00	1.526276e+00	1.035829e+01	1.009097e+01	9.833614e+00	9.593242e+00
9.366695e+00	8.941409e+00	8.556249e+00	8.210132e+00	7.902240e+00	7.632101e+00
7.399328e+00	7.203905e+00	7.045808e+00	6.924485e+00	6.837689e+00	6.785683e+00
6.773723e+00	6.807424e+00	6.888143e+00	6.996413e+00	7.109097e+00	7.168367e+00
7.232476e+00	7.262757e+00	7.055586e+00	6.742407e+00	5.309365e+00	4.346818e+00
2.494022e+00	2.033574e+00	1.624038e+00	1.526375e+00	1.034533e+01	1.008323e+01
9.830110e+00	9.592284e+00	9.367091e+00	8.943855e+00	8.559125e+00	8.212691e+00
7.904049e+00	7.633094e+00	7.399678e+00	7.203896e+00	7.045830e+00	6.925336e+00
6.840755e+00	6.792426e+00	6.783322e+00	6.813797e+00	6.883961e+00	6.987237e+00
7.113152e+00	7.180927e+00	7.248396e+00	7.283607e+00	7.120565e+00	6.837081e+00
5.498593e+00	4.555881e+00	2.637465e+00	2.130961e+00	1.643838e+00	1.526204e+00
1.033463e+01	1.007634e+01	9.826314e+00	9.590616e+00	9.366955e+00	8.944652e+00
8.560113e+00	8.213533e+00	7.904557e+00	7.633141e+00	7.399458e+00	7.203587e+00
7.045546e+00	6.925247e+00	6.841791e+00	6.795217e+00	6.787433e+00	6.816448e+00
6.880119e+00	6.981135e+00	7.115014e+00	7.189014e+00	7.262098e+00	7.302848e+00
7.171045e+00	6.918034e+00	5.673395e+00	4.759616e+00	2.793318e+00	2.240748e+00
1.665503e+00	1.525867e+00	1.033011e+01	1.007294e+01	9.823623e+00	9.587953e+00
9.363961e+00	8.941783e+00	8.557221e+00	8.210615e+00	7.901663e+00	7.630267e+00
7.396636e+00	7.200811e+00	7.042791e+00	6.922506e+00	6.839196e+00	6.792982e+00
6.785563e+00	6.814459e+00	6.878111e+00	6.979608e+00	7.115821e+00	7.192452e+00
7.272022e+00	7.320886e+00	7.207110e+00	6.985268e+00	5.830492e+00	4.954931e+00
2.963060e+00	2.365485e+00	1.688749e+00	1.525200e+00	