7.665685e-02	7.811453e-02	7.960432e-02	8.115352e-02	8.277069e-02	8.626545e-02
9.029684e-02	9.507225e-02	1.006847e-01	1.071367e-01	1.144147e-01	1.225265e-01
1.314477e-01	1.413910e-01	1.531101e-01	1.672465e-01	1.832970e-01	1.988861e-01
2.110650e-01	2.199768e-01	2.284369e-01	2.336586e-01	2.379705e-01	2.403024e-01
2.416413e-01	2.389880e-01	2.376634e-01	2.378370e-01	2.377760e-01	2.376725e-01
2.377591e-01	2.377771e-01	8.837576e-02	9.006790e-02	9.179719e-02	9.359504e-02
9.547063e-02	9.951395e-02	1.041487e-01	1.095945e-01	1.159505e-01	1.232194e-01
1.313878e-01	1.404664e-01	1.504347e-01	1.615251e-01	1.745387e-01	1.901428e-01
2.077653e-01	2.248212e-01	2.381283e-01	2.478304e-01	2.569415e-01	2.625341e-01
2.671573e-01	2.696501e-01	2.710453e-01	2.682856e-01	2.669031e-01	2.670821e-01
2.670178e-01	2.669104e-01	2.670003e-01	2.670193e-01	1.018862e-01	1.038504e-01
1.058576e-01	1.079440e-01	1.101192e-01	1.147971e-01	1.201255e-01	1.263349e-01
1.335308e-01	1.417164e-01	1.508789e-01	1.610330e-01	1.721642e-01	1.845263e-01
1.989663e-01	2.161737e-01	2.354998e-01	2.541382e-01	2.686618e-01	2.792109e-01
2.890030e-01	2.949781e-01	2.999237e-01	3.025818e-01	3.040274e-01	3.011747e-01
2.997402e-01	2.999233e-01	2.998558e-01	2.997450e-01	2.998376e-01	2.998577e-01
1.174621e-01	1.197420e-01	1.220717e-01	1.244927e-01	1.270154e-01	1.324275e-01
1.385532e-01	1.456325e-01	1.537767e-01	1.629900e-01	1.732613e-01	1.846108e-01
1.970325e-01	2.108028e-01	2.268127e-01	2.457682e-01	2.669366e-01	2.872782e-01
3.031104e-01	3.145648e-01	3.250651e-01	3.314314e-01	3.367090e-01	3.395355e-01
3.410228e-01	3.380958e-01	3.366172e-01	3.368026e-01	3.367323e-01	3.366189e-01
3.367136e-01	3.367347e-01	1.354191e-01	1.380654e-01	1.407692e-01	1.435785e-01
1.465040e-01	1.527655e-01	1.598077e-01	1.678777e-01	1.770922e-01	1.874570e-01
1.989642e-01	2.116409e-01	2.254928e-01	2.408212e-01	2.585564e-01	2.794142e-01
3.025698e-01	3.247397e-01	3.419761e-01	3.543952e-01	3.656271e-01	3.723897e-01
3.780058e-01	3.810022e-01	3.825200e-01	3.795430e-01	3.780312e-01	3.782168e-01
3.781438e-01	3.780290e-01	3.781247e-01	3.781469e-01	1.561213e-01	1.591926e-01
1.623306e-01	1.655903e-01	1.689829e-01	1.762270e-01	1.843228e-01	1.935209e-01
2.039429e-01	2.155969e-01	2.284799e-01	2.426286e-01	2.580641e-01	2.751141e-01
2.947427e-01	3.176664e-01	3.429597e-01	3.670863e-01	3.858253e-01	3.992689e-01
4.112505e-01	4.184096e-01	4.243677e-01	4.275332e-01	4.290668e-01	4.260713e-01
4.245403e-01	4.247234e-01	4.246482e-01	4.245332e-01	4.246289e-01	4.246520e-01
1.799883e-01	1.835529e-01	1.871945e-01	1.909767e-01	1.949108e-01	2.032916e-01
2.125986e-01	2.230811e-01	2.348646e-01	2.479609e-01	2.623743e-01	2.781534e-01
2.953402e-01	3.142904e-01	3.359936e-01	3.611554e-01	3.887413e-01	4.149549e-01
4.352969e-01	4.498247e-01	4.625668e-01	4.701167e-01	4.764159e-01	4.797469e-01
4.812777e-01	4.783034e-01	4.767715e-01	4.769485e-01	4.768717e-01	4.767582e-01
4.768524e-01	4.768764e-01	2.075040e-01	2.116408e-01	2.158667e-01	2.202551e-01
2.248170e-01	2.345128e-01	2.452119e-01	2.571566e-01	2.704746e-01	2.851833e-01
3.012968e-01	3.188796e-01	3.380006e-01	3.590454e-01	3.830177e-01	4.105982e-01
4.406342e-01	4.690656e-01	4.911119e-01	5.067818e-01	5.202864e-01	5.282136e-01
5.348476e-01	5.383374e-01	5.398417e-01	5.369387e-01	5.354287e-01	5.355954e-01
5.355177e-01	5.354078e-01	5.354988e-01	5.355234e-01	2.392262e-01	2.440269e-01
2.489307e-01	2.540221e-01	2.593118e-01	2.705289e-01	2.828283e-01	2.964371e-01
3.114838e-01	3.279932e-01	3.459933e-01	3.655688e-01	3.868230e-01	4.101734e-01
4.366230e-01	4.668097e-01	4.994543e-01	5.302325e-01	5.540837e-01	5.709508e-01
5.852083e-01	5.934902e-01	6.004459e-01	6.040834e-01	6.055321e-01	6.027621e-01
6.013024e-01	6.014536e-01	6.013760e-01	6.012724e-01	6.013578e-01	6.013829e-01
2.757979e-01	2.813688e-01	2.870590e-01	2.929658e-01	2.990994e-01	3.120763e-01
3.262152e-01	3.417176e-01	3.587108e-01	3.772295e-01	3.973205e-01	4.190941e-01
4.426977e-01	4.685822e-01	4.977308e-01	5.307166e-01	5.661262e-01	5.993756e-01
6.251299e-01	6.432450e-01	6.582313e-01	6.668337e-01	6.740898e-01	6.778588e-01
6.792161e-01	6.766548e-01	6.752806e-01	6.754100e-01	6.753336e-01	6.752395e-01
6.753166e-01	6.753419e-01	3.179604e-01	3.244248e-01	3.310274e-01	3.378800e-01
3.449917e-01	3.600044e-01	3.762578e-01	3.939147e-01	4.130983e-01	4.338568e-01
4.562619e-01	4.804564e-01	5.066431e-01	5.353083e-01	5.673908e-01	6.033725e-01
6.416982e-01	6.775351e-01	7.052858e-01	7.246932e-01	7.403662e-01	7.492410e-01
7.567660e-01	7.606442e-01	7.618662e-01	7.596060e-01	7.583603e-01	7.584602e-01
7.583866e-01	7.583058e-01	7.583712e-01	7.583966e-01	3.665686e-01	3.740695e-01
3.817303e-01	3.896799e-01	3.979256e-01	4.152933e-01	4.339771e-01	4.540849e-01
4.757321e-01	4.989847e-01	5.239471e-01	5.508031e-01	5.798252e-01	6.115362e-01
6.468002e-01	6.859751e-01	7.273582e-01	7.658867e-01	7.957196e-01	8.164543e-01
8.327499e-01	8.418321e-01	8.495823e-01	8.535400e-01	8.545736e-01	8.527263e-01
8.516613e-01	8.517225e-01	8.516534e-01	8.515907e-01	8.516405e-01	8.516654e-01
4.226078e-01	4.313110e-01	4.401993e-01	4.494211e-01	4.589814e-01	4.790734e-01
5.005507e-01	5.234460e-01	5.478623e-01	5.738892e-01	6.016732e-01	6.314497e-01
6.635780e-01	6.986190e-01	7.373234e-01	7.798862e-01	8.244529e-01	8.657595e-01
8.977491e-01	9.198343e-01	9.366615e-01	9.458657e-01	9.537824e-01	9.577810e-01
9.585620e-01	9.572621e-01	9.564412e-01	9.564526e-01	9.563903e-01	9.563513e-01
9.563807e-01	9.564046e-01	4.872140e-01	4.973118e-01	5.076239e-01	5.183212e-01
5.294054e-01	5.526487e-01	5.773370e-01	6.034020e-01	6.309289e-01	6.600378e-01
6.909297e-01	7.239042e-01	7.594285e-01	7.981025e-01	8.405157e-01	8.866538e-01
9.345088e-01	9.786558e-01	1.012861e+00	1.036304e+00	1.053539e+00	1.062756e+00
1.070762e+00	1.074753e+00	1.075204e+00	1.074613e+00	1.074112e+00	1.074061e+00
1.074008e+00	1.073999e+00	1.074002e+00	1.074025e+00	5.616968e-01	5.734123e-01
5.853758e-01	5.977843e-01	6.106348e-01	6.375236e-01	6.659025e-01	6.955712e-01
7.265900e-01	7.591186e-01	7.934272e-01	8.298957e-01	8.691241e-01	9.117523e-01
9.581504e-01	1.008038e+00	1.059256e+00	1.106274e+00	1.142733e+00	1.167522e+00
1.185001e+00	1.194091e+00	1.202090e+00	1.206010e+00	1.206040e+00	1.206350e+00
1.206260e+00	1.206130e+00	1.206090e+00	1.206120e+00	1.206090e+00	1.206110e+00
6.475490e-01	6.610933e-01	6.749420e-01	6.893334e-01	7.042560e-01	7.354616e-01
7.682099e-01	8.020717e-01	8.370596e-01	8.733915e-01	9.114387e-01	9.517159e-01
9.950536e-01	1.042161e+00	1.093025e+00	1.146941e+00	1.201608e+00	1.251536e+00
1.290344e+00	1.316355e+00	1.333641e+00	1.342445e+00	1.350275e+00	1.353879e+00
1.353183e+00	1.354828e+00	1.355317e+00	1.355062e+00	1.355044e+00	1.355129e+00
1.355050e+00	1.355068e+00	7.465376e-01	7.622362e-01	7.782922e-01	7.949841e-01
8.122913e-01	8.484213e-01	8.861045e-01	9.246662e-01	9.640688e-01	1.004599e+00
1.046744e+00	1.091159e+00	1.138904e+00	1.190742e+00	1.246239e+00	1.304235e+00
1.362301e+00	1.415045e+00	1.456127e+00	1.483338e+00	1.500289e+00	1.508584e+00
1.516111e+00	1.519401e+00	1.517961e+00	1.521096e+00	1.522259e+00	1.521873e+00
1.521878e+00	1.522027e+00	1.521894e+00	1.521907e+00	8.608795e-01	8.794385e-01
8.982980e-01	9.177004e-01	9.376319e-01	9.788273e-01	1.021364e+00	1.064665e+00
1.108728e+00	1.153873e+00	1.200646e+00	1.249629e+00	1.301711e+00	1.357520e+00
1.416709e+00	1.478189e+00	1.539361e+00	1.594556e+00	1.637346e+00	1.666206e+00
1.683871e+00	1.691191e+00	1.698404e+00	1.702313e+00	1.701115e+00	1.704833e+00
1.706488e+00	1.706116e+00	1.706117e+00	1.706300e+00	1.706144e+00	1.706149e+00
9.927883e-01	1.015021e+00	1.037356e+00	1.059898e+00	1.082661e+00	1.128901e+00
1.175999e+00	1.223910e+00	1.272768e+00	1.322872e+00	1.374743e+00	1.428629e+00
1.484752e+00	1.543412e+00	1.604984e+00	1.669068e+00	1.732846e+00	1.789967e+00
1.833790e+00	1.864804e+00	1.884489e+00	1.890479e+00	1.897474e+00	1.903117e+00
1.903476e+00	1.906585e+00	1.908445e+00	1.908267e+00	1.908236e+00	1.908412e+00
1.908275e+00	1.908268e+00	1.143724e+00	1.169375e+00	1.195027e+00	1.220709e+00
1.246454e+00	1.298308e+00	1.350616e+00	1.403481e+00	1.457068e+00	1.511698e+00
1.567924e+00	1.625859e+00	1.685436e+00	1.746781e+00	1.810477e+00	1.876328e+00
1.941492e+00	1.999676e+00	2.044545e+00	2.077274e+00	2.098785e+00	2.104879e+00
2.112304e+00	2.119282e+00	2.121895e+00	2.124257e+00	2.126070e+00	2.126061e+00
2.126055e+00	2.126180e+00	2.126092e+00	2.126070e+00	1.316432e+00	1.345411e+00
1.374356e+00	1.403254e+00	1.432152e+00	1.490114e+00	1.548138e+00	1.606200e+00
1.664426e+00	1.723191e+00	1.783136e+00	1.844363e+00	1.906770e+00	1.970398e+00
2.035686e+00	2.102346e+00	2.167692e+00	2.226064e+00	2.271837e+00	2.305998e+00
2.329377e+00	2.336664e+00	2.345070e+00	2.353243e+00	2.358892e+00	2.360246e+00
2.361750e+00	2.361914e+00	2.361980e+00	2.362015e+00	2.362005e+00	2.361964e+00
1.510812e+00	1.543404e+00	1.575877e+00	1.608136e+00	1.640254e+00	1.704287e+00
1.767810e+00	1.830758e+00	1.893224e+00	1.955620e+00	2.018644e+00	2.082412e+00
2.146854e+00	2.211925e+00	2.277796e+00	2.344011e+00	2.408209e+00	2.465817e+00
2.512241e+00	2.547810e+00	2.573186e+00	2.582146e+00	2.591957e+00	2.601409e+00
2.610172e+00	2.610909e+00	2.611765e+00	2.612043e+00	2.612258e+00	2.612246e+00
2.612278e+00	2.612226e+00	1.727649e+00	1.764102e+00	1.800267e+00	1.835911e+00
1.871153e+00	1.940817e+00	2.009177e+00	2.076301e+00	2.142262e+00	2.207449e+00
2.272552e+00	2.337745e+00	2.403137e+00	2.468606e+00	2.533824e+00	2.598019e+00
2.659396e+00	2.715112e+00	2.762023e+00	2.799036e+00	2.826498e+00	2.837766e+00
2.849599e+00	2.860376e+00	2.872000e+00	2.872975e+00	2.872640e+00	2.872898e+00
2.873392e+00	2.873423e+00	2.873420e+00	2.873373e+00	1.966491e+00	2.007236e+00
2.047413e+00	2.086593e+00	2.124939e+00	2.199807e+00	2.272134e+00	2.342286e+00
2.410471e+00	2.477258e+00	2.543585e+00	2.609393e+00	2.674362e+00	2.738082e+00
2.800589e+00	2.861616e+00	2.919782e+00	2.973086e+00	3.019273e+00	3.057289e+00
3.087681e+00	3.101146e+00	3.114594e+00	3.127009e+00	3.143033e+00	3.141969e+00
3.141453e+00	3.142128e+00	3.142591e+00	3.142471e+00	3.142616e+00	3.142551e+00
2.227439e+00	2.272854e+00	2.317294e+00	2.360046e+00	2.401330e+00	2.480624e+00
2.555688e+00	2.627441e+00	2.696348e+00	2.763281e+00	2.829547e+00	2.894694e+00
2.957601e+00	3.017500e+00	3.075419e+00	3.132115e+00	3.186483e+00	3.236747e+00
3.281168e+00	3.319806e+00	3.353631e+00	3.369069e+00	3.383920e+00	3.398214e+00
3.419067e+00	3.414989e+00	3.414941e+00	3.416226e+00	3.416486e+00	3.416130e+00
3.416509e+00	3.416415e+00	2.510287e+00	2.560474e+00	2.609172e+00	2.655255e+00
2.699054e+00	2.781531e+00	2.857811e+00	2.929684e+00	2.997823e+00	3.063235e+00
3.127331e+00	3.189572e+00	3.248553e+00	3.303443e+00	3.355815e+00	3.406969e+00
3.456176e+00	3.502393e+00	3.544722e+00	3.583795e+00	3.620438e+00	3.637640e+00
3.654343e+00	3.670417e+00	3.693708e+00	3.689285e+00	3.689168e+00	3.690574e+00
3.690887e+00	3.690506e+00	3.690928e+00	3.690829e+00	2.811392e+00	2.866261e+00
2.919025e+00	2.968080e+00	3.013867e+00	3.098136e+00	3.173880e+00	3.243910e+00
3.309180e+00	3.370843e+00	3.430537e+00	3.487703e+00	3.540876e+00	3.589297e+00
3.634938e+00	3.679568e+00	3.722864e+00	3.764393e+00	3.804004e+00	3.842818e+00
3.881594e+00	3.900381e+00	3.918795e+00	3.936165e+00	3.960524e+00	3.956681e+00
3.956925e+00	3.958334e+00	3.958673e+00	3.958304e+00	3.958705e+00	3.958632e+00
3.130796e+00	3.190179e+00	3.246731e+00	3.298296e+00	3.345440e+00	3.429879e+00
3.503107e+00	3.569152e+00	3.629273e+00	3.684840e+00	3.737783e+00	3.787655e+00
3.833144e+00	3.873744e+00	3.911636e+00	3.948911e+00	3.985610e+00	4.021854e+00
4.058116e+00	4.095856e+00	4.135796e+00	4.155779e+00	4.175622e+00	4.193674e+00
4.217429e+00	4.215302e+00	4.216293e+00	4.217545e+00	4.217898e+00	4.217606e+00
4.217934e+00	4.217897e+00	3.462170e+00	3.525624e+00	3.585418e+00	3.638763e+00
3.686378e+00	3.768880e+00	3.837174e+00	3.896698e+00	3.949053e+00	3.995918e+00
4.039574e+00	4.079870e+00	4.115866e+00	4.147503e+00	4.176910e+00	4.206287e+00
4.235955e+00	4.266482e+00	4.298768e+00	4.334405e+00	4.374111e+00	4.394649e+00
4.415397e+00	4.433285e+00	4.454433e+00	4.455243e+00	4.457383e+00	4.458293e+00
4.458643e+00	4.458503e+00	4.458703e+00	4.458713e+00	3.803866e+00	3.870795e+00
3.933125e+00	3.987357e+00	4.034395e+00	4.112565e+00	4.173303e+00	4.223629e+00
4.265616e+00	4.301270e+00	4.333333e+00	4.362019e+00	4.387026e+00	4.408701e+00
4.429004e+00	4.450025e+00	4.472292e+00	4.496664e+00	4.524276e+00	4.556658e+00
4.594504e+00	4.614803e+00	4.635734e+00	4.652558e+00	4.669374e+00	4.673946e+00
4.677487e+00	4.677905e+00	4.678235e+00	4.678297e+00	4.678311e+00	4.678393e+00
4.160653e+00	4.230551e+00	4.294791e+00	4.349085e+00	4.394554e+00	4.466111e+00
4.516797e+00	4.555440e+00	4.584689e+00	4.606920e+00	4.625409e+00	4.640787e+00
4.653487e+00	4.664230e+00	4.674716e+00	4.686805e+00	4.701183e+00	4.718880e+00
4.741137e+00	4.769295e+00	4.804003e+00	4.823413e+00	4.843906e+00	4.859020e+00
4.870478e+00	4.879149e+00	4.884168e+00	4.884018e+00	4.884317e+00	4.884605e+00
4.884409e+00	4.884566e+00	4.525648e+00	4.597676e+00	4.662871e+00	4.716064e+00
4.758640e+00	4.820718e+00	4.858389e+00	4.882581e+00	4.896609e+00	4.903314e+00
4.906522e+00	4.907330e+00	4.906738e+00	4.905778e+00	4.905850e+00	4.908515e+00
4.914563e+00	4.924981e+00	4.940919e+00	4.963373e+00	4.992887e+00	5.010224e+00
5.029074e+00	5.041529e+00	5.046691e+00	5.059242e+00	5.065563e+00	5.064820e+00
5.065077e+00	5.065586e+00	5.065188e+00	5.065383e+00	4.891967e+00	4.965051e+00
5.030031e+00	5.080785e+00	5.119011e+00	5.168597e+00	5.190310e+00	5.197438e+00
5.194044e+00	5.183492e+00	5.170141e+00	5.155553e+00	5.141098e+00	5.128015e+00
5.117376e+00	5.110400e+00	5.107905e+00	5.110643e+00	5.119492e+00	5.134999e+00
5.157582e+00	5.171835e+00	5.187998e+00	5.197082e+00	5.195526e+00	5.211471e+00
5.218834e+00	5.217519e+00	5.217724e+00	5.218435e+00	5.217853e+00	5.218061e+00
5.258928e+00	5.331688e+00	5.394981e+00	5.441675e+00	5.473842e+00	5.507509e+00
5.510086e+00	5.497535e+00	5.474744e+00	5.445610e+00	5.414941e+00	5.384616e+00
5.356043e+00	5.330378e+00	5.308552e+00	5.291475e+00	5.279893e+00	5.274188e+00
5.274755e+00	5.281657e+00	5.295073e+00	5.304824e+00	5.316724e+00	5.321616e+00
5.313675e+00	5.331450e+00	5.339156e+00	5.337413e+00	5.337545e+00	5.338385e+00
5.337676e+00	5.337897e+00	5.631643e+00	5.702909e+00	5.763262e+00	5.804499e+00
5.829130e+00	5.843925e+00	5.824654e+00	5.790203e+00	5.746328e+00	5.697429e+00
5.648688e+00	5.602193e+00	5.559176e+00	5.520546e+00	5.487179e+00	5.459690e+00
5.438689e+00	5.424118e+00	5.415795e+00	5.413316e+00	5.416622e+00	5.421316e+00
5.428367e+00	5.428843e+00	5.414862e+00	5.433770e+00	5.441527e+00	5.439429e+00
5.439482e+00	5.440417e+00	5.439607e+00	5.439840e+00	6.011040e+00	6.079077e+00
6.134699e+00	6.168603e+00	6.183797e+00	6.176079e+00	6.131803e+00	6.073012e+00
6.006275e+00	5.936379e+00	5.868725e+00	5.805406e+00	5.747321e+00	5.694970e+00
5.649212e+00	5.610398e+00	5.578960e+00	5.554357e+00	5.535813e+00	5.522499e+00
5.514004e+00	5.512500e+00	5.513269e+00	5.508820e+00	5.490102e+00	5.507737e+00
5.514504e+00	5.512300e+00	5.512259e+00	5.513175e+00	5.512360e+00	5.512587e+00
6.390365e+00	6.453132e+00	6.501983e+00	6.526515e+00	6.530285e+00	6.496462e+00
6.424313e+00	6.339183e+00	6.248326e+00	6.156749e+00	6.069877e+00	5.989591e+00
5.916291e+00	5.849927e+00	5.791411e+00	5.740868e+00	5.698543e+00	5.663403e+00
5.634124e+00	5.609554e+00	5.588959e+00	5.581086e+00	5.575399e+00	5.566287e+00
5.543919e+00	5.559445e+00	5.564981e+00	5.562769e+00	5.562642e+00	5.563505e+00
5.562716e+00	5.562931e+00	6.778406e+00	6.833619e+00	6.873424e+00	6.886339e+00
6.876521e+00	6.812729e+00	6.709679e+00	6.596103e+00	6.479803e+00	6.365647e+00
6.258883e+00	6.160974e+00	6.071743e+00	5.990564e+00	5.918323e+00	5.854995e+00
5.800600e+00	5.753719e+00	5.712624e+00	5.675986e+00	5.642697e+00	5.628005e+00
5.615302e+00	5.601583e+00	5.577724e+00	5.587237e+00	5.589675e+00	5.587924e+00
5.587686e+00	5.588268e+00	5.587692e+00	5.587864e+00	7.173137e+00	7.218921e+00
7.247832e+00	7.247187e+00	7.221764e+00	7.124099e+00	6.986826e+00	6.842543e+00
6.699454e+00	6.561881e+00	6.434593e+00	6.318502e+00	6.212756e+00	6.116152e+00
6.029443e+00	5.952567e+00	5.885320e+00	5.826022e+00	5.772158e+00	5.722601e+00
5.676043e+00	5.653935e+00	5.632845e+00	5.614820e+00	5.591288e+00	5.596416e+00
5.597006e+00	5.595552e+00	5.595259e+00	5.595669e+00	5.595225e+00	5.595375e+00
7.585921e+00	7.614080e+00	7.624469e+00	7.604268e+00	7.558966e+00	7.423007e+00
7.250843e+00	7.076243e+00	6.907014e+00	6.746457e+00	6.598381e+00	6.463263e+00
6.339696e+00	6.226076e+00	6.122899e+00	6.030195e+00	5.947500e+00	5.873086e+00
5.806593e+00	5.746284e+00	5.689317e+00	5.661626e+00	5.634692e+00	5.613380e+00
5.591468e+00	5.587210e+00	5.583836e+00	5.583278e+00	5.582849e+00	5.582823e+00
5.582774e+00	5.582874e+00	8.142365e+00	8.071217e+00	7.999087e+00	7.920121e+00
7.834981e+00	7.655511e+00	7.468840e+00	7.285365e+00	7.107403e+00	6.935585e+00
6.771005e+00	6.614410e+00	6.466246e+00	6.326756e+00	6.197130e+00	6.078711e+00
5.972334e+00	5.879402e+00	5.800559e+00	5.733242e+00	5.673150e+00	5.647195e+00
5.624588e+00	5.605283e+00	5.560515e+00	5.538539e+00	5.543074e+00	5.546301e+00
5.544484e+00	5.543365e+00	5.544940e+00	5.544200e+00	8.557556e+00	8.468112e+00
8.370511e+00	8.263313e+00	8.151195e+00	7.926037e+00	7.702776e+00	7.487179e+00
7.280458e+00	7.082838e+00	6.895160e+00	6.718448e+00	6.552405e+00	6.394664e+00
6.247200e+00	6.112074e+00	5.989832e+00	5.881174e+00	5.790121e+00	5.710202e+00
5.640665e+00	5.612763e+00	5.591459e+00	5.573475e+00	5.507787e+00	5.474533e+00
5.480988e+00	5.486530e+00	5.483889e+00	5.482042e+00	5.484624e+00	5.483384e+00
8.810844e+00	8.779309e+00	8.727382e+00	8.640259e+00	8.525443e+00	8.252354e+00
7.954081e+00	7.673151e+00	7.415734e+00	7.180950e+00	6.967779e+00	6.774242e+00
6.595576e+00	6.428432e+00	6.273240e+00	6.131119e+00	6.001231e+00	5.881504e+00
5.770368e+00	5.668103e+00	5.572079e+00	5.523702e+00	5.474485e+00	5.441350e+00
5.421988e+00	5.397934e+00	5.385222e+00	5.386233e+00	5.385592e+00	5.384702e+00
5.385372e+00	5.385322e+00	9.161983e+00	9.122443e+00	9.056460e+00	8.948535e+00
8.808502e+00	8.480476e+00	8.129680e+00	7.806850e+00	7.517885e+00	7.261400e+00
7.022121e+00	6.804924e+00	6.600903e+00	6.421020e+00	6.255211e+00	6.102260e+00
5.961944e+00	5.831833e+00	5.699809e+00	5.578342e+00	5.464878e+00	5.406902e+00
5.347180e+00	5.306655e+00	5.290629e+00	5.269287e+00	5.251469e+00	5.251173e+00
5.250913e+00	5.250287e+00	5.250478e+00	5.250624e+00	9.558370e+00	9.471635e+00
9.364276e+00	9.220622e+00	9.048964e+00	8.666888e+00	8.272711e+00	7.915400e+00
7.599087e+00	7.321131e+00	7.061137e+00	6.825137e+00	6.603722e+00	6.401678e+00
6.212135e+00	6.036522e+00	5.874995e+00	5.724293e+00	5.580393e+00	5.447355e+00
5.323795e+00	5.262297e+00	5.200074e+00	5.155163e+00	5.122280e+00	5.101105e+00
5.087095e+00	5.087002e+00	5.086288e+00	5.085652e+00	5.086005e+00	5.085852e+00
9.958492e+00	9.796219e+00	9.621280e+00	9.426113e+00	9.217531e+00	8.790626e+00
8.375129e+00	7.992432e+00	7.644509e+00	7.329266e+00	7.059643e+00	6.813391e+00
6.583421e+00	6.358278e+00	6.146803e+00	5.951543e+00	5.772000e+00	5.604836e+00
5.447982e+00	5.300587e+00	5.159986e+00	5.090956e+00	5.023758e+00	4.974893e+00
4.930096e+00	4.910864e+00	4.899279e+00	4.898937e+00	4.897868e+00	4.897421e+00
4.897556e+00	4.897291e+00	1.035004e+01	1.008985e+01	9.832974e+00	9.581657e+00
9.337302e+00	8.873507e+00	8.444422e+00	8.042949e+00	7.669511e+00	7.326974e+00
7.021597e+00	6.741352e+00	6.484327e+00	6.246928e+00	6.025687e+00	5.818015e+00
5.625057e+00	5.446054e+00	5.279301e+00	5.117346e+00	4.954347e+00	4.875216e+00
4.802750e+00	4.751422e+00	4.695074e+00	4.679116e+00	4.670779e+00	4.670088e+00
4.668562e+00	4.668450e+00	4.668124e+00	4.667815e+00	1.061050e+01	1.032210e+01
1.003549e+01	9.753413e+00	9.478804e+00	8.958036e+00	8.466754e+00	8.033259e+00
7.646281e+00	7.292916e+00	6.957286e+00	6.655143e+00	6.379106e+00	6.123831e+00
5.885391e+00	5.661556e+00	5.453259e+00	5.259453e+00	5.077605e+00	4.900962e+00
4.724939e+00	4.640125e+00	4.562115e+00	4.504887e+00	4.439885e+00	4.426592e+00
4.418397e+00	4.417054e+00	4.415496e+00	4.415561e+00	4.415073e+00	4.414574e+00
1.081771e+01	1.052289e+01	1.022655e+01	9.925500e+00	9.623569e+00	9.036700e+00
8.480074e+00	7.997721e+00	7.574814e+00	7.198678e+00	6.855964e+00	6.545442e+00
6.255903e+00	5.981010e+00	5.722241e+00	5.481233e+00	5.257486e+00	5.047867e+00
4.848407e+00	4.658222e+00	4.476523e+00	4.389247e+00	4.305820e+00	4.240900e+00
4.169925e+00	4.158512e+00	4.148385e+00	4.146272e+00	4.144953e+00	4.145073e+00
4.144635e+00	4.143886e+00	1.103283e+01	1.070273e+01	1.036988e+01	1.003495e+01
9.703079e+00	9.065084e+00	8.481880e+00	7.961998e+00	7.506263e+00	7.104318e+00
6.745553e+00	6.419926e+00	6.115069e+00	5.824265e+00	5.550083e+00	5.294315e+00
5.055834e+00	4.831612e+00	4.618011e+00	4.416144e+00	4.226711e+00	4.135965e+00
4.047180e+00	3.976564e+00	3.902615e+00	3.890168e+00	3.878032e+00	3.875696e+00
3.874456e+00	3.874518e+00	3.874171e+00	3.873416e+00	1.126192e+01	1.086012e+01
1.046807e+01	1.009377e+01	9.737094e+00	9.071357e+00	8.467742e+00	7.926032e+00
7.442054e+00	7.008395e+00	6.617917e+00	6.264621e+00	5.941722e+00	5.642815e+00
5.361918e+00	5.095022e+00	4.842394e+00	4.604800e+00	4.381602e+00	4.170207e+00
3.969784e+00	3.873985e+00	3.779652e+00	3.705896e+00	3.633131e+00	3.615415e+00
3.600973e+00	3.599187e+00	3.597806e+00	3.597645e+00	3.597458e+00	3.597017e+00
1.144176e+01	1.099344e+01	1.056074e+01	1.015561e+01	9.775589e+00	9.071957e+00
8.443446e+00	7.875580e+00	7.365366e+00	6.906255e+00	6.491653e+00	6.116650e+00
5.776487e+00	5.465061e+00	5.173631e+00	4.896120e+00	4.632925e+00	4.385352e+00
4.153618e+00	3.933651e+00	3.723995e+00	3.623537e+00	3.524145e+00	3.446937e+00
3.373245e+00	3.352746e+00	3.337010e+00	3.335399e+00	3.333897e+00	3.333635e+00
3.333516e+00	3.333800e+00	1.158107e+01	1.110254e+01	1.064204e+01	1.021312e+01
9.811813e+00	9.070852e+00	8.406769e+00	7.812417e+00	7.280460e+00	6.802449e+00
6.370096e+00	5.977935e+00	5.621147e+00	5.294146e+00	4.989701e+00	4.702579e+00
4.432124e+00	4.177472e+00	3.937867e+00	3.709956e+00	3.492526e+00	3.387905e+00
3.283956e+00	3.202806e+00	3.125783e+00	3.104915e+00	3.088728e+00	3.086976e+00
3.085361e+00	3.085087e+00	3.084965e+00	3.086189e+00	1.169488e+01	1.118787e+01
1.070175e+01	1.025215e+01	9.833121e+00	9.059403e+00	8.369695e+00	7.753892e+00
7.203171e+00	6.707858e+00	6.258676e+00	5.850161e+00	5.477885e+00	5.137030e+00
4.821500e+00	4.526565e+00	4.250345e+00	3.989767e+00	3.742586e+00	3.507036e+00
3.282321e+00	3.173951e+00	3.065832e+00	2.980349e+00	2.898113e+00	2.877996e+00
2.861652e+00	2.859680e+00	2.857934e+00	2.857653e+00	2.857513e+00	2.859333e+00
1.178907e+01	1.125700e+01	1.074865e+01	1.028140e+01	9.847422e+00	9.044733e+00
8.332075e+00	7.697522e+00	7.130574e+00	6.620760e+00	6.158338e+00	5.737678e+00
5.354300e+00	5.003350e+00	4.678862e+00	4.376129e+00	4.092922e+00	3.825740e+00
3.571805e+00	3.329625e+00	3.097385e+00	2.984755e+00	2.872226e+00	2.782872e+00
2.695926e+00	2.674960e+00	2.658333e+00	2.656318e+00	2.654417e+00	2.654119e+00
2.653993e+00	2.655356e+00	1.186488e+01	1.130996e+01	1.078150e+01	1.029791e+01
9.850970e+00	9.027108e+00	8.295801e+00	7.646711e+00	7.067605e+00	6.547118e+00
6.075022e+00	5.645491e+00	5.253928e+00	4.895310e+00	4.563600e+00	4.254001e+00
3.964093e+00	3.690182e+00	3.429169e+00	3.179506e+00	2.938870e+00	2.821547e+00
2.704366e+00	2.611126e+00	2.518936e+00	2.496328e+00	2.478669e+00	2.476582e+00
2.474623e+00	2.474330e+00	2.474186e+00	2.474294e+00	1.191953e+01	1.134512e+01
1.079982e+01	1.030475e+01	9.848695e+00	9.006824e+00	8.263137e+00	7.604606e+00
7.017875e+00	6.490726e+00	6.012464e+00	5.577115e+00	5.179988e+00	4.815908e+00
4.478714e+00	4.163471e+00	3.867579e+00	3.587095e+00	3.318598e+00	3.060226e+00
2.809689e+00	2.686752e+00	2.563885e+00	2.465851e+00	2.367237e+00	2.342343e+00
2.322812e+00	2.320571e+00	2.318630e+00	2.318360e+00	2.318160e+00	2.316579e+00
1.195106e+01	1.136028e+01	1.080092e+01	1.030183e+01	9.841619e+00	8.987650e+00
8.236072e+00	7.572061e+00	6.981132e+00	6.450253e+00	5.968489e+00	5.529745e+00
5.129170e+00	4.761437e+00	4.420159e+00	4.100173e+00	3.798603e+00	3.511966e+00
3.236864e+00	2.970001e+00	2.708706e+00	2.578933e+00	2.448180e+00	2.342849e+00
2.236190e+00	2.208872e+00	2.187106e+00	2.184618e+00	2.182613e+00	2.182349e+00
2.182112e+00	2.179752e+00	1.197226e+01	1.136978e+01	1.080148e+01	1.029513e+01
9.830536e+00	8.971051e+00	8.215554e+00	7.548273e+00	6.954693e+00	6.421421e+00
5.937390e+00	5.496416e+00	5.093526e+00	4.723283e+00	4.379111e+00	4.055664e+00
3.749841e+00	3.458060e+00	3.176518e+00	2.900784e+00	2.627453e+00	2.489804e+00
2.349512e+00	2.235178e+00	2.119563e+00	2.089927e+00	2.065976e+00	2.063206e+00
2.061049e+00	2.060772e+00	2.060505e+00	2.058126e+00	1.197227e+01	1.136760e+01
1.079785e+01	1.028626e+01	9.820384e+00	8.962376e+00	8.211576e+00	7.545186e+00
6.951447e+00	6.417939e+00	5.933668e+00	5.492450e+00	5.089287e+00	4.718705e+00
4.374083e+00	4.050009e+00	3.743301e+00	3.447938e+00	3.157887e+00	2.868865e+00
2.575420e+00	2.425851e+00	2.271322e+00	2.143385e+00	2.016830e+00	1.985314e+00
1.959284e+00	1.956117e+00	1.953619e+00	1.953299e+00	1.952963e+00	1.952272e+00
1.195604e+01	1.134934e+01	1.077934e+01	1.027214e+01	9.810566e+00	8.957849e+00
8.210988e+00	7.546921e+00	6.954363e+00	6.421353e+00	5.937483e+00	5.496631e+00
5.093744e+00	4.723227e+00	4.378329e+00	4.053377e+00	3.744814e+00	3.446482e+00
3.151658e+00	2.853613e+00	2.543622e+00	2.382287e+00	2.211748e+00	2.067558e+00
1.927653e+00	1.894266e+00	1.866498e+00	1.862923e+00	1.859864e+00	1.859445e+00
1.859070e+00	1.861291e+00	1.192296e+01	1.132063e+01	1.075635e+01	1.025677e+01
9.803236e+00	8.961702e+00	8.218357e+00	7.557469e+00	6.966564e+00	6.434547e+00
5.952182e+00	5.513338e+00	5.112619e+00	4.743906e+00	4.399697e+00	4.073765e+00
3.762497e+00	3.461312e+00	3.164477e+00	2.862294e+00	2.544497e+00	2.369568e+00
2.174875e+00	2.012928e+00	1.850724e+00	1.813034e+00	1.786097e+00	1.782770e+00
1.778428e+00	1.777617e+00	1.777647e+00	1.783275e+00	1.186762e+01	1.127831e+01
1.072670e+01	1.023947e+01	9.796934e+00	8.972850e+00	8.240470e+00	7.584656e+00
6.996123e+00	6.466178e+00	5.987341e+00	5.553337e+00	5.158003e+00	4.794187e+00
4.452854e+00	4.127001e+00	3.813821e+00	3.509448e+00	3.207149e+00	2.893297e+00
2.552618e+00	2.362242e+00	2.147233e+00	1.968887e+00	1.782391e+00	1.739631e+00
1.714479e+00	1.711624e+00	1.705753e+00	1.704450e+00	1.705049e+00	1.714179e+00
1.181772e+01	1.123717e+01	1.069530e+01	1.021917e+01	9.787789e+00	8.981174e+00
8.262336e+00	7.614810e+00	7.031492e+00	6.505486e+00	6.030795e+00	5.601232e+00
5.210257e+00	4.850347e+00	4.512044e+00	4.187986e+00	3.875142e+00	3.569145e+00
3.261799e+00	2.935578e+00	2.568188e+00	2.363419e+00	2.140750e+00	1.935266e+00
1.724110e+00	1.677505e+00	1.652394e+00	1.649505e+00	1.642300e+00	1.640627e+00
1.641737e+00	1.653769e+00	1.177575e+01	1.119800e+01	1.066111e+01	1.019342e+01
9.772224e+00	8.985987e+00	8.283679e+00	7.650902e+00	7.079866e+00	6.562984e+00
6.093688e+00	5.666632e+00	5.276661e+00	4.917850e+00	4.582791e+00	4.264858e+00
3.959070e+00	3.657235e+00	3.347571e+00	3.010671e+00	2.620644e+00	2.396117e+00
2.144309e+00	1.908337e+00	1.675366e+00	1.626426e+00	1.599645e+00	1.596195e+00
1.587894e+00	1.585986e+00	1.587544e+00	1.601961e+00	1.172377e+01	1.115300e+01
1.062496e+01	1.016893e+01	9.760700e+00	8.995519e+00	8.310900e+00	7.692524e+00
7.133146e+00	6.625408e+00	6.162928e+00	5.740876e+00	5.354754e+00	4.999437e+00
4.668533e+00	4.355721e+00	4.054893e+00	3.755734e+00	3.444030e+00	3.097754e+00
2.686083e+00	2.441990e+00	2.158472e+00	1.904941e+00	1.636457e+00	1.581733e+00
1.554649e+00	1.551272e+00	1.541494e+00	1.539189e+00	1.541087e+00	1.556955e+00
1.166286e+01	1.110281e+01	1.058694e+01	1.014526e+01	9.751705e+00	9.010643e+00
8.343825e+00	7.739541e+00	7.191482e+00	6.693203e+00	6.239128e+00	5.824705e+00
5.445473e+00	5.096286e+00	4.770583e+00	4.461879e+00	4.163943e+00	3.866107e+00
3.552893e+00	3.199052e+00	2.767910e+00	2.506174e+00	2.196305e+00	1.907771e+00
1.606640e+00	1.543638e+00	1.516782e+00	1.513817e+00	1.502283e+00	1.499472e+00
1.501997e+00	1.518260e+00	1.160281e+01	1.105241e+01	1.054816e+01	1.012115e+01
9.742665e+00	9.025349e+00	8.377732e+00	7.789170e+00	7.254152e+00	6.766932e+00
6.322475e+00	5.916548e+00	5.544844e+00	5.202352e+00	4.882541e+00	4.578892e+00
4.284979e+00	3.989568e+00	3.675943e+00	3.315784e+00	2.866370e+00	2.586859e+00
2.248651e+00	1.928562e+00	1.586902e+00	1.513602e+00	1.485061e+00	1.482422e+00
1.469525e+00	1.466299e+00	1.470022e+00	1.485324e+00	1.154431e+01	1.100328e+01
1.051057e+01	1.009833e+01	9.734925e+00	9.041550e+00	8.413735e+00	7.841787e+00
7.320892e+00	6.845780e+00	6.411953e+00	6.015422e+00	5.652083e+00	5.317067e+00
5.003943e+00	4.706126e+00	4.417088e+00	4.125176e+00	3.812418e+00	3.447359e+00
2.980677e+00	2.683346e+00	2.315855e+00	1.962341e+00	1.578812e+00	1.492410e+00
1.456058e+00	1.453793e+00	1.442865e+00	1.439954e+00	1.444037e+00	1.456782e+00
1.148871e+01	1.095698e+01	1.047566e+01	1.007799e+01	9.729722e+00	9.059477e+00
8.451602e+00	7.896622e+00	7.390361e+00	6.927983e+00	6.505455e+00	6.119009e+00
5.764750e+00	5.437932e+00	5.132197e+00	4.840928e+00	4.557530e+00	4.270033e+00
3.959339e+00	3.590989e+00	3.108762e+00	2.794003e+00	2.396541e+00	2.007444e+00
1.577743e+00	1.478584e+00	1.432580e+00	1.430226e+00	1.420382e+00	1.417609e+00
1.421521e+00	1.432399e+00	1.143677e+01	1.091444e+01	1.044433e+01	1.006073e+01
9.726843e+00	9.079566e+00	8.491304e+00	7.953284e+00	7.461855e+00	7.012646e+00
6.602017e+00	6.226396e+00	5.882053e+00	5.564306e+00	5.266754e+00	4.982765e+00
4.705698e+00	4.423400e+00	4.116016e+00	3.746886e+00	3.253157e+00	2.922837e+00
2.495864e+00	2.068830e+00	1.585824e+00	1.471416e+00	1.415572e+00	1.412402e+00
1.401819e+00	1.398848e+00	1.402199e+00	1.412212e+00	1.138546e+01	1.087358e+01
1.041514e+01	1.004513e+01	9.725327e+00	9.099715e+00	8.530014e+00	8.008021e+00
7.530704e+00	7.094407e+00	6.696092e+00	6.332301e+00	5.999213e+00	5.691919e+00
5.403530e+00	5.127046e+00	4.855798e+00	4.577569e+00	4.272853e+00	3.906507e+00
3.411132e+00	3.070242e+00	2.614417e+00	2.144922e+00	1.600348e+00	1.473146e+00
1.405496e+00	1.399981e+00	1.385305e+00	1.381672e+00	1.384674e+00	1.394287e+00
1.133669e+01	1.083525e+01	1.038825e+01	1.003121e+01	9.724340e+00	9.120078e+00
8.568263e+00	8.061830e+00	7.598341e+00	7.174895e+00	6.789098e+00	6.437596e+00
6.116418e+00	5.820356e+00	5.541904e+00	5.273578e+00	5.008664e+00	4.734892e+00
4.433479e+00	4.072152e+00	3.580226e+00	3.231811e+00	2.748597e+00	2.234822e+00
1.622877e+00	1.477617e+00	1.397669e+00	1.389602e+00	1.370536e+00	1.366208e+00
1.368920e+00	1.378072e+00	1.129529e+01	1.080294e+01	1.036603e+01	1.002062e+01
9.724783e+00	9.140649e+00	8.605865e+00	8.114538e+00	7.664681e+00	7.253914e+00
6.880268e+00	6.540573e+00	6.230884e+00	5.945908e+00	5.677902e+00	5.419136e+00
5.162807e+00	4.896398e+00	4.601147e+00	4.245550e+00	3.755195e+00	3.399651e+00
2.893543e+00	2.339899e+00	1.655083e+00	1.486728e+00	1.390661e+00	1.379860e+00
1.358485e+00	1.353871e+00	1.356524e+00	1.364122e+00	1.126060e+01	1.077608e+01
1.034796e+01	1.001272e+01	9.727645e+00	9.161328e+00	8.642439e+00	8.165528e+00
7.728886e+00	7.330445e+00	6.968470e+00	6.640040e+00	6.341381e+00	6.067311e+00
5.810194e+00	5.562297e+00	5.316759e+00	5.060738e+00	4.774886e+00	4.426358e+00
3.936656e+00	3.575206e+00	3.052478e+00	2.466671e+00	1.707588e+00	1.509944e+00
1.384908e+00	1.371045e+00	1.348864e+00	1.344253e+00	1.346750e+00	1.352331e+00
1.123055e+01	1.075288e+01	1.033250e+01	1.000656e+01	9.730968e+00	9.181125e+00
8.676876e+00	8.213373e+00	7.789098e+00	7.402241e+00	7.051284e+00	6.733527e+00
6.445405e+00	6.181962e+00	5.935761e+00	5.699259e+00	5.465871e+00	5.222967e+00
4.950618e+00	4.613005e+00	4.125627e+00	3.758072e+00	3.218331e+00	2.602140e+00
1.772866e+00	1.542580e+00	1.381633e+00	1.361764e+00	1.341639e+00	1.337645e+00
1.337336e+00	1.342127e+00	1.120384e+01	1.073233e+01	1.031894e+01	1.000147e+01
9.735198e+00	9.200377e+00	8.709855e+00	8.259059e+00	7.846598e+00	7.470860e+00
7.130522e+00	6.823095e+00	6.545259e+00	6.292369e+00	6.057285e+00	5.832783e+00
5.612724e+00	5.384948e+00	5.128941e+00	4.805008e+00	4.321710e+00	3.948790e+00
3.393441e+00	2.749491e+00	1.852903e+00	1.587060e+00	1.379240e+00	1.352926e+00
1.335630e+00	1.332393e+00	1.328478e+00	1.332997e+00	1.118495e+01	1.071817e+01
1.031071e+01	1.000027e+01	9.740392e+00	9.218916e+00	8.740468e+00	8.301104e+00
7.899524e+00	7.534222e+00	7.204001e+00	6.906610e+00	6.639068e+00	6.397148e+00
6.174196e+00	5.963215e+00	5.757664e+00	5.544282e+00	5.301420e+00	4.989213e+00
4.515366e+00	4.144886e+00	3.585676e+00	2.918563e+00	1.938609e+00	1.633394e+00
1.379644e+00	1.350799e+00	1.329554e+00	1.326469e+00	1.321243e+00	1.325221e+00
1.117221e+01	1.070845e+01	1.030581e+01	1.000154e+01	9.747469e+00	9.236320e+00
8.767984e+00	8.338578e+00	7.946791e+00	7.591086e+00	7.270324e+00	6.982520e+00
6.725151e+00	6.494552e+00	6.284836e+00	6.089152e+00	5.899395e+00	5.698884e+00
5.464089e+00	5.160144e+00	4.702071e+00	4.345023e+00	3.801363e+00	3.120914e+00
2.030699e+00	1.681363e+00	1.390339e+00	1.353233e+00	1.323170e+00	1.319379e+00
1.315572e+00	1.318768e+00	1.116564e+01	1.070636e+01	1.030713e+01	1.000741e+01
9.759403e+00	9.257894e+00	8.798529e+00	8.377804e+00	7.994512e+00	7.647286e+00
7.335092e+00	7.056203e+00	6.808370e+00	6.588296e+00	6.390504e+00	6.208398e+00
6.033601e+00	5.848355e+00	5.628175e+00	5.338681e+00	4.896716e+00	4.549727e+00
4.016366e+00	3.325986e+00	2.143415e+00	1.743690e+00	1.401304e+00	1.355522e+00
1.319597e+00	1.314666e+00	1.311359e+00	1.313921e+00	1.115953e+01	1.070466e+01
1.030980e+01	1.001434e+01	9.771227e+00	9.278273e+00	8.826754e+00	8.413597e+00
8.037740e+00	7.698080e+00	7.393722e+00	7.123153e+00	6.884298e+00	6.674071e+00
6.487202e+00	6.317443e+00	6.157028e+00	5.988875e+00	5.788502e+00	5.518915e+00
5.094241e+00	4.755283e+00	4.229070e+00	3.533145e+00	2.278101e+00	1.822237e+00
1.412946e+00	1.357922e+00	1.317152e+00	1.310974e+00	1.307692e+00	1.309742e+00
1.114557e+01	1.069557e+01	1.030541e+01	1.001441e+01	9.775446e+00	9.290089e+00
8.845615e+00	8.439296e+00	8.070242e+00	7.737551e+00	7.440534e+00	7.177830e+00
6.947576e+00	6.746851e+00	6.570655e+00	6.413088e+00	6.266904e+00	6.115782e+00
5.935402e+00	5.687176e+00	5.283968e+00	4.956726e+00	4.442939e+00	3.747146e+00
2.423830e+00	1.910320e+00	1.427829e+00	1.361633e+00	1.314305e+00	1.307225e+00
1.303232e+00	1.305164e+00	1.113899e+01	1.069543e+01	1.030904e+01	1.002180e+01
9.786701e+00	9.308314e+00	8.869673e+00	8.468630e+00	8.104812e+00	7.777786e+00
7.487350e+00	7.232253e+00	7.010579e+00	6.819373e+00	6.653381e+00	6.506633e+00
6.372456e+00	6.235467e+00	6.072957e+00	5.848627e+00	5.476870e+00	5.166634e+00
4.664986e+00	3.964704e+00	2.580057e+00	2.017042e+00	1.450030e+00	1.367876e+00
1.312059e+00	1.306630e+00	1.298124e+00	1.302119e+00	1.114051e+01	1.069825e+01
1.031673e+01	1.003219e+01	9.798119e+00	9.322953e+00	8.888568e+00	8.492765e+00
8.134889e+00	7.814258e+00	7.530497e+00	7.282385e+00	7.068031e+00	6.884468e+00
6.726349e+00	6.588249e+00	6.465538e+00	6.346479e+00	6.209860e+00	6.012833e+00
5.664328e+00	5.367169e+00	4.884591e+00	4.193737e+00	2.752003e+00	2.134198e+00
1.475445e+00	1.376799e+00	1.311515e+00	1.305508e+00	1.296101e+00	1.299665e+00
1.115583e+01	1.071201e+01	1.032788e+01	1.004187e+01	9.806985e+00	9.332668e+00
8.901433e+00	8.510681e+00	8.159111e+00	7.845254e+00	7.567868e+00	7.325674e+00
7.116983e+00	6.938992e+00	6.786644e+00	6.655606e+00	6.544200e+00	6.446445e+00
6.342999e+00	6.175669e+00	5.840060e+00	5.551184e+00	5.095328e+00	4.432951e+00
2.943076e+00	2.261088e+00	1.504245e+00	1.390549e+00	1.312234e+00	1.303234e+00
1.295713e+00	1.297623e+00	1.114777e+01	1.070751e+01	1.032667e+01	1.004428e+01
9.812184e+00	9.342720e+00	8.915824e+00	8.529263e+00	8.181625e+00	7.871458e+00
7.597585e+00	7.359121e+00	7.154915e+00	6.982930e+00	6.839208e+00	6.720005e+00
6.622893e+00	6.539738e+00	6.450485e+00	6.304348e+00	6.002934e+00	5.734887e+00
5.303679e+00	4.662984e+00	3.146476e+00	2.399808e+00	1.540193e+00	1.409129e+00
1.313361e+00	1.302975e+00	1.292234e+00	1.295386e+00	1.113196e+01	1.069922e+01
1.032484e+01	1.004594e+01	9.816467e+00	9.352459e+00	8.929973e+00	8.546936e+00
8.202191e+00	7.894662e+00	7.623487e+00	7.388170e+00	7.188065e+00	7.021945e+00
6.887092e+00	6.780355e+00	6.697720e+00	6.626890e+00	6.547260e+00	6.420447e+00
6.159199e+00	5.916764e+00	5.510337e+00	4.891045e+00	3.362534e+00	2.551193e+00
1.581914e+00	1.431468e+00	1.315073e+00	1.302836e+00	1.287600e+00	1.293228e+00
1.111935e+01	1.069395e+01	1.032496e+01	1.004894e+01	9.821466e+00	9.361299e+00
8.941789e+00	8.561219e+00	8.218728e+00	7.913624e+00	7.645450e+00	7.413856e+00
7.218321e+00	7.057830e+00	6.929963e+00	6.831844e+00	6.759689e+00	6.701460e+00
6.637553e+00	6.533468e+00	6.308571e+00	6.090218e+00	5.708393e+00	5.113295e+00
3.587826e+00	2.720758e+00	1.629076e+00	1.455179e+00	1.317816e+00	1.303052e+00
1.287121e+00	1.291531e+00	1.110789e+01	1.069027e+01	1.032714e+01	1.005367e+01
9.826951e+00	9.369225e+00	8.951629e+00	8.572744e+00	8.231974e+00	7.928987e+00
7.663770e+00	7.436015e+00	7.245109e+00	7.089843e+00	6.967452e+00	6.875215e+00
6.810647e+00	6.764300e+00	6.718949e+00	6.639382e+00	6.448182e+00	6.252852e+00
5.895060e+00	5.325946e+00	3.820867e+00	2.910986e+00	1.684865e+00	1.482270e+00
1.322835e+00	1.304359e+00	1.288090e+00	1.290232e+00	1.109403e+01	1.068619e+01
1.033002e+01	1.005894e+01	9.832322e+00	9.376320e+00	8.960289e+00	8.583146e+00
8.244338e+00	7.943624e+00	7.681087e+00	7.456472e+00	7.269239e+00	7.118241e+00
7.000757e+00	6.914256e+00	6.856873e+00	6.820148e+00	6.788904e+00	6.732248e+00
6.577310e+00	6.404688e+00	6.070893e+00	5.528192e+00	4.057086e+00	3.111121e+00
1.750191e+00	1.517824e+00	1.329139e+00	1.307529e+00	1.287360e+00	1.289488e+00
1.107832e+01	1.068189e+01	1.033369e+01	1.006468e+01	9.837574e+00	9.382844e+00
8.968144e+00	8.592687e+00	8.255873e+00	7.957444e+00	7.697412e+00	7.475565e+00
7.291495e+00	7.144211e+00	7.031173e+00	6.950073e+00	6.899419e+00	6.871167e+00
6.852080e+00	6.817307e+00	6.699045e+00	6.548919e+00	6.239955e+00	5.725409e+00
4.298731e+00	3.322064e+00	1.825589e+00	1.562243e+00	1.336981e+00	1.312427e+00
1.285484e+00	1.288949e+00	1.106119e+01	1.067674e+01	1.033659e+01	1.006968e+01
9.841880e+00	9.388532e+00	8.975232e+00	8.601303e+00	8.266204e+00	7.969769e+00
7.712064e+00	7.492799e+00	7.311436e+00	7.167026e+00	7.057423e+00	6.980833e+00
6.936401e+00	6.917030e+00	6.910816e+00	6.894793e+00	6.803942e+00	6.674870e+00
6.401851e+00	5.931505e+00	4.539812e+00	3.524995e+00	1.913797e+00	1.617001e+00
1.345650e+00	1.313481e+00	1.285195e+00	1.288289e+00	1.104179e+01	1.067004e+01
1.033876e+01	1.007387e+01	9.845253e+00	9.393377e+00	8.981542e+00	8.608965e+00
8.275267e+00	7.980501e+00	7.724934e+00	7.508057e+00	7.328916e+00	7.186489e+00
7.079264e+00	7.006243e+00	6.967441e+00	6.957337e+00	6.964829e+00	6.963838e+00
6.889806e+00	6.779485e+00	6.554457e+00	6.150558e+00	4.775212e+00	3.710633e+00
2.023188e+00	1.691606e+00	1.355573e+00	1.309752e+00	1.288548e+00	1.287413e+00
1.102182e+01	1.066261e+01	1.033979e+01	1.007709e+01	9.847675e+00	9.397012e+00
8.986333e+00	8.614933e+00	8.282514e+00	7.989219e+00	7.735389e+00	7.520461e+00
7.343343e+00	7.202991e+00	7.098202e+00	7.028388e+00	6.994172e+00	6.991098e+00
7.009338e+00	7.023585e+00	6.971735e+00	6.880102e+00	6.690443e+00	6.338018e+00
5.014972e+00	3.921646e+00	2.137289e+00	1.767057e+00	1.369011e+00	1.310967e+00
1.291933e+00	1.286809e+00	1.100257e+01	1.065528e+01	1.034060e+01	1.008001e+01
9.849861e+00	9.400174e+00	8.990355e+00	8.619936e+00	8.288647e+00	7.996575e+00
7.744023e+00	7.530528e+00	7.355178e+00	7.217044e+00	7.114923e+00	7.048252e+00
7.017831e+00	7.019446e+00	7.044570e+00	7.072847e+00	7.050975e+00	6.981298e+00
6.812901e+00	6.481716e+00	5.244605e+00	4.176156e+00	2.257869e+00	1.839378e+00
1.387266e+00	1.320941e+00	1.293006e+00	1.286374e+00	1.098648e+01	1.064969e+01
1.034238e+01	1.008367e+01	9.852891e+00	9.403901e+00	8.994638e+00	8.624986e+00
8.294646e+00	8.003499e+00	7.751748e+00	7.539157e+00	7.365257e+00	7.229416e+00
7.130229e+00	7.066905e+00	7.039879e+00	7.044216e+00	7.072393e+00	7.111790e+00
7.126144e+00	7.085090e+00	6.928153e+00	6.584191e+00	5.444136e+00	4.483308e+00
2.393020e+00	1.908826e+00	1.409780e+00	1.342863e+00	1.287179e+00	1.286055e+00
1.097408e+01	1.064580e+01	1.034434e+01	1.008739e+01	9.855955e+00	9.407742e+00
8.999054e+00	8.630028e+00	8.300447e+00	8.010161e+00	7.759335e+00	7.547800e+00
7.375125e+00	7.240780e+00	7.143436e+00	7.082397e+00	7.058349e+00	7.066821e+00
7.101121e+00	7.150484e+00	7.183890e+00	7.160353e+00	7.032501e+00	6.724251e+00
5.651346e+00	4.722226e+00	2.554381e+00	2.011322e+00	1.434003e+00	1.353058e+00
1.289123e+00	1.286063e+00	1.096160e+01	1.064101e+01	1.034462e+01	1.008840e+01
9.856683e+00	9.408826e+00	9.000774e+00	8.632582e+00	8.303842e+00	8.014430e+00
7.764502e+00	7.553932e+00	7.382376e+00	7.249368e+00	7.153622e+00	7.094571e+00
7.073151e+00	7.085434e+00	7.125507e+00	7.183722e+00	7.232653e+00	7.224217e+00
7.126096e+00	6.859985e+00	5.851628e+00	4.951900e+00	2.731842e+00	2.128221e+00
1.461385e+00	1.363806e+00	1.291924e+00	1.285904e+00	1.094858e+01	1.063452e+01
1.034275e+01	1.008798e+01	9.855731e+00	9.408575e+00	9.001094e+00	8.633508e+00
8.305438e+00	8.016733e+00	7.767523e+00	7.557708e+00	7.387089e+00	7.255265e+00
7.160926e+00	7.103603e+00	7.084395e+00	7.099774e+00	7.144488e+00	7.210260e+00
7.273073e+00	7.278132e+00	7.206841e+00	6.978338e+00	6.037682e+00	5.178325e+00
2.923727e+00	2.256468e+00	1.493930e+00	1.377814e+00	1.295254e+00	1.285005e+00
1.093723e+01	1.062895e+01	1.034185e+01	1.008810e+01	9.855531e+00	9.408713e+00
9.001643e+00	8.634568e+00	8.307049e+00	8.018910e+00	7.770259e+00	7.561056e+00
7.391202e+00	7.260353e+00	7.167219e+00	7.111347e+00	7.094018e+00	7.111992e+00
7.160630e+00	7.232877e+00	7.307421e+00	7.324007e+00	7.277142e+00	7.084818e+00
6.212532e+00	5.397449e+00	3.129681e+00	2.398942e+00	1.532557e+00	1.395490e+00
1.299306e+00	1.284758e+00	1.092735e+01	1.062449e+01	1.034124e+01	1.008843e+01
9.855416e+00	9.409087e+00	9.002431e+00	8.635790e+00	8.308758e+00	8.021116e+00
7.772949e+00	7.564289e+00	7.395111e+00	7.265126e+00	7.173073e+00	7.118498e+00
7.102854e+00	7.123148e+00	7.175295e+00	7.253398e+00	7.338470e+00	7.365396e+00
7.341171e+00	7.183790e+00	6.381126e+00	5.613578e+00	3.349372e+00	2.554761e+00
1.576585e+00	1.416421e+00	1.304089e+00	1.284609e+00	1.092086e+01	1.062321e+01
1.034198e+01	1.008974e+01	9.856256e+00	9.410374e+00	9.004214e+00	8.638039e+00
8.311463e+00	8.024266e+00	7.776538e+00	7.568360e+00	7.399778e+00	7.270535e+00
7.179402e+00	7.125962e+00	7.111799e+00	7.134141e+00	7.189350e+00	7.272672e+00
7.367044e+00	7.402790e+00	7.398181e+00	7.273087e+00	6.541786e+00	5.823816e+00
3.579716e+00	2.723913e+00	1.627053e+00	1.441302e+00	1.310006e+00	1.284602e+00
1.091646e+01	1.062281e+01	1.034502e+01	1.009338e+01	9.859492e+00	9.413751e+00
9.007732e+00	8.641719e+00	8.315320e+00	8.028353e+00	7.780915e+00	7.573085e+00
7.404943e+00	7.276253e+00	7.185826e+00	7.133316e+00	7.120389e+00	7.144462e+00
7.202243e+00	7.290079e+00	7.392430e+00	7.435480e+00	7.447398e+00	7.351432e+00
6.691629e+00	6.024303e+00	3.819456e+00	2.908222e+00	1.687033e+00	1.472592e+00
1.317725e+00	1.284641e+00	1.091169e+01	1.062181e+01	1.034615e+01	1.009510e+01
9.860894e+00	9.415394e+00	9.009619e+00	8.643818e+00	8.317616e+00	8.030878e+00
7.783717e+00	7.576234e+00	7.408481e+00	7.280269e+00	7.190435e+00	7.138716e+00
7.126849e+00	7.152367e+00	7.212327e+00	7.304028e+00	7.413228e+00	7.462345e+00
7.487662e+00	7.417274e+00	6.828887e+00	6.212315e+00	4.063156e+00	3.102547e+00
1.755491e+00	1.509714e+00	1.326542e+00	1.284638e+00	1.090691e+01	1.062021e+01
1.034686e+01	1.009629e+01	9.861840e+00	9.416553e+00	9.011001e+00	8.645391e+00
8.319364e+00	8.032824e+00	7.785910e+00	7.578741e+00	7.411332e+00	7.283538e+00
7.194219e+00	7.143195e+00	7.132266e+00	7.159052e+00	7.220937e+00	7.316080e+00
7.431408e+00	7.485854e+00	7.522773e+00	7.475673e+00	6.958077e+00	6.392636e+00
4.313236e+00	3.308373e+00	1.832835e+00	1.552991e+00	1.336544e+00	1.284621e+00
1.090225e+01	1.061845e+01	1.034700e+01	1.009677e+01	9.862065e+00	9.417040e+00
9.011753e+00	8.646355e+00	8.320517e+00	8.034176e+00	7.787508e+00	7.580580e+00
7.413485e+00	7.286074e+00	7.197281e+00	7.146872e+00	7.136762e+00	7.164672e+00
7.227885e+00	7.325847e+00	7.446778e+00	7.506256e+00	7.552793e+00	7.525853e+00
7.077370e+00	6.562232e+00	4.564530e+00	3.523506e+00	1.919617e+00	1.602390e+00
1.347814e+00	1.284590e+00	1.089740e+01	1.061628e+01	1.034675e+01	1.009692e+01
9.862045e+00	9.417222e+00	9.012161e+00	8.646958e+00	8.321301e+00	8.035149e+00
7.788723e+00	7.581866e+00	7.415020e+00	7.287995e+00	7.199886e+00	7.150048e+00
7.140688e+00	7.169649e+00	7.232948e+00	7.332901e+00	7.459119e+00	7.523738e+00
7.578113e+00	7.567705e+00	7.184661e+00	6.718045e+00	4.812913e+00	3.746860e+00
2.019980e+00	1.661483e+00	1.361156e+00	1.284489e+00	1.090128e+01	1.061899e+01
1.034806e+01	1.009702e+01	9.860847e+00	9.414918e+00	9.009742e+00	8.644927e+00
8.319951e+00	8.034573e+00	7.788830e+00	7.582778e+00	7.416336e+00	7.289135e+00
7.199658e+00	7.148008e+00	7.137430e+00	7.168879e+00	7.242199e+00	7.348639e+00
7.472182e+00	7.535250e+00	7.594030e+00	7.600834e+00	7.284063e+00	6.859728e+00
5.052617e+00	3.977347e+00	2.135376e+00	1.729452e+00	1.375586e+00	1.284289e+00
1.090861e+01	1.062392e+01	1.035091e+01	1.009723e+01	9.859035e+00	9.411219e+00
9.005812e+00	8.641586e+00	8.317682e+00	8.033535e+00	7.788874e+00	7.583700e+00
7.417673e+00	7.290162e+00	7.198837e+00	7.144129e+00	7.131428e+00	7.166708e+00
7.252466e+00	7.366672e+00	7.484157e+00	7.544369e+00	7.606756e+00	7.629172e+00
7.372344e+00	6.988588e+00	5.283809e+00	4.212309e+00	2.267489e+00	1.809134e+00
1.392039e+00	1.284103e+00	1.090566e+01	1.062325e+01	1.035141e+01	1.009817e+01
9.859861e+00	9.412274e+00	9.006967e+00	8.642803e+00	8.318959e+00	8.034834e+00
7.790151e+00	7.584940e+00	7.419015e+00	7.291757e+00	7.201083e+00	7.146898e+00
7.134770e+00	7.170645e+00	7.255757e+00	7.370886e+00	7.491626e+00	7.555703e+00
7.624235e+00	7.657462e+00	7.445422e+00	7.106934e+00	5.509785e+00	4.447359e+00
2.413638e+00	1.903560e+00	1.412475e+00	1.284076e+00	1.088912e+01	1.061308e+01
1.034657e+01	1.009656e+01	9.860030e+00	9.414368e+00	9.009508e+00	8.645000e+00
8.320364e+00	8.035375e+00	7.790090e+00	7.584444e+00	7.418505e+00	7.291955e+00
7.203341e+00	7.152946e+00	7.143869e+00	7.176721e+00	7.251140e+00	7.360629e+00
7.494472e+00	7.567979e+00	7.641477e+00	7.679278e+00	7.509755e+00	7.209578e+00
5.723200e+00	4.681930e+00	2.573776e+00	2.013428e+00	1.436138e+00	1.283973e+00
1.088173e+01	1.060875e+01	1.034459e+01	1.009606e+01	9.860475e+00	9.416330e+00
9.011611e+00	8.646851e+00	8.321750e+00	8.036157e+00	7.790262e+00	7.584441e+00
7.418510e+00	7.292461e+00	7.205504e+00	7.157251e+00	7.149849e+00	7.181379e+00
7.249512e+00	7.356619e+00	7.498166e+00	7.577844e+00	7.656329e+00	7.699953e+00
7.563916e+00	7.299715e+00	5.924747e+00	4.915222e+00	2.748188e+00	2.136474e+00
1.462905e+00	1.283959e+00	1.088134e+01	1.060963e+01	1.034641e+01	1.009820e+01
9.862401e+00	9.417789e+00	9.012858e+00	8.648040e+00	8.323034e+00	8.037690e+00
7.792178e+00	7.586537e+00	7.420749e+00	7.294673e+00	7.207469e+00	7.159216e+00
7.152036e+00	7.184057e+00	7.253731e+00	7.362206e+00	7.504703e+00	7.584847e+00
7.668282e+00	7.720384e+00	7.607779e+00	7.377287e+00	6.111784e+00	5.144496e+00
2.938606e+00	2.274463e+00	1.493604e+00	1.284194e+00	