6.639750e-02	6.734624e-02	6.843583e-02	6.977144e-02	7.133792e-02	7.503448e-02
7.938426e-02	8.419021e-02	8.944905e-02	9.518891e-02	1.014309e-01	1.083320e-01
1.162605e-01	1.254292e-01	1.355683e-01	1.462905e-01	1.574493e-01	1.687762e-01
1.797527e-01	1.893452e-01	1.971151e-01	2.006300e-01	2.029126e-01	2.035828e-01
2.051999e-01	2.056026e-01	2.057966e-01	2.058719e-01	2.059214e-01	2.058767e-01
2.058197e-01	2.122396e-01	7.681426e-02	7.795311e-02	7.924584e-02	8.080779e-02
8.262279e-02	8.687156e-02	9.183777e-02	9.730648e-02	1.032733e-01	1.097680e-01
1.168130e-01	1.245772e-01	1.334564e-01	1.436771e-01	1.549480e-01	1.668513e-01
1.792167e-01	1.917246e-01	2.037854e-01	2.142977e-01	2.227967e-01	2.266211e-01
2.291391e-01	2.299319e-01	2.317185e-01	2.321628e-01	2.323835e-01	2.324646e-01
2.325182e-01	2.324716e-01	2.324120e-01	2.391311e-01	8.886525e-02	9.023055e-02
9.176337e-02	9.358985e-02	9.569282e-02	1.005760e-01	1.062450e-01	1.124662e-01
1.192341e-01	1.265800e-01	1.345279e-01	1.432585e-01	1.531956e-01	1.645797e-01
1.770982e-01	1.903021e-01	2.039933e-01	2.177932e-01	2.310313e-01	2.425385e-01
2.518242e-01	2.559794e-01	2.587555e-01	2.596914e-01	2.616643e-01	2.621540e-01
2.624051e-01	2.624924e-01	2.625503e-01	2.625020e-01	2.624401e-01	2.694299e-01
1.028069e-01	1.044417e-01	1.062581e-01	1.083938e-01	1.108304e-01	1.164424e-01
1.229123e-01	1.299877e-01	1.376616e-01	1.459668e-01	1.549293e-01	1.647412e-01
1.758544e-01	1.885233e-01	2.024147e-01	2.170487e-01	2.321953e-01	2.474064e-01
2.619199e-01	2.745010e-01	2.846336e-01	2.891409e-01	2.921998e-01	2.933025e-01
2.954800e-01	2.960195e-01	2.963053e-01	2.963990e-01	2.964613e-01	2.964117e-01
2.963479e-01	3.035677e-01	1.189357e-01	1.208910e-01	1.230425e-01	1.255393e-01
1.283625e-01	1.348117e-01	1.421943e-01	1.502389e-01	1.589371e-01	1.683230e-01
1.784245e-01	1.894454e-01	2.018646e-01	2.159503e-01	2.313503e-01	2.475546e-01
2.642962e-01	2.810461e-01	2.969382e-01	3.106756e-01	3.217177e-01	3.265983e-01
3.299669e-01	3.312638e-01	3.336658e-01	3.342599e-01	3.345851e-01	3.346852e-01
3.347522e-01	3.347019e-01	3.346366e-01	3.420308e-01	1.375949e-01	1.399310e-01
1.424781e-01	1.453970e-01	1.486681e-01	1.560790e-01	1.645013e-01	1.736451e-01
1.835007e-01	1.941032e-01	2.054829e-01	2.178541e-01	2.317219e-01	2.473674e-01
2.644222e-01	2.823480e-01	3.008350e-01	3.192597e-01	3.366385e-01	3.516175e-01
3.636334e-01	3.689084e-01	3.726153e-01	3.741383e-01	3.767866e-01	3.774402e-01
3.778102e-01	3.779170e-01	3.779887e-01	3.779383e-01	3.778723e-01	3.853674e-01
1.591814e-01	1.619698e-01	1.649837e-01	1.683956e-01	1.721857e-01	1.807013e-01
1.903076e-01	2.006978e-01	2.118605e-01	2.238319e-01	2.366446e-01	2.505230e-01
2.659954e-01	2.833553e-01	3.022219e-01	3.220316e-01	3.424253e-01	3.626692e-01
3.816467e-01	3.979547e-01	4.110101e-01	4.166995e-01	4.207760e-01	4.225619e-01
4.254799e-01	4.261986e-01	4.266196e-01	4.267331e-01	4.268097e-01	4.267599e-01
4.266941e-01	4.341948e-01	1.841546e-01	1.874797e-01	1.910442e-01	1.950322e-01
1.994236e-01	2.092078e-01	2.201624e-01	2.319652e-01	2.446034e-01	2.581139e-01
2.725322e-01	2.880908e-01	3.053382e-01	3.245787e-01	3.454251e-01	3.672926e-01
3.897654e-01	4.119811e-01	4.326724e-01	4.503984e-01	4.645594e-01	4.706819e-01
4.751616e-01	4.772528e-01	4.804661e-01	4.812557e-01	4.817347e-01	4.818549e-01
4.819364e-01	4.818883e-01	4.818238e-01	4.892089e-01	2.130457e-01	2.170074e-01
2.212212e-01	2.258821e-01	2.309703e-01	2.422114e-01	2.547007e-01	2.681038e-01
2.824066e-01	2.976464e-01	3.138620e-01	3.312921e-01	3.505000e-01	3.717995e-01
3.948043e-01	4.189150e-01	4.436503e-01	4.679979e-01	4.905202e-01	5.097534e-01
5.250855e-01	5.316576e-01	5.365766e-01	5.390223e-01	5.425582e-01	5.434252e-01
5.439701e-01	5.440968e-01	5.441833e-01	5.441381e-01	5.440763e-01	5.511935e-01
2.464693e-01	2.511855e-01	2.561649e-01	2.616119e-01	2.675073e-01	2.804215e-01
2.946572e-01	3.098726e-01	3.260523e-01	3.432337e-01	3.614597e-01	3.809719e-01
4.023417e-01	4.258901e-01	4.512423e-01	4.777929e-01	5.049848e-01	5.316312e-01
5.561021e-01	5.769303e-01	5.934973e-01	6.005326e-01	6.059294e-01	6.087864e-01
6.126748e-01	6.136259e-01	6.142458e-01	6.143786e-01	6.144700e-01	6.144292e-01
6.143720e-01	6.210317e-01	2.851366e-01	2.907467e-01	2.966282e-01	3.029932e-01
3.098240e-01	3.246594e-01	3.408820e-01	3.581486e-01	3.764433e-01	3.958031e-01
4.162756e-01	4.381015e-01	4.618511e-01	4.878500e-01	5.157483e-01	5.449459e-01
5.747987e-01	6.039167e-01	6.304523e-01	6.529600e-01	6.708224e-01	6.783301e-01
6.842462e-01	6.875798e-01	6.918527e-01	6.928952e-01	6.936004e-01	6.937388e-01
6.938348e-01	6.938005e-01	6.937501e-01	6.997188e-01	3.298702e-01	3.365386e-01
3.434831e-01	3.509203e-01	3.588347e-01	3.758761e-01	3.943583e-01	4.139458e-01
4.346223e-01	4.564240e-01	4.794044e-01	5.037980e-01	5.301624e-01	5.588241e-01
5.894755e-01	6.215373e-01	6.542644e-01	6.860308e-01	7.147431e-01	7.390091e-01
7.582218e-01	7.662061e-01	7.726855e-01	7.765713e-01	7.812631e-01	7.824047e-01
7.832068e-01	7.833500e-01	7.834505e-01	7.834249e-01	7.833839e-01	7.883757e-01
3.816218e-01	3.895426e-01	3.977391e-01	4.064284e-01	4.155985e-01	4.351725e-01
4.562238e-01	4.784358e-01	5.017928e-01	5.263296e-01	5.521068e-01	5.793463e-01
6.085775e-01	6.401237e-01	6.737421e-01	7.088934e-01	7.447162e-01	7.793100e-01
8.103033e-01	8.363981e-01	8.570083e-01	8.654662e-01	8.725556e-01	8.770807e-01
8.822283e-01	8.834772e-01	8.843894e-01	8.845365e-01	8.846409e-01	8.846269e-01
8.845986e-01	8.882658e-01	4.414924e-01	4.508947e-01	4.605652e-01	4.707166e-01
4.813416e-01	5.038232e-01	5.277946e-01	5.529728e-01	5.793444e-01	6.069418e-01
6.358346e-01	6.662236e-01	6.985908e-01	7.332510e-01	7.700549e-01	8.085272e-01
8.476729e-01	8.852722e-01	9.186399e-01	9.466213e-01	9.686654e-01	9.775852e-01
9.853339e-01	9.905987e-01	9.962415e-01	9.976064e-01	9.986439e-01	9.987934e-01
9.989010e-01	9.989020e-01	9.988904e-01	1.000812e+00	5.107559e-01	5.219096e-01
5.333153e-01	5.451739e-01	5.574846e-01	5.833039e-01	6.105931e-01	6.391223e-01
6.688815e-01	6.999006e-01	7.322598e-01	7.661288e-01	8.019178e-01	8.399268e-01
8.801357e-01	9.221645e-01	9.648633e-01	1.005642e+00	1.041461e+00	1.071370e+00
1.094870e+00	1.104229e+00	1.112689e+00	1.118809e+00	1.124989e+00	1.126479e+00
1.127659e+00	1.127809e+00	1.127919e+00	1.127939e+00	1.127949e+00	1.127619e+00
5.907994e-01	6.040639e-01	6.175485e-01	6.314299e-01	6.457166e-01	6.754005e-01
7.064841e-01	7.388335e-01	7.724465e-01	8.073462e-01	8.436261e-01	8.814020e-01
9.209700e-01	9.626040e-01	1.006488e+00	1.052400e+00	1.099000e+00	1.143222e+00
1.181579e+00	1.213433e+00	1.238346e+00	1.248040e+00	1.257246e+00	1.264390e+00
1.271128e+00	1.272746e+00	1.274090e+00	1.274234e+00	1.274343e+00	1.274391e+00
1.274430e+00	1.270764e+00	6.834599e-01	6.991884e-01	7.150927e-01	7.313152e-01
7.478758e-01	7.819726e-01	8.173471e-01	8.539825e-01	8.918866e-01	9.310764e-01
9.716621e-01	1.013695e+00	1.057326e+00	1.102796e+00	1.150532e+00	1.200507e+00
1.251166e+00	1.298924e+00	1.339823e+00	1.373610e+00	1.399940e+00	1.409953e+00
1.419971e+00	1.428273e+00	1.435630e+00	1.437390e+00	1.438918e+00	1.439057e+00
1.439164e+00	1.439242e+00	1.439316e+00	1.431857e+00	7.913981e-01	8.097829e-01
8.283076e-01	8.470871e-01	8.661502e-01	9.051317e-01	9.452491e-01	9.865225e-01
1.028961e+00	1.072597e+00	1.117563e+00	1.163888e+00	1.211608e+00	1.260949e+00
1.312463e+00	1.366218e+00	1.420498e+00	1.471380e+00	1.514649e+00	1.550348e+00
1.578320e+00	1.588987e+00	1.600000e+00	1.609425e+00	1.617594e+00	1.619545e+00
1.621273e+00	1.621422e+00	1.621540e+00	1.621638e+00	1.621748e+00	1.612426e+00
9.168962e-01	9.380762e-01	9.593755e-01	9.808925e-01	1.002660e+00	1.046959e+00
1.092229e+00	1.138413e+00	1.185514e+00	1.233608e+00	1.282864e+00	1.333348e+00
1.385032e+00	1.438142e+00	1.493189e+00	1.550203e+00	1.607390e+00	1.660761e+00
1.706132e+00	1.743710e+00	1.773616e+00	1.785373e+00	1.797595e+00	1.808066e+00
1.817283e+00	1.819485e+00	1.821428e+00	1.821610e+00	1.821754e+00	1.821855e+00
1.821994e+00	1.813536e+00	1.059779e+00	1.084021e+00	1.108340e+00	1.132798e+00
1.157438e+00	1.207303e+00	1.257841e+00	1.308955e+00	1.360638e+00	1.413037e+00
1.466387e+00	1.520759e+00	1.576069e+00	1.632484e+00	1.690488e+00	1.750071e+00
1.809416e+00	1.864628e+00	1.911726e+00	1.951133e+00	1.983163e+00	1.996102e+00
2.009635e+00	2.021256e+00	2.031614e+00	2.034106e+00	2.036284e+00	2.036501e+00
2.036680e+00	2.036774e+00	2.036888e+00	2.030552e+00	1.222957e+00	1.250540e+00
1.278138e+00	1.305757e+00	1.333455e+00	1.389173e+00	1.445123e+00	1.501191e+00
1.557363e+00	1.613878e+00	1.671082e+00	1.729030e+00	1.787599e+00	1.846842e+00
1.907201e+00	1.968604e+00	2.029278e+00	2.085630e+00	2.134070e+00	2.175239e+00
2.209574e+00	2.223854e+00	2.238826e+00	2.251670e+00	2.263297e+00	2.266123e+00
2.268556e+00	2.268817e+00	2.269041e+00	2.269113e+00	2.269162e+00	2.266400e+00
1.407482e+00	1.438646e+00	1.469725e+00	1.500653e+00	1.531506e+00	1.593142e+00
1.654410e+00	1.715197e+00	1.775507e+00	1.835678e+00	1.896220e+00	1.957193e+00
2.018457e+00	2.079942e+00	2.141892e+00	2.204091e+00	2.264957e+00	2.321589e+00
2.371090e+00	2.413863e+00	2.450395e+00	2.466283e+00	2.482793e+00	2.496720e+00
2.509760e+00	2.512948e+00	2.515637e+00	2.515980e+00	2.516239e+00	2.516255e+00
2.516273e+00	2.517723e+00	1.614519e+00	1.649391e+00	1.684034e+00	1.718289e+00
1.752255e+00	1.819570e+00	1.885743e+00	1.950671e+00	2.014426e+00	2.077439e+00
2.140465e+00	2.203606e+00	2.266758e+00	2.329714e+00	2.392255e+00	2.453881e+00
2.513424e+00	2.569254e+00	2.619579e+00	2.663781e+00	2.702286e+00	2.720167e+00
2.738312e+00	2.753035e+00	2.767655e+00	2.771235e+00	2.774164e+00	2.774648e+00
2.774921e+00	2.774830e+00	2.774877e+00	2.781138e+00	1.843653e+00	1.882696e+00
1.921257e+00	1.958994e+00	1.996033e+00	2.068567e+00	2.138834e+00	2.207029e+00
2.273321e+00	2.338278e+00	2.402863e+00	2.467133e+00	2.530909e+00	2.593829e+00
2.655518e+00	2.715470e+00	2.772880e+00	2.827132e+00	2.877404e+00	2.922686e+00
2.963237e+00	2.982729e+00	3.002390e+00	3.018162e+00	3.034224e+00	3.038154e+00
3.041362e+00	3.041958e+00	3.042251e+00	3.042042e+00	3.042204e+00	3.053113e+00
2.094564e+00	2.138157e+00	2.180895e+00	2.222151e+00	2.262099e+00	2.339107e+00
2.412351e+00	2.482607e+00	2.550201e+00	2.615862e+00	2.680723e+00	2.744753e+00
2.807617e+00	2.868808e+00	2.928088e+00	2.985184e+00	3.039597e+00	3.091460e+00
3.140762e+00	3.186662e+00	3.229160e+00	3.249859e+00	3.270856e+00	3.287820e+00
3.305130e+00	3.309367e+00	3.312864e+00	3.313543e+00	3.313856e+00	3.313555e+00
3.313868e+00	3.328596e+00	2.366060e+00	2.414223e+00	2.461073e+00	2.505620e+00
2.548144e+00	2.628660e+00	2.703611e+00	2.774456e+00	2.841772e+00	2.906427e+00
2.969763e+00	3.031753e+00	3.092000e+00	3.149912e+00	3.205386e+00	3.258376e+00
3.308736e+00	3.357335e+00	3.404928e+00	3.450793e+00	3.494658e+00	3.516382e+00
3.538485e+00	3.556385e+00	3.574745e+00	3.579272e+00	3.582991e+00	3.583744e+00
3.584066e+00	3.583756e+00	3.584096e+00	3.600768e+00	2.657205e+00	2.709905e+00
2.760745e+00	2.808309e+00	2.852974e+00	2.935772e+00	3.010853e+00	3.080583e+00
3.145757e+00	3.207451e+00	3.267248e+00	3.325176e+00	3.380898e+00	3.433883e+00
3.484192e+00	3.531985e+00	3.577482e+00	3.622118e+00	3.667236e+00	3.712273e+00
3.756800e+00	3.779206e+00	3.802087e+00	3.820653e+00	3.839795e+00	3.844549e+00
3.848439e+00	3.849209e+00	3.849546e+00	3.849241e+00	3.849357e+00	3.866104e+00
2.967519e+00	3.024657e+00	3.079278e+00	3.129461e+00	3.175702e+00	3.259318e+00
3.332730e+00	3.399402e+00	3.460400e+00	3.517008e+00	3.571094e+00	3.622815e+00
3.672040e+00	3.718452e+00	3.762265e+00	3.803863e+00	3.843748e+00	3.883742e+00
3.925583e+00	3.968901e+00	4.013186e+00	4.035838e+00	4.059066e+00	4.077960e+00
4.097522e+00	4.102427e+00	4.106407e+00	4.107132e+00	4.107492e+00	4.107264e+00
4.107263e+00	4.120710e+00	3.290945e+00	3.352189e+00	3.410144e+00	3.462299e+00
3.509305e+00	3.591808e+00	3.661312e+00	3.722576e+00	3.777011e+00	3.826117e+00
3.872103e+00	3.915349e+00	3.956065e+00	3.994292e+00	4.030388e+00	4.064975e+00
4.098702e+00	4.133499e+00	4.171236e+00	4.211782e+00	4.254648e+00	4.276946e+00
4.299924e+00	4.318683e+00	4.338161e+00	4.343100e+00	4.347060e+00	4.347680e+00
4.348060e+00	4.347990e+00	4.348060e+00	4.354349e+00	3.625098e+00	3.690744e+00
3.752048e+00	3.805671e+00	3.852478e+00	3.931052e+00	3.993335e+00	4.046220e+00
4.091588e+00	4.131124e+00	4.167240e+00	4.200435e+00	4.231141e+00	4.259692e+00
4.286763e+00	4.313325e+00	4.340155e+00	4.369123e+00	4.402040e+00	4.438918e+00
4.479066e+00	4.500140e+00	4.522138e+00	4.540353e+00	4.559136e+00	4.563917e+00
4.567788e+00	4.568284e+00	4.568634e+00	4.568724e+00	4.568745e+00	4.566248e+00
3.975692e+00	4.044881e+00	4.108664e+00	4.162893e+00	4.208651e+00	4.281595e+00
4.334811e+00	4.377129e+00	4.410998e+00	4.438516e+00	4.462571e+00	4.483853e+00
4.502982e+00	4.520580e+00	4.537690e+00	4.555625e+00	4.575163e+00	4.597786e+00
4.624966e+00	4.657037e+00	4.693428e+00	4.712828e+00	4.733313e+00	4.750470e+00
4.768124e+00	4.772626e+00	4.776322e+00	4.776686e+00	4.776984e+00	4.777230e+00
4.777181e+00	4.765230e+00	4.339474e+00	4.406998e+00	4.469035e+00	4.521451e+00
4.565308e+00	4.633741e+00	4.679925e+00	4.711021e+00	4.730165e+00	4.741192e+00
4.749166e+00	4.755497e+00	4.761026e+00	4.766674e+00	4.773778e+00	4.783733e+00
4.796836e+00	4.813009e+00	4.832493e+00	4.857017e+00	4.888129e+00	4.905822e+00
4.924072e+00	4.938837e+00	4.954785e+00	4.958883e+00	4.962196e+00	4.962453e+00
4.962689e+00	4.963042e+00	4.963002e+00	4.942374e+00	4.709615e+00	4.770382e+00
4.826607e+00	4.874816e+00	4.915765e+00	4.980140e+00	5.020582e+00	5.039512e+00
5.040941e+00	5.031676e+00	5.020360e+00	5.009480e+00	5.000031e+00	4.993153e+00
4.990343e+00	4.992834e+00	5.000091e+00	5.009670e+00	5.020010e+00	5.034996e+00
5.059542e+00	5.075307e+00	5.090673e+00	5.102091e+00	5.115823e+00	5.119396e+00
5.122170e+00	5.122339e+00	5.122505e+00	5.122917e+00	5.122925e+00	5.094997e+00
5.079938e+00	5.136640e+00	5.188609e+00	5.232221e+00	5.268243e+00	5.321717e+00
5.348776e+00	5.351039e+00	5.333485e+00	5.304642e+00	5.274979e+00	5.247630e+00
5.223607e+00	5.204043e+00	5.190375e+00	5.183519e+00	5.182527e+00	5.183812e+00
5.184919e+00	5.190515e+00	5.206668e+00	5.218663e+00	5.229943e+00	5.237816e+00
5.248322e+00	5.251077e+00	5.253169e+00	5.253250e+00	5.253340e+00	5.253700e+00
5.253608e+00	5.223286e+00	5.456591e+00	5.510153e+00	5.558171e+00	5.596404e+00
5.625832e+00	5.663674e+00	5.672433e+00	5.654899e+00	5.616966e+00	5.568232e+00
5.520151e+00	5.476292e+00	5.437600e+00	5.405065e+00	5.379934e+00	5.362717e+00
5.352261e+00	5.344373e+00	5.336064e+00	5.332182e+00	5.339073e+00	5.346530e+00
5.353230e+00	5.357459e+00	5.364361e+00	5.366191e+00	5.367551e+00	5.367544e+00
5.367558e+00	5.367827e+00	5.367588e+00	5.336992e+00	5.842465e+00	5.890185e+00
5.931763e+00	5.962493e+00	5.983539e+00	6.002928e+00	5.991190e+00	5.951720e+00
5.891325e+00	5.820852e+00	5.752974e+00	5.691607e+00	5.637610e+00	5.591627e+00
5.554541e+00	5.526257e+00	5.505386e+00	5.487184e+00	5.468199e+00	5.453472e+00
5.449653e+00	5.451815e+00	5.453036e+00	5.452780e+00	5.455317e+00	5.456047e+00
5.456501e+00	5.456400e+00	5.456335e+00	5.456582e+00	5.456329e+00	5.428601e+00
6.232076e+00	6.269472e+00	6.300815e+00	6.321335e+00	6.332223e+00	6.331429e+00
6.298640e+00	6.236007e+00	6.151188e+00	6.056891e+00	5.967757e+00	5.888028e+00
5.818431e+00	5.759016e+00	5.710096e+00	5.670735e+00	5.639243e+00	5.610227e+00
5.579719e+00	5.553251e+00	5.538272e+00	5.535144e+00	5.530717e+00	5.525635e+00
5.523780e+00	5.523429e+00	5.522947e+00	5.522759e+00	5.522617e+00	5.522912e+00
5.522746e+00	5.499471e+00	6.617814e+00	6.659955e+00	6.691468e+00	6.704426e+00
6.701488e+00	6.662738e+00	6.588399e+00	6.493875e+00	6.387155e+00	6.276924e+00
6.172991e+00	6.078398e+00	5.993996e+00	5.919619e+00	5.855509e+00	5.800727e+00
5.754177e+00	5.712109e+00	5.671702e+00	5.636009e+00	5.608661e+00	5.597874e+00
5.586913e+00	5.577997e+00	5.570880e+00	5.569197e+00	5.567815e+00	5.567525e+00
5.567328e+00	5.567569e+00	5.567438e+00	5.551170e+00	7.006432e+00	7.058168e+00
7.092968e+00	7.098234e+00	7.078688e+00	6.992684e+00	6.867696e+00	6.737168e+00
6.608342e+00	6.483815e+00	6.366593e+00	6.257946e+00	6.158596e+00	6.068268e+00
5.987479e+00	5.915856e+00	5.853106e+00	5.797324e+00	5.746711e+00	5.701539e+00
5.661373e+00	5.642482e+00	5.624344e+00	5.611017e+00	5.598508e+00	5.595424e+00
5.593017e+00	5.592641e+00	5.592384e+00	5.592473e+00	5.592378e+00	5.585237e+00
7.430481e+00	7.464172e+00	7.480428e+00	7.466668e+00	7.428164e+00	7.306153e+00
7.148389e+00	6.988495e+00	6.833543e+00	6.685744e+00	6.547862e+00	6.420716e+00
6.304029e+00	6.197019e+00	6.100149e+00	6.013239e+00	5.935773e+00	5.865710e+00
5.801441e+00	5.743319e+00	5.691137e+00	5.667002e+00	5.644221e+00	5.626720e+00
5.608517e+00	5.604248e+00	5.601147e+00	5.600777e+00	5.600447e+00	5.600370e+00
5.600344e+00	5.601010e+00	7.995178e+00	7.931788e+00	7.867291e+00	7.796016e+00
7.718567e+00	7.554153e+00	7.382225e+00	7.213001e+00	7.048479e+00	6.888991e+00
6.735392e+00	6.588622e+00	6.449337e+00	6.318049e+00	6.195820e+00	6.083852e+00
5.983066e+00	5.894626e+00	5.820188e+00	5.751199e+00	5.691252e+00	5.667658e+00
5.649879e+00	5.634472e+00	5.592151e+00	5.572854e+00	5.580080e+00	5.583486e+00
5.581607e+00	5.580313e+00	5.582062e+00	5.588915e+00	8.420349e+00	8.339760e+00
8.251573e+00	8.153782e+00	8.050570e+00	7.841282e+00	7.632196e+00	7.430232e+00
7.236706e+00	7.051748e+00	6.875960e+00	6.710167e+00	6.553718e+00	6.405973e+00
6.266219e+00	6.137825e+00	6.021253e+00	5.917302e+00	5.825612e+00	5.750635e+00
5.685934e+00	5.659995e+00	5.639925e+00	5.622630e+00	5.557562e+00	5.528290e+00
5.540562e+00	5.546860e+00	5.543675e+00	5.541363e+00	5.544528e+00	5.560501e+00
8.686532e+00	8.663401e+00	8.620127e+00	8.542022e+00	8.436314e+00	8.180675e+00
7.898785e+00	7.632976e+00	7.389448e+00	7.167352e+00	6.965637e+00	6.782354e+00
6.612841e+00	6.453960e+00	6.306489e+00	6.171639e+00	6.048290e+00	5.933812e+00
5.826324e+00	5.727367e+00	5.636230e+00	5.591647e+00	5.547614e+00	5.513581e+00
5.480419e+00	5.472508e+00	5.466078e+00	5.465408e+00	5.464868e+00	5.464388e+00
5.464508e+00	5.485749e+00	9.106088e+00	9.036873e+00	8.945763e+00	8.826656e+00
8.688823e+00	8.389947e+00	8.082690e+00	7.793820e+00	7.527669e+00	7.282154e+00
7.049200e+00	6.835574e+00	6.636799e+00	6.452441e+00	6.295510e+00	6.150367e+00
6.017375e+00	5.895027e+00	5.781670e+00	5.664582e+00	5.552447e+00	5.496092e+00
5.441176e+00	5.401102e+00	5.370236e+00	5.366567e+00	5.354429e+00	5.352115e+00
5.352053e+00	5.352005e+00	5.351522e+00	5.371921e+00	9.585053e+00	9.419818e+00
9.250677e+00	9.077145e+00	8.902635e+00	8.561575e+00	8.234764e+00	7.927721e+00
7.641291e+00	7.373093e+00	7.113642e+00	6.873641e+00	6.651578e+00	6.448085e+00
6.268171e+00	6.100849e+00	5.947923e+00	5.809351e+00	5.683567e+00	5.560206e+00
5.433631e+00	5.370572e+00	5.312273e+00	5.271217e+00	5.229865e+00	5.219990e+00
5.210567e+00	5.209437e+00	5.208736e+00	5.208420e+00	5.208581e+00	5.222359e+00
9.973106e+00	9.751848e+00	9.533193e+00	9.319722e+00	9.113062e+00	8.722366e+00
8.357214e+00	8.014656e+00	7.687667e+00	7.385116e+00	7.116211e+00	6.867232e+00
6.637511e+00	6.423760e+00	6.219971e+00	6.032637e+00	5.862286e+00	5.708625e+00
5.569612e+00	5.433645e+00	5.290834e+00	5.220229e+00	5.156675e+00	5.113060e+00
5.065447e+00	5.052649e+00	5.043222e+00	5.042314e+00	5.041342e+00	5.041052e+00
5.041261e+00	5.047170e+00	1.028939e+01	1.003588e+01	9.785884e+00	9.542459e+00
9.307076e+00	8.862453e+00	8.449877e+00	8.068084e+00	7.707410e+00	7.377343e+00
7.079725e+00	6.806888e+00	6.557358e+00	6.328300e+00	6.115383e+00	5.916751e+00
5.733656e+00	5.565685e+00	5.410763e+00	5.258876e+00	5.102028e+00	5.025448e+00
4.957215e+00	4.910784e+00	4.858466e+00	4.843670e+00	4.833529e+00	4.832527e+00
4.831405e+00	4.831283e+00	4.831170e+00	4.826405e+00	1.057299e+01	1.028206e+01
9.996640e+00	9.721411e+00	9.457196e+00	8.961028e+00	8.500700e+00	8.069218e+00
7.695160e+00	7.345968e+00	7.019027e+00	6.724098e+00	6.456834e+00	6.213135e+00
5.987230e+00	5.775274e+00	5.578450e+00	5.396646e+00	5.227437e+00	5.060880e+00
4.889554e+00	4.806423e+00	4.733119e+00	4.683770e+00	4.626760e+00	4.610159e+00
4.599187e+00	4.598140e+00	4.596897e+00	4.596818e+00	4.596564e+00	4.587460e+00
1.083312e+01	1.050439e+01	1.018354e+01	9.877057e+00	9.584984e+00	9.040281e+00
8.537302e+00	8.064976e+00	7.653239e+00	7.273229e+00	6.925061e+00	6.611131e+00
6.327622e+00	6.069927e+00	5.831082e+00	5.606342e+00	5.396518e+00	5.202130e+00
5.020246e+00	4.840719e+00	4.656360e+00	4.567165e+00	4.488878e+00	4.436369e+00
4.374962e+00	4.356882e+00	4.345055e+00	4.343982e+00	4.342648e+00	4.342527e+00
4.342252e+00	4.333569e+00	1.104639e+01	1.069211e+01	1.034544e+01	1.001247e+01
9.693306e+00	9.092233e+00	8.544306e+00	8.053050e+00	7.600442e+00	7.193274e+00
6.826237e+00	6.495179e+00	6.195331e+00	5.921581e+00	5.667556e+00	5.428822e+00
5.205577e+00	4.997956e+00	4.802755e+00	4.611647e+00	4.419100e+00	4.326191e+00
4.242581e+00	4.184370e+00	4.118824e+00	4.100156e+00	4.087422e+00	4.086171e+00
4.084799e+00	4.084640e+00	4.084401e+00	4.078113e+00	1.120896e+01	1.084363e+01
1.048349e+01	1.013103e+01	9.787162e+00	9.126977e+00	8.524362e+00	7.992950e+00
7.519514e+00	7.098272e+00	6.718725e+00	6.374142e+00	6.057708e+00	5.764150e+00
5.490766e+00	5.235643e+00	4.997935e+00	4.775638e+00	4.565649e+00	4.364912e+00
4.171574e+00	4.078349e+00	3.988665e+00	3.920644e+00	3.851165e+00	3.833230e+00
3.819453e+00	3.817780e+00	3.816450e+00	3.816257e+00	3.816148e+00	3.815455e+00
1.138374e+01	1.097456e+01	1.057319e+01	1.018765e+01	9.818441e+00	9.127843e+00
8.501575e+00	7.942724e+00	7.447186e+00	7.004457e+00	6.604370e+00	6.240476e+00
5.906678e+00	5.598045e+00	5.311396e+00	5.044155e+00	4.794905e+00	4.560849e+00
4.339423e+00	4.129161e+00	3.930028e+00	3.834316e+00	3.739141e+00	3.664057e+00
3.590650e+00	3.572750e+00	3.558383e+00	3.556579e+00	3.555117e+00	3.554875e+00
3.554820e+00	3.557151e+00	1.154799e+01	1.108409e+01	1.063775e+01	1.022210e+01
9.833526e+00	9.115233e+00	8.472722e+00	7.895574e+00	7.377389e+00	6.910316e+00
6.486509e+00	6.101298e+00	5.750844e+00	5.430621e+00	5.134587e+00	4.858044e+00
4.599468e+00	4.356120e+00	4.125916e+00	3.906636e+00	3.698201e+00	3.598085e+00
3.497761e+00	3.417809e+00	3.340336e+00	3.321864e+00	3.307163e+00	3.305375e+00
3.303686e+00	3.303402e+00	3.303340e+00	3.306058e+00	1.166137e+01	1.116925e+01
1.069731e+01	1.026037e+01	9.852894e+00	9.101366e+00	8.430538e+00	7.831403e+00
7.295295e+00	6.812702e+00	6.374524e+00	5.975619e+00	5.612029e+00	5.279331e+00
4.971965e+00	4.685481e+00	4.418065e+00	4.166513e+00	3.928347e+00	3.701278e+00
3.484025e+00	3.378884e+00	3.273292e+00	3.188961e+00	3.107069e+00	3.087706e+00
3.072401e+00	3.070488e+00	3.068656e+00	3.068377e+00	3.068294e+00	3.069683e+00
1.175005e+01	1.123237e+01	1.073779e+01	1.028295e+01	9.856892e+00	9.078831e+00
8.385438e+00	7.768267e+00	7.216887e+00	6.720780e+00	6.270213e+00	5.859832e+00
5.485567e+00	5.142977e+00	4.826533e+00	4.531816e+00	4.256667e+00	3.997510e+00
3.751373e+00	3.516264e+00	3.289946e+00	3.179802e+00	3.069253e+00	2.980930e+00
2.894291e+00	2.873412e+00	2.856937e+00	2.854918e+00	2.853016e+00	2.852747e+00
2.852646e+00	2.852676e+00	1.181548e+01	1.127510e+01	1.075957e+01	1.028860e+01
9.856087e+00	9.051950e+00	8.339915e+00	7.707948e+00	7.144132e+00	6.637161e+00
6.176865e+00	5.757723e+00	5.375470e+00	5.025482e+00	4.702065e+00	4.400631e+00
4.118729e+00	3.852443e+00	3.598356e+00	3.354594e+00	3.118589e+00	3.003158e+00
2.887584e+00	2.795353e+00	2.703404e+00	2.680400e+00	2.662234e+00	2.660104e+00
2.658192e+00	2.657914e+00	2.657780e+00	2.657108e+00	1.185566e+01	1.129797e+01
1.076819e+01	1.028644e+01	9.842061e+00	9.021637e+00	8.296224e+00	7.653384e+00
7.080401e+00	6.565519e+00	6.098372e+00	5.673298e+00	5.285783e+00	4.930886e+00
4.602612e+00	4.296040e+00	4.008478e+00	3.735664e+00	3.473746e+00	3.220572e+00
2.973671e+00	2.852107e+00	2.730543e+00	2.633542e+00	2.535130e+00	2.509456e+00
2.489105e+00	2.486834e+00	2.484933e+00	2.484623e+00	2.484443e+00	2.483802e+00
1.186389e+01	1.129597e+01	1.076152e+01	1.027511e+01	9.823752e+00	8.992124e+00
8.258316e+00	7.607965e+00	7.028474e+00	6.507987e+00	6.036190e+00	5.607248e+00
5.216412e+00	4.858439e+00	4.526938e+00	4.216687e+00	3.924745e+00	3.646480e+00
3.377600e+00	3.115259e+00	2.856687e+00	2.727814e+00	2.598014e+00	2.493577e+00
2.387067e+00	2.358951e+00	2.336433e+00	2.333932e+00	2.331939e+00	2.331607e+00
2.331373e+00	2.330765e+00	1.186846e+01	1.129065e+01	1.074613e+01	1.025407e+01
9.801396e+00	8.964059e+00	8.225514e+00	7.570166e+00	6.986043e+00	6.461455e+00
5.986334e+00	5.554716e+00	5.161653e+00	4.801650e+00	4.467981e+00	4.155154e+00
3.859946e+00	3.577275e+00	3.302265e+00	3.031047e+00	2.760057e+00	2.622990e+00
2.483332e+00	2.369659e+00	2.254147e+00	2.223912e+00	2.199467e+00	2.196701e+00
2.194527e+00	2.194177e+00	2.193897e+00	2.193447e+00	1.186125e+01	1.127739e+01
1.072551e+01	1.023095e+01	9.778412e+00	8.940813e+00	8.202617e+00	7.546896e+00
6.961608e+00	6.435424e+00	5.959035e+00	5.526551e+00	5.132922e+00	4.772540e+00
4.438585e+00	4.125306e+00	3.828973e+00	3.543613e+00	3.263021e+00	2.981137e+00
2.692508e+00	2.544731e+00	2.390571e+00	2.263014e+00	2.136643e+00	2.105124e+00
2.079057e+00	2.075885e+00	2.073372e+00	2.073033e+00	2.072688e+00	2.072520e+00
1.182213e+01	1.124005e+01	1.069183e+01	1.020174e+01	9.753694e+00	8.921961e+00
8.187474e+00	7.533112e+00	6.947838e+00	6.421068e+00	5.944216e+00	5.511497e+00
5.117808e+00	4.757488e+00	4.423696e+00	4.110498e+00	3.813776e+00	3.526868e+00
3.242451e+00	2.952327e+00	2.647887e+00	2.488657e+00	2.318064e+00	2.173776e+00
2.034137e+00	2.001567e+00	1.974400e+00	1.970815e+00	1.967762e+00	1.967412e+00
1.967057e+00	1.967560e+00	1.177241e+01	1.119466e+01	1.065185e+01	1.016854e+01
9.727565e+00	8.907203e+00	8.184325e+00	7.534045e+00	6.950249e+00	6.424673e+00
5.949187e+00	5.518005e+00	5.125831e+00	4.766710e+00	4.433348e+00	4.119670e+00
3.821944e+00	3.534029e+00	3.248442e+00	2.955351e+00	2.640117e+00	2.461586e+00
2.269853e+00	2.107928e+00	1.945993e+00	1.909359e+00	1.884007e+00	1.880844e+00
1.876510e+00	1.875784e+00	1.875993e+00	1.879312e+00	1.170793e+01	1.113884e+01
1.060516e+01	1.013176e+01	9.700503e+00	8.894856e+00	8.182718e+00	7.539445e+00
6.960537e+00	6.438885e+00	5.967688e+00	5.541127e+00	5.153394e+00	4.797812e+00
4.465973e+00	4.151385e+00	3.851194e+00	3.560671e+00	3.271960e+00	2.970356e+00
2.636422e+00	2.443079e+00	2.232653e+00	2.054141e+00	1.867857e+00	1.826229e+00
1.803722e+00	1.801255e+00	1.795406e+00	1.794181e+00	1.795153e+00	1.802089e+00
1.164299e+01	1.108251e+01	1.055826e+01	1.009556e+01	9.675181e+00	8.888869e+00
8.183657e+00	7.548803e+00	6.976205e+00	6.459263e+00	5.992532e+00	5.570227e+00
5.186322e+00	4.833997e+00	4.504586e+00	4.191256e+00	3.890969e+00	3.599274e+00
3.307443e+00	2.995590e+00	2.639488e+00	2.440610e+00	2.216871e+00	2.010983e+00
1.801110e+00	1.756480e+00	1.734665e+00	1.732231e+00	1.725175e+00	1.723665e+00
1.725128e+00	1.736562e+00	1.157741e+01	1.102548e+01	1.051110e+01	1.006018e+01
9.652043e+00	8.886211e+00	8.197954e+00	7.574933e+00	7.010743e+00	6.499332e+00
6.035595e+00	5.614702e+00	5.231801e+00	4.881457e+00	4.556903e+00	4.251919e+00
3.961350e+00	3.676374e+00	3.384054e+00	3.062628e+00	2.683672e+00	2.463313e+00
2.210980e+00	1.975482e+00	1.745190e+00	1.699724e+00	1.676485e+00	1.673404e+00
1.665489e+00	1.663917e+00	1.665539e+00	1.682356e+00	1.150773e+01	1.096548e+01
1.046206e+01	1.002407e+01	9.629257e+00	8.886033e+00	8.214503e+00	7.604498e+00
7.050206e+00	6.546266e+00	6.088109e+00	5.671497e+00	5.292233e+00	4.945663e+00
4.626079e+00	4.327489e+00	4.043456e+00	3.762804e+00	3.470014e+00	3.140645e+00
2.740770e+00	2.499815e+00	2.218108e+00	1.963119e+00	1.699890e+00	1.649872e+00
1.627266e+00	1.624346e+00	1.615126e+00	1.613202e+00	1.615878e+00	1.635506e+00
1.143554e+01	1.090361e+01	1.041196e+01	9.987947e+00	9.607401e+00	8.886900e+00
8.233751e+00	7.638019e+00	7.095311e+00	6.601065e+00	6.151478e+00	5.742565e+00
5.370191e+00	5.029644e+00	4.715082e+00	4.420445e+00	4.139369e+00	3.860557e+00
3.567424e+00	3.232191e+00	2.814930e+00	2.557343e+00	2.248953e+00	1.960935e+00
1.664484e+00	1.607278e+00	1.586302e+00	1.583990e+00	1.573145e+00	1.570729e+00
1.574625e+00	1.595418e+00	1.136559e+01	1.084337e+01	1.036327e+01	9.953591e+00
9.587714e+00	8.890606e+00	8.256270e+00	7.676069e+00	7.146296e+00	6.663061e+00
6.223176e+00	5.822872e+00	5.458185e+00	5.124471e+00	4.815867e+00	4.526266e+00
4.249230e+00	3.973150e+00	3.680371e+00	3.340182e+00	2.906414e+00	2.631862e+00
2.295533e+00	1.975168e+00	1.639877e+00	1.573582e+00	1.552548e+00	1.550803e+00
1.538700e+00	1.535975e+00	1.540509e+00	1.561531e+00	1.129787e+01	1.078506e+01
1.031624e+01	9.920954e+00	9.569815e+00	8.896275e+00	8.281345e+00	7.717580e+00
7.201855e+00	6.730802e+00	6.301723e+00	5.911107e+00	5.555097e+00	5.229134e+00
4.927312e+00	4.643489e+00	4.371195e+00	4.098631e+00	3.807125e+00	3.462991e+00
3.013536e+00	2.722084e+00	2.357260e+00	2.004072e+00	1.626916e+00	1.548859e+00
1.522055e+00	1.521069e+00	1.510860e+00	1.508550e+00	1.514570e+00	1.532241e+00
1.123373e+01	1.073046e+01	1.027304e+01	9.892061e+00	9.555682e+00	8.904641e+00
8.309516e+00	7.762509e+00	7.261261e+00	6.802938e+00	6.385314e+00	6.005098e+00
5.658523e+00	5.341079e+00	5.046771e+00	4.769375e+00	4.502426e+00	4.233988e+00
3.944541e+00	3.597760e+00	3.134368e+00	2.826530e+00	2.432671e+00	2.044645e+00
1.624099e+00	1.532219e+00	1.497698e+00	1.496984e+00	1.487906e+00	1.485721e+00
1.492631e+00	1.507068e+00	1.117715e+01	1.068264e+01	1.023584e+01	9.868089e+00
9.545399e+00	8.916661e+00	8.340605e+00	7.810389e+00	7.323993e+00	6.879015e+00
6.473597e+00	6.104586e+00	5.768282e+00	5.460155e+00	5.174032e+00	4.903543e+00
4.642356e+00	4.378628e+00	4.092426e+00	3.745470e+00	3.272036e+00	2.949505e+00
2.526823e+00	2.101520e+00	1.628566e+00	1.523323e+00	1.480464e+00	1.479194e+00
1.469522e+00	1.467271e+00	1.473833e+00	1.486165e+00	1.114153e+01	1.064994e+01
1.020801e+01	9.848205e+00	9.534869e+00	8.924516e+00	8.365174e+00	7.851713e+00
7.381612e+00	6.952073e+00	6.560824e+00	6.204647e+00	5.879812e+00	5.581557e+00
5.303275e+00	5.038500e+00	4.781745e+00	4.522737e+00	4.242522e+00	3.901507e+00
3.426150e+00	3.091073e+00	2.636817e+00	2.170694e+00	1.642863e+00	1.523372e+00
1.471063e+00	1.467321e+00	1.453288e+00	1.452434e+00	1.454355e+00	1.468314e+00
1.111187e+01	1.062241e+01	1.018441e+01	9.831542e+00	9.526513e+00	8.932091e+00
8.388771e+00	7.891832e+00	7.438243e+00	7.024643e+00	6.648140e+00	6.305388e+00
5.992591e+00	5.704692e+00	5.434565e+00	5.175649e+00	4.923497e+00	4.669837e+00
4.397194e+00	4.065109e+00	3.592238e+00	3.246559e+00	2.760863e+00	2.252744e+00
1.668665e+00	1.523517e+00	1.464008e+00	1.457718e+00	1.439023e+00	1.439581e+00
1.436453e+00	1.452463e+00	1.108084e+01	1.059635e+01	1.016487e+01	9.821035e+00
9.525863e+00	8.944992e+00	8.418311e+00	7.937050e+00	7.498414e+00	7.098963e+00
6.735647e+00	6.405187e+00	6.103829e+00	5.826440e+00	5.565627e+00	5.314747e+00
5.069811e+00	4.823437e+00	4.558671e+00	4.233777e+00	3.761542e+00	3.407463e+00
2.897951e+00	2.352683e+00	1.702777e+00	1.528056e+00	1.458004e+00	1.449565e+00
1.428147e+00	1.428621e+00	1.424255e+00	1.439025e+00	1.104903e+01	1.057203e+01
1.014877e+01	9.814298e+00	9.528901e+00	8.966458e+00	8.454722e+00	7.987309e+00
7.561524e+00	7.174145e+00	6.822323e+00	6.502958e+00	6.212400e+00	5.945620e+00
5.695208e+00	5.454493e+00	5.219443e+00	4.982416e+00	4.725974e+00	4.406974e+00
3.934662e+00	3.575380e+00	3.052061e+00	2.478632e+00	1.755343e+00	1.551068e+00
1.453266e+00	1.442728e+00	1.419998e+00	1.419599e+00	1.415848e+00	1.427882e+00
1.100774e+01	1.054195e+01	1.013032e+01	9.808188e+00	9.533823e+00	8.990640e+00
8.494106e+00	8.039239e+00	7.624084e+00	7.246341e+00	6.904080e+00	6.594535e+00
6.314201e+00	6.058201e+00	5.819169e+00	5.590282e+00	5.366966e+00	5.140384e+00
4.892241e+00	4.580117e+00	4.111870e+00	3.750564e+00	3.216239e+00	2.614461e+00
1.817761e+00	1.584683e+00	1.450312e+00	1.434245e+00	1.414215e+00	1.412902e+00
1.409421e+00	1.418690e+00	1.096205e+01	1.050980e+01	1.011165e+01	9.802853e+00
9.541243e+00	9.017332e+00	8.535537e+00	8.092074e+00	7.686065e+00	7.316503e+00
6.982698e+00	6.682264e+00	6.411847e+00	6.166769e+00	5.939788e+00	5.723914e+00
5.513766e+00	5.298699e+00	5.059239e+00	4.754958e+00	4.293972e+00	3.933484e+00
3.391680e+00	2.762832e+00	1.892122e+00	1.633400e+00	1.448080e+00	1.425537e+00
1.409565e+00	1.407366e+00	1.404059e+00	1.410667e+00	1.093483e+01	1.049078e+01
1.010140e+01	9.801557e+00	9.548505e+00	9.039727e+00	8.570431e+00	8.137701e+00
7.741177e+00	7.380536e+00	7.055770e+00	6.764781e+00	6.504371e+00	6.270025e+00
6.054592e+00	5.851035e+00	5.653611e+00	5.450728e+00	5.222399e+00	4.929711e+00
4.480592e+00	4.123389e+00	3.576436e+00	2.922663e+00	1.975740e+00	1.685915e+00
1.448280e+00	1.422844e+00	1.404886e+00	1.402188e+00	1.397943e+00	1.403494e+00
1.091992e+01	1.048038e+01	1.009629e+01	9.802707e+00	9.555383e+00	9.057100e+00
8.597907e+00	8.175019e+00	7.788161e+00	7.437131e+00	7.121995e+00	6.840788e+00
6.590408e+00	6.366411e+00	6.161626e+00	5.969091e+00	5.783319e+00	5.593033e+00
5.378801e+00	5.102689e+00	4.671551e+00	4.320523e+00	3.770615e+00	3.095329e+00
2.073207e+00	1.744016e+00	1.456906e+00	1.422595e+00	1.400071e+00	1.397437e+00
1.390384e+00	1.397153e+00	1.091886e+01	1.048077e+01	1.009832e+01	9.807629e+00
9.565779e+00	9.076126e+00	8.625542e+00	8.211525e+00	7.833628e+00	7.491504e+00
7.185030e+00	6.912462e+00	6.671111e+00	6.457071e+00	6.263886e+00	6.084828e+00
5.913530e+00	5.736533e+00	5.533025e+00	5.267235e+00	4.851215e+00	4.513500e+00
3.981629e+00	3.300726e+00	2.181397e+00	1.802674e+00	1.468670e+00	1.425221e+00
1.396360e+00	1.392326e+00	1.387232e+00	1.392344e+00	1.091972e+01	1.048326e+01
1.010340e+01	9.816496e+00	9.577690e+00	9.094815e+00	8.651615e+00	8.245497e+00
7.875719e+00	7.541664e+00	7.242938e+00	6.978046e+00	6.744834e+00	6.540093e+00
6.358376e+00	6.193398e+00	6.037804e+00	5.875425e+00	5.683227e+00	5.426920e+00
5.025190e+00	4.703495e+00	4.199981e+00	3.526701e+00	2.305067e+00	1.867669e+00
1.483134e+00	1.432258e+00	1.393690e+00	1.387499e+00	1.385322e+00	1.388381e+00
1.091290e+01	1.048057e+01	1.010426e+01	9.820892e+00	9.585615e+00	9.109664e+00
8.673352e+00	8.274228e+00	7.911555e+00	7.584649e+00	7.293062e+00	7.035457e+00
6.809960e+00	6.613638e+00	6.441461e+00	6.287614e+00	6.145292e+00	5.999009e+00
5.825851e+00	5.589790e+00	5.207981e+00	4.896944e+00	4.405046e+00	3.733892e+00
2.450519e+00	1.954575e+00	1.497499e+00	1.436199e+00	1.391814e+00	1.384604e+00
1.381570e+00	1.384453e+00	1.090799e+01	1.048077e+01	1.010770e+01	9.827610e+00
9.595503e+00	9.125868e+00	8.695425e+00	8.301997e+00	7.945062e+00	7.624191e+00
7.339176e+00	7.088802e+00	6.871216e+00	6.683530e+00	6.520638e+00	6.376828e+00
6.245775e+00	6.112864e+00	5.956615e+00	5.742998e+00	5.390667e+00	5.095989e+00
4.616750e+00	3.943285e+00	2.602990e+00	2.058710e+00	1.518289e+00	1.441400e+00
1.389667e+00	1.384383e+00	1.376414e+00	1.381306e+00	1.091042e+01	1.048470e+01
1.011590e+01	9.837875e+00	9.607297e+00	9.141193e+00	8.715050e+00	8.326809e+00
7.975738e+00	7.661161e+00	7.382606e+00	7.138881e+00	6.928168e+00	6.747610e+00
6.592050e+00	6.456339e+00	6.336084e+00	6.220133e+00	6.088396e+00	5.900297e+00
5.569194e+00	5.286876e+00	4.827007e+00	4.164600e+00	2.770430e+00	2.172617e+00
1.542225e+00	1.449141e+00	1.389199e+00	1.383761e+00	1.374795e+00	1.379040e+00
1.092887e+01	1.050176e+01	1.013055e+01	9.851076e+00	9.619800e+00	9.154508e+00
8.731338e+00	8.347798e+00	8.002580e+00	7.694312e+00	7.421745e+00	7.183639e+00
6.978354e+00	6.803190e+00	6.653196e+00	6.524213e+00	6.414740e+00	6.319148e+00
6.219045e+00	6.058581e+00	5.738243e+00	5.463416e+00	5.030336e+00	4.397420e+00
2.956544e+00	2.295457e+00	1.569789e+00	1.462376e+00	1.390525e+00	1.382104e+00
1.374914e+00	1.377474e+00	1.092069e+01	1.049669e+01	1.012885e+01	9.852596e+00
9.624089e+00	9.163768e+00	8.744935e+00	8.365546e+00	8.024268e+00	7.719730e+00
7.450715e+00	7.216329e+00	7.015466e+00	6.846152e+00	6.704497e+00	6.586937e+00
6.491179e+00	6.409508e+00	6.322786e+00	6.182109e+00	5.893824e+00	5.638788e+00
5.229419e+00	4.617740e+00	3.152830e+00	2.429727e+00	1.603447e+00	1.479260e+00
1.391579e+00	1.382122e+00	1.371755e+00	1.375534e+00	1.090520e+01	1.048812e+01
1.012627e+01	9.853571e+00	9.627264e+00	9.171852e+00	8.757315e+00	8.381593e+00
8.043461e+00	7.741789e+00	7.475620e+00	7.244419e+00	7.047606e+00	6.883978e+00
6.750868e+00	6.645335e+00	6.563513e+00	6.493668e+00	6.416028e+00	6.293439e+00
6.043047e+00	5.812347e+00	5.426324e+00	4.834924e+00	3.360425e+00	2.576119e+00
1.642283e+00	1.499255e+00	1.392800e+00	1.382176e+00	1.366976e+00	1.373561e+00
1.089445e+01	1.048455e+01	1.012693e+01	9.856713e+00	9.632652e+00	9.181135e+00
8.769648e+00	8.396517e+00	8.060767e+00	7.761581e+00	7.498361e+00	7.270736e+00
7.078288e+00	6.920056e+00	6.793751e+00	6.696698e+00	6.625210e+00	6.567627e+00
6.504957e+00	6.403747e+00	6.187349e+00	5.979120e+00	5.616213e+00	5.047970e+00
3.577451e+00	2.740112e+00	1.686821e+00	1.520916e+00	1.395187e+00	1.382596e+00
1.366575e+00	1.371922e+00	1.088589e+01	1.048294e+01	1.013122e+01	9.863524e+00
9.640089e+00	9.190845e+00	8.781221e+00	8.409768e+00	8.075748e+00	7.778646e+00
7.518276e+00	7.294311e+00	7.106267e+00	6.953031e+00	6.832105e+00	6.740927e+00
6.677077e+00	6.631220e+00	6.586471e+00	6.508563e+00	6.323540e+00	6.136499e+00
5.796058e+00	5.252769e+00	3.802384e+00	2.924194e+00	1.740251e+00	1.546178e+00
1.400028e+00	1.384420e+00	1.367940e+00	1.370587e+00	1.087245e+01	1.047879e+01
1.013314e+01	9.867749e+00	9.644317e+00	9.196915e+00	8.788935e+00	8.419184e+00
8.087012e+00	7.792073e+00	7.534349e+00	7.313550e+00	7.129228e+00	6.980311e+00
6.864314e+00	6.778871e+00	6.722126e+00	6.685671e+00	6.654567e+00	6.598710e+00
6.448082e+00	6.282185e+00	5.964024e+00	5.445599e+00	4.029288e+00	3.117659e+00
1.802611e+00	1.579633e+00	1.405727e+00	1.387385e+00	1.367030e+00	1.369628e+00
1.085500e+01	1.047213e+01	1.013444e+01	9.871133e+00	9.647464e+00	9.201594e+00
8.795045e+00	8.426862e+00	8.096452e+00	7.803592e+00	7.548340e+00	7.330422e+00
7.149443e+00	7.004415e+00	6.892942e+00	6.812889e+00	6.762737e+00	6.734531e+00
6.715232e+00	6.680535e+00	6.564910e+00	6.420052e+00	6.124835e+00	5.632612e+00
4.260720e+00	3.321317e+00	1.874584e+00	1.621855e+00	1.412575e+00	1.391207e+00
1.364670e+00	1.368855e+00	1.083790e+01	1.046632e+01	1.013642e+01	9.875290e+00
9.651222e+00	9.206830e+00	8.801664e+00	8.434875e+00	8.105987e+00	7.814950e+00
7.561964e+00	7.346695e+00	7.168572e+00	7.026594e+00	6.918673e+00	6.843122e+00
6.799048e+00	6.779460e+00	6.772641e+00	6.756119e+00	6.666815e+00	6.541800e+00
6.280033e+00	5.829361e+00	4.492346e+00	3.516742e+00	1.959644e+00	1.674611e+00
1.420243e+00	1.391735e+00	1.364226e+00	1.368467e+00	1.082135e+01	1.046167e+01
1.013996e+01	9.880839e+00	9.656032e+00	9.212990e+00	8.809137e+00	8.443486e+00
8.115798e+00	7.826263e+00	7.575314e+00	7.362436e+00	7.186607e+00	7.046723e+00
6.941286e+00	6.869276e+00	6.830711e+00	6.820164e+00	6.826685e+00	6.824718e+00
6.751622e+00	6.644488e+00	6.427916e+00	6.040490e+00	4.719696e+00	3.695003e+00
2.066969e+00	1.748207e+00	1.429181e+00	1.386674e+00	1.367594e+00	1.368315e+00
1.080439e+01	1.045641e+01	1.014256e+01	9.885753e+00	9.660121e+00	9.218282e+00
8.815519e+00	8.450698e+00	8.124021e+00	7.835827e+00	7.586674e+00	7.375904e+00
7.202206e+00	7.064401e+00	6.961311e+00	6.892362e+00	6.858208e+00	6.854576e+00
6.871846e+00	6.884808e+00	6.832814e+00	6.743358e+00	6.560264e+00	6.222329e+00
4.951732e+00	3.898118e+00	2.178210e+00	1.822403e+00	1.441761e+00	1.387369e+00
1.371011e+00	1.368081e+00	1.078557e+01	1.044881e+01	1.014300e+01	9.887657e+00
9.661559e+00	9.220499e+00	8.818433e+00	8.454929e+00	8.129512e+00	7.842450e+00
7.594283e+00	7.384583e+00	7.212461e+00	7.077007e+00	6.976862e+00	6.911352e+00
6.881179e+00	6.882139e+00	6.905835e+00	6.932528e+00	6.910115e+00	6.841671e+00
6.678039e+00	6.359094e+00	5.172677e+00	4.145283e+00	2.294729e+00	1.891006e+00
1.458546e+00	1.396904e+00	1.372130e+00	1.367577e+00	1.076439e+01	1.043697e+01
1.013731e+01	9.883898e+00	9.657575e+00	9.218334e+00	8.818106e+00	8.456268e+00
8.132201e+00	7.846009e+00	7.597982e+00	7.388289e+00	7.216990e+00	7.083781e+00
6.987041e+00	6.925641e+00	6.899631e+00	6.903361e+00	6.929079e+00	6.966590e+00
6.980742e+00	6.939216e+00	6.784577e+00	6.451927e+00	5.364031e+00	4.442454e+00
2.423790e+00	1.952771e+00	1.477548e+00	1.418188e+00	1.366614e+00	1.366528e+00
1.075355e+01	1.043434e+01	1.014053e+01	9.888471e+00	9.661465e+00	9.221977e+00
8.821504e+00	8.459958e+00	8.136704e+00	7.851853e+00	7.605696e+00	7.398018e+00
7.228236e+00	7.095846e+00	6.999977e+00	6.940202e+00	6.916890e+00	6.925032e+00
6.957971e+00	7.007958e+00	7.038218e+00	7.006838e+00	6.879068e+00	6.601403e+00
5.592650e+00	4.637332e+00	2.574421e+00	2.063521e+00	1.502410e+00	1.420046e+00
1.374599e+00	1.366413e+00	1.074264e+01	1.043077e+01	1.014180e+01	9.891029e+00
9.663333e+00	9.224304e+00	8.824154e+00	8.462915e+00	8.140356e+00	7.856510e+00
7.611604e+00	7.405282e+00	7.236846e+00	7.105674e+00	7.011021e+00	6.952742e+00
6.931640e+00	6.943538e+00	6.982721e+00	7.041478e+00	7.086534e+00	7.069929e+00
6.970851e+00	6.735032e+00	5.787865e+00	4.851876e+00	2.743514e+00	2.180360e+00
1.529726e+00	1.425927e+00	1.377282e+00	1.366176e+00	1.073096e+01	1.042548e+01
1.014100e+01	9.891434e+00	9.663424e+00	9.224907e+00	8.825275e+00	8.464737e+00
8.142914e+00	7.859666e+00	7.615113e+00	7.409154e+00	7.241650e+00	7.112161e+00
7.019438e+00	6.962920e+00	6.943728e+00	6.958342e+00	7.001615e+00	7.065380e+00
7.126136e+00	7.130374e+00	7.058772e+00	6.836340e+00	5.937575e+00	5.109962e+00
2.932652e+00	2.291185e+00	1.559774e+00	1.450357e+00	1.372868e+00	1.365671e+00
1.072481e+01	1.042477e+01	1.014346e+01	9.894839e+00	9.666198e+00	9.228213e+00
8.829109e+00	8.469245e+00	8.148046e+00	7.865344e+00	7.621165e+00	7.415561e+00
7.248655e+00	7.120128e+00	7.028603e+00	6.973491e+00	6.956097e+00	6.973274e+00
7.020392e+00	7.090226e+00	7.162892e+00	7.179413e+00	7.131911e+00	6.941158e+00
6.103304e+00	5.327785e+00	3.132857e+00	2.426798e+00	1.596931e+00	1.469256e+00
1.375839e+00	1.365921e+00	1.071972e+01	1.042430e+01	1.014720e+01	9.899354e+00
9.670245e+00	9.232335e+00	8.833470e+00	8.473981e+00	8.153253e+00	7.871036e+00
7.627260e+00	7.422039e+00	7.255569e+00	7.127669e+00	7.037042e+00	6.983173e+00
6.967469e+00	6.987022e+00	7.037692e+00	7.113631e+00	7.196477e+00	7.222459e+00
7.197085e+00	7.042606e+00	6.271447e+00	5.532870e+00	3.345250e+00	2.579846e+00
1.639695e+00	1.488260e+00	1.381990e+00	1.366299e+00	1.071236e+01	1.042207e+01
1.014721e+01	9.899742e+00	9.670454e+00	9.232696e+00	8.834004e+00	8.474703e+00
8.154409e+00	7.872696e+00	7.629467e+00	7.424824e+00	7.258984e+00	7.131813e+00
7.042067e+00	6.989330e+00	6.975127e+00	6.996721e+00	7.050467e+00	7.131673e+00
7.223592e+00	7.258048e+00	7.252047e+00	7.129540e+00	6.425635e+00	5.732669e+00
3.567137e+00	2.743376e+00	1.687813e+00	1.511287e+00	1.387740e+00	1.366187e+00
1.070322e+01	1.041675e+01	1.014512e+01	9.898535e+00	9.668880e+00	9.231648e+00
8.833444e+00	8.474606e+00	8.154611e+00	7.873190e+00	7.630333e+00	7.426131e+00
7.260814e+00	7.134252e+00	7.045228e+00	6.993413e+00	6.980445e+00	7.003709e+00
7.060012e+00	7.145656e+00	7.245332e+00	7.286958e+00	7.297388e+00	7.203082e+00
6.565893e+00	5.922141e+00	3.797363e+00	2.920202e+00	1.744196e+00	1.539760e+00
1.394063e+00	1.365605e+00	1.069798e+01	1.041507e+01	1.014549e+01	9.899164e+00
9.669394e+00	9.232307e+00	8.834223e+00	8.475448e+00	8.155721e+00	7.874593e+00
7.632101e+00	7.428359e+00	7.263586e+00	7.137646e+00	7.049284e+00	6.998194e+00
6.986177e+00	7.010877e+00	7.069559e+00	7.159250e+00	7.265026e+00	7.312170e+00
7.336663e+00	7.270454e+00	6.696458e+00	6.097021e+00	4.035042e+00	3.110674e+00
1.809203e+00	1.573560e+00	1.402130e+00	1.365606e+00	1.069410e+01	1.041413e+01
1.014676e+01	9.901009e+00	9.670945e+00	9.234160e+00	8.836338e+00	8.477692e+00
8.157926e+00	7.876820e+00	7.634535e+00	7.431171e+00	7.266856e+00	7.141438e+00
7.053627e+00	7.003131e+00	6.991900e+00	7.017856e+00	7.078670e+00	7.172014e+00
7.283140e+00	7.335027e+00	7.371856e+00	7.331913e+00	6.820267e+00	6.264780e+00
4.280290e+00	3.313651e+00	1.883094e+00	1.613373e+00	1.411871e+00	1.365696e+00
1.069048e+01	1.041308e+01	1.014746e+01	9.902191e+00	9.671806e+00	9.235209e+00
8.837608e+00	8.479145e+00	8.159514e+00	7.878615e+00	7.636679e+00	7.433709e+00
7.269571e+00	7.144171e+00	7.056728e+00	7.007141e+00	6.997139e+00	7.024197e+00
7.085444e+00	7.180712e+00	7.300007e+00	7.359653e+00	7.402212e+00	7.367230e+00
6.934290e+00	6.456169e+00	4.514047e+00	3.507840e+00	1.966882e+00	1.664001e+00
1.422978e+00	1.365755e+00	1.068684e+01	1.041176e+01	1.014766e+01	9.902818e+00
9.672155e+00	9.235652e+00	8.838205e+00	8.479928e+00	8.160562e+00	7.880042e+00
7.638617e+00	7.436091e+00	7.271756e+00	7.145943e+00	7.058914e+00	7.010480e+00
7.002205e+00	7.030281e+00	7.089758e+00	7.185503e+00	7.315653e+00	7.388745e+00
7.428111e+00	7.382792e+00	7.036315e+00	6.693228e+00	4.726362e+00	3.682542e+00
2.065649e+00	1.736536e+00	1.436444e+00	1.365788e+00	1.069072e+01	1.041447e+01
1.014917e+01	9.902858e+00	9.670997e+00	9.233424e+00	8.835880e+00	8.477975e+00
8.159229e+00	7.879401e+00	7.638528e+00	7.436431e+00	7.272827e+00	7.147263e+00
7.058986e+00	7.008576e+00	6.998751e+00	7.029272e+00	7.099074e+00	7.201141e+00
7.327346e+00	7.393222e+00	7.443689e+00	7.422023e+00	7.132778e+00	6.785506e+00
4.967898e+00	3.916399e+00	2.175754e+00	1.796141e+00	1.450088e+00	1.365589e+00
1.069775e+01	1.041916e+01	1.015174e+01	9.902902e+00	9.669144e+00	9.229801e+00
8.832070e+00	8.474729e+00	8.156931e+00	7.878145e+00	7.638068e+00	7.436571e+00
7.273708e+00	7.148563e+00	7.058772e+00	7.004882e+00	6.992133e+00	7.026420e+00
7.110196e+00	7.221850e+00	7.336481e+00	7.393988e+00	7.455901e+00	7.477472e+00
7.219505e+00	6.840804e+00	5.220271e+00	4.187813e+00	2.299887e+00	1.854984e+00
1.465121e+00	1.365268e+00	1.069511e+01	1.041857e+01	1.015223e+01	9.903908e+00
9.670071e+00	9.230970e+00	8.833336e+00	8.476067e+00	8.158337e+00	7.879560e+00
7.639469e+00	7.438064e+00	7.275189e+00	7.150210e+00	7.061092e+00	7.007718e+00
6.995546e+00	7.030397e+00	7.113495e+00	7.226014e+00	7.344056e+00	7.406635e+00
7.473360e+00	7.504381e+00	7.291000e+00	6.962838e+00	5.436366e+00	4.411711e+00
2.440604e+00	1.947068e+00	1.484644e+00	1.365335e+00	1.067873e+01	1.040859e+01
1.014742e+01	9.902252e+00	9.670212e+00	9.233044e+00	8.835830e+00	8.478269e+00
8.159843e+00	7.880252e+00	7.639548e+00	7.437661e+00	7.274710e+00	7.150401e+00
7.063419e+00	7.013759e+00	7.004397e+00	7.036259e+00	7.109072e+00	7.216048e+00
7.346874e+00	7.418090e+00	7.489909e+00	7.528071e+00	7.358092e+00	7.058173e+00
5.639838e+00	4.640618e+00	2.595240e+00	2.051236e+00	1.507594e+00	1.365190e+00
1.067200e+01	1.040434e+01	1.014544e+01	9.901687e+00	9.670565e+00	9.234901e+00
8.837998e+00	8.480273e+00	8.161404e+00	7.881244e+00	7.639931e+00	7.437795e+00
7.274793e+00	7.150870e+00	7.065257e+00	7.017798e+00	7.010631e+00	7.041357e+00
7.107549e+00	7.211977e+00	7.350585e+00	7.429464e+00	7.505867e+00	7.544303e+00
7.406610e+00	7.161149e+00	5.830298e+00	4.848577e+00	2.762705e+00	2.176047e+00
1.530967e+00	1.365191e+00	1.067212e+01	1.040540e+01	1.014708e+01	9.903382e+00
9.672054e+00	9.236220e+00	8.839430e+00	8.481762e+00	8.162968e+00	7.883116e+00
7.642468e+00	7.440802e+00	7.277650e+00	7.152840e+00	7.066514e+00	7.019450e+00
7.013289e+00	7.044982e+00	7.111937e+00	7.215725e+00	7.357286e+00	7.440632e+00
7.521118e+00	7.554151e+00	7.437512e+00	7.281450e+00	6.005402e+00	5.026977e+00
2.943876e+00	2.331599e+00	1.553830e+00	1.365825e+00	