7.139102e-02	7.235309e-02	7.345415e-02	7.479489e-02	7.636054e-02	8.005490e-02
8.442290e-02	8.928599e-02	9.465537e-02	1.005418e-01	1.069654e-01	1.141264e-01
1.224751e-01	1.323592e-01	1.437120e-01	1.563263e-01	1.698683e-01	1.832893e-01
1.949771e-01	2.035354e-01	2.110836e-01	2.165911e-01	2.202654e-01	2.206278e-01
2.210496e-01	2.210828e-01	2.208512e-01	2.208055e-01	2.207999e-01	2.207758e-01
2.208046e-01	2.208493e-01	8.243595e-02	8.359289e-02	8.490132e-02	8.647158e-02
8.828801e-02	9.253825e-02	9.752757e-02	1.030616e-01	1.091521e-01	1.158104e-01
1.230585e-01	1.311124e-01	1.404562e-01	1.514622e-01	1.640564e-01	1.780110e-01
1.929467e-01	2.076965e-01	2.204958e-01	2.298710e-01	2.380818e-01	2.439846e-01
2.479515e-01	2.484078e-01	2.488991e-01	2.489431e-01	2.487074e-01	2.486601e-01
2.486549e-01	2.486297e-01	2.486599e-01	2.487069e-01	9.518964e-02	9.657874e-02
9.813242e-02	9.997120e-02	1.020786e-01	1.069682e-01	1.126664e-01	1.189627e-01
1.258690e-01	1.333978e-01	1.415728e-01	1.506264e-01	1.610773e-01	1.733222e-01
1.872808e-01	2.027038e-01	2.191606e-01	2.353538e-01	2.493545e-01	2.596142e-01
2.685332e-01	2.748428e-01	2.791175e-01	2.796856e-01	2.802572e-01	2.803142e-01
2.800770e-01	2.800286e-01	2.800239e-01	2.799978e-01	2.800293e-01	2.800783e-01
1.099165e-01	1.115819e-01	1.134255e-01	1.155783e-01	1.180232e-01	1.236483e-01
1.301553e-01	1.373171e-01	1.451462e-01	1.536560e-01	1.628726e-01	1.730449e-01
1.847258e-01	1.983372e-01	2.137929e-01	2.308217e-01	2.489359e-01	2.666940e-01
2.819901e-01	2.932059e-01	3.028794e-01	3.096038e-01	3.142009e-01	3.149017e-01
3.155660e-01	3.156387e-01	3.154033e-01	3.153543e-01	3.153503e-01	3.153233e-01
3.153561e-01	3.154069e-01	1.269217e-01	1.289158e-01	1.311018e-01	1.336220e-01
1.364583e-01	1.429294e-01	1.503588e-01	1.585033e-01	1.673758e-01	1.769907e-01
1.873769e-01	1.987999e-01	2.118464e-01	2.269625e-01	2.440582e-01	2.628400e-01
2.827564e-01	3.022075e-01	3.188972e-01	3.311440e-01	3.416185e-01	3.487612e-01
3.536942e-01	3.545520e-01	3.553233e-01	3.554146e-01	3.551853e-01	3.551362e-01
3.551333e-01	3.551056e-01	3.551395e-01	3.551918e-01	1.465578e-01	1.489424e-01
1.515328e-01	1.544825e-01	1.577730e-01	1.652170e-01	1.736985e-01	1.829583e-01
1.930099e-01	2.038692e-01	2.155680e-01	2.283883e-01	2.429486e-01	2.597192e-01
2.786079e-01	2.992998e-01	3.211719e-01	3.424501e-01	3.606347e-01	3.739910e-01
3.853125e-01	3.928710e-01	3.981514e-01	3.991948e-01	4.000896e-01	4.002030e-01
3.999850e-01	3.999367e-01	3.999351e-01	3.999070e-01	3.999417e-01	3.999951e-01
1.692318e-01	1.720800e-01	1.751478e-01	1.785998e-01	1.824171e-01	1.909801e-01
2.006611e-01	2.111864e-01	2.225699e-01	2.348294e-01	2.480005e-01	2.623803e-01
2.786171e-01	2.972036e-01	3.180487e-01	3.408170e-01	3.648065e-01	3.880515e-01
4.078349e-01	4.223820e-01	4.345951e-01	4.425597e-01	4.481967e-01	4.494588e-01
4.504958e-01	4.506356e-01	4.504354e-01	4.503887e-01	4.503888e-01	4.503608e-01
4.503959e-01	4.504497e-01	1.954137e-01	1.988121e-01	2.024430e-01	2.064821e-01
2.109106e-01	2.207606e-01	2.318090e-01	2.437697e-01	2.566571e-01	2.704914e-01
2.853124e-01	3.014316e-01	3.195222e-01	3.400979e-01	3.630728e-01	3.880932e-01
4.143693e-01	4.397253e-01	4.612126e-01	4.770343e-01	4.901811e-01	4.985329e-01
5.045325e-01	5.060516e-01	5.072525e-01	5.074235e-01	5.072491e-01	5.072053e-01
5.072076e-01	5.071799e-01	5.072151e-01	5.072687e-01	2.256462e-01	2.296968e-01
2.339920e-01	2.387173e-01	2.438547e-01	2.551849e-01	2.677919e-01	2.813801e-01
2.959648e-01	3.115691e-01	3.282380e-01	3.462951e-01	3.664328e-01	3.891831e-01
4.144706e-01	4.419274e-01	4.706657e-01	4.982800e-01	5.215764e-01	5.387582e-01
5.528767e-01	5.615852e-01	5.679492e-01	5.697702e-01	5.711598e-01	5.713676e-01
5.712287e-01	5.711892e-01	5.711943e-01	5.711676e-01	5.712022e-01	5.712546e-01
2.605560e-01	2.653794e-01	2.704575e-01	2.759849e-01	2.819447e-01	2.949771e-01
3.093603e-01	3.247934e-01	3.412927e-01	3.588851e-01	3.776218e-01	3.978357e-01
4.202306e-01	4.453525e-01	4.731446e-01	5.032292e-01	5.346106e-01	5.646320e-01
5.898407e-01	6.084685e-01	6.235913e-01	6.326122e-01	6.393371e-01	6.415118e-01
6.431187e-01	6.433699e-01	6.432782e-01	6.432448e-01	6.432532e-01	6.432281e-01
6.432616e-01	6.433117e-01	3.008667e-01	3.066051e-01	3.126058e-01	3.190706e-01
3.259843e-01	3.409743e-01	3.573812e-01	3.749048e-01	3.935626e-01	4.133866e-01
4.344354e-01	4.570475e-01	4.819268e-01	5.096287e-01	5.401246e-01	5.730344e-01
6.072431e-01	6.398196e-01	6.670395e-01	6.871987e-01	7.033504e-01	7.126224e-01
7.196981e-01	7.222867e-01	7.241435e-01	7.244456e-01	7.244153e-01	7.243902e-01
7.244027e-01	7.243801e-01	7.244115e-01	7.244579e-01	3.474139e-01	3.542351e-01
3.613226e-01	3.688827e-01	3.769028e-01	3.941441e-01	4.128563e-01	4.327477e-01
4.538378e-01	4.761649e-01	4.997967e-01	5.250720e-01	5.526808e-01	5.831816e-01
6.165866e-01	6.525225e-01	6.897435e-01	7.250193e-01	7.543421e-01	7.761159e-01
7.933110e-01	8.027519e-01	8.101599e-01	8.132321e-01	8.153764e-01	8.157383e-01
8.157862e-01	8.157720e-01	8.157896e-01	8.157706e-01	8.157988e-01	8.158397e-01
4.011624e-01	4.092643e-01	4.176315e-01	4.264713e-01	4.357748e-01	4.556049e-01
4.769425e-01	4.995150e-01	5.233443e-01	5.484769e-01	5.749917e-01	6.032208e-01
6.338226e-01	6.673502e-01	7.038728e-01	7.430369e-01	7.834524e-01	8.215644e-01
8.530710e-01	8.765381e-01	8.947778e-01	9.042807e-01	9.119922e-01	9.156289e-01
9.181034e-01	9.185355e-01	9.186819e-01	9.186817e-01	9.187055e-01	9.186911e-01
9.187150e-01	9.187483e-01	4.632264e-01	4.728421e-01	4.827156e-01	4.930503e-01
5.038426e-01	5.266496e-01	5.509766e-01	5.765836e-01	6.034960e-01	6.317704e-01
6.614999e-01	6.930010e-01	7.268773e-01	7.636665e-01	8.035155e-01	8.461069e-01
8.898927e-01	9.309657e-01	9.647215e-01	9.899541e-01	1.009222e+00	1.018650e+00
1.026624e+00	1.030919e+00	1.033773e+00	1.034287e+00	1.034556e+00	1.034573e+00
1.034605e+00	1.034597e+00	1.034614e+00	1.034638e+00	5.348923e-01	5.462964e-01
5.579424e-01	5.700235e-01	5.825426e-01	6.087727e-01	6.365028e-01	6.655429e-01
6.959231e-01	7.277132e-01	7.610233e-01	7.961435e-01	8.335937e-01	8.738838e-01
9.172640e-01	9.634742e-01	1.010794e+00	1.054935e+00	1.090985e+00	1.118045e+00
1.138305e+00	1.147485e+00	1.155665e+00	1.160725e+00	1.164015e+00	1.164625e+00
1.165045e+00	1.165085e+00	1.165125e+00	1.165125e+00	1.165135e+00	1.165145e+00
6.175709e-01	6.311280e-01	6.448967e-01	6.590483e-01	6.735957e-01	7.038018e-01
7.354386e-01	7.684048e-01	8.027387e-01	8.385276e-01	8.759020e-01	9.151043e-01
9.565182e-01	1.000606e+00	1.047778e+00	1.097880e+00	1.148993e+00	1.196370e+00
1.234757e+00	1.263722e+00	1.284846e+00	1.293396e+00	1.301631e+00	1.307637e+00
1.311403e+00	1.312115e+00	1.312726e+00	1.312796e+00	1.312845e+00	1.312857e+00
1.312855e+00	1.312846e+00	7.130922e-01	7.291610e-01	7.453992e-01	7.619473e-01
7.788298e-01	8.135803e-01	8.496399e-01	8.870149e-01	9.257530e-01	9.659631e-01
1.007801e+00	1.051448e+00	1.097117e+00	1.145205e+00	1.196310e+00	1.250406e+00
1.305363e+00	1.355974e+00	1.396664e+00	1.427544e+00	1.449471e+00	1.457217e+00
1.465453e+00	1.472518e+00	1.476847e+00	1.477686e+00	1.478524e+00	1.478629e+00
1.478691e+00	1.478716e+00	1.478700e+00	1.478669e+00	8.240177e-01	8.427971e-01
8.617095e-01	8.808722e-01	9.003163e-01	9.400704e-01	9.809865e-01	1.023106e+00
1.066477e+00	1.111232e+00	1.157563e+00	1.205616e+00	1.255481e+00	1.307499e+00
1.362352e+00	1.420052e+00	1.478317e+00	1.531712e+00	1.574521e+00	1.607159e+00
1.630112e+00	1.637720e+00	1.646276e+00	1.654225e+00	1.659352e+00	1.660397e+00
1.661476e+00	1.661609e+00	1.661692e+00	1.661724e+00	1.661704e+00	1.661656e+00
9.526477e-01	9.742858e-01	9.960320e-01	1.017991e+00	1.040194e+00	1.085362e+00
1.131514e+00	1.178624e+00	1.226730e+00	1.275996e+00	1.326665e+00	1.378889e+00
1.432710e+00	1.488421e+00	1.546647e+00	1.607316e+00	1.668090e+00	1.723620e+00
1.768286e+00	1.802486e+00	1.826800e+00	1.835160e+00	1.844470e+00	1.853075e+00
1.859277e+00	1.860627e+00	1.861952e+00	1.862107e+00	1.862220e+00	1.862250e+00
1.862239e+00	1.862179e+00	1.099534e+00	1.124307e+00	1.149142e+00	1.174112e+00
1.199249e+00	1.250101e+00	1.301619e+00	1.353743e+00	1.406499e+00	1.460103e+00
1.514888e+00	1.570986e+00	1.628370e+00	1.687253e+00	1.748197e+00	1.811076e+00
1.873557e+00	1.930518e+00	1.976658e+00	2.012488e+00	2.038584e+00	2.047860e+00
2.058131e+00	2.067609e+00	2.075005e+00	2.076691e+00	2.078282e+00	2.078466e+00
2.078611e+00	2.078643e+00	2.078636e+00	2.078577e+00	1.267525e+00	1.295723e+00
1.323915e+00	1.352123e+00	1.380387e+00	1.437218e+00	1.494251e+00	1.551406e+00
1.608698e+00	1.666423e+00	1.725040e+00	1.784650e+00	1.845151e+00	1.906645e+00
1.969601e+00	2.033845e+00	2.097127e+00	2.154754e+00	2.201975e+00	2.239440e+00
2.267699e+00	2.278171e+00	2.289647e+00	2.300143e+00	2.308893e+00	2.310964e+00
2.312839e+00	2.313060e+00	2.313238e+00	2.313276e+00	2.313271e+00	2.313222e+00
1.457007e+00	1.488859e+00	1.520605e+00	1.552187e+00	1.583662e+00	1.646504e+00
1.708917e+00	1.770819e+00	1.832237e+00	1.893566e+00	1.955416e+00	2.017883e+00
2.080842e+00	2.144253e+00	2.208350e+00	2.272814e+00	2.335641e+00	2.393007e+00
2.441043e+00	2.480034e+00	2.510487e+00	2.522593e+00	2.535500e+00	2.546905e+00
2.557191e+00	2.559698e+00	2.561855e+00	2.562120e+00	2.562330e+00	2.562369e+00
2.562375e+00	2.562339e+00	1.668898e+00	1.704509e+00	1.739879e+00	1.774825e+00
1.809445e+00	1.877999e+00	1.945310e+00	2.011305e+00	2.076073e+00	2.140117e+00
2.204237e+00	2.268568e+00	2.333068e+00	2.397511e+00	2.461652e+00	2.524855e+00
2.585609e+00	2.641594e+00	2.690247e+00	2.730647e+00	2.763248e+00	2.777622e+00
2.792252e+00	2.804317e+00	2.816346e+00	2.819345e+00	2.821756e+00	2.822074e+00
2.822313e+00	2.822345e+00	2.822377e+00	2.822357e+00	1.902880e+00	1.942730e+00
1.982077e+00	2.020526e+00	2.058229e+00	2.131968e+00	2.203293e+00	2.272433e+00
2.339585e+00	2.405364e+00	2.470737e+00	2.535817e+00	2.600471e+00	2.664326e+00
2.726964e+00	2.787756e+00	2.845626e+00	2.899448e+00	2.947807e+00	2.989386e+00
3.024454e+00	3.040749e+00	3.057103e+00	3.070266e+00	3.083892e+00	3.087331e+00
3.090040e+00	3.090407e+00	3.090675e+00	3.090703e+00	3.090745e+00	3.090756e+00
2.158839e+00	2.203323e+00	2.246907e+00	2.288891e+00	2.329490e+00	2.407600e+00
2.481740e+00	2.552754e+00	2.620995e+00	2.687191e+00	2.752472e+00	2.816857e+00
2.880039e+00	2.941531e+00	3.001049e+00	3.058232e+00	3.112398e+00	3.163279e+00
3.210428e+00	3.252843e+00	3.290505e+00	3.308370e+00	3.326396e+00	3.340967e+00
3.356008e+00	3.359830e+00	3.362854e+00	3.363262e+00	3.363558e+00	3.363589e+00
3.363631e+00	3.363676e+00	2.436071e+00	2.485203e+00	2.532951e+00	2.578249e+00
2.621398e+00	2.702859e+00	2.778463e+00	2.849832e+00	2.917507e+00	2.982365e+00
3.045727e+00	3.107556e+00	3.167531e+00	3.225076e+00	3.280091e+00	3.332441e+00
3.381910e+00	3.429045e+00	3.474330e+00	3.517000e+00	3.556799e+00	3.576155e+00
3.595738e+00	3.611521e+00	3.627849e+00	3.632021e+00	3.635315e+00	3.635748e+00
3.636070e+00	3.636111e+00	3.636161e+00	3.636223e+00	2.732483e+00	2.786222e+00
2.837986e+00	2.886273e+00	2.931478e+00	3.014977e+00	3.090392e+00	3.160293e+00
3.225467e+00	3.286955e+00	3.346289e+00	3.403508e+00	3.458326e+00	3.510262e+00
3.559413e+00	3.605916e+00	3.649926e+00	3.692692e+00	3.735420e+00	3.777612e+00
3.818878e+00	3.839438e+00	3.860294e+00	3.877098e+00	3.894461e+00	3.898918e+00
3.902425e+00	3.902882e+00	3.903223e+00	3.903270e+00	3.903322e+00	3.903403e+00
3.047715e+00	3.105927e+00	3.161467e+00	3.212309e+00	3.258972e+00	3.342960e+00
3.416292e+00	3.482698e+00	3.543254e+00	3.599188e+00	3.652278e+00	3.702723e+00
3.750415e+00	3.795133e+00	3.837145e+00	3.876865e+00	3.914760e+00	3.952571e+00
3.992016e+00	4.032865e+00	4.074685e+00	4.096010e+00	4.117727e+00	4.135239e+00
4.153315e+00	4.157956e+00	4.161611e+00	4.162089e+00	4.162443e+00	4.162494e+00
4.162542e+00	4.162634e+00	3.375462e+00	3.437763e+00	3.496585e+00	3.549296e+00
3.596576e+00	3.679028e+00	3.747939e+00	3.808420e+00	3.861891e+00	3.909812e+00
3.954273e+00	3.995694e+00	4.034305e+00	4.070285e+00	4.104046e+00	4.136276e+00
4.167657e+00	4.200088e+00	4.235498e+00	4.273939e+00	4.315050e+00	4.336480e+00
4.358431e+00	4.376171e+00	4.394481e+00	4.399161e+00	4.402871e+00	4.403361e+00
4.403721e+00	4.403771e+00	4.403811e+00	4.403901e+00	3.713008e+00	3.779712e+00
3.841839e+00	3.895882e+00	3.942750e+00	4.020712e+00	4.081747e+00	4.133232e+00
4.177077e+00	4.214923e+00	4.249046e+00	4.279937e+00	4.308033e+00	4.333804e+00
4.358076e+00	4.381961e+00	4.406281e+00	4.432839e+00	4.463490e+00	4.498592e+00
4.537613e+00	4.558170e+00	4.579519e+00	4.597038e+00	4.614957e+00	4.619516e+00
4.623168e+00	4.623653e+00	4.624002e+00	4.624050e+00	4.624081e+00	4.624161e+00
4.066331e+00	4.136511e+00	4.201016e+00	4.255479e+00	4.301042e+00	4.372764e+00
4.424050e+00	4.464318e+00	4.496072e+00	4.521369e+00	4.542972e+00	4.561505e+00
4.577582e+00	4.591939e+00	4.605880e+00	4.620919e+00	4.637880e+00	4.658127e+00
4.683138e+00	4.713742e+00	4.749539e+00	4.768705e+00	4.788851e+00	4.805594e+00
4.822669e+00	4.826999e+00	4.830491e+00	4.830954e+00	4.831284e+00	4.831328e+00
4.831354e+00	4.831413e+00	4.432331e+00	4.500436e+00	4.562813e+00	4.615139e+00
4.658526e+00	4.725291e+00	4.769111e+00	4.797596e+00	4.813966e+00	4.822085e+00
4.827028e+00	4.830149e+00	4.832305e+00	4.834504e+00	4.838299e+00	4.845253e+00
4.855720e+00	4.869575e+00	4.887106e+00	4.910394e+00	4.941105e+00	4.958718e+00
4.976794e+00	4.991292e+00	5.006861e+00	5.010838e+00	5.013953e+00	5.014353e+00
5.014665e+00	5.014700e+00	5.014742e+00	5.014750e+00	4.803957e+00	4.864604e+00
4.920568e+00	4.968258e+00	5.008451e+00	5.070828e+00	5.108664e+00	5.124503e+00
5.122477e+00	5.109545e+00	5.094584e+00	5.080083e+00	5.067085e+00	5.056775e+00
5.050716e+00	5.050201e+00	5.054785e+00	5.062132e+00	5.070824e+00	5.084737e+00
5.108794e+00	5.124492e+00	5.139714e+00	5.150910e+00	5.164385e+00	5.167887e+00
5.170462e+00	5.170772e+00	5.171062e+00	5.171085e+00	5.171154e+00	5.171094e+00
5.175142e+00	5.230081e+00	5.280494e+00	5.322867e+00	5.357903e+00	5.409777e+00
5.434983e+00	5.434094e+00	5.412202e+00	5.378480e+00	5.344208e+00	5.312661e+00
5.284866e+00	5.261940e+00	5.245278e+00	5.235777e+00	5.232497e+00	5.231812e+00
5.231229e+00	5.235477e+00	5.250863e+00	5.262706e+00	5.273661e+00	5.281078e+00
5.291344e+00	5.294043e+00	5.295927e+00	5.296150e+00	5.296387e+00	5.296397e+00
5.296463e+00	5.296358e+00	5.551689e+00	5.601679e+00	5.646729e+00	5.682956e+00
5.711175e+00	5.747930e+00	5.755755e+00	5.735102e+00	5.691960e+00	5.637140e+00
5.583510e+00	5.534924e+00	5.492285e+00	5.456502e+00	5.428706e+00	5.409323e+00
5.397099e+00	5.387573e+00	5.377473e+00	5.371886e+00	5.377674e+00	5.384843e+00
5.390980e+00	5.394469e+00	5.401132e+00	5.402918e+00	5.404064e+00	5.404202e+00
5.404375e+00	5.404372e+00	5.404425e+00	5.404284e+00	5.930364e+00	5.981066e+00
6.024368e+00	6.054696e+00	6.073596e+00	6.085604e+00	6.065101e+00	6.019164e+00
5.954734e+00	5.881581e+00	5.810937e+00	5.746450e+00	5.689105e+00	5.639631e+00
5.598930e+00	5.567059e+00	5.542935e+00	5.522645e+00	5.503212e+00	5.488281e+00
5.482603e+00	5.483163e+00	5.483242e+00	5.482673e+00	5.484582e+00	5.485140e+00
5.485419e+00	5.485458e+00	5.485533e+00	5.485521e+00	5.485553e+00	5.485403e+00
6.301924e+00	6.362240e+00	6.409917e+00	6.435416e+00	6.441882e+00	6.416443e+00
6.354179e+00	6.277303e+00	6.192656e+00	6.105443e+00	6.021419e+00	5.943052e+00
5.871704e+00	5.808025e+00	5.752822e+00	5.706033e+00	5.667433e+00	5.635109e+00
5.607255e+00	5.584235e+00	5.566327e+00	5.559236e+00	5.552953e+00	5.548813e+00
5.545779e+00	5.545056e+00	5.544516e+00	5.544464e+00	5.544434e+00	5.544417e+00
5.544424e+00	5.544278e+00	6.688311e+00	6.747476e+00	6.790845e+00	6.806736e+00
6.799402e+00	6.739914e+00	6.641678e+00	6.534948e+00	6.426696e+00	6.320067e+00
6.218468e+00	6.123650e+00	6.036799e+00	5.958192e+00	5.888600e+00	5.827883e+00
5.776007e+00	5.731465e+00	5.692555e+00	5.658448e+00	5.627925e+00	5.613883e+00
5.600936e+00	5.591883e+00	5.583707e+00	5.581783e+00	5.580308e+00	5.580125e+00
5.579999e+00	5.579978e+00	5.579975e+00	5.579851e+00	7.087210e+00	7.136391e+00
7.168600e+00	7.171088e+00	7.148636e+00	7.056728e+00	6.925795e+00	6.789257e+00
6.654458e+00	6.524334e+00	6.402101e+00	6.289024e+00	6.185617e+00	6.091574e+00
6.007601e+00	5.933516e+00	5.869020e+00	5.812082e+00	5.760595e+00	5.713693e+00
5.670241e+00	5.649446e+00	5.629453e+00	5.614591e+00	5.600468e+00	5.597082e+00
5.594373e+00	5.594013e+00	5.593750e+00	5.593713e+00	5.593700e+00	5.593683e+00
7.505483e+00	7.537733e+00	7.552023e+00	7.535419e+00	7.493429e+00	7.363610e+00
7.198014e+00	7.031438e+00	6.870876e+00	6.718167e+00	6.575522e+00	6.443745e+00
6.322719e+00	6.211755e+00	6.111434e+00	6.021688e+00	5.942013e+00	5.870398e+00
5.804973e+00	5.746167e+00	5.692174e+00	5.665929e+00	5.640408e+00	5.621162e+00
5.602534e+00	5.597962e+00	5.594668e+00	5.594264e+00	5.593891e+00	5.593825e+00
5.593831e+00	5.593887e+00	8.067256e+00	8.000293e+00	7.932309e+00	7.857407e+00
7.776202e+00	7.604224e+00	7.424956e+00	7.249009e+00	7.078297e+00	6.913069e+00
6.754143e+00	6.602480e+00	6.458748e+00	6.323387e+00	6.197525e+00	6.082457e+00
5.979059e+00	5.888560e+00	5.810104e+00	5.742406e+00	5.684324e+00	5.659107e+00
5.637047e+00	5.619023e+00	5.577060e+00	5.556324e+00	5.564278e+00	5.567915e+00
5.565833e+00	5.564600e+00	5.566500e+00	5.565567e+00	8.487649e+00	8.402777e+00
8.309702e+00	8.206963e+00	8.099174e+00	7.882136e+00	7.666490e+00	7.458362e+00
7.258961e+00	7.068308e+00	6.886803e+00	6.715375e+00	6.553752e+00	6.401090e+00
6.257514e+00	6.125888e+00	6.006657e+00	5.900567e+00	5.810186e+00	5.732487e+00
5.664437e+00	5.637550e+00	5.617438e+00	5.599114e+00	5.529608e+00	5.499687e+00
5.512203e+00	5.518372e+00	5.515065e+00	5.513072e+00	5.516199e+00	5.514658e+00
8.745486e+00	8.719645e+00	8.673114e+00	8.590862e+00	8.480390e+00	8.214864e+00
7.923947e+00	7.651280e+00	7.402514e+00	7.175709e+00	6.968704e+00	6.779720e+00
6.604806e+00	6.441232e+00	6.289658e+00	6.151235e+00	6.024912e+00	5.908169e+00
5.799137e+00	5.698864e+00	5.605572e+00	5.559221e+00	5.513140e+00	5.477329e+00
5.442508e+00	5.434208e+00	5.427558e+00	5.426648e+00	5.425978e+00	5.425888e+00
5.425818e+00	5.426108e+00	9.104025e+00	9.069934e+00	9.009256e+00	8.906651e+00
8.771889e+00	8.453689e+00	8.111544e+00	7.796048e+00	7.513320e+00	7.262283e+00
7.030797e+00	6.818929e+00	6.620936e+00	6.438053e+00	6.276996e+00	6.128357e+00
5.991884e+00	5.864961e+00	5.740147e+00	5.620365e+00	5.509721e+00	5.453844e+00
5.397319e+00	5.353956e+00	5.321325e+00	5.317383e+00	5.305050e+00	5.302451e+00
5.302289e+00	5.302615e+00	5.301836e+00	5.302436e+00	9.509641e+00	9.427380e+00
9.324827e+00	9.186740e+00	9.021126e+00	8.650818e+00	8.266389e+00	7.915348e+00
7.602826e+00	7.327944e+00	7.075659e+00	6.845497e+00	6.630433e+00	6.429210e+00
6.245545e+00	6.074831e+00	5.917370e+00	5.770093e+00	5.630093e+00	5.499791e+00
5.379364e+00	5.319837e+00	5.260275e+00	5.213787e+00	5.170380e+00	5.160582e+00
5.150911e+00	5.149439e+00	5.148721e+00	5.148692e+00	5.148479e+00	5.148577e+00
9.917185e+00	9.760878e+00	9.591757e+00	9.402292e+00	9.199280e+00	8.782374e+00
8.373917e+00	7.999535e+00	7.656205e+00	7.344844e+00	7.076879e+00	6.836760e+00
6.612991e+00	6.397000e+00	6.190171e+00	5.999255e+00	5.823670e+00	5.660213e+00
5.506917e+00	5.363014e+00	5.225840e+00	5.158675e+00	5.093866e+00	5.044968e+00
4.995247e+00	4.982512e+00	4.972787e+00	4.971613e+00	4.970661e+00	4.970525e+00
4.970430e+00	4.970233e+00	1.031735e+01	1.006418e+01	9.813467e+00	9.567182e+00
9.327201e+00	8.870788e+00	8.446423e+00	8.054553e+00	7.687012e+00	7.349279e+00
7.047896e+00	6.773156e+00	6.521186e+00	6.288693e+00	6.071979e+00	5.869146e+00
5.681241e+00	5.507487e+00	5.345920e+00	5.188499e+00	5.028772e+00	4.951126e+00
4.881077e+00	4.832401e+00	4.778121e+00	4.762954e+00	4.752443e+00	4.751416e+00
4.750305e+00	4.750130e+00	4.749990e+00	4.749511e+00	1.061293e+01	1.031075e+01
1.001479e+01	9.730874e+00	9.460131e+00	8.955583e+00	8.487690e+00	8.053727e+00
7.672409e+00	7.322038e+00	6.988713e+00	6.686176e+00	6.413138e+00	6.165072e+00
5.935095e+00	5.718741e+00	5.517238e+00	5.330769e+00	5.156889e+00	4.984932e+00
4.807478e+00	4.721652e+00	4.646259e+00	4.595638e+00	4.536684e+00	4.519558e+00
4.508193e+00	4.507195e+00	4.505976e+00	4.505788e+00	4.505591e+00	4.504875e+00
1.086088e+01	1.052683e+01	1.020019e+01	9.887474e+00	9.589207e+00	9.033066e+00
8.517717e+00	8.042465e+00	7.622674e+00	7.239043e+00	6.886226e+00	6.567485e+00
6.279658e+00	6.017763e+00	5.774639e+00	5.545365e+00	5.330590e+00	5.130658e+00
4.942482e+00	4.756403e+00	4.566004e+00	4.474187e+00	4.393685e+00	4.339635e+00
4.276252e+00	4.257664e+00	4.245456e+00	4.244400e+00	4.243112e+00	4.242929e+00
4.242672e+00	4.241787e+00	1.107657e+01	1.070905e+01	1.035063e+01	1.000892e+01
9.683588e+00	9.075540e+00	8.523414e+00	8.023451e+00	7.565304e+00	7.152013e+00
6.779485e+00	6.443950e+00	6.140792e+00	5.864472e+00	5.607338e+00	5.364012e+00
5.134835e+00	4.920492e+00	4.718254e+00	4.520275e+00	4.321855e+00	4.226539e+00
4.140574e+00	4.080429e+00	4.013067e+00	3.993943e+00	3.980841e+00	3.979616e+00
3.978266e+00	3.978085e+00	3.977828e+00	3.976993e+00	1.125761e+01	1.085603e+01
1.046608e+01	1.009699e+01	9.747492e+00	9.097339e+00	8.505255e+00	7.972809e+00
7.490391e+00	7.055922e+00	6.664505e+00	6.311693e+00	5.992443e+00	5.700624e+00
5.427816e+00	5.168212e+00	4.922279e+00	4.691367e+00	4.474811e+00	4.268063e+00
4.069075e+00	3.973864e+00	3.881644e+00	3.811081e+00	3.740222e+00	3.721906e+00
3.707769e+00	3.706201e+00	3.704797e+00	3.704613e+00	3.704446e+00	3.703960e+00
1.142450e+01	1.098713e+01	1.056431e+01	1.016725e+01	9.793539e+00	9.098972e+00
8.477687e+00	7.915407e+00	7.410708e+00	6.956753e+00	6.546995e+00	6.176499e+00
5.840288e+00	5.532429e+00	5.244903e+00	4.972162e+00	4.714338e+00	4.472132e+00
4.245292e+00	4.030135e+00	3.825325e+00	3.727124e+00	3.629483e+00	3.552475e+00
3.477819e+00	3.459713e+00	3.445004e+00	3.443194e+00	3.441682e+00	3.441530e+00
3.441344e+00	3.441679e+00	1.157042e+01	1.109786e+01	1.064323e+01	1.021989e+01
9.823936e+00	9.093229e+00	8.438766e+00	7.853051e+00	7.328710e+00	6.857169e+00
6.429924e+00	6.041818e+00	5.688380e+00	5.364514e+00	5.063551e+00	4.780654e+00
4.515021e+00	4.265495e+00	4.030882e+00	3.807503e+00	3.593745e+00	3.490703e+00
3.388200e+00	3.307233e+00	3.228583e+00	3.210065e+00	3.195122e+00	3.193206e+00
3.191522e+00	3.191359e+00	3.191144e+00	3.192531e+00	1.168458e+01	1.118155e+01
1.069975e+01	1.025458e+01	9.840195e+00	9.076476e+00	8.397016e+00	7.791271e+00
7.249929e+00	6.762732e+00	6.319866e+00	5.916038e+00	5.547324e+00	5.209384e+00
4.896773e+00	4.605220e+00	4.332843e+00	4.076502e+00	3.833755e+00	3.602421e+00
3.381244e+00	3.274240e+00	3.166872e+00	3.081281e+00	2.998648e+00	2.979201e+00
2.963913e+00	2.962015e+00	2.960133e+00	2.959826e+00	2.959720e+00	2.961722e+00
1.177708e+01	1.124803e+01	1.074298e+01	1.027970e+01	9.848545e+00	9.056843e+00
8.354806e+00	7.731096e+00	7.174509e+00	6.673714e+00	6.218219e+00	5.802576e+00
5.422830e+00	5.074664e+00	4.752858e+00	4.453154e+00	4.173381e+00	3.909941e+00
3.659872e+00	3.421242e+00	3.191830e+00	3.080255e+00	2.968323e+00	2.879045e+00
2.792049e+00	2.771194e+00	2.754807e+00	2.752818e+00	2.750876e+00	2.750560e+00
2.750453e+00	2.752009e+00	1.184677e+01	1.129565e+01	1.077040e+01	1.029086e+01
9.849861e+00	9.034969e+00	8.314229e+00	7.675659e+00	7.106531e+00	6.594743e+00
6.129445e+00	5.705028e+00	5.317325e+00	4.961805e+00	4.633065e+00	4.326646e+00
4.040165e+00	3.769776e+00	3.512170e+00	3.265432e+00	3.026939e+00	2.910405e+00
2.793816e+00	2.700948e+00	2.608964e+00	2.586083e+00	2.567996e+00	2.565877e+00
2.563961e+00	2.563673e+00	2.563525e+00	2.563716e+00	1.189155e+01	1.132314e+01
1.078375e+01	1.029398e+01	9.843070e+00	9.011429e+00	8.277481e+00	7.628018e+00
7.049635e+00	6.529823e+00	6.057666e+00	5.627393e+00	5.234550e+00	4.874284e+00
4.540783e+00	4.229274e+00	3.937116e+00	3.660176e+00	3.394782e+00	3.138833e+00
2.889888e+00	2.767531e+00	2.645295e+00	2.547912e+00	2.449709e+00	2.424225e+00
2.403904e+00	2.401613e+00	2.399752e+00	2.399502e+00	2.399292e+00	2.397571e+00
1.190805e+01	1.132610e+01	1.078089e+01	1.028817e+01	9.831959e+00	8.989489e+00
8.247308e+00	7.590248e+00	7.005200e+00	6.479688e+00	6.002933e+00	5.568963e+00
5.173023e+00	4.809885e+00	4.473260e+00	4.158010e+00	3.861295e+00	3.578754e+00
3.306307e+00	3.041293e+00	2.781063e+00	2.651686e+00	2.521531e+00	2.416928e+00
2.310672e+00	2.282727e+00	2.260182e+00	2.257645e+00	2.255719e+00	2.255478e+00
2.255217e+00	2.252654e+00	1.191807e+01	1.132766e+01	1.077378e+01	1.027518e+01
9.816940e+00	8.969296e+00	8.222510e+00	7.560497e+00	6.970818e+00	6.441255e+00
5.961320e+00	5.524894e+00	5.126959e+00	4.761968e+00	4.423222e+00	4.105249e+00
3.804976e+00	3.517710e+00	3.238838e+00	2.964825e+00	2.692355e+00	2.554998e+00
2.415240e+00	2.301577e+00	2.186239e+00	2.156099e+00	2.131583e+00	2.128778e+00
2.126675e+00	2.126416e+00	2.126119e+00	2.123557e+00	1.191370e+01	1.132184e+01
1.076123e+01	1.025945e+01	9.800884e+00	8.953013e+00	8.208252e+00	7.547191e+00
6.957228e+00	6.426838e+00	5.946276e+00	5.509505e+00	5.111375e+00	4.746195e+00
4.407087e+00	4.088273e+00	3.786189e+00	3.495267e+00	3.209737e+00	2.924077e+00
2.632564e+00	2.484301e+00	2.330162e+00	2.202637e+00	2.076086e+00	2.044489e+00
2.018385e+00	2.015208e+00	2.012703e+00	2.012385e+00	2.012045e+00	2.011280e+00
1.188420e+01	1.129163e+01	1.073411e+01	1.023670e+01	9.782695e+00	8.940701e+00
8.200230e+00	7.541018e+00	6.951534e+00	6.421061e+00	5.940439e+00	5.503715e+00
5.105678e+00	4.740576e+00	4.401450e+00	4.082353e+00	3.779397e+00	3.486384e+00
3.196555e+00	2.902343e+00	2.594614e+00	2.434942e+00	2.264525e+00	2.120287e+00
1.979976e+00	1.947086e+00	1.919954e+00	1.916415e+00	1.913260e+00	1.912818e+00
1.912492e+00	1.914832e+00	1.184199e+01	1.125367e+01	1.070176e+01	1.021148e+01
9.764968e+00	8.936420e+00	8.202536e+00	7.545657e+00	6.957524e+00	6.428105e+00
5.948775e+00	5.513577e+00	5.117102e+00	4.753313e+00	4.414839e+00	4.095526e+00
3.791711e+00	3.497599e+00	3.206244e+00	2.908451e+00	2.593672e+00	2.415629e+00
2.221651e+00	2.059217e+00	1.897237e+00	1.860748e+00	1.834929e+00	1.831638e+00
1.827158e+00	1.826331e+00	1.826462e+00	1.832619e+00	1.178267e+01	1.120439e+01
1.066268e+01	1.018321e+01	9.747093e+00	8.933890e+00	8.211011e+00	7.561400e+00
6.977737e+00	6.451860e+00	5.976659e+00	5.546168e+00	5.154414e+00	4.794577e+00
4.458156e+00	4.138430e+00	3.832367e+00	3.535337e+00	3.239889e+00	2.932080e+00
2.596235e+00	2.403353e+00	2.188835e+00	2.009426e+00	1.823877e+00	1.782859e+00
1.759338e+00	1.756551e+00	1.750502e+00	1.749187e+00	1.749957e+00	1.760062e+00
1.172120e+01	1.115216e+01	1.062036e+01	1.015200e+01	9.726999e+00	8.931879e+00
8.221428e+00	7.580937e+00	7.003480e+00	6.482505e+00	6.012282e+00	5.586878e+00
5.199889e+00	4.843952e+00	4.509802e+00	4.190312e+00	3.882810e+00	3.583395e+00
3.283876e+00	2.965349e+00	2.603774e+00	2.402768e+00	2.180958e+00	1.976206e+00
1.762152e+00	1.714616e+00	1.693737e+00	1.691759e+00	1.683968e+00	1.682048e+00
1.683714e+00	1.696667e+00	1.165555e+01	1.109462e+01	1.057239e+01	1.011567e+01
9.703038e+00	8.930127e+00	8.236671e+00	7.610010e+00	7.043703e+00	6.531543e+00
6.068196e+00	5.648048e+00	5.265080e+00	4.912295e+00	4.580752e+00	4.263450e+00
3.957463e+00	3.658214e+00	3.356007e+00	3.028671e+00	2.648001e+00	2.429404e+00
2.183532e+00	1.955267e+00	1.711666e+00	1.655449e+00	1.637799e+00	1.637024e+00
1.627325e+00	1.624661e+00	1.627499e+00	1.642221e+00	1.160214e+01	1.104624e+01
1.053111e+01	1.008473e+01	9.683848e+00	8.931142e+00	8.255237e+00	7.643338e+00
7.089171e+00	6.586378e+00	6.129517e+00	5.713615e+00	5.333653e+00	4.983811e+00
4.656640e+00	4.345642e+00	4.046407e+00	3.751585e+00	3.448585e+00	3.112649e+00
2.710512e+00	2.471313e+00	2.193879e+00	1.939767e+00	1.667916e+00	1.610196e+00
1.591354e+00	1.589932e+00	1.578994e+00	1.576141e+00	1.579350e+00	1.596222e+00
1.155169e+01	1.100043e+01	1.049225e+01	1.005648e+01	9.667659e+00	8.936046e+00
8.277880e+00	7.681406e+00	7.140175e+00	6.647509e+00	6.197675e+00	5.786449e+00
5.409970e+00	5.063832e+00	4.742523e+00	4.440248e+00	4.150717e+00	3.862989e+00
3.560999e+00	3.217917e+00	2.794718e+00	2.534783e+00	2.223890e+00	1.933931e+00
1.632697e+00	1.573666e+00	1.552878e+00	1.550521e+00	1.538311e+00	1.535321e+00
1.538788e+00	1.557123e+00	1.148599e+01	1.094414e+01	1.044731e+01	1.002573e+01
9.651590e+00	8.943311e+00	8.304264e+00	7.723706e+00	7.195901e+00	6.714781e+00
6.275097e+00	5.872899e+00	5.504391e+00	5.165166e+00	4.849630e+00	4.551921e+00
4.265799e+00	3.980245e+00	3.678209e+00	3.329737e+00	2.889500e+00	2.612433e+00
2.273728e+00	1.951005e+00	1.609741e+00	1.540926e+00	1.520281e+00	1.518571e+00
1.504797e+00	1.501251e+00	1.505629e+00	1.523128e+00	1.142439e+01	1.089143e+01
1.040551e+01	9.998101e+00	9.638694e+00	8.953534e+00	8.334090e+00	7.770178e+00
7.256705e+00	6.788017e+00	6.359306e+00	5.966794e+00	5.606880e+00	5.275286e+00
4.966445e+00	4.674498e+00	4.393136e+00	4.111058e+00	3.810127e+00	3.457334e+00
3.000695e+00	2.706130e+00	2.338146e+00	1.981826e+00	1.598391e+00	1.517767e+00
1.490608e+00	1.489567e+00	1.477887e+00	1.474708e+00	1.479509e+00	1.494409e+00
1.136370e+01	1.083975e+01	1.036483e+01	9.971538e+00	9.626573e+00	8.964761e+00
8.364966e+00	7.818008e+00	7.319312e+00	6.863646e+00	6.446586e+00	6.064544e+00
5.714060e+00	5.390955e+00	5.089624e+00	4.804190e+00	4.528341e+00	4.250580e+00
3.951839e+00	3.596267e+00	3.125016e+00	2.813445e+00	2.415635e+00	2.023786e+00
1.596063e+00	1.501754e+00	1.466383e+00	1.465541e+00	1.455047e+00	1.452030e+00
1.456949e+00	1.469520e+00	1.130486e+01	1.079027e+01	1.032657e+01	9.947260e+00
9.616661e+00	8.977130e+00	8.396845e+00	7.866840e+00	7.383054e+00	6.940780e+00
6.535937e+00	6.165177e+00	5.825071e+00	5.511449e+00	5.218542e+00	4.940372e+00
4.670690e+00	4.397929e+00	4.102463e+00	3.746530e+00	3.264804e+00	2.938245e+00
2.511217e+00	2.081550e+00	1.600834e+00	1.492827e+00	1.448817e+00	1.447327e+00
1.436070e+00	1.432830e+00	1.437559e+00	1.448537e+00	1.125310e+01	1.074899e+01
1.029698e+01	9.931215e+00	9.614832e+00	8.995175e+00	8.433194e+00	7.918800e+00
7.448794e+00	7.019233e+00	6.626715e+00	6.267974e+00	5.939402e+00	5.636483e+00
5.352820e+00	5.081945e+00	4.817621e+00	4.548295e+00	4.254917e+00	3.901805e+00
3.419565e+00	3.083223e+00	2.627731e+00	2.155218e+00	1.612882e+00	1.494564e+00
1.439611e+00	1.435534e+00	1.419950e+00	1.416054e+00	1.420232e+00	1.430876e+00
1.120558e+01	1.071192e+01	1.027124e+01	9.918144e+00	9.613824e+00	9.016192e+00
8.471284e+00	7.971753e+00	7.515026e+00	7.097927e+00	6.717808e+00	6.371442e+00
6.054992e+00	5.763503e+00	5.489807e+00	5.226808e+00	4.968238e+00	4.702551e+00
4.411646e+00	4.063390e+00	3.585750e+00	3.242830e+00	2.760582e+00	2.243434e+00
1.633960e+00	1.499046e+00	1.432637e+00	1.425852e+00	1.405738e+00	1.401167e+00
1.404700e+00	1.415144e+00	1.116276e+01	1.067848e+01	1.024801e+01	9.906236e+00
9.613891e+00	9.035680e+00	8.507265e+00	8.022329e+00	7.578762e+00	7.173985e+00
6.805894e+00	6.471369e+00	6.166547e+00	5.886298e+00	5.623072e+00	5.369418e+00
5.118982e+00	4.860021e+00	4.574585e+00	4.231782e+00	3.756407e+00	3.407127e+00
2.902914e+00	2.346436e+00	1.664737e+00	1.508096e+00	1.425776e+00	1.416292e+00
1.393885e+00	1.389024e+00	1.392228e+00	1.401245e+00	1.112568e+01	1.064971e+01
1.022831e+01	9.896696e+00	9.615086e+00	9.054592e+00	8.541733e+00	8.070812e+00
7.640014e+00	7.247192e+00	6.890599e+00	6.567282e+00	6.273526e+00	6.004253e+00
5.751888e+00	5.508903e+00	5.268886e+00	5.019801e+00	4.743154e+00	4.406954e+00
3.932378e+00	3.577731e+00	3.058069e+00	2.471121e+00	1.717493e+00	1.531081e+00
1.419736e+00	1.407310e+00	1.384327e+00	1.379464e+00	1.382287e+00	1.389300e+00
1.109874e+01	1.062963e+01	1.021599e+01	9.894946e+00	9.619146e+00	9.075975e+00
8.577416e+00	8.119444e+00	7.700537e+00	7.318843e+00	6.972878e+00	6.659924e+00
6.376475e+00	6.117665e+00	5.876113e+00	5.644447e+00	5.416373e+00	5.179808e+00
4.915517e+00	4.588830e+00	4.115888e+00	3.755822e+00	3.221352e+00	2.606596e+00
1.783595e+00	1.563374e+00	1.416278e+00	1.398282e+00	1.377684e+00	1.373458e+00
1.373554e+00	1.379384e+00	1.107672e+01	1.061356e+01	1.020663e+01	9.894107e+00
9.628023e+00	9.098957e+00	8.613577e+00	8.167757e+00	7.760130e+00	7.389034e+00
7.053176e+00	6.750107e+00	6.476576e+00	6.228021e+00	5.997401e+00	5.777654e+00
5.562745e+00	5.340731e+00	5.091568e+00	4.776845e+00	4.306751e+00	3.941851e+00
3.394223e+00	2.754896e+00	1.865622e+00	1.607951e+00	1.413741e+00	1.389793e+00
1.372378e+00	1.368900e+00	1.365677e+00	1.370697e+00	1.105894e+01	1.060153e+01
1.020149e+01	9.894309e+00	9.637564e+00	9.121545e+00	8.647934e+00	8.212970e+00
7.815510e+00	7.454209e+00	7.128046e+00	6.834787e+00	6.571346e+00	6.333352e+00
6.113919e+00	5.906161e+00	5.704250e+00	5.496364e+00	5.262150e+00	4.961570e+00
4.500895e+00	4.135823e+00	3.579255e+00	2.916110e+00	1.954951e+00	1.658181e+00
1.413874e+00	1.386805e+00	1.367192e+00	1.364122e+00	1.358286e+00	1.363324e+00
1.104439e+01	1.059221e+01	1.019866e+01	9.898643e+00	9.648383e+00	9.143702e+00
8.680148e+00	8.254489e+00	7.865839e+00	7.513324e+00	7.196310e+00	6.912710e+00
6.659478e+00	6.432273e+00	6.224078e+00	6.027984e+00	5.838352e+00	5.643569e+00
5.423711e+00	5.139882e+00	4.697368e+00	4.338468e+00	3.778566e+00	3.092713e+00
2.053905e+00	1.717793e+00	1.422443e+00	1.386199e+00	1.362078e+00	1.359040e+00
1.351193e+00	1.357271e+00	1.103879e+01	1.059030e+01	1.019918e+01	9.904164e+00
9.659013e+00	9.163397e+00	8.708562e+00	8.291511e+00	7.911357e+00	7.567251e+00
7.258587e+00	6.983546e+00	6.739492e+00	6.522628e+00	6.326615e+00	6.144749e+00
5.970454e+00	5.789820e+00	5.581329e+00	5.308175e+00	4.880723e+00	4.535006e+00
3.993000e+00	3.301176e+00	2.163912e+00	1.777568e+00	1.433518e+00	1.388158e+00
1.357609e+00	1.353431e+00	1.347572e+00	1.352074e+00	1.103619e+01	1.059026e+01
1.020295e+01	9.911730e+00	9.670462e+00	9.182365e+00	8.735133e+00	8.325824e+00
7.953474e+00	7.617093e+00	7.315954e+00	7.048554e+00	6.812779e+00	6.605537e+00
6.421469e+00	6.254309e+00	6.096490e+00	5.931352e+00	5.735013e+00	5.471897e+00
5.058641e+00	4.728650e+00	4.214641e+00	3.530220e+00	2.290105e+00	1.843743e+00
1.447223e+00	1.394132e+00	1.354463e+00	1.348473e+00	1.345246e+00	1.347774e+00
1.103323e+01	1.059178e+01	1.020860e+01	9.921451e+00	9.684048e+00	9.203102e+00
8.762515e+00	8.359693e+00	7.993783e+00	7.663981e+00	7.369674e+00	7.109554e+00
6.881700e+00	6.683232e+00	6.509097e+00	6.353416e+00	6.209208e+00	6.060563e+00
5.883831e+00	5.641679e+00	5.248992e+00	4.929640e+00	4.426490e+00	3.742749e+00
2.438859e+00	1.933427e+00	1.462566e+00	1.398564e+00	1.352843e+00	1.345880e+00
1.342098e+00	1.344347e+00	1.102409e+01	1.058869e+01	1.021026e+01	9.927089e+00
9.693500e+00	9.219584e+00	8.784918e+00	8.387485e+00	8.026891e+00	7.702786e+00
7.414952e+00	7.162183e+00	6.942550e+00	6.753157e+00	6.588800e+00	6.443608e+00
6.311098e+00	6.176229e+00	6.016908e+00	5.797904e+00	5.435703e+00	5.133110e+00
4.642604e+00	3.955940e+00	2.593444e+00	2.038833e+00	1.483675e+00	1.403938e+00
1.350130e+00	1.344959e+00	1.336870e+00	1.341105e+00	1.102268e+01	1.058906e+01
1.021339e+01	9.932449e+00	9.700332e+00	9.229971e+00	8.799889e+00	8.407961e+00
8.053490e+00	7.735863e+00	7.454674e+00	7.208749e+00	6.996229e+00	6.814223e+00
6.657493e+00	6.520736e+00	6.399453e+00	6.282155e+00	6.148161e+00	5.955649e+00
5.615775e+00	5.326076e+00	4.855237e+00	4.179400e+00	2.762113e+00	2.153557e+00
1.507617e+00	1.411602e+00	1.349191e+00	1.343310e+00	1.334060e+00	1.338042e+00
1.103232e+01	1.059761e+01	1.022056e+01	9.938184e+00	9.705427e+00	9.236197e+00
8.809468e+00	8.422693e+00	8.074593e+00	7.763748e+00	7.488929e+00	7.248878e+00
7.041954e+00	6.865431e+00	6.714340e+00	6.584456e+00	6.474219e+00	6.377812e+00
6.276309e+00	6.112627e+00	5.784764e+00	5.503169e+00	5.059462e+00	4.412929e+00
2.948735e+00	2.277158e+00	1.535077e+00	1.424370e+00	1.349160e+00	1.340416e+00
1.333101e+00	1.335359e+00	1.102823e+01	1.059686e+01	1.022431e+01	9.944735e+00
9.713972e+00	9.248883e+00	8.826388e+00	8.443878e+00	8.099824e+00	7.792717e+00
7.521402e+00	7.285000e+00	7.082433e+00	6.911709e+00	6.768941e+00	6.650528e+00
6.554184e+00	6.472074e+00	6.384468e+00	6.241252e+00	5.946282e+00	5.684814e+00
5.265017e+00	4.639515e+00	3.149220e+00	2.414218e+00	1.570579e+00	1.442678e+00
1.350294e+00	1.340712e+00	1.329966e+00	1.333834e+00	1.101959e+01	1.059519e+01
1.022730e+01	9.951417e+00	9.723682e+00	9.264060e+00	8.845606e+00	8.466259e+00
8.124819e+00	7.820117e+00	7.551321e+00	7.317911e+00	7.119316e+00	6.954324e+00
6.820280e+00	6.714163e+00	6.632003e+00	6.561821e+00	6.483343e+00	6.358758e+00
6.102947e+00	5.866381e+00	5.470172e+00	4.864789e+00	3.362670e+00	2.564450e+00
1.612315e+00	1.465205e+00	1.352865e+00	1.341369e+00	1.326480e+00	1.332610e+00
1.101096e+01	1.059321e+01	1.023025e+01	9.957226e+00	9.731219e+00	9.275190e+00
8.859544e+00	8.482571e+00	8.143342e+00	7.841062e+00	7.575240e+00	7.345498e+00
7.151381e+00	6.991892e+00	6.864711e+00	6.767092e+00	6.695306e+00	6.637536e+00
6.574434e+00	6.471948e+00	6.251385e+00	6.038105e+00	5.665624e+00	5.083505e+00
3.584116e+00	2.731703e+00	1.658975e+00	1.488714e+00	1.356085e+00	1.342103e+00
1.326317e+00	1.331303e+00	1.100057e+01	1.059022e+01	1.023285e+01	9.962189e+00
9.737043e+00	9.283438e+00	8.869754e+00	8.494540e+00	8.157106e+00	7.857023e+00
7.594151e+00	7.368187e+00	7.178584e+00	7.024201e+00	6.902451e+00	6.810707e+00
6.746550e+00	6.700560e+00	6.655673e+00	6.577101e+00	6.389138e+00	6.198028e+00
5.848908e+00	5.292043e+00	3.812167e+00	2.918432e+00	1.713693e+00	1.515216e+00
1.361009e+00	1.343186e+00	1.327622e+00	1.329996e+00	1.098579e+01	1.058502e+01
1.023400e+01	9.965677e+00	9.740463e+00	9.288622e+00	8.876565e+00	8.503156e+00
8.167754e+00	7.869999e+00	7.609829e+00	7.387007e+00	7.201123e+00	7.051084e+00
6.934313e+00	6.848326e+00	6.791306e+00	6.754808e+00	6.723796e+00	6.667725e+00
6.515118e+00	6.346006e+00	6.020235e+00	5.488954e+00	4.042651e+00	3.114844e+00
1.777443e+00	1.549685e+00	1.366941e+00	1.346105e+00	1.326708e+00	1.328736e+00
1.096700e+01	1.057754e+01	1.023473e+01	9.968516e+00	9.742977e+00	9.292560e+00
8.881890e+00	8.510154e+00	8.176728e+00	7.881233e+00	7.623576e+00	7.403561e+00
7.220969e+00	7.074812e+00	6.962608e+00	6.882044e+00	6.831665e+00	6.803511e+00
6.784488e+00	6.749933e+00	6.633139e+00	6.485854e+00	6.184206e+00	5.680120e+00
4.277952e+00	3.321693e+00	1.850754e+00	1.592494e+00	1.374050e+00	1.350586e+00
1.324346e+00	1.327553e+00	1.094869e+01	1.057093e+01	1.023614e+01	9.972280e+00
9.746256e+00	9.297369e+00	8.888162e+00	8.517887e+00	8.186056e+00	7.892456e+00
7.637095e+00	7.419723e+00	7.239958e+00	7.096811e+00	6.988137e+00	6.912091e+00
6.867848e+00	6.848407e+00	6.842013e+00	6.825915e+00	6.736055e+00	6.609241e+00
6.342231e+00	5.881011e+00	4.514038e+00	3.520636e+00	1.937042e+00	1.645823e+00
1.382098e+00	1.351467e+00	1.323912e+00	1.326945e+00	1.093132e+01	1.056566e+01
1.023940e+01	9.977988e+00	9.751100e+00	9.303951e+00	8.896390e+00	8.527199e+00
8.196358e+00	7.904149e+00	7.650817e+00	7.435903e+00	7.258409e+00	7.117251e+00
7.010950e+00	6.938436e+00	6.899769e+00	6.889467e+00	6.896532e+00	6.895183e+00
6.821920e+00	6.713423e+00	6.492721e+00	6.096389e+00	4.746658e+00	3.702720e+00
2.045163e+00	1.719750e+00	1.391660e+00	1.347364e+00	1.327284e+00	1.326725e+00
1.090874e+01	1.055566e+01	1.023767e+01	9.977812e+00	9.750481e+00	9.304265e+00
8.897536e+00	8.529606e+00	8.200217e+00	7.909554e+00	7.658066e+00	7.445232e+00
7.269931e+00	7.131078e+00	7.027384e+00	6.958145e+00	6.924019e+00	6.920581e+00
6.938107e+00	6.951620e+00	6.900713e+00	6.811125e+00	6.624583e+00	6.275984e+00
4.979238e+00	3.911357e+00	2.156688e+00	1.792461e+00	1.404222e+00	1.348355e+00
1.330144e+00	1.325973e+00	1.088533e+01	1.054394e+01	1.023407e+01	9.976264e+00
9.748408e+00	9.303324e+00	8.897578e+00	8.530783e+00	8.202641e+00	7.913314e+00
7.663335e+00	7.452141e+00	7.278684e+00	7.141953e+00	7.040774e+00	6.974607e+00
6.944305e+00	6.945740e+00	6.970567e+00	6.998721e+00	6.975720e+00	6.905153e+00
6.740017e+00	6.421394e+00	5.210120e+00	4.149353e+00	2.274061e+00	1.865931e+00
1.421342e+00	1.355680e+00	1.331375e+00	1.324975e+00	1.087049e+01	1.053890e+01
1.023590e+01	9.980038e+00	9.751451e+00	9.307130e+00	8.902044e+00	8.536012e+00
8.208805e+00	7.920602e+00	7.671759e+00	7.461722e+00	7.289567e+00	7.154389e+00
7.055406e+00	6.992289e+00	6.965551e+00	6.970315e+00	6.999508e+00	7.041660e+00
7.049832e+00	6.997596e+00	6.845489e+00	6.545358e+00	5.435740e+00	4.402331e+00
2.406849e+00	1.949419e+00	1.443827e+00	1.366799e+00	1.331270e+00	1.324753e+00
1.085894e+01	1.053558e+01	1.023834e+01	9.984111e+00	9.754971e+00	9.311122e+00
8.906543e+00	8.541197e+00	8.214821e+00	7.927579e+00	7.679730e+00	7.470742e+00
7.299665e+00	7.165764e+00	7.068514e+00	7.007828e+00	6.984268e+00	6.993001e+00
7.027663e+00	7.079893e+00	7.108686e+00	7.073743e+00	6.946314e+00	6.679419e+00
5.649060e+00	4.638658e+00	2.560762e+00	2.049817e+00	1.468048e+00	1.376529e+00
1.335617e+00	1.324676e+00	1.084706e+01	1.053122e+01	1.023891e+01	9.985687e+00
9.756061e+00	9.312892e+00	8.908934e+00	8.544313e+00	8.218750e+00	7.932278e+00
7.685101e+00	7.476863e+00	7.306896e+00	7.174593e+00	7.079202e+00	7.020586e+00
6.999539e+00	7.011752e+00	7.051462e+00	7.111016e+00	7.157528e+00	7.142024e+00
7.042343e+00	6.801317e+00	5.834091e+00	4.885997e+00	2.733636e+00	2.157673e+00
1.494793e+00	1.390459e+00	1.336665e+00	1.324403e+00	1.083488e+01	1.052562e+01
1.023785e+01	9.985947e+00	9.756001e+00	9.313362e+00	8.909895e+00	8.545880e+00
8.221008e+00	7.935118e+00	7.688360e+00	7.480614e+00	7.311661e+00	7.181040e+00
7.087512e+00	7.030608e+00	7.011427e+00	7.026420e+00	7.070390e+00	7.135191e+00
7.197073e+00	7.201761e+00	7.130363e+00	6.905785e+00	5.988511e+00	5.143595e+00
2.927231e+00	2.272888e+00	1.525687e+00	1.412809e+00	1.332285e+00	1.323619e+00
1.082818e+01	1.052458e+01	1.024019e+01	9.989178e+00	9.758612e+00	9.316492e+00
8.913531e+00	8.550163e+00	8.225940e+00	7.940573e+00	7.694213e+00	7.486869e+00
7.318558e+00	7.188922e+00	7.096602e+00	7.041117e+00	7.023736e+00	7.041298e+00
7.089134e+00	7.160043e+00	7.233869e+00	7.250857e+00	7.203777e+00	7.011737e+00
6.157876e+00	5.365586e+00	3.131704e+00	2.411621e+00	1.563705e+00	1.431915e+00
1.335387e+00	1.323747e+00	1.082260e+01	1.052387e+01	1.024375e+01	9.993644e+00
9.762575e+00	9.320515e+00	8.917741e+00	8.554750e+00	8.230991e+00	7.946108e+00
7.700167e+00	7.493211e+00	7.325354e+00	7.196371e+00	7.104972e+00	7.050745e+00
7.035060e+00	7.054997e+00	7.106395e+00	7.183420e+00	7.267495e+00	7.293989e+00
7.269126e+00	7.113947e+00	6.329650e+00	5.574984e+00	3.348433e+00	2.567928e+00
1.607479e+00	1.451299e+00	1.341835e+00	1.323941e+00	1.081481e+01	1.052129e+01
1.024369e+01	9.993994e+00	9.762729e+00	9.320809e+00	8.918203e+00	8.555406e+00
8.232009e+00	7.947681e+00	7.702287e+00	7.495898e+00	7.328657e+00	7.200408e+00
7.109914e+00	7.056824e+00	7.042644e+00	7.064635e+00	7.119122e+00	7.201429e+00
7.294638e+00	7.329662e+00	7.324236e+00	7.201516e+00	6.487044e+00	5.778925e+00
3.574616e+00	2.734792e+00	1.656788e+00	1.474980e+00	1.347956e+00	1.323909e+00
1.080538e+01	1.051583e+01	1.024149e+01	9.992673e+00	9.761001e+00	9.319578e+00
8.917475e+00	8.555164e+00	8.232139e+00	7.948131e+00	7.703103e+00	7.497141e+00
7.330401e+00	7.202756e+00	7.113000e+00	7.060831e+00	7.047885e+00	7.071564e+00
7.128617e+00	7.215377e+00	7.316397e+00	7.358654e+00	7.369695e+00	7.275538e+00
6.630060e+00	5.972305e+00	3.808870e+00	2.914855e+00	1.714608e+00	1.504558e+00
1.354766e+00	1.323678e+00	1.079989e+01	1.051398e+01	1.024184e+01	9.993269e+00
9.761468e+00	9.320179e+00	8.918195e+00	8.555963e+00	8.233162e+00	7.949503e+00
7.704837e+00	7.499302e+00	7.333080e+00	7.206057e+00	7.116982e+00	7.065539e+00
7.053547e+00	7.078666e+00	7.138106e+00	7.228937e+00	7.336106e+00	7.383944e+00
7.409090e+00	7.343276e+00	6.762923e+00	6.150773e+00	4.050242e+00	3.108398e+00
1.781225e+00	1.539674e+00	1.363111e+00	1.323620e+00	1.079579e+01	1.051290e+01
1.024301e+01	9.995004e+00	9.762881e+00	9.321895e+00	8.920187e+00	8.558128e+00
8.235389e+00	7.951756e+00	7.707273e+00	7.502056e+00	7.336265e+00	7.209761e+00
7.121255e+00	7.070406e+00	7.059206e+00	7.085577e+00	7.147155e+00	7.241667e+00
7.354235e+00	7.406876e+00	7.444397e+00	7.405020e+00	6.888737e+00	6.321956e+00
4.298985e+00	3.314355e+00	1.856925e+00	1.581069e+00	1.372934e+00	1.323590e+00
1.079191e+01	1.051169e+01	1.024351e+01	9.995970e+00	9.763531e+00	9.322801e+00
8.921391e+00	8.559532e+00	8.236946e+00	7.953481e+00	7.709302e+00	7.504426e+00
7.338849e+00	7.212383e+00	7.124178e+00	7.074356e+00	7.064403e+00	7.091878e+00
7.153860e+00	7.250314e+00	7.371001e+00	7.431260e+00	7.474688e+00	7.440297e+00
7.004202e+00	6.516741e+00	4.536003e+00	3.511254e+00	1.942661e+00	1.633435e+00
1.384114e+00	1.323579e+00	1.078792e+01	1.051017e+01	1.024358e+01	9.996265e+00
9.763654e+00	9.323081e+00	8.921952e+00	8.560212e+00	8.237782e+00	7.954571e+00
7.710784e+00	7.506258e+00	7.340674e+00	7.213893e+00	7.125836e+00	7.077644e+00
7.069446e+00	7.097945e+00	7.158044e+00	7.255018e+00	7.386171e+00	7.459123e+00
7.500028e+00	7.455641e+00	7.106807e+00	6.756809e+00	4.751084e+00	3.688103e+00
2.043431e+00	1.707784e+00	1.397583e+00	1.323576e+00	1.079478e+01	1.051572e+01
1.024789e+01	9.999302e+00	9.765228e+00	9.323511e+00	8.922107e+00	8.560890e+00
8.239232e+00	7.956850e+00	7.713795e+00	7.509864e+00	7.344703e+00	7.217930e+00
7.128915e+00	7.077834e+00	7.068249e+00	7.098868e+00	7.170484e+00	7.273916e+00
7.401617e+00	7.467961e+00	7.519060e+00	7.497656e+00	7.207779e+00	6.854734e+00
4.997320e+00	3.926142e+00	2.156839e+00	1.770410e+00	1.412087e+00	1.323772e+00
1.080614e+01	1.052448e+01	1.025400e+01	1.000286e+01	9.766848e+00	9.323241e+00
8.921610e+00	8.560755e+00	8.239842e+00	7.958289e+00	7.715827e+00	7.512355e+00
7.347757e+00	7.221351e+00	7.130992e+00	7.076501e+00	7.063578e+00	7.098735e+00
7.182561e+00	7.295460e+00	7.412205e+00	7.471675e+00	7.533324e+00	7.554848e+00
7.297779e+00	6.913779e+00	5.253862e+00	4.201994e+00	2.284578e+00	1.832415e+00
1.428158e+00	1.324003e+00	1.079576e+01	1.051657e+01	1.024796e+01	9.997327e+00
9.761344e+00	9.318137e+00	8.916864e+00	8.556321e+00	8.235673e+00	7.954394e+00
7.712161e+00	7.508933e+00	7.344577e+00	7.218454e+00	7.128420e+00	7.074532e+00
7.062273e+00	7.097580e+00	7.181986e+00	7.295948e+00	7.415499e+00	7.478559e+00
7.545761e+00	7.577338e+00	7.365358e+00	7.032733e+00	5.470205e+00	4.426900e+00
2.426610e+00	1.925359e+00	1.447134e+00	1.323222e+00	1.078595e+01	1.051243e+01
1.024821e+01	1.000068e+01	9.766480e+00	9.325282e+00	8.924217e+00	8.563120e+00
8.241498e+00	7.959097e+00	7.715964e+00	7.512139e+00	7.347673e+00	7.222277e+00
7.134609e+00	7.084675e+00	7.075601e+00	7.107959e+00	7.181179e+00	7.289386e+00
7.422029e+00	7.495037e+00	7.567410e+00	7.603664e+00	7.433189e+00	7.138301e+00
5.682140e+00	4.659000e+00	2.585019e+00	2.033989e+00	1.470840e+00	1.323733e+00
1.077775e+01	1.050815e+01	1.024781e+01	1.000172e+01	9.768317e+00	9.328038e+00
8.927074e+00	8.565743e+00	8.243704e+00	7.960829e+00	7.717328e+00	7.513276e+00
7.348789e+00	7.223736e+00	7.137148e+00	7.089019e+00	7.081417e+00	7.112496e+00
7.180529e+00	7.286528e+00	7.426355e+00	7.504541e+00	7.582330e+00	7.625516e+00
7.489361e+00	7.228295e+00	5.879725e+00	4.887973e+00	2.756756e+00	2.155103e+00
1.497166e+00	1.323896e+00	1.077156e+01	1.050310e+01	1.024293e+01	9.997254e+00
9.763855e+00	9.323754e+00	8.922858e+00	8.561656e+00	8.239809e+00	7.957217e+00
7.714069e+00	7.510396e+00	7.346188e+00	7.221295e+00	7.134867e+00	7.087033e+00
7.079824e+00	7.111350e+00	7.180111e+00	7.287316e+00	7.428267e+00	7.507357e+00
7.589546e+00	7.641769e+00	7.532284e+00	7.300944e+00	6.058411e+00	5.109187e+00
2.942127e+00	2.289364e+00	1.526046e+00	1.323263e+00	