5.184203e-02	5.380580e-02	5.581912e-02	5.791192e-02	6.007922e-02	6.460847e-02
6.942438e-02	7.451981e-02	7.991372e-02	8.557544e-02	9.152020e-02	9.771505e-02
1.041561e-01	1.108528e-01	1.178458e-01	1.251658e-01	1.327716e-01	1.405988e-01
1.486262e-01	1.570661e-01	1.656569e-01	1.691153e-01	1.704527e-01	1.697094e-01
1.714239e-01	1.728386e-01	1.717206e-01	1.716756e-01	1.721805e-01	1.719868e-01
1.723092e-01	1.853147e-01	6.059117e-02	6.283147e-02	6.512628e-02	6.750914e-02
6.997460e-02	7.512142e-02	8.058540e-02	8.635826e-02	9.245973e-02	9.885578e-02
1.055620e-01	1.125417e-01	1.197896e-01	1.273150e-01	1.351620e-01	1.433622e-01
1.518671e-01	1.606008e-01	1.695330e-01	1.788870e-01	1.883708e-01	1.921991e-01
1.937539e-01	1.930588e-01	1.950312e-01	1.965958e-01	1.954467e-01	1.954000e-01
1.959396e-01	1.957358e-01	1.960773e-01	2.097911e-01	7.081686e-02	7.337116e-02
7.598531e-02	7.869682e-02	8.149980e-02	8.734501e-02	9.354071e-02	1.000774e-01
1.069754e-01	1.141971e-01	1.217582e-01	1.296181e-01	1.377696e-01	1.462219e-01
1.550225e-01	1.642040e-01	1.737090e-01	1.834484e-01	1.933808e-01	2.037395e-01
2.141991e-01	2.184338e-01	2.202403e-01	2.196208e-01	2.218895e-01	2.236186e-01
2.224509e-01	2.224030e-01	2.229772e-01	2.227643e-01	2.231239e-01	2.375004e-01
8.276830e-02	8.567883e-02	8.865496e-02	9.173854e-02	9.492326e-02	1.015576e-01
1.085788e-01	1.159760e-01	1.237700e-01	1.319192e-01	1.404394e-01	1.492856e-01
1.584483e-01	1.679366e-01	1.778013e-01	1.880758e-01	1.986922e-01	2.095464e-01
2.205832e-01	2.320446e-01	2.435687e-01	2.482495e-01	2.503475e-01	2.498374e-01
2.524465e-01	2.543558e-01	2.531862e-01	2.531376e-01	2.537457e-01	2.535250e-01
2.539014e-01	2.688695e-01	9.673672e-02	1.000510e-01	1.034371e-01	1.069415e-01
1.105576e-01	1.180828e-01	1.260345e-01	1.344003e-01	1.432012e-01	1.523915e-01
1.619868e-01	1.719373e-01	1.822308e-01	1.928760e-01	2.039271e-01	2.154180e-01
2.272685e-01	2.393572e-01	2.516121e-01	2.642822e-01	2.769654e-01	2.821350e-01
2.845703e-01	2.842112e-01	2.872116e-01	2.893179e-01	2.881680e-01	2.881196e-01
2.887599e-01	2.885333e-01	2.889242e-01	3.043819e-01	1.130625e-01	1.168341e-01
1.206840e-01	1.246640e-01	1.287671e-01	1.372970e-01	1.462964e-01	1.557515e-01
1.656830e-01	1.760410e-01	1.868403e-01	1.980260e-01	2.095830e-01	2.215191e-01
2.338919e-01	2.467351e-01	2.599548e-01	2.734090e-01	2.870057e-01	3.009985e-01
3.149412e-01	3.206457e-01	3.234715e-01	3.233144e-01	3.267643e-01	3.290856e-01
3.279832e-01	3.279358e-01	3.286057e-01	3.283758e-01	3.287781e-01	3.445848e-01
1.321436e-01	1.364325e-01	1.408066e-01	1.453234e-01	1.499757e-01	1.596376e-01
1.698157e-01	1.804947e-01	1.916943e-01	2.033605e-01	2.155069e-01	2.280732e-01
2.410406e-01	2.544157e-01	2.682596e-01	2.826051e-01	2.973420e-01	3.123050e-01
3.273781e-01	3.428156e-01	3.581240e-01	3.644131e-01	3.676905e-01	3.677977e-01
3.717639e-01	3.743196e-01	3.732996e-01	3.732544e-01	3.739498e-01	3.737200e-01
3.741293e-01	3.900977e-01	1.544448e-01	1.593184e-01	1.642844e-01	1.694066e-01
1.746775e-01	1.856135e-01	1.971162e-01	2.091686e-01	2.217892e-01	2.349198e-01
2.485718e-01	2.626797e-01	2.772200e-01	2.921977e-01	3.076774e-01	3.236898e-01
3.401064e-01	3.567346e-01	3.734296e-01	3.904424e-01	4.072278e-01	4.141546e-01
4.179543e-01	4.184011e-01	4.229606e-01	4.257711e-01	4.248771e-01	4.248356e-01
4.255509e-01	4.253256e-01	4.257362e-01	4.416220e-01	1.805098e-01	1.860433e-01
1.916769e-01	1.974808e-01	2.034479e-01	2.158161e-01	2.288055e-01	2.423978e-01
2.566089e-01	2.713767e-01	2.867098e-01	3.025371e-01	3.188297e-01	3.355905e-01
3.528870e-01	3.707474e-01	3.890213e-01	4.074848e-01	4.259590e-01	4.446859e-01
4.630644e-01	4.706856e-01	4.750892e-01	4.759668e-01	4.812076e-01	4.842948e-01
4.835810e-01	4.835451e-01	4.842725e-01	4.840573e-01	4.844617e-01	4.999516e-01
2.109736e-01	2.172512e-01	2.236367e-01	2.302075e-01	2.369569e-01	2.509332e-01
2.655895e-01	2.809058e-01	2.968951e-01	3.134913e-01	3.306993e-01	3.484422e-01
3.666849e-01	3.854273e-01	4.047398e-01	4.246461e-01	4.449711e-01	4.654549e-01
4.858776e-01	5.064653e-01	5.265570e-01	5.349331e-01	5.400346e-01	5.414527e-01
5.474760e-01	5.508628e-01	5.503958e-01	5.503678e-01	5.510969e-01	5.508990e-01
5.512878e-01	5.659854e-01	2.465786e-01	2.536941e-01	2.609255e-01	2.683578e-01
2.759849e-01	2.917645e-01	3.082870e-01	3.255314e-01	3.435060e-01	3.621416e-01
3.814380e-01	4.013127e-01	4.217229e-01	4.426652e-01	4.642117e-01	4.863806e-01
5.089679e-01	5.316721e-01	5.542248e-01	5.768276e-01	5.987553e-01	6.079502e-01
6.138580e-01	6.159484e-01	6.228705e-01	6.265809e-01	6.264421e-01	6.264250e-01
6.271425e-01	6.269706e-01	6.273317e-01	6.407410e-01	2.881926e-01	2.962501e-01
3.044317e-01	3.128303e-01	3.214412e-01	3.392398e-01	3.578487e-01	3.772463e-01
3.974346e-01	4.183419e-01	4.399614e-01	4.622054e-01	4.850220e-01	5.084031e-01
5.324223e-01	5.570899e-01	5.821687e-01	6.073096e-01	6.321862e-01	6.569653e-01
6.808530e-01	6.909339e-01	6.977733e-01	7.006937e-01	7.086477e-01	7.127066e-01
7.129955e-01	7.129928e-01	7.136815e-01	7.135467e-01	7.138651e-01	7.253703e-01
3.368295e-01	3.459447e-01	3.551921e-01	3.646728e-01	3.743843e-01	3.944402e-01
4.153783e-01	4.371768e-01	4.598296e-01	4.832638e-01	5.074641e-01	5.323377e-01
5.578221e-01	5.839035e-01	6.106557e-01	6.380789e-01	6.658975e-01	6.937074e-01
7.211143e-01	7.482363e-01	7.742075e-01	7.852447e-01	7.931599e-01	7.970986e-01
8.062375e-01	8.106706e-01	8.115077e-01	8.115236e-01	8.121620e-01	8.120778e-01
8.123347e-01	8.211775e-01	3.936746e-01	4.039753e-01	4.144161e-01	4.251068e-01
4.360474e-01	4.586226e-01	4.821566e-01	5.066280e-01	5.320203e-01	5.582609e-01
5.853236e-01	6.131113e-01	6.415492e-01	6.706160e-01	7.003846e-01	7.308419e-01
7.616683e-01	7.923965e-01	8.225516e-01	8.521874e-01	8.803621e-01	8.924287e-01
9.015859e-01	9.067674e-01	9.172667e-01	9.221001e-01	9.236310e-01	9.236708e-01
9.242318e-01	9.242146e-01	9.243872e-01	9.296389e-01	4.601133e-01	4.717402e-01
4.835150e-01	4.955559e-01	5.078668e-01	5.332486e-01	5.596705e-01	5.871125e-01
6.155446e-01	6.448967e-01	6.751289e-01	7.061411e-01	7.378434e-01	7.702058e-01
8.032982e-01	8.370906e-01	8.712131e-01	9.051255e-01	9.382579e-01	9.705803e-01
1.001072e+00	1.014243e+00	1.024834e+00	1.031525e+00	1.043586e+00	1.048846e+00
1.051246e+00	1.051316e+00	1.051766e+00	1.051836e+00	1.051896e+00	1.052426e+00
5.380623e-01	5.511572e-01	5.644073e-01	5.779399e-01	5.917642e-01	6.202486e-01
6.498649e-01	6.805990e-01	7.124028e-01	7.452166e-01	7.789839e-01	8.136050e-01
8.489728e-01	8.850465e-01	9.218870e-01	9.594378e-01	9.972676e-01	1.034746e+00
1.071175e+00	1.106385e+00	1.139243e+00	1.153559e+00	1.165841e+00	1.174465e+00
1.188410e+00	1.194152e+00	1.197778e+00	1.197888e+00	1.198156e+00	1.198355e+00
1.198216e+00	1.191775e+00	6.289627e-01	6.437010e-01	6.586012e-01	6.737986e-01
6.893094e-01	7.212466e-01	7.544092e-01	7.887887e-01	8.243153e-01	8.609405e-01
8.985867e-01	9.371555e-01	9.765192e-01	1.016623e+00	1.057519e+00	1.099121e+00
1.140930e+00	1.182215e+00	1.222143e+00	1.260390e+00	1.295729e+00	1.311286e+00
1.325493e+00	1.336367e+00	1.352411e+00	1.358643e+00	1.363666e+00	1.363824e+00
1.363876e+00	1.364224e+00	1.363873e+00	1.349290e+00	7.335146e-01	7.501686e-01
7.669885e-01	7.841134e-01	8.015680e-01	8.374553e-01	8.746290e-01	9.130706e-01
9.526915e-01	9.934272e-01	1.035172e+00	1.077822e+00	1.121223e+00	1.165304e+00
1.210129e+00	1.255607e+00	1.301182e+00	1.346052e+00	1.389303e+00	1.430611e+00
1.468821e+00	1.485897e+00	1.502113e+00	1.515070e+00	1.533016e+00	1.539599e+00
1.545454e+00	1.545655e+00	1.545606e+00	1.546036e+00	1.545763e+00	1.526141e+00
8.531343e-01	8.720289e-01	8.910890e-01	9.104512e-01	9.301499e-01	9.705585e-01
1.012262e+00	1.055208e+00	1.099295e+00	1.144404e+00	1.190394e+00	1.237142e+00
1.284465e+00	1.332277e+00	1.380684e+00	1.429634e+00	1.478528e+00	1.526535e+00
1.572749e+00	1.617066e+00	1.658647e+00	1.677606e+00	1.695876e+00	1.710579e+00
1.730051e+00	1.736787e+00	1.742696e+00	1.742936e+00	1.742940e+00	1.743359e+00
1.743490e+00	1.723488e+00	9.889248e-01	1.010263e+00	1.031765e+00	1.053566e+00
1.075709e+00	1.121045e+00	1.167679e+00	1.215514e+00	1.264395e+00	1.314118e+00
1.364449e+00	1.415209e+00	1.466182e+00	1.517279e+00	1.568694e+00	1.620458e+00
1.671941e+00	1.722294e+00	1.770752e+00	1.817846e+00	1.863517e+00	1.884952e+00
1.905429e+00	1.921436e+00	1.941850e+00	1.948551e+00	1.954206e+00	1.954494e+00
1.954595e+00	1.954952e+00	1.955146e+00	1.938495e+00	1.143350e+00	1.167418e+00
1.191638e+00	1.216146e+00	1.240989e+00	1.291738e+00	1.343742e+00	1.396839e+00
1.450798e+00	1.505306e+00	1.560003e+00	1.614633e+00	1.668941e+00	1.722854e+00
1.776691e+00	1.830606e+00	1.883960e+00	1.935913e+00	1.985967e+00	2.035613e+00
2.085944e+00	2.110343e+00	2.133173e+00	2.150144e+00	2.170952e+00	2.177401e+00
2.182452e+00	2.182800e+00	2.183051e+00	2.183288e+00	2.183336e+00	2.173798e+00
1.316441e+00	1.343994e+00	1.371621e+00	1.399402e+00	1.427389e+00	1.484111e+00
1.541591e+00	1.599615e+00	1.657953e+00	1.716364e+00	1.774621e+00	1.832478e+00
1.889657e+00	1.946060e+00	2.002017e+00	2.057717e+00	2.112567e+00	2.165918e+00
2.217577e+00	2.269405e+00	2.323004e+00	2.349532e+00	2.374650e+00	2.393242e+00
2.413979e+00	2.419688e+00	2.424198e+00	2.424690e+00	2.425058e+00	2.425110e+00
2.425151e+00	2.423942e+00	1.507975e+00	1.540128e+00	1.572167e+00	1.604023e+00
1.635753e+00	1.699061e+00	1.761865e+00	1.823935e+00	1.885212e+00	1.945864e+00
2.006250e+00	2.066278e+00	2.125647e+00	2.184153e+00	2.241922e+00	2.299017e+00
2.354988e+00	2.409676e+00	2.463222e+00	2.516751e+00	2.571170e+00	2.598305e+00
2.625516e+00	2.646833e+00	2.666889e+00	2.671154e+00	2.675332e+00	2.676094e+00
2.676513e+00	2.676292e+00	2.676556e+00	2.684658e+00	1.718117e+00	1.756065e+00
1.793603e+00	1.830412e+00	1.866558e+00	1.937220e+00	2.005248e+00	2.070508e+00
2.133276e+00	2.194475e+00	2.255521e+00	2.316559e+00	2.377299e+00	2.437357e+00
2.496513e+00	2.554489e+00	2.610843e+00	2.665632e+00	2.719251e+00	2.773078e+00
2.828479e+00	2.856698e+00	2.885776e+00	2.908862e+00	2.928041e+00	2.931094e+00
2.934771e+00	2.935735e+00	2.936219e+00	2.935722e+00	2.936479e+00	2.953843e+00
1.952024e+00	1.994285e+00	2.035925e+00	2.076489e+00	2.116083e+00	2.192857e+00
2.265793e+00	2.334753e+00	2.400027e+00	2.462690e+00	2.524451e+00	2.585489e+00
2.645612e+00	2.704513e+00	2.762294e+00	2.818967e+00	2.874152e+00	2.927861e+00
2.980547e+00	3.034240e+00	3.091144e+00	3.120803e+00	3.151323e+00	3.175132e+00
3.193144e+00	3.194975e+00	3.198285e+00	3.199457e+00	3.199962e+00	3.199249e+00
3.200263e+00	3.226307e+00	2.217522e+00	2.258294e+00	2.298749e+00	2.338711e+00
2.378334e+00	2.456991e+00	2.534156e+00	2.609167e+00	2.681360e+00	2.750052e+00
2.814698e+00	2.874949e+00	2.930909e+00	2.983176e+00	3.033987e+00	3.085322e+00
3.137086e+00	3.189039e+00	3.241285e+00	3.295716e+00	3.354395e+00	3.385176e+00
3.416338e+00	3.440068e+00	3.456764e+00	3.457066e+00	3.460564e+00	3.462038e+00
3.462458e+00	3.461710e+00	3.461904e+00	3.494600e+00	2.478373e+00	2.529962e+00
2.580315e+00	2.628519e+00	2.674741e+00	2.762110e+00	2.841807e+00	2.913673e+00
2.978409e+00	3.037934e+00	3.095228e+00	3.150956e+00	3.205216e+00	3.258090e+00
3.310411e+00	3.362640e+00	3.413824e+00	3.462193e+00	3.507354e+00	3.555481e+00
3.613896e+00	3.646301e+00	3.676965e+00	3.698183e+00	3.715820e+00	3.717279e+00
3.719845e+00	3.720958e+00	3.721637e+00	3.721162e+00	3.721116e+00	3.753109e+00
2.761460e+00	2.822796e+00	2.882008e+00	2.937446e+00	2.989290e+00	3.083526e+00
3.164087e+00	3.231410e+00	3.287595e+00	3.337051e+00	3.385891e+00	3.435580e+00
3.486164e+00	3.537270e+00	3.588560e+00	3.639306e+00	3.688084e+00	3.732340e+00
3.771463e+00	3.813818e+00	3.869426e+00	3.901270e+00	3.930376e+00	3.949761e+00
3.969037e+00	3.971474e+00	3.973521e+00	3.974342e+00	3.975150e+00	3.974875e+00
3.974938e+00	4.000720e+00	3.071984e+00	3.136900e+00	3.199266e+00	3.257082e+00
3.310579e+00	3.406263e+00	3.485688e+00	3.549485e+00	3.600181e+00	3.642949e+00
3.684756e+00	3.727294e+00	3.770731e+00	3.814808e+00	3.859316e+00	3.903753e+00
3.947040e+00	3.987128e+00	4.023526e+00	4.062743e+00	4.112580e+00	4.140799e+00
4.167237e+00	4.186296e+00	4.207525e+00	4.210074e+00	4.212434e+00	4.213214e+00
4.213894e+00	4.213654e+00	4.214104e+00	4.228263e+00	3.397650e+00	3.465280e+00
3.529867e+00	3.589025e+00	3.643058e+00	3.737807e+00	3.813567e+00	3.871280e+00
3.913970e+00	3.947637e+00	3.980230e+00	4.013685e+00	4.048288e+00	4.083909e+00
4.120382e+00	4.157408e+00	4.194268e+00	4.229446e+00	4.262465e+00	4.297606e+00
4.339988e+00	4.363532e+00	4.386450e+00	4.404866e+00	4.428283e+00	4.431290e+00
4.434084e+00	4.434761e+00	4.435298e+00	4.435195e+00	4.435742e+00	4.434672e+00
3.743759e+00	3.812818e+00	3.878339e+00	3.937545e+00	3.990830e+00	4.082165e+00
4.151936e+00	4.201439e+00	4.234196e+00	4.256973e+00	4.278628e+00	4.301321e+00
4.325467e+00	4.351105e+00	4.378154e+00	4.406572e+00	4.436020e+00	4.465550e+00
4.494631e+00	4.525018e+00	4.558812e+00	4.577016e+00	4.595904e+00	4.613450e+00
4.638855e+00	4.642379e+00	4.645654e+00	4.646211e+00	4.646585e+00	4.646651e+00
4.647160e+00	4.629705e+00	4.105916e+00	4.174575e+00	4.239206e+00	4.296671e+00
4.347466e+00	4.432133e+00	4.493040e+00	4.531841e+00	4.552572e+00	4.562652e+00
4.571656e+00	4.581994e+00	4.594189e+00	4.608463e+00	4.624896e+00	4.643688e+00
4.664795e+00	4.687641e+00	4.711522e+00	4.736024e+00	4.760743e+00	4.773591e+00
4.788279e+00	4.804422e+00	4.830569e+00	4.834380e+00	4.838003e+00	4.838453e+00
4.838649e+00	4.838862e+00	4.839145e+00	4.807958e+00	4.478835e+00	4.544772e+00
4.606245e+00	4.659813e+00	4.706077e+00	4.780413e+00	4.829406e+00	4.855031e+00
4.861805e+00	4.857630e+00	4.852559e+00	4.849256e+00	4.848325e+00	4.850174e+00
4.855097e+00	4.863505e+00	4.875544e+00	4.890820e+00	4.908362e+00	4.926059e+00
4.941617e+00	4.949332e+00	4.959818e+00	4.974038e+00	4.999611e+00	5.003556e+00
5.007351e+00	5.007689e+00	5.007725e+00	5.008076e+00	5.007982e+00	4.966359e+00
4.862003e+00	4.922527e+00	4.978226e+00	5.025417e+00	5.064849e+00	5.124800e+00
5.158586e+00	5.168534e+00	5.159539e+00	5.139842e+00	5.119662e+00	5.101880e+00
5.087133e+00	5.075932e+00	5.068724e+00	5.065978e+00	5.067892e+00	5.073956e+00
5.083000e+00	5.092592e+00	5.100239e+00	5.104170e+00	5.110944e+00	5.121902e+00
5.143690e+00	5.148205e+00	5.151448e+00	5.151456e+00	5.151639e+00	5.152242e+00
5.151620e+00	5.108639e+00	5.259274e+00	5.311990e+00	5.359616e+00	5.398268e+00
5.428870e+00	5.470930e+00	5.486657e+00	5.478708e+00	5.452263e+00	5.415788e+00
5.379458e+00	5.346342e+00	5.317074e+00	5.292215e+00	5.272324e+00	5.257840e+00
5.248931e+00	5.244830e+00	5.244222e+00	5.245016e+00	5.245269e+00	5.246009e+00
5.249274e+00	5.256353e+00	5.272921e+00	5.278104e+00	5.280501e+00	5.280108e+00
5.280549e+00	5.281435e+00	5.280251e+00	5.240239e+00	5.667123e+00	5.710076e+00
5.747749e+00	5.776122e+00	5.796280e+00	5.817540e+00	5.812608e+00	5.784316e+00
5.738149e+00	5.682871e+00	5.628776e+00	5.579090e+00	5.534499e+00	5.495461e+00
5.462491e+00	5.435768e+00	5.415398e+00	5.400359e+00	5.389194e+00	5.380172e+00
5.372014e+00	5.369115e+00	5.368389e+00	5.371332e+00	5.382082e+00	5.386484e+00
5.388154e+00	5.387675e+00	5.388130e+00	5.389037e+00	5.387964e+00	5.354563e+00
6.078614e+00	6.109258e+00	6.134674e+00	6.150885e+00	6.159061e+00	6.157164e+00
6.129727e+00	6.079155e+00	6.011221e+00	5.935183e+00	5.861779e+00	5.794417e+00
5.733978e+00	5.680673e+00	5.634730e+00	5.595768e+00	5.563805e+00	5.537557e+00
5.515414e+00	5.495964e+00	5.478795e+00	5.472134e+00	5.467207e+00	5.466000e+00
5.471059e+00	5.473350e+00	5.474465e+00	5.474216e+00	5.474477e+00	5.475181e+00
5.474829e+00	5.450624e+00	6.490721e+00	6.515749e+00	6.533513e+00	6.538592e+00
6.532895e+00	6.499031e+00	6.438348e+00	6.359002e+00	6.267432e+00	6.172002e+00
6.082137e+00	6.000090e+00	5.925391e+00	5.857272e+00	5.796600e+00	5.743415e+00
5.697835e+00	5.658737e+00	5.624899e+00	5.595651e+00	5.569200e+00	5.556831e+00
5.547400e+00	5.542881e+00	5.539487e+00	5.541417e+00	5.541823e+00	5.541333e+00
5.541381e+00	5.541886e+00	5.541727e+00	5.526934e+00	6.903955e+00	6.925957e+00
6.937636e+00	6.931326e+00	6.910024e+00	6.838532e+00	6.738724e+00	6.627368e+00
6.511189e+00	6.396504e+00	6.290322e+00	6.193525e+00	6.104405e+00	6.021374e+00
5.945678e+00	5.877722e+00	5.817770e+00	5.765095e+00	5.719001e+00	5.679265e+00
5.642948e+00	5.624915e+00	5.610272e+00	5.601356e+00	5.590479e+00	5.591423e+00
5.591572e+00	5.590942e+00	5.590670e+00	5.590932e+00	5.590843e+00	5.584071e+00
7.324120e+00	7.335369e+00	7.334808e+00	7.313724e+00	7.275773e+00	7.168941e+00
7.034570e+00	6.893539e+00	6.752211e+00	6.615132e+00	6.487608e+00	6.370853e+00
6.264298e+00	6.166675e+00	6.077570e+00	5.996232e+00	5.922830e+00	5.856947e+00
5.798004e+00	5.745028e+00	5.696935e+00	5.674797e+00	5.653667e+00	5.637395e+00
5.620935e+00	5.619850e+00	5.619883e+00	5.619324e+00	5.618727e+00	5.618803e+00
5.618906e+00	5.617772e+00	7.739673e+00	7.741547e+00	7.729665e+00	7.693911e+00
7.638722e+00	7.493868e+00	7.320828e+00	7.145472e+00	6.974871e+00	6.813315e+00
6.665703e+00	6.532250e+00	6.410112e+00	6.296802e+00	6.192126e+00	6.096116e+00
6.008945e+00	5.930680e+00	5.860935e+00	5.794820e+00	5.729468e+00	5.700363e+00
5.672387e+00	5.648688e+00	5.621207e+00	5.622937e+00	5.620863e+00	5.619402e+00
5.619014e+00	5.619321e+00	5.619185e+00	5.621911e+00	8.151185e+00	8.143880e+00
8.120567e+00	8.069212e+00	7.995133e+00	7.807869e+00	7.591826e+00	7.379441e+00
7.178266e+00	6.991647e+00	6.823194e+00	6.672057e+00	6.533639e+00	6.404564e+00
6.283887e+00	6.171270e+00	6.068051e+00	5.973959e+00	5.887649e+00	5.807797e+00
5.735613e+00	5.703627e+00	5.672851e+00	5.646387e+00	5.615630e+00	5.617763e+00
5.615106e+00	5.613452e+00	5.613088e+00	5.613431e+00	5.613249e+00	5.616872e+00
8.555760e+00	8.534168e+00	8.494454e+00	8.423368e+00	8.327260e+00	8.093929e+00
7.834126e+00	7.585304e+00	7.354533e+00	7.143294e+00	6.952957e+00	6.781912e+00
6.625088e+00	6.478625e+00	6.341993e+00	6.215572e+00	6.099182e+00	5.992362e+00
5.893943e+00	5.800565e+00	5.712267e+00	5.672574e+00	5.633810e+00	5.600777e+00
5.563944e+00	5.564464e+00	5.560504e+00	5.558714e+00	5.558224e+00	5.558494e+00
5.558294e+00	5.562874e+00	9.001455e+00	8.920949e+00	8.827832e+00	8.714709e+00
8.587001e+00	8.312129e+00	8.028884e+00	7.760031e+00	7.509729e+00	7.279263e+00
7.063027e+00	6.860394e+00	6.672513e+00	6.496235e+00	6.338468e+00	6.202820e+00
6.077983e+00	5.964381e+00	5.860842e+00	5.757893e+00	5.652709e+00	5.603513e+00
5.556872e+00	5.520362e+00	5.480633e+00	5.477251e+00	5.471967e+00	5.470488e+00
5.469779e+00	5.469836e+00	5.469650e+00	5.474833e+00	9.455087e+00	9.299683e+00
9.142109e+00	8.981340e+00	8.819855e+00	8.503602e+00	8.199024e+00	7.910988e+00
7.640251e+00	7.387914e+00	7.146494e+00	6.916721e+00	6.703674e+00	6.506231e+00
6.328808e+00	6.171531e+00	6.028444e+00	5.900446e+00	5.785887e+00	5.673593e+00
5.554362e+00	5.495263e+00	5.441811e+00	5.404707e+00	5.364401e+00	5.355543e+00
5.348791e+00	5.347918e+00	5.346957e+00	5.346696e+00	5.346541e+00	5.352111e+00
9.843170e+00	9.639030e+00	9.436990e+00	9.239206e+00	9.047188e+00	8.682680e+00
8.340174e+00	8.017427e+00	7.710322e+00	7.419033e+00	7.155598e+00	6.916693e+00
6.695385e+00	6.490987e+00	6.298707e+00	6.119411e+00	5.959069e+00	5.816942e+00
5.690367e+00	5.565999e+00	5.431562e+00	5.364083e+00	5.305076e+00	5.266931e+00
5.224239e+00	5.211136e+00	5.202293e+00	5.201718e+00	5.200693e+00	5.200149e+00
5.199983e+00	5.206295e+00	1.017136e+01	9.936485e+00	9.704426e+00	9.477777e+00
9.257945e+00	8.840830e+00	8.451292e+00	8.088743e+00	7.747602e+00	7.428253e+00
7.138702e+00	6.874427e+00	6.631603e+00	6.408739e+00	6.202844e+00	6.012614e+00
5.839894e+00	5.684347e+00	5.543379e+00	5.404698e+00	5.257974e+00	5.186074e+00
5.124712e+00	5.085957e+00	5.039083e+00	5.023524e+00	5.011889e+00	5.011225e+00
5.010403e+00	5.009631e+00	5.009390e+00	5.016802e+00	1.046776e+01	1.019823e+01
9.932967e+00	9.675670e+00	9.427368e+00	8.958081e+00	8.523133e+00	8.110660e+00
7.742350e+00	7.410676e+00	7.097443e+00	6.808948e+00	6.547002e+00	6.308112e+00
6.088062e+00	5.884339e+00	5.698224e+00	5.529585e+00	5.375531e+00	5.224136e+00
5.065976e+00	4.989338e+00	4.924399e+00	4.883484e+00	4.832145e+00	4.814418e+00
4.801276e+00	4.800634e+00	4.799823e+00	4.798915e+00	4.798563e+00	4.806749e+00
1.074205e+01	1.043724e+01	1.013847e+01	9.850694e+00	9.574462e+00	9.054987e+00
8.578388e+00	8.123523e+00	7.719554e+00	7.354436e+00	7.017780e+00	6.711032e+00
6.432969e+00	6.179910e+00	5.946844e+00	5.730545e+00	5.531955e+00	5.351449e+00
5.185786e+00	5.023404e+00	4.855588e+00	4.774732e+00	4.705808e+00	4.661587e+00
4.605533e+00	4.586264e+00	4.572632e+00	4.572035e+00	4.571121e+00	4.570173e+00
4.569684e+00	4.578326e+00	1.098318e+01	1.064362e+01	1.031196e+01	9.994515e+00
9.691166e+00	9.121683e+00	8.594787e+00	8.123413e+00	7.687091e+00	7.289050e+00
6.928992e+00	6.603759e+00	6.309782e+00	6.042859e+00	5.797144e+00	5.568701e+00
5.358210e+00	5.166345e+00	4.989780e+00	4.816990e+00	4.639631e+00	4.554301e+00
4.480834e+00	4.432669e+00	4.371892e+00	4.351521e+00	4.337747e+00	4.337137e+00
4.336087e+00	4.335181e+00	4.334609e+00	4.343177e+00	1.118779e+01	1.081580e+01
1.045377e+01	1.010929e+01	9.781610e+00	9.168626e+00	8.596982e+00	8.089310e+00
7.624212e+00	7.202338e+00	6.821704e+00	6.478908e+00	6.169946e+00	5.889952e+00
5.632300e+00	5.392407e+00	5.170855e+00	4.968378e+00	4.782004e+00	4.599510e+00
4.412249e+00	4.321733e+00	4.242736e+00	4.189676e+00	4.123957e+00	4.103080e+00
4.089759e+00	4.089059e+00	4.087811e+00	4.087073e+00	4.086479e+00	4.094207e+00
1.136018e+01	1.095281e+01	1.055799e+01	1.018557e+01	9.833313e+00	9.174194e+00
8.585809e+00	8.043707e+00	7.555657e+00	7.115356e+00	6.717664e+00	6.358618e+00
6.034253e+00	5.739850e+00	5.469102e+00	5.217382e+00	4.984253e+00	4.768665e+00
4.567989e+00	4.374710e+00	4.184469e+00	4.093132e+00	4.007726e+00	3.944629e+00
3.874788e+00	3.854822e+00	3.841101e+00	3.840017e+00	3.838710e+00	3.838232e+00
3.837921e+00	3.843708e+00	1.150458e+01	1.106220e+01	1.063569e+01	1.023731e+01
9.863108e+00	9.169720e+00	8.545256e+00	7.983805e+00	7.479323e+00	7.024705e+00
6.612873e+00	6.239458e+00	5.900747e+00	5.592400e+00	5.308692e+00	5.045173e+00
4.800360e+00	4.571326e+00	4.355822e+00	4.151693e+00	3.958975e+00	3.867025e+00
3.774772e+00	3.700710e+00	3.626820e+00	3.608418e+00	3.593469e+00	3.591784e+00
3.590542e+00	3.590392e+00	3.590563e+00	3.593521e+00	1.162407e+01	1.115032e+01
1.069547e+01	1.027335e+01	9.879181e+00	9.150565e+00	8.498320e+00	7.914882e+00
7.392656e+00	6.923336e+00	6.498851e+00	6.114183e+00	5.765174e+00	5.446982e+00
5.153280e+00	4.879341e+00	4.624158e+00	4.385830e+00	4.162399e+00	3.949198e+00
3.743035e+00	3.643201e+00	3.544510e+00	3.466352e+00	3.387146e+00	3.369197e+00
3.352552e+00	3.350297e+00	3.349155e+00	3.349308e+00	3.349879e+00	3.349930e+00
1.171281e+01	1.121221e+01	1.073431e+01	1.028897e+01	9.876667e+00	9.121112e+00
8.445964e+00	7.844720e+00	7.307906e+00	6.826024e+00	6.390152e+00	5.994990e+00
5.636204e+00	5.308822e+00	5.006486e+00	4.724384e+00	4.461174e+00	4.214595e+00
3.982077e+00	3.758959e+00	3.540858e+00	3.434174e+00	3.328432e+00	3.244524e+00
3.160242e+00	3.142030e+00	3.123391e+00	3.120674e+00	3.119608e+00	3.119924e+00
3.120904e+00	3.118453e+00	1.177163e+01	1.124648e+01	1.074512e+01	1.029112e+01
9.869003e+00	9.085117e+00	8.390901e+00	7.774723e+00	7.225516e+00	6.732842e+00
6.287186e+00	5.883071e+00	5.516050e+00	5.181057e+00	4.871758e+00	4.583227e+00
4.313603e+00	4.059874e+00	3.818667e+00	3.585607e+00	3.355911e+00	3.242426e+00
3.129233e+00	3.039026e+00	2.949379e+00	2.929990e+00	2.909403e+00	2.906367e+00
2.905273e+00	2.905639e+00	2.906772e+00	2.902739e+00	1.180216e+01	1.126051e+01
1.074548e+01	1.027627e+01	9.843050e+00	9.042747e+00	8.334625e+00	7.707020e+00
7.148006e+00	6.646649e+00	6.193193e+00	5.782056e+00	5.408706e+00	5.067982e+00
4.753539e+00	4.460276e+00	4.185741e+00	3.925963e+00	3.676690e+00	3.433629e+00
3.192050e+00	3.071295e+00	2.949710e+00	2.852175e+00	2.756092e+00	2.734442e+00
2.712092e+00	2.708900e+00	2.707610e+00	2.707900e+00	2.708840e+00	2.704348e+00
1.179625e+01	1.124917e+01	1.072920e+01	1.025022e+01	9.810710e+00	8.999268e+00
8.282528e+00	7.646962e+00	7.080672e+00	6.572640e+00	6.113215e+00	5.696780e+00
5.318688e+00	4.973736e+00	4.655542e+00	4.358832e+00	4.080612e+00	3.815977e+00
3.559809e+00	3.307355e+00	3.053602e+00	2.924873e+00	2.793597e+00	2.687226e+00
2.582902e+00	2.558288e+00	2.534893e+00	2.531679e+00	2.529949e+00	2.530087e+00
2.530571e+00	2.526208e+00	1.178147e+01	1.122309e+01	1.069374e+01	1.021363e+01
9.772441e+00	8.955606e+00	8.234046e+00	7.593031e+00	7.021334e+00	6.508154e+00
6.044151e+00	5.623713e+00	5.242090e+00	4.894052e+00	4.573178e+00	4.274024e+00
3.993068e+00	3.724493e+00	3.462270e+00	3.200866e+00	2.934641e+00	2.797577e+00
2.656036e+00	2.540105e+00	2.426422e+00	2.398679e+00	2.374656e+00	2.371514e+00
2.369240e+00	2.369133e+00	2.369038e+00	2.365554e+00	1.175445e+01	1.118816e+01
1.065376e+01	1.017298e+01	9.731923e+00	8.914454e+00	8.192585e+00	7.549825e+00
6.975587e+00	6.459578e+00	5.993018e+00	5.570339e+00	5.186769e+00	4.837123e+00
4.515340e+00	4.215434e+00	3.933207e+00	3.661766e+00	3.393750e+00	3.122718e+00
2.842660e+00	2.696058e+00	2.542417e+00	2.414822e+00	2.289023e+00	2.258187e+00
2.233860e+00	2.230924e+00	2.227988e+00	2.227385e+00	2.226607e+00	2.225383e+00
1.169549e+01	1.113213e+01	1.060093e+01	1.012446e+01	9.687735e+00	8.876141e+00
8.158106e+00	7.516431e+00	6.941751e+00	6.424651e+00	5.957102e+00	5.533617e+00
5.149428e+00	4.799358e+00	4.477507e+00	4.177570e+00	3.894812e+00	3.621443e+00
3.348893e+00	3.069214e+00	2.774474e+00	2.617532e+00	2.450772e+00	2.310174e+00
2.169723e+00	2.135598e+00	2.111275e+00	2.108651e+00	2.104942e+00	2.103675e+00
2.102083e+00	2.104665e+00	1.163106e+01	1.107174e+01	1.054541e+01	1.007507e+01
9.644708e+00	8.843173e+00	8.131658e+00	7.493978e+00	6.922947e+00	6.408615e+00
5.944171e+00	5.524272e+00	5.143883e+00	4.797282e+00	4.476184e+00	4.176356e+00
3.893585e+00	3.620328e+00	3.347706e+00	3.060715e+00	2.738301e+00	2.563150e+00
2.380867e+00	2.227367e+00	2.067961e+00	2.029440e+00	2.005700e+00	2.003398e+00
1.998738e+00	1.996977e+00	1.994017e+00	2.004647e+00	1.155713e+01	1.100474e+01
1.048591e+01	1.002395e+01	9.601922e+00	8.813413e+00	8.109641e+00	7.476500e+00
6.909372e+00	6.397823e+00	5.936173e+00	5.519140e+00	5.141439e+00	4.797007e+00
4.477314e+00	4.177904e+00	3.895154e+00	3.622650e+00	3.350487e+00	3.056848e+00
2.712707e+00	2.520566e+00	2.323576e+00	2.157684e+00	1.978306e+00	1.935046e+00
1.912099e+00	1.910148e+00	1.904510e+00	1.902301e+00	1.897873e+00	1.917959e+00
1.147398e+01	1.093041e+01	1.042106e+01	9.969531e+00	9.557934e+00	8.786806e+00
8.096288e+00	7.472521e+00	6.907264e+00	6.397059e+00	5.936605e+00	5.520680e+00
5.143964e+00	4.800379e+00	4.482893e+00	4.184600e+00	3.902200e+00	3.630451e+00
3.357788e+00	3.058191e+00	2.707747e+00	2.510393e+00	2.295354e+00	2.107528e+00
1.902555e+00	1.853369e+00	1.830779e+00	1.829622e+00	1.823100e+00	1.819976e+00
1.815134e+00	1.845298e+00	1.137454e+01	1.084348e+01	1.034722e+01	9.909668e+00
9.511779e+00	8.763312e+00	8.088216e+00	7.476960e+00	6.920748e+00	6.417293e+00
5.962332e+00	5.551152e+00	5.178793e+00	4.839691e+00	4.527061e+00	4.234091e+00
3.955057e+00	3.680105e+00	3.396180e+00	3.084328e+00	2.722143e+00	2.515509e+00
2.282326e+00	2.071953e+00	1.839825e+00	1.783944e+00	1.761318e+00	1.761362e+00
1.754050e+00	1.749557e+00	1.745319e+00	1.785963e+00	1.128256e+01	1.076320e+01
1.027947e+01	9.855709e+00	9.471520e+00	8.745482e+00	8.087661e+00	7.485860e+00
6.939687e+00	6.443964e+00	5.995745e+00	5.590712e+00	5.224074e+00	4.890442e+00
4.582974e+00	4.294743e+00	4.018611e+00	3.742106e+00	3.450646e+00	3.127884e+00
2.750991e+00	2.531800e+00	2.284724e+00	2.054731e+00	1.789434e+00	1.725154e+00
1.702791e+00	1.703878e+00	1.695493e+00	1.689986e+00	1.685796e+00	1.735392e+00
1.119793e+01	1.068941e+01	1.021770e+01	9.807631e+00	9.437160e+00	8.733075e+00
8.090491e+00	7.502872e+00	6.966716e+00	6.479639e+00	6.039551e+00	5.642282e+00
5.282946e+00	4.955877e+00	4.653837e+00	4.369546e+00	4.095778e+00	3.819881e+00
3.526540e+00	3.197151e+00	2.804612e+00	2.572058e+00	2.302306e+00	2.049632e+00
1.751491e+00	1.677960e+00	1.653120e+00	1.655051e+00	1.647017e+00	1.641090e+00
1.636402e+00	1.693211e+00	1.111799e+01	1.061991e+01	1.016018e+01	9.764311e+00
9.408060e+00	8.726267e+00	8.101043e+00	7.527055e+00	7.002221e+00	6.524931e+00
6.094046e+00	5.705549e+00	5.354462e+00	5.034889e+00	4.739213e+00	4.459728e+00
4.189024e+00	3.914007e+00	3.618586e+00	3.282787e+00	2.875773e+00	2.629662e+00
2.337821e+00	2.057819e+00	1.726532e+00	1.643408e+00	1.610601e+00	1.613127e+00
1.608295e+00	1.602629e+00	1.597171e+00	1.659084e+00	1.104316e+01	1.055535e+01
1.010738e+01	9.725718e+00	9.383691e+00	8.724612e+00	8.116668e+00	7.557198e+00
7.044576e+00	6.578080e+00	6.157403e+00	5.778667e+00	5.436804e+00	5.125677e+00
4.837169e+00	4.563160e+00	4.296068e+00	4.022456e+00	3.725593e+00	3.384448e+00
2.964405e+00	2.705247e+00	2.390973e+00	2.082825e+00	1.709289e+00	1.615415e+00
1.577796e+00	1.580742e+00	1.576349e+00	1.570472e+00	1.565140e+00	1.629802e+00
1.097363e+01	1.049577e+01	1.005927e+01	9.691544e+00	9.363521e+00	8.724932e+00
8.136005e+00	7.591505e+00	7.091694e+00	6.636661e+00	6.226847e+00	5.858530e+00
5.526544e+00	5.224529e+00	4.943840e+00	4.675946e+00	4.413141e+00	4.141716e+00
3.844393e+00	3.499161e+00	3.067369e+00	2.795382e+00	2.457959e+00	2.119867e+00
1.705011e+00	1.596398e+00	1.551628e+00	1.554629e+00	1.550511e+00	1.544552e+00
1.538668e+00	1.605494e+00	1.091107e+01	1.044273e+01	1.001729e+01	9.662853e+00
9.348225e+00	8.731080e+00	8.159879e+00	7.630641e+00	7.144168e+00	6.701208e+00
6.302823e+00	5.945471e+00	5.623902e+00	5.331566e+00	5.059332e+00	4.798278e+00
4.540665e+00	4.272621e+00	3.976465e+00	3.629284e+00	3.188135e+00	2.904109e+00
2.543237e+00	2.173254e+00	1.708233e+00	1.586362e+00	1.532097e+00	1.534667e+00
1.530977e+00	1.525156e+00	1.518206e+00	1.586082e+00	1.085743e+01	1.039832e+01
9.983304e+00	9.641051e+00	9.338774e+00	8.741111e+00	8.187626e+00	7.673576e+00
7.200513e+00	6.769761e+00	6.382881e+00	6.036500e+00	5.725383e+00	5.442826e+00
5.179341e+00	4.925713e+00	4.674216e+00	4.410952e+00	4.117950e+00	3.771441e+00
3.323944e+00	3.029096e+00	2.644984e+00	2.241816e+00	1.722662e+00	1.588575e+00
1.518436e+00	1.520188e+00	1.516969e+00	1.511429e+00	1.504235e+00	1.568970e+00
1.080900e+01	1.035870e+01	9.953503e+00	9.622589e+00	9.331704e+00	8.754500e+00
8.217676e+00	7.718637e+00	7.259041e+00	6.840640e+00	6.465385e+00	6.130072e+00
5.829536e+00	5.556968e+00	5.302609e+00	5.057014e+00	4.812521e+00	4.555305e+00
4.267212e+00	3.923677e+00	3.472541e+00	3.168026e+00	2.761038e+00	2.323934e+00
1.749851e+00	1.594178e+00	1.508344e+00	1.508745e+00	1.505838e+00	1.500678e+00
1.493591e+00	1.553546e+00	1.076548e+01	1.032329e+01	9.927115e+00	9.606436e+00
9.327327e+00	8.767967e+00	8.247453e+00	7.763184e+00	7.317003e+00	6.910955e+00
6.547277e+00	6.222952e+00	5.932917e+00	5.670382e+00	5.425420e+00	5.188451e+00
4.951952e+00	4.702249e+00	4.421079e+00	4.083108e+00	3.631389e+00	3.318633e+00
2.889483e+00	2.417498e+00	1.782848e+00	1.604618e+00	1.504596e+00	1.501316e+00
1.498191e+00	1.493746e+00	1.487746e+00	1.540055e+00	1.072839e+01	1.029345e+01
9.905341e+00	9.593895e+00	9.324728e+00	8.782752e+00	8.277729e+00	7.807808e+00
7.374859e+00	6.981052e+00	6.628771e+00	6.315202e+00	6.035437e+00	5.782835e+00
5.547441e+00	5.319672e+00	5.092237e+00	4.851732e+00	4.579926e+00	4.250827e+00
3.802820e+00	3.484239e+00	3.035064e+00	2.528708e+00	1.829917e+00	1.628892e+00
1.503097e+00	1.496744e+00	1.493206e+00	1.489483e+00	1.484515e+00	1.528676e+00
1.070458e+01	1.027526e+01	9.893754e+00	9.592240e+00	9.327398e+00	8.801581e+00
8.311062e+00	7.854662e+00	7.434325e+00	7.052256e+00	6.710862e+00	6.407534e+00
6.137581e+00	5.894579e+00	5.668709e+00	5.450524e+00	5.233009e+00	5.003045e+00
4.742476e+00	4.424645e+00	3.983477e+00	3.661098e+00	3.194154e+00	2.654303e+00
1.887390e+00	1.660197e+00	1.505463e+00	1.497008e+00	1.492070e+00	1.489059e+00
1.483678e+00	1.520499e+00	1.068630e+01	1.026162e+01	9.885523e+00	9.591566e+00
9.335873e+00	8.823644e+00	8.346350e+00	7.902774e+00	7.494613e+00	7.123965e+00
6.793151e+00	6.499758e+00	6.239365e+00	6.005821e+00	5.789561e+00	5.581392e+00
5.374621e+00	5.156467e+00	4.908922e+00	4.604727e+00	4.173570e+00	3.849454e+00
3.367071e+00	2.794847e+00	1.956737e+00	1.700970e+00	1.513209e+00	1.498583e+00
1.491470e+00	1.488911e+00	1.483212e+00	1.513848e+00	1.067438e+01	1.025348e+01
9.882488e+00	9.591855e+00	9.344892e+00	8.845175e+00	8.380077e+00	7.948532e+00
7.551974e+00	7.192294e+00	6.871618e+00	6.587726e+00	6.336520e+00	6.112182e+00
5.905554e+00	5.707803e+00	5.512562e+00	5.307395e+00	5.074427e+00	4.785769e+00
4.367306e+00	4.043675e+00	3.549146e+00	2.946932e+00	2.035342e+00	1.747988e+00
1.522540e+00	1.500983e+00	1.491421e+00	1.488994e+00	1.483157e+00	1.507843e+00
1.066698e+01	1.024877e+01	9.881580e+00	9.596551e+00	9.355051e+00	8.866037e+00
8.411872e+00	7.991386e+00	7.605695e+00	7.256370e+00	6.945223e+00	6.670218e+00
6.427644e+00	6.212077e+00	6.014933e+00	5.827872e+00	5.644854e+00	5.453815e+00
5.237001e+00	4.965837e+00	4.563037e+00	4.242725e+00	3.740959e+00	3.113506e+00
2.128289e+00	1.805599e+00	1.535636e+00	1.506311e+00	1.492268e+00	1.490100e+00
1.483558e+00	1.502459e+00	1.066257e+01	1.024688e+01	9.882279e+00	9.602027e+00
9.365227e+00	8.885543e+00	8.441155e+00	8.030812e+00	7.655235e+00	7.315642e+00
7.013445e+00	6.746816e+00	6.512398e+00	6.305291e+00	6.117522e+00	5.941331e+00
5.771044e+00	5.594928e+00	5.395362e+00	5.143109e+00	4.758416e+00	4.443978e+00
3.939571e+00	3.291381e+00	2.232626e+00	1.871129e+00	1.551087e+00	1.512774e+00
1.493136e+00	1.490832e+00	1.483327e+00	1.498280e+00	1.065862e+01	1.024531e+01
9.883479e+00	9.606578e+00	9.373714e+00	8.902159e+00	8.466520e+00	8.065407e+00
7.699153e+00	7.368603e+00	7.074738e+00	6.815938e+00	6.589215e+00	6.390230e+00
6.211654e+00	6.046379e+00	5.889119e+00	5.728496e+00	5.547056e+00	5.314965e+00
4.950777e+00	4.644911e+00	4.143017e+00	3.479832e+00	2.349567e+00	1.945795e+00
1.569228e+00	1.520448e+00	1.493567e+00	1.491047e+00	1.482051e+00	1.494634e+00
1.065327e+01	1.024208e+01	9.882750e+00	9.608971e+00	9.379410e+00	8.914754e+00
8.486667e+00	8.093751e+00	7.736036e+00	7.413878e+00	7.127758e+00	6.876206e+00
6.656686e+00	6.465372e+00	6.295774e+00	6.141555e+00	5.997651e+00	5.852819e+00
5.689588e+00	5.477825e+00	5.135761e+00	4.841411e+00	4.348480e+00	3.677732e+00
2.478579e+00	2.029160e+00	1.589814e+00	1.529204e+00	1.493456e+00	1.490276e+00
1.480225e+00	1.490704e+00	1.065391e+01	1.024563e+01	9.889318e+00	9.617990e+00
9.390258e+00	8.928983e+00	8.505246e+00	8.118959e+00	7.769454e+00	7.455876e+00
7.177358e+00	6.932417e+00	6.718928e+00	6.534114e+00	6.373658e+00	6.232587e+00
6.104765e+00	5.975701e+00	5.826005e+00	5.628593e+00	5.307763e+00	5.030725e+00
4.560922e+00	3.895832e+00	2.621241e+00	2.119189e+00	1.614367e+00	1.541872e+00
1.493534e+00	1.488768e+00	1.479003e+00	1.487979e+00	1.065729e+01	1.025182e+01
9.896895e+00	9.625933e+00	9.398942e+00	8.941050e+00	8.522189e+00	8.142007e+00
7.799344e+00	7.492752e+00	7.220734e+00	6.981905e+00	6.774466e+00	6.596085e+00
6.443141e+00	6.311516e+00	6.196444e+00	6.085694e+00	5.959404e+00	5.782288e+00
5.474904e+00	5.209155e+00	4.765839e+00	4.121386e+00	2.782660e+00	2.220294e+00
1.637290e+00	1.552207e+00	1.494082e+00	1.488332e+00	1.479374e+00	1.485543e+00
1.066754e+01	1.025892e+01	9.902216e+00	9.630798e+00	9.404430e+00	8.950565e+00
8.537432e+00	8.162753e+00	7.825180e+00	7.523542e+00	7.256601e+00	7.023198e+00
6.821793e+00	6.649858e+00	6.502787e+00	6.376702e+00	6.270423e+00	6.178904e+00
6.084987e+00	5.935817e+00	5.635459e+00	5.374164e+00	4.956774e+00	4.345734e+00
2.966250e+00	2.337442e+00	1.658407e+00	1.559774e+00	1.496196e+00	1.488831e+00
1.482765e+00	1.483385e+00	1.066250e+01	1.025689e+01	9.903831e+00	9.635221e+00
9.411000e+00	8.961690e+00	8.552881e+00	8.182135e+00	7.848264e+00	7.550317e+00
7.287335e+00	7.058413e+00	6.862318e+00	6.696835e+00	6.557738e+00	6.441283e+00
6.345948e+00	6.265777e+00	6.183661e+00	6.053450e+00	5.786683e+00	5.546752e+00
5.151168e+00	4.554497e+00	3.149394e+00	2.470651e+00	1.691084e+00	1.573249e+00
1.496562e+00	1.488933e+00	1.479064e+00	1.481891e+00	1.065269e+01	1.025333e+01
9.904992e+00	9.639433e+00	9.417689e+00	8.972770e+00	8.567459e+00	8.199872e+00
7.869043e+00	7.574202e+00	7.314668e+00	7.089764e+00	6.898559e+00	6.739263e+00
6.608384e+00	6.502415e+00	6.418425e+00	6.347134e+00	6.271735e+00	6.158239e+00
5.931643e+00	5.719117e+00	5.345541e+00	4.759770e+00	3.339234e+00	2.617142e+00
1.731696e+00	1.591170e+00	1.496822e+00	1.488991e+00	1.472564e+00	1.480699e+00
1.064522e+01	1.025157e+01	9.907087e+00	9.643943e+00	9.423565e+00	8.981620e+00
8.578946e+00	8.213955e+00	7.885761e+00	7.593712e+00	7.337313e+00	7.116022e+00
6.929165e+00	6.775241e+00	6.651221e+00	6.553907e+00	6.480064e+00	6.419331e+00
6.355228e+00	6.259272e+00	6.064492e+00	5.875471e+00	5.530431e+00	4.969620e+00
3.541146e+00	2.771872e+00	1.775853e+00	1.612223e+00	1.497752e+00	1.488823e+00
1.468899e+00	1.479914e+00	1.063867e+01	1.025061e+01	9.910341e+00	9.648649e+00
9.428642e+00	8.988580e+00	8.587820e+00	8.224894e+00	7.898914e+00	7.609290e+00
7.355645e+00	7.137504e+00	6.954399e+00	6.805010e+00	6.686595e+00	6.596305e+00
6.531330e+00	6.481807e+00	6.431971e+00	6.353956e+00	6.184382e+00	6.015562e+00
5.702931e+00	5.178282e+00	3.753891e+00	2.937442e+00	1.826531e+00	1.638897e+00
1.500528e+00	1.488246e+00	1.466848e+00	1.479366e+00	1.063008e+01	1.024894e+01
9.913910e+00	9.653179e+00	9.432424e+00	8.993145e+00	8.593677e+00	8.232510e+00
7.908702e+00	7.621546e+00	7.370562e+00	7.155285e+00	6.975297e+00	6.829289e+00
6.714417e+00	6.628302e+00	6.569993e+00	6.533201e+00	6.504081e+00	6.448352e+00
6.298334e+00	6.143314e+00	5.856839e+00	5.366972e+00	3.972470e+00	3.125225e+00
1.882737e+00	1.667924e+00	1.504808e+00	1.489663e+00	1.467532e+00	1.478297e+00
1.061935e+01	1.024643e+01	9.917516e+00	9.657521e+00	9.435579e+00	8.996701e+00
8.598247e+00	8.238612e+00	7.916806e+00	7.631979e+00	7.383481e+00	7.170837e+00
6.993598e+00	6.850403e+00	6.738198e+00	6.655114e+00	6.602432e+00	6.578400e+00
6.572166e+00	6.540543e+00	6.407279e+00	6.263056e+00	6.000237e+00	5.545795e+00
4.198449e+00	3.330825e+00	1.945335e+00	1.700644e+00	1.511050e+00	1.493135e+00
1.469701e+00	1.476889e+00	1.060355e+01	1.024152e+01	9.918218e+00	9.660637e+00
9.438622e+00	9.001151e+00	8.603906e+00	8.245500e+00	7.924948e+00	7.641540e+00
7.394876e+00	7.184509e+00	7.009811e+00	6.869477e+00	6.760813e+00	6.682342e+00
6.636040e+00	6.621320e+00	6.627624e+00	6.613296e+00	6.503932e+00	6.375765e+00
6.140977e+00	5.729555e+00	4.427703e+00	3.519043e+00	2.021311e+00	1.745878e+00
1.517742e+00	1.493574e+00	1.471524e+00	1.476101e+00	1.057472e+01	1.022755e+01
9.915797e+00	9.662558e+00	9.441502e+00	9.007191e+00	8.611470e+00	8.253595e+00
7.933110e+00	7.650016e+00	7.404508e+00	7.196073e+00	7.023692e+00	6.886232e+00
6.782104e+00	6.710387e+00	6.671680e+00	6.661910e+00	6.670156e+00	6.666286e+00
6.585818e+00	6.478995e+00	6.278049e+00	5.921330e+00	4.657781e+00	3.677685e+00
2.121342e+00	1.819619e+00	1.525015e+00	1.487654e+00	1.473021e+00	1.475739e+00
1.055390e+01	1.021911e+01	9.915972e+00	9.665603e+00	9.444884e+00	9.012959e+00
8.618886e+00	8.262071e+00	7.942286e+00	7.659804e+00	7.415120e+00	7.207914e+00
7.037433e+00	6.902831e+00	6.802459e+00	6.735249e+00	6.701309e+00	6.695539e+00
6.707995e+00	6.716338e+00	6.667816e+00	6.584742e+00	6.405227e+00	6.072414e+00
4.879285e+00	3.887454e+00	2.222005e+00	1.882321e+00	1.538141e+00	1.491105e+00
1.472696e+00	1.475637e+00	1.053958e+01	1.021464e+01	9.918479e+00	9.670045e+00
9.448837e+00	9.018379e+00	8.625727e+00	8.270151e+00	7.951443e+00	7.669774e+00
7.425622e+00	7.219040e+00	7.049892e+00	6.917666e+00	6.820335e+00	6.756533e+00
6.726274e+00	6.724255e+00	6.741888e+00	6.763475e+00	6.748351e+00	6.689213e+00
6.522066e+00	6.193344e+00	5.086647e+00	4.147243e+00	2.328959e+00	1.939787e+00
1.556299e+00	1.506675e+00	1.471950e+00	1.475556e+00	1.052786e+01	1.021142e+01
9.920995e+00	9.673806e+00	9.452109e+00	9.022367e+00	8.630527e+00	8.275798e+00
7.957887e+00	7.676948e+00	7.433429e+00	7.227500e+00	7.059214e+00	6.928401e+00
6.833622e+00	6.773777e+00	6.748357e+00	6.750572e+00	6.772244e+00	6.806105e+00
6.820854e+00	6.781443e+00	6.629147e+00	6.306463e+00	5.276503e+00	4.400711e+00
2.459251e+00	2.011346e+00	1.570909e+00	1.521064e+00	1.473612e+00	1.475113e+00
1.051257e+01	1.020311e+01	9.918593e+00	9.672851e+00	9.450680e+00	9.021959e+00
8.631014e+00	8.277212e+00	7.960315e+00	7.680417e+00	7.437935e+00	7.233078e+00
7.065988e+00	6.936571e+00	6.843541e+00	6.785990e+00	6.763539e+00	6.769689e+00
6.797069e+00	6.840946e+00	6.875181e+00	6.852361e+00	6.725273e+00	6.432954e+00
5.464169e+00	4.615159e+00	2.607503e+00	2.105513e+00	1.590405e+00	1.529803e+00
1.474236e+00	1.474482e+00	1.050285e+01	1.020040e+01	9.918817e+00	9.673906e+00
9.451408e+00	9.022981e+00	8.632637e+00	8.279696e+00	7.963785e+00	7.685026e+00
7.443798e+00	7.240269e+00	7.074545e+00	6.946465e+00	6.854774e+00	6.798708e+00
6.778319e+00	6.788123e+00	6.821751e+00	6.874584e+00	6.923861e+00	6.916024e+00
6.816403e+00	6.559076e+00	5.644924e+00	4.824906e+00	2.770307e+00	2.213875e+00
1.614928e+00	1.538241e+00	1.475339e+00	1.474409e+00	1.049795e+01	1.020171e+01
9.925121e+00	9.681377e+00	9.458046e+00	9.028967e+00	8.637763e+00	8.284694e+00
7.969431e+00	7.691842e+00	7.452099e+00	7.250141e+00	7.085799e+00	6.958711e+00
6.867708e+00	6.812251e+00	6.793098e+00	6.806180e+00	6.846125e+00	6.906814e+00
6.967642e+00	6.972943e+00	6.900223e+00	6.677572e+00	5.815613e+00	5.033025e+00
2.947287e+00	2.336753e+00	1.647077e+00	1.547684e+00	1.478534e+00	1.475054e+00
1.049042e+01	1.019955e+01	9.924970e+00	9.681943e+00	9.458009e+00	9.029251e+00
8.638659e+00	8.286345e+00	7.971985e+00	7.695428e+00	7.456751e+00	7.255768e+00
7.092078e+00	6.965378e+00	6.875006e+00	6.820849e+00	6.803711e+00	6.819551e+00
6.863532e+00	6.931418e+00	7.004573e+00	7.019757e+00	6.966461e+00	6.778092e+00
5.989362e+00	5.231395e+00	3.130352e+00	2.470272e+00	1.682883e+00	1.559502e+00
1.486279e+00	1.474842e+00	1.048189e+01	1.019520e+01	9.924597e+00	9.682238e+00
9.457908e+00	9.029396e+00	8.639160e+00	8.287394e+00	7.973758e+00	7.698035e+00
7.460211e+00	7.259994e+00	7.096808e+00	6.970420e+00	6.880638e+00	6.827761e+00
6.812605e+00	6.830900e+00	6.878155e+00	6.952440e+00	7.037336e+00	7.061382e+00
7.025007e+00	6.868878e+00	6.159744e+00	5.427981e+00	3.322835e+00	2.613928e+00
1.722663e+00	1.573968e+00	1.496593e+00	1.474447e+00	1.047376e+01	1.019107e+01
9.923802e+00	9.682048e+00	9.457471e+00	9.029212e+00	8.639161e+00	8.287761e+00
7.974593e+00	7.699389e+00	7.462121e+00	7.262466e+00	7.099844e+00	6.974019e+00
6.885017e+00	6.833345e+00	6.819877e+00	6.840305e+00	6.890359e+00	6.969318e+00
7.064413e+00	7.098338e+00	7.078260e+00	6.946250e+00	6.308985e+00	5.631245e+00
3.527242e+00	2.764854e+00	1.767833e+00	1.594417e+00	1.503615e+00	1.474160e+00
1.046624e+01	1.018715e+01	9.922409e+00	9.681306e+00	9.456406e+00	9.028548e+00
8.638964e+00	8.287917e+00	7.975043e+00	7.700164e+00	7.463256e+00	7.263993e+00
7.101860e+00	6.976632e+00	6.888430e+00	6.837821e+00	6.825737e+00	6.847965e+00
6.900401e+00	6.982806e+00	7.086311e+00	7.129803e+00	7.125140e+00	7.011830e+00
6.438183e+00	5.833892e+00	3.743969e+00	2.925153e+00	1.820783e+00	1.624850e+00
1.508609e+00	1.473956e+00	1.046185e+01	1.018613e+01	9.922994e+00	9.682139e+00
9.457157e+00	9.029453e+00	8.639976e+00	8.289144e+00	7.976496e+00	7.701752e+00
7.464948e+00	7.265909e+00	7.104347e+00	6.980096e+00	6.892834e+00	6.842818e+00
6.831366e+00	6.855124e+00	6.910747e+00	6.997238e+00	7.104216e+00	7.152174e+00
7.166131e+00	7.085204e+00	6.554917e+00	5.994859e+00	3.980463e+00	3.109407e+00
1.880914e+00	1.657024e+00	1.512496e+00	1.473995e+00	1.045860e+01	1.018561e+01
9.924690e+00	9.684432e+00	9.459236e+00	9.031892e+00	8.642656e+00	8.291796e+00
7.978958e+00	7.703965e+00	7.466963e+00	7.267991e+00	7.107009e+00	6.983907e+00
6.897614e+00	6.847911e+00	6.836710e+00	6.861818e+00	6.920837e+00	7.011491e+00
7.119834e+00	7.170419e+00	7.203191e+00	7.159192e+00	6.663565e+00	6.137046e+00
4.232909e+00	3.313040e+00	1.948634e+00	1.692795e+00	1.515871e+00	1.474111e+00
1.045535e+01	1.018487e+01	9.925606e+00	9.685839e+00	9.460378e+00	9.033291e+00
8.644295e+00	8.293543e+00	7.980736e+00	7.705786e+00	7.468895e+00	7.270104e+00
7.109374e+00	6.986561e+00	6.900800e+00	6.851961e+00	6.841803e+00	6.868136e+00
6.928193e+00	7.020895e+00	7.135349e+00	7.192190e+00	7.234226e+00	7.199365e+00
6.769620e+00	6.309364e+00	4.465714e+00	3.503697e+00	2.026561e+00	1.739251e+00
1.521830e+00	1.474147e+00	1.045183e+01	1.018368e+01	9.925875e+00	9.686528e+00
9.460832e+00	9.033895e+00	8.645094e+00	8.294535e+00	7.981935e+00	7.707290e+00
7.470860e+00	7.272394e+00	7.111451e+00	6.988191e+00	6.902845e+00	6.855249e+00
6.846988e+00	6.874497e+00	6.932753e+00	7.025804e+00	7.151000e+00	7.221169e+00
7.259654e+00	7.215085e+00	6.872413e+00	6.540043e+00	4.666871e+00	3.669591e+00
2.120678e+00	1.807796e+00	1.535577e+00	1.474136e+00	1.045540e+01	1.018608e+01
9.927215e+00	9.686400e+00	9.459581e+00	9.031661e+00	8.642810e+00	8.292657e+00
7.980708e+00	7.706766e+00	7.470896e+00	7.272955e+00	7.112631e+00	6.989529e+00
6.902951e+00	6.853459e+00	6.843753e+00	6.873659e+00	6.942070e+00	7.041300e+00
7.163051e+00	7.226608e+00	7.275514e+00	7.254010e+00	6.968194e+00	6.631624e+00
4.897448e+00	3.892535e+00	2.225218e+00	1.863693e+00	1.548181e+00	1.474014e+00
1.046192e+01	1.019025e+01	9.929230e+00	9.686133e+00	9.457527e+00	9.027985e+00
8.639017e+00	8.289487e+00	7.978552e+00	7.705687e+00	7.470624e+00	7.273314e+00
7.113670e+00	6.990931e+00	6.902839e+00	6.849973e+00	6.837453e+00	6.871011e+00
6.952963e+00	7.061732e+00	7.172609e+00	7.228161e+00	7.288219e+00	7.308705e+00
7.053330e+00	6.686563e+00	5.139422e+00	4.151694e+00	2.342900e+00	1.918787e+00
1.561093e+00	1.473847e+00	1.045916e+01	1.018942e+01	9.929548e+00	9.686895e+00
9.458312e+00	9.029034e+00	8.640232e+00	8.290844e+00	7.980002e+00	7.707191e+00
7.472158e+00	7.274873e+00	7.115262e+00	6.992751e+00	6.905302e+00	6.852921e+00
6.840948e+00	6.875049e+00	6.956311e+00	7.066034e+00	7.180455e+00	7.241024e+00
7.305799e+00	7.335449e+00	7.123974e+00	6.805424e+00	5.345245e+00	4.364580e+00
2.476798e+00	2.006097e+00	1.578951e+00	1.473880e+00	1.044373e+01	1.018023e+01
9.925419e+00	9.685827e+00	9.458792e+00	9.031164e+00	8.642603e+00	8.292874e+00
7.981396e+00	7.707891e+00	7.472339e+00	7.274751e+00	7.115150e+00	6.993218e+00
6.907726e+00	6.858774e+00	6.849498e+00	6.880695e+00	6.951555e+00	7.055949e+00
7.183456e+00	7.253383e+00	7.322280e+00	7.356386e+00	7.188388e+00	6.901324e+00
5.538697e+00	4.578104e+00	2.623383e+00	2.105908e+00	1.599558e+00	1.473835e+00
1.043761e+01	1.017657e+01	9.923893e+00	9.685675e+00	9.459752e+00	9.033564e+00
8.645131e+00	8.295063e+00	7.983030e+00	7.708896e+00	7.472800e+00	7.274915e+00
7.115323e+00	6.994009e+00	6.910043e+00	6.863291e+00	6.855673e+00	6.885057e+00
6.949639e+00	7.051723e+00	7.186918e+00	7.262553e+00	7.336502e+00	7.376805e+00
7.241667e+00	6.985642e+00	5.718489e+00	4.787444e+00	2.783044e+00	2.218748e+00
1.622583e+00	1.473837e+00	1.043928e+01	1.017915e+01	9.926994e+00	9.688807e+00
9.462492e+00	9.035933e+00	8.647439e+00	8.297220e+00	7.985044e+00	7.710813e+00
7.474786e+00	7.277014e+00	7.117466e+00	6.996092e+00	6.912153e+00	6.865737e+00
6.858477e+00	6.887670e+00	6.951697e+00	7.054499e+00	7.192114e+00	7.268353e+00
7.348132e+00	7.397968e+00	7.283325e+00	7.058559e+00	5.882226e+00	4.989505e+00
2.957565e+00	2.347246e+00	1.648507e+00	1.474047e+00	