8.418138e-02	8.637307e-02	8.858813e-02	9.084108e-02	9.312921e-02	9.780809e-02
1.026663e-01	1.077772e-01	1.132687e-01	1.193474e-01	1.263305e-01	1.345687e-01
1.446165e-01	1.573863e-01	1.744107e-01	1.968272e-01	2.226187e-01	2.431574e-01
2.488262e-01	2.453621e-01	2.444030e-01	2.502203e-01	2.699228e-01	2.949785e-01
2.808737e-01	2.656803e-01	2.676142e-01	2.700316e-01	2.696680e-01	2.692227e-01
2.706439e-01	2.696631e-01	9.701027e-02	9.950130e-02	1.020190e-01	1.045802e-01
1.071825e-01	1.125071e-01	1.180383e-01	1.238560e-01	1.300984e-01	1.369887e-01
1.448677e-01	1.541107e-01	1.653083e-01	1.794276e-01	1.980822e-01	2.224322e-01
2.502707e-01	2.724724e-01	2.789557e-01	2.757288e-01	2.749740e-01	2.811301e-01
3.017478e-01	3.277816e-01	3.131350e-01	2.973487e-01	2.993618e-01	3.018730e-01
3.014915e-01	3.010301e-01	3.025032e-01	3.014862e-01	1.117942e-01	1.146250e-01
1.174860e-01	1.203973e-01	1.233564e-01	1.294150e-01	1.357120e-01	1.423335e-01
1.494288e-01	1.572376e-01	1.661250e-01	1.764906e-01	1.889606e-01	2.045556e-01
2.249664e-01	2.513680e-01	2.813574e-01	3.053215e-01	3.127335e-01	3.098538e-01
3.093690e-01	3.158582e-01	3.373251e-01	3.642326e-01	3.491019e-01	3.327918e-01
3.348756e-01	3.374691e-01	3.370705e-01	3.365953e-01	3.381128e-01	3.370648e-01
1.288312e-01	1.320473e-01	1.352981e-01	1.386067e-01	1.419710e-01	1.488640e-01
1.560318e-01	1.635676e-01	1.716314e-01	1.804796e-01	1.905014e-01	2.021205e-01
2.159972e-01	2.332028e-01	2.554994e-01	2.840681e-01	3.163055e-01	3.421310e-01
3.506014e-01	3.482022e-01	3.480663e-01	3.548763e-01	3.770971e-01	4.047371e-01
3.891999e-01	3.724596e-01	3.746025e-01	3.772625e-01	3.768482e-01	3.763623e-01
3.779143e-01	3.768421e-01	1.484645e-01	1.521178e-01	1.558106e-01	1.595701e-01
1.633945e-01	1.712359e-01	1.793941e-01	1.879694e-01	1.971328e-01	2.071572e-01
2.184548e-01	2.314724e-01	2.469022e-01	2.658618e-01	2.901764e-01	3.210221e-01
3.555946e-01	3.833782e-01	3.930545e-01	3.912967e-01	3.916041e-01	3.987144e-01
4.215584e-01	4.497458e-01	4.339036e-01	4.168557e-01	4.190423e-01	4.217482e-01
4.213200e-01	4.208277e-01	4.224010e-01	4.213135e-01	1.710899e-01	1.752389e-01
1.794330e-01	1.837041e-01	1.880509e-01	1.969698e-01	2.062544e-01	2.160117e-01
2.264234e-01	2.377780e-01	2.505099e-01	2.650868e-01	2.822290e-01	3.030946e-01
3.295599e-01	3.627834e-01	3.997638e-01	4.295981e-01	4.406482e-01	4.397247e-01
4.405877e-01	4.479678e-01	4.712619e-01	4.997598e-01	4.837420e-01	4.665438e-01
4.687540e-01	4.714796e-01	4.710400e-01	4.705463e-01	4.721246e-01	4.710331e-01
1.971632e-01	2.018742e-01	2.066368e-01	2.114882e-01	2.164279e-01	2.265712e-01
2.371364e-01	2.482375e-01	2.600660e-01	2.729251e-01	2.872686e-01	3.035826e-01
3.226104e-01	3.455416e-01	3.742886e-01	4.099774e-01	4.494195e-01	4.813902e-01
4.940048e-01	4.941463e-01	4.956985e-01	5.033054e-01	5.268256e-01	5.553356e-01
5.393049e-01	5.221545e-01	5.243632e-01	5.270752e-01	5.266274e-01	5.261391e-01
5.277015e-01	5.266201e-01	2.272101e-01	2.325580e-01	2.379649e-01	2.434745e-01
2.490870e-01	2.606212e-01	2.726424e-01	2.852709e-01	2.987073e-01	3.132674e-01
3.294212e-01	3.476688e-01	3.687697e-01	3.939332e-01	4.250880e-01	4.633107e-01
5.052429e-01	5.394265e-01	5.538222e-01	5.553033e-01	5.577027e-01	5.654790e-01
5.889404e-01	6.170917e-01	6.012498e-01	5.843938e-01	5.865693e-01	5.892264e-01
5.887746e-01	5.882998e-01	5.898207e-01	5.887669e-01	2.618359e-01	2.679055e-01
2.740428e-01	2.802985e-01	2.866745e-01	2.997883e-01	3.134645e-01	3.278291e-01
3.430901e-01	3.595729e-01	3.777590e-01	3.981572e-01	4.215334e-01	4.491019e-01
4.827820e-01	5.235821e-01	5.680004e-01	6.044595e-01	6.208827e-01	6.240293e-01
6.274628e-01	6.353329e-01	6.583789e-01	6.857154e-01	6.703097e-01	6.540519e-01
6.561551e-01	6.587064e-01	6.582559e-01	6.578044e-01	6.592523e-01	6.582477e-01
3.017386e-01	3.086257e-01	3.155903e-01	3.226919e-01	3.299339e-01	3.448416e-01
3.603989e-01	3.767364e-01	3.940674e-01	4.127231e-01	4.331897e-01	4.559774e-01
4.818465e-01	5.119966e-01	5.483064e-01	5.916941e-01	6.385531e-01	6.773329e-01
6.960634e-01	7.012609e-01	7.059487e-01	7.138158e-01	7.360045e-01	7.619704e-01
7.473018e-01	7.320130e-01	7.339960e-01	7.363792e-01	7.359366e-01	7.355208e-01
7.368572e-01	7.359281e-01	3.477223e-01	3.555351e-01	3.634369e-01	3.714970e-01
3.797212e-01	3.966657e-01	4.143606e-01	4.329399e-01	4.526191e-01	4.737296e-01
4.967541e-01	5.221944e-01	5.507893e-01	5.836995e-01	6.227239e-01	6.686667e-01
7.178693e-01	7.589919e-01	7.803473e-01	7.880510e-01	7.942520e-01	8.019939e-01
8.227824e-01	8.467054e-01	8.331373e-01	8.192669e-01	8.210713e-01	8.232110e-01
8.227844e-01	8.224189e-01	8.235975e-01	8.227755e-01	4.007137e-01	4.095744e-01
4.185375e-01	4.276836e-01	4.370214e-01	4.562781e-01	4.764019e-01	4.975282e-01
5.198705e-01	5.437538e-01	5.696456e-01	5.980273e-01	6.295964e-01	6.654441e-01
7.072415e-01	7.556525e-01	8.070375e-01	8.504956e-01	8.748370e-01	8.855824e-01
8.936007e-01	9.010645e-01	9.197918e-01	9.408633e-01	9.288319e-01	9.169212e-01
9.184764e-01	9.202818e-01	9.198811e-01	9.195836e-01	9.205485e-01	9.198719e-01
4.617807e-01	4.718275e-01	4.819919e-01	4.923681e-01	5.029683e-01	5.248493e-01
5.477326e-01	5.717520e-01	5.971143e-01	6.241285e-01	6.532329e-01	6.848727e-01
7.196793e-01	7.586366e-01	8.032302e-01	8.539543e-01	9.072816e-01	9.530310e-01
9.807681e-01	9.951847e-01	1.005376e+00	1.012373e+00	1.028239e+00	1.045492e+00
1.035518e+00	1.026216e+00	1.027437e+00	1.028799e+00	1.028436e+00	1.028228e+00
1.028912e+00	1.028427e+00	5.321542e-01	5.435427e-01	5.550666e-01	5.668357e-01
5.788666e-01	6.037256e-01	6.297434e-01	6.570490e-01	6.858352e-01	7.163839e-01
7.490855e-01	7.843297e-01	8.226513e-01	8.648804e-01	9.122466e-01	9.650439e-01
1.019977e+00	1.067928e+00	1.099526e+00	1.118352e+00	1.131134e+00	1.137432e+00
1.149473e+00	1.161756e+00	1.154458e+00	1.148538e+00	1.149324e+00	1.150112e+00
1.149802e+00	1.149708e+00	1.150032e+00	1.149792e+00	6.132522e-01	6.261582e-01
6.392201e-01	6.525661e-01	6.662180e-01	6.944558e-01	7.240335e-01	7.550711e-01
7.877385e-01	8.222759e-01	8.590030e-01	8.982299e-01	9.403566e-01	9.860031e-01
1.036059e+00	1.090585e+00	1.146671e+00	1.196677e+00	1.232664e+00	1.256762e+00
1.272621e+00	1.277940e+00	1.285000e+00	1.290949e+00	1.287060e+00	1.285440e+00
1.285670e+00	1.285730e+00	1.285490e+00	1.285540e+00	1.285410e+00	1.285480e+00
7.066885e-01	7.213220e-01	7.361377e-01	7.512876e-01	7.668000e-01	7.989334e-01
8.326362e-01	8.680131e-01	9.051952e-01	9.443567e-01	9.857037e-01	1.029422e+00
1.075707e+00	1.124863e+00	1.177278e+00	1.232728e+00	1.289012e+00	1.340820e+00
1.382398e+00	1.413731e+00	1.433849e+00	1.437648e+00	1.437321e+00	1.434055e+00
1.434795e+00	1.439256e+00	1.438814e+00	1.437864e+00	1.437707e+00	1.437952e+00
1.437184e+00	1.437687e+00	8.143784e-01	8.309563e-01	8.477451e-01	8.649229e-01
8.825260e-01	9.190349e-01	9.573656e-01	9.976000e-01	1.039820e+00	1.084113e+00
1.130544e+00	1.179147e+00	1.229867e+00	1.282633e+00	1.337246e+00	1.393175e+00
1.449097e+00	1.502429e+00	1.549932e+00	1.589132e+00	1.613823e+00	1.615801e+00
1.607033e+00	1.593392e+00	1.599568e+00	1.610992e+00	1.609691e+00	1.607571e+00
1.607527e+00	1.607999e+00	1.606503e+00	1.607502e+00	9.388817e-01	9.575930e-01
9.765337e-01	9.958958e-01	1.015726e+00	1.056825e+00	1.099917e+00	1.145055e+00
1.192290e+00	1.241631e+00	1.293050e+00	1.346478e+00	1.401690e+00	1.458360e+00
1.515931e+00	1.573628e+00	1.630478e+00	1.685212e+00	1.735790e+00	1.778539e+00
1.804908e+00	1.805722e+00	1.792625e+00	1.773915e+00	1.784548e+00	1.800311e+00
1.797822e+00	1.794870e+00	1.795010e+00	1.795670e+00	1.793718e+00	1.795047e+00
1.082398e+00	1.103414e+00	1.124662e+00	1.146330e+00	1.168478e+00	1.214264e+00
1.262093e+00	1.311992e+00	1.364005e+00	1.418083e+00	1.474177e+00	1.532179e+00
1.591803e+00	1.652636e+00	1.714067e+00	1.775170e+00	1.834626e+00	1.890522e+00
1.940339e+00	1.981205e+00	2.005870e+00	2.006381e+00	1.994117e+00	1.977421e+00
1.991126e+00	2.007684e+00	2.003570e+00	2.000228e+00	2.000641e+00	2.001436e+00
1.999384e+00	2.000816e+00	1.244512e+00	1.267821e+00	1.291361e+00	1.315317e+00
1.339765e+00	1.390221e+00	1.442782e+00	1.497455e+00	1.554253e+00	1.613084e+00
1.673846e+00	1.736355e+00	1.800240e+00	1.864927e+00	1.929602e+00	1.993091e+00
2.053823e+00	2.109633e+00	2.157945e+00	2.196686e+00	2.219819e+00	2.220159e+00
2.208556e+00	2.193744e+00	2.212863e+00	2.231322e+00	2.224228e+00	2.220090e+00
2.220936e+00	2.221968e+00	2.219673e+00	2.221219e+00	1.428036e+00	1.453704e+00
1.479591e+00	1.505878e+00	1.532661e+00	1.587843e+00	1.645163e+00	1.704608e+00
1.766136e+00	1.829626e+00	1.894902e+00	1.961681e+00	2.029498e+00	2.097600e+00
2.164910e+00	2.229977e+00	2.290989e+00	2.345603e+00	2.391316e+00	2.427093e+00
2.448491e+00	2.448974e+00	2.438761e+00	2.426837e+00	2.452680e+00	2.473151e+00
2.462172e+00	2.457058e+00	2.458444e+00	2.459764e+00	2.457197e+00	2.458818e+00
1.631199e+00	1.659945e+00	1.688862e+00	1.718095e+00	1.747764e+00	1.808590e+00
1.871279e+00	1.935746e+00	2.001818e+00	2.069262e+00	2.137749e+00	2.206874e+00
2.276141e+00	2.344801e+00	2.411987e+00	2.476487e+00	2.536526e+00	2.589840e+00
2.634094e+00	2.668769e+00	2.690656e+00	2.692982e+00	2.686992e+00	2.680001e+00
2.706183e+00	2.724216e+00	2.713174e+00	2.708396e+00	2.709766e+00	2.711014e+00
2.708711e+00	2.710133e+00	1.852880e+00	1.885732e+00	1.918660e+00	1.951747e+00
1.985126e+00	2.052992e+00	2.122011e+00	2.191908e+00	2.262236e+00	2.332483e+00
2.401995e+00	2.470247e+00	2.536885e+00	2.601559e+00	2.664439e+00	2.725363e+00
2.782938e+00	2.835302e+00	2.880393e+00	2.917378e+00	2.943632e+00	2.950596e+00
2.953371e+00	2.954394e+00	2.969525e+00	2.978009e+00	2.973299e+00	2.971056e+00
2.971451e+00	2.972018e+00	2.970861e+00	2.971646e+00	2.091277e+00	2.130932e+00
2.170274e+00	2.209063e+00	2.247441e+00	2.323393e+00	2.397739e+00	2.470221e+00
2.540745e+00	2.609609e+00	2.677318e+00	2.743658e+00	2.808332e+00	2.870944e+00
2.931583e+00	2.990056e+00	3.045186e+00	3.095561e+00	3.139506e+00	3.175841e+00
3.202449e+00	3.211587e+00	3.220604e+00	3.229288e+00	3.242184e+00	3.245138e+00
3.242192e+00	3.241103e+00	3.241271e+00	3.241581e+00	3.241046e+00	3.241439e+00
2.352256e+00	2.398116e+00	2.443233e+00	2.487053e+00	2.529752e+00	2.612474e+00
2.690977e+00	2.765048e+00	2.834949e+00	2.901712e+00	2.966934e+00	3.030689e+00
3.092703e+00	3.152459e+00	3.209849e+00	3.264559e+00	3.315629e+00	3.362115e+00
3.402988e+00	3.437685e+00	3.465119e+00	3.476111e+00	3.488281e+00	3.500787e+00
3.518297e+00	3.521369e+00	3.516012e+00	3.514640e+00	3.515262e+00	3.515622e+00
3.515373e+00	3.515534e+00	2.649065e+00	2.692847e+00	2.736263e+00	2.779047e+00
2.821394e+00	2.905314e+00	2.987368e+00	3.066784e+00	3.142720e+00	3.214279e+00
3.280601e+00	3.341068e+00	3.395706e+00	3.444966e+00	3.490967e+00	3.535498e+00
3.578117e+00	3.618208e+00	3.655658e+00	3.692583e+00	3.730371e+00	3.747776e+00
3.761185e+00	3.769407e+00	3.788840e+00	3.796223e+00	3.788921e+00	3.786934e+00
3.787976e+00	3.788200e+00	3.788561e+00	3.788352e+00	2.956081e+00	3.002185e+00
3.047737e+00	3.092339e+00	3.136226e+00	3.222544e+00	3.305907e+00	3.385363e+00
3.459940e+00	3.528575e+00	3.590276e+00	3.644483e+00	3.691422e+00	3.731999e+00
3.769164e+00	3.805530e+00	3.841058e+00	3.875653e+00	3.909937e+00	3.946968e+00
3.989115e+00	4.009848e+00	4.025121e+00	4.033180e+00	4.053827e+00	4.062353e+00
4.055327e+00	4.053306e+00	4.054412e+00	4.054628e+00	4.055059e+00	4.054808e+00
3.281585e+00	3.329630e+00	3.376873e+00	3.422732e+00	3.467476e+00	3.554537e+00
3.637140e+00	3.714255e+00	3.784881e+00	3.847988e+00	3.902663e+00	3.948458e+00
3.985835e+00	4.016216e+00	4.043326e+00	4.070586e+00	4.098418e+00	4.127313e+00
4.158550e+00	4.195487e+00	4.240765e+00	4.263935e+00	4.280508e+00	4.288235e+00
4.308976e+00	4.318092e+00	4.312572e+00	4.310782e+00	4.311827e+00	4.312015e+00
4.312466e+00	4.312213e+00	3.620485e+00	3.669317e+00	3.717068e+00	3.762960e+00
3.807301e+00	3.892554e+00	3.971786e+00	4.043959e+00	4.108031e+00	4.163053e+00
4.208304e+00	4.243505e+00	4.269446e+00	4.288157e+00	4.304137e+00	4.321638e+00
4.341518e+00	4.364719e+00	4.392920e+00	4.429301e+00	4.476223e+00	4.500753e+00
4.517794e+00	4.524634e+00	4.543895e+00	4.553215e+00	4.550435e+00	4.549145e+00
4.550025e+00	4.550145e+00	4.550635e+00	4.550375e+00	3.959903e+00	4.014402e+00
4.066867e+00	4.115772e+00	4.161520e+00	4.245436e+00	4.317695e+00	4.377854e+00
4.426096e+00	4.463684e+00	4.492808e+00	4.514132e+00	4.528710e+00	4.538583e+00
4.547729e+00	4.559876e+00	4.575575e+00	4.594859e+00	4.618430e+00	4.649300e+00
4.690344e+00	4.712995e+00	4.731219e+00	4.740969e+00	4.756544e+00	4.763799e+00
4.765550e+00	4.765184e+00	4.765663e+00	4.765850e+00	4.765978e+00	4.765943e+00
4.311077e+00	4.372558e+00	4.430762e+00	4.483160e+00	4.530276e+00	4.611425e+00
4.673623e+00	4.717463e+00	4.745055e+00	4.760780e+00	4.770621e+00	4.776274e+00
4.778880e+00	4.780212e+00	4.783260e+00	4.790765e+00	4.802785e+00	4.818138e+00
4.836224e+00	4.859759e+00	4.892218e+00	4.911679e+00	4.930673e+00	4.943719e+00
4.954476e+00	4.959055e+00	4.965935e+00	4.966688e+00	4.966712e+00	4.966935e+00
4.966702e+00	4.966887e+00	4.678876e+00	4.742134e+00	4.801149e+00	4.852696e+00
4.897447e+00	4.970204e+00	5.019314e+00	5.046225e+00	5.054414e+00	5.050267e+00
5.042093e+00	5.032214e+00	5.021769e+00	5.012264e+00	5.005923e+00	5.004845e+00
5.009183e+00	5.017950e+00	5.030500e+00	5.048476e+00	5.074267e+00	5.090486e+00
5.107486e+00	5.119474e+00	5.124874e+00	5.127904e+00	5.139157e+00	5.141157e+00
5.140945e+00	5.140788e+00	5.140973e+00	5.140911e+00	5.056198e+00	5.115922e+00
5.170846e+00	5.217302e+00	5.256103e+00	5.315140e+00	5.348257e+00	5.357480e+00
5.347124e+00	5.324643e+00	5.299477e+00	5.274255e+00	5.250057e+00	5.228147e+00
5.210207e+00	5.197971e+00	5.192078e+00	5.192531e+00	5.199276e+00	5.212441e+00
5.232417e+00	5.245183e+00	5.258254e+00	5.266343e+00	5.265912e+00	5.268104e+00
5.283086e+00	5.286295e+00	5.285960e+00	5.285256e+00	5.286206e+00	5.285683e+00
5.431966e+00	5.487738e+00	5.538004e+00	5.578531e+00	5.610307e+00	5.652960e+00
5.666821e+00	5.654752e+00	5.622267e+00	5.578399e+00	5.534135e+00	5.492605e+00
5.454741e+00	5.421352e+00	5.393254e+00	5.371181e+00	5.355831e+00	5.347342e+00
5.345590e+00	5.349967e+00	5.360298e+00	5.368402e+00	5.377444e+00	5.381860e+00
5.372580e+00	5.373646e+00	5.393155e+00	5.396847e+00	5.395873e+00	5.395589e+00
5.395731e+00	5.395672e+00	5.813240e+00	5.863764e+00	5.908052e+00	5.941277e+00
5.964631e+00	5.988152e+00	5.980130e+00	5.944365e+00	5.887672e+00	5.820762e+00
5.756176e+00	5.697572e+00	5.645683e+00	5.600806e+00	5.562888e+00	5.531511e+00
5.507157e+00	5.489477e+00	5.477890e+00	5.471764e+00	5.471195e+00	5.474312e+00
5.479268e+00	5.480035e+00	5.461412e+00	5.461355e+00	5.485254e+00	5.489175e+00
5.487468e+00	5.487851e+00	5.486798e+00	5.487427e+00	6.203856e+00	6.243847e+00
6.277302e+00	6.299265e+00	6.311152e+00	6.311905e+00	6.281421e+00	6.223629e+00
6.145324e+00	6.057070e+00	5.971137e+00	5.891639e+00	5.819968e+00	5.757423e+00
5.706300e+00	5.667554e+00	5.639608e+00	5.615995e+00	5.590755e+00	5.568535e+00
5.555902e+00	5.553435e+00	5.551608e+00	5.545741e+00	5.521704e+00	5.521963e+00
5.544653e+00	5.548321e+00	5.547122e+00	5.547277e+00	5.546562e+00	5.546915e+00
6.594379e+00	6.617944e+00	6.635582e+00	6.642678e+00	6.640757e+00	6.617087e+00
6.565719e+00	6.489366e+00	6.393186e+00	6.285536e+00	6.176389e+00	6.070655e+00
5.972141e+00	5.885549e+00	5.818788e+00	5.776023e+00	5.752153e+00	5.728479e+00
5.686560e+00	5.643617e+00	5.619161e+00	5.611003e+00	5.600236e+00	5.585706e+00
5.560814e+00	5.564749e+00	5.583194e+00	5.585989e+00	5.586268e+00	5.585781e+00
5.585918e+00	5.585759e+00	7.065943e+00	7.048215e+00	7.026490e+00	6.997980e+00
6.964311e+00	6.887848e+00	6.798050e+00	6.696638e+00	6.586422e+00	6.471460e+00
6.356343e+00	6.243861e+00	6.136723e+00	6.038293e+00	5.955208e+00	5.890516e+00
5.839014e+00	5.788866e+00	5.733973e+00	5.684346e+00	5.650879e+00	5.641306e+00
5.633765e+00	5.623844e+00	5.582742e+00	5.568990e+00	5.587752e+00	5.593270e+00
5.591757e+00	5.590610e+00	5.592878e+00	5.591031e+00	7.560772e+00	7.494030e+00
7.425902e+00	7.355717e+00	7.285122e+00	7.147773e+00	7.014118e+00	6.884375e+00
6.758520e+00	6.636205e+00	6.517089e+00	6.401663e+00	6.290623e+00	6.183972e+00
6.082984e+00	5.988549e+00	5.902084e+00	5.825753e+00	5.761077e+00	5.707100e+00
5.664891e+00	5.651483e+00	5.647209e+00	5.642735e+00	5.589546e+00	5.561478e+00
5.583720e+00	5.592482e+00	5.590243e+00	5.587836e+00	5.591820e+00	5.589474e+00
7.946238e+00	7.864417e+00	7.781261e+00	7.696003e+00	7.610394e+00	7.443531e+00
7.280512e+00	7.121485e+00	6.966584e+00	6.815947e+00	6.670094e+00	6.529903e+00
6.396182e+00	6.269108e+00	6.150094e+00	6.040340e+00	5.940988e+00	5.853532e+00
5.781116e+00	5.719591e+00	5.669036e+00	5.651107e+00	5.638914e+00	5.627671e+00
5.568346e+00	5.539435e+00	5.554683e+00	5.561355e+00	5.558477e+00	5.556476e+00
5.559682e+00	5.557886e+00	8.353120e+00	8.241452e+00	8.132121e+00	8.024628e+00
7.919639e+00	7.719517e+00	7.527840e+00	7.341558e+00	7.160114e+00	6.983355e+00
6.811709e+00	6.646298e+00	6.488017e+00	6.337762e+00	6.197573e+00	6.069736e+00
5.955919e+00	5.853187e+00	5.772534e+00	5.703017e+00	5.643581e+00	5.620846e+00
5.602978e+00	5.587004e+00	5.522132e+00	5.490665e+00	5.500546e+00	5.505923e+00
5.502409e+00	5.500546e+00	5.503418e+00	5.501956e+00	8.680205e+00	8.583366e+00
8.480398e+00	8.368130e+00	8.250131e+00	8.010392e+00	7.770389e+00	7.539185e+00
7.318453e+00	7.108237e+00	6.909092e+00	6.722302e+00	6.546746e+00	6.381731e+00
6.228232e+00	6.087345e+00	5.959371e+00	5.850821e+00	5.755158e+00	5.671096e+00
5.595206e+00	5.562562e+00	5.535106e+00	5.512542e+00	5.453943e+00	5.426398e+00
5.424436e+00	5.426512e+00	5.423388e+00	5.422283e+00	5.423945e+00	5.423258e+00
8.925313e+00	8.880729e+00	8.816582e+00	8.718692e+00	8.594510e+00	8.305931e+00
7.995100e+00	7.702541e+00	7.433894e+00	7.188019e+00	6.963817e+00	6.760306e+00
6.574448e+00	6.403111e+00	6.243955e+00	6.096040e+00	5.958986e+00	5.832244e+00
5.715292e+00	5.606971e+00	5.503971e+00	5.453016e+00	5.403411e+00	5.368977e+00
5.348405e+00	5.339414e+00	5.312492e+00	5.307151e+00	5.306771e+00	5.307701e+00
5.306301e+00	5.307321e+00	9.262624e+00	9.203805e+00	9.120412e+00	8.999512e+00
8.850736e+00	8.513251e+00	8.156854e+00	7.824708e+00	7.523714e+00	7.248628e+00
6.997758e+00	6.770527e+00	6.569357e+00	6.387252e+00	6.216170e+00	6.056747e+00
5.908803e+00	5.762573e+00	5.625383e+00	5.498488e+00	5.378893e+00	5.318707e+00
5.258427e+00	5.216072e+00	5.199333e+00	5.194248e+00	5.160943e+00	5.154359e+00
5.154671e+00	5.155804e+00	5.154192e+00	5.155194e+00	9.644145e+00	9.532269e+00
9.403501e+00	9.245917e+00	9.066859e+00	8.681108e+00	8.287068e+00	7.922067e+00
7.592465e+00	7.292477e+00	7.020833e+00	6.776388e+00	6.555639e+00	6.348674e+00
6.152492e+00	5.969752e+00	5.800713e+00	5.641150e+00	5.491413e+00	5.353109e+00
5.224136e+00	5.159826e+00	5.094888e+00	5.046867e+00	5.015718e+00	5.004883e+00
4.978847e+00	4.974718e+00	4.974568e+00	4.974883e+00	4.974580e+00	4.974636e+00
1.002090e+01	9.838149e+00	9.646352e+00	9.440051e+00	9.224770e+00	8.791203e+00
8.371280e+00	7.977731e+00	7.616144e+00	7.295535e+00	7.013904e+00	6.759201e+00
6.517354e+00	6.285568e+00	6.068179e+00	5.866295e+00	5.679873e+00	5.506122e+00
5.343426e+00	5.190804e+00	5.045076e+00	4.973177e+00	4.902706e+00	4.850463e+00
4.805718e+00	4.791600e+00	4.773576e+00	4.771408e+00	4.770731e+00	4.770622e+00
4.770699e+00	4.770393e+00	1.038445e+01	1.011602e+01	9.851005e+00	9.591993e+00
9.340578e+00	8.864111e+00	8.423501e+00	8.008867e+00	7.624883e+00	7.276791e+00
6.960971e+00	6.671977e+00	6.406566e+00	6.161718e+00	5.933404e+00	5.718850e+00
5.519206e+00	5.333801e+00	5.160906e+00	4.993112e+00	4.824675e+00	4.743002e+00
4.668037e+00	4.613968e+00	4.551732e+00	4.534637e+00	4.528983e+00	4.529095e+00
4.527507e+00	4.527178e+00	4.526944e+00	4.526719e+00	1.064371e+01	1.034059e+01
1.004090e+01	9.748788e+00	9.466584e+00	8.935159e+00	8.433862e+00	7.995739e+00
7.597516e+00	7.225077e+00	6.883613e+00	6.574604e+00	6.291276e+00	6.028072e+00
5.781846e+00	5.550910e+00	5.335982e+00	5.135804e+00	4.947588e+00	4.764792e+00
4.583156e+00	4.495774e+00	4.415286e+00	4.355722e+00	4.283594e+00	4.265733e+00
4.263863e+00	4.264489e+00	4.262632e+00	4.262233e+00	4.261945e+00	4.261580e+00
1.085736e+01	1.053711e+01	1.021821e+01	9.902108e+00	9.591853e+00	9.000101e+00
8.439084e+00	7.951645e+00	7.515396e+00	7.123179e+00	6.773021e+00	6.457123e+00
6.161495e+00	5.878415e+00	5.611178e+00	5.362672e+00	5.132122e+00	4.916004e+00
4.709997e+00	4.513400e+00	4.325665e+00	4.235473e+00	4.149231e+00	4.082372e+00
4.005835e+00	3.988574e+00	3.984837e+00	3.984763e+00	3.983050e+00	3.982706e+00
3.982485e+00	3.981899e+00	1.106481e+01	1.071456e+01	1.036543e+01	1.001938e+01
9.679602e+00	9.029030e+00	8.437538e+00	7.903847e+00	7.434508e+00	7.021082e+00
6.655942e+00	6.326731e+00	6.016411e+00	5.716367e+00	5.432501e+00	5.169003e+00
4.924174e+00	4.693714e+00	4.473142e+00	4.264584e+00	4.069206e+00	3.975314e+00
3.883628e+00	3.811434e+00	3.733764e+00	3.716399e+00	3.708728e+00	3.707848e+00
3.706295e+00	3.706017e+00	3.705850e+00	3.705245e+00	1.126534e+01	1.087122e+01
1.048254e+01	1.010376e+01	9.736534e+00	9.039684e+00	8.409045e+00	7.847934e+00
7.354272e+00	6.917416e+00	6.527071e+00	6.173302e+00	5.844251e+00	5.532730e+00
5.239363e+00	4.964535e+00	4.706973e+00	4.463935e+00	4.232719e+00	4.014160e+00
3.808637e+00	3.709593e+00	3.612566e+00	3.537462e+00	3.463191e+00	3.444776e+00
3.429945e+00	3.428032e+00	3.426681e+00	3.426492e+00	3.426367e+00	3.425996e+00
1.145169e+01	1.100542e+01	1.057136e+01	1.015925e+01	9.767820e+00	9.038333e+00
8.380945e+00	7.795803e+00	7.276781e+00	6.813880e+00	6.397201e+00	6.019384e+00
5.672909e+00	5.351336e+00	5.049818e+00	4.764953e+00	4.496096e+00	4.242267e+00
4.002528e+00	3.775638e+00	3.561393e+00	3.458488e+00	3.356972e+00	3.278386e+00
3.204440e+00	3.185395e+00	3.166953e+00	3.164537e+00	3.163210e+00	3.163031e+00
3.162942e+00	3.163118e+00	1.161097e+01	1.111715e+01	1.064249e+01	1.020166e+01
9.790067e+00	9.030415e+00	8.352149e+00	7.744753e+00	7.201326e+00	6.713393e+00
6.272519e+00	5.873039e+00	5.509916e+00	5.177193e+00	4.866866e+00	4.573225e+00
4.295688e+00	4.033743e+00	3.787055e+00	3.553039e+00	3.331280e+00	3.225181e+00
3.119848e+00	3.037533e+00	2.960614e+00	2.941145e+00	2.922465e+00	2.920028e+00
2.918533e+00	2.918319e+00	2.918228e+00	2.919098e+00	1.172905e+01	1.120714e+01
1.070724e+01	1.024579e+01	9.816347e+00	9.023796e+00	8.318291e+00	7.689085e+00
7.126929e+00	6.621799e+00	6.164046e+00	5.747889e+00	5.368647e+00	5.021236e+00
4.699296e+00	4.398004e+00	4.115421e+00	3.848600e+00	3.595544e+00	3.354876e+00
3.126174e+00	3.016372e+00	2.907438e+00	2.821810e+00	2.739490e+00	2.719299e+00
2.702245e+00	2.700060e+00	2.698270e+00	2.698033e+00	2.697885e+00	2.699165e+00
1.182877e+01	1.128121e+01	1.075859e+01	1.027922e+01	9.834851e+00	9.013984e+00
8.285604e+00	7.637838e+00	7.059577e+00	6.539880e+00	6.068610e+00	5.639866e+00
5.249002e+00	4.891068e+00	4.560046e+00	4.251203e+00	3.962194e+00	3.689517e+00
3.430482e+00	3.184026e+00	2.948658e+00	2.835029e+00	2.722128e+00	2.632945e+00
2.545699e+00	2.524385e+00	2.508073e+00	2.506178e+00	2.504272e+00	2.503945e+00
2.503874e+00	2.504812e+00	1.191365e+01	1.134238e+01	1.079898e+01	1.030367e+01
9.846268e+00	9.002460e+00	8.255496e+00	7.593407e+00	7.003292e+00	6.473236e+00
5.992559e+00	5.555188e+00	5.156325e+00	4.790846e+00	4.452633e+00	4.136866e+00
3.841172e+00	3.562076e+00	3.296612e+00	3.043227e+00	2.799647e+00	2.681431e+00
2.564324e+00	2.471773e+00	2.379271e+00	2.356486e+00	2.339574e+00	2.337695e+00
2.335752e+00	2.335423e+00	2.335328e+00	2.335344e+00	1.198015e+01	1.138830e+01
1.082727e+01	1.031917e+01	9.851954e+00	8.990447e+00	8.230901e+00	7.559466e+00
6.962065e+00	6.425879e+00	5.939693e+00	5.497253e+00	5.093536e+00	4.723108e+00
4.379496e+00	4.057706e+00	3.755509e+00	3.469711e+00	3.197290e+00	2.935536e+00
2.681657e+00	2.557614e+00	2.435202e+00	2.338565e+00	2.239937e+00	2.215273e+00
2.196432e+00	2.194281e+00	2.192329e+00	2.192079e+00	2.191859e+00	2.190648e+00
1.202456e+01	1.141649e+01	1.084220e+01	1.032600e+01	9.853203e+00	8.982637e+00
8.217572e+00	7.541599e+00	6.940605e+00	6.401391e+00	5.912596e+00	5.467707e+00
5.061383e+00	4.687760e+00	4.339793e+00	4.012161e+00	3.702845e+00	3.409021e+00
3.127443e+00	2.856880e+00	2.592498e+00	2.461428e+00	2.330994e+00	2.227221e+00
2.121482e+00	2.094401e+00	2.073024e+00	2.070600e+00	2.068591e+00	2.068316e+00
2.068092e+00	2.066298e+00	1.205572e+01	1.143578e+01	1.085201e+01	1.033029e+01
9.854011e+00	8.977137e+00	8.208718e+00	7.529846e+00	6.926553e+00	6.385403e+00
5.894961e+00	5.448519e+00	5.040498e+00	4.664711e+00	4.313668e+00	3.981769e+00
3.667117e+00	3.367143e+00	3.078398e+00	2.798980e+00	2.522665e+00	2.383628e+00
2.243437e+00	2.130592e+00	2.016677e+00	1.987165e+00	1.963289e+00	1.960579e+00
1.958432e+00	1.958101e+00	1.957899e+00	1.956072e+00	1.205943e+01	1.143743e+01
1.085223e+01	1.033028e+01	9.855137e+00	8.978037e+00	8.210519e+00	7.532103e+00
6.929010e+00	6.387851e+00	5.897240e+00	5.450497e+00	5.042070e+00	4.665779e+00
4.314127e+00	3.981438e+00	3.665609e+00	3.363780e+00	3.072344e+00	2.780498e+00
2.482923e+00	2.330640e+00	2.176257e+00	2.049313e+00	1.923886e+00	1.892357e+00
1.866396e+00	1.863294e+00	1.860800e+00	1.860430e+00	1.860180e+00	1.859595e+00
1.205551e+01	1.143150e+01	1.084625e+01	1.032752e+01	9.856716e+00	8.987251e+00
8.226520e+00	7.552255e+00	6.951587e+00	6.411666e+00	5.921509e+00	5.474641e+00
5.065696e+00	4.688663e+00	4.336270e+00	4.002665e+00	3.684698e+00	3.377834e+00
3.077102e+00	2.774090e+00	2.460659e+00	2.296767e+00	2.126830e+00	1.983202e+00
1.843160e+00	1.809580e+00	1.782014e+00	1.778510e+00	1.775435e+00	1.774999e+00
1.774712e+00	1.776286e+00	1.203685e+01	1.141629e+01	1.083628e+01	1.032479e+01
9.862615e+00	9.004580e+00	8.251678e+00	7.581478e+00	6.982710e+00	6.443938e+00
5.955291e+00	5.510274e+00	5.103201e+00	4.727684e+00	4.375950e+00	4.041699e+00
3.721360e+00	3.409579e+00	3.099537e+00	2.787459e+00	2.465106e+00	2.295569e+00
2.100000e+00	1.935678e+00	1.773705e+00	1.736090e+00	1.708687e+00	1.705234e+00
1.700923e+00	1.700162e+00	1.700253e+00	1.704369e+00	1.199292e+01	1.138648e+01
1.082012e+01	1.032150e+01	9.872671e+00	9.032193e+00	8.288996e+00	7.623466e+00
7.026580e+00	6.489310e+00	6.003778e+00	5.563341e+00	5.161502e+00	4.790827e+00
4.441989e+00	4.107785e+00	3.785271e+00	3.470177e+00	3.155679e+00	2.831347e+00
2.483452e+00	2.296479e+00	2.080859e+00	1.897605e+00	1.712129e+00	1.669665e+00
1.643195e+00	1.639989e+00	1.634191e+00	1.633001e+00	1.633643e+00	1.640369e+00
1.194914e+01	1.135432e+01	1.080028e+01	1.031540e+01	9.875499e+00	9.056150e+00
8.326067e+00	7.668792e+00	7.076993e+00	6.543555e+00	6.062320e+00	5.626736e+00
5.229818e+00	4.863450e+00	4.517332e+00	4.183649e+00	3.859711e+00	3.541690e+00
3.222195e+00	2.885136e+00	2.510370e+00	2.301221e+00	2.077353e+00	1.875620e+00
1.660620e+00	1.611509e+00	1.585904e+00	1.583095e+00	1.575614e+00	1.573929e+00
1.575288e+00	1.583971e+00	1.190548e+01	1.131782e+01	1.077254e+01	1.029896e+01
9.872501e+00	9.075251e+00	8.362534e+00	7.719554e+00	7.139325e+00	6.615052e+00
6.140803e+00	5.710387e+00	5.317261e+00	4.953655e+00	4.609688e+00	4.277608e+00
3.954289e+00	3.635046e+00	3.310897e+00	2.962655e+00	2.565813e+00	2.340062e+00
2.090589e+00	1.862940e+00	1.618523e+00	1.561519e+00	1.536720e+00	1.534429e+00
1.525123e+00	1.522893e+00	1.525108e+00	1.535155e+00	1.185688e+01	1.127753e+01
1.074229e+01	1.028145e+01	9.869384e+00	9.095835e+00	8.401818e+00	7.774197e+00
7.206475e+00	6.692227e+00	6.225824e+00	5.801486e+00	5.413045e+00	5.053111e+00
4.712193e+00	4.382609e+00	4.060792e+00	3.741222e+00	3.413277e+00	3.054353e+00
2.634954e+00	2.391329e+00	2.114499e+00	1.863989e+00	1.585580e+00	1.518962e+00
1.494483e+00	1.492771e+00	1.481534e+00	1.478701e+00	1.481809e+00	1.492591e+00
1.180374e+01	1.123377e+01	1.070988e+01	1.026341e+01	9.866567e+00	9.118070e+00
8.444005e+00	7.832717e+00	7.278359e+00	6.774964e+00	6.317329e+00	5.900097e+00
5.517423e+00	5.162288e+00	4.825533e+00	4.499530e+00	4.180317e+00	3.861599e+00
3.531129e+00	3.162657e+00	2.721186e+00	2.459185e+00	2.156306e+00	1.876229e+00
1.561085e+00	1.483363e+00	1.458803e+00	1.457641e+00	1.444205e+00	1.440735e+00
1.445018e+00	1.455814e+00	1.174836e+01	1.118802e+01	1.067615e+01	1.024515e+01
9.864263e+00	9.141264e+00	8.488054e+00	7.893977e+00	7.353836e+00	6.862153e+00
6.414166e+00	6.004897e+00	5.628890e+00	5.279511e+00	4.947944e+00	4.626629e+00
4.311274e+00	3.994752e+00	3.663137e+00	3.286361e+00	2.823385e+00	2.542708e+00
2.212697e+00	1.903038e+00	1.547229e+00	1.456383e+00	1.428134e+00	1.427487e+00
1.413168e+00	1.409219e+00	1.413688e+00	1.424252e+00	1.168531e+01	1.113634e+01
1.063795e+01	1.022377e+01	9.859798e+00	9.164103e+00	8.533119e+00	7.957358e+00
7.432326e+00	6.953073e+00	6.515318e+00	6.114541e+00	5.745767e+00	5.402842e+00
5.077489e+00	4.762388e+00	4.452722e+00	4.140424e+00	3.809349e+00	3.424448e+00
2.937796e+00	2.636923e+00	2.279060e+00	1.940756e+00	1.550049e+00	1.443628e+00
1.393956e+00	1.394683e+00	1.391090e+00	1.387528e+00	1.382804e+00	1.396818e+00
1.162440e+01	1.108681e+01	1.060182e+01	1.020413e+01	9.858310e+00	9.187954e+00
8.579064e+00	8.021724e+00	7.512068e+00	7.045661e+00	6.618675e+00	6.227043e+00
5.866245e+00	5.530597e+00	5.212386e+00	4.904529e+00	4.601775e+00	4.295119e+00
3.966248e+00	3.575030e+00	3.066140e+00	2.745172e+00	2.358511e+00	1.989247e+00
1.556095e+00	1.435200e+00	1.367046e+00	1.368378e+00	1.371319e+00	1.367856e+00
1.356651e+00	1.372533e+00	1.157364e+01	1.104594e+01	1.057283e+01	1.019013e+01
9.858693e+00	9.213125e+00	8.624867e+00	8.085201e+00	7.590714e+00	7.137409e+00
6.721824e+00	6.340259e+00	5.988545e+00	5.661350e+00	5.351397e+00	5.051743e+00
4.756949e+00	4.457275e+00	4.132821e+00	3.739347e+00	3.213840e+00	2.874696e+00
2.458261e+00	2.053146e+00	1.569080e+00	1.430288e+00	1.350247e+00	1.350467e+00
1.352667e+00	1.348997e+00	1.336317e+00	1.351577e+00	1.155316e+01	1.102944e+01
1.056230e+01	1.018921e+01	9.864337e+00	9.236932e+00	8.663958e+00	8.138633e+00
7.657739e+00	7.217421e+00	6.814295e+00	6.444701e+00	6.104442e+00	5.788054e+00
5.487931e+00	5.196955e+00	4.909910e+00	4.617415e+00	4.300119e+00	3.914265e+00
3.388405e+00	3.034764e+00	2.579650e+00	2.124387e+00	1.582567e+00	1.430982e+00
1.345956e+00	1.340670e+00	1.332562e+00	1.329970e+00	1.320832e+00	1.333543e+00
1.153771e+01	1.101708e+01	1.055469e+01	1.018867e+01	9.874999e+00	9.260637e+00
8.701205e+00	8.189166e+00	7.721325e+00	7.293903e+00	6.903551e+00	6.546592e+00
6.218707e+00	5.914171e+00	5.624797e+00	5.343161e+00	5.064398e+00	4.779855e+00
4.471495e+00	4.097927e+00	3.580067e+00	3.214944e+00	2.718365e+00	2.205986e+00
1.599371e+00	1.432913e+00	1.343073e+00	1.332992e+00	1.313664e+00	1.312292e+00
1.307611e+00	1.317471e+00	1.151618e+01	1.100073e+01	1.054498e+01	1.018765e+01
9.885125e+00	9.286536e+00	8.742018e+00	8.244018e+00	7.789473e+00	7.374760e+00
6.996673e+00	6.651639e+00	6.335388e+00	6.042190e+00	5.763655e+00	5.492239e+00
5.223215e+00	4.948151e+00	4.649201e+00	4.284838e+00	3.769566e+00	3.394836e+00
2.868499e+00	2.309324e+00	1.629007e+00	1.439568e+00	1.338539e+00	1.324812e+00
1.300518e+00	1.299152e+00	1.296238e+00	1.304021e+00	1.148763e+01	1.097998e+01
1.053299e+01	1.018577e+01	9.894282e+00	9.313720e+00	8.785193e+00	8.301700e+00
7.860438e+00	7.458045e+00	7.091565e+00	6.757660e+00	6.452273e+00	6.169917e+00
5.902359e+00	5.642140e+00	5.384495e+00	5.120744e+00	4.832120e+00	4.474461e+00
3.957306e+00	3.575382e+00	3.032807e+00	2.443182e+00	1.685466e+00	1.463362e+00
1.332486e+00	1.316454e+00	1.291336e+00	1.289409e+00	1.286420e+00	1.292885e+00
1.144326e+01	1.094570e+01	1.050971e+01	1.017663e+01	9.894140e+00	9.334336e+00
8.823151e+00	8.354745e+00	7.926682e+00	7.536031e+00	7.180212e+00	6.856293e+00
6.560696e+00	6.288513e+00	6.032244e+00	5.784892e+00	5.541507e+00	5.292694e+00
5.017636e+00	4.666579e+00	4.142807e+00	3.752263e+00	3.197198e+00	2.584339e+00
1.756573e+00	1.499214e+00	1.326323e+00	1.305366e+00	1.285075e+00	1.282168e+00
1.274238e+00	1.282596e+00	1.138976e+01	1.090351e+01	1.047931e+01	1.015971e+01
9.892768e+00	9.351993e+00	8.858272e+00	8.404986e+00	7.989934e+00	7.610650e+00
7.264977e+00	6.950474e+00	6.664167e+00	6.401895e+00	6.157200e+00	5.923788e+00
5.696539e+00	5.465156e+00	5.206112e+00	4.862092e+00	4.329365e+00	3.929947e+00
3.366148e+00	2.736677e+00	1.845293e+00	1.551363e+00	1.320392e+00	1.293496e+00
1.280143e+00	1.276189e+00	1.261145e+00	1.273097e+00	1.136799e+01	1.088779e+01
1.047047e+01	1.015484e+01	9.893259e+00	9.370212e+00	8.890017e+00	8.448970e+00
8.045272e+00	7.676743e+00	7.341422e+00	7.037113e+00	6.761156e+00	6.509775e+00
6.277025e+00	6.057059e+00	5.844949e+00	5.630346e+00	5.388637e+00	5.057981e+00
4.527873e+00	4.124288e+00	3.551355e+00	2.900463e+00	1.938545e+00	1.606818e+00
1.319842e+00	1.290273e+00	1.274215e+00	1.269582e+00	1.251949e+00	1.265364e+00
1.136244e+01	1.088482e+01	1.047091e+01	1.016013e+01	9.904232e+00	9.388993e+00
8.917547e+00	8.485713e+00	8.091658e+00	7.733215e+00	7.408391e+00	7.115024e+00
6.850461e+00	6.610871e+00	6.390103e+00	6.182399e+00	5.983595e+00	5.784634e+00
5.562037e+00	5.253101e+00	4.741855e+00	4.341071e+00	3.757125e+00	3.076347e+00
2.036541e+00	1.666962e+00	1.331382e+00	1.291043e+00	1.266513e+00	1.261920e+00
1.245587e+00	1.259393e+00	1.136243e+01	1.088747e+01	1.047656e+01	1.017164e+01
9.921269e+00	9.413370e+00	8.948609e+00	8.523047e+00	8.135230e+00	7.783507e+00
7.466434e+00	7.182165e+00	6.928306e+00	6.701306e+00	6.495337e+00	6.304239e+00
6.121919e+00	5.935356e+00	5.720221e+00	5.425560e+00	4.947605e+00	4.568486e+00
3.998262e+00	3.294310e+00	2.137429e+00	1.723042e+00	1.344380e+00	1.294186e+00
1.261163e+00	1.255928e+00	1.246322e+00	1.254047e+00	1.136279e+01	1.089198e+01
1.048575e+01	1.018528e+01	9.939023e+00	9.437910e+00	8.978686e+00	8.558108e+00
8.175185e+00	7.828850e+00	7.518290e+00	7.242008e+00	6.997950e+00	6.783015e+00
6.591975e+00	6.418383e+00	6.253764e+00	6.079778e+00	5.870385e+00	5.588266e+00
5.146393e+00	4.795669e+00	4.253877e+00	3.539355e+00	2.251662e+00	1.784080e+00
1.358603e+00	1.300535e+00	1.257713e+00	1.251330e+00	1.248614e+00	1.249289e+00
1.135568e+01	1.088925e+01	1.048689e+01	1.019013e+01	9.947494e+00	9.453156e+00
9.000508e+00	8.586619e+00	8.210619e+00	7.871526e+00	7.568683e+00	7.300678e+00
7.065601e+00	6.860548e+00	6.680422e+00	6.519124e+00	6.369135e+00	6.213368e+00
6.026368e+00	5.767522e+00	5.346307e+00	5.005605e+00	4.473880e+00	3.758435e+00
2.403487e+00	1.875578e+00	1.374455e+00	1.305075e+00	1.255461e+00	1.248150e+00
1.244092e+00	1.245278e+00	1.135330e+01	1.089142e+01	1.049323e+01	1.020050e+01
9.961379e+00	9.473473e+00	9.026232e+00	8.617403e+00	8.246612e+00	7.913331e+00
7.617317e+00	7.357259e+00	7.131193e+00	6.936135e+00	6.766705e+00	6.616758e+00
6.479317e+00	6.338324e+00	6.170024e+00	5.936141e+00	5.547563e+00	5.224319e+00
4.704654e+00	3.983527e+00	2.563166e+00	1.984089e+00	1.397783e+00	1.312229e+00
1.253485e+00	1.247681e+00	1.239159e+00	1.242643e+00	1.135512e+01	1.089687e+01
1.050183e+01	1.021010e+01	9.971866e+00	9.487005e+00	9.044041e+00	8.640602e+00
8.275947e+00	7.949298e+00	7.660234e+00	7.407483e+00	7.189119e+00	7.002112e+00
6.840982e+00	6.700150e+00	6.574718e+00	6.452436e+00	6.311082e+00	6.105729e+00
5.741694e+00	5.432154e+00	4.931842e+00	4.219252e+00	2.738424e+00	2.103505e+00
1.424094e+00	1.321812e+00	1.252965e+00	1.246588e+00	1.236744e+00	1.240054e+00
1.136666e+01	1.090644e+01	1.050960e+01	1.021675e+01	9.978007e+00	9.494255e+00
9.054556e+00	8.656280e+00	8.298058e+00	7.978330e+00	7.695866e+00	7.449315e+00
7.236940e+00	7.055849e+00	6.900834e+00	6.767396e+00	6.653694e+00	6.553410e+00
6.446288e+00	6.272006e+00	5.922362e+00	5.621811e+00	5.148608e+00	4.463818e+00
2.932796e+00	2.233309e+00	1.453485e+00	1.335654e+00	1.253337e+00	1.243979e+00
1.235950e+00	1.237350e+00	1.135826e+01	1.090151e+01	1.050854e+01	1.021931e+01
9.983115e+00	9.504117e+00	9.068989e+00	8.675191e+00	8.321165e+00	8.005304e+00
7.726465e+00	7.483754e+00	7.276026e+00	7.101155e+00	6.954961e+00	6.833506e+00
6.734270e+00	6.648985e+00	6.556854e+00	6.405033e+00	6.091540e+00	5.812792e+00
5.363958e+00	4.699906e+00	3.141540e+00	2.376187e+00	1.490596e+00	1.354785e+00
1.254511e+00	1.243773e+00	1.232923e+00	1.235107e+00	1.134204e+01	1.089309e+01
1.050693e+01	1.022132e+01	9.988018e+00	9.514909e+00	9.084434e+00	8.694289e+00
8.343275e+00	8.030145e+00	7.754086e+00	7.514622e+00	7.311113e+00	7.142245e+00
7.005063e+00	6.896207e+00	6.811574e+00	6.738836e+00	6.656898e+00	6.525668e+00
6.254424e+00	6.002196e+00	5.578237e+00	4.935420e+00	3.364246e+00	2.531822e+00
1.534030e+00	1.378413e+00	1.256677e+00	1.243666e+00	1.228913e+00	1.233119e+00
1.132995e+01	1.088937e+01	1.050832e+01	1.022604e+01	9.995090e+00	9.525753e+00
9.097913e+00	8.710054e+00	8.361380e+00	8.051059e+00	7.778604e+00	7.543450e+00
7.344716e+00	7.181195e+00	7.050667e+00	6.950350e+00	6.876367e+00	6.816432e+00
6.750651e+00	6.643917e+00	6.410191e+00	6.181313e+00	5.784671e+00	5.170220e+00
3.596953e+00	2.701617e+00	1.583850e+00	1.405652e+00	1.259794e+00	1.243897e+00
1.226791e+00	1.231477e+00	1.131954e+01	1.088758e+01	1.051386e+01	1.023421e+01
1.000382e+01	9.536206e+00	9.109555e+00	8.723039e+00	8.376144e+00	8.068437e+00
7.799782e+00	7.569323e+00	7.375495e+00	7.216686e+00	7.091020e+00	6.996370e+00
6.930146e+00	6.882302e+00	6.835421e+00	6.755005e+00	6.555326e+00	6.347932e+00
5.980340e+00	5.399580e+00	3.837593e+00	2.887690e+00	1.643672e+00	1.439073e+00
1.265132e+00	1.245186e+00	1.225626e+00	1.230150e+00	1.130390e+01	1.088243e+01
1.051436e+01	1.023749e+01	1.000704e+01	9.542187e+00	9.118137e+00	8.734023e+00
8.389370e+00	8.083944e+00	7.817744e+00	7.590121e+00	7.399785e+00	7.245351e+00
7.124808e+00	7.036161e+00	6.977481e+00	6.939861e+00	6.907437e+00	6.847792e+00
6.682376e+00	6.501448e+00	6.166938e+00	5.619472e+00	4.074861e+00	3.085911e+00
1.714126e+00	1.478345e+00	1.271679e+00	1.246947e+00	1.224783e+00	1.229017e+00
1.128379e+01	1.087360e+01	1.051445e+01	1.023954e+01	1.000895e+01	9.546578e+00
9.125245e+00	8.743742e+00	8.401415e+00	8.098060e+00	7.833715e+00	7.608155e+00
7.420681e+00	7.270307e+00	7.154731e+00	7.071922e+00	7.020374e+00	6.991926e+00
6.971956e+00	6.930595e+00	6.799047e+00	6.646671e+00	6.347282e+00	5.833565e+00
4.313907e+00	3.297957e+00	1.795234e+00	1.523608e+00	1.279758e+00	1.249568e+00
1.224114e+00	1.228020e+00	1.126273e+01	1.086519e+01	1.051486e+01	1.024256e+01
1.001164e+01	9.551230e+00	9.131675e+00	8.751930e+00	8.411395e+00	8.109876e+00
7.847428e+00	7.623987e+00	7.439165e+00	7.292189e+00	7.180740e+00	7.102911e+00
7.057631e+00	7.037465e+00	7.029388e+00	7.007428e+00	6.910189e+00	6.782976e+00
6.511987e+00	6.028343e+00	4.559411e+00	3.526066e+00	1.883529e+00	1.573981e+00
1.289386e+00	1.253498e+00	1.224033e+00	1.227263e+00	1.123989e+01	1.085716e+01
1.051742e+01	1.024766e+01	1.001582e+01	9.556186e+00	9.137237e+00	8.758368e+00
8.419080e+00	8.119130e+00	7.858588e+00	7.637315e+00	7.454925e+00	7.310652e+00
7.202439e+00	7.128662e+00	7.088689e+00	7.075788e+00	7.078900e+00	7.077502e+00
7.014929e+00	6.908280e+00	6.656728e+00	6.197464e+00	4.809936e+00	3.773176e+00
1.980894e+00	1.631763e+00	1.301857e+00	1.261149e+00	1.224974e+00	1.226670e+00
1.122167e+01	1.085277e+01	1.052243e+01	1.025498e+01	1.002223e+01	9.563312e+00
9.144984e+00	8.766973e+00	8.428830e+00	8.130259e+00	7.871316e+00	7.651817e+00
7.471434e+00	7.329470e+00	7.224058e+00	7.153849e+00	7.118605e+00	7.112227e+00
7.125066e+00	7.139959e+00	7.106489e+00	7.021764e+00	6.797614e+00	6.369980e+00
5.052936e+00	4.021198e+00	2.094131e+00	1.700652e+00	1.317016e+00	1.268803e+00
1.226040e+00	1.226790e+00	1.120537e+01	1.084902e+01	1.052646e+01	1.026118e+01
1.002744e+01	9.569445e+00	9.151912e+00	8.774862e+00	8.437832e+00	8.140510e+00
7.882918e+00	7.664877e+00	7.486172e+00	7.346196e+00	7.243219e+00	7.176131e+00
7.145033e+00	7.144424e+00	7.165655e+00	7.193535e+00	7.184552e+00	7.121789e+00
6.930239e+00	6.540125e+00	5.285797e+00	4.267635e+00	2.225413e+00	1.782351e+00
1.335305e+00	1.276601e+00	1.227281e+00	1.226970e+00	1.118673e+01	1.084116e+01
1.052642e+01	1.026285e+01	1.002838e+01	9.571209e+00	9.154412e+00	8.778246e+00
8.442230e+00	8.146055e+00	7.889701e+00	7.673011e+00	7.495845e+00	7.357641e+00
7.256812e+00	7.192437e+00	7.164884e+00	7.169257e+00	7.197834e+00	7.237364e+00
7.250223e+00	7.207216e+00	7.046900e+00	6.694934e+00	5.508647e+00	4.513028e+00
2.372243e+00	1.874713e+00	1.356296e+00	1.285415e+00	1.228862e+00	1.225538e+00
1.117269e+01	1.083608e+01	1.052726e+01	1.026562e+01	1.003049e+01	9.574164e+00
9.158210e+00	8.782696e+00	8.447411e+00	8.152118e+00	7.896782e+00	7.681276e+00
7.505426e+00	7.368732e+00	7.269754e+00	7.207706e+00	7.183245e+00	7.191921e+00
7.226915e+00	7.276685e+00	7.308625e+00	7.283293e+00	7.153375e+00	6.840437e+00
5.723331e+00	4.757188e+00	2.537702e+00	1.980075e+00	1.381297e+00	1.295997e+00
1.231026e+00	1.225450e+00	1.115855e+01	1.082999e+01	1.052708e+01	1.026628e+01
1.003085e+01	9.574929e+00	9.159385e+00	8.784640e+00	8.450177e+00	8.155744e+00
7.901383e+00	7.686989e+00	7.512372e+00	7.377074e+00	7.279763e+00	7.219772e+00
7.198016e+00	7.210472e+00	7.251110e+00	7.309975e+00	7.358719e+00	7.349277e+00
7.248720e+00	6.975280e+00	5.929269e+00	4.998971e+00	2.718412e+00	2.096938e+00
1.409839e+00	1.308266e+00	1.233421e+00	1.225212e+00	1.114432e+01	1.082272e+01
1.052441e+01	1.026509e+01	1.002907e+01	9.573988e+00	9.159218e+00	8.785125e+00
8.451309e+00	8.157571e+00	7.904020e+00	7.690557e+00	7.517001e+00	7.382913e+00
7.287023e+00	7.228771e+00	7.209277e+00	7.224922e+00	7.270328e+00	7.336977e+00
7.399958e+00	7.404236e+00	7.330989e+00	7.096343e+00	6.122057e+00	5.233315e+00
2.914669e+00	2.227554e+00	1.443509e+00	1.323247e+00	1.236184e+00	1.224597e+00
1.113574e+01	1.082036e+01	1.052597e+01	1.026741e+01	1.003100e+01	9.576286e+00
9.161879e+00	8.788452e+00	8.455304e+00	8.162135e+00	7.909171e+00	7.696420e+00
7.523688e+00	7.390561e+00	7.295820e+00	7.239017e+00	7.221431e+00	7.239767e+00
7.289238e+00	7.362584e+00	7.437664e+00	7.453679e+00	7.405176e+00	7.207588e+00
6.305350e+00	5.462105e+00	3.126500e+00	2.373665e+00	1.483823e+00	1.342255e+00
1.240733e+00	1.224625e+00	1.112845e+01	1.081858e+01	1.052834e+01	1.027094e+01
1.003392e+01	9.579774e+00	9.165918e+00	8.792746e+00	8.459856e+00	8.167017e+00
7.914466e+00	7.702262e+00	7.530204e+00	7.397903e+00	7.304166e+00	7.248646e+00
7.232759e+00	7.253481e+00	7.306582e+00	7.385986e+00	7.471943e+00	7.498500e+00
7.472926e+00	7.311115e+00	6.482290e+00	5.688069e+00	3.352922e+00	2.533946e+00
1.529812e+00	1.364645e+00	1.246570e+00	1.224667e+00	1.111905e+01	1.081470e+01
1.052782e+01	1.027090e+01	1.003365e+01	9.579780e+00	9.166194e+00	8.793218e+00
8.460519e+00	8.168101e+00	7.916112e+00	7.704503e+00	7.533140e+00	7.401676e+00
7.308922e+00	7.254597e+00	7.240251e+00	7.263066e+00	7.319312e+00	7.404102e+00
7.499656e+00	7.535255e+00	7.529574e+00	7.400921e+00	6.647528e+00	5.904728e+00
3.589204e+00	2.707384e+00	1.581781e+00	1.390471e+00	1.252811e+00	1.224512e+00
1.110830e+01	1.080840e+01	1.052477e+01	1.026881e+01	1.003112e+01	9.577837e+00
9.164829e+00	8.792425e+00	8.460277e+00	8.168283e+00	7.916646e+00	7.705443e+00
7.534584e+00	7.403768e+00	7.311803e+00	7.258451e+00	7.245378e+00	7.269916e+00
7.328764e+00	7.418138e+00	7.521881e+00	7.565028e+00	7.576119e+00	7.477271e+00
6.799015e+00	6.108753e+00	3.834092e+00	2.895871e+00	1.642712e+00	1.421985e+00
1.260039e+00	1.223959e+00	1.110082e+01	1.080535e+01	1.052471e+01	1.026898e+01
1.003116e+01	9.577972e+00	9.165081e+00	8.792811e+00	8.460804e+00	8.169165e+00
7.917955e+00	7.707150e+00	7.536743e+00	7.406491e+00	7.315210e+00	7.262697e+00
7.250709e+00	7.276716e+00	7.337765e+00	7.431062e+00	7.541885e+00	7.591363e+00
7.616098e+00	7.543362e+00	6.939362e+00	6.301466e+00	4.084400e+00	3.095737e+00
1.712867e+00	1.459906e+00	1.268890e+00	1.223869e+00	1.109480e+01	1.080322e+01
1.052515e+01	1.027001e+01	1.003181e+01	9.578844e+00	9.166227e+00	8.794270e+00
8.462595e+00	8.171175e+00	7.920139e+00	7.709531e+00	7.539413e+00	7.409581e+00
7.318861e+00	7.267058e+00	7.256004e+00	7.283295e+00	7.346272e+00	7.443056e+00
7.560235e+00	7.615298e+00	7.651843e+00	7.602881e+00	7.072218e+00	6.486980e+00
4.342146e+00	3.308251e+00	1.792542e+00	1.504457e+00	1.279304e+00	1.223833e+00
1.109299e+01	1.080290e+01	1.052619e+01	1.027194e+01	1.003326e+01	9.580532e+00
9.168199e+00	8.796553e+00	8.465202e+00	8.174023e+00	7.923181e+00	7.712714e+00
7.542846e+00	7.413441e+00	7.323320e+00	7.272182e+00	7.262002e+00	7.290484e+00
7.354765e+00	7.454454e+00	7.577506e+00	7.637864e+00	7.684364e+00	7.655967e+00
7.196222e+00	6.662911e+00	4.601691e+00	3.530649e+00	1.882237e+00	1.555705e+00
1.291171e+00	1.223874e+00	1.109275e+01	1.080526e+01	1.053062e+01	1.027730e+01
1.003818e+01	9.585379e+00	9.173031e+00	8.801425e+00	8.470187e+00	8.179128e+00
7.928384e+00	7.717771e+00	7.547941e+00	7.418924e+00	7.329513e+00	7.278940e+00
7.269546e+00	7.299127e+00	7.363136e+00	7.464790e+00	7.593566e+00	7.659427e+00
7.714102e+00	7.702501e+00	7.309472e+00	6.826428e+00	4.858962e+00	3.761870e+00
1.986422e+00	1.617731e+00	1.305500e+00	1.224295e+00	1.109738e+01	1.081025e+01
1.053422e+01	1.027811e+01	1.003773e+01	9.583809e+00	9.171362e+00	8.800123e+00
8.469511e+00	8.179185e+00	7.929121e+00	7.719474e+00	7.550177e+00	7.420785e+00
7.329853e+00	7.277434e+00	7.266801e+00	7.298948e+00	7.374153e+00	7.482691e+00
7.608158e+00	7.672111e+00	7.731408e+00	7.737606e+00	7.412254e+00	6.973429e+00
5.105315e+00	3.998532e+00	2.105870e+00	1.688855e+00	1.320561e+00	1.224251e+00
1.110476e+01	1.081444e+01	1.053611e+01	1.027793e+01	1.003558e+01	9.579874e+00
9.167303e+00	8.796677e+00	8.467081e+00	8.177948e+00	7.929007e+00	7.720259e+00
7.551393e+00	7.421707e+00	7.328921e+00	7.273394e+00	7.260604e+00	7.296700e+00
7.384137e+00	7.500556e+00	7.620185e+00	7.681283e+00	7.744290e+00	7.766357e+00
7.502368e+00	7.105898e+00	5.341348e+00	4.238302e+00	2.242277e+00	1.771895e+00
1.337342e+00	1.224049e+00	1.110139e+01	1.081343e+01	1.053640e+01	1.027872e+01
1.003626e+01	9.580740e+00	9.168271e+00	8.797716e+00	8.468188e+00	8.179083e+00
7.930167e+00	7.721406e+00	7.552647e+00	7.423224e+00	7.331098e+00	7.276096e+00
7.263935e+00	7.300637e+00	7.387457e+00	7.504860e+00	7.627886e+00	7.692939e+00
7.761994e+00	7.794929e+00	7.577521e+00	7.227725e+00	5.572220e+00	4.478695e+00
2.393137e+00	1.869928e+00	1.358221e+00	1.224075e+00	1.108426e+01	1.080285e+01
1.053145e+01	1.027708e+01	1.003641e+01	9.582791e+00	9.170671e+00	8.799735e+00
8.469457e+00	8.179512e+00	7.929955e+00	7.720756e+00	7.551986e+00	7.423318e+00
7.333266e+00	7.282142e+00	7.273136e+00	7.306824e+00	7.382766e+00	7.494390e+00
7.630649e+00	7.705324e+00	7.779855e+00	7.817584e+00	7.642641e+00	7.334121e+00
5.791804e+00	4.719472e+00	2.558146e+00	1.983768e+00	1.382581e+00	1.223947e+00
1.107622e+01	1.079838e+01	1.052940e+01	1.027654e+01	1.003683e+01	9.584842e+00
9.172893e+00	8.801593e+00	8.470691e+00	8.180091e+00	7.929999e+00	7.720643e+00
7.551905e+00	7.423686e+00	7.335365e+00	7.286450e+00	7.279156e+00	7.311496e+00
7.381095e+00	7.490278e+00	7.634305e+00	7.715354e+00	7.795142e+00	7.838939e+00
7.698195e+00	7.427493e+00	6.001959e+00	4.961736e+00	2.737521e+00	2.110109e+00
1.410441e+00	1.223906e+00	1.107550e+01	1.079886e+01	1.053101e+01	1.027848e+01
1.003874e+01	9.586470e+00	9.174437e+00	8.802940e+00	8.471799e+00	8.181135e+00
7.931326e+00	7.722344e+00	7.553958e+00	7.425879e+00	7.337305e+00	7.288408e+00
7.281327e+00	7.314102e+00	7.385223e+00	7.495799e+00	7.641002e+00	7.722594e+00
7.807257e+00	7.859745e+00	7.744238e+00	7.507621e+00	6.200401e+00	5.203648e+00
2.932790e+00	2.249855e+00	1.442851e+00	1.224068e+00	