2.038211e-01	2.103417e-01	2.169348e-01	2.236439e-01	2.304528e-01	2.443300e-01
2.584900e-01	2.729514e-01	2.877050e-01	3.028106e-01	3.184666e-01	3.348198e-01
3.522378e-01	3.714322e-01	3.936237e-01	4.195692e-01	4.474043e-01	4.712783e-01
4.850918e-01	4.909754e-01	4.947443e-01	4.997939e-01	5.153252e-01	5.361080e-01
5.418722e-01	5.401185e-01	5.400904e-01	5.409103e-01	5.432125e-01	5.439407e-01
5.436886e-01	5.407492e-01	2.296888e-01	2.368284e-01	2.440425e-01	2.513782e-01
2.588189e-01	2.739732e-01	2.894244e-01	3.051905e-01	3.212598e-01	3.376922e-01
3.546918e-01	3.724077e-01	3.912174e-01	4.118555e-01	4.355830e-01	4.631652e-01
4.926360e-01	5.179281e-01	5.327557e-01	5.393333e-01	5.436447e-01	5.490219e-01
5.651836e-01	5.866876e-01	5.927983e-01	5.910757e-01	5.911221e-01	5.919604e-01
5.942894e-01	5.950272e-01	5.947710e-01	5.918040e-01	2.588396e-01	2.666503e-01
2.745376e-01	2.825519e-01	2.906764e-01	3.072129e-01	3.240609e-01	3.412375e-01
3.587280e-01	3.765919e-01	3.950375e-01	4.142154e-01	4.345106e-01	4.566780e-01
4.820150e-01	5.112911e-01	5.424404e-01	5.691955e-01	5.851029e-01	5.924543e-01
5.973784e-01	6.030987e-01	6.198658e-01	6.420392e-01	6.485105e-01	6.468405e-01
6.469756e-01	6.478284e-01	6.501688e-01	6.509119e-01	6.506528e-01	6.476791e-01
2.916901e-01	3.002275e-01	3.088433e-01	3.175916e-01	3.264552e-01	3.444853e-01
3.628424e-01	3.815421e-01	4.005662e-01	4.199726e-01	4.399726e-01	4.607165e-01
4.825948e-01	5.063787e-01	5.333967e-01	5.644177e-01	5.972800e-01	6.255376e-01
6.425937e-01	6.508073e-01	6.564230e-01	6.625019e-01	6.798386e-01	7.026129e-01
7.094586e-01	7.078663e-01	7.081065e-01	7.089692e-01	7.113025e-01	7.120451e-01
7.117850e-01	7.088296e-01	3.287097e-01	3.380328e-01	3.474358e-01	3.569765e-01
3.666380e-01	3.862798e-01	4.062650e-01	4.266071e-01	4.472839e-01	4.683505e-01
4.900189e-01	5.124379e-01	5.360001e-01	5.614883e-01	5.902554e-01	6.230644e-01
6.576638e-01	6.874568e-01	7.057333e-01	7.149078e-01	7.213036e-01	7.277560e-01
7.456138e-01	7.689016e-01	7.761348e-01	7.746496e-01	7.750135e-01	7.758804e-01
7.781844e-01	7.789200e-01	7.786609e-01	7.757536e-01	3.704276e-01	3.805986e-01
3.908507e-01	4.012456e-01	4.117668e-01	4.331449e-01	4.548842e-01	4.769950e-01
4.994503e-01	5.223011e-01	5.457579e-01	5.699658e-01	5.953153e-01	6.225955e-01
6.531752e-01	6.878048e-01	7.241522e-01	7.555051e-01	7.750769e-01	7.853217e-01
7.925970e-01	7.994375e-01	8.177528e-01	8.414443e-01	8.490773e-01	8.477336e-01
8.482424e-01	8.491065e-01	8.513550e-01	8.520757e-01	8.518202e-01	8.489963e-01
4.174401e-01	4.285244e-01	4.396906e-01	4.510045e-01	4.624504e-01	4.856960e-01
5.093219e-01	5.333343e-01	5.577008e-01	5.824665e-01	6.078371e-01	6.339519e-01
6.611946e-01	6.903531e-01	7.228021e-01	7.592723e-01	7.973625e-01	8.302892e-01
8.512339e-01	8.626710e-01	8.709370e-01	8.781794e-01	8.968714e-01	9.208311e-01
9.288750e-01	9.277126e-01	9.283905e-01	9.292435e-01	9.314057e-01	9.321021e-01
9.318532e-01	9.291541e-01	4.704192e-01	4.824851e-01	4.946335e-01	5.069342e-01
5.193725e-01	5.446228e-01	5.702742e-01	5.963280e-01	6.227450e-01	6.495625e-01
6.769778e-01	7.051213e-01	7.343643e-01	7.654848e-01	7.998510e-01	8.381657e-01
8.779742e-01	9.124758e-01	9.348740e-01	9.476386e-01	9.570201e-01	9.646771e-01
9.836448e-01	1.007708e+00	1.016172e+00	1.015237e+00	1.016112e+00	1.016944e+00
1.018983e+00	1.019645e+00	1.019406e+00	1.016880e+00	5.301221e-01	5.432407e-01
5.564420e-01	5.697997e-01	5.833011e-01	6.106988e-01	6.385210e-01	6.667621e-01
6.953753e-01	7.243874e-01	7.539832e-01	7.842804e-01	8.156311e-01	8.487931e-01
8.851132e-01	9.252566e-01	9.667356e-01	1.002798e+00	1.026732e+00	1.040975e+00
1.051612e+00	1.059694e+00	1.078814e+00	1.102781e+00	1.111674e+00	1.111019e+00
1.112121e+00	1.112921e+00	1.114796e+00	1.115409e+00	1.115184e+00	1.112889e+00
5.974021e-01	6.116467e-01	6.259739e-01	6.404612e-01	6.550986e-01	6.847915e-01
7.149351e-01	7.455154e-01	7.764763e-01	8.078317e-01	8.397478e-01	8.723261e-01
9.058911e-01	9.411680e-01	9.794641e-01	1.021397e+00	1.064471e+00	1.102060e+00
1.127616e+00	1.143505e+00	1.155553e+00	1.164071e+00	1.183190e+00	1.206824e+00
1.216151e+00	1.215838e+00	1.217202e+00	1.217956e+00	1.219617e+00	1.220168e+00
1.219961e+00	1.217962e+00	6.732209e-01	6.886666e-01	7.041943e-01	7.198856e-01
7.357334e-01	7.678734e-01	8.004939e-01	8.335704e-01	8.670361e-01	9.008882e-01
9.352680e-01	9.702562e-01	1.006140e+00	1.043596e+00	1.083873e+00	1.127527e+00
1.172086e+00	1.211148e+00	1.238413e+00	1.256133e+00	1.269767e+00	1.278728e+00
1.297665e+00	1.320683e+00	1.330447e+00	1.330545e+00	1.332213e+00	1.332905e+00
1.334294e+00	1.334765e+00	1.334583e+00	1.332955e+00	7.586622e-01	7.753850e-01
7.921891e-01	8.091595e-01	8.262935e-01	8.610352e-01	8.962919e-01	9.320259e-01
9.681579e-01	1.004664e+00	1.041654e+00	1.079180e+00	1.117482e+00	1.157172e+00
1.199411e+00	1.244684e+00	1.290582e+00	1.331034e+00	1.360097e+00	1.379854e+00
1.395270e+00	1.404678e+00	1.423216e+00	1.445284e+00	1.455485e+00	1.456075e+00
1.458090e+00	1.458702e+00	1.459754e+00	1.460125e+00	1.459974e+00	1.458806e+00
8.549473e-01	8.730231e-01	8.911795e-01	9.095044e-01	9.280004e-01	9.654998e-01
1.003554e+00	1.042110e+00	1.081073e+00	1.120394e+00	1.160140e+00	1.200332e+00
1.241145e+00	1.283107e+00	1.327265e+00	1.374015e+00	1.421057e+00	1.462788e+00
1.493736e+00	1.515761e+00	1.533178e+00	1.543034e+00	1.560914e+00	1.581640e+00
1.592274e+00	1.593448e+00	1.595860e+00	1.596371e+00	1.597011e+00	1.597259e+00
1.597147e+00	1.596539e+00	9.634522e-01	9.829561e-01	1.002540e+00	1.022293e+00
1.042226e+00	1.082639e+00	1.123653e+00	1.165197e+00	1.207158e+00	1.249456e+00
1.292105e+00	1.335085e+00	1.378494e+00	1.422749e+00	1.468748e+00	1.516784e+00
1.564723e+00	1.607583e+00	1.640507e+00	1.665054e+00	1.684717e+00	1.695018e+00
1.711934e+00	1.730861e+00	1.741918e+00	1.743781e+00	1.746649e+00	1.747033e+00
1.747174e+00	1.747273e+00	1.747207e+00	1.747276e+00	1.085728e+00	1.106732e+00
1.127815e+00	1.149069e+00	1.170512e+00	1.213989e+00	1.258125e+00	1.302822e+00
1.347948e+00	1.393384e+00	1.439080e+00	1.484966e+00	1.531042e+00	1.577588e+00
1.625313e+00	1.674388e+00	1.722913e+00	1.766710e+00	1.801699e+00	1.829051e+00
1.851234e+00	1.861971e+00	1.877566e+00	1.894161e+00	1.905627e+00	1.908297e+00
1.911685e+00	1.911915e+00	1.911456e+00	1.911376e+00	1.911366e+00	1.912245e+00
1.223952e+00	1.246477e+00	1.269085e+00	1.291873e+00	1.314869e+00	1.361526e+00
1.408947e+00	1.457003e+00	1.505543e+00	1.554400e+00	1.603438e+00	1.652522e+00
1.701513e+00	1.750488e+00	1.799862e+00	1.849622e+00	1.898236e+00	1.942705e+00
1.980057e+00	2.010889e+00	2.036190e+00	2.047331e+00	2.060825e+00	2.073966e+00
2.085927e+00	2.089730e+00	2.093809e+00	2.093810e+00	2.092499e+00	2.092166e+00
2.092235e+00	2.094266e+00	1.379420e+00	1.403552e+00	1.427771e+00	1.452172e+00
1.476799e+00	1.526789e+00	1.577638e+00	1.629185e+00	1.681250e+00	1.733609e+00
1.786027e+00	1.838294e+00	1.890120e+00	1.941357e+00	1.992110e+00	2.042184e+00
2.090483e+00	2.135336e+00	2.175006e+00	2.209450e+00	2.238035e+00	2.249568e+00
2.260688e+00	2.269962e+00	2.282323e+00	2.287298e+00	2.292089e+00	2.291850e+00
2.289640e+00	2.289038e+00	2.289192e+00	2.292433e+00	1.552546e+00	1.578579e+00
1.604678e+00	1.630922e+00	1.657368e+00	1.710986e+00	1.765398e+00	1.820391e+00
1.875730e+00	1.931120e+00	1.986216e+00	2.040746e+00	2.094357e+00	2.146828e+00
2.198228e+00	2.248404e+00	2.296510e+00	2.341562e+00	2.382486e+00	2.418960e+00
2.449622e+00	2.461651e+00	2.471863e+00	2.479269e+00	2.491335e+00	2.496574e+00
2.501670e+00	2.501382e+00	2.498872e+00	2.498168e+00	2.498359e+00	2.501973e+00
1.744264e+00	1.772633e+00	1.801008e+00	1.829418e+00	1.857938e+00	1.915532e+00
1.973578e+00	2.031803e+00	2.089897e+00	2.147507e+00	2.204222e+00	2.259745e+00
2.313780e+00	2.366215e+00	2.417398e+00	2.467446e+00	2.515530e+00	2.560555e+00
2.601419e+00	2.637998e+00	2.669267e+00	2.681877e+00	2.692874e+00	2.700808e+00
2.711876e+00	2.716347e+00	2.721196e+00	2.721080e+00	2.719013e+00	2.718414e+00
2.718582e+00	2.721544e+00	1.952612e+00	1.984158e+00	2.015556e+00	2.046711e+00
2.077721e+00	2.139651e+00	2.201067e+00	2.261686e+00	2.321231e+00	2.379527e+00
2.436427e+00	2.491715e+00	2.545177e+00	2.596808e+00	2.647187e+00	2.696617e+00
2.744222e+00	2.788676e+00	2.828696e+00	2.864462e+00	2.895473e+00	2.908384e+00
2.920157e+00	2.928951e+00	2.939671e+00	2.943442e+00	2.947265e+00	2.947321e+00
2.946200e+00	2.945846e+00	2.945960e+00	2.947675e+00	2.180264e+00	2.215799e+00
2.250942e+00	2.285403e+00	2.319302e+00	2.385908e+00	2.450426e+00	2.512618e+00
2.572347e+00	2.629843e+00	2.685514e+00	2.739316e+00	2.791142e+00	2.841105e+00
2.890000e+00	2.938269e+00	2.984924e+00	3.028237e+00	3.066585e+00	3.100588e+00
3.130539e+00	3.143563e+00	3.156282e+00	3.166414e+00	3.177136e+00	3.180130e+00
3.182292e+00	3.182547e+00	3.182835e+00	3.182852e+00	3.182882e+00	3.182785e+00
2.426500e+00	2.466660e+00	2.506091e+00	2.544238e+00	2.581253e+00	2.652580e+00
2.719683e+00	2.782421e+00	2.840949e+00	2.896115e+00	2.949182e+00	3.000341e+00
3.049580e+00	3.097035e+00	3.143530e+00	3.189509e+00	3.233934e+00	3.274902e+00
3.310717e+00	3.342479e+00	3.371268e+00	3.384425e+00	3.397928e+00	3.409063e+00
3.419740e+00	3.422140e+00	3.422491e+00	3.422941e+00	3.424767e+00	3.425165e+00
3.425111e+00	3.423066e+00	2.689574e+00	2.735149e+00	2.779533e+00	2.821825e+00
2.862209e+00	2.938224e+00	3.007151e+00	3.069026e+00	3.124526e+00	3.175415e+00
3.224214e+00	3.271409e+00	3.317052e+00	3.361133e+00	3.404220e+00	3.446535e+00
3.487116e+00	3.524248e+00	3.556584e+00	3.585701e+00	3.613397e+00	3.626767e+00
3.640802e+00	3.652397e+00	3.662984e+00	3.665109e+00	3.663546e+00	3.664174e+00
3.667638e+00	3.668407e+00	3.668281e+00	3.664198e+00	2.970555e+00	3.021732e+00
3.071195e+00	3.117638e+00	3.161280e+00	3.241476e+00	3.311321e+00	3.371099e+00
3.422075e+00	3.467086e+00	3.510044e+00	3.551789e+00	3.592401e+00	3.631793e+00
3.670254e+00	3.707808e+00	3.743557e+00	3.775950e+00	3.803927e+00	3.829572e+00
3.855459e+00	3.868766e+00	3.883127e+00	3.895096e+00	3.905444e+00	3.907267e+00
3.903933e+00	3.904722e+00	3.909674e+00	3.910786e+00	3.910521e+00	3.904724e+00
3.268209e+00	3.324914e+00	3.379335e+00	3.429708e+00	3.476295e+00	3.559813e+00
3.629443e+00	3.685752e+00	3.730659e+00	3.768179e+00	3.803688e+00	3.838422e+00
3.872477e+00	3.905749e+00	3.938279e+00	3.969944e+00	3.999893e+00	4.026685e+00
4.049461e+00	4.070817e+00	4.094120e+00	4.107005e+00	4.121358e+00	4.133481e+00
4.143397e+00	4.144902e+00	4.140122e+00	4.141031e+00	4.147154e+00	4.148543e+00
4.148161e+00	4.140869e+00	3.580546e+00	3.642250e+00	3.701071e+00	3.754760e+00
3.803644e+00	3.889094e+00	3.957090e+00	4.008455e+00	4.045831e+00	4.074401e+00
4.100967e+00	4.127178e+00	4.153160e+00	4.178827e+00	4.204052e+00	4.228653e+00
4.251829e+00	4.272195e+00	4.289054e+00	4.305431e+00	4.325394e+00	4.337385e+00
4.351101e+00	4.362790e+00	4.372004e+00	4.373240e+00	4.367643e+00	4.368591e+00
4.375285e+00	4.376806e+00	4.376489e+00	4.367853e+00	3.904681e+00	3.970350e+00
4.032540e+00	4.088526e+00	4.138717e+00	4.224285e+00	4.288964e+00	4.333929e+00
4.362500e+00	4.380894e+00	4.397235e+00	4.413520e+00	4.429946e+00	4.446502e+00
4.463054e+00	4.479417e+00	4.494898e+00	4.508122e+00	4.518523e+00	4.529413e+00
4.545297e+00	4.555833e+00	4.568076e+00	4.578506e+00	4.586700e+00	4.587726e+00
4.582168e+00	4.583064e+00	4.589514e+00	4.590976e+00	4.590676e+00	4.582434e+00
4.241263e+00	4.309582e+00	4.373837e+00	4.430858e+00	4.481147e+00	4.564629e+00
4.624108e+00	4.661118e+00	4.679584e+00	4.686645e+00	4.691544e+00	4.696582e+00
4.702040e+00	4.708078e+00	4.714641e+00	4.721671e+00	4.728578e+00	4.734003e+00
4.737435e+00	4.742336e+00	4.753378e+00	4.761846e+00	4.771659e+00	4.779880e+00
4.786660e+00	4.787535e+00	4.782943e+00	4.783685e+00	4.789003e+00	4.790204e+00
4.789940e+00	4.783214e+00	4.584691e+00	4.653669e+00	4.718057e+00	4.774307e+00
4.823018e+00	4.901493e+00	4.953494e+00	4.980859e+00	4.987988e+00	4.982758e+00
4.975200e+00	4.967851e+00	4.961112e+00	4.955403e+00	4.950834e+00	4.947615e+00
4.945235e+00	4.942356e+00	4.938427e+00	4.936897e+00	4.942306e+00	4.948015e+00
4.954314e+00	4.959253e+00	4.964172e+00	4.964962e+00	4.962352e+00	4.962822e+00
4.966032e+00	4.966751e+00	4.966571e+00	4.962472e+00	4.934952e+00	5.001472e+00
5.063173e+00	5.116342e+00	5.161652e+00	5.232595e+00	5.275544e+00	5.291817e+00
5.286110e+00	5.266978e+00	5.245279e+00	5.223902e+00	5.203755e+00	5.185557e+00
5.169416e+00	5.155538e+00	5.143505e+00	5.131964e+00	5.120250e+00	5.111354e+00
5.110063e+00	5.112858e+00	5.114817e+00	5.115167e+00	5.117868e+00	5.118680e+00
5.118831e+00	5.118907e+00	5.119219e+00	5.119319e+00	5.119305e+00	5.118912e+00
5.295438e+00	5.358220e+00	5.415862e+00	5.464395e+00	5.504623e+00	5.564601e+00
5.595327e+00	5.598140e+00	5.578063e+00	5.544093e+00	5.507584e+00	5.471586e+00
5.437349e+00	5.405765e+00	5.377156e+00	5.351850e+00	5.329531e+00	5.308773e+00
5.288804e+00	5.272306e+00	5.263816e+00	5.262875e+00	5.259737e+00	5.255151e+00
5.255254e+00	5.256041e+00	5.259341e+00	5.258970e+00	5.255995e+00	5.255356e+00
5.255560e+00	5.259403e+00	5.657550e+00	5.719638e+00	5.774926e+00	5.818179e+00
5.850730e+00	5.891214e+00	5.900217e+00	5.883782e+00	5.847620e+00	5.800027e+00
5.751092e+00	5.702852e+00	5.655329e+00	5.608951e+00	5.565670e+00	5.527139e+00
5.493160e+00	5.462086e+00	5.433233e+00	5.410406e+00	5.394964e+00	5.387216e+00
5.377408e+00	5.368792e+00	5.365442e+00	5.365899e+00	5.372767e+00	5.371927e+00
5.365305e+00	5.363639e+00	5.364156e+00	5.372789e+00	6.016279e+00	6.079441e+00
6.133039e+00	6.169778e+00	6.191899e+00	6.205178e+00	6.184778e+00	6.144633e+00
6.090951e+00	6.030356e+00	5.970506e+00	5.911674e+00	5.851599e+00	5.789817e+00
5.730850e+00	5.678355e+00	5.632203e+00	5.590390e+00	5.552380e+00	5.523838e+00
5.501513e+00	5.485541e+00	5.468482e+00	5.456319e+00	5.449163e+00	5.449122e+00
5.459443e+00	5.458150e+00	5.447980e+00	5.445232e+00	5.446089e+00	5.459398e+00
6.380705e+00	6.434404e+00	6.477703e+00	6.502946e+00	6.512807e+00	6.500977e+00
6.455687e+00	6.392202e+00	6.317203e+00	6.237597e+00	6.161036e+00	6.087472e+00
6.013533e+00	5.938087e+00	5.866276e+00	5.801926e+00	5.744774e+00	5.692320e+00
5.644001e+00	5.607145e+00	5.575622e+00	5.551635e+00	5.526111e+00	5.507580e+00
5.495210e+00	5.494317e+00	5.507157e+00	5.505385e+00	5.492026e+00	5.488407e+00
5.489615e+00	5.506844e+00	6.752302e+00	6.789862e+00	6.817534e+00	6.828019e+00
6.824036e+00	6.786918e+00	6.717905e+00	6.630423e+00	6.531714e+00	6.430063e+00
6.334244e+00	6.244375e+00	6.156257e+00	6.068015e+00	5.984626e+00	5.909413e+00
5.841919e+00	5.779157e+00	5.720555e+00	5.675075e+00	5.634535e+00	5.603363e+00
5.570074e+00	5.545499e+00	5.528442e+00	5.526774e+00	5.541613e+00	5.539429e+00
5.523430e+00	5.519107e+00	5.520611e+00	5.541042e+00	7.123424e+00	7.144567e+00
7.155882e+00	7.150098e+00	7.130128e+00	7.062481e+00	6.964437e+00	6.849167e+00
6.724452e+00	6.599342e+00	6.483099e+00	6.375740e+00	6.272451e+00	6.170618e+00
6.074804e+00	5.987763e+00	5.908813e+00	5.833553e+00	5.761659e+00	5.701403e+00
5.648973e+00	5.615499e+00	5.579710e+00	5.553145e+00	5.534445e+00	5.532457e+00
5.547638e+00	5.545343e+00	5.528728e+00	5.524239e+00	5.525819e+00	5.546926e+00
7.487072e+00	7.492246e+00	7.486977e+00	7.463603e+00	7.425483e+00	7.321878e+00
7.189619e+00	7.043492e+00	6.891571e+00	6.742845e+00	6.606343e+00	6.481707e+00
6.363680e+00	6.248917e+00	6.141511e+00	6.043823e+00	5.955330e+00	5.867458e+00
5.782747e+00	5.709252e+00	5.644510e+00	5.605703e+00	5.564543e+00	5.533570e+00
5.510080e+00	5.506741e+00	5.519924e+00	5.517598e+00	5.501771e+00	5.497463e+00
5.499023e+00	5.518471e+00	7.846324e+00	7.836247e+00	7.814511e+00	7.772612e+00
7.714594e+00	7.570296e+00	7.398905e+00	7.218627e+00	7.037653e+00	6.864169e+00
6.706301e+00	6.563140e+00	6.429190e+00	6.300647e+00	6.179343e+00	6.066641e+00
5.962326e+00	5.868842e+00	5.778640e+00	5.698793e+00	5.623487e+00	5.578417e+00
5.531877e+00	5.496716e+00	5.468090e+00	5.463093e+00	5.472428e+00	5.470245e+00
5.456770e+00	5.453104e+00	5.454497e+00	5.470825e+00	8.198003e+00	8.174014e+00
8.136426e+00	8.075368e+00	7.995851e+00	7.806291e+00	7.591113e+00	7.373828e+00
7.162491e+00	6.963630e+00	6.783800e+00	6.621514e+00	6.470221e+00	6.325578e+00
6.192346e+00	6.071711e+00	5.960588e+00	5.852941e+00	5.749218e+00	5.653461e+00
5.563634e+00	5.515954e+00	5.467758e+00	5.430930e+00	5.398056e+00	5.391176e+00
5.393540e+00	5.391845e+00	5.383605e+00	5.381421e+00	5.382301e+00	5.392471e+00
8.539636e+00	8.503315e+00	8.450702e+00	8.370023e+00	8.267526e+00	8.028395e+00
7.765053e+00	7.508103e+00	7.265205e+00	7.040340e+00	6.837562e+00	6.654416e+00
6.487160e+00	6.329862e+00	6.182398e+00	6.046859e+00	5.922193e+00	5.804582e+00
5.690797e+00	5.581451e+00	5.477614e+00	5.427884e+00	5.379171e+00	5.341554e+00
5.304393e+00	5.295348e+00	5.288538e+00	5.287533e+00	5.286443e+00	5.286246e+00
5.286242e+00	5.286615e+00	8.871135e+00	8.822507e+00	8.754525e+00	8.653221e+00
8.526276e+00	8.234249e+00	7.919929e+00	7.621914e+00	7.347292e+00	7.097536e+00
6.869676e+00	6.660133e+00	6.475813e+00	6.303918e+00	6.141992e+00	5.993015e+00
5.856158e+00	5.727638e+00	5.603393e+00	5.480325e+00	5.362539e+00	5.310890e+00
5.261826e+00	5.223574e+00	5.182226e+00	5.171014e+00	5.154981e+00	5.154702e+00
5.160815e+00	5.162629e+00	5.161972e+00	5.153182e+00	9.190958e+00	9.129074e+00
9.044965e+00	8.922091e+00	8.769443e+00	8.421499e+00	8.053330e+00	7.712298e+00
7.404431e+00	7.124421e+00	6.876292e+00	6.656578e+00	6.450309e+00	6.257524e+00
6.079135e+00	5.916232e+00	5.766625e+00	5.626606e+00	5.491392e+00	5.354755e+00
5.223603e+00	5.169699e+00	5.119636e+00	5.080216e+00	5.034721e+00	5.021568e+00
4.997674e+00	4.997976e+00	5.010127e+00	5.013628e+00	5.012323e+00	4.995898e+00
9.499089e+00	9.416453e+00	9.309306e+00	9.160137e+00	8.979365e+00	8.575579e+00
8.157293e+00	7.776118e+00	7.436286e+00	7.132587e+00	6.859779e+00	6.614074e+00
6.388469e+00	6.178126e+00	5.983293e+00	5.805152e+00	5.641831e+00	5.489432e+00
5.342782e+00	5.193833e+00	5.050564e+00	4.992850e+00	4.939776e+00	4.897974e+00
4.848531e+00	4.833900e+00	4.805758e+00	4.806288e+00	4.821389e+00	4.825689e+00
4.823799e+00	4.803528e+00	9.857781e+00	9.698865e+00	9.523169e+00	9.322279e+00
9.105184e+00	8.659383e+00	8.225143e+00	7.815722e+00	7.441058e+00	7.120184e+00
6.823145e+00	6.550542e+00	6.300752e+00	6.069447e+00	5.855793e+00	5.660163e+00
5.481771e+00	5.317501e+00	5.162698e+00	5.006632e+00	4.850532e+00	4.782349e+00
4.721769e+00	4.678114e+00	4.625854e+00	4.609091e+00	4.582798e+00	4.583260e+00
4.596286e+00	4.599983e+00	4.598326e+00	4.580376e+00	1.022085e+01	9.968216e+00
9.714227e+00	9.459163e+00	9.206824e+00	8.723014e+00	8.273123e+00	7.842869e+00
7.443624e+00	7.089763e+00	6.763541e+00	6.464139e+00	6.189789e+00	5.937586e+00
5.705184e+00	5.491740e+00	5.297923e+00	5.121854e+00	4.959919e+00	4.799152e+00
4.631368e+00	4.550800e+00	4.480654e+00	4.434232e+00	4.379644e+00	4.361363e+00
4.340686e+00	4.340735e+00	4.348414e+00	4.350590e+00	4.349646e+00	4.338178e+00
1.049764e+01	1.019030e+01	9.887295e+00	9.593053e+00	9.310051e+00	8.781002e+00
8.282820e+00	7.838443e+00	7.427323e+00	7.038410e+00	6.682695e+00	6.358448e+00
6.062857e+00	5.792476e+00	5.543111e+00	5.312601e+00	5.102303e+00	4.911181e+00
4.736700e+00	4.567073e+00	4.391728e+00	4.304975e+00	4.226500e+00	4.172238e+00
4.113928e+00	4.097750e+00	4.083393e+00	4.082341e+00	4.083249e+00	4.083570e+00
4.083427e+00	4.080750e+00	1.071003e+01	1.037129e+01	1.003821e+01	9.715555e+00
9.405489e+00	8.826292e+00	8.284538e+00	7.796270e+00	7.346901e+00	6.934637e+00
6.559647e+00	6.218931e+00	5.908596e+00	5.624272e+00	5.360470e+00	5.113965e+00
4.886156e+00	4.676555e+00	4.483664e+00	4.300763e+00	4.122374e+00	4.035507e+00
3.949710e+00	3.882602e+00	3.819270e+00	3.808630e+00	3.801638e+00	3.798822e+00
3.791328e+00	3.789400e+00	3.790194e+00	3.798840e+00	1.090830e+01	1.053092e+01
1.016134e+01	9.806161e+00	9.466771e+00	8.827657e+00	8.267899e+00	7.737660e+00
7.257392e+00	6.821037e+00	6.425752e+00	6.067506e+00	5.741621e+00	5.443124e+00
5.165785e+00	4.905622e+00	4.663464e+00	4.438734e+00	4.229751e+00	4.033370e+00
3.847633e+00	3.758384e+00	3.667799e+00	3.594657e+00	3.527818e+00	3.517359e+00
3.512477e+00	3.509310e+00	3.499392e+00	3.496809e+00	3.497907e+00	3.509642e+00
1.109456e+01	1.067641e+01	1.026905e+01	9.881403e+00	9.514104e+00	8.825169e+00
8.216498e+00	7.656389e+00	7.150932e+00	6.693595e+00	6.279872e+00	5.905304e+00
5.564813e+00	5.253091e+00	4.963617e+00	4.691883e+00	4.437737e+00	4.200205e+00
3.976857e+00	3.767319e+00	3.572566e+00	3.480301e+00	3.386962e+00	3.311848e+00
3.242558e+00	3.229520e+00	3.223402e+00	3.220701e+00	3.212042e+00	3.209772e+00
3.210781e+00	3.220587e+00	1.127769e+01	1.081525e+01	1.036713e+01	9.944747e+00
9.547069e+00	8.818498e+00	8.159770e+00	7.569635e+00	7.040708e+00	6.564850e+00
6.135342e+00	5.746938e+00	5.394044e+00	5.070774e+00	4.769959e+00	4.486582e+00
4.220257e+00	3.970527e+00	3.735387e+00	3.515029e+00	3.311537e+00	3.216054e+00
3.120855e+00	3.045332e+00	2.974071e+00	2.958613e+00	2.949224e+00	2.947034e+00
2.941312e+00	2.939845e+00	2.940500e+00	2.946265e+00	1.145680e+01	1.094602e+01
1.045427e+01	9.995901e+00	9.568268e+00	8.786790e+00	8.091045e+00	7.472590e+00
6.923191e+00	6.432362e+00	5.990595e+00	5.591483e+00	5.228828e+00	4.895883e+00
4.584356e+00	4.288729e+00	4.009350e+00	3.747522e+00	3.503157e+00	3.274195e+00
3.061718e+00	2.962539e+00	2.866439e+00	2.792359e+00	2.719524e+00	2.701624e+00
2.686222e+00	2.684640e+00	2.684126e+00	2.684110e+00	2.684070e+00	2.682910e+00
1.162337e+01	1.106708e+01	1.053452e+01	1.004343e+01	9.589017e+00	8.760011e+00
8.031578e+00	7.388313e+00	6.820516e+00	6.315434e+00	5.861048e+00	5.450087e+00
5.076257e+00	4.732605e+00	4.410659e+00	4.104825e+00	3.815514e+00	3.544231e+00
3.291767e+00	3.055126e+00	2.834834e+00	2.732135e+00	2.633996e+00	2.559478e+00
2.485092e+00	2.466158e+00	2.448117e+00	2.446769e+00	2.448449e+00	2.449035e+00
2.448643e+00	2.444587e+00	1.177708e+01	1.117938e+01	1.060999e+01	1.009009e+01
9.612108e+00	8.744762e+00	7.985459e+00	7.320376e+00	6.735959e+00	6.217161e+00
5.749932e+00	5.326436e+00	4.940583e+00	4.585653e+00	4.253577e+00	3.938960e+00
3.641854e+00	3.363132e+00	3.103642e+00	2.860333e+00	2.633036e+00	2.526722e+00
2.425313e+00	2.348599e+00	2.272664e+00	2.253663e+00	2.235915e+00	2.234493e+00
2.235751e+00	2.236234e+00	2.235810e+00	2.232257e+00	1.191922e+01	1.128559e+01
1.068486e+01	1.014123e+01	9.644108e+00	8.741377e+00	7.960026e+00	7.276168e+00
6.675984e+00	6.143638e+00	5.663787e+00	5.228247e+00	4.830761e+00	4.464852e+00
4.122994e+00	3.800099e+00	3.495876e+00	3.210748e+00	2.945098e+00	2.696025e+00
2.461849e+00	2.351414e+00	2.245627e+00	2.165541e+00	2.087895e+00	2.068941e+00
2.053012e+00	2.051337e+00	2.050787e+00	2.050847e+00	2.050593e+00	2.049221e+00
1.204964e+01	1.138505e+01	1.075831e+01	1.019671e+01	9.686416e+00	8.760274e+00
7.963511e+00	7.262890e+00	6.645018e+00	6.096389e+00	5.601944e+00	5.156124e+00
4.747810e+00	4.370463e+00	4.019026e+00	3.689665e+00	3.380836e+00	3.090788e+00
2.818483e+00	2.562966e+00	2.321854e+00	2.207055e+00	2.096650e+00	2.012984e+00
1.932989e+00	1.913999e+00	1.899414e+00	1.897353e+00	1.895323e+00	1.894990e+00
1.894920e+00	1.895429e+00	1.217245e+01	1.148388e+01	1.083684e+01	1.026125e+01
9.740656e+00	8.794840e+00	7.975812e+00	7.264146e+00	6.640001e+00	6.085347e+00
5.585538e+00	5.127573e+00	4.707009e+00	4.318093e+00	3.956548e+00	3.619008e+00
3.303218e+00	3.006252e+00	2.726651e+00	2.463403e+00	2.213653e+00	2.093847e+00
1.978361e+00	1.890677e+00	1.807127e+00	1.787418e+00	1.772763e+00	1.770469e+00
1.767866e+00	1.767384e+00	1.767373e+00	1.768586e+00	1.228633e+01	1.158249e+01
1.092288e+01	1.033922e+01	9.812661e+00	8.853636e+00	8.024151e+00	7.301312e+00
6.665257e+00	6.098876e+00	5.587358e+00	5.121509e+00	4.693493e+00	4.297187e+00
3.928599e+00	3.584445e+00	3.262295e+00	2.959027e+00	2.671929e+00	2.399169e+00
2.138367e+00	2.012409e+00	1.890664e+00	1.797846e+00	1.709061e+00	1.687838e+00
1.671698e+00	1.669326e+00	1.666935e+00	1.666524e+00	1.666454e+00	1.667315e+00
1.239282e+01	1.167837e+01	1.101026e+01	1.042155e+01	9.891350e+00	8.922886e+00
8.085645e+00	7.355235e+00	6.711652e+00	6.137081e+00	5.616187e+00	5.145618e+00
4.714511e+00	4.315528e+00	3.943659e+00	3.595158e+00	3.268178e+00	2.960496e+00
2.663538e+00	2.374829e+00	2.094304e+00	1.956769e+00	1.827831e+00	1.728258e+00
1.631873e+00	1.608235e+00	1.589593e+00	1.587214e+00	1.585220e+00	1.584926e+00
1.584767e+00	1.584959e+00	1.249259e+01	1.177032e+01	1.109649e+01	1.050524e+01
9.973699e+00	9.000255e+00	8.159705e+00	7.425484e+00	6.778317e+00	6.200273e+00
5.676398e+00	5.199562e+00	4.762436e+00	4.358056e+00	3.979318e+00	3.621388e+00
3.283392e+00	2.964663e+00	2.659019e+00	2.360037e+00	2.064890e+00	1.918167e+00
1.779907e+00	1.671653e+00	1.566362e+00	1.540080e+00	1.518787e+00	1.516359e+00
1.514648e+00	1.514449e+00	1.514208e+00	1.513842e+00	1.257938e+01	1.185163e+01
1.117443e+01	1.058320e+01	1.005282e+01	9.079023e+00	8.238290e+00	7.502031e+00
6.852188e+00	6.271237e+00	5.744629e+00	5.264220e+00	4.823584e+00	4.415482e+00
4.031070e+00	3.664437e+00	3.315212e+00	2.983649e+00	2.670167e+00	2.366242e+00
2.064163e+00	1.913265e+00	1.754037e+00	1.628804e+00	1.511260e+00	1.481972e+00
1.457988e+00	1.455231e+00	1.453246e+00	1.453038e+00	1.452728e+00	1.452517e+00
1.265309e+01	1.192184e+01	1.124342e+01	1.065470e+01	1.012826e+01	9.160191e+00
8.324545e+00	7.590433e+00	6.941379e+00	6.361044e+00	5.835761e+00	5.357011e+00
4.917548e+00	4.509297e+00	4.122539e+00	3.751030e+00	3.394869e+00	3.055049e+00
2.729606e+00	2.408492e+00	2.082431e+00	1.915966e+00	1.740092e+00	1.597943e+00
1.465706e+00	1.433182e+00	1.406734e+00	1.403487e+00	1.400728e+00	1.400400e+00
1.400085e+00	1.400564e+00	1.271467e+01	1.197922e+01	1.129956e+01	1.071440e+01
1.019408e+01	9.237390e+00	8.411500e+00	7.684748e+00	7.041110e+00	6.464568e+00
5.941672e+00	5.464112e+00	5.024763e+00	4.615601e+00	4.226904e+00	3.852118e+00
3.490652e+00	3.142518e+00	2.804675e+00	2.466331e+00	2.115608e+00	1.931258e+00
1.744085e+00	1.583425e+00	1.426043e+00	1.390063e+00	1.363156e+00	1.359486e+00
1.354737e+00	1.353919e+00	1.354060e+00	1.355986e+00	1.276850e+01	1.202899e+01
1.134838e+01	1.076738e+01	1.025433e+01	9.312578e+00	8.499995e+00	7.784884e+00
7.150898e+00	6.581587e+00	6.063002e+00	5.587308e+00	5.148115e+00	4.738164e+00
4.348668e+00	3.973082e+00	3.609325e+00	3.254818e+00	2.904623e+00	2.548137e+00
2.172213e+00	1.971562e+00	1.759403e+00	1.573586e+00	1.390719e+00	1.351199e+00
1.324677e+00	1.320622e+00	1.313409e+00	1.311949e+00	1.312730e+00	1.316396e+00
1.280620e+01	1.206570e+01	1.138725e+01	1.081335e+01	1.030995e+01	9.386357e+00
8.588844e+00	7.886838e+00	7.263860e+00	6.703221e+00	6.190592e+00	5.718490e+00
5.281064e+00	4.871597e+00	4.481915e+00	4.105484e+00	3.739228e+00	3.378779e+00
3.017405e+00	2.643247e+00	2.240249e+00	2.020627e+00	1.780630e+00	1.571967e+00
1.361166e+00	1.316815e+00	1.290645e+00	1.286267e+00	1.276323e+00	1.274139e+00
1.275553e+00	1.281000e+00	1.283214e+01	1.209205e+01	1.141720e+01	1.085209e+01
1.036024e+01	9.458233e+00	8.677921e+00	7.990899e+00	7.380754e+00	6.830821e+00
6.326611e+00	5.860811e+00	5.427777e+00	5.020926e+00	4.632048e+00	4.254578e+00
3.885407e+00	3.520043e+00	3.150564e+00	2.761471e+00	2.330858e+00	2.089458e+00
1.819693e+00	1.580495e+00	1.336958e+00	1.286944e+00	1.261176e+00	1.256535e+00
1.243604e+00	1.240615e+00	1.242630e+00	1.249979e+00	1.284134e+01	1.210602e+01
1.143793e+01	1.088436e+01	1.040626e+01	9.527872e+00	8.766308e+00	8.095380e+00
7.498985e+00	6.960554e+00	6.465546e+00	6.006864e+00	5.579114e+00	5.175901e+00
4.789102e+00	4.412103e+00	4.041644e+00	3.672902e+00	3.296593e+00	2.893333e+00
2.434853e+00	2.170756e+00	1.868836e+00	1.596228e+00	1.318939e+00	1.261385e+00
1.234697e+00	1.229841e+00	1.214352e+00	1.210678e+00	1.213470e+00	1.221403e+00
1.284302e+01	1.211058e+01	1.145067e+01	1.091077e+01	1.044818e+01	9.594940e+00
8.853516e+00	8.199620e+00	7.617693e+00	7.091396e+00	6.606269e+00	6.155487e+00
5.733951e+00	5.335512e+00	4.952257e+00	4.577536e+00	4.207789e+00	3.837594e+00
3.456112e+00	3.039978e+00	2.554134e+00	2.266908e+00	1.931107e+00	1.624310e+00
1.307263e+00	1.240145e+00	1.211061e+00	1.205986e+00	1.188336e+00	1.184088e+00
1.187635e+00	1.195167e+00	1.283181e+01	1.210676e+01	1.145608e+01	1.093203e+01
1.048649e+01	9.659224e+00	8.938888e+00	8.302542e+00	7.735396e+00	7.221561e+00
6.746854e+00	6.304744e+00	5.890432e+00	5.498027e+00	5.119819e+00	4.749189e+00
4.382156e+00	4.012547e+00	3.627802e+00	3.200529e+00	2.688317e+00	2.377730e+00
2.007011e+00	1.663269e+00	1.302347e+00	1.224222e+00	1.189763e+00	1.184366e+00
1.165415e+00	1.160831e+00	1.164653e+00	1.171268e+00	1.281160e+01	1.209489e+01
1.145552e+01	1.094881e+01	1.052136e+01	9.720737e+00	9.022085e+00	8.403614e+00
7.851476e+00	7.350347e+00	6.886516e+00	6.453748e+00	6.047556e+00	5.662375e+00
5.290745e+00	4.926070e+00	4.563897e+00	4.197191e+00	3.811445e+00	3.374921e+00
2.837185e+00	2.502835e+00	2.095885e+00	1.713415e+00	1.307880e+00	1.214639e+00
1.168043e+00	1.162240e+00	1.145957e+00	1.142011e+00	1.145084e+00	1.149646e+00
1.278735e+01	1.208005e+01	1.145436e+01	1.096497e+01	1.055584e+01	9.781909e+00
9.104917e+00	8.504183e+00	7.966881e+00	7.478418e+00	7.025707e+00	6.602843e+00
6.205616e+00	5.828749e+00	5.465030e+00	5.107848e+00	4.752279e+00	4.390334e+00
4.005529e+00	3.561785e+00	3.000221e+00	2.642357e+00	2.198330e+00	1.774567e+00
1.318336e+00	1.212213e+00	1.150015e+00	1.143291e+00	1.128604e+00	1.125075e+00
1.127375e+00	1.130144e+00	1.275936e+01	1.206329e+01	1.145166e+01	1.098021e+01
1.058951e+01	9.842112e+00	9.186305e+00	8.602696e+00	8.079599e+00	7.603426e+00
7.161943e+00	6.749594e+00	6.362359e+00	5.995115e+00	5.640797e+00	5.292673e+00
4.945379e+00	4.589901e+00	4.208048e+00	3.760221e+00	3.179274e+00	2.799893e+00
2.319348e+00	1.851701e+00	1.337738e+00	1.212662e+00	1.136762e+00	1.128438e+00
1.113209e+00	1.109648e+00	1.111399e+00	1.112959e+00	1.272075e+01	1.203884e+01
1.144344e+01	1.098929e+01	1.061661e+01	9.895685e+00	9.260060e+00	8.692265e+00
8.182120e+00	7.717580e+00	7.287756e+00	6.887312e+00	6.512092e+00	6.156688e+00
5.813518e+00	5.475317e+00	5.136262e+00	4.786495e+00	4.407477e+00	3.960535e+00
3.372210e+00	2.976821e+00	2.459832e+00	1.943434e+00	1.363379e+00	1.218741e+00
1.128029e+00	1.116853e+00	1.098550e+00	1.094556e+00	1.096419e+00	1.097414e+00
1.267796e+01	1.201143e+01	1.143212e+01	1.099690e+01	1.064136e+01	9.946323e+00
9.330217e+00	8.777593e+00	8.279849e+00	7.826643e+00	7.408597e+00	7.020598e+00
6.658302e+00	6.315917e+00	5.985150e+00	5.658057e+00	5.328311e+00	4.985186e+00
4.610185e+00	4.167137e+00	3.577521e+00	3.169426e+00	2.617101e+00	2.049521e+00
1.396313e+00	1.232064e+00	1.121020e+00	1.106707e+00	1.084985e+00	1.080532e+00
1.082574e+00	1.083205e+00	1.264256e+01	1.198984e+01	1.142538e+01	1.100650e+01
1.066665e+01	9.995781e+00	9.398083e+00	8.860035e+00	8.374360e+00	7.932186e+00
7.525437e+00	7.149339e+00	6.799541e+00	6.470171e+00	6.152646e+00	5.838592e+00
5.521110e+00	5.188295e+00	4.820801e+00	4.382744e+00	3.790455e+00	3.370747e+00
2.788539e+00	2.173688e+00	1.439837e+00	1.249802e+00	1.114804e+00	1.097052e+00
1.073737e+00	1.069362e+00	1.071184e+00	1.070997e+00	1.261176e+01	1.197180e+01
1.142092e+01	1.101714e+01	1.069147e+01	1.004310e+01	9.462583e+00	8.938260e+00
8.464007e+00	8.032274e+00	7.636164e+00	7.271337e+00	6.933587e+00	6.617197e+00
6.313654e+00	6.014430e+00	5.712124e+00	5.393556e+00	5.037685e+00	4.606222e+00
4.010094e+00	3.580450e+00	2.976220e+00	2.322388e+00	1.502595e+00	1.279208e+00
1.109841e+00	1.088197e+00	1.064568e+00	1.060542e+00	1.061613e+00	1.060668e+00
1.256746e+01	1.194410e+01	1.141072e+01	1.102263e+01	1.071202e+01	1.008714e+01
9.523810e+00	9.012277e+00	8.547931e+00	8.124983e+00	7.738189e+00	7.383730e+00
7.057586e+00	6.754223e+00	6.465310e+00	6.182456e+00	5.898434e+00	5.599953e+00
5.263084e+00	4.839363e+00	4.229807e+00	3.785871e+00	3.163369e+00	2.482094e+00
1.584283e+00	1.319790e+00	1.108146e+00	1.079557e+00	1.057509e+00	1.053536e+00
1.049271e+00	1.051710e+00	1.251849e+01	1.191256e+01	1.139695e+01	1.102648e+01
1.073046e+01	1.012884e+01	9.582307e+00	9.082913e+00	8.627675e+00	8.212703e+00
7.834584e+00	7.490053e+00	7.175320e+00	6.885069e+00	6.611263e+00	6.345847e+00
6.082183e+00	5.807612e+00	5.494892e+00	5.080846e+00	4.453545e+00	3.993546e+00
3.356157e+00	2.655941e+00	1.685674e+00	1.373080e+00	1.107116e+00	1.071605e+00
1.051546e+00	1.047538e+00	1.036064e+00	1.043681e+00	1.250539e+01	1.190467e+01
1.139415e+01	1.103372e+01	1.075056e+01	1.016623e+01	9.632886e+00	9.144399e+00
8.698614e+00	8.292679e+00	7.924188e+00	7.590269e+00	7.287353e+00	7.010318e+00
6.751269e+00	6.502227e+00	6.256559e+00	6.001166e+00	5.707860e+00	5.311323e+00
4.692358e+00	4.228693e+00	3.578189e+00	2.847818e+00	1.786721e+00	1.429581e+00
1.108072e+00	1.069642e+00	1.045431e+00	1.041610e+00	1.029395e+00	1.036791e+00
1.251027e+01	1.191317e+01	1.140642e+01	1.105123e+01	1.077337e+01	1.019870e+01
9.674703e+00	9.195659e+00	8.759477e+00	8.363556e+00	8.005631e+00	7.682998e+00
7.392267e+00	7.128410e+00	6.883370e+00	6.648831e+00	6.417459e+00	6.174560e+00
5.894062e+00	5.523700e+00	4.950752e+00	4.505523e+00	3.844823e+00	3.062236e+00
1.882961e+00	1.489737e+00	1.120900e+00	1.071235e+00	1.038923e+00	1.035638e+00
1.026945e+00	1.031084e+00	1.250936e+01	1.191479e+01	1.141462e+01	1.106545e+01
1.079325e+01	1.022844e+01	9.713453e+00	9.243181e+00	8.815745e+00	8.428905e+00
8.080693e+00	7.768449e+00	7.488754e+00	7.237019e+00	7.006446e+00	6.789292e+00
6.576835e+00	6.351162e+00	6.085237e+00	5.734101e+00	5.190484e+00	4.761659e+00
4.110815e+00	3.303961e+00	2.004830e+00	1.558455e+00	1.133342e+00	1.073798e+00
1.034886e+00	1.031411e+00	1.024114e+00	1.025960e+00	1.250082e+01	1.191383e+01
1.141881e+01	1.107611e+01	1.080996e+01	1.025502e+01	9.748504e+00	9.286200e+00
8.866568e+00	8.487788e+00	8.148292e+00	7.845519e+00	7.576055e+00	7.335843e+00
7.119597e+00	6.920495e+00	6.728831e+00	6.523975e+00	6.276484e+00	5.942446e+00
5.417995e+00	5.003303e+00	4.372752e+00	3.563288e+00	2.153863e+00	1.639567e+00
1.147315e+00	1.078574e+00	1.031920e+00	1.027759e+00	1.020203e+00	1.021452e+00
1.248877e+01	1.190874e+01	1.142118e+01	1.108481e+01	1.082400e+01	1.027774e+01
9.778597e+00	9.323423e+00	8.910886e+00	8.539456e+00	8.207834e+00	7.913831e+00
7.654439e+00	7.425814e+00	7.222457e+00	7.037629e+00	6.862661e+00	6.678558e+00
6.456526e+00	6.149791e+00	5.653154e+00	5.253133e+00	4.633620e+00	3.814523e+00
2.314719e+00	1.738438e+00	1.169253e+00	1.087284e+00	1.029118e+00	1.023516e+00
1.015182e+00	1.017666e+00	1.249585e+01	1.191813e+01	1.143189e+01	1.109699e+01
1.083797e+01	1.029705e+01	9.804389e+00	9.356637e+00	8.952013e+00	8.588741e+00
8.265252e+00	7.979611e+00	7.729204e+00	7.510233e+00	7.316517e+00	7.141771e+00
6.980740e+00	6.820892e+00	6.635700e+00	6.363375e+00	5.885281e+00	5.494167e+00
4.893082e+00	4.082370e+00	2.499984e+00	1.854074e+00	1.191163e+00	1.094964e+00
1.028796e+00	1.022102e+00	1.014515e+00	1.014642e+00	1.249772e+01	1.192197e+01
1.143882e+01	1.110633e+01	1.084955e+01	1.031409e+01	9.827474e+00	9.386279e+00
8.988528e+00	8.632327e+00	8.316044e+00	8.037951e+00	7.795769e+00	7.585891e+00
7.401957e+00	7.238205e+00	7.091684e+00	6.954214e+00	6.801190e+00	6.562022e+00
6.110094e+00	5.733426e+00	5.154657e+00	4.355318e+00	2.698990e+00	1.984389e+00
1.217983e+00	1.105293e+00	1.028760e+00	1.020895e+00	1.013335e+00	1.011871e+00
1.248675e+01	1.191851e+01	1.144102e+01	1.111227e+01	1.085859e+01	1.032912e+01
9.848002e+00	9.412090e+00	9.019617e+00	8.668846e+00	8.358427e+00	8.086800e+00
7.851946e+00	7.650637e+00	7.477066e+00	7.326074e+00	7.195113e+00	7.076337e+00
6.946086e+00	6.735851e+00	6.321569e+00	5.967879e+00	5.413830e+00	4.624997e+00
2.909313e+00	2.131215e+00	1.253882e+00	1.121812e+00	1.029084e+00	1.019898e+00
1.010373e+00	1.009343e+00	1.246849e+01	1.191128e+01	1.144217e+01	1.111825e+01
1.086829e+01	1.034512e+01	9.868436e+00	9.436219e+00	9.047201e+00	8.700187e+00
8.394339e+00	8.128231e+00	7.900007e+00	7.706919e+00	7.544230e+00	7.407310e+00
7.292443e+00	7.188737e+00	7.073072e+00	6.889341e+00	6.522451e+00	6.195312e+00
5.661887e+00	4.888158e+00	3.145019e+00	2.290180e+00	1.295293e+00	1.143775e+00
1.030767e+00	1.020026e+00	1.007760e+00	1.007210e+00	1.245011e+01	1.190354e+01
1.144320e+01	1.112436e+01	1.087778e+01	1.036030e+01	9.887483e+00	9.458466e+00
9.072439e+00	8.728738e+00	8.427009e+00	8.165944e+00	7.943834e+00	7.758398e+00
7.605944e+00	7.482356e+00	7.382804e+00	7.293407e+00	7.191542e+00	7.034170e+00
6.716703e+00	6.417881e+00	5.906674e+00	5.152548e+00	3.398517e+00	2.463950e+00
1.342793e+00	1.170373e+00	1.034015e+00	1.020363e+00	1.005515e+00	1.005358e+00
1.244687e+01	1.190430e+01	1.144785e+01	1.113207e+01	1.088613e+01	1.037125e+01
9.901894e+00	9.476747e+00	9.094853e+00	8.755448e+00	8.458179e+00	8.201859e+00
7.985048e+00	7.805655e+00	7.659948e+00	7.544236e+00	7.455516e+00	7.383395e+00
7.307005e+00	7.180393e+00	6.899988e+00	6.626341e+00	6.148343e+00	5.420755e+00
3.649278e+00	2.661020e+00	1.399462e+00	1.199829e+00	1.038009e+00	1.021405e+00
1.004447e+00	1.004013e+00	1.244666e+01	1.191086e+01	1.145820e+01	1.114087e+01
1.089320e+01	1.037930e+01	9.912896e+00	9.491619e+00	9.114186e+00	8.779404e+00
8.486562e+00	8.234544e+00	8.022216e+00	7.847516e+00	7.706117e+00	7.594858e+00
7.513977e+00	7.459643e+00	7.414893e+00	7.321256e+00	7.068483e+00	6.817659e+00
6.381474e+00	5.688029e+00	3.897229e+00	2.881633e+00	1.469643e+00	1.235069e+00
1.043818e+00	1.023642e+00	1.003929e+00	1.003022e+00	1.243107e+01	1.190408e+01
1.145771e+01	1.114483e+01	1.089750e+01	1.038701e+01	9.923408e+00	9.504663e+00
9.129625e+00	8.797395e+00	8.507572e+00	8.259096e+00	8.050727e+00	7.880618e+00
7.745214e+00	7.641930e+00	7.571201e+00	7.529422e+00	7.500220e+00	7.429631e+00
7.213630e+00	6.990147e+00	6.597267e+00	5.955039e+00	4.166617e+00	3.085744e+00
1.551353e+00	1.284757e+00	1.050595e+00	1.022989e+00	1.004259e+00	1.001976e+00
1.238725e+01	1.188411e+01	1.145519e+01	1.114741e+01	1.090072e+01	1.039430e+01
9.933337e+00	9.516467e+00	9.142965e+00	8.812482e+00	8.525065e+00	8.279685e+00
8.074887e+00	7.909096e+00	7.780022e+00	7.685858e+00	7.626020e+00	7.594110e+00
7.573936e+00	7.522274e+00	7.345719e+00	7.151516e+00	6.802869e+00	6.221265e+00
4.453493e+00	3.287046e+00	1.645035e+00	1.348060e+00	1.058685e+00	1.021139e+00
1.005096e+00	1.000953e+00	1.234865e+01	1.186835e+01	1.145486e+01	1.115160e+01
1.090505e+01	1.040167e+01	9.942788e+00	9.527647e+00	9.155755e+00	8.826994e+00
8.541583e+00	8.298685e+00	8.097007e+00	7.935272e+00	7.811724e+00	7.724831e+00
7.673488e+00	7.649903e+00	7.639068e+00	7.607657e+00	7.474245e+00	7.310498e+00
6.994891e+00	6.449698e+00	4.738136e+00	3.528832e+00	1.745625e+00	1.409413e+00
1.069288e+00	1.022349e+00	1.005116e+00	1.000202e+00	1.231730e+01	1.185790e+01
1.145907e+01	1.115960e+01	1.091166e+01	1.040951e+01	9.951992e+00	9.538408e+00
9.168222e+00	8.841147e+00	8.557246e+00	8.316116e+00	8.117073e+00	7.959162e+00
7.840312e+00	7.758691e+00	7.713255e+00	7.696291e+00	7.694929e+00	7.684918e+00
7.599297e+00	7.467688e+00	7.169618e+00	6.630695e+00	5.012055e+00	3.839051e+00
1.853678e+00	1.465436e+00	1.085287e+00	1.038364e+00	1.002947e+00	9.997109e-01
1.228437e+01	1.184484e+01	1.145916e+01	1.116267e+01	1.091298e+01	1.041260e+01
9.956665e+00	9.544644e+00	9.176104e+00	8.850844e+00	8.568938e+00	8.329959e+00
8.133172e+00	7.977684e+00	7.861864e+00	7.784362e+00	7.744560e+00	7.735337e+00
7.745435e+00	7.755150e+00	7.701618e+00	7.592094e+00	7.328253e+00	6.837865e+00
5.298433e+00	4.102015e+00	1.979136e+00	1.543797e+00	1.102881e+00	1.042410e+00
1.004669e+00	9.991372e-01	1.225281e+01	1.183129e+01	1.145806e+01	1.116441e+01
1.091338e+01	1.041450e+01	9.959874e+00	9.549164e+00	9.182015e+00	8.858369e+00
8.578377e+00	8.341464e+00	8.146605e+00	7.992891e+00	7.879344e+00	7.805285e+00
7.770582e+00	7.768855e+00	7.790164e+00	7.817013e+00	7.787501e+00	7.696221e+00
7.473137e+00	7.052498e+00	5.585523e+00	4.343107e+00	2.123992e+00	1.643999e+00
1.122885e+00	1.043810e+00	1.010249e+00	9.986564e-01	1.222779e+01	1.182188e+01
1.145940e+01	1.116838e+01	1.091628e+01	1.041828e+01	9.964539e+00	9.554862e+00
9.188836e+00	8.866401e+00	8.587668e+00	8.352161e+00	8.159013e+00	8.007471e+00
7.896598e+00	7.825856e+00	7.795362e+00	7.799166e+00	7.828379e+00	7.868680e+00
7.866853e+00	7.799824e+00	7.609657e+00	7.227450e+00	5.846221e+00	4.631307e+00
2.285491e+00	1.743471e+00	1.146994e+00	1.055684e+00	1.012474e+00	9.984262e-01
1.220494e+01	1.181241e+01	1.145997e+01	1.117105e+01	1.091802e+01	1.042081e+01
9.967788e+00	9.559027e+00	9.194043e+00	8.872588e+00	8.594662e+00	8.360097e+00
8.168588e+00	8.019597e+00	7.911566e+00	7.843634e+00	7.816333e+00	7.824678e+00
7.860884e+00	7.911472e+00	7.934255e+00	7.893663e+00	7.738322e+00	7.382755e+00
6.073305e+00	4.937246e+00	2.472695e+00	1.851872e+00	1.174470e+00	1.072993e+00
1.010876e+00	9.977483e-01	1.218809e+01	1.180754e+01	1.146185e+01	1.117534e+01
1.092121e+01	1.042480e+01	9.972458e+00	9.564476e+00	9.200373e+00	8.879783e+00
8.602648e+00	8.369024e+00	8.178951e+00	8.031992e+00	7.926243e+00	7.860731e+00
7.836359e+00	7.848890e+00	7.891480e+00	7.951773e+00	7.995548e+00	7.976680e+00
7.854747e+00	7.533676e+00	6.301599e+00	5.233575e+00	2.677298e+00	1.975576e+00
1.206449e+00	1.091108e+00	1.010789e+00	9.975856e-01	1.217630e+01	1.180557e+01
1.146695e+01	1.118153e+01	1.092651e+01	1.043047e+01	9.978619e+00	9.571158e+00
9.207651e+00	8.887798e+00	8.611557e+00	8.378980e+00	8.190016e+00	8.044235e+00
7.939978e+00	7.876463e+00	7.854831e+00	7.871203e+00	7.919466e+00	7.989101e+00
8.049656e+00	8.046296e+00	7.954769e+00	7.679258e+00	6.534164e+00	5.505517e+00
2.897074e+00	2.120767e+00	1.245312e+00	1.108872e+00	1.015685e+00	9.979989e-01
1.215980e+01	1.179839e+01	1.146571e+01	1.118144e+01	1.092578e+01	1.043024e+01
9.978957e+00	9.572150e+00	9.209318e+00	8.890209e+00	8.614837e+00	8.383219e+00
8.195293e+00	8.050654e+00	7.947771e+00	7.886014e+00	7.866720e+00	7.886271e+00
7.939207e+00	8.016710e+00	8.091802e+00	8.102166e+00	8.038113e+00	7.804564e+00
6.747585e+00	5.769075e+00	3.131449e+00	2.280310e+00	1.290323e+00	1.130953e+00
1.020415e+00	9.976615e-01	1.214302e+01	1.178971e+01	1.146382e+01	1.118131e+01
1.092466e+01	1.042989e+01	9.979166e+00	9.572812e+00	9.210493e+00	8.891978e+00
8.617328e+00	8.386522e+00	8.199489e+00	8.055848e+00	7.954175e+00	7.893975e+00
7.876757e+00	7.899118e+00	7.956187e+00	8.040755e+00	8.128945e+00	8.151699e+00
8.113042e+00	7.919742e+00	6.952421e+00	6.028854e+00	3.381416e+00	2.455322e+00
1.341305e+00	1.156641e+00	1.025741e+00	9.971497e-01	1.213254e+01	1.178721e+01
1.146492e+01	1.118308e+01	1.092601e+01	1.043146e+01	9.981244e+00	9.575577e+00
9.213854e+00	8.895919e+00	8.621923e+00	8.391835e+00	8.205582e+00	8.062830e+00
7.962243e+00	7.903432e+00	7.888043e+00	7.912877e+00	7.973578e+00	8.064424e+00
8.164202e+00	8.197762e+00	8.181411e+00	8.025260e+00	7.147812e+00	6.281970e+00
3.644786e+00	2.647445e+00	1.399987e+00	1.187157e+00	1.032206e+00	9.971459e-01
1.212558e+01	1.178651e+01	1.146960e+01	1.118897e+01	1.093107e+01	1.043684e+01
9.986805e+00	9.581232e+00	9.219659e+00	8.901906e+00	8.628188e+00	8.398507e+00
8.212773e+00	8.070702e+00	7.970988e+00	7.913312e+00	7.899421e+00	7.926306e+00
7.990055e+00	8.086286e+00	8.196004e+00	8.238713e+00	8.241420e+00	8.118774e+00
7.329583e+00	6.523092e+00	3.919421e+00	2.858525e+00	1.469640e+00	1.225164e+00
1.040375e+00	9.974216e-01	1.211438e+01	1.178260e+01	1.146890e+01	1.118885e+01
1.093065e+01	1.043673e+01	9.986937e+00	9.581471e+00	9.220234e+00	8.902877e+00
8.629566e+00	8.400344e+00	8.215171e+00	8.073802e+00	7.975057e+00	7.919037e+00
7.906614e+00	7.934848e+00	8.000255e+00	8.100681e+00	8.219324e+00	8.270390e+00
8.289389e+00	8.196083e+00	7.492323e+00	6.746772e+00	4.198650e+00	3.080943e+00
1.548746e+00	1.269550e+00	1.049626e+00	9.972765e-01	1.210158e+01	1.177560e+01
1.146661e+01	1.118777e+01	1.092899e+01	1.043566e+01	9.986408e+00	9.581317e+00
9.220369e+00	8.903237e+00	8.630182e+00	8.401272e+00	8.216510e+00	8.075693e+00
7.977769e+00	7.923289e+00	7.912141e+00	7.941428e+00	8.008054e+00	8.112066e+00
8.238694e+00	8.297283e+00	8.330702e+00	8.264125e+00	7.643757e+00	6.960006e+00
4.485620e+00	3.317207e+00	1.638011e+00	1.320825e+00	1.060053e+00	9.968924e-01
1.209925e+01	1.177459e+01	1.146683e+01	1.118801e+01	1.092869e+01	1.043501e+01
9.985891e+00	9.581276e+00	9.220775e+00	8.904186e+00	8.631674e+00	8.403304e+00
8.219078e+00	8.078687e+00	7.980660e+00	7.924324e+00	7.913224e+00	7.945621e+00
8.019124e+00	8.128914e+00	8.259317e+00	8.320992e+00	8.364374e+00	8.322998e+00
7.788224e+00	7.160026e+00	4.774306e+00	3.566980e+00	1.738251e+00	1.379663e+00
1.071945e+00	9.967792e-01	1.211024e+01	1.178458e+01	1.147507e+01	1.119313e+01
1.093079e+01	1.043478e+01	9.985409e+00	9.581354e+00	9.222188e+00	8.907139e+00
8.635993e+00	8.408637e+00	8.224931e+00	8.084182e+00	7.984039e+00	7.924296e+00
7.910774e+00	7.948062e+00	8.037190e+00	8.158071e+00	8.282394e+00	8.341551e+00
8.390475e+00	8.372250e+00	7.924853e+00	7.342880e+00	5.059023e+00	3.829832e+00
1.853612e+00	1.450302e+00	1.086239e+00	9.968761e-01	1.210792e+01	1.178375e+01
1.147508e+01	1.119284e+01	1.092977e+01	1.043325e+01	9.983860e+00	9.580441e+00
9.221649e+00	8.907003e+00	8.636208e+00	8.409145e+00	8.225639e+00	8.084949e+00
7.984615e+00	7.924437e+00	7.910633e+00	7.950115e+00	8.044023e+00	8.169168e+00
8.295477e+00	8.357133e+00	8.413904e+00	8.414678e+00	8.038101e+00	7.511472e+00
5.339965e+00	4.096882e+00	1.987874e+00	1.530218e+00	1.102631e+00	9.967312e-01
1.210085e+01	1.177969e+01	1.147313e+01	1.119141e+01	1.092812e+01	1.043192e+01
9.982828e+00	9.579481e+00	9.220920e+00	8.906519e+00	8.635897e+00	8.409030e+00
8.225744e+00	8.085322e+00	7.985235e+00	7.925686e+00	7.912735e+00	7.953038e+00
8.048248e+00	8.175313e+00	8.305479e+00	8.371236e+00	8.436661e+00	8.453216e+00
8.135131e+00	7.667018e+00	5.615301e+00	4.368070e+00	2.143256e+00	1.622456e+00
1.122111e+00	9.965297e-01	1.210239e+01	1.178397e+01	1.147913e+01	1.119777e+01
1.093419e+01	1.043812e+01	9.989037e+00	9.585544e+00	9.226781e+00	8.912135e+00
8.641502e+00	8.414652e+00	8.231466e+00	8.091181e+00	7.991717e+00	7.932836e+00
7.920545e+00	7.961282e+00	8.056419e+00	8.184876e+00	8.318818e+00	8.388883e+00
8.461261e+00	8.490859e+00	8.226527e+00	7.811207e+00	5.883934e+00	4.646393e+00
2.315628e+00	1.731532e+00	1.145976e+00	9.971111e-01	1.208264e+01	1.177131e+01
1.147249e+01	1.119480e+01	1.093318e+01	1.043962e+01	9.991120e+00	9.587292e+00
9.227671e+00	8.912123e+00	8.640718e+00	8.413458e+00	8.230265e+00	8.090811e+00
7.993649e+00	7.939103e+00	7.930366e+00	7.967861e+00	8.051046e+00	8.173322e+00
8.321829e+00	8.402607e+00	8.481864e+00	8.517877e+00	8.301754e+00	7.935742e+00
6.138732e+00	4.923425e+00	2.502229e+00	1.860283e+00	1.172819e+00	9.968482e-01
1.207090e+01	1.176476e+01	1.146956e+01	1.119355e+01	1.093280e+01	1.044055e+01
9.992295e+00	9.588321e+00	9.228331e+00	8.912195e+00	8.640459e+00	8.413039e+00
8.229878e+00	8.090835e+00	7.995338e+00	7.942959e+00	7.935981e+00	7.972204e+00
8.049043e+00	8.168701e+00	8.325660e+00	8.413360e+00	8.498805e+00	8.542468e+00
8.368082e+00	8.047448e+00	6.382911e+00	5.202127e+00	2.704202e+00	2.002466e+00
1.204139e+00	9.967421e-01	1.206886e+01	1.176419e+01	1.147002e+01	1.119436e+01
1.093351e+01	1.044120e+01	9.992968e+00	9.588970e+00	9.228950e+00	8.912941e+00
8.641341e+00	8.414151e+00	8.231331e+00	8.092650e+00	7.997119e+00	7.944838e+00
7.938076e+00	7.974674e+00	8.052912e+00	8.174008e+00	8.332683e+00	8.421433e+00
8.512193e+00	8.565844e+00	8.426334e+00	8.146592e+00	6.613905e+00	5.480366e+00
2.922713e+00	2.157455e+00	1.241973e+00	9.968543e-01	