1.810287e+00	1.830568e+00	1.851498e+00	1.873612e+00	1.896859e+00	1.946034e+00
1.999001e+00	2.055537e+00	2.115050e+00	2.176532e+00	2.238511e+00	2.300586e+00
2.362828e+00	2.425117e+00	2.488648e+00	2.554121e+00	2.621386e+00	2.690499e+00
2.761937e+00	2.839267e+00	2.925332e+00	2.969331e+00	3.008051e+00	3.030360e+00
3.043014e+00	3.044902e+00	3.046314e+00	3.046430e+00	3.046442e+00	3.046458e+00
3.046565e+00	3.046671e+00	1.924461e+00	1.945806e+00	1.967727e+00	1.990701e+00
2.014688e+00	2.065036e+00	2.118719e+00	2.175494e+00	2.234778e+00	2.295622e+00
2.356661e+00	2.417518e+00	2.478266e+00	2.538801e+00	2.600345e+00	2.663621e+00
2.728460e+00	2.794873e+00	2.863303e+00	2.937295e+00	3.019711e+00	3.061842e+00
3.098815e+00	3.119984e+00	3.131845e+00	3.133575e+00	3.134858e+00	3.134960e+00
3.134964e+00	3.134979e+00	3.135081e+00	3.135183e+00	2.045836e+00	2.068298e+00
2.091251e+00	2.115108e+00	2.139837e+00	2.191316e+00	2.245607e+00	2.302451e+00
2.361283e+00	2.421227e+00	2.481048e+00	2.540393e+00	2.599343e+00	2.657815e+00
2.717056e+00	2.777816e+00	2.839908e+00	2.903297e+00	2.968389e+00	3.038707e+00
3.117135e+00	3.157235e+00	3.192316e+00	3.212259e+00	3.223269e+00	3.224830e+00
3.225976e+00	3.226063e+00	3.226059e+00	3.226073e+00	3.226169e+00	3.226266e+00
2.174866e+00	2.198501e+00	2.222531e+00	2.247289e+00	2.272759e+00	2.325318e+00
2.380093e+00	2.436816e+00	2.494949e+00	2.553705e+00	2.612000e+00	2.669513e+00
2.726336e+00	2.782408e+00	2.839004e+00	2.896906e+00	2.955908e+00	3.015927e+00
3.077333e+00	3.143620e+00	3.217702e+00	3.255601e+00	3.288639e+00	3.307263e+00
3.317361e+00	3.318743e+00	3.319742e+00	3.319813e+00	3.319801e+00	3.319813e+00
3.319904e+00	3.319995e+00	2.312034e+00	2.336902e+00	2.362051e+00	2.387731e+00
2.413938e+00	2.467514e+00	2.522635e+00	2.579024e+00	2.636181e+00	2.693432e+00
2.749863e+00	2.805197e+00	2.859534e+00	2.912842e+00	2.966427e+00	3.021102e+00
3.076646e+00	3.132926e+00	3.190274e+00	3.252156e+00	3.321513e+00	3.357031e+00
3.387868e+00	3.405077e+00	3.414201e+00	3.415390e+00	3.416234e+00	3.416288e+00
3.416268e+00	3.416277e+00	3.416362e+00	3.416447e+00	2.457853e+00	2.484014e+00
2.510330e+00	2.536949e+00	2.563887e+00	2.618406e+00	2.673712e+00	2.729530e+00
2.785409e+00	2.840804e+00	2.895003e+00	2.947777e+00	2.999239e+00	3.049390e+00
3.099568e+00	3.150623e+00	3.202316e+00	3.254464e+00	3.307361e+00	3.364439e+00
3.428674e+00	3.461621e+00	3.490092e+00	3.505783e+00	3.513867e+00	3.514852e+00
3.515530e+00	3.515567e+00	3.515537e+00	3.515544e+00	3.515623e+00	3.515701e+00
2.612869e+00	2.640388e+00	2.667917e+00	2.695493e+00	2.723151e+00	2.778525e+00
2.833838e+00	2.888819e+00	2.943084e+00	2.996239e+00	3.047804e+00	3.097604e+00
3.145769e+00	3.192339e+00	3.238684e+00	3.285696e+00	3.333120e+00	3.380718e+00
3.428744e+00	3.480599e+00	3.539292e+00	3.569470e+00	3.595400e+00	3.609469e+00
3.616443e+00	3.617211e+00	3.617713e+00	3.617730e+00	3.617690e+00	3.617695e+00
3.617767e+00	3.617839e+00	2.777661e+00	2.806606e+00	2.835397e+00	2.863944e+00
2.892307e+00	2.948435e+00	3.003554e+00	3.057404e+00	3.109684e+00	3.160180e+00
3.208669e+00	3.255046e+00	3.299458e+00	3.341990e+00	3.384045e+00	3.426561e+00
3.469266e+00	3.511868e+00	3.554583e+00	3.600769e+00	3.653479e+00	3.680678e+00
3.703885e+00	3.716220e+00	3.722013e+00	3.722551e+00	3.722865e+00	3.722862e+00
3.722812e+00	3.722814e+00	3.722879e+00	3.722944e+00	2.952847e+00	2.983287e+00
3.013390e+00	3.042923e+00	3.071971e+00	3.128736e+00	3.183433e+00	3.235828e+00
3.285715e+00	3.333090e+00	3.378026e+00	3.420490e+00	3.460655e+00	3.498656e+00
3.535930e+00	3.573464e+00	3.610973e+00	3.648107e+00	3.685040e+00	3.725089e+00
3.771350e+00	3.795352e+00	3.815644e+00	3.826129e+00	3.830665e+00	3.830958e+00
3.831074e+00	3.831050e+00	3.830989e+00	3.830988e+00	3.831046e+00	3.831103e+00
3.139082e+00	3.171091e+00	3.202557e+00	3.233087e+00	3.262796e+00	3.320062e+00
3.374086e+00	3.424663e+00	3.471711e+00	3.515461e+00	3.556321e+00	3.594343e+00
3.629728e+00	3.662666e+00	3.694632e+00	3.726666e+00	3.758468e+00	3.789631e+00
3.820285e+00	3.853700e+00	3.893024e+00	3.913598e+00	3.930774e+00	3.939289e+00
3.942489e+00	3.942522e+00	3.942428e+00	3.942382e+00	3.942309e+00	3.942306e+00
3.942355e+00	3.942404e+00	3.337063e+00	3.370718e+00	3.403599e+00	3.435135e+00
3.465474e+00	3.523088e+00	3.576156e+00	3.624519e+00	3.668236e+00	3.707810e+00
3.744026e+00	3.777033e+00	3.807061e+00	3.834364e+00	3.860457e+00	3.886435e+00
3.911988e+00	3.936645e+00	3.960494e+00	3.986752e+00	4.018623e+00	4.035529e+00
4.049379e+00	4.055795e+00	4.057577e+00	4.057335e+00	4.057019e+00	4.056948e+00
4.056864e+00	4.056857e+00	4.056898e+00	4.056938e+00	3.547530e+00	3.582912e+00
3.617261e+00	3.649810e+00	3.680743e+00	3.738530e+00	3.790328e+00	3.836038e+00
3.875885e+00	3.910684e+00	3.941639e+00	3.969009e+00	3.993058e+00	4.014111e+00
4.033724e+00	4.053054e+00	4.071779e+00	4.089363e+00	4.105848e+00	4.124397e+00
4.148274e+00	4.161258e+00	4.171562e+00	4.175747e+00	4.176025e+00	4.175492e+00
4.174940e+00	4.174845e+00	4.174747e+00	4.174738e+00	4.174769e+00	4.174800e+00
3.771271e+00	3.808463e+00	3.844336e+00	3.877900e+00	3.909383e+00	3.967146e+00
4.017327e+00	4.059901e+00	4.095289e+00	4.124658e+00	4.149682e+00	4.170741e+00
4.188142e+00	4.202285e+00	4.214769e+00	4.226817e+00	4.238097e+00	4.248004e+00
4.256537e+00	4.266795e+00	4.282109e+00	4.290904e+00	4.297432e+00	4.299246e+00
4.297930e+00	4.297089e+00	4.296289e+00	4.296167e+00	4.296056e+00	4.296043e+00
4.296065e+00	4.296086e+00	4.009124e+00	4.048214e+00	4.085666e+00	4.120245e+00
4.152226e+00	4.209742e+00	4.257920e+00	4.296828e+00	4.327113e+00	4.350340e+00
4.368706e+00	4.382728e+00	4.392757e+00	4.399280e+00	4.403939e+00	4.408029e+00
4.411208e+00	4.412801e+00	4.412757e+00	4.414110e+00	4.420261e+00	4.424589e+00
4.427100e+00	4.426398e+00	4.423394e+00	4.422228e+00	4.421165e+00	4.421015e+00
4.420890e+00	4.420873e+00	4.420885e+00	4.420896e+00	4.261978e+00	4.303057e+00
4.342146e+00	4.377735e+00	4.410154e+00	4.467173e+00	4.512922e+00	4.547581e+00
4.572060e+00	4.588370e+00	4.599290e+00	4.605489e+00	4.607369e+00	4.605509e+00
4.601599e+00	4.597010e+00	4.591390e+00	4.583990e+00	4.574710e+00	4.566510e+00
4.562870e+00	4.562440e+00	4.560681e+00	4.557311e+00	4.552521e+00	4.551011e+00
4.549671e+00	4.549491e+00	4.549351e+00	4.549331e+00	4.549331e+00	4.549331e+00
4.533878e+00	4.577173e+00	4.618091e+00	4.654821e+00	4.687752e+00	4.744282e+00
4.787414e+00	4.817456e+00	4.835609e+00	4.844369e+00	4.847144e+00	4.844761e+00
4.837671e+00	4.826550e+00	4.813134e+00	4.798880e+00	4.783438e+00	4.766004e+00
4.746456e+00	4.727648e+00	4.713129e+00	4.707422e+00	4.700967e+00	4.694720e+00
4.688092e+00	4.686238e+00	4.684618e+00	4.684408e+00	4.684256e+00	4.684231e+00
4.684217e+00	4.684205e+00	4.820718e+00	4.866243e+00	4.908960e+00	4.946725e+00
4.979993e+00	5.035530e+00	5.075335e+00	5.099876e+00	5.110693e+00	5.110840e+00
5.104431e+00	5.092479e+00	5.075495e+00	5.054265e+00	5.030573e+00	5.005967e+00
4.980092e+00	4.952070e+00	4.921734e+00	4.891846e+00	4.866038e+00	4.854875e+00
4.843556e+00	4.834298e+00	4.825689e+00	4.823459e+00	4.821533e+00	4.821291e+00
4.821125e+00	4.821095e+00	4.821068e+00	4.821043e+00	5.110568e+00	5.157594e+00
5.201379e+00	5.239454e+00	5.272337e+00	5.325429e+00	5.360338e+00	5.377554e+00
5.379045e+00	5.368633e+00	5.351361e+00	5.328513e+00	5.300689e+00	5.268823e+00
5.234770e+00	5.200146e+00	5.164513e+00	5.126728e+00	5.086385e+00	5.046365e+00
5.010564e+00	4.994621e+00	4.978902e+00	4.966683e+00	4.955764e+00	4.953051e+00
4.950750e+00	4.950469e+00	4.950265e+00	4.950238e+00	4.950210e+00	4.950172e+00
5.401052e+00	5.449059e+00	5.493311e+00	5.530950e+00	5.562592e+00	5.611324e+00
5.639266e+00	5.647097e+00	5.637321e+00	5.614634e+00	5.585086e+00	5.550269e+00
5.510889e+00	5.468041e+00	5.423629e+00	5.379305e+00	5.334515e+00	5.287786e+00
5.238382e+00	5.189353e+00	5.144877e+00	5.124824e+00	5.105203e+00	5.090140e+00
5.076633e+00	5.073345e+00	5.070611e+00	5.070284e+00	5.070025e+00	5.070005e+00
5.069985e+00	5.069935e+00	5.690245e+00	5.742235e+00	5.788917e+00	5.826220e+00
5.855169e+00	5.893977e+00	5.908437e+00	5.902821e+00	5.880236e+00	5.845239e+00
5.803565e+00	5.756798e+00	5.705747e+00	5.651649e+00	5.596159e+00	5.540903e+00
5.485712e+00	5.429905e+00	5.373177e+00	5.317181e+00	5.264828e+00	5.240870e+00
5.217785e+00	5.200341e+00	5.184029e+00	5.180118e+00	5.176939e+00	5.176543e+00
5.176241e+00	5.176211e+00	5.176183e+00	5.176143e+00	5.982011e+00	6.039420e+00
6.089372e+00	6.126103e+00	6.151248e+00	6.176492e+00	6.173435e+00	6.151691e+00
6.114915e+00	6.067003e+00	6.012772e+00	5.953666e+00	5.890604e+00	5.824961e+00
5.758012e+00	5.691330e+00	5.625324e+00	5.560505e+00	5.497242e+00	5.435221e+00
5.375535e+00	5.347887e+00	5.321607e+00	5.301991e+00	5.282782e+00	5.278226e+00
5.274592e+00	5.274119e+00	5.273776e+00	5.273731e+00	5.273687e+00	5.273667e+00
6.279700e+00	6.336361e+00	6.384609e+00	6.418150e+00	6.438922e+00	6.453028e+00
6.435868e+00	6.397935e+00	6.343646e+00	6.277872e+00	6.206626e+00	6.131792e+00
6.054407e+00	5.976086e+00	5.897966e+00	5.821514e+00	5.746932e+00	5.674062e+00
5.602760e+00	5.533256e+00	5.467498e+00	5.437290e+00	5.408255e+00	5.386129e+00
5.364244e+00	5.359043e+00	5.354910e+00	5.354372e+00	5.353970e+00	5.353922e+00
5.353871e+00	5.353864e+00	6.581005e+00	6.627957e+00	6.667697e+00	6.694781e+00
6.710802e+00	6.717918e+00	6.692279e+00	6.638939e+00	6.563424e+00	6.474170e+00
6.381255e+00	6.287571e+00	6.194092e+00	6.102610e+00	6.014252e+00	5.930258e+00
5.849829e+00	5.770292e+00	5.689872e+00	5.611913e+00	5.541511e+00	5.509864e+00
5.478583e+00	5.453775e+00	5.429587e+00	5.423788e+00	5.419157e+00	5.418569e+00
5.418097e+00	5.418058e+00	5.418008e+00	5.418005e+00	6.878787e+00	6.919189e+00
6.952351e+00	6.972807e+00	6.982163e+00	6.975566e+00	6.933881e+00	6.860605e+00
6.762496e+00	6.650222e+00	6.536260e+00	6.424069e+00	6.314610e+00	6.209670e+00
6.110051e+00	6.016649e+00	5.928223e+00	5.841016e+00	5.752659e+00	5.667780e+00
5.592785e+00	5.559508e+00	5.526250e+00	5.499350e+00	5.472988e+00	5.466641e+00
5.461558e+00	5.460927e+00	5.460395e+00	5.460345e+00	5.460298e+00	5.460303e+00
7.172530e+00	7.208136e+00	7.235584e+00	7.248727e+00	7.249492e+00	7.223460e+00
7.159798e+00	7.063013e+00	6.940941e+00	6.805518e+00	6.670591e+00	6.539905e+00
6.414458e+00	6.295867e+00	6.184479e+00	6.080794e+00	5.983341e+00	5.887531e+00
5.791310e+00	5.699658e+00	5.619593e+00	5.584431e+00	5.549065e+00	5.520068e+00
5.491351e+00	5.484387e+00	5.478786e+00	5.478099e+00	5.477519e+00	5.477459e+00
5.477405e+00	5.477415e+00	7.463108e+00	7.493417e+00	7.514282e+00	7.518701e+00
7.509114e+00	7.459656e+00	7.369934e+00	7.246644e+00	7.098866e+00	6.939436e+00
6.783022e+00	6.633430e+00	6.491657e+00	6.358970e+00	6.235042e+00	6.119770e+00
6.012099e+00	5.909093e+00	5.806417e+00	5.709449e+00	5.625677e+00	5.589234e+00
5.552473e+00	5.522169e+00	5.492121e+00	5.484817e+00	5.478934e+00	5.478213e+00
5.477613e+00	5.477553e+00	5.477493e+00	5.477503e+00	7.736435e+00	7.777750e+00
7.803667e+00	7.802654e+00	7.779117e+00	7.688097e+00	7.551917e+00	7.393545e+00
7.222205e+00	7.046206e+00	6.874758e+00	6.710426e+00	6.554552e+00	6.408965e+00
6.266354e+00	6.132511e+00	6.009465e+00	5.898079e+00	5.790741e+00	5.690400e+00
5.601671e+00	5.562659e+00	5.524265e+00	5.493476e+00	5.462064e+00	5.454449e+00
5.448358e+00	5.447571e+00	5.446972e+00	5.446907e+00	5.446847e+00	5.446840e+00
8.012846e+00	8.057529e+00	8.082156e+00	8.072050e+00	8.033324e+00	7.902777e+00
7.723979e+00	7.530821e+00	7.332696e+00	7.135255e+00	6.944968e+00	6.762860e+00
6.588289e+00	6.422661e+00	6.272623e+00	6.131761e+00	5.999346e+00	5.874425e+00
5.759463e+00	5.653495e+00	5.558052e+00	5.515724e+00	5.475106e+00	5.443524e+00
5.410566e+00	5.402591e+00	5.396255e+00	5.395401e+00	5.394798e+00	5.394725e+00
5.394663e+00	5.394644e+00	8.293950e+00	8.327429e+00	8.339709e+00	8.315189e+00
8.260641e+00	8.097077e+00	7.884413e+00	7.658201e+00	7.429018e+00	7.204056e+00
6.990963e+00	6.790229e+00	6.600735e+00	6.421791e+00	6.254276e+00	6.098492e+00
5.954456e+00	5.820661e+00	5.696185e+00	5.582388e+00	5.481822e+00	5.437173e+00
5.394514e+00	5.361796e+00	5.328407e+00	5.320307e+00	5.313867e+00	5.313017e+00
5.312397e+00	5.312317e+00	5.312247e+00	5.312247e+00	8.565575e+00	8.590463e+00
8.592143e+00	8.552823e+00	8.480140e+00	8.275990e+00	8.021741e+00	7.758588e+00
7.497731e+00	7.247151e+00	7.008799e+00	6.787265e+00	6.588612e+00	6.399273e+00
6.214525e+00	6.044849e+00	5.888919e+00	5.744206e+00	5.609369e+00	5.487173e+00
5.380278e+00	5.332320e+00	5.286948e+00	5.253013e+00	5.219348e+00	5.211143e+00
5.204685e+00	5.203848e+00	5.203228e+00	5.203144e+00	5.203068e+00	5.203072e+00
8.837932e+00	8.849771e+00	8.836747e+00	8.779702e+00	8.687243e+00	8.442046e+00
8.147455e+00	7.848079e+00	7.555797e+00	7.279301e+00	7.019740e+00	6.779321e+00
6.559707e+00	6.350129e+00	6.152765e+00	5.970757e+00	5.803476e+00	5.647912e+00
5.502491e+00	5.371278e+00	5.257071e+00	5.205310e+00	5.156855e+00	5.121589e+00
5.087876e+00	5.079679e+00	5.073266e+00	5.072446e+00	5.071839e+00	5.071756e+00
5.071676e+00	5.071677e+00	9.123573e+00	9.100090e+00	9.053950e+00	8.969600e+00
8.855916e+00	8.581477e+00	8.264342e+00	7.937551e+00	7.612651e+00	7.297440e+00
7.015906e+00	6.758167e+00	6.515597e+00	6.288384e+00	6.078410e+00	5.884617e+00
5.706019e+00	5.539421e+00	5.383129e+00	5.241113e+00	5.116896e+00	5.061091e+00
5.009407e+00	4.972529e+00	4.938708e+00	4.930787e+00	4.924343e+00	4.923507e+00
4.922920e+00	4.922849e+00	4.922772e+00	4.922770e+00	9.416791e+00	9.338859e+00
9.246421e+00	9.129154e+00	8.993821e+00	8.696851e+00	8.367103e+00	8.017702e+00
7.660102e+00	7.307512e+00	6.988244e+00	6.698015e+00	6.435533e+00	6.196848e+00
5.978768e+00	5.775603e+00	5.586381e+00	5.408746e+00	5.241234e+00	5.086026e+00
4.948069e+00	4.887655e+00	4.832300e+00	4.793298e+00	4.759296e+00	4.752042e+00
4.745502e+00	4.744605e+00	4.744050e+00	4.744005e+00	4.743937e+00	4.743933e+00
9.689464e+00	9.572270e+00	9.443894e+00	9.296345e+00	9.136036e+00	8.800538e+00
8.441677e+00	8.049569e+00	7.659538e+00	7.296138e+00	6.948356e+00	6.633039e+00
6.352261e+00	6.099871e+00	5.870072e+00	5.654971e+00	5.453338e+00	5.263122e+00
5.082990e+00	4.914457e+00	4.763268e+00	4.697390e+00	4.637239e+00	4.595264e+00
4.560670e+00	4.554168e+00	4.547627e+00	4.546642e+00	4.546104e+00	4.546091e+00
4.545985e+00	4.546023e+00	9.950465e+00	9.801878e+00	9.643302e+00	9.466737e+00
9.278999e+00	8.895788e+00	8.502166e+00	8.070006e+00	7.649376e+00	7.257634e+00
6.890604e+00	6.558545e+00	6.262138e+00	5.995238e+00	5.751640e+00	5.523131e+00
5.308095e+00	5.104464e+00	4.910971e+00	4.729214e+00	4.565150e+00	4.493114e+00
4.427323e+00	4.381800e+00	4.346303e+00	4.340532e+00	4.334064e+00	4.332985e+00
4.332454e+00	4.332472e+00	4.332304e+00	4.332407e+00	1.018013e+01	1.002274e+01
9.850167e+00	9.651302e+00	9.435054e+00	8.984909e+00	8.517362e+00	8.068827e+00
7.626949e+00	7.206693e+00	6.823927e+00	6.479613e+00	6.169881e+00	5.887111e+00
5.627349e+00	5.384254e+00	5.155484e+00	4.938331e+00	4.731313e+00	4.537189e+00
4.360936e+00	4.281609e+00	4.209435e+00	4.160580e+00	4.124070e+00	4.118058e+00
4.111748e+00	4.110718e+00	4.110185e+00	4.110193e+00	4.110024e+00	4.110137e+00
1.036602e+01	1.022999e+01	1.007152e+01	9.865920e+00	9.622154e+00	9.073659e+00
8.516317e+00	8.011139e+00	7.544484e+00	7.121617e+00	6.739904e+00	6.393897e+00
6.074975e+00	5.773994e+00	5.493858e+00	5.233908e+00	4.990544e+00	4.759232e+00
4.537794e+00	4.332335e+00	4.144969e+00	4.056387e+00	3.976395e+00	3.924397e+00
3.886730e+00	3.878837e+00	3.872860e+00	3.872124e+00	3.871572e+00	3.871499e+00
3.871425e+00	3.871465e+00	1.066024e+01	1.045142e+01	1.021552e+01	9.941534e+00
9.649061e+00	9.069039e+00	8.504334e+00	7.975748e+00	7.496630e+00	7.060358e+00
6.662094e+00	6.297916e+00	5.961207e+00	5.643007e+00	5.346588e+00	5.072467e+00
4.816738e+00	4.576209e+00	4.348207e+00	4.131973e+00	3.925243e+00	3.826406e+00
3.739316e+00	3.684552e+00	3.643587e+00	3.636212e+00	3.629521e+00	3.628643e+00
3.628177e+00	3.628058e+00	3.628145e+00	3.628073e+00	1.099063e+01	1.065935e+01
1.032388e+01	9.983938e+00	9.650459e+00	9.042327e+00	8.473749e+00	7.947534e+00
7.458095e+00	7.002108e+00	6.577821e+00	6.186239e+00	5.828202e+00	5.496635e+00
5.189341e+00	4.904694e+00	4.638936e+00	4.391441e+00	4.159130e+00	3.931112e+00
3.701404e+00	3.592407e+00	3.498795e+00	3.441193e+00	3.395503e+00	3.389413e+00
3.381546e+00	3.380335e+00	3.379963e+00	3.379830e+00	3.380042e+00	3.379877e+00
1.117022e+01	1.081074e+01	1.044825e+01	1.008260e+01	9.724465e+00	9.060532e+00
8.451242e+00	7.889274e+00	7.371906e+00	6.894447e+00	6.455023e+00	6.053343e+00
5.687518e+00	5.349200e+00	5.034629e+00	4.742511e+00	4.467975e+00	4.209597e+00
3.963935e+00	3.720908e+00	3.475397e+00	3.358480e+00	3.258383e+00	3.196950e+00
3.146923e+00	3.139312e+00	3.131075e+00	3.129902e+00	3.129432e+00	3.129302e+00
3.129425e+00	3.129287e+00	1.134272e+01	1.095020e+01	1.055559e+01	1.015954e+01
9.773766e+00	9.058809e+00	8.413169e+00	7.820242e+00	7.278374e+00	6.781302e+00
6.326823e+00	5.915289e+00	5.541858e+00	5.197375e+00	4.876251e+00	4.577140e+00
4.294760e+00	4.026824e+00	3.769595e+00	3.513053e+00	3.252467e+00	3.127900e+00
3.021223e+00	2.955342e+00	2.900038e+00	2.890862e+00	2.881918e+00	2.880707e+00
2.880132e+00	2.880002e+00	2.880061e+00	2.879941e+00	1.150276e+01	1.107654e+01
1.064941e+01	1.022303e+01	9.808272e+00	9.052456e+00	8.364678e+00	7.741486e+00
7.175701e+00	6.660161e+00	6.191800e+00	5.771454e+00	5.391516e+00	5.041896e+00
4.715295e+00	4.410018e+00	4.121047e+00	3.844874e+00	3.577518e+00	3.309120e+00
3.035309e+00	2.903877e+00	2.790862e+00	2.720076e+00	2.658876e+00	2.648087e+00
2.638182e+00	2.636882e+00	2.636190e+00	2.636061e+00	2.636059e+00	2.635952e+00
1.164975e+01	1.118793e+01	1.072671e+01	1.026889e+01	9.827302e+00	9.023619e+00
8.300715e+00	7.648974e+00	7.060704e+00	6.528801e+00	6.048692e+00	5.620798e+00
5.235484e+00	4.881536e+00	4.550188e+00	4.239060e+00	3.944369e+00	3.661154e+00
3.385313e+00	3.107250e+00	2.822775e+00	2.685429e+00	2.565883e+00	2.488976e+00
2.421004e+00	2.408408e+00	2.397202e+00	2.395761e+00	2.394921e+00	2.394791e+00
2.394731e+00	2.394631e+00	1.179576e+01	1.128762e+01	1.078311e+01	1.028789e+01
9.817101e+00	8.970581e+00	8.213662e+00	7.539203e+00	6.935133e+00	6.393173e+00
5.906875e+00	5.473606e+00	5.083097e+00	4.723453e+00	4.384973e+00	4.064713e+00
3.761639e+00	3.470605e+00	3.188330e+00	2.905606e+00	2.617558e+00	2.476986e+00
2.349919e+00	2.263624e+00	2.189247e+00	2.174231e+00	2.161662e+00	2.160121e+00
2.159050e+00	2.158901e+00	2.158801e+00	2.158722e+00	1.194196e+01	1.138219e+01
1.083140e+01	1.029993e+01	9.794936e+00	8.897834e+00	8.112065e+00	7.419402e+00
6.803664e+00	6.254984e+00	5.765127e+00	5.327647e+00	4.932268e+00	4.566759e+00
4.220831e+00	3.891084e+00	3.579609e+00	3.281873e+00	2.995388e+00	2.711021e+00
2.422637e+00	2.280165e+00	2.146140e+00	2.050404e+00	1.970157e+00	1.952742e+00
1.938817e+00	1.937179e+00	1.935872e+00	1.935697e+00	1.935572e+00	1.935516e+00
1.209171e+01	1.147639e+01	1.087568e+01	1.030268e+01	9.768618e+00	8.822697e+00
8.006379e+00	7.294978e+00	6.668045e+00	6.112549e+00	5.618849e+00	5.177387e+00
4.777310e+00	4.406634e+00	4.054863e+00	3.718315e+00	3.401175e+00	3.100365e+00
2.812635e+00	2.527942e+00	2.238425e+00	2.093646e+00	1.953852e+00	1.850695e+00
1.764492e+00	1.745059e+00	1.729615e+00	1.727820e+00	1.726328e+00	1.726116e+00
1.725992e+00	1.725943e+00	1.224553e+01	1.156998e+01	1.091613e+01	1.030338e+01
9.735563e+00	8.742556e+00	7.895272e+00	7.165430e+00	6.528640e+00	5.966986e+00
5.469531e+00	5.024334e+00	4.619629e+00	4.244269e+00	3.887972e+00	3.546902e+00
3.226292e+00	2.925403e+00	2.638953e+00	2.355237e+00	2.064411e+00	1.917242e+00
1.772701e+00	1.663588e+00	1.571115e+00	1.549832e+00	1.532680e+00	1.530674e+00
1.529021e+00	1.528768e+00	1.528659e+00	1.528609e+00	1.240699e+01	1.167052e+01
1.096350e+01	1.030908e+01	9.715084e+00	8.672926e+00	7.794432e+00	7.045465e+00
6.399834e+00	5.833726e+00	5.332310e+00	4.883075e+00	4.473948e+00	4.094311e+00
3.734087e+00	3.389252e+00	3.065107e+00	2.763820e+00	2.478571e+00	2.196062e+00
1.905410e+00	1.757371e+00	1.610250e+00	1.497045e+00	1.398288e+00	1.375002e+00
1.356202e+00	1.354014e+00	1.352174e+00	1.351895e+00	1.351771e+00	1.351728e+00
1.257538e+01	1.177650e+01	1.101597e+01	1.032445e+01	9.699315e+00	8.610554e+00
7.701715e+00	6.933642e+00	6.279624e+00	5.709757e+00	5.204221e+00	4.750781e+00
4.337348e+00	3.953727e+00	3.590156e+00	3.242453e+00	2.915349e+00	2.613890e+00
2.330060e+00	2.049144e+00	1.759830e+00	1.611976e+00	1.463840e+00	1.348053e+00
1.243718e+00	1.218610e+00	1.198376e+00	1.196026e+00	1.194014e+00	1.193721e+00
1.193569e+00	1.193535e+00	1.275589e+01	1.189074e+01	1.107477e+01	1.034512e+01
9.696708e+00	8.578843e+00	7.643326e+00	6.854918e+00	6.188476e+00	5.610936e+00
5.098572e+00	4.638598e+00	4.218926e+00	3.829824e+00	3.462793e+00	3.113761e+00
2.785750e+00	2.483457e+00	2.199523e+00	1.919205e+00	1.631906e+00	1.484844e+00
1.336635e+00	1.219119e+00	1.109316e+00	1.082545e+00	1.061029e+00	1.058412e+00
1.056278e+00	1.055994e+00	1.055796e+00	1.055768e+00	1.295317e+01	1.201643e+01
1.114319e+01	1.038089e+01	9.713695e+00	8.564148e+00	7.607174e+00	6.800349e+00
6.121134e+00	5.534066e+00	5.013293e+00	4.545136e+00	4.117623e+00	3.721624e+00
3.351046e+00	3.002275e+00	2.675398e+00	2.371658e+00	2.086036e+00	1.805094e+00
1.520241e+00	1.374393e+00	1.226821e+00	1.108194e+00	9.927553e-01	9.644106e-01
9.416994e-01	9.386998e-01	9.364896e-01	9.362357e-01	9.359727e-01	9.359476e-01
1.317165e+01	1.216312e+01	1.123304e+01	1.043802e+01	9.750858e+00	8.572566e+00
7.605817e+00	6.784193e+00	6.085845e+00	5.485156e+00	4.954569e+00	4.477785e+00
4.042504e+00	3.639978e+00	3.265114e+00	2.914319e+00	2.585949e+00	2.279182e+00
1.991443e+00	1.710285e+00	1.427026e+00	1.282012e+00	1.134359e+00	1.014035e+00
8.934030e-01	8.633621e-01	8.393852e-01	8.361346e-01	8.338235e-01	8.335650e-01
8.332806e-01	8.332314e-01	1.340924e+01	1.233964e+01	1.136060e+01	1.053734e+01
9.833176e+00	8.616348e+00	7.620910e+00	6.781414e+00	6.074183e+00	5.465960e+00
4.926409e+00	4.440506e+00	3.997272e+00	3.588285e+00	3.207493e+00	2.850983e+00
2.517391e+00	2.205802e+00	1.915670e+00	1.634895e+00	1.351990e+00	1.207078e+00
1.058382e+00	9.356196e-01	8.099158e-01	7.780631e-01	7.526756e-01	7.493430e-01
7.468567e-01	7.465690e-01	7.462707e-01	7.462025e-01	1.365789e+01	1.255217e+01
1.154266e+01	1.069748e+01	9.971746e+00	8.696208e+00	7.655032e+00	6.794399e+00
6.078066e+00	5.466060e+00	4.922464e+00	4.430753e+00	3.981958e+00	3.568282e+00
3.181916e+00	2.817730e+00	2.475217e+00	2.156537e+00	1.862314e+00	1.581185e+00
1.296764e+00	1.150780e+00	9.997318e-01	8.735059e-01	7.421529e-01	7.083329e-01
6.812822e-01	6.780021e-01	6.752341e-01	6.749097e-01	6.745669e-01	6.745156e-01
1.394633e+01	1.277827e+01	1.172047e+01	1.085008e+01	1.010978e+01	8.798302e+00
7.731465e+00	6.856669e+00	6.129245e+00	5.506913e+00	4.953825e+00	4.453502e+00
3.997088e+00	3.576872e+00	3.185109e+00	2.815587e+00	2.465499e+00	2.138227e+00
1.833542e+00	1.545389e+00	1.256953e+00	1.110103e+00	9.565318e-01	8.264273e-01
6.885775e-01	6.526756e-01	6.239073e-01	6.204069e-01	6.174569e-01	6.171113e-01
6.167446e-01	6.166816e-01	1.426309e+01	1.302684e+01	1.191670e+01	1.101964e+01
1.026522e+01	8.921151e+00	7.833472e+00	6.947273e+00	6.209187e+00	5.575146e+00
5.009774e+00	4.497809e+00	4.030492e+00	3.600056e+00	3.198669e+00	2.821656e+00
2.468752e+00	2.137980e+00	1.828724e+00	1.536815e+00	1.245104e+00	1.092611e+00
9.321898e-01	7.949275e-01	6.484191e-01	6.099241e-01	5.790535e-01	5.752675e-01
5.720993e-01	5.717303e-01	5.713416e-01	5.712705e-01	1.460751e+01	1.330341e+01
1.214088e+01	1.121665e+01	1.044781e+01	9.072091e+00	7.965214e+00	7.067483e+00
6.320598e+00	5.677780e+00	5.103526e+00	4.583188e+00	4.108246e+00	3.670770e+00
3.262790e+00	2.878749e+00	2.516645e+00	2.174946e+00	1.852020e+00	1.545595e+00
1.244355e+00	1.087984e+00	9.219401e-01	7.782139e-01	6.210012e-01	5.793201e-01
5.458791e-01	5.417641e-01	5.383199e-01	5.379194e-01	5.375089e-01	5.374388e-01
1.495351e+01	1.358616e+01	1.237520e+01	1.142675e+01	1.064583e+01	9.243907e+00
8.124987e+00	7.216611e+00	6.460438e+00	5.808411e+00	5.225147e+00	4.696222e+00
4.213169e+00	3.767900e+00	3.352187e+00	2.960094e+00	2.589064e+00	2.236620e+00
1.900170e+00	1.577626e+00	1.262762e+00	1.101486e+00	9.291363e-01	7.792129e-01
6.036268e-01	5.582203e-01	5.219434e-01	5.174682e-01	5.136925e-01	5.132381e-01
5.128321e-01	5.127845e-01	1.529746e+01	1.387100e+01	1.261545e+01	1.164599e+01
1.085576e+01	9.433280e+00	8.308188e+00	7.390574e+00	6.625289e+00	5.964205e+00
5.372387e+00	4.835406e+00	4.344707e+00	3.892013e+00	3.468729e+00	3.068481e+00
2.688246e+00	2.324810e+00	1.975009e+00	1.636191e+00	1.304613e+00	1.132544e+00
9.462207e-01	7.819413e-01	5.918388e-01	5.425256e-01	5.031008e-01	4.982280e-01
4.941098e-01	4.936021e-01	4.931854e-01	4.931596e-01	1.562201e+01	1.414410e+01
1.285103e+01	1.186663e+01	1.107236e+01	9.637907e+00	8.510685e+00	7.585618e+00
6.811522e+00	6.141185e+00	5.540585e+00	4.995287e+00	4.496603e+00	4.036013e+00
3.604538e+00	3.195387e+00	2.805096e+00	2.429741e+00	2.065350e+00	1.708303e+00
1.356034e+00	1.172531e+00	9.708846e-01	7.900013e-01	5.904837e-01	5.348335e-01
4.904471e-01	4.849370e-01	4.804145e-01	4.798817e-01	4.793601e-01	4.793896e-01
1.591572e+01	1.439858e+01	1.307901e+01	1.208875e+01	1.129830e+01	9.865464e+00
8.742918e+00	7.812892e+00	7.029877e+00	6.349572e+00	5.739933e+00	5.186479e+00
4.680164e+00	4.212014e+00	3.772460e+00	3.354241e+00	2.953576e+00	2.566109e+00
2.187058e+00	1.811076e+00	1.432161e+00	1.234695e+00	1.014689e+00	8.157691e-01
5.920971e-01	5.309701e-01	4.820217e-01	4.758737e-01	4.709425e-01	4.703797e-01
4.697378e-01	4.697879e-01	1.611081e+01	1.459531e+01	1.328333e+01	1.231103e+01
1.154115e+01	1.013065e+01	9.012373e+00	8.071330e+00	7.270279e+00	6.571657e+00
5.948516e+00	5.386241e+00	4.874356e+00	4.402254e+00	3.958376e+00	3.534049e+00
3.125125e+00	2.726700e+00	2.332601e+00	1.934307e+00	1.522488e+00	1.306158e+00
1.066641e+00	8.489414e-01	5.986347e-01	5.316371e-01	4.765691e-01	4.701878e-01
4.646704e-01	4.638699e-01	4.632877e-01	4.628917e-01	1.626497e+01	1.476396e+01
1.347356e+01	1.253221e+01	1.179449e+01	1.042428e+01	9.312193e+00	8.357186e+00
7.532309e+00	6.809896e+00	6.170402e+00	5.599004e+00	5.083108e+00	4.609780e+00
4.164555e+00	3.736665e+00	3.321533e+00	2.913608e+00	2.504747e+00	2.081638e+00
1.630608e+00	1.390352e+00	1.129696e+00	8.929629e-01	6.141504e-01	5.345020e-01
4.724294e-01	4.659240e-01	4.598459e-01	4.587831e-01	4.582926e-01	4.573717e-01
1.643336e+01	1.492987e+01	1.364606e+01	1.272780e+01	1.202023e+01	1.069312e+01
9.595307e+00	8.638683e+00	7.802507e+00	7.065836e+00	6.414698e+00	5.835096e+00
5.313647e+00	4.836268e+00	4.386995e+00	3.953883e+00	3.531850e+00	3.114471e+00
2.691445e+00	2.244551e+00	1.754519e+00	1.488642e+00	1.202444e+00	9.426515e-01
6.317188e-01	5.389713e-01	4.708819e-01	4.629604e-01	4.559720e-01	4.547301e-01
4.539830e-01	4.526177e-01	1.662375e+01	1.509338e+01	1.379805e+01	1.289301e+01
1.221152e+01	1.092789e+01	9.852851e+00	8.910200e+00	8.080854e+00	7.345548e+00
6.691241e+00	6.105150e+00	5.575119e+00	5.088226e+00	4.629735e+00	4.188153e+00
3.757711e+00	3.330768e+00	2.894766e+00	2.427041e+00	1.901447e+00	1.608817e+00
1.290042e+00	1.000765e+00	6.531181e-01	5.493699e-01	4.704256e-01	4.609531e-01
4.529723e-01	4.516295e-01	4.503508e-01	4.486283e-01	1.679641e+01	1.524027e+01
1.393606e+01	1.304915e+01	1.239821e+01	1.116038e+01	1.011069e+01	9.184060e+00
8.363539e+00	7.631441e+00	6.975780e+00	6.384992e+00	5.848067e+00	5.353197e+00
4.886771e+00	4.437730e+00	3.999672e+00	3.563753e+00	3.115180e+00	2.626596e+00
2.064555e+00	1.744046e+00	1.388635e+00	1.067425e+00	6.790584e-01	5.626127e-01
4.708416e-01	4.597039e-01	4.502822e-01	4.488169e-01	4.470465e-01	4.449946e-01
1.694603e+01	1.536565e+01	1.405555e+01	1.319219e+01	1.257659e+01	1.138562e+01
1.036397e+01	9.455431e+00	8.645715e+00	7.918749e+00	7.263875e+00	6.670699e+00
6.129233e+00	5.628622e+00	5.156174e+00	4.701185e+00	4.256676e+00	3.812673e+00
3.352199e+00	2.843111e+00	2.244376e+00	1.895401e+00	1.500231e+00	1.143942e+00
7.105718e-01	5.794612e-01	4.726542e-01	4.589388e-01	4.477173e-01	4.461077e-01
4.438752e-01	4.416022e-01	1.706833e+01	1.546406e+01	1.415005e+01	1.331481e+01
1.273837e+01	1.159291e+01	1.060210e+01	9.714559e+00	8.918708e+00	8.199936e+00
7.548918e+00	6.956282e+00	6.413026e+00	5.909157e+00	5.432852e+00	4.973741e+00
4.524310e+00	4.073565e+00	3.602383e+00	3.074024e+00	2.439512e+00	2.062008e+00
1.626758e+00	1.230236e+00	7.474781e-01	5.997954e-01	4.753384e-01	4.585513e-01
4.449850e-01	4.432015e-01	4.405229e-01	4.382564e-01	1.716671e+01	1.553958e+01
1.422357e+01	1.341927e+01	1.288397e+01	1.178307e+01	1.082491e+01	9.960696e+00
9.181349e+00	8.473609e+00	7.829327e+00	7.240128e+00	6.697860e+00	6.193344e+00
5.715492e+00	5.254239e+00	4.801637e+00	4.345722e+00	3.865364e+00	3.319346e+00
2.650504e+00	2.244735e+00	1.768338e+00	1.327165e+00	7.902954e-01	6.239790e-01
4.791668e-01	4.588221e-01	4.421710e-01	4.401586e-01	4.371929e-01	4.348282e-01
1.725491e+01	1.560682e+01	1.428992e+01	1.351632e+01	1.302141e+01	1.196371e+01
1.103846e+01	1.019880e+01	9.437678e+00	8.743041e+00	8.107813e+00	7.524470e+00
6.985623e+00	6.482789e+00	6.005524e+00	5.544015e+00	5.089939e+00	4.630459e+00
4.142518e+00	3.580489e+00	2.878695e+00	2.444812e+00	1.926236e+00	1.436172e+00
8.392880e-01	6.520952e-01	4.842250e-01	4.595496e-01	4.395632e-01	4.372458e-01
4.341253e-01	4.317409e-01	1.733145e+01	1.566551e+01	1.434904e+01	1.360458e+01
1.314754e+01	1.213099e+01	1.123793e+01	1.042343e+01	9.681946e+00	9.002402e+00
8.378680e+00	7.803904e+00	7.271329e+00	6.772980e+00	6.298909e+00	5.839448e+00
5.385972e+00	4.924920e+00	4.431484e+00	3.855888e+00	3.123925e+00	2.663134e+00
2.102769e+00	1.560427e+00	8.963944e-01	6.856482e-01	4.913141e-01	4.617823e-01
4.372341e-01	4.345100e-01	4.313877e-01	4.290900e-01	1.738528e+01	1.570767e+01
1.439398e+01	1.367503e+01	1.325072e+01	1.227396e+01	1.141201e+01	1.062300e+01
9.902386e+00	9.240007e+00	8.630408e+00	8.067241e+00	7.544209e+00	7.053691e+00
6.586008e+00	6.131546e+00	5.681470e+00	5.221602e+00	4.725617e+00	4.139992e+00
3.382041e+00	2.896404e+00	2.295620e+00	1.701396e+00	9.612445e-01	7.243191e-01
5.001152e-01	4.648983e-01	4.348478e-01	4.315910e-01	4.286881e-01	4.264991e-01
1.743025e+01	1.574309e+01	1.443249e+01	1.373673e+01	1.334223e+01	1.240369e+01
1.157192e+01	1.080843e+01	1.010939e+01	9.465477e+00	8.871758e+00	8.322320e+00
7.811200e+00	7.331025e+00	6.872235e+00	6.425187e+00	5.980891e+00	5.524628e+00
5.028703e+00	4.436096e+00	3.655586e+00	3.146641e+00	2.506131e+00	1.858982e+00
1.033886e+00	7.679645e-01	5.105322e-01	4.690052e-01	4.325860e-01	4.286741e-01
4.261042e-01	4.240382e-01	1.746999e+01	1.577429e+01	1.446613e+01	1.379031e+01
1.342193e+01	1.251872e+01	1.171510e+01	1.097632e+01	1.029899e+01	9.674469e+00
9.098166e+00	8.564495e+00	8.067702e+00	7.600524e+00	7.153312e+00	6.716297e+00
6.280393e+00	5.830453e+00	5.337615e+00	4.741666e+00	3.943026e+00	3.413026e+00
2.734433e+00	2.033376e+00	1.115335e+00	8.173309e-01	5.228049e-01	4.741884e-01
4.307109e-01	4.259822e-01	4.238117e-01	4.218726e-01	1.750356e+01	1.580021e+01
1.449379e+01	1.383483e+01	1.348891e+01	1.261751e+01	1.183953e+01	1.112413e+01
1.046808e+01	9.863327e+00	9.305512e+00	8.789275e+00	8.308957e+00	7.857275e+00
7.424277e+00	6.999936e+00	6.575123e+00	6.134392e+00	5.647978e+00	5.052960e+00
4.241948e+00	3.694326e+00	2.981103e+00	2.227189e+00	1.207909e+00	8.744169e-01
5.380324e-01	4.813556e-01	4.292678e-01	4.235385e-01	4.217960e-01	4.199880e-01
1.752958e+01	1.581654e+01	1.450980e+01	1.386578e+01	1.354032e+01	1.269708e+01
1.194264e+01	1.124938e+01	1.061410e+01	1.002937e+01	9.490959e+00	8.993591e+00
8.531609e+00	8.097586e+00	7.681093e+00	7.271744e+00	6.860433e+00	6.431611e+00
5.954949e+00	5.365559e+00	4.548881e+00	3.987583e+00	3.243374e+00	2.438116e+00
1.310723e+00	9.388659e-01	5.558532e-01	4.901605e-01	4.288374e-01	4.212935e-01
4.199951e-01	4.183067e-01	1.755165e+01	1.582899e+01	1.452149e+01	1.389057e+01
1.358368e+01	1.276605e+01	1.203348e+01	1.136124e+01	1.074608e+01	1.018123e+01
9.662563e+00	9.184822e+00	8.742334e+00	8.327483e+00	7.929273e+00	7.536898e+00
7.141306e+00	6.726955e+00	6.263154e+00	5.683499e+00	4.866789e+00	4.295234e+00
3.523444e+00	2.668244e+00	1.425014e+00	1.011250e+00	5.764176e-01	5.007658e-01
4.285883e-01	4.192801e-01	4.183355e-01	4.167700e-01	1.757329e+01	1.584239e+01
1.453441e+01	1.391506e+01	1.362440e+01	1.282862e+01	1.211484e+01	1.146093e+01
1.086360e+01	1.031676e+01	9.816341e+00	9.357345e+00	8.934168e+00	8.539180e+00
8.161153e+00	7.789003e+00	7.413640e+00	7.019236e+00	6.574059e+00	6.008457e+00
5.193925e+00	4.613822e+00	3.818557e+00	2.916968e+00	1.553675e+00	1.091929e+00
5.997090e-01	5.129073e-01	4.286804e-01	4.187655e-01	4.167144e-01	4.154397e-01
1.759618e+01	1.585821e+01	1.454994e+01	1.393994e+01	1.366279e+01	1.288462e+01
1.218612e+01	1.154737e+01	1.096510e+01	1.043382e+01	9.949534e+00	9.507718e+00
9.102967e+00	8.727874e+00	8.371424e+00	8.022557e+00	7.672183e+00	7.303953e+00
6.884222e+00	6.337458e+00	5.526502e+00	4.939340e+00	4.126079e+00	3.184568e+00
1.700765e+00	1.183227e+00	6.271510e-01	5.275471e-01	4.304222e-01	4.189033e-01
4.150974e-01	4.143257e-01	1.759782e+01	1.585953e+01	1.455415e+01	1.395584e+01
1.369065e+01	1.292932e+01	1.224582e+01	1.162212e+01	1.105516e+01	1.053964e+01
1.007177e+01	9.647272e+00	9.260960e+00	8.905624e+00	8.570356e+00	8.244271e+00
7.918648e+00	7.577384e+00	7.185562e+00	6.661279e+00	5.859067e+00	5.269484e+00
4.445931e+00	3.471481e+00	1.866498e+00	1.284429e+00	6.582531e-01	5.449071e-01
4.329760e-01	4.191231e-01	4.140491e-01	4.133590e-01	1.758392e+01	1.585071e+01
1.455352e+01	1.396464e+01	1.371158e+01	1.296807e+01	1.229940e+01	1.168964e+01
1.113633e+01	1.063472e+01	1.018186e+01	9.773729e+00	9.405488e+00	9.070197e+00
8.757110e+00	8.455249e+00	8.155134e+00	7.838819e+00	7.470104e+00	6.968669e+00
6.188032e+00	5.605335e+00	4.778718e+00	3.775339e+00	2.051584e+00	1.397459e+00
6.938107e-01	5.656390e-01	4.367506e-01	4.195420e-01	4.133869e-01	4.125175e-01
1.753237e+01	1.582093e+01	1.454194e+01	1.396966e+01	1.373015e+01	1.300686e+01
1.235257e+01	1.175445e+01	1.121107e+01	1.071951e+01	1.027842e+01	9.884412e+00
9.533130e+00	9.218180e+00	8.929388e+00	8.655237e+00	8.383123e+00	8.088395e+00
7.732656e+00	7.252035e+00	6.512607e+00	5.950074e+00	5.124912e+00	4.090852e+00
2.253518e+00	1.525278e+00	7.343469e-01	5.897052e-01	4.417747e-01	4.205355e-01
4.129092e-01	4.117855e-01	1.752529e+01	1.582353e+01	1.455386e+01	1.398476e+01
1.374802e+01	1.303216e+01	1.238703e+01	1.180046e+01	1.127034e+01	1.079300e+01
1.036641e+01	9.987228e+00	9.651176e+00	9.352147e+00	9.080086e+00	8.824510e+00
8.575963e+00	8.315338e+00	8.004933e+00	7.563982e+00	6.842169e+00	6.283333e+00
5.464928e+00	4.421592e+00	2.478061e+00	1.670601e+00	7.798842e-01	6.165370e-01
4.481389e-01	4.232058e-01	4.124017e-01	4.112276e-01	1.751158e+01	1.582228e+01
1.455982e+01	1.399800e+01	1.376387e+01	1.305600e+01	1.241958e+01	1.184327e+01
1.132450e+01	1.085936e+01	1.044528e+01	1.007910e+01	9.756793e+00	9.472555e+00
9.216661e+00	8.979609e+00	8.754505e+00	8.526719e+00	8.260002e+00	7.861258e+00
7.166419e+00	6.617254e+00	5.810334e+00	4.762476e+00	2.721204e+00	1.833717e+00
8.307439e-01	6.466748e-01	4.556953e-01	4.266888e-01	4.119303e-01	4.107007e-01
1.747095e+01	1.580373e+01	1.456026e+01	1.400675e+01	1.377773e+01	1.308057e+01
1.245309e+01	1.188538e+01	1.137496e+01	1.091862e+01	1.051386e+01	1.015798e+01
9.847480e+00	9.576973e+00	9.337466e+00	9.120151e+00	8.918751e+00	8.719050e+00
8.485581e+00	8.126186e+00	7.475771e+00	6.948464e+00	6.157657e+00	5.106012e+00
2.981098e+00	2.016802e+00	8.883923e-01	6.814040e-01	4.649890e-01	4.309837e-01
4.115855e-01	4.101969e-01	1.742995e+01	1.578619e+01	1.456119e+01	1.401704e+01
1.379320e+01	1.310710e+01	1.248851e+01	1.192847e+01	1.142488e+01	1.097506e+01
1.057705e+01	1.022871e+01	9.927380e+00	9.668636e+00	9.444737e+00	9.247650e+00
9.070305e+00	8.896016e+00	8.689297e+00	8.367143e+00	7.771785e+00	7.273912e+00
6.501618e+00	5.450572e+00	3.262047e+00	2.218497e+00	9.533910e-01	7.211331e-01
4.762506e-01	4.365866e-01	4.116056e-01	4.097521e-01	1.738360e+01	1.576688e+01
1.456269e+01	1.402858e+01	1.380943e+01	1.313398e+01	1.252361e+01	1.197031e+01
1.147250e+01	1.102812e+01	1.063583e+01	1.029402e+01	1.000077e+01	9.752672e+00
9.543383e+00	9.365763e+00	9.211762e+00	9.061718e+00	8.880173e+00	8.595756e+00
8.060899e+00	7.596726e+00	6.846994e+00	5.802303e+00	3.564110e+00	2.439745e+00
1.025751e+00	7.656422e-01	4.892105e-01	4.433266e-01	4.116617e-01	4.093858e-01
1.732592e+01	1.574505e+01	1.456720e+01	1.404364e+01	1.382702e+01	1.315945e+01
1.255473e+01	1.200635e+01	1.151332e+01	1.107412e+01	1.068787e+01	1.035305e+01
1.006762e+01	9.828623e+00	9.631041e+00	9.468915e+00	9.334562e+00	9.208232e+00
9.056080e+00	8.814156e+00	8.338218e+00	7.905756e+00	7.186145e+00	6.160299e+00
3.881834e+00	2.678393e+00	1.106476e+00	8.156528e-01	5.039450e-01	4.512850e-01
4.118604e-01	4.092320e-01	1.724808e+01	1.571812e+01	1.457631e+01	1.406277e+01
1.384481e+01	1.318267e+01	1.258167e+01	1.203686e+01	1.154769e+01	1.111316e+01
1.073271e+01	1.040469e+01	1.012647e+01	9.895139e+00	9.706854e+00	9.556954e+00
9.438942e+00	9.334828e+00	9.213701e+00	9.016520e+00	8.597891e+00	8.196064e+00
7.513091e+00	6.517483e+00	4.211877e+00	2.934902e+00	1.197703e+00	8.728993e-01
5.213541e-01	4.612034e-01	4.126002e-01	4.091592e-01	1.713563e+01	1.567451e+01
1.457674e+01	1.407708e+01	1.385374e+01	1.319801e+01	1.260203e+01	1.206157e+01
1.157617e+01	1.114535e+01	1.076877e+01	1.044534e+01	1.017293e+01	9.949139e+00
9.770123e+00	9.631679e+00	9.528351e+00	9.443827e+00	9.349815e+00	9.191481e+00
8.831734e+00	8.468907e+00	7.826268e+00	6.859249e+00	4.545522e+00	3.212358e+00
1.300167e+00	9.368386e-01	5.411744e-01	4.725689e-01	4.137814e-01	4.089754e-01
1.698911e+01	1.561417e+01	1.457659e+01	1.408946e+01	1.385991e+01	1.321003e+01
1.261903e+01	1.208292e+01	1.160109e+01	1.117349e+01	1.079999e+01	1.048022e+01
1.021289e+01	9.996223e+00	9.826034e+00	9.698247e+00	9.608393e+00	9.541855e+00
9.472888e+00	9.350541e+00	9.050031e+00	8.730413e+00	8.131532e+00	7.194845e+00
4.888302e+00	3.511777e+00	1.414571e+00	1.008064e+00	5.635133e-01	4.854863e-01
4.156394e-01	4.087024e-01	1.683631e+01	1.555257e+01	1.457695e+01	1.410357e+01
1.386615e+01	1.322022e+01	1.263247e+01	1.209979e+01	1.162144e+01	1.119755e+01
1.082802e+01	1.051255e+01	1.025010e+01	1.003921e+01	9.876095e+00	9.757255e+00
9.679105e+00	9.628413e+00	9.582139e+00	9.495049e+00	9.251525e+00	8.972021e+00
8.421606e+00	7.529348e+00	5.245372e+00	3.823048e+00	1.540133e+00	1.087585e+00
5.886424e-01	5.000959e-01	4.180181e-01	4.085255e-01	1.667272e+01	1.548887e+01
1.458048e+01	1.412063e+01	1.387284e+01	1.322886e+01	1.264276e+01	1.211256e+01
1.163740e+01	1.121750e+01	1.085280e+01	1.054234e+01	1.028458e+01	1.007794e+01
9.919977e+00	9.808222e+00	9.739833e+00	9.702610e+00	9.676304e+00	9.623223e+00
9.432905e+00	9.188493e+00	8.690165e+00	7.858670e+00	5.614375e+00	4.139972e+00
1.678354e+00	1.177833e+00	6.178922e-01	5.173379e-01	4.215675e-01	4.084421e-01
1.651301e+01	1.542477e+01	1.458038e+01	1.413353e+01	1.387539e+01	1.323371e+01
1.264987e+01	1.212225e+01	1.165016e+01	1.123370e+01	1.087266e+01	1.056595e+01
1.031211e+01	1.010951e+01	9.956525e+00	9.851407e+00	9.791879e+00	9.766573e+00
9.757565e+00	9.733773e+00	9.594454e+00	9.387925e+00	8.942225e+00	8.169266e+00
5.981023e+00	4.474422e+00	1.830677e+00	1.277811e+00	6.504791e-01	5.366521e-01
4.258116e-01	4.081881e-01	1.636523e+01	1.536473e+01	1.457922e+01	1.414442e+01
1.387716e+01	1.323754e+01	1.265586e+01	1.213070e+01	1.166137e+01	1.124770e+01
1.088927e+01	1.058525e+01	1.033473e+01	1.013626e+01	9.988197e+00	9.888979e+00
9.836983e+00	9.822024e+00	9.828279e+00	9.828895e+00	9.736266e+00	9.569977e+00
9.178817e+00	8.460495e+00	6.334761e+00	4.824703e+00	2.004163e+00	1.389649e+00
6.869448e-01	5.584830e-01	4.305289e-01	4.078051e-01	1.624102e+01	1.531550e+01
1.458053e+01	1.415611e+01	1.388105e+01	1.324337e+01	1.266331e+01	1.214032e+01
1.167319e+01	1.126151e+01	1.090481e+01	1.060272e+01	1.035511e+01	1.016108e+01
1.001794e+01	9.923613e+00	9.877508e+00	9.871419e+00	9.891661e+00	9.912333e+00
9.859874e+00	9.733974e+00	9.401108e+00	8.736243e+00	6.668485e+00	5.184042e+00
2.212097e+00	1.516175e+00	7.277370e-01	5.832463e-01	4.352533e-01	4.076673e-01
1.613463e+01	1.527155e+01	1.457861e+01	1.416271e+01	1.388154e+01	1.324663e+01
1.266979e+01	1.214920e+01	1.168386e+01	1.127351e+01	1.091791e+01	1.061725e+01
1.037158e+01	1.018024e+01	1.004090e+01	9.951833e+00	9.912533e+00	9.914754e+00
9.945846e+00	9.984820e+00	9.969297e+00	9.876274e+00	9.594584e+00	8.994190e+00
7.019690e+00	5.537491e+00	2.444166e+00	1.655944e+00	7.738761e-01	6.115176e-01
4.423776e-01	4.079094e-01	1.603915e+01	1.523298e+01	1.457806e+01	1.417031e+01
1.388296e+01	1.325035e+01	1.267506e+01	1.215578e+01	1.169192e+01	1.128309e+01
1.092921e+01	1.063049e+01	1.038703e+01	1.019824e+01	1.006203e+01	9.977015e+00
9.942974e+00	9.952199e+00	9.993457e+00	1.004946e+01	1.006589e+01	1.000173e+01
9.770798e+00	9.238342e+00	7.363948e+00	5.897736e+00	2.696658e+00	1.808807e+00
8.255824e-01	6.427976e-01	4.510973e-01	4.079883e-01	1.595611e+01	1.520111e+01
1.458079e+01	1.418034e+01	1.388788e+01	1.325476e+01	1.267894e+01	1.216011e+01
1.169747e+01	1.129032e+01	1.093877e+01	1.064251e+01	1.040164e+01	1.021536e+01
1.008138e+01	9.998580e+00	9.967684e+00	9.982832e+00	1.003468e+01	1.010668e+01
1.014857e+01	1.010848e+01	9.926409e+00	9.462380e+00	7.689452e+00	6.260540e+00
2.966451e+00	1.976581e+00	8.843261e-01	6.778742e-01	4.617925e-01	4.078446e-01
1.589287e+01	1.517930e+01	1.458609e+01	1.418974e+01	1.389095e+01	1.325679e+01
1.268148e+01	1.216385e+01	1.170286e+01	1.129763e+01	1.094812e+01	1.065392e+01
1.041488e+01	1.023004e+01	1.009649e+01	1.001330e+01	9.983618e+00	1.000642e+01
1.007548e+01	1.016658e+01	1.022491e+01	1.020014e+01	1.005578e+01	9.658871e+00
8.013900e+00	6.613033e+00	3.252572e+00	2.167418e+00	9.502797e-01	7.179784e-01
4.737856e-01	4.078771e-01	1.583655e+01	1.516023e+01	1.459163e+01	1.419805e+01
1.389316e+01	1.325821e+01	1.268351e+01	1.216710e+01	1.170772e+01	1.130430e+01
1.095658e+01	1.066414e+01	1.042662e+01	1.024287e+01	1.010945e+01	1.002560e+01
9.996845e+00	1.002692e+01	1.011325e+01	1.022282e+01	1.029457e+01	1.028267e+01
1.017216e+01	9.840330e+00	8.334492e+00	6.964817e+00	3.557759e+00	2.381444e+00
1.023525e+00	7.627640e-01	4.871555e-01	4.079475e-01	1.577786e+01	1.513776e+01
1.459210e+01	1.420273e+01	1.389329e+01	1.325894e+01	1.268502e+01	1.216952e+01
1.171115e+01	1.130884e+01	1.096226e+01	1.067100e+01	1.043473e+01	1.025216e+01
1.011984e+01	1.003695e+01	1.001011e+01	1.004544e+01	1.014182e+01	1.026362e+01
1.035037e+01	1.035380e+01	1.027736e+01	1.000524e+01	8.633001e+00	7.312515e+00
3.879038e+00	2.622833e+00	1.104969e+00	8.126656e-01	5.025062e-01	4.080345e-01
1.571881e+01	1.511252e+01	1.459004e+01	1.420551e+01	1.389268e+01	1.325937e+01
1.268622e+01	1.217143e+01	1.171369e+01	1.131206e+01	1.096619e+01	1.067571e+01
1.044040e+01	1.025892e+01	1.012812e+01	1.004729e+01	1.002319e+01	1.006196e+01
1.016302e+01	1.029248e+01	1.039441e+01	1.041404e+01	1.036989e+01	1.015048e+01
8.905684e+00	7.650778e+00	4.212827e+00	2.893969e+00	1.196551e+00	8.694475e-01
5.206744e-01	4.081379e-01	1.566178e+01	1.508734e+01	1.458696e+01	1.420830e+01
1.389337e+01	1.326175e+01	1.268962e+01	1.217525e+01	1.171759e+01	1.131601e+01
1.097044e+01	1.068043e+01	1.044560e+01	1.026494e+01	1.013637e+01	1.005970e+01
1.004007e+01	1.008013e+01	1.017673e+01	1.030664e+01	1.043020e+01	1.047015e+01
1.045334e+01	1.027058e+01	9.152690e+00	7.992270e+00	4.555174e+00	3.171062e+00
1.298604e+00	9.349340e-01	5.413435e-01	4.081570e-01	1.560706e+01	1.506260e+01
1.458314e+01	1.421100e+01	1.389542e+01	1.326653e+01	1.269509e+01	1.218054e+01
1.172231e+01	1.132025e+01	1.097467e+01	1.068494e+01	1.045034e+01	1.027039e+01
1.014436e+01	1.007301e+01	1.005890e+01	1.009863e+01	1.018726e+01	1.031612e+01
1.046121e+01	1.052242e+01	1.053002e+01	1.037662e+01	9.384144e+00	8.334520e+00
4.909875e+00	3.461555e+00	1.412005e+00	1.009212e+00	5.645824e-01	4.081658e-01
1.556452e+01	1.504471e+01	1.458216e+01	1.421415e+01	1.389722e+01	1.326967e+01
1.269861e+01	1.218416e+01	1.172589e+01	1.132381e+01	1.097824e+01	1.068873e+01
1.045468e+01	1.027582e+01	1.015178e+01	1.008327e+01	1.007173e+01	1.011212e+01
1.019873e+01	1.032919e+01	1.049020e+01	1.056422e+01	1.059228e+01	1.047588e+01
9.606800e+00	8.636645e+00	5.274548e+00	3.778073e+00	1.537548e+00	1.089698e+00
5.902941e-01	4.079120e-01	1.553393e+01	1.503319e+01	1.458321e+01	1.421827e+01
1.389878e+01	1.327146e+01	1.270062e+01	1.218646e+01	1.172859e+01	1.132690e+01
1.098131e+01	1.069193e+01	1.045869e+01	1.028142e+01	1.015877e+01	1.009072e+01
1.007945e+01	1.012113e+01	1.021179e+01	1.034929e+01	1.051721e+01	1.059566e+01
1.064011e+01	1.056835e+01	9.818831e+00	8.887985e+00	5.644067e+00	4.124594e+00
1.677099e+00	1.176749e+00	6.194863e-01	4.057160e-01	1.550448e+01	1.502043e+01
1.458217e+01	1.421877e+01	1.389800e+01	1.327077e+01	1.270008e+01	1.218623e+01
1.172869e+01	1.132734e+01	1.098218e+01	1.069321e+01	1.046062e+01	1.028418e+01
1.016246e+01	1.009512e+01	1.008465e+01	1.012781e+01	1.022138e+01	1.036353e+01
1.053848e+01	1.062328e+01	1.068124e+01	1.064085e+01	1.000322e+01	9.136707e+00
6.009322e+00	4.473607e+00	1.840395e+00	1.275816e+00	6.512856e-01	4.054898e-01
1.547895e+01	1.500937e+01	1.458038e+01	1.421886e+01	1.389657e+01	1.326950e+01
1.269901e+01	1.218561e+01	1.172853e+01	1.132766e+01	1.098301e+01	1.069454e+01
1.046244e+01	1.028632e+01	1.016504e+01	1.009860e+01	1.008941e+01	1.013421e+01
1.022956e+01	1.037437e+01	1.055656e+01	1.064929e+01	1.071845e+01	1.069650e+01
1.015838e+01	9.389156e+00	6.369455e+00	4.817825e+00	2.038266e+00	1.390459e+00
6.864880e-01	4.064459e-01	1.546039e+01	1.500318e+01	1.458248e+01	1.422249e+01
1.389838e+01	1.327149e+01	1.270132e+01	1.218814e+01	1.173144e+01	1.133103e+01
1.098700e+01	1.069930e+01	1.046709e+01	1.029031e+01	1.016869e+01	1.010334e+01
1.009607e+01	1.014265e+01	1.023898e+01	1.038537e+01	1.057449e+01	1.067522e+01
1.075417e+01	1.074194e+01	1.028862e+01	9.640642e+00	6.728085e+00	5.158723e+00
2.282001e+00	1.526386e+00	7.268201e-01	4.084326e-01	1.543876e+01	1.499333e+01
1.458119e+01	1.422301e+01	1.389792e+01	1.327142e+01	1.270150e+01	1.218846e+01
1.173174e+01	1.133131e+01	1.098716e+01	1.069943e+01	1.046768e+01	1.029195e+01
1.017136e+01	1.010615e+01	1.009873e+01	1.014578e+01	1.024424e+01	1.039378e+01
1.058684e+01	1.069102e+01	1.077947e+01	1.079219e+01	1.042160e+01	9.816932e+00
7.073623e+00	5.536552e+00	2.540286e+00	1.695580e+00	7.750874e-01	4.111713e-01
1.542252e+01	1.498736e+01	1.458099e+01	1.422425e+01	1.389815e+01	1.327189e+01
1.270230e+01	1.218944e+01	1.173268e+01	1.133221e+01	1.098792e+01	1.070018e+01
1.046898e+01	1.029403e+01	1.017397e+01	1.010904e+01	1.010190e+01	1.014967e+01
1.024982e+01	1.040175e+01	1.059854e+01	1.070649e+01	1.080418e+01	1.083707e+01
1.053531e+01	9.987210e+00	7.416460e+00	5.912584e+00	2.813114e+00	1.889641e+00
8.273078e-01	4.115049e-01	1.541222e+01	1.498497e+01	1.458462e+01	1.422918e+01
1.390234e+01	1.327667e+01	1.270730e+01	1.219444e+01	1.173759e+01	1.133694e+01
1.099300e+01	1.070556e+01	1.047384e+01	1.029752e+01	1.017670e+01	1.011239e+01
1.010679e+01	1.015610e+01	1.025671e+01	1.040963e+01	1.061045e+01	1.072337e+01
1.083018e+01	1.087438e+01	1.062566e+01	1.016370e+01	7.755546e+00	6.270581e+00
3.096606e+00	2.108859e+00	8.824283e-01	4.062980e-01	