9.890872e-01	1.021811e+00	1.053839e+00	1.084094e+00	1.112494e+00	1.163916e+00
1.207717e+00	1.244585e+00	1.276491e+00	1.307524e+00	1.343270e+00	1.385590e+00
1.435078e+00	1.492066e+00	1.556197e+00	1.626255e+00	1.698995e+00	1.766021e+00
1.817915e+00	1.853455e+00	1.873649e+00	1.881673e+00	1.901150e+00	1.929962e+00
1.957943e+00	1.961780e+00	1.969671e+00	1.971090e+00	1.971666e+00	1.971878e+00
1.971344e+00	1.971832e+00	1.071626e+00	1.105354e+00	1.138321e+00	1.169432e+00
1.198615e+00	1.251437e+00	1.296430e+00	1.334316e+00	1.367096e+00	1.398884e+00
1.435281e+00	1.478133e+00	1.528011e+00	1.585226e+00	1.649435e+00	1.719444e+00
1.792021e+00	1.858876e+00	1.910763e+00	1.946527e+00	1.967142e+00	1.975351e+00
1.994725e+00	2.023128e+00	2.050761e+00	2.054602e+00	2.062362e+00	2.063751e+00
2.064321e+00	2.064528e+00	2.064010e+00	2.064485e+00	1.161053e+00	1.195726e+00
1.229575e+00	1.261488e+00	1.291404e+00	1.345538e+00	1.391658e+00	1.430517e+00
1.464131e+00	1.496626e+00	1.533595e+00	1.576858e+00	1.626962e+00	1.684203e+00
1.748260e+00	1.817973e+00	1.890141e+00	1.956613e+00	2.008354e+00	2.044273e+00
2.065300e+00	2.073694e+00	2.092907e+00	2.120790e+00	2.147980e+00	2.151816e+00
2.159414e+00	2.160769e+00	2.161330e+00	2.161532e+00	2.161032e+00	2.161491e+00
1.257943e+00	1.293487e+00	1.328145e+00	1.360790e+00	1.391375e+00	1.446715e+00
1.493882e+00	1.533653e+00	1.568054e+00	1.601198e+00	1.638643e+00	1.682176e+00
1.732321e+00	1.789359e+00	1.853005e+00	1.922147e+00	1.993633e+00	2.059489e+00
2.110929e+00	2.146927e+00	2.168356e+00	2.176933e+00	2.195921e+00	2.223168e+00
2.249807e+00	2.253630e+00	2.261034e+00	2.262347e+00	2.262898e+00	2.263093e+00
2.262615e+00	2.263056e+00	1.362918e+00	1.399241e+00	1.434616e+00	1.467908e+00
1.499086e+00	1.555500e+00	1.603615e+00	1.644225e+00	1.679354e+00	1.713077e+00
1.750886e+00	1.794528e+00	1.844503e+00	1.901082e+00	1.964026e+00	2.032291e+00
2.102792e+00	2.167773e+00	2.218742e+00	2.254736e+00	2.276555e+00	2.285311e+00
2.304006e+00	2.330487e+00	2.356461e+00	2.360261e+00	2.367436e+00	2.368700e+00
2.369238e+00	2.369426e+00	2.368972e+00	2.369393e+00	1.476653e+00	1.513641e+00
1.549623e+00	1.583459e+00	1.615135e+00	1.672465e+00	1.721407e+00	1.762769e+00
1.798553e+00	1.832773e+00	1.870818e+00	1.914384e+00	1.963949e+00	2.019780e+00
2.081699e+00	2.148746e+00	2.217927e+00	2.281752e+00	2.332063e+00	2.367959e+00
2.390153e+00	2.399085e+00	2.417411e+00	2.442987e+00	2.468172e+00	2.471937e+00
2.478845e+00	2.480054e+00	2.480576e+00	2.480755e+00	2.480330e+00	2.480727e+00
1.599879e+00	1.637395e+00	1.673849e+00	1.708106e+00	1.740168e+00	1.798225e+00
1.847853e+00	1.889860e+00	1.926213e+00	1.960833e+00	1.998965e+00	2.042245e+00
2.091131e+00	2.145889e+00	2.206423e+00	2.271875e+00	2.339367e+00	2.401723e+00
2.451170e+00	2.486868e+00	2.509419e+00	2.518523e+00	2.536397e+00	2.560918e+00
2.585178e+00	2.588898e+00	2.595496e+00	2.596641e+00	2.597146e+00	2.597315e+00
2.596921e+00	2.597292e+00	1.733389e+00	1.771266e+00	1.808035e+00	1.842565e+00
1.874879e+00	1.933441e+00	1.983586e+00	2.026114e+00	2.062934e+00	2.097840e+00
2.135889e+00	2.178646e+00	2.226549e+00	2.279872e+00	2.338618e+00	2.402059e+00
2.467456e+00	2.528002e+00	2.576362e+00	2.611747e+00	2.634637e+00	2.643907e+00
2.661240e+00	2.684542e+00	2.707731e+00	2.711392e+00	2.717637e+00	2.718710e+00
2.719194e+00	2.719351e+00	2.718994e+00	2.719334e+00	1.878039e+00	1.916083e+00
1.952977e+00	1.987608e+00	2.020020e+00	2.078825e+00	2.129290e+00	2.172191e+00
2.209360e+00	2.244420e+00	2.282193e+00	2.324157e+00	2.370736e+00	2.422220e+00
2.478735e+00	2.539704e+00	2.602559e+00	2.660920e+00	2.707947e+00	2.742897e+00
2.766102e+00	2.775534e+00	2.792228e+00	2.814134e+00	2.836094e+00	2.839682e+00
2.845526e+00	2.846517e+00	2.846978e+00	2.847122e+00	2.846804e+00	2.847111e+00
2.034761e+00	2.072740e+00	2.109538e+00	2.144068e+00	2.176396e+00	2.235141e+00
2.285696e+00	2.328800e+00	2.366179e+00	2.401242e+00	2.438518e+00	2.479387e+00
2.524260e+00	2.573456e+00	2.627246e+00	2.685235e+00	2.745058e+00	2.800827e+00
2.846253e+00	2.880634e+00	2.904128e+00	2.913714e+00	2.929664e+00	2.949981e+00
2.970542e+00	2.974043e+00	2.979434e+00	2.980333e+00	2.980766e+00	2.980896e+00
2.980623e+00	2.980892e+00	2.204562e+00	2.242204e+00	2.278650e+00	2.312845e+00
2.344877e+00	2.403212e+00	2.453591e+00	2.496700e+00	2.534129e+00	2.569021e+00
2.605551e+00	2.644984e+00	2.687727e+00	2.734136e+00	2.784655e+00	2.839106e+00
2.895361e+00	2.948091e+00	2.991623e+00	3.025286e+00	3.049041e+00	3.058772e+00
3.073864e+00	3.092386e+00	3.111363e+00	3.114760e+00	3.119642e+00	3.120439e+00
3.120842e+00	3.120956e+00	3.120732e+00	3.120959e+00	2.388532e+00	2.425524e+00
2.461320e+00	2.494908e+00	2.526402e+00	2.583920e+00	2.633818e+00	2.676705e+00
2.714000e+00	2.748523e+00	2.784026e+00	2.821642e+00	2.861779e+00	2.904847e+00
2.951495e+00	3.001794e+00	3.053892e+00	3.103097e+00	3.144417e+00	3.177203e+00
3.201185e+00	3.211053e+00	3.225161e+00	3.241665e+00	3.258861e+00	3.262136e+00
3.266449e+00	3.267131e+00	3.267500e+00	3.267596e+00	3.267427e+00	3.267607e+00
2.587854e+00	2.623832e+00	2.658633e+00	2.691302e+00	2.721978e+00	2.778216e+00
2.827284e+00	2.869688e+00	2.906638e+00	2.940568e+00	2.974725e+00	3.010099e+00
3.047102e+00	3.086217e+00	3.128332e+00	3.173804e+00	3.221104e+00	3.266253e+00
3.305015e+00	3.336748e+00	3.360921e+00	3.370915e+00	3.383906e+00	3.398151e+00
3.413350e+00	3.416485e+00	3.420165e+00	3.420720e+00	3.421050e+00	3.421126e+00
3.421017e+00	3.421146e+00	2.803810e+00	2.838354e+00	2.871763e+00	2.903156e+00
2.932695e+00	2.987123e+00	3.034961e+00	3.076585e+00	3.112949e+00	3.146031e+00
3.178488e+00	3.211143e+00	3.244427e+00	3.278911e+00	3.315763e+00	3.355671e+00
3.397472e+00	3.437988e+00	3.473816e+00	3.504304e+00	3.528627e+00	3.538735e+00
3.550464e+00	3.562191e+00	3.575164e+00	3.578137e+00	3.581114e+00	3.581529e+00
3.581816e+00	3.581870e+00	3.581828e+00	3.581900e+00	3.037787e+00	3.070414e+00
3.101980e+00	3.131687e+00	3.159724e+00	3.211738e+00	3.257893e+00	3.298398e+00
3.333904e+00	3.365850e+00	3.396207e+00	3.425614e+00	3.454530e+00	3.483637e+00
3.514424e+00	3.547960e+00	3.583496e+00	3.618752e+00	3.651238e+00	3.680275e+00
3.704702e+00	3.714911e+00	3.725220e+00	3.734149e+00	3.744648e+00	3.747437e+00
3.749637e+00	3.749897e+00	3.750137e+00	3.750167e+00	3.750197e+00	3.750207e+00
3.294035e+00	3.323779e+00	3.352612e+00	3.379867e+00	3.405755e+00	3.454381e+00
3.498281e+00	3.537432e+00	3.572073e+00	3.602929e+00	3.631056e+00	3.656857e+00
3.680815e+00	3.703743e+00	3.727509e+00	3.753632e+00	3.781885e+00	3.811108e+00
3.839932e+00	3.867606e+00	3.892528e+00	3.903035e+00	3.911818e+00	3.917530e+00
3.925170e+00	3.927749e+00	3.929040e+00	3.929120e+00	3.929303e+00	3.929303e+00
3.929422e+00	3.929355e+00	3.569726e+00	3.596209e+00	3.621948e+00	3.646408e+00
3.669820e+00	3.714461e+00	3.755560e+00	3.792827e+00	3.826059e+00	3.855221e+00
3.880416e+00	3.901802e+00	3.919919e+00	3.935740e+00	3.951562e+00	3.969400e+00
3.989578e+00	4.012085e+00	4.036681e+00	4.062536e+00	4.087602e+00	4.098249e+00
4.105280e+00	4.107527e+00	4.112097e+00	4.114440e+00	4.114771e+00	4.114661e+00
4.114783e+00	4.114753e+00	4.114963e+00	4.114818e+00	3.854845e+00	3.879357e+00
3.903143e+00	3.925680e+00	3.947246e+00	3.988502e+00	4.026507e+00	4.060799e+00
4.090895e+00	4.116293e+00	4.136558e+00	4.151723e+00	4.162468e+00	4.170001e+00
4.177097e+00	4.186277e+00	4.198245e+00	4.213685e+00	4.233040e+00	4.255465e+00
4.278667e+00	4.288471e+00	4.293227e+00	4.292142e+00	4.293925e+00	4.296087e+00
4.295595e+00	4.295315e+00	4.295399e+00	4.295351e+00	4.295620e+00	4.295431e+00
4.146740e+00	4.171142e+00	4.194638e+00	4.216539e+00	4.237195e+00	4.275986e+00
4.310542e+00	4.340375e+00	4.365008e+00	4.383952e+00	4.396862e+00	4.403809e+00
4.405683e+00	4.403958e+00	4.401852e+00	4.402321e+00	4.406220e+00	4.414360e+00
4.427341e+00	4.444461e+00	4.463517e+00	4.471432e+00	4.473487e+00	4.469410e+00
4.468723e+00	4.470661e+00	4.469522e+00	4.469110e+00	4.469171e+00	4.469120e+00
4.469408e+00	4.469213e+00	4.440001e+00	4.467902e+00	4.494284e+00	4.518015e+00
4.539524e+00	4.577551e+00	4.607846e+00	4.630037e+00	4.644354e+00	4.651603e+00
4.653129e+00	4.649532e+00	4.641866e+00	4.631724e+00	4.622196e+00	4.616039e+00
4.613703e+00	4.614957e+00	4.619580e+00	4.627740e+00	4.638787e+00	4.643549e+00
4.643249e+00	4.637899e+00	4.634928e+00	4.635719e+00	4.634310e+00	4.633932e+00
4.633923e+00	4.633885e+00	4.634090e+00	4.633943e+00	4.739128e+00	4.773175e+00
4.804795e+00	4.832151e+00	4.855743e+00	4.893983e+00	4.919027e+00	4.930902e+00
4.931168e+00	4.922876e+00	4.910096e+00	4.894181e+00	4.876237e+00	4.857852e+00
4.841629e+00	4.829757e+00	4.821955e+00	4.816271e+00	4.811112e+00	4.808001e+00
4.808643e+00	4.809411e+00	4.806815e+00	4.801072e+00	4.795917e+00	4.795079e+00
4.793605e+00	4.793348e+00	4.793247e+00	4.793232e+00	4.793297e+00	4.793229e+00
5.046803e+00	5.087618e+00	5.124639e+00	5.154980e+00	5.179372e+00	5.214309e+00
5.230656e+00	5.230594e+00	5.216907e+00	5.194118e+00	5.167979e+00	5.140184e+00
5.111632e+00	5.083709e+00	5.058501e+00	5.037774e+00	5.021098e+00	5.006296e+00
4.991717e+00	4.979185e+00	4.970337e+00	4.966408e+00	4.960487e+00	4.953533e+00
4.946188e+00	4.944212e+00	4.942544e+00	4.942333e+00	4.942167e+00	4.942155e+00
4.942141e+00	4.942120e+00	5.359329e+00	5.407907e+00	5.450609e+00	5.482956e+00
5.506179e+00	5.532562e+00	5.535431e+00	5.521736e+00	5.495147e+00	5.460342e+00
5.423086e+00	5.384785e+00	5.345739e+00	5.306856e+00	5.269755e+00	5.236124e+00
5.206317e+00	5.179971e+00	5.156939e+00	5.137888e+00	5.121099e+00	5.111664e+00
5.101276e+00	5.092288e+00	5.082785e+00	5.080271e+00	5.078270e+00	5.078013e+00
5.077815e+00	5.077784e+00	5.077760e+00	5.077749e+00	5.679223e+00	5.728753e+00
5.771949e+00	5.804045e+00	5.826337e+00	5.848871e+00	5.844168e+00	5.818503e+00
5.776541e+00	5.724825e+00	5.671270e+00	5.617918e+00	5.565225e+00	5.514218e+00
5.466078e+00	5.422125e+00	5.382395e+00	5.345879e+00	5.311966e+00	5.282047e+00
5.256240e+00	5.243386e+00	5.228965e+00	5.216284e+00	5.204914e+00	5.202043e+00
5.199579e+00	5.199276e+00	5.199050e+00	5.198995e+00	5.198992e+00	5.198979e+00
6.002084e+00	6.048610e+00	6.089237e+00	6.119466e+00	6.140400e+00	6.160257e+00
6.149760e+00	6.111847e+00	6.052309e+00	5.980509e+00	5.907669e+00	5.836877e+00
5.769018e+00	5.705371e+00	5.646589e+00	5.593417e+00	5.545090e+00	5.498847e+00
5.452776e+00	5.409979e+00	5.374446e+00	5.358809e+00	5.340543e+00	5.323710e+00
5.310440e+00	5.307219e+00	5.304254e+00	5.303901e+00	5.303641e+00	5.303571e+00
5.303592e+00	5.303571e+00	6.321264e+00	6.368492e+00	6.408829e+00	6.437038e+00
6.454473e+00	6.464158e+00	6.439589e+00	6.384760e+00	6.306651e+00	6.216114e+00
6.126038e+00	6.039832e+00	5.958243e+00	5.882277e+00	5.811951e+00	5.747470e+00
5.687992e+00	5.630550e+00	5.573220e+00	5.519587e+00	5.474198e+00	5.454096e+00
5.431688e+00	5.411930e+00	5.396193e+00	5.392406e+00	5.389003e+00	5.388586e+00
5.388271e+00	5.388210e+00	5.388219e+00	5.388200e+00	6.640353e+00	6.685991e+00
6.723888e+00	6.748171e+00	6.760425e+00	6.757178e+00	6.716399e+00	6.642904e+00
6.544812e+00	6.434488e+00	6.326401e+00	6.224298e+00	6.128769e+00	6.040487e+00
5.958848e+00	5.883421e+00	5.813127e+00	5.744646e+00	5.675917e+00	5.611179e+00
5.555986e+00	5.531645e+00	5.505375e+00	5.482854e+00	5.464508e+00	5.460117e+00
5.456234e+00	5.455759e+00	5.455398e+00	5.455331e+00	5.455330e+00	5.455329e+00
6.958698e+00	7.000041e+00	7.032960e+00	7.051081e+00	7.056221e+00	7.036982e+00
6.977761e+00	6.883766e+00	6.764167e+00	6.632830e+00	6.505809e+00	6.387135e+00
6.277341e+00	6.176707e+00	6.083956e+00	5.997870e+00	5.917058e+00	5.837652e+00
5.757249e+00	5.681111e+00	5.614910e+00	5.585836e+00	5.555288e+00	5.529655e+00
5.507724e+00	5.502450e+00	5.497925e+00	5.497375e+00	5.496944e+00	5.496874e+00
5.496857e+00	5.496851e+00	7.269606e+00	7.304752e+00	7.330630e+00	7.340279e+00
7.335869e+00	7.295863e+00	7.214121e+00	7.097072e+00	6.954916e+00	6.802511e+00
6.656825e+00	6.521838e+00	6.397980e+00	6.284991e+00	6.181051e+00	6.084211e+00
5.992809e+00	5.902528e+00	5.810687e+00	5.723246e+00	5.648033e+00	5.615176e+00
5.581269e+00	5.553202e+00	5.528294e+00	5.522285e+00	5.517246e+00	5.516636e+00
5.516146e+00	5.516076e+00	5.516046e+00	5.516026e+00	7.565268e+00	7.603745e+00
7.628996e+00	7.631098e+00	7.613565e+00	7.538374e+00	7.418065e+00	7.270351e+00
7.106262e+00	6.938284e+00	6.780231e+00	6.634257e+00	6.499501e+00	6.374215e+00
6.252902e+00	6.139164e+00	6.031727e+00	5.927085e+00	5.822994e+00	5.723161e+00
5.643338e+00	5.607756e+00	5.571658e+00	5.542382e+00	5.515384e+00	5.508854e+00
5.503471e+00	5.502801e+00	5.502280e+00	5.502206e+00	5.502168e+00	5.502153e+00
7.856951e+00	7.900149e+00	7.925219e+00	7.918557e+00	7.885441e+00	7.768880e+00
7.604893e+00	7.424329e+00	7.237969e+00	7.054702e+00	6.884210e+00	6.726600e+00
6.579832e+00	6.441115e+00	6.304966e+00	6.177252e+00	6.057217e+00	5.942117e+00
5.829943e+00	5.722906e+00	5.630955e+00	5.588964e+00	5.547879e+00	5.515855e+00
5.484288e+00	5.476630e+00	5.470498e+00	5.469700e+00	5.469113e+00	5.469028e+00
5.468975e+00	5.468970e+00	8.148898e+00	8.187073e+00	8.203906e+00	8.183616e+00
8.132870e+00	7.976161e+00	7.772272e+00	7.559681e+00	7.348661e+00	7.145607e+00
6.955563e+00	6.775838e+00	6.608128e+00	6.450487e+00	6.309970e+00	6.177763e+00
6.053371e+00	5.934304e+00	5.818700e+00	5.708302e+00	5.602237e+00	5.553638e+00
5.507355e+00	5.472240e+00	5.436397e+00	5.427682e+00	5.420816e+00	5.419904e+00
5.419249e+00	5.419156e+00	5.419092e+00	5.419090e+00	8.437327e+00	8.460191e+00
8.460727e+00	8.422269e+00	8.352268e+00	8.157318e+00	7.917737e+00	7.674559e+00
7.437660e+00	7.212250e+00	7.001287e+00	6.801933e+00	6.618714e+00	6.449451e+00
6.295818e+00	6.150829e+00	6.014022e+00	5.883091e+00	5.756375e+00	5.635615e+00
5.523358e+00	5.471310e+00	5.421010e+00	5.382472e+00	5.344126e+00	5.334736e+00
5.327273e+00	5.326306e+00	5.325589e+00	5.325491e+00	5.325430e+00	5.325412e+00
8.729438e+00	8.718696e+00	8.688053e+00	8.623774e+00	8.533213e+00	8.308414e+00
8.045388e+00	7.775161e+00	7.506012e+00	7.240452e+00	6.999844e+00	6.790879e+00
6.599800e+00	6.423744e+00	6.255386e+00	6.098535e+00	5.951378e+00	5.810384e+00
5.673115e+00	5.542316e+00	5.422211e+00	5.366620e+00	5.311833e+00	5.269070e+00
5.228323e+00	5.218323e+00	5.210222e+00	5.209202e+00	5.208430e+00	5.208317e+00
5.208264e+00	5.208243e+00	9.024154e+00	8.968453e+00	8.898683e+00	8.805031e+00
8.693415e+00	8.442194e+00	8.160534e+00	7.864648e+00	7.562526e+00	7.258922e+00
6.987712e+00	6.751662e+00	6.539188e+00	6.347433e+00	6.171154e+00	6.007738e+00
5.854485e+00	5.706002e+00	5.558772e+00	5.418130e+00	5.291351e+00	5.233246e+00
5.174250e+00	5.126865e+00	5.084477e+00	5.074086e+00	5.065410e+00	5.064360e+00
5.063546e+00	5.063409e+00	5.063371e+00	5.063358e+00	9.304728e+00	9.210804e+00
9.106219e+00	8.983537e+00	8.848045e+00	8.559107e+00	8.244463e+00	7.912058e+00
7.576192e+00	7.260036e+00	6.966785e+00	6.702260e+00	6.469164e+00	6.261835e+00
6.075369e+00	5.903113e+00	5.741666e+00	5.584534e+00	5.427614e+00	5.277697e+00
5.143627e+00	5.082390e+00	5.019301e+00	4.968069e+00	4.924063e+00	4.913302e+00
4.904163e+00	4.903083e+00	4.902231e+00	4.902077e+00	4.902049e+00	4.902040e+00
9.564627e+00	9.442296e+00	9.309440e+00	9.158827e+00	8.996399e+00	8.658586e+00
8.302416e+00	7.935386e+00	7.567164e+00	7.223399e+00	6.908217e+00	6.626235e+00
6.377405e+00	6.155587e+00	5.955437e+00	5.770374e+00	5.596979e+00	5.429548e+00
5.264422e+00	5.107046e+00	4.964802e+00	4.899338e+00	4.832558e+00	4.779143e+00
4.733665e+00	4.722602e+00	4.713235e+00	4.712130e+00	4.711250e+00	4.711089e+00
4.711062e+00	4.711053e+00	9.815501e+00	9.662025e+00	9.498451e+00	9.318032e+00
9.127275e+00	8.738698e+00	8.339430e+00	7.935481e+00	7.545231e+00	7.172913e+00
6.835951e+00	6.536265e+00	6.271769e+00	6.035459e+00	5.821274e+00	5.622822e+00
5.436605e+00	5.257947e+00	5.083818e+00	4.918292e+00	4.767413e+00	4.697820e+00
4.628034e+00	4.573387e+00	4.526654e+00	4.515360e+00	4.505918e+00	4.504808e+00
4.503912e+00	4.503757e+00	4.503717e+00	4.503703e+00	1.005497e+01	9.867952e+00
9.671726e+00	9.460270e+00	9.240593e+00	8.801393e+00	8.356919e+00	7.922135e+00
7.499596e+00	7.104138e+00	6.747322e+00	6.430442e+00	6.150850e+00	5.900429e+00
5.672030e+00	5.459583e+00	5.259492e+00	5.068395e+00	4.884136e+00	4.709520e+00
4.549541e+00	4.476027e+00	4.404117e+00	4.349345e+00	4.301581e+00	4.290155e+00
4.280817e+00	4.279719e+00	4.278816e+00	4.278682e+00	4.278616e+00	4.278597e+00
1.028752e+01	1.006283e+01	9.830218e+00	9.584743e+00	9.333825e+00	8.840248e+00
8.359492e+00	7.887907e+00	7.439191e+00	7.022157e+00	6.646857e+00	6.313775e+00
6.019079e+00	5.754049e+00	5.510530e+00	5.283129e+00	5.068324e+00	4.864233e+00
4.669639e+00	4.485461e+00	4.315263e+00	4.237397e+00	4.163925e+00	4.110202e+00
4.061570e+00	4.050020e+00	4.040924e+00	4.039865e+00	4.038943e+00	4.038831e+00
4.038754e+00	4.038731e+00	1.056885e+01	1.027718e+01	9.982813e+00	9.685251e+00
9.391305e+00	8.833379e+00	8.315380e+00	7.822191e+00	7.363089e+00	6.938424e+00
6.551117e+00	6.201709e+00	5.886422e+00	5.598631e+00	5.333011e+00	5.087514e+00
4.859335e+00	4.647365e+00	4.449434e+00	4.258809e+00	4.072370e+00	3.985253e+00
3.909057e+00	3.859296e+00	3.810273e+00	3.797953e+00	3.789132e+00	3.788244e+00
3.787296e+00	3.787126e+00	3.787133e+00	3.787049e+00	1.080779e+01	1.046242e+01
1.011819e+01	9.777524e+00	9.447108e+00	8.831843e+00	8.268598e+00	7.751114e+00
7.276297e+00	6.839497e+00	6.438191e+00	6.073073e+00	5.740198e+00	5.434261e+00
5.151333e+00	4.890906e+00	4.650638e+00	4.429268e+00	4.224087e+00	4.024389e+00
3.823783e+00	3.729458e+00	3.650554e+00	3.602793e+00	3.553091e+00	3.540100e+00
3.531525e+00	3.530771e+00	3.529805e+00	3.529606e+00	3.529635e+00	3.529527e+00
1.098558e+01	1.060683e+01	1.023059e+01	9.860058e+00	9.502072e+00	8.839320e+00
8.234020e+00	7.680940e+00	7.175748e+00	6.714402e+00	6.294183e+00	5.915299e+00
5.571948e+00	5.257248e+00	4.965418e+00	4.694805e+00	4.443599e+00	4.209570e+00
3.990227e+00	3.776946e+00	3.565936e+00	3.467838e+00	3.385997e+00	3.336498e+00
3.285379e+00	3.272064e+00	3.263611e+00	3.262890e+00	3.261920e+00	3.261750e+00
3.261700e+00	3.261630e+00	1.114853e+01	1.073448e+01	1.032504e+01	9.925472e+00
9.536325e+00	8.826687e+00	8.180799e+00	7.593822e+00	7.060356e+00	6.576577e+00
6.139627e+00	5.747775e+00	5.394275e+00	5.071142e+00	4.771172e+00	4.491509e+00
4.231226e+00	3.986772e+00	3.755418e+00	3.529619e+00	3.306912e+00	3.203516e+00
3.117128e+00	3.064532e+00	3.011048e+00	2.998076e+00	2.989336e+00	2.988495e+00
2.987582e+00	2.987444e+00	2.987330e+00	2.987294e+00	1.130292e+01	1.085160e+01
1.040730e+01	9.977242e+00	9.560100e+00	8.797012e+00	8.113565e+00	7.495385e+00
6.935981e+00	6.431981e+00	5.980534e+00	5.577283e+00	5.214778e+00	4.884056e+00
4.576611e+00	4.288394e+00	4.019599e+00	3.765801e+00	3.524049e+00	3.287676e+00
3.055034e+00	2.946699e+00	2.855041e+00	2.798000e+00	2.742136e+00	2.729684e+00
2.720504e+00	2.719498e+00	2.718649e+00	2.718537e+00	2.718380e+00	2.718372e+00
1.145404e+01	1.095649e+01	1.046864e+01	9.998716e+00	9.557865e+00	8.752938e+00
8.030579e+00	7.385021e+00	6.805918e+00	6.287655e+00	5.826059e+00	5.414215e+00
5.043606e+00	4.704645e+00	4.387786e+00	4.088272e+00	3.807889e+00	3.543832e+00
3.293616e+00	3.051015e+00	2.813891e+00	2.702338e+00	2.603883e+00	2.539199e+00
2.481960e+00	2.469634e+00	2.460029e+00	2.458929e+00	2.458077e+00	2.457956e+00
2.457820e+00	2.457820e+00	1.160113e+01	1.105021e+01	1.051506e+01	1.000860e+01
9.534480e+00	8.678667e+00	7.925322e+00	7.259894e+00	6.668952e+00	6.142729e+00
5.675054e+00	5.256981e+00	4.878950e+00	4.531190e+00	4.203454e+00	3.890706e+00
3.596550e+00	3.321891e+00	3.065092e+00	2.819702e+00	2.581866e+00	2.468105e+00
2.361590e+00	2.286811e+00	2.228553e+00	2.215961e+00	2.205855e+00	2.204700e+00
2.203786e+00	2.203630e+00	2.203563e+00	2.203553e+00	1.175715e+01	1.115030e+01
1.056567e+01	1.002122e+01	9.515932e+00	8.612534e+00	7.827546e+00	7.141558e+00
6.538863e+00	6.004912e+00	5.529945e+00	5.104297e+00	4.718125e+00	4.362006e+00
4.026031e+00	3.705245e+00	3.403254e+00	3.122560e+00	2.860560e+00	2.610111e+00
2.366666e+00	2.249201e+00	2.137469e+00	2.057537e+00	1.996279e+00	1.982949e+00
1.972174e+00	1.970940e+00	1.969951e+00	1.969782e+00	1.969728e+00	1.969722e+00
1.191928e+01	1.125398e+01	1.061816e+01	1.003547e+01	9.499276e+00	8.549682e+00
7.733835e+00	7.027853e+00	6.414267e+00	5.873372e+00	5.390999e+00	4.957463e+00
4.563093e+00	4.199127e+00	3.856552e+00	3.530630e+00	3.223995e+00	2.939785e+00
2.673864e+00	2.418191e+00	2.167929e+00	2.046635e+00	1.931559e+00	1.849107e+00
1.784270e+00	1.770025e+00	1.758562e+00	1.757245e+00	1.756177e+00	1.756007e+00
1.755940e+00	1.755941e+00	1.208591e+01	1.136289e+01	1.067686e+01	1.005578e+01
9.495688e+00	8.503328e+00	7.657661e+00	6.932207e+00	6.307523e+00	5.759720e+00
5.270199e+00	4.828945e+00	4.426793e+00	4.055522e+00	3.706818e+00	3.376093e+00
3.065114e+00	2.777069e+00	2.507817e+00	2.247879e+00	1.992180e+00	1.867904e+00
1.750253e+00	1.665593e+00	1.596684e+00	1.581349e+00	1.569106e+00	1.567692e+00
1.566528e+00	1.566358e+00	1.566270e+00	1.566268e+00	1.225761e+01	1.147859e+01
1.074502e+01	1.009088e+01	9.506292e+00	8.468689e+00	7.596419e+00	6.853064e+00
6.217618e+00	5.663253e+00	5.167061e+00	4.718417e+00	4.308967e+00	3.930908e+00
3.576437e+00	3.241053e+00	2.925799e+00	2.633372e+00	2.361150e+00	2.097571e+00
1.837404e+00	1.710759e+00	1.591094e+00	1.504410e+00	1.430802e+00	1.414168e+00
1.401033e+00	1.399506e+00	1.398225e+00	1.398058e+00	1.397937e+00	1.397926e+00
1.244048e+01	1.160706e+01	1.082761e+01	1.014164e+01	9.531745e+00	8.465925e+00
7.565760e+00	6.801358e+00	6.154541e+00	5.592187e+00	5.088445e+00	4.631841e+00
4.214677e+00	3.829608e+00	3.469193e+00	3.128975e+00	2.809444e+00	2.512662e+00
2.237310e+00	1.970804e+00	1.706843e+00	1.577851e+00	1.455426e+00	1.365633e+00
1.287098e+00	1.269103e+00	1.254933e+00	1.253276e+00	1.251880e+00	1.251698e+00
1.251564e+00	1.251523e+00	1.263556e+01	1.175039e+01	1.092820e+01	1.021458e+01
9.585881e+00	8.477559e+00	7.556810e+00	6.781044e+00	6.120170e+00	5.547668e+00
5.034954e+00	4.569567e+00	4.144290e+00	3.752161e+00	3.385683e+00	3.040419e+00
2.716463e+00	2.415227e+00	2.136162e+00	1.867010e+00	1.599444e+00	1.467932e+00
1.341969e+00	1.248084e+00	1.164294e+00	1.144835e+00	1.129475e+00	1.127672e+00
1.126152e+00	1.125948e+00	1.125805e+00	1.125730e+00	1.284185e+01	1.190806e+01
1.104636e+01	1.030822e+01	9.662999e+00	8.521820e+00	7.575423e+00	6.781311e+00
6.111057e+00	5.530208e+00	5.009791e+00	4.537077e+00	4.104248e+00	3.704420e+00
3.331337e+00	2.980387e+00	2.651314e+00	2.344964e+00	2.060716e+00	1.788186e+00
1.516388e+00	1.381871e+00	1.251510e+00	1.152637e+00	1.062898e+00	1.041742e+00
1.024967e+00	1.022993e+00	1.021323e+00	1.021101e+00	1.020939e+00	1.020848e+00
1.306135e+01	1.208241e+01	1.118466e+01	1.042546e+01	9.766524e+00	8.595800e+00
7.627865e+00	6.819815e+00	6.139250e+00	5.549099e+00	5.020421e+00	4.540715e+00
4.100554e+00	3.691640e+00	3.310295e+00	2.951665e+00	2.615129e+00	2.301023e+00
2.008021e+00	1.731520e+00	1.455366e+00	1.317641e+00	1.182582e+00	1.078359e+00
9.820062e-01	9.589042e-01	9.405006e-01	9.383165e-01	9.364820e-01	9.362450e-01
9.360610e-01	9.359635e-01	1.328845e+01	1.226797e+01	1.133744e+01	1.055984e+01
9.889432e+00	8.692720e+00	7.705553e+00	6.885270e+00	6.191106e+00	5.587979e+00
5.046887e+00	4.555238e+00	4.106468e+00	3.694449e+00	3.309993e+00	2.948262e+00
2.608566e+00	2.291096e+00	1.994333e+00	1.707034e+00	1.420764e+00	1.277275e+00
1.134991e+00	1.024471e+00	9.198487e-01	8.943105e-01	8.739168e-01	8.714821e-01
8.694430e-01	8.691831e-01	8.689740e-01	8.688914e-01	1.352208e+01	1.246531e+01
1.150684e+01	1.071464e+01	1.003606e+01	8.819635e+00	7.818061e+00	6.986630e+00
6.282497e+00	5.669757e+00	5.120031e+00	4.621126e+00	4.165335e+00	3.745140e+00
3.352603e+00	2.982458e+00	2.633745e+00	2.306154e+00	1.997371e+00	1.700491e+00
1.406063e+00	1.257513e+00	1.108732e+00	9.901920e-01	8.753658e-01	8.468570e-01
8.240639e-01	8.213311e-01	8.190388e-01	8.187485e-01	8.185083e-01	8.184582e-01
1.376130e+01	1.267209e+01	1.168891e+01	1.088479e+01	1.020016e+01	8.968459e+00
7.957691e+00	7.116506e+00	6.402744e+00	5.780402e+00	5.221744e+00	4.714670e+00
4.251313e+00	3.823804e+00	3.423741e+00	3.045468e+00	2.687738e+00	2.349678e+00
2.027878e+00	1.720563e+00	1.417075e+00	1.263522e+00	1.109036e+00	9.749614e-01
8.450258e-01	8.131209e-01	7.875429e-01	7.844473e-01	7.818398e-01	7.815244e-01
7.812300e-01	7.812474e-01	1.400328e+01	1.288422e+01	1.187883e+01	1.106510e+01
1.037659e+01	9.134272e+00	8.119279e+00	7.270628e+00	6.548662e+00	5.917893e+00
5.351334e+00	4.836853e+00	4.366449e+00	3.931974e+00	3.524627e+00	3.138450e+00
2.772003e+00	2.424139e+00	2.091365e+00	1.766652e+00	1.443214e+00	1.278392e+00
1.109924e+00	9.654305e-01	8.222848e-01	7.867370e-01	7.581978e-01	7.547226e-01
7.517890e-01	7.514437e-01	7.510991e-01	7.511597e-01	1.424123e+01	1.309535e+01
1.207063e+01	1.124964e+01	1.055953e+01	9.310880e+00	8.294422e+00	7.440508e+00
6.711918e+00	6.073843e+00	5.499973e+00	4.978202e+00	4.500425e+00	4.058341e+00
3.642958e+00	3.248107e+00	2.872106e+00	2.513402e+00	2.167781e+00	1.825499e+00
1.480677e+00	1.303557e+00	1.118019e+00	9.668978e-01	8.099651e-01	7.691454e-01
7.367468e-01	7.328145e-01	7.294731e-01	7.290701e-01	7.286907e-01	7.287259e-01
1.447315e+01	1.330326e+01	1.226221e+01	1.143707e+01	1.074896e+01	9.501844e+00
8.489711e+00	7.634883e+00	6.902791e+00	6.259719e+00	5.679984e+00	5.151629e+00
4.666638e+00	4.216827e+00	3.793284e+00	3.389760e+00	3.004279e+00	2.634830e+00
2.276228e+00	1.916742e+00	1.547496e+00	1.356474e+00	1.153419e+00	9.812789e-01
8.033034e-01	7.576561e-01	7.212554e-01	7.168422e-01	7.130993e-01	7.126281e-01
7.122300e-01	7.121690e-01	1.471715e+01	1.350159e+01	1.243277e+01	1.160206e+01
1.092046e+01	9.689855e+00	8.692891e+00	7.845188e+00	7.113854e+00	6.466773e+00
5.879434e+00	5.341728e+00	4.847848e+00	4.390531e+00	3.960174e+00	3.549612e+00
3.155738e+00	2.774890e+00	2.401594e+00	2.026338e+00	1.632625e+00	1.421829e+00
1.195734e+00	1.001701e+00	8.039515e-01	7.523763e-01	7.098822e-01	7.045606e-01
7.005962e-01	7.000430e-01	6.996684e-01	6.991366e-01	1.495623e+01	1.369049e+01
1.259184e+01	1.175655e+01	1.108474e+01	9.880614e+00	8.906217e+00	8.071201e+00
7.343555e+00	6.693247e+00	6.097490e+00	5.549104e+00	5.045779e+00	4.581697e+00
4.146059e+00	3.730226e+00	3.329328e+00	2.937053e+00	2.548039e+00	2.158417e+00
1.739989e+00	1.503879e+00	1.250207e+00	1.031935e+00	8.072178e-01	7.488990e-01
7.006524e-01	6.943779e-01	6.902482e-01	6.896107e-01	6.892769e-01	6.881686e-01
1.505502e+01	1.382354e+01	1.274408e+01	1.192715e+01	1.127526e+01	1.010108e+01
9.139779e+00	8.306197e+00	7.572703e+00	6.914188e+00	6.311758e+00	5.758614e+00
5.251973e+00	4.785494e+00	4.347316e+00	3.927706e+00	3.520839e+00	3.118803e+00
2.714908e+00	2.304834e+00	1.854282e+00	1.594636e+00	1.314372e+00	1.070745e+00
8.127077e-01	7.463277e-01	6.923946e-01	6.859611e-01	6.812924e-01	6.804929e-01
6.803510e-01	6.783880e-01	1.507774e+01	1.390577e+01	1.288916e+01	1.212515e+01
1.151194e+01	1.037343e+01	9.405689e+00	8.553188e+00	7.798252e+00	7.123739e+00
6.516609e+00	5.967065e+00	5.466547e+00	5.004873e+00	4.568838e+00	4.148011e+00
3.737050e+00	3.328682e+00	2.912286e+00	2.470247e+00	1.975121e+00	1.696926e+00
1.395015e+00	1.128000e+00	8.272945e-01	7.442764e-01	6.851073e-01	6.793232e-01
6.737808e-01	6.727379e-01	6.729478e-01	6.698858e-01	1.514422e+01	1.400023e+01
1.300685e+01	1.227149e+01	1.168723e+01	1.058474e+01	9.629853e+00	8.780797e+00
8.024366e+00	7.347409e+00	6.740329e+00	6.192884e+00	5.694531e+00	5.233831e+00
4.797393e+00	4.374578e+00	3.959915e+00	3.545720e+00	3.118391e+00	2.651735e+00
2.117092e+00	1.815743e+00	1.484001e+00	1.188111e+00	8.443174e-01	7.457111e-01
6.787315e-01	6.725133e-01	6.664745e-01	6.653717e-01	6.655774e-01	6.614816e-01
1.526476e+01	1.410109e+01	1.310455e+01	1.238507e+01	1.182419e+01	1.075577e+01
9.824644e+00	8.993529e+00	8.250323e+00	7.582207e+00	6.979735e+00	6.433611e+00
5.934556e+00	5.472129e+00	5.033632e+00	4.608555e+00	4.190770e+00	3.771316e+00
3.334512e+00	2.850304e+00	2.281932e+00	1.953117e+00	1.583769e+00	1.253053e+00
8.650003e-01	7.524918e-01	6.734121e-01	6.658727e-01	6.595692e-01	6.585367e-01
6.584815e-01	6.536087e-01	1.535852e+01	1.418591e+01	1.319187e+01	1.249322e+01
1.195935e+01	1.092456e+01	1.001764e+01	9.204162e+00	8.473872e+00	7.814881e+00
7.218601e+00	6.676407e+00	6.179602e+00	5.718254e+00	5.280088e+00	4.854645e+00
4.435266e+00	4.011920e+00	3.566731e+00	3.064898e+00	2.462147e+00	2.105999e+00
1.698844e+00	1.329434e+00	8.917137e-01	7.628095e-01	6.693459e-01	6.601375e-01
6.534021e-01	6.524432e-01	6.521290e-01	6.469337e-01	1.542948e+01	1.424886e+01
1.325885e+01	1.258304e+01	1.207761e+01	1.107665e+01	1.019567e+01	9.401870e+00
8.686729e+00	8.039222e+00	7.451567e+00	6.915763e+00	6.423630e+00	5.965716e+00
5.530097e+00	5.106360e+00	4.687346e+00	4.262002e+00	3.810346e+00	3.292845e+00
2.657219e+00	2.273898e+00	1.827746e+00	1.416014e+00	9.238602e-01	7.766406e-01
6.659676e-01	6.547187e-01	6.473388e-01	6.464859e-01	6.459165e-01	6.403538e-01
1.548293e+01	1.429629e+01	1.331176e+01	1.265949e+01	1.218261e+01	1.121578e+01
1.036163e+01	9.588965e+00	8.890640e+00	8.256464e+00	7.679416e+00	7.152075e+00
6.666730e+00	6.214344e+00	5.783319e+00	5.363244e+00	4.946514e+00	4.521136e+00
4.065059e+00	3.534058e+00	2.867363e+00	2.457103e+00	1.970967e+00	1.513455e+00
9.614618e-01	7.939272e-01	6.641248e-01	6.499099e-01	6.415289e-01	6.407749e-01
6.398377e-01	6.341817e-01	1.551960e+01	1.432941e+01	1.335144e+01	1.272200e+01
1.227247e+01	1.133940e+01	1.051224e+01	9.761729e+00	9.081551e+00	8.462358e+00
7.897808e+00	7.381001e+00	6.904648e+00	6.460026e+00	6.035816e+00	5.621547e+00
5.209248e+00	4.786118e+00	4.328186e+00	3.786797e+00	3.092508e+00	2.656688e+00
2.130950e+00	1.624965e+00	1.006861e+00	8.165677e-01	6.634269e-01	6.460256e-01
6.360849e-01	6.354059e-01	6.339868e-01	6.285844e-01	1.554286e+01	1.435255e+01
1.338259e+01	1.277393e+01	1.234893e+01	1.144884e+01	1.064825e+01	9.920061e+00
9.258676e+00	8.655577e+00	8.104926e+00	7.600278e+00	7.134736e+00	6.699851e+00
6.284463e+00	5.878038e+00	5.472328e+00	5.053818e+00	4.596883e+00	4.048772e+00
3.331312e+00	2.872010e+00	2.307788e+00	1.752900e+00	1.060936e+00	8.451369e-01
6.648844e-01	6.433368e-01	6.310929e-01	6.304693e-01	6.287377e-01	6.236164e-01
1.555997e+01	1.437049e+01	1.340863e+01	1.281938e+01	1.241726e+01	1.154934e+01
1.077492e+01	1.006916e+01	9.427056e+00	8.840865e+00	8.305182e+00	7.813973e+00
7.360706e+00	6.937175e+00	6.532319e+00	6.135538e+00	5.738369e+00	5.326671e+00
4.873340e+00	4.321761e+00	3.584896e+00	3.103752e+00	2.501653e+00	1.896517e+00
1.123052e+00	8.790823e-01	6.683065e-01	6.414347e-01	6.264442e-01	6.258317e-01
6.238515e-01	6.190643e-01	1.556854e+01	1.438164e+01	1.342857e+01	1.285704e+01
1.247585e+01	1.163862e+01	1.088944e+01	1.020573e+01	9.583049e+00	9.014248e+00
8.494351e+00	8.017686e+00	7.578023e+00	7.167359e+00	6.774683e+00	6.389331e+00
6.002700e+00	5.600194e+00	5.153437e+00	4.602363e+00	3.851146e+00	3.350723e+00
2.712478e+00	2.056116e+00	1.193921e+00	9.186465e-01	6.730600e-01	6.413766e-01
6.222962e-01	6.215785e-01	6.193755e-01	6.150434e-01	1.557290e+01	1.438828e+01
1.344274e+01	1.288694e+01	1.252444e+01	1.171572e+01	1.099033e+01	1.032782e+01
9.724268e+00	9.172970e+00	8.669347e+00	8.208045e+00	7.783080e+00	7.386607e+00
7.007604e+00	6.635352e+00	6.261193e+00	5.870278e+00	5.433269e+00	4.887280e+00
4.128245e+00	3.612432e+00	2.941707e+00	2.235099e+00	1.276997e+00	9.668584e-01
6.813411e-01	6.425886e-01	6.186731e-01	6.177275e-01	6.153344e-01	6.115485e-01
1.557084e+01	1.438663e+01	1.344587e+01	1.290581e+01	1.256096e+01	1.177863e+01
1.107549e+01	1.043329e+01	9.848326e+00	9.314413e+00	8.827284e+00	8.381876e+00
7.972403e+00	7.591170e+00	7.227112e+00	6.869470e+00	6.509652e+00	6.132721e+00
5.708723e+00	5.172452e+00	4.412219e+00	3.885054e+00	3.185875e+00	2.430764e+00
1.370825e+00	1.022626e+00	6.920067e-01	6.452259e-01	6.155151e-01	6.141253e-01
6.115620e-01	6.083721e-01	1.556460e+01	1.438149e+01	1.344734e+01	1.292017e+01
1.259142e+01	1.183362e+01	1.115148e+01	1.052877e+01	9.961884e+00	9.445165e+00
8.974603e+00	8.545414e+00	8.151990e+00	7.786778e+00	7.438661e+00	7.096861e+00
6.752940e+00	6.392023e+00	5.983830e+00	5.461314e+00	4.705782e+00	4.170945e+00
3.447021e+00	2.644902e+00	1.476528e+00	1.086618e+00	7.056709e-01	6.502830e-01
6.127003e-01	6.107408e-01	6.080251e-01	6.054507e-01	1.555977e+01	1.437815e+01
1.344970e+01	1.293465e+01	1.262035e+01	1.188445e+01	1.122146e+01	1.061673e+01
1.006684e+01	9.566611e+00	9.112231e+00	8.699158e+00	8.321943e+00	7.973104e+00
7.641426e+00	7.316130e+00	6.989146e+00	6.645993e+00	6.256398e+00	5.751732e+00
5.006807e+00	4.468112e+00	3.723421e+00	2.876382e+00	1.595650e+00	1.159086e+00
7.220131e-01	6.567488e-01	6.108065e-01	6.078771e-01	6.050532e-01	6.030694e-01
1.555690e+01	1.437674e+01	1.345394e+01	1.294980e+01	1.264792e+01	1.193073e+01
1.128469e+01	1.069607e+01	1.016187e+01	9.677276e+00	9.238617e+00	8.841517e+00
8.480591e+00	8.148247e+00	7.832961e+00	7.523949e+00	7.213989e+00	6.889778e+00
6.521671e+00	6.039418e+00	5.311910e+00	4.774104e+00	4.013980e+00	3.126022e+00
1.732548e+00	1.243662e+00	7.432819e-01	6.665269e-01	6.095252e-01	6.055626e-01
6.026581e-01	6.012453e-01	1.554470e+01	1.436916e+01	1.345216e+01	1.295878e+01
1.266938e+01	1.197135e+01	1.134167e+01	1.076793e+01	1.024715e+01	9.774936e+00
9.347794e+00	8.962037e+00	8.613367e+00	8.295629e+00	7.999281e+00	7.714218e+00
7.430965e+00	7.131331e+00	6.782921e+00	6.320872e+00	5.613096e+00	5.079239e+00
4.312831e+00	3.394643e+00	1.888635e+00	1.336450e+00	7.668350e-01	6.786899e-01
6.093576e-01	6.031800e-01	6.005816e-01	5.993955e-01	1.551651e+01	1.435196e+01
1.344740e+01	1.296586e+01	1.268795e+01	1.200825e+01	1.139341e+01	1.083267e+01
1.032315e+01	9.861142e+00	9.443608e+00	9.067636e+00	8.730060e+00	8.426321e+00
8.149202e+00	7.889642e+00	7.635737e+00	7.363360e+00	7.036156e+00	6.595066e+00
5.909866e+00	5.384149e+00	4.619198e+00	3.679807e+00	2.064888e+00	1.441305e+00
7.940669e-01	6.930192e-01	6.094188e-01	6.019528e-01	5.989772e-01	5.976981e-01
1.548922e+01	1.433860e+01	1.344683e+01	1.297673e+01	1.270817e+01	1.204396e+01
1.144105e+01	1.089068e+01	1.039076e+01	9.938704e+00	9.532476e+00	9.169456e+00
8.846409e+00	8.558580e+00	8.298266e+00	8.056448e+00	7.822458e+00	7.574071e+00
7.275424e+00	6.862942e+00	6.205932e+00	5.694702e+00	4.934326e+00	3.974920e+00
2.257320e+00	1.565517e+00	8.277811e-01	7.082060e-01	6.103748e-01	6.023368e-01
5.979090e-01	5.964269e-01	1.546007e+01	1.432356e+01	1.344696e+01	1.298537e+01
1.272396e+01	1.207253e+01	1.148012e+01	1.093924e+01	1.044854e+01	1.000581e+01
9.610006e+00	9.258703e+00	8.948823e+00	8.675722e+00	8.431743e+00	8.208056e+00
7.994658e+00	7.770061e+00	7.499193e+00	7.118823e+00	6.497267e+00	6.002805e+00
5.252388e+00	4.281292e+00	2.468164e+00	1.702016e+00	8.667123e-01	7.291080e-01
6.125515e-01	6.020025e-01	5.965497e-01	5.952016e-01	1.543892e+01	1.431780e+01
1.344901e+01	1.299708e+01	1.274187e+01	1.210148e+01	1.151827e+01	1.098596e+01
1.050367e+01	1.006958e+01	9.683243e+00	9.342483e+00	9.044435e+00	8.784720e+00
8.555933e+00	8.349623e+00	8.156428e+00	7.955606e+00	7.713072e+00	7.366905e+00
6.785199e+00	6.310720e+00	5.575003e+00	4.598448e+00	2.697550e+00	1.854894e+00
9.112172e-01	7.538027e-01	6.157901e-01	6.019802e-01	5.955763e-01	5.943095e-01
1.542515e+01	1.431682e+01	1.346029e+01	1.301398e+01	1.276277e+01	1.213096e+01
1.155534e+01	1.103052e+01	1.055561e+01	1.012930e+01	9.751206e+00	9.419486e+00
9.131548e+00	8.883431e+00	8.668184e+00	8.477949e+00	8.304024e+00	8.126538e+00
7.912522e+00	7.601723e+00	7.063207e+00	6.612044e+00	5.895883e+00	4.920734e+00
2.945006e+00	2.027639e+00	9.632383e-01	7.831630e-01	6.207082e-01	6.031327e-01
5.950055e-01	5.937144e-01	1.540806e+01	1.431312e+01	1.346611e+01	1.302510e+01
1.277692e+01	1.215230e+01	1.158331e+01	1.106536e+01	1.059733e+01	1.017810e+01
9.807358e+00	9.483426e+00	9.204153e+00	8.966073e+00	8.762933e+00	8.587637e+00
8.432176e+00	8.277439e+00	8.091700e+00	7.817050e+00	7.324778e+00	6.899833e+00
6.207748e+00	5.241167e+00	3.207230e+00	2.218287e+00	1.022517e+00	8.169694e-01
6.268946e-01	6.049185e-01	5.943548e-01	5.930037e-01	1.538772e+01	1.430658e+01
1.347086e+01	1.303473e+01	1.278883e+01	1.217049e+01	1.160745e+01	1.109580e+01
1.063417e+01	1.022152e+01	9.857570e+00	9.540778e+00	9.269433e+00	9.040561e+00
8.848640e+00	8.687373e+00	8.549518e+00	8.416845e+00	8.259093e+00	8.021074e+00
7.577352e+00	7.181274e+00	6.517976e+00	5.566772e+00	3.486460e+00	2.426809e+00
1.088987e+00	8.552834e-01	6.343900e-01	6.073535e-01	5.938107e-01	5.922883e-01
1.535903e+01	1.429738e+01	1.347555e+01	1.304469e+01	1.279961e+01	1.218650e+01
1.162854e+01	1.112240e+01	1.066646e+01	1.025980e+01	9.902070e+00	9.591967e+00
9.328018e+00	9.107622e+00	8.925742e+00	8.776759e+00	8.654380e+00	8.541800e+00
8.410731e+00	8.208623e+00	7.814476e+00	7.450278e+00	6.823162e+00	5.897375e+00
3.779909e+00	2.648935e+00	1.163924e+00	8.998742e-01	6.436321e-01	6.100728e-01
5.936762e-01	5.916844e-01	1.531446e+01	1.428157e+01	1.347989e+01	1.305473e+01
1.280902e+01	1.220019e+01	1.164649e+01	1.114502e+01	1.069400e+01	1.029261e+01
9.940385e+00	9.636311e+00	9.379017e+00	9.166187e+00	8.993096e+00	8.854702e+00
8.745745e+00	8.651158e+00	8.544943e+00	8.377213e+00	8.032399e+00	7.701983e+00
7.116914e+00	6.226092e+00	4.084919e+00	2.885113e+00	1.249976e+00	9.531174e-01
6.557611e-01	6.135624e-01	5.936447e-01	5.911816e-01	1.525093e+01	1.425802e+01
1.348343e+01	1.306552e+01	1.281737e+01	1.221254e+01	1.166258e+01	1.116494e+01
1.071790e+01	1.032070e+01	9.972934e+00	9.673855e+00	9.422213e+00	9.215954e+00
9.050715e+00	8.922017e+00	8.825542e+00	8.747703e+00	8.664676e+00	8.529731e+00
8.233108e+00	7.935762e+00	7.391892e+00	6.539669e+00	4.399839e+00	3.140424e+00
1.346521e+00	1.012389e+00	6.700821e-01	6.191296e-01	5.938943e-01	5.908097e-01
1.516734e+01	1.422572e+01	1.348649e+01	1.307673e+01	1.282497e+01	1.222387e+01
1.167729e+01	1.118300e+01	1.073940e+01	1.034577e+01	1.000188e+01	9.707201e+00
9.460602e+00	9.260288e+00	9.102268e+00	8.982610e+00	8.897887e+00	8.835868e+00
8.774849e+00	8.671565e+00	8.422519e+00	8.158220e+00	7.656066e+00	6.846084e+00
4.726903e+00	3.415873e+00	1.454508e+00	1.078430e+00	6.867613e-01	6.271164e-01
5.946003e-01	5.905016e-01	1.507803e+01	1.419071e+01	1.348830e+01	1.308731e+01
1.283115e+01	1.223351e+01	1.169004e+01	1.119868e+01	1.075793e+01	1.036729e+01
1.002656e+01	9.735486e+00	9.493097e+00	9.297946e+00	9.146536e+00	9.035501e+00
8.962035e+00	8.914728e+00	8.873668e+00	8.799850e+00	8.597294e+00	8.366262e+00
7.906655e+00	7.139943e+00	5.056956e+00	3.709552e+00	1.575335e+00	1.151850e+00
7.055822e-01	6.367569e-01	5.951611e-01	5.901922e-01	1.497878e+01	1.415085e+01
1.348912e+01	1.309687e+01	1.283569e+01	1.224119e+01	1.170056e+01	1.121176e+01
1.077330e+01	1.038499e+01	1.004664e+01	9.758322e+00	9.519226e+00	9.328361e+00
9.182846e+00	9.079924e+00	9.017138e+00	8.983275e+00	8.959723e+00	8.912440e+00
8.754246e+00	8.556001e+00	8.138416e+00	7.413784e+00	5.382553e+00	4.020975e+00
1.712741e+00	1.234873e+00	7.277023e-01	6.496331e-01	5.955131e-01	5.898553e-01
1.488598e+01	1.411624e+01	1.349336e+01	1.311023e+01	1.284370e+01	1.225116e+01
1.171179e+01	1.122446e+01	1.078792e+01	1.040198e+01	1.006650e+01	9.781463e+00
9.546083e+00	9.359467e+00	9.218941e+00	9.122076e+00	9.067098e+00	9.044010e+00
9.036458e+00	9.014681e+00	8.897833e+00	8.730285e+00	8.357955e+00	7.684228e+00
5.712501e+00	4.340157e+00	1.863883e+00	1.329638e+00	7.540512e-01	6.636835e-01
5.966244e-01	5.899073e-01	1.480078e+01	1.408503e+01	1.349837e+01	1.312357e+01
1.285198e+01	1.226048e+01	1.172155e+01	1.123514e+01	1.080035e+01	1.041674e+01
1.008418e+01	9.802507e+00	9.570790e+00	9.388030e+00	9.251641e+00	9.159467e+00
9.110552e+00	9.096457e+00	9.103233e+00	9.104710e+00	9.025744e+00	8.887444e+00
8.561848e+00	7.944894e+00	6.041904e+00	4.664345e+00	2.032194e+00	1.437413e+00
7.852166e-01	6.795379e-01	5.989723e-01	5.900235e-01	1.472419e+01	1.405388e+01
1.349834e+01	1.313023e+01	1.285475e+01	1.226486e+01	1.172723e+01	1.124211e+01
1.080900e+01	1.042741e+01	1.009706e+01	9.817881e+00	9.588865e+00	9.409037e+00
9.276218e+00	9.188662e+00	9.145887e+00	9.140335e+00	9.159561e+00	9.180443e+00
9.135627e+00	9.026298e+00	8.745830e+00	8.184747e+00	6.363214e+00	4.992997e+00
2.224047e+00	1.556968e+00	8.203623e-01	6.985987e-01	6.015404e-01	5.895669e-01
1.466065e+01	1.402852e+01	1.349868e+01	1.313648e+01	1.285753e+01	1.226915e+01
1.173284e+01	1.124906e+01	1.081738e+01	1.043746e+01	1.010902e+01	9.831836e+00
9.605087e+00	9.427852e+00	9.298208e+00	9.214656e+00	9.177167e+00	9.179012e+00
9.209150e+00	9.247382e+00	9.233597e+00	9.151043e+00	8.913805e+00	8.408744e+00
6.677661e+00	5.325364e+00	2.441160e+00	1.690455e+00	8.608750e-01	7.209674e-01
6.051501e-01	5.898978e-01	1.460416e+01	1.400553e+01	1.349858e+01	1.314092e+01
1.285861e+01	1.227176e+01	1.173695e+01	1.125459e+01	1.082434e+01	1.044587e+01
1.011901e+01	9.843486e+00	9.618677e+00	9.443746e+00	9.316936e+00	9.236938e+00
9.204112e+00	9.212444e+00	9.252210e+00	9.305954e+00	9.320458e+00	9.262795e+00
9.066925e+00	8.617718e+00	6.985085e+00	5.660507e+00	2.677443e+00	1.837664e+00
9.065630e-01	7.464693e-01	6.094756e-01	5.899637e-01	1.455472e+01	1.398503e+01
1.349733e+01	1.314390e+01	1.285886e+01	1.227318e+01	1.173979e+01	1.125879e+01
1.082988e+01	1.045266e+01	1.012702e+01	9.852840e+00	9.629635e+00	9.456681e+00
9.332306e+00	9.255352e+00	9.226498e+00	9.240315e+00	9.288265e+00	9.355382e+00
9.394774e+00	9.359471e+00	9.201953e+00	8.806924e+00	7.278528e+00	5.991371e+00
2.930109e+00	2.000580e+00	9.590623e-01	7.763148e-01	6.148639e-01	5.894791e-01
1.451237e+01	1.396876e+01	1.349834e+01	1.314850e+01	1.286056e+01	1.227612e+01
1.174400e+01	1.126420e+01	1.083631e+01	1.046002e+01	1.013529e+01	9.862116e+00
9.640270e+00	9.469130e+00	9.346886e+00	9.272393e+00	9.246736e+00	9.265225e+00
9.320410e+00	9.399201e+00	9.459509e+00	9.443546e+00	9.322306e+00	8.981895e+00
7.557571e+00	6.311797e+00	3.201709e+00	2.184550e+00	1.019090e+00	8.106507e-01
6.220025e-01	5.893082e-01	1.447391e+01	1.395436e+01	1.350022e+01	1.315361e+01
1.286327e+01	1.227967e+01	1.174856e+01	1.126975e+01	1.084268e+01	1.046718e+01
1.014325e+01	9.870960e+00	9.650280e+00	9.480682e+00	9.360290e+00	9.288043e+00
9.265338e+00	9.288021e+00	9.349521e+00	9.438741e+00	9.518571e+00	9.520728e+00
9.432780e+00	9.143478e+00	7.829491e+00	6.634663e+00	3.490718e+00	2.387394e+00
1.086475e+00	8.497829e-01	6.306584e-01	5.891858e-01	1.443881e+01	1.394109e+01
1.350155e+01	1.315791e+01	1.286529e+01	1.228253e+01	1.175219e+01	1.127418e+01
1.084784e+01	1.047321e+01	1.015026e+01	9.878971e+00	9.659116e+00	9.490242e+00
9.371111e+00	9.301248e+00	9.281870e+00	9.308235e+00	9.373920e+00	9.471448e+00
9.572100e+00	9.592720e+00	9.528890e+00	9.274296e+00	8.091764e+00	6.976716e+00
3.783395e+00	2.602256e+00	1.162638e+00	8.968081e-01	6.410050e-01	5.890640e-01
1.440745e+01	1.392910e+01	1.350247e+01	1.316140e+01	1.286675e+01	1.228469e+01
1.175496e+01	1.127756e+01	1.085186e+01	1.047806e+01	1.015613e+01	9.885865e+00
9.666592e+00	9.497955e+00	9.379692e+00	9.312100e+00	9.296034e+00	9.325546e+00
9.393942e+00	9.498029e+00	9.618853e+00	9.657162e+00	9.610649e+00	9.379860e+00
8.338077e+00	7.327200e+00	4.077609e+00	2.830493e+00	1.250198e+00	9.545458e-01
6.540606e-01	5.889635e-01	1.437833e+01	1.391685e+01	1.350192e+01	1.316293e+01
1.286664e+01	1.228493e+01	1.175576e+01	1.127883e+01	1.085373e+01	1.048048e+01
1.015928e+01	9.889772e+00	9.671256e+00	9.503382e+00	9.386146e+00	9.320151e+00
9.306289e+00	9.338473e+00	9.410234e+00	9.520212e+00	9.655003e+00	9.706940e+00
9.681070e+00	9.481309e+00	8.554550e+00	7.633802e+00	4.391028e+00	3.081661e+00
1.347586e+00	1.016789e+00	6.686940e-01	5.889597e-01	1.435118e+01	1.390490e+01
1.350052e+01	1.316390e+01	1.286622e+01	1.228501e+01	1.175616e+01	1.127959e+01
1.085497e+01	1.048211e+01	1.016150e+01	9.892607e+00	9.674804e+00	9.507765e+00
9.391542e+00	9.326836e+00	9.314695e+00	9.349236e+00	9.424417e+00	9.539790e+00
9.685642e+00	9.749091e+00	9.744277e+00	9.578555e+00	8.754103e+00	7.916954e+00
4.722738e+00	3.356599e+00	1.455816e+00	1.084655e+00	6.851745e-01	5.889624e-01
1.432928e+01	1.389651e+01	1.350039e+01	1.316583e+01	1.286649e+01	1.228559e+01
1.175727e+01	1.128114e+01	1.085697e+01	1.048445e+01	1.016424e+01	9.895828e+00
9.678789e+00	9.512817e+00	9.397666e+00	9.333865e+00	9.322752e+00	9.359297e+00
9.438338e+00	9.559255e+00	9.712237e+00	9.782742e+00	9.800252e+00	9.677006e+00
8.942995e+00	8.154309e+00	5.067870e+00	3.659337e+00	1.575585e+00	1.157453e+00
7.044991e-01	5.889910e-01	1.431274e+01	1.389137e+01	1.350324e+01	1.317054e+01
1.286997e+01	1.228931e+01	1.176093e+01	1.128501e+01	1.086082e+01	1.048827e+01
1.016798e+01	9.899751e+00	9.683566e+00	9.519091e+00	9.405125e+00	9.341593e+00
9.330572e+00	9.368723e+00	9.452245e+00	9.579009e+00	9.734684e+00	9.808076e+00
9.848592e+00	9.778845e+00	9.118859e+00	8.338976e+00	5.424265e+00	3.996634e+00
1.708934e+00	1.235216e+00	7.286302e-01	5.892004e-01	1.429661e+01	1.388519e+01
1.350348e+01	1.317150e+01	1.287038e+01	1.228984e+01	1.176151e+01	1.128563e+01
1.086157e+01	1.048953e+01	1.016967e+01	9.901981e+00	9.686407e+00	9.522681e+00
9.409424e+00	9.346556e+00	9.336348e+00	9.375969e+00	9.462203e+00	9.593076e+00
9.754309e+00	9.832965e+00	9.889112e+00	9.852234e+00	9.276730e+00	8.542607e+00
5.767715e+00	4.326143e+00	1.867684e+00	1.327899e+00	7.555384e-01	5.891480e-01
1.428016e+01	1.387725e+01	1.350174e+01	1.317126e+01	1.286884e+01	1.228868e+01
1.176071e+01	1.128503e+01	1.086139e+01	1.048959e+01	1.016999e+01	9.902639e+00
9.687348e+00	9.523880e+00	9.411107e+00	9.349012e+00	9.339859e+00	9.380782e+00
9.468752e+00	9.602612e+00	9.770429e+00	9.855549e+00	9.922214e+00	9.905908e+00
9.416363e+00	8.754363e+00	6.097286e+00	4.648729e+00	2.056664e+00	1.436765e+00
7.859762e-01	5.888902e-01	1.426440e+01	1.386941e+01	1.349831e+01	1.316879e+01
1.286574e+01	1.228596e+01	1.175816e+01	1.128285e+01	1.085953e+01	1.048802e+01
1.016879e+01	9.901829e+00	9.686905e+00	9.523804e+00	9.411508e+00	9.350037e+00
9.341751e+00	9.383774e+00	9.473336e+00	9.609820e+00	9.783069e+00	9.873438e+00
9.949505e+00	9.952017e+00	9.539858e+00	8.942634e+00	6.421185e+00	4.980198e+00
2.271679e+00	1.559362e+00	8.211044e-01	5.887214e-01	1.425791e+01	1.386926e+01
1.350334e+01	1.317480e+01	1.287089e+01	1.229097e+01	1.176293e+01	1.128739e+01
1.086402e+01	1.049278e+01	1.017383e+01	9.907123e+00	9.692369e+00	9.529578e+00
9.417732e+00	9.356602e+00	9.348650e+00	9.391386e+00	9.482310e+00	9.621577e+00
9.799742e+00	9.894077e+00	9.978158e+00	9.997177e+00	9.654411e+00	9.119699e+00
6.741576e+00	5.318411e+00	2.502327e+00	1.721582e+00	8.620571e-01	5.884055e-01
1.425041e+01	1.386823e+01	1.350517e+01	1.317717e+01	1.287286e+01	1.229309e+01
1.176576e+01	1.129085e+01	1.086757e+01	1.049606e+01	1.017653e+01	9.909432e+00
9.694692e+00	9.532052e+00	9.420374e+00	9.359926e+00	9.353158e+00	9.397194e+00
9.489429e+00	9.629394e+00	9.810622e+00	9.910336e+00	1.000192e+01	1.003467e+01
9.756309e+00	9.278589e+00	7.049334e+00	5.661461e+00	2.749410e+00	1.899203e+00
9.080950e-01	5.877447e-01	1.423932e+01	1.386056e+01	1.350101e+01	1.317396e+01
1.286962e+01	1.229183e+01	1.176625e+01	1.129208e+01	1.086892e+01	1.049696e+01
1.017682e+01	9.908805e+00	9.693473e+00	9.530949e+00	9.419922e+00	9.360364e+00
9.354733e+00	9.400209e+00	9.493663e+00	9.633044e+00	9.815911e+00	9.921437e+00
1.001989e+01	1.006360e+01	9.844176e+00	9.416482e+00	7.337772e+00	6.005274e+00
3.011918e+00	2.083320e+00	9.601039e-01	5.860252e-01	