6.535552e-01	6.756975e-01	6.976424e-01	7.188827e-01	7.393816e-01	7.780636e-01
8.133742e-01	8.454296e-01	8.751133e-01	9.042025e-01	9.354282e-01	9.697701e-01
1.007256e+00	1.048165e+00	1.092399e+00	1.139517e+00	1.188258e+00	1.235398e+00
1.275734e+00	1.301345e+00	1.305185e+00	1.304203e+00	1.319063e+00	1.349739e+00
1.382282e+00	1.388137e+00	1.397493e+00	1.399121e+00	1.399847e+00	1.399972e+00
1.399665e+00	1.399953e+00	7.157885e-01	7.389487e-01	7.618755e-01	7.840459e-01
8.054282e-01	8.457568e-01	8.825582e-01	9.159639e-01	9.468800e-01	9.771141e-01
1.009431e+00	1.044812e+00	1.083276e+00	1.125104e+00	1.170221e+00	1.218211e+00
1.267814e+00	1.315814e+00	1.357041e+00	1.383623e+00	1.388515e+00	1.388030e+00
1.403271e+00	1.434113e+00	1.466874e+00	1.472829e+00	1.482198e+00	1.483821e+00
1.484551e+00	1.484676e+00	1.484376e+00	1.484660e+00	7.839478e-01	8.081206e-01
8.320226e-01	8.551159e-01	8.773745e-01	9.193393e-01	9.576267e-01	9.923829e-01
1.024532e+00	1.055905e+00	1.089288e+00	1.125660e+00	1.165034e+00	1.207690e+00
1.253587e+00	1.302340e+00	1.352696e+00	1.401464e+00	1.443531e+00	1.471103e+00
1.477164e+00	1.477245e+00	1.492855e+00	1.523761e+00	1.556643e+00	1.562688e+00
1.572038e+00	1.573648e+00	1.574381e+00	1.574506e+00	1.574214e+00	1.574492e+00
8.585974e-01	8.837677e-01	9.086283e-01	9.326280e-01	9.557475e-01	9.993238e-01
1.039081e+00	1.075178e+00	1.108552e+00	1.141049e+00	1.175463e+00	1.212765e+00
1.252962e+00	1.296339e+00	1.342892e+00	1.392279e+00	1.443261e+00	1.492689e+00
1.535532e+00	1.564115e+00	1.571474e+00	1.572194e+00	1.588158e+00	1.619013e+00
1.651906e+00	1.658030e+00	1.667322e+00	1.668912e+00	1.669647e+00	1.669770e+00
1.669488e+00	1.669760e+00	9.403553e-01	9.664960e-01	9.922871e-01	1.017166e+00
1.041121e+00	1.086267e+00	1.127463e+00	1.164880e+00	1.199463e+00	1.233059e+00
1.268456e+00	1.306610e+00	1.347526e+00	1.391494e+00	1.438559e+00	1.488429e+00
1.539889e+00	1.589852e+00	1.633398e+00	1.663007e+00	1.671804e+00	1.673247e+00
1.689545e+00	1.720219e+00	1.752999e+00	1.759188e+00	1.768383e+00	1.769944e+00
1.770678e+00	1.770798e+00	1.770529e+00	1.770792e+00	1.029898e+00	1.056968e+00
1.083649e+00	1.109367e+00	1.134121e+00	1.180774e+00	1.223362e+00	1.262066e+00
1.297829e+00	1.332489e+00	1.368805e+00	1.407717e+00	1.449227e+00	1.493635e+00
1.541042e+00	1.591219e+00	1.642987e+00	1.693340e+00	1.737500e+00	1.768151e+00
1.778541e+00	1.780794e+00	1.797405e+00	1.827752e+00	1.860278e+00	1.866519e+00
1.875568e+00	1.877092e+00	1.877821e+00	1.877940e+00	1.877686e+00	1.877937e+00
1.127968e+00	1.155910e+00	1.183422e+00	1.209926e+00	1.235429e+00	1.283504e+00
1.327419e+00	1.367360e+00	1.404262e+00	1.439936e+00	1.477093e+00	1.516647e+00
1.558604e+00	1.603272e+00	1.650825e+00	1.701107e+00	1.752987e+00	1.803565e+00
1.848238e+00	1.879944e+00	1.892092e+00	1.895254e+00	1.912150e+00	1.942007e+00
1.974123e+00	1.980397e+00	1.989251e+00	1.990727e+00	1.991448e+00	1.991563e+00
1.991327e+00	1.991564e+00	1.235376e+00	1.264113e+00	1.292382e+00	1.319600e+00
1.345786e+00	1.395172e+00	1.440326e+00	1.481439e+00	1.519423e+00	1.556047e+00
1.593947e+00	1.634006e+00	1.676235e+00	1.720958e+00	1.768429e+00	1.818585e+00
1.870352e+00	1.920964e+00	1.966033e+00	1.998804e+00	2.012892e+00	2.017071e+00
2.034221e+00	2.063404e+00	2.094934e+00	2.101224e+00	2.109824e+00	2.111241e+00
2.111951e+00	2.112062e+00	2.111847e+00	2.112068e+00	1.353012e+00	1.382445e+00
1.411373e+00	1.439216e+00	1.466000e+00	1.516555e+00	1.562838e+00	1.605036e+00
1.644029e+00	1.681521e+00	1.720046e+00	1.760447e+00	1.802745e+00	1.847282e+00
1.894411e+00	1.944175e+00	1.995575e+00	2.046005e+00	2.091335e+00	2.125180e+00
2.141405e+00	2.146717e+00	2.164084e+00	2.192390e+00	2.223139e+00	2.229422e+00
2.237705e+00	2.239050e+00	2.239745e+00	2.239851e+00	2.239660e+00	2.239862e+00
1.481850e+00	1.511854e+00	1.541321e+00	1.569673e+00	1.596953e+00	1.648498e+00
1.695769e+00	1.738944e+00	1.778853e+00	1.817113e+00	1.856121e+00	1.896672e+00
1.938803e+00	1.982879e+00	2.029368e+00	2.078439e+00	2.129181e+00	2.179185e+00
2.224624e+00	2.259545e+00	2.278123e+00	2.284697e+00	2.302238e+00	2.329439e+00
2.359190e+00	2.365442e+00	2.373337e+00	2.374597e+00	2.375272e+00	2.375371e+00
2.375210e+00	2.375389e+00	1.622955e+00	1.653376e+00	1.683233e+00	1.711957e+00
1.739604e+00	1.791921e+00	1.840008e+00	1.884025e+00	1.924734e+00	1.963638e+00
2.002961e+00	2.043439e+00	2.085129e+00	2.128429e+00	2.173940e+00	2.221975e+00
2.271733e+00	2.321034e+00	2.366407e+00	2.402406e+00	2.423570e+00	2.431545e+00
2.449211e+00	2.475055e+00	2.503567e+00	2.509760e+00	2.517190e+00	2.518350e+00
2.518999e+00	2.519092e+00	2.518962e+00	2.519116e+00	1.777497e+00	1.808146e+00
1.838211e+00	1.867137e+00	1.894997e+00	1.947822e+00	1.996515e+00	2.041209e+00
2.082578e+00	2.121979e+00	2.161418e+00	2.201562e+00	2.242499e+00	2.284663e+00
2.328811e+00	2.375423e+00	2.423828e+00	2.472117e+00	2.517227e+00	2.554300e+00
2.578302e+00	2.587831e+00	2.605568e+00	2.629773e+00	2.656779e+00	2.662884e+00
2.669763e+00	2.670804e+00	2.671424e+00	2.671508e+00	2.671415e+00	2.671540e+00
1.946756e+00	1.977405e+00	2.007458e+00	2.036384e+00	2.064271e+00	2.117286e+00
2.166335e+00	2.211508e+00	2.253367e+00	2.293087e+00	2.332411e+00	2.371921e+00
2.411746e+00	2.452365e+00	2.494714e+00	2.539468e+00	2.586107e+00	2.633034e+00
2.677660e+00	2.715797e+00	2.742914e+00	2.754163e+00	2.771906e+00	2.794164e+00
2.819368e+00	2.825350e+00	2.831583e+00	2.832488e+00	2.833072e+00	2.833146e+00
2.833095e+00	2.833186e+00	2.132131e+00	2.162507e+00	2.192288e+00	2.220973e+00
2.248666e+00	2.301494e+00	2.350599e+00	2.396014e+00	2.438162e+00	2.477994e+00
2.516931e+00	2.555462e+00	2.593766e+00	2.632377e+00	2.672437e+00	2.714843e+00
2.759250e+00	2.804426e+00	2.848317e+00	2.887505e+00	2.918035e+00	2.931186e+00
2.948862e+00	2.968830e+00	2.991906e+00	2.997728e+00	3.003212e+00	3.003960e+00
3.004501e+00	3.004564e+00	3.004560e+00	3.004613e+00	2.335158e+00	2.364936e+00
2.394135e+00	2.422293e+00	2.449532e+00	2.501729e+00	2.550536e+00	2.595914e+00
2.638112e+00	2.677810e+00	2.716048e+00	2.753206e+00	2.789524e+00	2.825602e+00
2.862820e+00	2.902328e+00	2.943986e+00	2.986974e+00	3.029851e+00	3.070069e+00
3.104337e+00	3.119587e+00	3.137116e+00	3.154415e+00	3.175004e+00	3.180623e+00
3.185243e+00	3.185813e+00	3.186303e+00	3.186353e+00	3.186403e+00	3.186413e+00
2.559603e+00	2.587933e+00	2.615771e+00	2.642743e+00	2.668982e+00	2.719768e+00
2.767893e+00	2.813190e+00	2.855626e+00	2.895438e+00	2.933036e+00	2.968623e+00
3.002512e+00	3.035392e+00	3.068977e+00	3.104763e+00	3.142883e+00	3.183071e+00
3.224705e+00	3.266432e+00	3.305898e+00	3.324054e+00	3.341360e+00	3.355002e+00
3.372539e+00	3.378060e+00	3.381562e+00	3.381888e+00	3.382323e+00	3.382356e+00
3.382488e+00	3.382434e+00	2.803953e+00	2.830664e+00	2.856965e+00	2.882554e+00
2.907582e+00	2.956506e+00	3.003446e+00	3.048100e+00	3.090153e+00	3.129411e+00
3.165690e+00	3.199028e+00	3.229832e+00	3.258891e+00	3.288249e+00	3.319754e+00
3.353821e+00	3.390746e+00	3.430730e+00	3.473602e+00	3.517931e+00	3.538844e+00
3.555812e+00	3.565704e+00	3.579857e+00	3.585130e+00	3.587459e+00	3.587540e+00
3.587910e+00	3.587925e+00	3.588132e+00	3.588017e+00	3.060688e+00	3.087913e+00
3.114538e+00	3.140133e+00	3.164894e+00	3.212687e+00	3.257660e+00	3.299560e+00
3.338181e+00	3.373537e+00	3.405752e+00	3.434965e+00	3.461684e+00	3.486729e+00
3.512163e+00	3.539883e+00	3.570424e+00	3.604308e+00	3.641977e+00	3.683371e+00
3.727117e+00	3.747942e+00	3.764486e+00	3.773282e+00	3.784413e+00	3.788518e+00
3.790210e+00	3.790240e+00	3.790510e+00	3.790518e+00	3.790683e+00	3.790592e+00
3.328454e+00	3.358604e+00	3.387699e+00	3.414937e+00	3.440575e+00	3.488189e+00
3.530384e+00	3.567195e+00	3.599028e+00	3.626861e+00	3.652085e+00	3.675164e+00
3.696663e+00	3.717361e+00	3.739037e+00	3.763360e+00	3.790803e+00	3.821719e+00
3.856178e+00	3.893304e+00	3.931238e+00	3.949367e+00	3.965285e+00	3.975224e+00
3.983796e+00	3.985997e+00	3.987546e+00	3.987697e+00	3.987845e+00	3.987855e+00
3.987881e+00	3.987881e+00	3.608267e+00	3.640814e+00	3.671946e+00	3.700580e+00
3.727002e+00	3.774598e+00	3.814424e+00	3.846506e+00	3.871679e+00	3.891736e+00
3.909120e+00	3.924620e+00	3.938935e+00	3.953003e+00	3.968719e+00	3.987816e+00
4.010572e+00	4.036713e+00	4.065759e+00	4.097305e+00	4.130393e+00	4.146606e+00
4.160729e+00	4.169226e+00	4.175838e+00	4.177202e+00	4.178370e+00	4.178506e+00
4.178600e+00	4.178608e+00	4.178605e+00	4.178615e+00	3.902117e+00	3.937142e+00
3.970383e+00	4.000471e+00	4.027720e+00	4.075322e+00	4.112659e+00	4.139683e+00
4.157616e+00	4.169058e+00	4.177463e+00	4.183971e+00	4.189465e+00	4.195164e+00
4.203285e+00	4.215764e+00	4.232594e+00	4.252591e+00	4.274623e+00	4.299416e+00
4.327563e+00	4.341945e+00	4.353490e+00	4.359256e+00	4.364239e+00	4.365291e+00
4.365980e+00	4.366042e+00	4.366118e+00	4.366121e+00	4.366141e+00	4.366123e+00
4.206269e+00	4.245804e+00	4.282640e+00	4.314739e+00	4.342590e+00	4.388275e+00
4.420321e+00	4.440089e+00	4.449410e+00	4.451505e+00	4.450550e+00	4.447890e+00
4.444436e+00	4.441452e+00	4.441048e+00	4.445107e+00	4.453633e+00	4.465469e+00
4.479681e+00	4.497437e+00	4.519206e+00	4.530245e+00	4.538497e+00	4.541914e+00
4.545085e+00	4.545730e+00	4.546022e+00	4.546032e+00	4.546080e+00	4.546078e+00
4.546106e+00	4.546077e+00	4.516384e+00	4.563198e+00	4.605692e+00	4.640580e+00
4.668723e+00	4.709860e+00	4.732925e+00	4.742743e+00	4.741983e+00	4.734183e+00
4.723816e+00	4.712248e+00	4.700237e+00	4.688734e+00	4.679018e+00	4.672487e+00
4.669702e+00	4.670989e+00	4.676801e+00	4.687651e+00	4.701521e+00	4.707414e+00
4.711658e+00	4.713384e+00	4.714569e+00	4.714681e+00	4.714696e+00	4.714687e+00
4.714694e+00	4.714685e+00	4.714702e+00	4.714684e+00	4.829613e+00	4.888480e+00
4.940261e+00	4.979419e+00	5.007463e+00	5.039975e+00	5.048718e+00	5.045696e+00
5.034410e+00	5.017667e+00	4.998903e+00	4.978623e+00	4.956516e+00	4.933303e+00
4.911610e+00	4.894021e+00	4.880976e+00	4.872171e+00	4.867667e+00	4.868887e+00
4.873614e+00	4.874393e+00	4.874312e+00	4.873697e+00	4.872801e+00	4.872404e+00
4.872082e+00	4.872046e+00	4.872014e+00	4.872004e+00	4.872001e+00	4.872008e+00
5.151308e+00	5.217189e+00	5.274145e+00	5.315598e+00	5.343497e+00	5.370605e+00
5.368989e+00	5.353959e+00	5.330108e+00	5.300782e+00	5.270021e+00	5.238131e+00
5.204188e+00	5.168865e+00	5.135675e+00	5.107854e+00	5.085317e+00	5.066251e+00
5.049581e+00	5.038226e+00	5.032267e+00	5.028719e+00	5.024258e+00	5.020211e+00
5.017163e+00	5.016326e+00	5.015567e+00	5.015480e+00	5.015414e+00	5.015403e+00
5.015400e+00	5.015413e+00	5.492807e+00	5.544228e+00	5.590280e+00	5.626868e+00
5.654884e+00	5.690085e+00	5.696243e+00	5.675844e+00	5.634568e+00	5.581738e+00
5.528660e+00	5.478307e+00	5.431282e+00	5.388153e+00	5.348620e+00	5.312619e+00
5.279837e+00	5.248774e+00	5.218687e+00	5.192524e+00	5.174076e+00	5.167364e+00
5.158655e+00	5.149891e+00	5.144464e+00	5.143224e+00	5.141892e+00	5.141714e+00
5.141619e+00	5.141598e+00	5.141638e+00	5.141607e+00	5.822805e+00	5.874700e+00
5.920564e+00	5.955846e+00	5.981566e+00	6.009868e+00	6.005747e+00	5.971922e+00
5.915146e+00	5.846254e+00	5.778248e+00	5.714465e+00	5.655383e+00	5.601274e+00
5.551057e+00	5.503990e+00	5.459549e+00	5.416064e+00	5.372783e+00	5.333302e+00
5.302501e+00	5.290313e+00	5.276654e+00	5.264463e+00	5.255773e+00	5.253770e+00
5.251864e+00	5.251631e+00	5.251471e+00	5.251438e+00	5.251462e+00	5.251441e+00
6.153367e+00	6.205320e+00	6.250340e+00	6.283124e+00	6.304939e+00	6.322639e+00
6.304936e+00	6.255727e+00	6.182606e+00	6.097503e+00	6.014561e+00	5.937257e+00
5.865851e+00	5.800270e+00	5.738914e+00	5.680510e+00	5.624266e+00	5.568139e+00
5.511239e+00	5.458050e+00	5.414507e+00	5.396481e+00	5.377612e+00	5.361819e+00
5.349225e+00	5.346271e+00	5.343670e+00	5.343359e+00	5.343119e+00	5.343076e+00
5.343084e+00	5.343077e+00	6.479826e+00	6.529172e+00	6.570818e+00	6.598886e+00
6.614924e+00	6.619054e+00	6.585507e+00	6.519273e+00	6.428771e+00	6.326870e+00
6.228578e+00	6.137426e+00	6.053544e+00	5.976441e+00	5.904017e+00	5.834423e+00
5.766609e+00	5.698075e+00	5.627712e+00	5.560797e+00	5.504342e+00	5.480415e+00
5.456157e+00	5.436448e+00	5.419400e+00	5.415350e+00	5.411931e+00	5.411511e+00
5.411181e+00	5.411131e+00	5.411131e+00	5.411131e+00	6.791145e+00	6.848683e+00
6.894497e+00	6.919580e+00	6.926701e+00	6.902918e+00	6.837123e+00	6.746168e+00
6.639151e+00	6.526231e+00	6.418797e+00	6.318298e+00	6.223236e+00	6.132231e+00
6.045269e+00	5.962248e+00	5.882175e+00	5.802275e+00	5.720995e+00	5.643027e+00
5.574411e+00	5.541948e+00	5.510210e+00	5.485543e+00	5.462087e+00	5.456438e+00
5.451871e+00	5.451283e+00	5.450842e+00	5.450777e+00	5.450756e+00	5.450756e+00
7.100478e+00	7.167544e+00	7.217973e+00	7.239007e+00	7.234990e+00	7.177547e+00
7.074428e+00	6.956146e+00	6.831766e+00	6.707771e+00	6.591126e+00	6.481006e+00
6.374335e+00	6.268966e+00	6.167187e+00	6.070625e+00	5.978350e+00	5.887389e+00
5.795733e+00	5.707035e+00	5.626075e+00	5.586440e+00	5.548547e+00	5.519898e+00
5.491298e+00	5.484383e+00	5.478913e+00	5.478193e+00	5.477665e+00	5.477587e+00
5.477549e+00	5.477549e+00	7.416091e+00	7.478429e+00	7.521783e+00	7.532277e+00
7.515268e+00	7.428853e+00	7.296309e+00	7.152504e+00	7.006591e+00	6.863898e+00
6.730184e+00	6.604629e+00	6.484883e+00	6.366804e+00	6.252608e+00	6.143545e+00
6.038691e+00	5.935345e+00	5.831534e+00	5.729479e+00	5.633144e+00	5.591284e+00
5.551103e+00	5.520702e+00	5.490272e+00	5.482883e+00	5.477050e+00	5.476281e+00
5.475718e+00	5.475637e+00	5.475594e+00	5.475591e+00	7.732681e+00	7.776504e+00
7.802329e+00	7.796768e+00	7.765183e+00	7.653317e+00	7.497506e+00	7.329553e+00
7.158958e+00	6.992437e+00	6.837181e+00	6.693511e+00	6.560127e+00	6.431575e+00
6.308235e+00	6.189588e+00	6.074844e+00	5.961855e+00	5.849011e+00	5.737871e+00
5.631526e+00	5.582416e+00	5.534548e+00	5.497962e+00	5.462106e+00	5.453293e+00
5.446302e+00	5.445393e+00	5.444719e+00	5.444631e+00	5.444574e+00	5.444557e+00
8.045718e+00	8.062192e+00	8.062960e+00	8.036707e+00	7.988492e+00	7.851736e+00
7.675299e+00	7.482610e+00	7.283585e+00	7.088073e+00	6.903267e+00	6.730461e+00
6.571448e+00	6.432044e+00	6.305298e+00	6.184074e+00	6.067257e+00	5.951710e+00
5.835015e+00	5.719556e+00	5.608063e+00	5.551251e+00	5.495304e+00	5.451946e+00
5.411321e+00	5.401313e+00	5.393219e+00	5.392196e+00	5.391420e+00	5.391316e+00
5.391258e+00	5.391225e+00	8.358219e+00	8.340935e+00	8.311685e+00	8.261859e+00
8.195715e+00	8.034011e+00	7.837928e+00	7.620147e+00	7.391548e+00	7.166525e+00
6.953180e+00	6.754515e+00	6.576461e+00	6.423439e+00	6.286511e+00	6.158211e+00
6.036049e+00	5.913743e+00	5.786499e+00	5.659316e+00	5.538567e+00	5.479331e+00
5.418422e+00	5.369305e+00	5.326003e+00	5.315351e+00	5.306404e+00	5.305319e+00
5.304474e+00	5.304341e+00	5.304302e+00	5.304251e+00	8.661277e+00	8.613724e+00
8.556370e+00	8.482169e+00	8.395058e+00	8.198406e+00	7.971080e+00	7.720695e+00
7.459239e+00	7.199779e+00	6.964470e+00	6.757225e+00	6.572960e+00	6.405752e+00
6.255747e+00	6.118602e+00	5.989742e+00	5.859788e+00	5.722018e+00	5.583840e+00
5.453980e+00	5.391398e+00	5.325256e+00	5.270747e+00	5.224543e+00	5.213186e+00
5.203426e+00	5.202271e+00	5.201362e+00	5.201206e+00	5.201176e+00	5.201114e+00
8.948639e+00	8.876500e+00	8.794498e+00	8.695617e+00	8.584335e+00	8.342641e+00
8.075182e+00	7.790336e+00	7.501187e+00	7.211624e+00	6.952230e+00	6.723495e+00
6.520642e+00	6.339323e+00	6.177314e+00	6.029682e+00	5.891890e+00	5.754868e+00
5.611784e+00	5.468506e+00	5.332072e+00	5.265591e+00	5.195489e+00	5.137958e+00
5.089105e+00	5.077089e+00	5.066788e+00	5.065563e+00	5.064619e+00	5.064452e+00
5.064409e+00	5.064355e+00	9.229142e+00	9.129249e+00	9.019672e+00	8.893655e+00
8.756175e+00	8.466280e+00	8.156225e+00	7.834784e+00	7.507193e+00	7.204274e+00
6.923618e+00	6.672049e+00	6.450685e+00	6.254601e+00	6.079506e+00	5.920058e+00
5.771751e+00	5.626280e+00	5.477152e+00	5.328607e+00	5.186018e+00	5.116302e+00
5.043494e+00	4.984248e+00	4.932998e+00	4.920387e+00	4.909690e+00	4.908417e+00
4.907429e+00	4.907256e+00	4.907195e+00	4.907149e+00	9.501188e+00	9.370440e+00
9.230556e+00	9.075290e+00	8.910051e+00	8.570017e+00	8.216555e+00	7.856128e+00
7.505741e+00	7.169321e+00	6.865424e+00	6.595628e+00	6.358305e+00	6.147785e+00
5.958729e+00	5.785868e+00	5.624879e+00	5.469054e+00	5.312979e+00	5.159072e+00
5.011043e+00	4.939083e+00	4.865369e+00	4.806240e+00	4.752949e+00	4.739833e+00
4.728945e+00	4.727651e+00	4.726610e+00	4.726444e+00	4.726358e+00	4.726320e+00
9.765384e+00	9.600100e+00	9.426579e+00	9.239418e+00	9.044404e+00	8.651627e+00
8.252966e+00	7.860133e+00	7.476124e+00	7.115472e+00	6.790254e+00	6.502061e+00
6.248245e+00	6.022426e+00	5.818129e+00	5.630415e+00	5.455195e+00	5.287466e+00
5.123099e+00	4.963129e+00	4.810109e+00	4.736709e+00	4.663572e+00	4.606072e+00
4.551065e+00	4.537510e+00	4.526646e+00	4.525331e+00	4.524250e+00	4.524112e+00
4.524001e+00	4.523971e+00	1.003038e+01	9.819397e+00	9.602850e+00	9.377534e+00
9.149300e+00	8.704239e+00	8.258769e+00	7.840031e+00	7.435136e+00	7.055894e+00
6.709883e+00	6.398915e+00	6.120953e+00	5.872084e+00	5.649407e+00	5.450498e+00
5.268361e+00	5.091983e+00	4.913956e+00	4.742310e+00	4.585819e+00	4.512675e+00
4.440746e+00	4.384390e+00	4.328135e+00	4.314325e+00	4.303597e+00	4.302193e+00
4.301135e+00	4.301013e+00	4.300908e+00	4.300871e+00	1.030782e+01	1.004084e+01
9.772753e+00	9.503143e+00	9.237057e+00	8.729186e+00	8.254577e+00	7.800600e+00
7.374857e+00	6.978388e+00	6.613983e+00	6.283734e+00	5.985618e+00	5.716648e+00
5.474985e+00	5.259679e+00	5.064368e+00	4.877972e+00	4.692860e+00	4.514773e+00
4.350021e+00	4.273263e+00	4.201254e+00	4.147799e+00	4.091194e+00	4.076499e+00
4.066021e+00	4.064756e+00	4.063637e+00	4.063483e+00	4.063408e+00	4.063372e+00
1.057802e+01	1.025564e+01	9.935043e+00	9.618825e+00	9.312079e+00	8.739237e+00
8.211466e+00	7.725416e+00	7.278315e+00	6.867573e+00	6.491500e+00	6.150525e+00
5.840728e+00	5.557418e+00	5.296543e+00	5.057084e+00	4.838110e+00	4.638410e+00
4.455395e+00	4.278091e+00	4.098706e+00	4.012975e+00	3.938527e+00	3.889574e+00
3.833611e+00	3.817347e+00	3.807194e+00	3.806354e+00	3.805063e+00	3.804823e+00
3.804793e+00	3.804773e+00	1.071669e+01	1.040752e+01	1.009628e+01	9.767482e+00
9.422336e+00	8.760762e+00	8.164500e+00	7.629899e+00	7.156198e+00	6.733377e+00
6.351251e+00	6.004213e+00	5.683155e+00	5.381826e+00	5.101213e+00	4.844297e+00
4.610876e+00	4.397906e+00	4.202421e+00	4.015382e+00	3.830274e+00	3.742582e+00
3.665276e+00	3.613342e+00	3.556858e+00	3.541415e+00	3.531235e+00	3.530251e+00
3.529042e+00	3.528828e+00	3.528781e+00	3.528762e+00	1.083203e+01	1.053871e+01
1.023663e+01	9.897125e+00	9.522306e+00	8.782029e+00	8.110727e+00	7.525450e+00
7.023583e+00	6.587677e+00	6.199989e+00	5.847860e+00	5.516401e+00	5.198056e+00
4.900126e+00	4.629450e+00	4.384875e+00	4.158876e+00	3.946828e+00	3.747010e+00
3.559298e+00	3.471791e+00	3.391117e+00	3.333380e+00	3.276249e+00	3.262427e+00
3.252095e+00	3.250804e+00	3.249757e+00	3.249603e+00	3.249521e+00	3.249494e+00
1.101173e+01	1.066776e+01	1.029939e+01	9.909695e+00	9.520313e+00	8.766622e+00
8.053195e+00	7.440158e+00	6.911271e+00	6.450167e+00	6.042565e+00	5.675158e+00
5.332564e+00	5.006238e+00	4.700012e+00	4.417605e+00	4.159194e+00	3.919607e+00
3.695732e+00	3.486578e+00	3.292567e+00	3.202203e+00	3.116665e+00	3.053953e+00
2.997203e+00	2.984165e+00	2.973745e+00	2.972405e+00	2.971425e+00	2.971282e+00
2.971195e+00	2.971158e+00	1.125836e+01	1.078981e+01	1.033024e+01	9.886841e+00
9.461430e+00	8.686939e+00	7.988466e+00	7.366268e+00	6.811678e+00	6.317094e+00
5.877697e+00	5.485487e+00	5.131130e+00	4.805381e+00	4.498910e+00	4.207066e+00
3.933321e+00	3.679837e+00	3.447083e+00	3.230352e+00	3.026997e+00	2.931385e+00
2.839586e+00	2.772157e+00	2.716337e+00	2.703458e+00	2.692958e+00	2.691745e+00
2.690766e+00	2.690597e+00	2.690527e+00	2.690478e+00	1.143867e+01	1.090224e+01
1.038147e+01	9.895524e+00	9.451897e+00	8.628962e+00	7.909120e+00	7.267676e+00
6.693846e+00	6.181218e+00	5.725351e+00	5.318671e+00	4.952831e+00	4.618738e+00
4.304569e+00	4.003544e+00	3.719380e+00	3.456248e+00	3.214411e+00	2.988490e+00
2.775584e+00	2.675256e+00	2.579219e+00	2.509228e+00	2.452690e+00	2.439729e+00
2.429136e+00	2.427940e+00	2.426962e+00	2.426789e+00	2.426714e+00	2.426667e+00
1.159272e+01	1.100887e+01	1.044671e+01	9.925857e+00	9.447962e+00	8.577609e+00
7.820336e+00	7.154413e+00	6.567325e+00	6.046221e+00	5.581487e+00	5.164990e+00
4.788153e+00	4.442404e+00	4.117741e+00	3.808366e+00	3.516807e+00	3.246705e+00
2.996573e+00	2.761558e+00	2.539662e+00	2.435184e+00	2.336275e+00	2.265093e+00
2.207171e+00	2.193986e+00	2.183313e+00	2.182093e+00	2.181112e+00	2.180945e+00
2.180856e+00	2.180818e+00	1.174824e+01	1.111624e+01	1.051213e+01	9.957343e+00
9.447925e+00	8.535981e+00	7.745452e+00	7.057039e+00	6.456694e+00	5.926704e+00
5.452932e+00	5.026675e+00	4.639533e+00	4.283429e+00	3.949626e+00	3.632929e+00
3.334815e+00	3.058164e+00	2.800976e+00	2.558075e+00	2.328029e+00	2.219784e+00
2.118472e+00	2.046300e+00	1.986275e+00	1.972658e+00	1.961813e+00	1.960563e+00
1.959545e+00	1.959390e+00	1.959283e+00	1.959258e+00	1.190516e+01	1.122394e+01
1.057709e+01	9.990791e+00	9.458044e+00	8.501214e+00	7.684012e+00	6.975826e+00
6.362251e+00	5.822780e+00	5.339632e+00	4.903574e+00	4.506805e+00	4.141690e+00
3.800070e+00	3.476892e+00	3.172768e+00	2.889647e+00	2.626297e+00	2.376273e+00
2.138437e+00	2.026593e+00	1.923228e+00	1.850244e+00	1.787269e+00	1.772983e+00
1.761860e+00	1.760572e+00	1.759483e+00	1.759349e+00	1.759214e+00	1.759209e+00
1.206660e+01	1.133839e+01	1.065114e+01	1.003532e+01	9.479045e+00	8.494046e+00
7.644400e+00	6.917339e+00	6.290524e+00	5.740971e+00	5.248178e+00	4.802222e+00
4.395856e+00	4.021913e+00	3.672714e+00	3.343356e+00	3.033761e+00	2.744977e+00
2.476366e+00	2.220684e+00	1.975997e+00	1.860423e+00	1.753750e+00	1.678255e+00
1.612083e+00	1.597091e+00	1.585501e+00	1.584154e+00	1.582993e+00	1.582862e+00
1.582723e+00	1.582725e+00	1.223433e+01	1.146189e+01	1.073737e+01	1.009574e+01
9.520724e+00	8.494897e+00	7.629343e+00	6.884387e+00	6.243605e+00	5.682910e+00
5.179913e+00	4.724166e+00	4.308366e+00	3.925803e+00	3.569203e+00	3.233781e+00
2.918958e+00	2.625008e+00	2.351507e+00	2.091100e+00	1.840055e+00	1.720513e+00
1.609389e+00	1.529901e+00	1.460168e+00	1.444372e+00	1.432116e+00	1.430685e+00
1.429447e+00	1.429302e+00	1.429176e+00	1.429175e+00	1.241085e+01	1.159716e+01
1.083842e+01	1.017425e+01	9.582911e+00	8.526443e+00	7.633942e+00	6.875039e+00
6.223799e+00	5.653954e+00	5.141674e+00	4.675715e+00	4.250505e+00	3.859421e+00
3.495381e+00	3.153617e+00	2.833222e+00	2.533988e+00	2.255140e+00	1.989951e+00
1.732307e+00	1.608377e+00	1.491847e+00	1.407225e+00	1.333190e+00	1.316325e+00
1.303146e+00	1.301599e+00	1.300265e+00	1.300093e+00	1.299983e+00	1.299970e+00
1.259604e+01	1.174462e+01	1.095505e+01	1.027139e+01	9.666555e+00	8.582815e+00
7.670043e+00	6.898543e+00	6.237467e+00	5.659129e+00	5.138265e+00	4.660944e+00
4.225312e+00	3.824594e+00	3.451638e+00	3.101605e+00	2.773388e+00	2.468242e+00
2.184660e+00	1.914659e+00	1.650298e+00	1.521835e+00	1.399644e+00	1.309550e+00
1.230405e+00	1.212173e+00	1.197810e+00	1.196123e+00	1.194674e+00	1.194486e+00
1.194376e+00	1.194330e+00	1.278863e+01	1.190254e+01	1.108491e+01	1.038412e+01
9.767733e+00	8.659876e+00	7.729454e+00	6.943050e+00	6.268167e+00	5.676241e+00
5.144148e+00	4.663030e+00	4.223636e+00	3.819299e+00	3.442851e+00	3.089445e+00
2.758000e+00	2.446160e+00	2.151905e+00	1.871193e+00	1.595883e+00	1.460943e+00
1.332422e+00	1.236098e+00	1.150200e+00	1.130097e+00	1.114171e+00	1.112299e+00
1.110703e+00	1.110496e+00	1.110365e+00	1.110278e+00	1.298905e+01	1.207267e+01
1.123106e+01	1.051668e+01	9.891698e+00	8.765388e+00	7.821564e+00	7.024971e+00
6.341406e+00	5.741651e+00	5.202064e+00	4.711955e+00	4.264236e+00	3.851811e+00
3.466942e+00	3.104485e+00	2.763448e+00	2.443341e+00	2.141892e+00	1.852335e+00
1.567402e+00	1.426517e+00	1.289816e+00	1.185916e+00	1.091366e+00	1.068844e+00
1.050927e+00	1.048815e+00	1.047033e+00	1.046803e+00	1.046633e+00	1.046513e+00
1.319450e+01	1.225093e+01	1.138813e+01	1.066239e+01	1.003085e+01	8.890082e+00
7.937207e+00	7.131951e+00	6.440327e+00	5.832785e+00	5.285895e+00	4.788911e+00
4.334500e+00	3.915156e+00	3.522575e+00	3.151223e+00	2.800057e+00	2.471002e+00
2.162923e+00	1.865372e+00	1.571640e+00	1.425824e+00	1.272701e+00	1.154327e+00
1.049498e+00	1.024007e+00	1.003586e+00	1.001167e+00	9.991656e-01	9.989164e-01
9.986680e-01	9.985836e-01	1.340292e+01	1.243427e+01	1.155240e+01	1.081725e+01
1.018111e+01	9.030081e+00	8.072612e+00	7.261265e+00	6.563561e+00	5.950042e+00
5.397552e+00	4.895208e+00	4.435426e+00	4.010334e+00	3.611185e+00	3.232252e+00
2.872864e+00	2.533417e+00	2.211261e+00	1.896405e+00	1.582629e+00	1.425480e+00
1.262200e+00	1.132919e+00	1.016727e+00	9.880372e-01	9.649512e-01	9.622018e-01
9.599497e-01	9.596744e-01	9.593640e-01	9.593294e-01	1.360992e+01	1.261856e+01
1.171980e+01	1.097716e+01	1.033828e+01	9.180452e+00	8.220781e+00	7.405300e+00
6.702999e+00	6.084615e+00	5.527215e+00	5.019747e+00	4.554321e+00	4.122767e+00
3.716115e+00	3.328524e+00	2.959474e+00	2.609043e+00	2.273660e+00	1.941620e+00
1.605648e+00	1.434481e+00	1.265458e+00	1.130473e+00	9.949293e-01	9.620101e-01
9.355023e-01	9.323418e-01	9.297213e-01	9.293893e-01	9.290575e-01	9.291190e-01
1.381374e+01	1.280194e+01	1.188869e+01	1.114120e+01	1.050262e+01	9.344705e+00
8.388177e+00	7.572894e+00	6.869370e+00	6.248739e+00	5.688178e+00	5.176582e+00
4.706032e+00	4.268306e+00	3.854389e+00	3.458421e+00	3.079878e+00	2.718851e+00
2.371115e+00	2.022973e+00	1.664433e+00	1.480177e+00	1.289505e+00	1.133438e+00
9.806816e-01	9.434243e-01	9.133613e-01	9.097529e-01	9.066997e-01	9.062939e-01
9.060054e-01	9.061364e-01	1.400686e+01	1.297111e+01	1.204163e+01	1.129086e+01
1.065677e+01	9.510329e+00	8.564976e+00	7.756132e+00	7.054819e+00	6.432421e+00
5.866316e+00	5.347359e+00	4.870364e+00	4.427907e+00	4.009115e+00	3.606637e+00
3.219386e+00	2.846700e+00	2.484576e+00	2.121295e+00	1.739338e+00	1.536014e+00
1.322252e+00	1.143564e+00	9.731199e-01	9.299390e-01	8.959804e-01	8.916927e-01
8.879466e-01	8.874177e-01	8.875685e-01	8.873702e-01	1.419305e+01	1.313154e+01
1.218516e+01	1.143227e+01	1.080543e+01	9.678646e+00	8.751170e+00	7.954383e+00
7.258730e+00	6.635542e+00	6.062415e+00	5.533876e+00	5.049745e+00	4.604122e+00
4.182836e+00	3.775831e+00	3.380975e+00	2.996154e+00	2.618363e+00	2.241796e+00
1.836979e+00	1.609215e+00	1.368552e+00	1.166700e+00	9.677799e-01	9.191101e-01
8.813635e-01	8.763508e-01	8.718421e-01	8.711756e-01	8.718959e-01	8.712342e-01
1.437310e+01	1.328181e+01	1.231237e+01	1.155829e+01	1.094208e+01	9.842324e+00
8.938738e+00	8.158042e+00	7.470284e+00	6.847205e+00	6.267085e+00	5.729056e+00
5.238910e+00	4.792197e+00	4.369986e+00	3.958769e+00	3.556041e+00	3.159354e+00
2.766952e+00	2.377569e+00	1.948653e+00	1.694373e+00	1.422971e+00	1.194126e+00
9.667055e-01	9.113371e-01	8.685775e-01	8.627524e-01	8.573188e-01	8.564818e-01
8.579498e-01	8.566650e-01	1.455907e+01	1.343045e+01	1.242048e+01	1.166328e+01
1.106007e+01	9.995667e+00	9.125149e+00	8.367781e+00	7.692443e+00	7.071229e+00
6.483403e+00	5.934926e+00	5.439933e+00	4.995468e+00	4.574907e+00	4.159664e+00
3.748187e+00	3.340028e+00	2.935590e+00	2.535803e+00	2.082903e+00	1.799593e+00
1.491613e+00	1.230372e+00	9.693142e-01	9.063114e-01	8.577753e-01	8.509545e-01
8.444859e-01	8.434506e-01	8.458104e-01	8.438038e-01	1.452931e+01	1.345791e+01
1.252770e+01	1.181596e+01	1.124512e+01	1.021414e+01	9.345017e+00	8.576432e+00
7.886921e+00	7.257513e+00	6.673693e+00	6.135149e+00	5.647000e+00	5.203723e+00
4.783101e+00	4.368984e+00	3.958247e+00	3.547671e+00	3.132345e+00	2.702275e+00
2.206574e+00	1.906042e+00	1.573671e+00	1.284328e+00	9.765611e-01	8.982141e-01
8.463361e-01	8.402907e-01	8.322982e-01	8.310062e-01	8.345232e-01	8.311508e-01
1.444294e+01	1.346876e+01	1.262669e+01	1.198097e+01	1.145369e+01	1.045291e+01
9.570845e+00	8.780000e+00	8.070579e+00	7.432685e+00	6.858615e+00	6.338734e+00
5.862634e+00	5.419672e+00	4.997935e+00	4.587552e+00	4.182897e+00	3.775700e+00
3.351337e+00	2.881468e+00	2.334136e+00	2.021153e+00	1.670084e+00	1.355155e+00
9.920516e-01	8.926043e-01	8.355896e-01	8.306031e-01	8.210762e-01	8.195806e-01
8.242942e-01	8.192399e-01	1.452312e+01	1.354715e+01	1.270208e+01	1.207373e+01
1.156899e+01	1.059967e+01	9.742540e+00	8.971529e+00	8.277459e+00	7.650229e+00
7.081972e+00	6.564687e+00	6.090050e+00	5.648350e+00	5.227359e+00	4.816819e+00
4.410698e+00	3.999969e+00	3.568352e+00	3.083975e+00	2.505717e+00	2.165280e+00
1.776241e+00	1.422654e+00	1.010403e+00	8.949140e-01	8.276193e-01	8.215422e-01
8.111959e-01	8.097044e-01	8.152297e-01	8.089087e-01	1.456103e+01	1.358619e+01
1.275041e+01	1.214410e+01	1.166472e+01	1.072864e+01	9.897225e+00	9.146100e+00
8.467416e+00	7.851876e+00	7.292405e+00	6.781634e+00	6.311817e+00	5.873799e+00
5.455824e+00	5.047760e+00	4.643063e+00	4.231649e+00	3.795117e+00	3.296838e+00
2.687830e+00	2.321486e+00	1.894971e+00	1.500305e+00	1.033746e+00	9.005801e-01
8.197855e-01	8.123354e-01	8.012024e-01	7.997259e-01	8.055806e-01	7.987891e-01
1.458526e+01	1.361325e+01	1.278786e+01	1.220399e+01	1.175008e+01	1.084739e+01
1.004263e+01	9.312633e+00	8.650751e+00	8.048463e+00	7.499440e+00	6.996893e+00
6.533648e+00	6.101063e+00	5.687860e+00	5.284024e+00	4.882556e+00	4.472356e+00
4.032897e+00	3.522701e+00	2.884423e+00	2.492339e+00	2.027514e+00	1.588836e+00
1.062586e+00	9.095988e-01	8.131923e-01	8.038843e-01	7.919669e-01	7.905522e-01
7.964523e-01	7.892196e-01	1.460092e+01	1.363242e+01	1.281741e+01	1.225502e+01
1.182541e+01	1.095496e+01	1.017667e+01	9.468289e+00	8.824142e+00	8.236443e+00
7.699491e+00	7.207001e+00	6.752310e+00	6.327184e+00	5.920757e+00	5.523075e+00
5.126804e+00	4.719997e+00	4.280194e+00	3.761410e+00	3.097463e+00	2.680772e+00
2.177206e+00	1.691459e+00	1.099879e+00	9.249498e-01	8.084806e-01	7.965746e-01
7.837871e-01	7.824404e-01	7.881203e-01	7.804254e-01	1.462226e+01	1.365638e+01
1.285085e+01	1.230383e+01	1.189251e+01	1.104835e+01	1.029239e+01	9.603526e+00
8.976569e+00	8.404206e+00	7.881056e+00	7.401129e+00	6.957934e+00	6.543339e+00
6.146394e+00	5.757039e+00	5.367922e+00	4.966960e+00	4.531123e+00	4.012399e+00
3.333906e+00	2.893818e+00	2.343582e+00	1.801677e+00	1.143691e+00	9.476717e-01
8.065453e-01	7.903705e-01	7.763967e-01	7.748099e-01	7.799953e-01	7.725839e-01
1.464074e+01	1.367663e+01	1.287837e+01	1.234581e+01	1.195155e+01	1.113256e+01
1.039803e+01	9.728351e+00	9.118724e+00	8.562280e+00	8.053894e+00	7.587831e+00
7.157701e+00	6.755393e+00	6.369735e+00	5.990500e+00	5.610411e+00	5.217489e+00
4.788608e+00	4.274696e+00	3.587838e+00	3.125881e+00	2.526264e+00	1.923389e+00
1.194553e+00	9.768256e-01	8.053429e-01	7.849507e-01	7.695816e-01	7.677111e-01
7.722362e-01	7.653796e-01	1.463797e+01	1.367612e+01	1.288172e+01	1.236840e+01
1.199344e+01	1.120322e+01	1.049232e+01	9.843357e+00	9.252147e+00	8.712375e+00
8.219267e+00	7.767451e+00	7.350808e+00	6.961433e+00	6.588243e+00	6.220987e+00
5.852300e+00	5.469911e+00	5.049720e+00	4.539822e+00	3.843147e+00	3.362968e+00
2.725016e+00	2.068277e+00	1.256008e+00	1.009727e+00	8.055546e-01	7.804731e-01
7.636048e-01	7.617081e-01	7.653844e-01	7.589741e-01	1.461131e+01	1.365862e+01
1.287764e+01	1.238054e+01	1.202290e+01	1.126131e+01	1.057455e+01	9.946851e+00
9.374518e+00	8.851773e+00	8.374221e+00	7.936903e+00	7.534100e+00	7.158256e+00
6.798646e+00	6.445140e+00	6.090192e+00	5.720923e+00	5.311481e+00	4.805482e+00
4.098584e+00	3.604477e+00	2.941169e+00	2.241842e+00	1.333115e+00	1.049860e+00
8.077997e-01	7.771640e-01	7.583561e-01	7.565852e-01	7.592691e-01	7.533962e-01
1.457790e+01	1.363405e+01	1.286585e+01	1.238201e+01	1.204359e+01	1.131090e+01
1.064813e+01	1.004157e+01	9.487828e+00	8.981810e+00	8.519566e+00	8.096608e+00
7.707703e+00	7.345816e+00	7.000768e+00	6.662729e+00	6.324006e+00	5.971004e+00
5.575876e+00	5.076829e+00	4.361296e+00	3.853543e+00	3.165142e+00	2.424448e+00
1.422004e+00	1.101503e+00	8.142165e-01	7.776383e-01	7.521085e-01	7.503433e-01
7.522543e-01	7.486335e-01	1.453919e+01	1.360375e+01	1.284641e+01	1.238251e+01
1.206009e+01	1.135499e+01	1.071555e+01	1.012974e+01	9.594325e+00	9.104890e+00
8.657935e+00	8.249451e+00	7.874721e+00	7.527310e+00	7.197689e+00	6.876440e+00
6.555799e+00	6.221457e+00	5.843496e+00	5.354195e+00	4.632387e+00	4.112360e+00
3.401006e+00	2.621087e+00	1.524031e+00	1.164619e+00	8.270133e-01	7.796185e-01
7.457908e-01	7.439632e-01	7.450431e-01	7.443844e-01	1.452306e+01	1.359081e+01
1.284023e+01	1.238440e+01	1.207672e+01	1.139290e+01	1.077230e+01	1.020434e+01
9.685877e+00	9.212845e+00	8.781954e+00	8.389376e+00	8.030550e+00	7.699135e+00
7.385586e+00	7.080547e+00	6.776565e+00	6.459546e+00	6.099236e+00	5.625522e+00
4.911268e+00	4.387820e+00	3.660981e+00	2.842869e+00	1.637962e+00	1.231955e+00
8.391779e-01	7.819597e-01	7.438059e-01	7.418608e-01	7.404832e-01	7.406666e-01
1.451973e+01	1.358804e+01	1.284012e+01	1.239327e+01	1.209375e+01	1.142411e+01
1.081756e+01	1.026417e+01	9.760908e+00	9.303788e+00	8.889597e+00	8.514400e+00
8.173339e+00	7.859435e+00	7.562077e+00	7.271412e+00	6.980968e+00	6.678401e+00
6.335462e+00	5.883984e+00	5.195639e+00	4.682043e+00	3.952156e+00	3.098878e+00
1.767386e+00	1.303604e+00	8.500659e-01	7.851319e-01	7.436466e-01	7.416491e-01
7.379960e-01	7.375224e-01	1.450585e+01	1.357799e+01	1.283616e+01	1.239787e+01
1.210799e+01	1.145416e+01	1.086179e+01	1.032180e+01	9.831176e+00	9.386131e+00
8.983499e+00	8.619935e+00	8.291422e+00	7.992324e+00	7.713826e+00	7.446559e+00
7.181568e+00	6.901099e+00	6.574176e+00	6.140214e+00	5.476415e+00	4.974109e+00
4.244808e+00	3.363700e+00	1.915059e+00	1.388729e+00	8.653844e-01	7.906190e-01
7.430228e-01	7.403366e-01	7.359936e-01	7.345108e-01	1.448006e+01	1.356169e+01
1.283009e+01	1.240130e+01	1.212139e+01	1.148372e+01	1.090501e+01	1.037687e+01
9.896572e+00	9.460810e+00	9.066826e+00	8.712280e+00	8.394523e+00	8.109651e+00
7.850967e+00	7.609727e+00	7.373685e+00	7.118823e+00	6.810485e+00	6.394794e+00
5.754721e+00	5.263983e+00	4.538688e+00	3.636354e+00	2.082538e+00	1.489013e+00
8.873255e-01	8.005615e-01	7.420668e-01	7.375244e-01	7.337376e-01	7.319436e-01
1.446580e+01	1.355551e+01	1.283057e+01	1.241039e+01	1.213744e+01	1.151236e+01
1.094472e+01	1.042633e+01	9.955107e+00	9.528455e+00	9.144513e+00	8.801704e+00
8.498354e+00	8.230530e+00	7.989957e+00	7.766396e+00	7.547541e+00	7.313842e+00
7.034454e+00	6.650086e+00	6.036565e+00	5.557079e+00	4.840282e+00	3.921201e+00
2.266654e+00	1.601709e+00	9.163406e-01	8.161622e-01	7.417928e-01	7.359385e-01
7.301118e-01	7.301453e-01	1.445872e+01	1.355592e+01	1.283759e+01	1.242189e+01
1.215218e+01	1.153346e+01	1.097259e+01	1.046246e+01	1.000083e+01	9.585346e+00
9.213843e+00	8.884218e+00	8.593851e+00	8.338244e+00	8.109196e+00	7.898082e+00
7.697272e+00	7.492308e+00	7.252788e+00	6.905869e+00	6.314632e+00	5.843779e+00
5.139115e+00	4.217610e+00	2.466835e+00	1.734705e+00	9.498273e-01	8.311407e-01
7.423996e-01	7.353520e-01	7.287708e-01	7.282900e-01	1.444964e+01	1.355553e+01
1.284437e+01	1.243285e+01	1.216629e+01	1.155406e+01	1.099980e+01	1.049728e+01
1.004424e+01	9.638325e+00	9.277339e+00	8.958877e+00	8.679847e+00	8.435619e+00
8.218369e+00	8.020787e+00	7.838464e+00	7.660394e+00	7.456796e+00	7.146972e+00
6.586123e+00	6.129746e+00	5.441738e+00	4.522214e+00	2.684352e+00	1.883163e+00
9.885086e-01	8.494200e-01	7.436193e-01	7.349042e-01	7.275105e-01	7.266923e-01
1.443409e+01	1.355045e+01	1.284833e+01	1.244239e+01	1.217980e+01	1.157554e+01
1.102836e+01	1.053266e+01	1.008654e+01	9.687532e+00	9.333955e+00	9.023649e+00
8.753928e+00	8.520622e+00	8.316454e+00	8.134637e+00	7.971163e+00	7.815565e+00
7.639176e+00	7.363177e+00	6.843936e+00	6.410661e+00	5.743869e+00	4.828337e+00
2.919935e+00	2.047566e+00	1.034624e+00	8.740583e-01	7.461498e-01	7.345794e-01
7.261708e-01	7.254161e-01	1.441236e+01	1.354171e+01	1.285065e+01	1.245137e+01
1.219339e+01	1.159787e+01	1.105725e+01	1.056690e+01	1.012540e+01	9.730935e+00
9.382520e+00	9.078458e+00	8.816523e+00	8.593217e+00	8.402164e+00	8.237064e+00
8.093034e+00	7.957268e+00	7.801327e+00	7.556335e+00	7.087533e+00	6.683197e+00
6.038282e+00	5.130680e+00	3.174457e+00	2.229546e+00	1.088185e+00	9.029922e-01
7.497211e-01	7.352505e-01	7.251856e-01	7.242487e-01	1.438695e+01	1.353131e+01
1.285279e+01	1.246051e+01	1.220692e+01	1.161983e+01	1.108523e+01	1.059951e+01
1.016182e+01	9.771088e+00	9.427022e+00	9.128404e+00	8.873472e+00	8.659420e+00
8.480850e+00	8.331972e+00	8.206825e+00	8.089710e+00	7.952368e+00	7.737838e+00
7.323142e+00	6.951295e+00	6.331670e+00	5.437304e+00	3.447251e+00	2.428380e+00
1.149000e+00	9.365339e-01	7.544685e-01	7.365093e-01	7.244122e-01	7.232242e-01
1.436398e+01	1.352526e+01	1.285865e+01	1.247222e+01	1.222088e+01	1.163941e+01
1.110949e+01	1.062815e+01	1.019481e+01	9.808507e+00	9.469196e+00	9.175961e+00
8.927392e+00	8.721138e+00	8.552483e+00	8.416183e+00	8.306493e+00	8.207513e+00
8.092223e+00	7.909932e+00	7.545845e+00	7.206872e+00	6.621773e+00	5.752167e+00
3.731146e+00	2.639715e+00	1.218827e+00	9.770583e-01	7.608607e-01	7.373132e-01
7.240171e-01	7.225471e-01	1.434084e+01	1.352124e+01	1.286923e+01	1.248606e+01
1.223419e+01	1.165613e+01	1.112982e+01	1.065247e+01	1.022359e+01	9.841933e+00
9.507411e+00	9.219248e+00	8.976285e+00	8.776453e+00	8.615518e+00	8.488837e+00
8.391699e+00	8.309708e+00	8.217999e+00	8.068448e+00	7.751588e+00	7.445415e+00
6.902107e+00	6.068160e+00	4.023890e+00	2.864346e+00	1.300924e+00	1.027619e+00
7.702500e-01	7.379330e-01	7.238135e-01	7.220800e-01	1.429784e+01	1.350733e+01
1.287054e+01	1.249404e+01	1.224021e+01	1.166598e+01	1.114315e+01	1.066937e+01
1.024414e+01	9.866285e+00	9.535774e+00	9.251960e+00	9.013948e+00	8.819886e+00
8.665924e+00	8.548004e+00	8.462316e+00	8.395935e+00	8.326123e+00	8.207979e+00
7.937791e+00	7.663730e+00	7.160462e+00	6.365194e+00	4.326066e+00	3.107964e+00
1.392500e+00	1.083144e+00	7.812379e-01	7.401538e-01	7.240226e-01	7.214308e-01
1.423438e+01	1.348047e+01	1.287092e+01	1.249998e+01	1.224414e+01	1.167326e+01
1.115352e+01	1.068294e+01	1.026090e+01	9.886362e+00	9.559396e+00	9.279468e+00
9.045923e+00	8.857109e+00	8.709502e+00	8.599615e+00	8.524498e+00	8.472722e+00
8.423716e+00	8.336005e+00	8.111894e+00	7.869743e+00	7.406480e+00	6.652966e+00
4.639521e+00	3.371455e+00	1.494760e+00	1.144622e+00	7.941076e-01	7.450468e-01
7.245625e-01	7.207163e-01	1.416936e+01	1.345415e+01	1.287197e+01	1.250730e+01
1.224894e+01	1.168107e+01	1.116413e+01	1.069634e+01	1.027693e+01	9.905150e+00
9.581053e+00	9.304294e+00	9.074498e+00	8.890265e+00	8.748468e+00	8.646148e+00
8.580967e+00	8.542419e+00	8.511884e+00	8.452510e+00	8.274234e+00	8.064447e+00
7.640826e+00	6.927259e+00	4.955233e+00	3.655676e+00	1.610040e+00	1.212570e+00
8.087840e-01	7.517581e-01	7.247985e-01	7.203471e-01	1.410163e+01	1.342866e+01
1.287532e+01	1.251710e+01	1.225534e+01	1.168995e+01	1.117547e+01	1.071004e+01
1.029259e+01	9.922892e+00	9.600819e+00	9.326356e+00	9.099482e+00	8.919124e+00
8.782582e+00	8.687351e+00	8.631436e+00	8.604567e+00	8.589766e+00	8.555928e+00
8.422597e+00	8.245355e+00	7.859546e+00	7.180605e+00	5.265295e+00	3.963588e+00
1.743181e+00	1.288827e+00	8.263456e-01	7.633355e-01	7.248350e-01	7.202175e-01
1.403303e+01	1.340102e+01	1.287557e+01	1.252357e+01	1.225815e+01	1.169439e+01
1.118124e+01	1.071729e+01	1.030180e+01	9.934621e+00	9.615701e+00	9.344718e+00
9.121229e+00	8.944054e+00	8.811301e+00	8.721273e+00	8.672506e+00	8.655556e+00
8.655541e+00	8.646745e+00	8.552405e+00	8.401418e+00	8.057619e+00	7.437289e+00
5.594593e+00	4.259509e+00	1.884840e+00	1.379533e+00	8.486371e-01	7.723238e-01
7.271308e-01	7.198429e-01	1.396944e+01	1.337576e+01	1.287556e+01	1.252971e+01
1.226072e+01	1.169824e+01	1.118591e+01	1.072304e+01	1.030928e+01	9.944446e+00
9.628607e+00	9.361087e+00	9.140953e+00	8.966797e+00	8.837258e+00	8.751292e+00
8.708092e+00	8.699418e+00	8.712502e+00	8.725568e+00	8.666173e+00	8.541209e+00
8.242007e+00	7.684595e+00	5.918558e+00	4.558055e+00	2.042964e+00	1.484486e+00
8.759575e-01	7.816636e-01	7.305487e-01	7.195089e-01	1.391921e+01	1.335878e+01
1.288134e+01	1.254072e+01	1.226891e+01	1.170725e+01	1.119527e+01	1.073330e+01
1.032087e+01	9.957542e+00	9.643229e+00	9.377506e+00	9.159903e+00	8.989239e+00
8.863574e+00	8.781601e+00	8.743189e+00	8.741422e+00	8.765068e+00	8.793740e+00
8.768225e+00	8.677559e+00	8.423601e+00	7.901190e+00	6.197154e+00	4.895302e+00
2.235935e+00	1.596580e+00	9.058864e-01	8.000753e-01	7.287170e-01	7.197159e-01
1.387400e+01	1.334109e+01	1.288192e+01	1.254628e+01	1.227163e+01	1.171129e+01
1.120014e+01	1.073925e+01	1.032820e+01	9.966414e+00	9.653821e+00	9.389989e+00
9.174392e+00	9.006005e+00	8.883097e+00	8.804670e+00	8.770974e+00	8.775749e+00
8.809088e+00	8.853170e+00	8.855873e+00	8.790602e+00	8.578879e+00	8.110466e+00
6.491959e+00	5.212900e+00	2.444237e+00	1.725064e+00	9.415749e-01	8.181777e-01
7.308632e-01	7.195146e-01	1.383230e+01	1.332337e+01	1.288136e+01	1.254797e+01
1.227188e+01	1.171219e+01	1.120232e+01	1.074270e+01	1.033295e+01	9.972497e+00
9.661341e+00	9.399095e+00	9.185236e+00	9.018913e+00	8.898501e+00	8.823256e+00
8.793751e+00	8.804317e+00	8.846235e+00	8.904144e+00	8.931918e+00	8.889333e+00
8.717901e+00	8.305326e+00	6.781145e+00	5.529361e+00	2.669839e+00	1.867250e+00
9.822079e-01	8.387864e-01	7.341242e-01	7.192359e-01	1.379503e+01	1.330662e+01
1.287808e+01	1.254821e+01	1.227001e+01	1.171173e+01	1.120322e+01	1.074470e+01
1.033605e+01	9.976670e+00	9.666608e+00	9.405578e+00	9.193169e+00	9.028722e+00
8.910557e+00	8.838055e+00	8.812065e+00	8.827489e+00	8.876660e+00	8.946314e+00
8.995825e+00	8.973523e+00	8.839414e+00	8.480012e+00	7.053896e+00	5.841889e+00
2.912468e+00	2.024637e+00	1.029447e+00	8.638741e-01	7.383650e-01	7.189634e-01
1.376556e+01	1.329562e+01	1.287944e+01	1.255147e+01	1.227193e+01	1.171439e+01
1.120693e+01	1.074953e+01	1.034172e+01	9.983074e+00	9.673719e+00	9.413539e+00
9.202355e+00	9.039637e+00	8.923496e+00	8.853208e+00	8.830000e+00	8.849526e+00
8.905177e+00	8.985154e+00	9.052487e+00	9.047206e+00	8.948308e+00	8.643013e+00
7.313790e+00	6.143938e+00	3.174502e+00	2.202802e+00	1.084358e+00	8.935808e-01
7.437202e-01	7.187852e-01	1.373927e+01	1.328626e+01	1.288151e+01	1.255648e+01
1.227485e+01	1.171853e+01	1.121174e+01	1.075514e+01	1.034789e+01	9.989786e+00
9.680976e+00	9.421480e+00	9.211304e+00	9.050004e+00	8.935621e+00	8.867370e+00
8.846746e+00	8.869918e+00	8.931150e+00	9.020318e+00	9.104390e+00	9.114997e+00
9.047956e+00	8.792704e+00	7.567304e+00	6.448635e+00	3.453263e+00	2.398456e+00
1.146542e+00	9.281465e-01	7.501359e-01	7.186593e-01	1.371350e+01	1.327591e+01
1.288148e+01	1.255842e+01	1.227517e+01	1.171945e+01	1.121363e+01	1.075779e+01
1.035122e+01	9.993931e+00	9.686003e+00	9.427399e+00	9.217914e+00	9.057181e+00
8.943980e+00	8.878000e+00	8.860463e+00	8.886794e+00	8.951345e+00	9.047632e+00
9.150862e+00	9.178468e+00	9.132614e+00	8.908156e+00	7.812874e+00	6.775680e+00
3.732861e+00	2.601504e+00	1.217397e+00	9.708843e-01	7.578741e-01	7.186728e-01
1.368934e+01	1.326539e+01	1.288025e+01	1.255922e+01	1.227459e+01	1.171958e+01
1.121444e+01	1.075915e+01	1.035315e+01	9.996625e+00	9.689600e+00	9.431890e+00
9.222886e+00	9.062298e+00	8.949912e+00	8.886059e+00	8.871596e+00	8.900597e+00
8.967071e+00	9.068868e+00	9.191223e+00	9.235595e+00	9.203322e+00	8.997725e+00
8.044415e+00	7.114770e+00	4.011842e+00	2.813350e+00	1.300000e+00	1.025312e+00
7.677355e-01	7.187751e-01	1.366992e+01	1.325796e+01	1.288071e+01	1.256121e+01
1.227536e+01	1.172070e+01	1.121623e+01	1.076138e+01	1.035587e+01	9.999878e+00
9.693502e+00	9.436443e+00	9.227963e+00	9.067843e+00	8.956299e+00	8.893937e+00
8.881540e+00	8.912877e+00	8.982108e+00	9.089060e+00	9.224353e+00	9.281193e+00
9.266606e+00	9.087887e+00	8.247255e+00	7.410656e+00	4.312368e+00	3.050106e+00
1.392597e+00	1.084259e+00	7.788910e-01	7.187642e-01	1.365299e+01	1.325186e+01
1.288199e+01	1.256411e+01	1.227726e+01	1.172297e+01	1.121860e+01	1.076400e+01
1.035885e+01	1.000321e+01	9.697309e+00	9.440765e+00	9.232832e+00	9.073364e+00
8.962659e+00	8.901389e+00	8.890521e+00	8.923969e+00	8.996260e+00	9.108071e+00
9.253229e+00	9.320354e+00	9.324385e+00	9.176375e+00	8.433840e+00	7.683182e+00
4.632409e+00	3.311485e+00	1.496103e+00	1.148777e+00	7.915542e-01	7.187031e-01
1.363716e+01	1.324566e+01	1.288231e+01	1.256576e+01	1.227787e+01	1.172382e+01
1.121954e+01	1.076519e+01	1.036033e+01	1.000496e+01	9.699340e+00	9.443203e+00
9.236079e+00	9.077715e+00	8.967954e+00	8.907294e+00	8.897094e+00	8.932364e+00
9.008419e+00	9.125456e+00	9.276141e+00	9.348429e+00	9.373128e+00	9.266192e+00
8.608667e+00	7.900155e+00	4.965709e+00	3.601718e+00	1.610646e+00	1.216791e+00
8.066108e-01	7.185739e-01	1.362239e+01	1.323917e+01	1.288153e+01	1.256642e+01
1.227783e+01	1.172390e+01	1.121970e+01	1.076553e+01	1.036085e+01	1.000565e+01
9.700159e+00	9.444288e+00	9.237949e+00	9.080899e+00	8.972148e+00	8.911670e+00
8.901467e+00	8.938213e+00	9.018485e+00	9.141152e+00	9.293207e+00	9.366590e+00
9.412472e+00	9.359572e+00	8.769316e+00	8.057212e+00	5.310658e+00	3.929742e+00
1.738509e+00	1.287663e+00	8.258735e-01	7.181592e-01	1.361015e+01	1.323401e+01
1.288150e+01	1.256729e+01	1.227795e+01	1.172412e+01	1.121997e+01	1.076596e+01
1.036150e+01	1.000653e+01	9.701303e+00	9.445759e+00	9.239971e+00	9.083628e+00
8.975487e+00	8.915472e+00	8.905833e+00	8.943900e+00	9.026814e+00	9.153155e+00
9.309617e+00	9.387111e+00	9.446891e+00	9.424336e+00	8.913260e+00	8.240857e+00
5.639757e+00	4.246700e+00	1.890616e+00	1.374648e+00	8.480337e-01	7.181582e-01
1.360174e+01	1.323183e+01	1.288258e+01	1.256915e+01	1.227901e+01	1.172510e+01
1.122090e+01	1.076703e+01	1.036290e+01	1.000826e+01	9.703454e+00	9.448304e+00
9.242823e+00	9.086763e+00	8.979005e+00	8.919607e+00	8.910891e+00	8.950154e+00
9.034675e+00	9.163500e+00	9.325871e+00	9.409535e+00	9.477848e+00	9.472105e+00
9.041746e+00	8.441117e+00	5.953761e+00	4.554950e+00	2.070582e+00	1.479628e+00
8.740764e-01	7.183680e-01	1.359719e+01	1.323262e+01	1.288702e+01	1.257419e+01
1.228338e+01	1.172926e+01	1.122502e+01	1.077109e+01	1.036705e+01	1.001262e+01
9.707851e+00	9.452879e+00	9.247586e+00	9.091794e+00	8.984387e+00	8.925437e+00
8.917366e+00	8.957628e+00	9.043605e+00	9.174657e+00	9.341741e+00	9.430295e+00
9.506707e+00	9.516762e+00	9.157388e+00	8.619437e+00	6.263299e+00	4.873362e+00
2.272341e+00	1.598343e+00	9.051263e-01	7.184682e-01	1.359036e+01	1.323048e+01
1.288776e+01	1.257578e+01	1.228436e+01	1.173064e+01	1.122633e+01	1.077254e+01
1.036861e+01	1.001428e+01	9.709732e+00	9.455093e+00	9.250011e+00	9.094576e+00
8.987623e+00	8.928934e+00	8.921189e+00	8.962067e+00	9.049198e+00	9.182522e+00
9.353943e+00	9.446069e+00	9.529529e+00	9.553865e+00	9.257809e+00	8.779661e+00
6.563273e+00	5.193617e+00	2.488548e+00	1.750470e+00	9.409576e-01	7.184450e-01
1.358286e+01	1.322686e+01	1.288749e+01	1.257580e+01	1.228428e+01	1.173089e+01
1.122753e+01	1.077413e+01	1.037026e+01	1.001575e+01	9.710813e+00	9.455627e+00
9.250536e+00	9.095201e+00	8.988439e+00	8.930549e+00	8.923840e+00	8.965761e+00
9.053934e+00	9.187896e+00	9.362009e+00	9.458849e+00	9.549359e+00	9.586756e+00
9.348863e+00	8.922037e+00	6.849678e+00	5.518776e+00	2.721740e+00	1.916308e+00
9.821041e-01	7.183446e-01	1.357497e+01	1.322134e+01	1.288351e+01	1.257259e+01
1.228136e+01	1.173021e+01	1.122887e+01	1.077633e+01	1.037240e+01	1.001727e+01
9.711420e+00	9.455458e+00	9.249710e+00	9.094356e+00	8.988167e+00	8.931122e+00
8.925642e+00	8.968995e+00	9.058133e+00	9.191315e+00	9.366780e+00	9.469029e+00
9.566617e+00	9.615841e+00	9.430955e+00	9.045372e+00	7.117315e+00	5.846526e+00
2.972547e+00	2.088931e+00	1.030269e+00	7.178351e-01	