6.479973e-02	6.578361e-02	6.689739e-02	6.823905e-02	6.979664e-02	7.344740e-02
7.773899e-02	8.251880e-02	8.778059e-02	9.352912e-02	9.976263e-02	1.066214e-01
1.144017e-01	1.232864e-01	1.330002e-01	1.431636e-01	1.536965e-01	1.645111e-01
1.752706e-01	1.849009e-01	1.925011e-01	1.955767e-01	1.975785e-01	1.983330e-01
2.001747e-01	2.006522e-01	2.009357e-01	2.010237e-01	2.010938e-01	2.010346e-01
2.009786e-01	2.078592e-01	7.501709e-02	7.619313e-02	7.751125e-02	7.907900e-02
8.088368e-02	8.508150e-02	8.998365e-02	9.542296e-02	1.013918e-01	1.078942e-01
1.149277e-01	1.226429e-01	1.313577e-01	1.412671e-01	1.520741e-01	1.633699e-01
1.750573e-01	1.870145e-01	1.988495e-01	2.094143e-01	2.177493e-01	2.211175e-01
2.233460e-01	2.242334e-01	2.262681e-01	2.267945e-01	2.271121e-01	2.272070e-01
2.272826e-01	2.272208e-01	2.271622e-01	2.343716e-01	8.684548e-02	8.824985e-02
8.980908e-02	9.164092e-02	9.373186e-02	9.855846e-02	1.041570e-01	1.103451e-01
1.171135e-01	1.244656e-01	1.323981e-01	1.410718e-01	1.508269e-01	1.618703e-01
1.738834e-01	1.864282e-01	1.993868e-01	2.125962e-01	2.256004e-01	2.371776e-01
2.463091e-01	2.499937e-01	2.524740e-01	2.535163e-01	2.557629e-01	2.563427e-01
2.566985e-01	2.568007e-01	2.568821e-01	2.568180e-01	2.567570e-01	2.642657e-01
1.005389e-01	1.022144e-01	1.040581e-01	1.061983e-01	1.086210e-01	1.141702e-01
1.205627e-01	1.276006e-01	1.352731e-01	1.435823e-01	1.525242e-01	1.622699e-01
1.731817e-01	1.854783e-01	1.988205e-01	2.127410e-01	2.270977e-01	2.416772e-01
2.559501e-01	2.686216e-01	2.786147e-01	2.826409e-01	2.854009e-01	2.866232e-01
2.891025e-01	2.897407e-01	2.901392e-01	2.902490e-01	2.903363e-01	2.902704e-01
2.902073e-01	2.979728e-01	1.163915e-01	1.183887e-01	1.205678e-01	1.230682e-01
1.258751e-01	1.322548e-01	1.395525e-01	1.475546e-01	1.562484e-01	1.656350e-01
1.757097e-01	1.866534e-01	1.988498e-01	2.125295e-01	2.273338e-01	2.427677e-01
2.586598e-01	2.747361e-01	2.903827e-01	3.042343e-01	3.151576e-01	3.195516e-01
3.226219e-01	3.240535e-01	3.267880e-01	3.274899e-01	3.279363e-01	3.280539e-01
3.281474e-01	3.280801e-01	3.280157e-01	3.359793e-01	1.347436e-01	1.371224e-01
1.396969e-01	1.426179e-01	1.458701e-01	1.532040e-01	1.615334e-01	1.706290e-01
1.804762e-01	1.910748e-01	2.024197e-01	2.147008e-01	2.283223e-01	2.435259e-01
2.599364e-01	2.770323e-01	2.946085e-01	3.123172e-01	3.294474e-01	3.445683e-01
3.564933e-01	3.612825e-01	3.646972e-01	3.663720e-01	3.693858e-01	3.701574e-01
3.706573e-01	3.707829e-01	3.708827e-01	3.708149e-01	3.707497e-01	3.788335e-01
1.559895e-01	1.588205e-01	1.618610e-01	1.652732e-01	1.690413e-01	1.774716e-01
1.869765e-01	1.973117e-01	2.084607e-01	2.204219e-01	2.331899e-01	2.469628e-01
2.621631e-01	2.790430e-01	2.972145e-01	3.161331e-01	3.355533e-01	3.550390e-01
3.737675e-01	3.902497e-01	4.032506e-01	4.084632e-01	4.122598e-01	4.142168e-01
4.175365e-01	4.183838e-01	4.189437e-01	4.190774e-01	4.191834e-01	4.191162e-01
4.190511e-01	4.271537e-01	1.805852e-01	1.839520e-01	1.875417e-01	1.915273e-01
1.958931e-01	2.055832e-01	2.164272e-01	2.281669e-01	2.407845e-01	2.542764e-01
2.686375e-01	2.840727e-01	3.010196e-01	3.197401e-01	3.398388e-01	3.607527e-01
3.821886e-01	4.036048e-01	4.240499e-01	4.419874e-01	4.561405e-01	4.618053e-01
4.660254e-01	4.683097e-01	4.719638e-01	4.728935e-01	4.735204e-01	4.736622e-01
4.737745e-01	4.737091e-01	4.736452e-01	4.816372e-01	2.090592e-01	2.130604e-01
2.172968e-01	2.219519e-01	2.270102e-01	2.381477e-01	2.505166e-01	2.638473e-01
2.781204e-01	2.933307e-01	3.094736e-01	3.267588e-01	3.456352e-01	3.663727e-01
3.885760e-01	4.116700e-01	4.353054e-01	4.588138e-01	4.810967e-01	5.005842e-01
5.159675e-01	5.221134e-01	5.268028e-01	5.294667e-01	5.334858e-01	5.345051e-01
5.352070e-01	5.353567e-01	5.354751e-01	5.354131e-01	5.353519e-01	5.430700e-01
2.420228e-01	2.467748e-01	2.517728e-01	2.572095e-01	2.630703e-01	2.758704e-01
2.899755e-01	3.051074e-01	3.212455e-01	3.383832e-01	3.565172e-01	3.758592e-01
3.968634e-01	4.198065e-01	4.443026e-01	4.697738e-01	4.958043e-01	5.215748e-01
5.458179e-01	5.669495e-01	5.836412e-01	5.902973e-01	5.955067e-01	5.986102e-01
6.030275e-01	6.041439e-01	6.049296e-01	6.050869e-01	6.052111e-01	6.051545e-01
6.050977e-01	6.123386e-01	2.801840e-01	2.858242e-01	2.917188e-01	2.980680e-01
3.048584e-01	3.195685e-01	3.356495e-01	3.528196e-01	3.710577e-01	3.903553e-01
4.107121e-01	4.323376e-01	4.556845e-01	4.810333e-01	5.080212e-01	5.360784e-01
5.647114e-01	5.929209e-01	6.192460e-01	6.421132e-01	6.601910e-01	6.673855e-01
6.731707e-01	6.767832e-01	6.816341e-01	6.828556e-01	6.837352e-01	6.838995e-01
6.840289e-01	6.839801e-01	6.839300e-01	6.904425e-01	3.243622e-01	3.310526e-01
3.380025e-01	3.454169e-01	3.532845e-01	3.701883e-01	3.885176e-01	4.079929e-01
4.285936e-01	4.503098e-01	4.731452e-01	4.973028e-01	5.232238e-01	5.511898e-01
5.808779e-01	6.117415e-01	6.431952e-01	6.740264e-01	7.025523e-01	7.272418e-01
7.467810e-01	7.545408e-01	7.609634e-01	7.651649e-01	7.704873e-01	7.718223e-01
7.728069e-01	7.729773e-01	7.731113e-01	7.730734e-01	7.730327e-01	7.785084e-01
3.755063e-01	3.834380e-01	3.916295e-01	4.002873e-01	4.094029e-01	4.288263e-01
4.497129e-01	4.717942e-01	4.950510e-01	5.194728e-01	5.450689e-01	5.720299e-01
6.007733e-01	6.315782e-01	6.641830e-01	6.980837e-01	7.325868e-01	7.662264e-01
7.970656e-01	8.236565e-01	8.447281e-01	8.530779e-01	8.602058e-01	8.650885e-01
8.709229e-01	8.723802e-01	8.734822e-01	8.736576e-01	8.737951e-01	8.737718e-01
8.737437e-01	8.778072e-01	4.347147e-01	4.441128e-01	4.537650e-01	4.638740e-01
4.744356e-01	4.967526e-01	5.205472e-01	5.455726e-01	5.718133e-01	5.992584e-01
6.279259e-01	6.579859e-01	6.898169e-01	7.236910e-01	7.594352e-01	7.966125e-01
8.344020e-01	8.710383e-01	9.042937e-01	9.328533e-01	9.555217e-01	9.644831e-01
9.723910e-01	9.780611e-01	9.844506e-01	9.860395e-01	9.872727e-01	9.874515e-01
9.875911e-01	9.875868e-01	9.875753e-01	9.897716e-01	5.032587e-01	5.143887e-01
5.257587e-01	5.375616e-01	5.497986e-01	5.754385e-01	6.025385e-01	6.308884e-01
6.604783e-01	6.912982e-01	7.233781e-01	7.568581e-01	7.920580e-01	8.292379e-01
8.683478e-01	9.090477e-01	9.503676e-01	9.901875e-01	1.025947e+00	1.056527e+00
1.080847e+00	1.090437e+00	1.099207e+00	1.105787e+00	1.112777e+00	1.114507e+00
1.115887e+00	1.116067e+00	1.116207e+00	1.116227e+00	1.116237e+00	1.116017e+00
5.825524e-01	5.957660e-01	6.091913e-01	6.229999e-01	6.372011e-01	6.666921e-01
6.975784e-01	7.297163e-01	7.631092e-01	7.977473e-01	8.336768e-01	8.709870e-01
9.099046e-01	9.506696e-01	9.934230e-01	1.037988e+00	1.083203e+00	1.126486e+00
1.164854e+00	1.197486e+00	1.223468e+00	1.233654e+00	1.243372e+00	1.251037e+00
1.258656e+00	1.260532e+00	1.262077e+00	1.262252e+00	1.262387e+00	1.262443e+00
1.262488e+00	1.258695e+00	6.743887e-01	6.900333e-01	7.058500e-01	7.219793e-01
7.384405e-01	7.723290e-01	8.074959e-01	8.438814e-01	8.815043e-01	9.203580e-01
9.605104e-01	1.001990e+00	1.044906e+00	1.089472e+00	1.136060e+00	1.184687e+00
1.233978e+00	1.280840e+00	1.321832e+00	1.356516e+00	1.384200e+00	1.395008e+00
1.405776e+00	1.414669e+00	1.422978e+00	1.425013e+00	1.426741e+00	1.426910e+00
1.427039e+00	1.427135e+00	1.427218e+00	1.419342e+00	7.812439e-01	7.995154e-01
8.179261e-01	8.365919e-01	8.555382e-01	8.942800e-01	9.341485e-01	9.751273e-01
1.017225e+00	1.060457e+00	1.104917e+00	1.150617e+00	1.197574e+00	1.245979e+00
1.296347e+00	1.348775e+00	1.401736e+00	1.451786e+00	1.495224e+00	1.531935e+00
1.561514e+00	1.573209e+00	1.585168e+00	1.595278e+00	1.604450e+00	1.606681e+00
1.608612e+00	1.608788e+00	1.608925e+00	1.609043e+00	1.609122e+00	1.599132e+00
9.053499e-01	9.263953e-01	9.475600e-01	9.689443e-01	9.905745e-01	1.034583e+00
1.079527e+00	1.125369e+00	1.172078e+00	1.219719e+00	1.268421e+00	1.318237e+00
1.369138e+00	1.421293e+00	1.475224e+00	1.530964e+00	1.586921e+00	1.639554e+00
1.685160e+00	1.723853e+00	1.755563e+00	1.768473e+00	1.781775e+00	1.793050e+00
1.803289e+00	1.805762e+00	1.807914e+00	1.808117e+00	1.808280e+00	1.808393e+00
1.808420e+00	1.799125e+00	1.047018e+00	1.071106e+00	1.095271e+00	1.119580e+00
1.144063e+00	1.193602e+00	1.243775e+00	1.294517e+00	1.345787e+00	1.397705e+00
1.450490e+00	1.504199e+00	1.558746e+00	1.614250e+00	1.671216e+00	1.729647e+00
1.787913e+00	1.842530e+00	1.889947e+00	1.930546e+00	1.964517e+00	1.978701e+00
1.993426e+00	2.005935e+00	2.017323e+00	2.020084e+00	2.022465e+00	2.022704e+00
2.022903e+00	2.023003e+00	2.023009e+00	2.015919e+00	1.209088e+00	1.236502e+00
1.263927e+00	1.291381e+00	1.318904e+00	1.374265e+00	1.429841e+00	1.485519e+00
1.541279e+00	1.597309e+00	1.653972e+00	1.711304e+00	1.769162e+00	1.827596e+00
1.887035e+00	1.947469e+00	2.007271e+00	2.063209e+00	2.112062e+00	2.154469e+00
2.190828e+00	2.206400e+00	2.222650e+00	2.236442e+00	2.249089e+00	2.252184e+00
2.254806e+00	2.255095e+00	2.255339e+00	2.255414e+00	2.255417e+00	2.252203e+00
1.392276e+00	1.423238e+00	1.454116e+00	1.484856e+00	1.515514e+00	1.576764e+00
1.637653e+00	1.698042e+00	1.757943e+00	1.817645e+00	1.877683e+00	1.938095e+00
1.998730e+00	2.059527e+00	2.120714e+00	2.182156e+00	2.242378e+00	2.298781e+00
2.348777e+00	2.392803e+00	2.431370e+00	2.448552e+00	2.466378e+00	2.481299e+00
2.495324e+00	2.498765e+00	2.501632e+00	2.502004e+00	2.502283e+00	2.502297e+00
2.502313e+00	2.503581e+00	1.597578e+00	1.632189e+00	1.666586e+00	1.700621e+00
1.734371e+00	1.801276e+00	1.867070e+00	1.931613e+00	1.994960e+00	2.057556e+00
2.120135e+00	2.182769e+00	2.245406e+00	2.307814e+00	2.369792e+00	2.430896e+00
2.490034e+00	2.545810e+00	2.596688e+00	2.642119e+00	2.682570e+00	2.701677e+00
2.721106e+00	2.736845e+00	2.752387e+00	2.756182e+00	2.759286e+00	2.759791e+00
2.760085e+00	2.759983e+00	2.760037e+00	2.766283e+00	1.825058e+00	1.863803e+00
1.902090e+00	1.939576e+00	1.976389e+00	2.048503e+00	2.118405e+00	2.186240e+00
2.252178e+00	2.316797e+00	2.381017e+00	2.444902e+00	2.508312e+00	2.570875e+00
2.632237e+00	2.691923e+00	2.749196e+00	2.803585e+00	2.854461e+00	2.900907e+00
2.943244e+00	2.963874e+00	2.984755e+00	3.001503e+00	3.018398e+00	3.022516e+00
3.025877e+00	3.026501e+00	3.026810e+00	3.026615e+00	3.026752e+00	3.037777e+00
2.074333e+00	2.117614e+00	2.160071e+00	2.201056e+00	2.240775e+00	2.317364e+00
2.390262e+00	2.460206e+00	2.527540e+00	2.592967e+00	2.657578e+00	2.721397e+00
2.784075e+00	2.845134e+00	2.904341e+00	2.961436e+00	3.015988e+00	3.068183e+00
3.118121e+00	3.165072e+00	3.209132e+00	3.230849e+00	3.252957e+00	3.270801e+00
3.288840e+00	3.293239e+00	3.296864e+00	3.297581e+00	3.297905e+00	3.297614e+00
3.297824e+00	3.313040e+00	2.343921e+00	2.391763e+00	2.438323e+00	2.482610e+00
2.524903e+00	2.605011e+00	2.679633e+00	2.750257e+00	2.817403e+00	2.881952e+00
2.945205e+00	3.007163e+00	3.067431e+00	3.125424e+00	3.181082e+00	3.234337e+00
3.285079e+00	3.334181e+00	3.382415e+00	3.429172e+00	3.474349e+00	3.496915e+00
3.519958e+00	3.538624e+00	3.557611e+00	3.562253e+00	3.566101e+00	3.566874e+00
3.567216e+00	3.566783e+00	3.566970e+00	3.584963e+00	2.633268e+00	2.685677e+00
2.736243e+00	2.783557e+00	2.827997e+00	2.910426e+00	2.985242e+00	3.054833e+00
3.119981e+00	3.181727e+00	3.241631e+00	3.299730e+00	3.355683e+00	3.408971e+00
3.459691e+00	3.508000e+00	3.554088e+00	3.599345e+00	3.645103e+00	3.690887e+00
3.736437e+00	3.759519e+00	3.783152e+00	3.802345e+00	3.821972e+00	3.826812e+00
3.830804e+00	3.831587e+00	3.831946e+00	3.831564e+00	3.831919e+00	3.848930e+00
2.942006e+00	2.998902e+00	3.053290e+00	3.103261e+00	3.149307e+00	3.232616e+00
3.305850e+00	3.372498e+00	3.433633e+00	3.490480e+00	3.544881e+00	3.596990e+00
3.646664e+00	3.693606e+00	3.738045e+00	3.780370e+00	3.821021e+00	3.861724e+00
3.904182e+00	3.948092e+00	3.993120e+00	4.016282e+00	4.040074e+00	4.059439e+00
4.079342e+00	4.084310e+00	4.088355e+00	4.089088e+00	4.089466e+00	4.089202e+00
4.089562e+00	4.102745e+00	3.264177e+00	3.325248e+00	3.383040e+00	3.435061e+00
3.481932e+00	3.564213e+00	3.633645e+00	3.695036e+00	3.749777e+00	3.799328e+00
3.845839e+00	3.889680e+00	3.931051e+00	3.970022e+00	4.006933e+00	4.042393e+00
4.077004e+00	4.112565e+00	4.150865e+00	4.191846e+00	4.235217e+00	4.257868e+00
4.281238e+00	4.300309e+00	4.319999e+00	4.324979e+00	4.328969e+00	4.329589e+00
4.329979e+00	4.329869e+00	4.330019e+00	4.336519e+00	3.596908e+00	3.662502e+00
3.723755e+00	3.777329e+00	3.824069e+00	3.902518e+00	3.964834e+00	4.018004e+00
4.063896e+00	4.104099e+00	4.140926e+00	4.174860e+00	4.206372e+00	4.235846e+00
4.263893e+00	4.291439e+00	4.319208e+00	4.348924e+00	4.382319e+00	4.419510e+00
4.459994e+00	4.481281e+00	4.503507e+00	4.521887e+00	4.540766e+00	4.545564e+00
4.549443e+00	4.549934e+00	4.550285e+00	4.550333e+00	4.550592e+00	4.547865e+00
3.946108e+00	4.015387e+00	4.079251e+00	4.133525e+00	4.179298e+00	4.252247e+00
4.305625e+00	4.348402e+00	4.383024e+00	4.411430e+00	4.436371e+00	4.458516e+00
4.478582e+00	4.497256e+00	4.515475e+00	4.534473e+00	4.554966e+00	4.578291e+00
4.605856e+00	4.638140e+00	4.674739e+00	4.694232e+00	4.714795e+00	4.731985e+00
4.749633e+00	4.754130e+00	4.757819e+00	4.758175e+00	4.758466e+00	4.758657e+00
4.759079e+00	4.746359e+00	4.308913e+00	4.376598e+00	4.438794e+00	4.491347e+00
4.535327e+00	4.604017e+00	4.650597e+00	4.682362e+00	4.702414e+00	4.714468e+00
4.723479e+00	4.730833e+00	4.737441e+00	4.744264e+00	4.752537e+00	4.763573e+00
4.777606e+00	4.794435e+00	4.814241e+00	4.838915e+00	4.870163e+00	4.887897e+00
4.906134e+00	4.920850e+00	4.936727e+00	4.940811e+00	4.944111e+00	4.944354e+00
4.944579e+00	4.944820e+00	4.945143e+00	4.924194e+00	4.678542e+00	4.739464e+00
4.795869e+00	4.844301e+00	4.885509e+00	4.950501e+00	4.991676e+00	5.011510e+00
5.013925e+00	5.005735e+00	4.995567e+00	4.985874e+00	4.977637e+00	4.971973e+00
4.970326e+00	4.973865e+00	4.981993e+00	4.992180e+00	5.002803e+00	5.017907e+00
5.042577e+00	5.058389e+00	5.073706e+00	5.085032e+00	5.098665e+00	5.102225e+00
5.104987e+00	5.105136e+00	5.105292e+00	5.105519e+00	5.105585e+00	5.078334e+00
5.048621e+00	5.105589e+00	5.157859e+00	5.201828e+00	5.238254e+00	5.292636e+00
5.320695e+00	5.324060e+00	5.307618e+00	5.279937e+00	5.251513e+00	5.225424e+00
5.202668e+00	5.184334e+00	5.171805e+00	5.165955e+00	5.165772e+00	5.167616e+00
5.168990e+00	5.174726e+00	5.191096e+00	5.203201e+00	5.214479e+00	5.222277e+00
5.232729e+00	5.235486e+00	5.237570e+00	5.237635e+00	5.237718e+00	5.237985e+00
5.237893e+00	5.208110e+00	5.425308e+00	5.479319e+00	5.527819e+00	5.566576e+00
5.596559e+00	5.635558e+00	5.645534e+00	5.629271e+00	5.592590e+00	5.545112e+00
5.498339e+00	5.455760e+00	5.418342e+00	5.387028e+00	5.362992e+00	5.346726e+00
5.337004e+00	5.329618e+00	5.321566e+00	5.317867e+00	5.325101e+00	5.332747e+00
5.339518e+00	5.343709e+00	5.350618e+00	5.352469e+00	5.353823e+00	5.353809e+00
5.353821e+00	5.354141e+00	5.353933e+00	5.323379e+00	5.811780e+00	5.860149e+00
5.902405e+00	5.933843e+00	5.955612e+00	5.976434e+00	5.966142e+00	5.928108e+00
5.869094e+00	5.799959e+00	5.733439e+00	5.673378e+00	5.620653e+00	5.575875e+00
5.539852e+00	5.512479e+00	5.492299e+00	5.474573e+00	5.455850e+00	5.441376e+00
5.438075e+00	5.440552e+00	5.441982e+00	5.441793e+00	5.444462e+00	5.445241e+00
5.445717e+00	5.445621e+00	5.445555e+00	5.445861e+00	5.445751e+00	5.418165e+00
6.202738e+00	6.240985e+00	6.273201e+00	6.294620e+00	6.306407e+00	6.307345e+00
6.276225e+00	6.215169e+00	6.131826e+00	6.038916e+00	5.951153e+00	5.872756e+00
5.804408e+00	5.746153e+00	5.698255e+00	5.659762e+00	5.628923e+00	5.600360e+00
5.570091e+00	5.543914e+00	5.529592e+00	5.526903e+00	5.522815e+00	5.517900e+00
5.516276e+00	5.515991e+00	5.515564e+00	5.515393e+00	5.515251e+00	5.515492e+00
5.515674e+00	5.493306e+00	6.589699e+00	6.632932e+00	6.665541e+00	6.679591e+00
6.677714e+00	6.640942e+00	6.568452e+00	6.475643e+00	6.370536e+00	6.261776e+00
6.159209e+00	6.065918e+00	5.982766e+00	5.909616e+00	5.846578e+00	5.792637e+00
5.746679e+00	5.704999e+00	5.664839e+00	5.629525e+00	5.602940e+00	5.592646e+00
5.582140e+00	5.573549e+00	5.566797e+00	5.565208e+00	5.563900e+00	5.563631e+00
5.563432e+00	5.563618e+00	5.563598e+00	5.548604e+00	6.979230e+00	7.032244e+00
7.068317e+00	7.074846e+00	7.056531e+00	6.972799e+00	6.849879e+00	6.721212e+00
6.594102e+00	6.471112e+00	6.355287e+00	6.247959e+00	6.149926e+00	6.060927e+00
5.981283e+00	5.910495e+00	5.848293e+00	5.792839e+00	5.742477e+00	5.697724e+00
5.658333e+00	5.639953e+00	5.622423e+00	5.609624e+00	5.597758e+00	5.594808e+00
5.592518e+00	5.592162e+00	5.591907e+00	5.591986e+00	5.591822e+00	5.585729e+00
7.403818e+00	7.438792e+00	7.456380e+00	7.444019e+00	7.406935e+00	7.287611e+00
7.132245e+00	6.974381e+00	6.821140e+00	6.674893e+00	6.538581e+00	6.412971e+00
6.297758e+00	6.192094e+00	6.096385e+00	6.010393e+00	5.933610e+00	5.864013e+00
5.800048e+00	5.742373e+00	5.690997e+00	5.667323e+00	5.645049e+00	5.628068e+00
5.610147e+00	5.606038e+00	5.603069e+00	5.602716e+00	5.602398e+00	5.602332e+00
5.602335e+00	5.603674e+00	7.969648e+00	7.907711e+00	7.844633e+00	7.774755e+00
7.698699e+00	7.536948e+00	7.367463e+00	7.200504e+00	7.038113e+00	6.880630e+00
6.728883e+00	6.583761e+00	6.446033e+00	6.316171e+00	6.195187e+00	6.084221e+00
5.984197e+00	5.896314e+00	5.821899e+00	5.754534e+00	5.695157e+00	5.671806e+00
5.654264e+00	5.639341e+00	5.596638e+00	5.578024e+00	5.584992e+00	5.588266e+00
5.586475e+00	5.585248e+00	5.587014e+00	5.594024e+00	8.395960e+00	8.316751e+00
8.229989e+00	8.133685e+00	8.031997e+00	7.825713e+00	7.619412e+00	7.419895e+00
7.228539e+00	7.045566e+00	6.871753e+00	6.707858e+00	6.553089e+00	6.407056e+00
6.268547e+00	6.141276e+00	6.025655e+00	5.922380e+00	5.831340e+00	5.755382e+00
5.691087e+00	5.665429e+00	5.645780e+00	5.629077e+00	5.566244e+00	5.537353e+00
5.549576e+00	5.555841e+00	5.552721e+00	5.550475e+00	5.553744e+00	5.569266e+00
8.663091e+00	8.641181e+00	8.599312e+00	8.522943e+00	8.419165e+00	8.167460e+00
7.888996e+00	7.625551e+00	7.383666e+00	7.163050e+00	6.963274e+00	6.782187e+00
6.614581e+00	6.457114e+00	6.310877e+00	6.177339e+00	6.055292e+00	5.941724e+00
5.834556e+00	5.735728e+00	5.645060e+00	5.601000e+00	5.557681e+00	5.524382e+00
5.492043e+00	5.484383e+00	5.478133e+00	5.477473e+00	5.476973e+00	5.476613e+00
5.476703e+00	5.496233e+00	9.085000e+00	9.017339e+00	8.927977e+00	8.810812e+00
8.674962e+00	8.379867e+00	8.075858e+00	7.789428e+00	7.525071e+00	7.281999e+00
7.050994e+00	6.839461e+00	6.642688e+00	6.456906e+00	6.301618e+00	6.157958e+00
6.026354e+00	5.905058e+00	5.792286e+00	5.677108e+00	5.565350e+00	5.509457e+00
5.455205e+00	5.415854e+00	5.385752e+00	5.382317e+00	5.370383e+00	5.368088e+00
5.368060e+00	5.368128e+00	5.367479e+00	5.386086e+00	9.567151e+00	9.403798e+00
9.236557e+00	9.064918e+00	8.892238e+00	8.554574e+00	8.230771e+00	7.926318e+00
7.642049e+00	7.376855e+00	7.119281e+00	6.880979e+00	6.660473e+00	6.456287e+00
6.278149e+00	6.112357e+00	5.960856e+00	5.823566e+00	5.698877e+00	5.576712e+00
5.450784e+00	5.388070e+00	5.330311e+00	5.289934e+00	5.249401e+00	5.239758e+00
5.230499e+00	5.229387e+00	5.228719e+00	5.228471e+00	5.228359e+00	5.241057e+00
9.957667e+00	9.738488e+00	9.521856e+00	9.310299e+00	9.105430e+00	8.717994e+00
8.355728e+00	8.016174e+00	7.691590e+00	7.389876e+00	7.122896e+00	6.875523e+00
6.647237e+00	6.436322e+00	6.233399e+00	6.047234e+00	5.878197e+00	5.725978e+00
5.588480e+00	5.453824e+00	5.311846e+00	5.241536e+00	5.178422e+00	5.135387e+00
5.088545e+00	5.075979e+00	5.066689e+00	5.065802e+00	5.064854e+00	5.064597e+00
5.064587e+00	5.069992e+00	1.027596e+01	1.002464e+01	9.776749e+00	9.535274e+00
9.301712e+00	8.860393e+00	8.450632e+00	8.071852e+00	7.713350e+00	7.384489e+00
7.088656e+00	6.817258e+00	6.569004e+00	6.341306e+00	6.129603e+00	5.932393e+00
5.750869e+00	5.584661e+00	5.431629e+00	5.281489e+00	5.125935e+00	5.049807e+00
4.982004e+00	4.935992e+00	4.884328e+00	4.869779e+00	4.859754e+00	4.858772e+00
4.857663e+00	4.857543e+00	4.857487e+00	4.852791e+00	1.056196e+01	1.027403e+01
9.991246e+00	9.718067e+00	9.455492e+00	8.961798e+00	8.504812e+00	8.073794e+00
7.702170e+00	7.356253e+00	7.030489e+00	6.736553e+00	6.470273e+00	6.227788e+00
6.003205e+00	5.792722e+00	5.597601e+00	5.417808e+00	5.250813e+00	5.086390e+00
4.916765e+00	4.834232e+00	4.761349e+00	4.712324e+00	4.655883e+00	4.639528e+00
4.628640e+00	4.627609e+00	4.626376e+00	4.626302e+00	4.626148e+00	4.617330e+00
1.082475e+01	1.049987e+01	1.018219e+01	9.877811e+00	9.587118e+00	9.043814e+00
8.544437e+00	8.072261e+00	7.663139e+00	7.285747e+00	6.938862e+00	6.625636e+00
6.342898e+00	6.086461e+00	5.849050e+00	5.625802e+00	5.417783e+00	5.225597e+00
5.046178e+00	4.869103e+00	4.686808e+00	4.598361e+00	4.520519e+00	4.468278e+00
4.407374e+00	4.389530e+00	4.377751e+00	4.376684e+00	4.375368e+00	4.375274e+00
4.374996e+00	4.366563e+00	1.104292e+01	1.068880e+01	1.034277e+01	1.001119e+01
9.694184e+00	9.098544e+00	8.553083e+00	8.064985e+00	7.612920e+00	7.206223e+00
6.840479e+00	6.511263e+00	6.212904e+00	5.940011e+00	5.687026e+00	5.449999e+00
5.228796e+00	5.023485e+00	4.830894e+00	4.642409e+00	4.452048e+00	4.359960e+00
4.276996e+00	4.218937e+00	4.153825e+00	4.135392e+00	4.122727e+00	4.121450e+00
4.120098e+00	4.119984e+00	4.119669e+00	4.113515e+00	1.121249e+01	1.083915e+01
1.047362e+01	1.012085e+01	9.781262e+00	9.135872e+00	8.541482e+00	8.011878e+00
7.532891e+00	7.106997e+00	6.729586e+00	6.391004e+00	6.078440e+00	5.784556e+00
5.510884e+00	5.258044e+00	5.022885e+00	4.802882e+00	4.595494e+00	4.397355e+00
4.206030e+00	4.113632e+00	4.025089e+00	3.956963e+00	3.887851e+00	3.870183e+00
3.856582e+00	3.854815e+00	3.853498e+00	3.853367e+00	3.853141e+00	3.852362e+00
1.138735e+01	1.097298e+01	1.056920e+01	1.018492e+01	9.819194e+00	9.136820e+00
8.519557e+00	7.960411e+00	7.461374e+00	7.015825e+00	6.617718e+00	6.258765e+00
5.928327e+00	5.619848e+00	5.333456e+00	5.068415e+00	4.821569e+00	4.589742e+00
4.370739e+00	4.162875e+00	3.965698e+00	3.870825e+00	3.776667e+00	3.701642e+00
3.628613e+00	3.610921e+00	3.596700e+00	3.594835e+00	3.593383e+00	3.593181e+00
3.593022e+00	3.595164e+00	1.154725e+01	1.108537e+01	1.064080e+01	1.022683e+01
9.839494e+00	9.123138e+00	8.482383e+00	7.907583e+00	7.391949e+00	6.927069e+00
6.504839e+00	6.120888e+00	5.771774e+00	5.453152e+00	5.158827e+00	4.884070e+00
4.627426e+00	4.386168e+00	4.158092e+00	3.940880e+00	3.734319e+00	3.635018e+00
3.535302e+00	3.455747e+00	3.378701e+00	3.360351e+00	3.345704e+00	3.343933e+00
3.342254e+00	3.341979e+00	3.341874e+00	3.344409e+00	1.165870e+01	1.116835e+01
1.069809e+01	1.026278e+01	9.856711e+00	9.107938e+00	8.439630e+00	7.842793e+00
7.308825e+00	6.828231e+00	6.391931e+00	5.994825e+00	5.632991e+00	5.302045e+00
4.996431e+00	4.711765e+00	4.446195e+00	4.196508e+00	3.960165e+00	3.734814e+00
3.519107e+00	3.414651e+00	3.309653e+00	3.225720e+00	3.144252e+00	3.125010e+00
3.109757e+00	3.107863e+00	3.106042e+00	3.105781e+00	3.105731e+00	3.107013e+00
1.174584e+01	1.123021e+01	1.073760e+01	1.028377e+01	9.859249e+00	9.084449e+00
8.393643e+00	7.778801e+00	7.229577e+00	6.735521e+00	6.286934e+00	5.878491e+00
5.506144e+00	5.165452e+00	4.850860e+00	4.557929e+00	4.284513e+00	4.027024e+00
3.782407e+00	3.548658e+00	3.323517e+00	3.213907e+00	3.103861e+00	3.015925e+00
2.929650e+00	2.908856e+00	2.892442e+00	2.890436e+00	2.888540e+00	2.888277e+00
2.888189e+00	2.888279e+00	1.180891e+01	1.127060e+01	1.075717e+01	1.028872e+01
9.857821e+00	9.056372e+00	8.346899e+00	7.717209e+00	7.155474e+00	6.650486e+00
6.192160e+00	5.774974e+00	5.394687e+00	5.046646e+00	4.725123e+00	4.425471e+00
4.145259e+00	3.880526e+00	3.627764e+00	3.385101e+00	3.149957e+00	3.034912e+00
2.919742e+00	2.827861e+00	2.736196e+00	2.713240e+00	2.695130e+00	2.693010e+00
2.691095e+00	2.690816e+00	2.690680e+00	2.690150e+00	1.184601e+01	1.129117e+01
1.076393e+01	1.028412e+01	9.841528e+00	9.024219e+00	8.301391e+00	7.660749e+00
7.089718e+00	6.576672e+00	6.111398e+00	5.688202e+00	5.302612e+00	4.949637e+00
4.623253e+00	4.318499e+00	4.032654e+00	3.761364e+00	3.500700e+00	3.248479e+00
3.002200e+00	2.880887e+00	2.759624e+00	2.662911e+00	2.564688e+00	2.539027e+00
2.518708e+00	2.516447e+00	2.514536e+00	2.514226e+00	2.514046e+00	2.513525e+00
1.185000e+01	1.128775e+01	1.075571e+01	1.027018e+01	9.820951e+00	8.992578e+00
8.261362e+00	7.613158e+00	7.035494e+00	6.516676e+00	6.046605e+00	5.619428e+00
5.230426e+00	4.874301e+00	4.544692e+00	4.236301e+00	3.946144e+00	3.669462e+00
3.401848e+00	3.140386e+00	2.882286e+00	2.753559e+00	2.623961e+00	2.519746e+00
2.413374e+00	2.385259e+00	2.362760e+00	2.360272e+00	2.358264e+00	2.357936e+00
2.357704e+00	2.357162e+00	1.185209e+01	1.127905e+01	1.073709e+01	1.024698e+01
9.796204e+00	8.962193e+00	8.226247e+00	7.573002e+00	6.990605e+00	6.467552e+00
5.994019e+00	5.564049e+00	5.172715e+00	4.814474e+00	4.482681e+00	4.171742e+00
3.878392e+00	3.597399e+00	3.323738e+00	3.053426e+00	2.782860e+00	2.645873e+00
2.506327e+00	2.392807e+00	2.277414e+00	2.247190e+00	2.222761e+00	2.220008e+00
2.217820e+00	2.217478e+00	2.217200e+00	2.216755e+00	1.184412e+01	1.126241e+01
1.071372e+01	1.022156e+01	9.770878e+00	8.936537e+00	8.200920e+00	7.546650e+00
6.963016e+00	6.438312e+00	5.963402e+00	5.532411e+00	5.140321e+00	4.781546e+00
4.449334e+00	4.137899e+00	3.843478e+00	3.559981e+00	3.281046e+00	3.000437e+00
2.712930e+00	2.565169e+00	2.411050e+00	2.283570e+00	2.157390e+00	2.125944e+00
2.099902e+00	2.096732e+00	2.094221e+00	2.093893e+00	2.093537e+00	2.093321e+00
1.180288e+01	1.122362e+01	1.067814e+01	1.019016e+01	9.743823e+00	8.915229e+00
8.183393e+00	7.530274e+00	6.946692e+00	6.421419e+00	5.946000e+00	5.514677e+00
5.122397e+00	4.763587e+00	4.431455e+00	4.120093e+00	3.825338e+00	3.540424e+00
3.257848e+00	2.969215e+00	2.666242e+00	2.507007e+00	2.336394e+00	2.192105e+00
2.052780e+00	2.020372e+00	1.993259e+00	1.989662e+00	1.986636e+00	1.986296e+00
1.985921e+00	1.986335e+00	1.175123e+01	1.117631e+01	1.063615e+01	1.015487e+01
9.715524e+00	8.898440e+00	8.176036e+00	7.530128e+00	6.947939e+00	6.423800e+00
5.949643e+00	5.519715e+00	5.128808e+00	4.771103e+00	4.439457e+00	4.127804e+00
3.832250e+00	3.546470e+00	3.262825e+00	2.971329e+00	2.655249e+00	2.477409e+00
2.285363e+00	2.123285e+00	1.962609e+00	1.926901e+00	1.901276e+00	1.897940e+00
1.893715e+00	1.893047e+00	1.893252e+00	1.896511e+00	1.168466e+01	1.111839e+01
1.058730e+01	1.011585e+01	9.686153e+00	8.884136e+00	8.171238e+00	7.532185e+00
6.954796e+00	6.434535e+00	5.964550e+00	5.539074e+00	5.152438e+00	4.798129e+00
4.468033e+00	4.155648e+00	3.857863e+00	3.569688e+00	3.283174e+00	2.983514e+00
2.649372e+00	2.456791e+00	2.245567e+00	2.066735e+00	1.882660e+00	1.842714e+00
1.819632e+00	1.816840e+00	1.811175e+00	1.810059e+00	1.811072e+00	1.817993e+00
1.161616e+01	1.105818e+01	1.053614e+01	1.007508e+01	9.655975e+00	8.871764e+00
8.170652e+00	7.536862e+00	6.966324e+00	6.451316e+00	5.986454e+00	5.565977e+00
5.183839e+00	4.833053e+00	4.504863e+00	4.192450e+00	3.893169e+00	3.603003e+00
3.313446e+00	3.004192e+00	2.651311e+00	2.453525e+00	2.231544e+00	2.026584e+00
1.815364e+00	1.769553e+00	1.749088e+00	1.747079e+00	1.739902e+00	1.738273e+00
1.740138e+00	1.751543e+00	1.154454e+01	1.099428e+01	1.048130e+01	1.003153e+01
9.624435e+00	8.861052e+00	8.176934e+00	7.557044e+00	6.997023e+00	6.490291e+00
6.031638e+00	5.615773e+00	5.237102e+00	4.889141e+00	4.563693e+00	4.254160e+00
3.957445e+00	3.668617e+00	3.377457e+00	3.060545e+00	2.688657e+00	2.473190e+00
2.228049e+00	1.997830e+00	1.759981e+00	1.707172e+00	1.689293e+00	1.688240e+00
1.679529e+00	1.677345e+00	1.680052e+00	1.696742e+00	1.147205e+01	1.093020e+01
1.042713e+01	9.989565e+00	9.595416e+00	8.854429e+00	8.187054e+00	7.582201e+00
7.033851e+00	6.536479e+00	6.085183e+00	5.675086e+00	5.301007e+00	4.956898e+00
4.635057e+00	4.329077e+00	4.035444e+00	3.748378e+00	3.456002e+00	3.131491e+00
2.739872e+00	2.506034e+00	2.235031e+00	1.988910e+00	1.715413e+00	1.653953e+00
1.638881e+00	1.638991e+00	1.628638e+00	1.625874e+00	1.629737e+00	1.649469e+00
1.139986e+01	1.086688e+01	1.037440e+01	9.949934e+00	9.569560e+00	8.851980e+00
8.202935e+00	7.613372e+00	7.077748e+00	6.590874e+00	6.148251e+00	5.745331e+00
5.377270e+00	5.038349e+00	4.721226e+00	4.419619e+00	4.129683e+00	3.844942e+00
3.552020e+00	3.220556e+00	2.810031e+00	2.559632e+00	2.264356e+00	1.987844e+00
1.680672e+00	1.609238e+00	1.597179e+00	1.598532e+00	1.586202e+00	1.582831e+00
1.588306e+00	1.608864e+00	1.132966e+01	1.080556e+01	1.032387e+01	9.913253e+00
9.547333e+00	8.852487e+00	8.223306e+00	7.649951e+00	7.128003e+00	6.652640e+00
6.219730e+00	5.825061e+00	5.464089e+00	5.131437e+00	4.820055e+00	4.523741e+00
4.238371e+00	3.956803e+00	3.664114e+00	3.326353e+00	2.897126e+00	2.629707e+00
2.309077e+00	2.004240e+00	1.658560e+00	1.574679e+00	1.562227e+00	1.564889e+00
1.552106e+00	1.548300e+00	1.554256e+00	1.574125e+00	1.125743e+01	1.074339e+01
1.027375e+01	9.878160e+00	9.527603e+00	8.857153e+00	8.248520e+00	7.692402e+00
7.184999e+00	6.721896e+00	6.299394e+00	5.913617e+00	5.560418e+00	5.234789e+00
4.930097e+00	4.640283e+00	4.360869e+00	4.083865e+00	3.792372e+00	3.447791e+00
2.997192e+00	2.711210e+00	2.364815e+00	2.033343e+00	1.655183e+00	1.556559e+00
1.524166e+00	1.529239e+00	1.529219e+00	1.526074e+00	1.522735e+00	1.544325e+00
1.118697e+01	1.068321e+01	1.022564e+01	9.844934e+00	9.509548e+00	8.863797e+00
8.275463e+00	7.736805e+00	7.244328e+00	6.794013e+00	6.382534e+00	6.006368e+00
5.661721e+00	5.343947e+00	5.046799e+00	4.764376e+00	4.491877e+00	4.220514e+00
3.931468e+00	3.581502e+00	3.110788e+00	2.806380e+00	2.433432e+00	2.073442e+00
1.655359e+00	1.543157e+00	1.494370e+00	1.501202e+00	1.509268e+00	1.506238e+00
1.496121e+00	1.519141e+00	1.112627e+01	1.063159e+01	1.018481e+01	9.817610e+00
9.496102e+00	8.872261e+00	8.303386e+00	7.781689e+00	7.304100e+00	6.866951e+00
6.467173e+00	6.101556e+00	5.766532e+00	5.457730e+00	5.169104e+00	4.894864e+00
4.630021e+00	4.365278e+00	4.080471e+00	3.728891e+00	3.243634e+00	2.922746e+00
2.522208e+00	2.128708e+00	1.662747e+00	1.534369e+00	1.476494e+00	1.482852e+00
1.490870e+00	1.487471e+00	1.475334e+00	1.498638e+00	1.110264e+01	1.061095e+01
1.016900e+01	9.809582e+00	9.496893e+00	8.885226e+00	8.330846e+00	7.822694e+00
7.358193e+00	6.933788e+00	6.546440e+00	6.192888e+00	5.869463e+00	5.571532e+00
5.292567e+00	5.026473e+00	4.768573e+00	4.510111e+00	4.231944e+00	3.888931e+00
3.406372e+00	3.072503e+00	2.633493e+00	2.190075e+00	1.671241e+00	1.534139e+00
1.474965e+00	1.474846e+00	1.471000e+00	1.469508e+00	1.460318e+00	1.481036e+00
1.108496e+01	1.059557e+01	1.015746e+01	9.804176e+00	9.498679e+00	8.901584e+00
8.359112e+00	7.863362e+00	7.411385e+00	6.999605e+00	6.624959e+00	6.284053e+00
5.973036e+00	5.686844e+00	5.418225e+00	5.160620e+00	4.909828e+00	4.658004e+00
4.387886e+00	4.058040e+00	3.587071e+00	3.243407e+00	2.762451e+00	2.261195e+00
1.683199e+00	1.534024e+00	1.474034e+00	1.468973e+00	1.452605e+00	1.453252e+00
1.447863e+00	1.465374e+00	1.105984e+01	1.057506e+01	1.014291e+01	9.797657e+00
9.500838e+00	8.919513e+00	8.391177e+00	7.909094e+00	7.470278e+00	7.071238e+00
6.708919e+00	6.379960e+00	6.080495e+00	5.805317e+00	5.546841e+00	5.298298e+00
5.055724e+00	4.811701e+00	4.549573e+00	4.228588e+00	3.761883e+00	3.410260e+00
2.901314e+00	2.354980e+00	1.708071e+00	1.538376e+00	1.471255e+00	1.462411e+00
1.440855e+00	1.441518e+00	1.437363e+00	1.451997e+00	1.102678e+01	1.054981e+01
1.012620e+01	9.790800e+00	9.504159e+00	8.940415e+00	8.427772e+00	7.960053e+00
7.534467e+00	7.147774e+00	6.797052e+00	6.479144e+00	6.190326e+00	5.925490e+00
5.677052e+00	5.438239e+00	5.205081e+00	4.970065e+00	4.715969e+00	4.400306e+00
3.932656e+00	3.575812e+00	3.054284e+00	2.482272e+00	1.763312e+00	1.561378e+00
1.465895e+00	1.455596e+00	1.433222e+00	1.433058e+00	1.428870e+00	1.440862e+00
1.098546e+01	1.051971e+01	1.010769e+01	9.784546e+00	9.509315e+00	8.964729e+00
8.467522e+00	8.012586e+00	7.597850e+00	7.220952e+00	6.879818e+00	6.571634e+00
6.292857e+00	6.038526e+00	5.801165e+00	5.573873e+00	5.352172e+00	5.127407e+00
4.881518e+00	4.572559e+00	4.108723e+00	3.749884e+00	3.217768e+00	2.618036e+00
1.825912e+00	1.594893e+00	1.463020e+00	1.447354e+00	1.427761e+00	1.426630e+00
1.422907e+00	1.431923e+00	1.093956e+01	1.048733e+01	1.008874e+01	9.778909e+00
9.516434e+00	8.991386e+00	8.509226e+00	8.066015e+00	7.660730e+00	7.292218e+00
6.959586e+00	6.660406e+00	6.391329e+00	6.147594e+00	5.921927e+00	5.707297e+00
5.498472e+00	5.285027e+00	5.047801e+00	4.746557e+00	4.289733e+00	3.931725e+00
3.392519e+00	2.766222e+00	1.900152e+00	1.643450e+00	1.460916e+00	1.438879e+00
1.423388e+00	1.421299e+00	1.418100e+00	1.424235e+00	1.091124e+01	1.046752e+01
1.007794e+01	9.777514e+00	9.523676e+00	9.014222e+00	8.544856e+00	8.112582e+00
7.716910e+00	7.357353e+00	7.033722e+00	6.743864e+00	6.484597e+00	6.251346e+00
6.036961e+00	5.834385e+00	5.638050e+00	5.436598e+00	5.210364e+00	4.920532e+00
4.475343e+00	4.120624e+00	3.576537e+00	2.925716e+00	1.983626e+00	1.695839e+00
1.461165e+00	1.436415e+00	1.418987e+00	1.416333e+00	1.412459e+00	1.417505e+00
1.089616e+01	1.045696e+01	1.007255e+01	9.778527e+00	9.531137e+00	9.032794e+00
8.573795e+00	8.151454e+00	7.765389e+00	7.415284e+00	7.101134e+00	6.820899e+00
6.571479e+00	6.348416e+00	6.144516e+00	5.952805e+00	5.767966e+00	5.578925e+00
5.366510e+00	5.093000e+00	4.665585e+00	4.317022e+00	3.770028e+00	3.097870e+00
2.080963e+00	1.753930e+00	1.469910e+00	1.436300e+00	1.414503e+00	1.411838e+00
1.405303e+00	1.411782e+00	1.088653e+01	1.045066e+01	1.007028e+01	9.780098e+00
9.537668e+00	9.048182e+00	8.598116e+00	8.184860e+00	7.807873e+00	7.466724e+00
7.161267e+00	6.889712e+00	6.649351e+00	6.436253e+00	6.243919e+00	6.065603e+00
5.895091e+00	5.719182e+00	5.517346e+00	5.254092e+00	4.841929e+00	4.506890e+00
3.978331e+00	3.301006e+00	2.187663e+00	1.811583e+00	1.481230e+00	1.438495e+00
1.410092e+00	1.406199e+00	1.401229e+00	1.406412e+00	1.088282e+01	1.044876e+01
1.007047e+01	9.784135e+00	9.545772e+00	9.064051e+00	8.621903e+00	8.216833e+00
7.848102e+00	7.515094e+00	7.217396e+00	6.953533e+00	6.721304e+00	6.517464e+00
6.336526e+00	6.172173e+00	6.017167e+00	5.855615e+00	5.664826e+00	5.410864e+00
5.013052e+00	4.694187e+00	4.194314e+00	3.524898e+00	2.309669e+00	1.875456e+00
1.495235e+00	1.445170e+00	1.407289e+00	1.401224e+00	1.398795e+00	1.402092e+00
1.088349e+01	1.045307e+01	1.007835e+01	9.795768e+00	9.560905e+00	9.086055e+00
8.650696e+00	8.252466e+00	7.890586e+00	7.564452e+00	7.273574e+00	7.016653e+00
6.791754e+00	6.595986e+00	6.424314e+00	6.270904e+00	6.129037e+00	5.983355e+00
5.811205e+00	5.576963e+00	5.198486e+00	4.889979e+00	4.401444e+00	3.733942e+00
2.456504e+00	1.963488e+00	1.510716e+00	1.450233e+00	1.406543e+00	1.399277e+00
1.396409e+00	1.399329e+00	1.087207e+01	1.044712e+01	1.007742e+01	9.798162e+00
9.566412e+00	9.098113e+00	8.668970e+00	8.276732e+00	7.920797e+00	7.600834e+00
7.316611e+00	7.066920e+00	6.849919e+00	6.662742e+00	6.500293e+00	6.356879e+00
6.226259e+00	6.093932e+00	5.938632e+00	5.726660e+00	5.377462e+00	5.085298e+00
4.609664e+00	3.940404e+00	2.607217e+00	2.066308e+00	1.530665e+00	1.454748e+00
1.403766e+00	1.398497e+00	1.390728e+00	1.395605e+00	1.087084e+01	1.044806e+01
1.008036e+01	9.803939e+00	9.574543e+00	9.110594e+00	8.686131e+00	8.299279e+00
7.949338e+00	7.635743e+00	7.358025e+00	7.114987e+00	6.904844e+00	6.724749e+00
6.569580e+00	6.434215e+00	6.314311e+00	6.198804e+00	6.067782e+00	5.881095e+00
5.552919e+00	5.273065e+00	4.816893e+00	4.159072e+00	2.772948e+00	2.178853e+00
1.553770e+00	1.461705e+00	1.402906e+00	1.397432e+00	1.388759e+00	1.393021e+00
1.088969e+01	1.046560e+01	1.009661e+01	9.818499e+00	9.588056e+00	9.124629e+00
8.703101e+00	8.320962e+00	7.976932e+00	7.669671e+00	7.397919e+00	7.160465e+00
6.955661e+00	6.780846e+00	6.631131e+00	6.502384e+00	6.393147e+00	6.297870e+00
6.198263e+00	6.038947e+00	5.721137e+00	5.448604e+00	5.019147e+00	4.390955e+00
2.958385e+00	2.301074e+00	1.581245e+00	1.475028e+00	1.404320e+00	1.396010e+00
1.388970e+00	1.391560e+00	1.088205e+01	1.046092e+01	1.009553e+01	9.820698e+00
9.592916e+00	9.134325e+00	8.717057e+00	8.339005e+00	7.998871e+00	7.695293e+00
7.427065e+00	7.193305e+00	6.992903e+00	6.823919e+00	6.682537e+00	6.565185e+00
6.469620e+00	6.388181e+00	6.301795e+00	6.161947e+00	5.875760e+00	5.622831e+00
5.216952e+00	4.609941e+00	3.153667e+00	2.434762e+00	1.614644e+00	1.491723e+00
1.405398e+00	1.396065e+00	1.385782e+00	1.389600e+00	1.086769e+01	1.045329e+01
1.009388e+01	9.822158e+00	9.596590e+00	9.142842e+00	8.729770e+00	8.355296e+00
8.018241e+00	7.717478e+00	7.452072e+00	7.221475e+00	7.025120e+00	6.861823e+00
6.728999e+00	6.623667e+00	6.542017e+00	6.472342e+00	6.394905e+00	6.272834e+00
6.024093e+00	5.795278e+00	5.412562e+00	4.825698e+00	3.360131e+00	2.580562e+00
1.653157e+00	1.511440e+00	1.406621e+00	1.396218e+00	1.380958e+00	1.387653e+00
1.085802e+01	1.045073e+01	1.009491e+01	9.825968e+00	9.602480e+00	9.152472e+00
8.742339e+00	8.370390e+00	8.035673e+00	7.737378e+00	7.474914e+00	7.247888e+00
7.055910e+00	6.898018e+00	6.771983e+00	6.675112e+00	6.603751e+00	6.546265e+00
6.483715e+00	6.382817e+00	6.167637e+00	5.960989e+00	5.601149e+00	5.037391e+00
3.576080e+00	2.743703e+00	1.697323e+00	1.532850e+00	1.409017e+00	1.396736e+00
1.380640e+00	1.386394e+00	1.085054e+01	1.044986e+01	1.010008e+01	9.833249e+00
9.610329e+00	9.162440e+00	8.754058e+00	8.383742e+00	8.050729e+00	7.754530e+00
7.494922e+00	7.271563e+00	7.084008e+00	6.931128e+00	6.810444e+00	6.719422e+00
6.655644e+00	6.609812e+00	6.565139e+00	6.487429e+00	6.303220e+00	6.117397e+00
5.779727e+00	5.240909e+00	3.799997e+00	2.926667e+00	1.750311e+00	1.557868e+00
1.413848e+00	1.398516e+00	1.382303e+00	1.385555e+00	1.083820e+01	1.044685e+01
1.010294e+01	9.838508e+00	9.615622e+00	9.169240e+00	8.762259e+00	8.393553e+00
8.062400e+00	7.768409e+00	7.511456e+00	7.291261e+00	7.107423e+00	6.958853e+00
6.843094e+00	6.757792e+00	6.701083e+00	6.664599e+00	6.633498e+00	6.577730e+00
6.427632e+00	6.262653e+00	5.946835e+00	5.432580e+00	4.025909e+00	3.119276e+00
1.812213e+00	1.591023e+00	1.419532e+00	1.401483e+00	1.381598e+00	1.384820e+00
1.082139e+01	1.044091e+01	1.010509e+01	9.842945e+00	9.619859e+00	9.174671e+00
8.768868e+00	8.401636e+00	8.072267e+00	7.780411e+00	7.525943e+00	7.308629e+00
7.128120e+00	6.983423e+00	6.872192e+00	6.792271e+00	6.742131e+00	6.713857e+00
6.694485e+00	6.659779e+00	6.544464e+00	6.400263e+00	6.106912e+00	5.618422e+00
4.256265e+00	3.322134e+00	1.883675e+00	1.632869e+00	1.426321e+00	1.405327e+00
1.379687e+00	1.384156e+00	1.080282e+01	1.043369e+01	1.010544e+01	9.845099e+00
9.621382e+00	9.178046e+00	8.773775e+00	8.407990e+00	8.080178e+00	7.790189e+00
7.538051e+00	7.323448e+00	7.145814e+00	7.004165e+00	6.896477e+00	6.821057e+00
6.777014e+00	6.757396e+00	6.750510e+00	6.733858e+00	6.644609e+00	6.520099e+00
6.259996e+00	5.812787e+00	4.485592e+00	3.515772e+00	1.967882e+00	1.684992e+00
1.433658e+00	1.405758e+00	1.379260e+00	1.383313e+00	1.078105e+01	1.042363e+01
1.010384e+01	9.845835e+00	9.621662e+00	9.179818e+00	8.777086e+00	8.412624e+00
8.086101e+00	7.797673e+00	7.547654e+00	7.335551e+00	7.160311e+00	7.020873e+00
6.915731e+00	6.843881e+00	6.805350e+00	6.794730e+00	6.801118e+00	6.798972e+00
6.725897e+00	6.619164e+00	6.403951e+00	6.019571e+00	4.708932e+00	3.691031e+00
2.073651e+00	1.757343e+00	1.441723e+00	1.399800e+00	1.381404e+00	1.382111e+00
1.076193e+01	1.041622e+01	1.010419e+01	9.848052e+00	9.623181e+00	9.182852e+00
8.781347e+00	8.417981e+00	8.092587e+00	7.805515e+00	7.557274e+00	7.347259e+00
7.174191e+00	7.036919e+00	6.934224e+00	6.865496e+00	6.831404e+00	6.827702e+00
6.844756e+00	6.857453e+00	6.805384e+00	6.716189e+00	6.534191e+00	6.198843e+00
4.938163e+00	3.891760e+00	2.183698e+00	1.830668e+00	1.453696e+00	1.400264e+00
1.384308e+00	1.381626e+00	1.074552e+01	1.041059e+01	1.010603e+01	9.851942e+00
9.626537e+00	9.187228e+00	8.786734e+00	8.424418e+00	8.100075e+00	7.814024e+00
7.566779e+00	7.357859e+00	7.186346e+00	7.051303e+00	6.951433e+00	6.886048e+00
6.855884e+00	6.856806e+00	6.880364e+00	6.906755e+00	6.883986e+00	6.815566e+00
6.652738e+00	6.336119e+00	5.158765e+00	4.138137e+00	2.299738e+00	1.899067e+00
1.470613e+00	1.409788e+00	1.385674e+00	1.381501e+00	1.073154e+01	1.040563e+01
1.010726e+01	9.854886e+00	9.629147e+00	9.191310e+00	8.792291e+00	8.431374e+00
8.108212e+00	7.822829e+00	7.575570e+00	7.366504e+00	7.195686e+00	7.062792e+00
6.966231e+00	6.904927e+00	6.878918e+00	6.882556e+00	6.908135e+00	6.945375e+00
6.959149e+00	6.917566e+00	6.763278e+00	6.432252e+00	5.352315e+00	4.437014e+00
2.429241e+00	1.961271e+00	1.490490e+00	1.432017e+00	1.381452e+00	1.381488e+00
1.072112e+01	1.040319e+01	1.011061e+01	9.859806e+00	9.633251e+00	9.195402e+00
8.796148e+00	8.435458e+00	8.113029e+00	7.828932e+00	7.583485e+00	7.376399e+00
7.207129e+00	7.075171e+00	6.979527e+00	6.919773e+00	6.896357e+00	6.904370e+00
6.937255e+00	6.986652e+00	7.016415e+00	6.985565e+00	6.858608e+00	6.580517e+00
5.575228e+00	4.632404e+00	2.580019e+00	2.070825e+00	1.515006e+00	1.433726e+00
1.387963e+00	1.381327e+00	1.071041e+01	1.039981e+01	1.011159e+01	9.861511e+00
9.634508e+00	9.196801e+00	8.797958e+00	8.437868e+00	8.116271e+00	7.833267e+00
7.589169e+00	7.383530e+00	7.215482e+00	7.084430e+00	6.989836e+00	6.931719e+00
6.910786e+00	6.922636e+00	6.961571e+00	7.020631e+00	7.065319e+00	7.046857e+00
6.946493e+00	6.716207e+00	5.783043e+00	4.835802e+00	2.744746e+00	2.190132e+00
1.542421e+00	1.437778e+00	1.394565e+00	1.381037e+00	1.069889e+01	1.039425e+01
1.011050e+01	9.861573e+00	9.634128e+00	9.196954e+00	8.798643e+00	8.439244e+00
8.118457e+00	7.836253e+00	7.592831e+00	7.387811e+00	7.220504e+00	7.090460e+00
6.997268e+00	6.941040e+00	6.922503e+00	6.937290e+00	6.980072e+00	7.045769e+00
7.106327e+00	7.103827e+00	7.026623e+00	6.822593e+00	5.959873e+00	5.067749e+00
2.923653e+00	2.307904e+00	1.573469e+00	1.453543e+00	1.398044e+00	1.380587e+00
1.068880e+01	1.038959e+01	1.011053e+01	9.862095e+00	9.634392e+00	9.197510e+00
8.799651e+00	8.440816e+00	8.120683e+00	7.839065e+00	7.596024e+00	7.391361e+00
7.224771e+00	7.095940e+00	7.004154e+00	6.949308e+00	6.932393e+00	6.949650e+00
6.996341e+00	7.067414e+00	7.139723e+00	7.151579e+00	7.100130e+00	6.922434e+00
6.112203e+00	5.290916e+00	3.123991e+00	2.440208e+00	1.609528e+00	1.473693e+00
1.397972e+00	1.380197e+00	1.068007e+01	1.038600e+01	1.011061e+01	9.863214e+00
9.635069e+00	9.198529e+00	8.800952e+00	8.442589e+00	8.123014e+00	7.841869e+00
7.599093e+00	7.394696e+00	7.228778e+00	7.101151e+00	7.010693e+00	6.957019e+00
6.941449e+00	6.960913e+00	7.011287e+00	7.087160e+00	7.169554e+00	7.194427e+00
7.168167e+00	7.016665e+00	6.255096e+00	5.510613e+00	3.340983e+00	2.585239e+00
1.650253e+00	1.498001e+00	1.397862e+00	1.379893e+00	1.067463e+01	1.038550e+01
1.011157e+01	9.865282e+00	9.636656e+00	9.200485e+00	8.803252e+00	8.445330e+00
8.126203e+00	7.845460e+00	7.602991e+00	7.398941e+00	7.233617e+00	7.106875e+00
7.017421e+00	6.964810e+00	6.950576e+00	6.972018e+00	7.025512e+00	7.106192e+00
7.197643e+00	7.232205e+00	7.226281e+00	7.103182e+00	6.401116e+00	5.716484e+00
3.564863e+00	2.745438e+00	1.697560e+00	1.523448e+00	1.399609e+00	1.379971e+00
1.067111e+01	1.038556e+01	1.011490e+01	9.869032e+00	9.640082e+00	9.204074e+00
8.807000e+00	8.449210e+00	8.130202e+00	7.849667e+00	7.607513e+00	7.403878e+00
7.239021e+00	7.112794e+00	7.024000e+00	6.972299e+00	6.959313e+00	6.982453e+00
7.038515e+00	7.123787e+00	7.223045e+00	7.264521e+00	7.274813e+00	7.180451e+00
6.545482e+00	5.906150e+00	3.795107e+00	2.923371e+00	1.754479e+00	1.551748e+00
1.407988e+00	1.380411e+00	1.066710e+01	1.038511e+01	1.011630e+01	9.870973e+00
9.641763e+00	9.206037e+00	8.809187e+00	8.451504e+00	8.132565e+00	7.852138e+00
7.610267e+00	7.407061e+00	7.242718e+00	7.117078e+00	7.028911e+00	6.977908e+00
6.965853e+00	6.990421e+00	7.048842e+00	7.138182e+00	7.243543e+00	7.290489e+00
7.314789e+00	7.248525e+00	6.676296e+00	6.080485e+00	4.032036e+00	3.113336e+00
1.819279e+00	1.585348e+00	1.416386e+00	1.380539e+00	1.066300e+01	1.038381e+01
1.011722e+01	9.872367e+00	9.642946e+00	9.207485e+00	8.810845e+00	8.453242e+00
8.134347e+00	7.853991e+00	7.612371e+00	7.409562e+00	7.245703e+00	7.120610e+00
7.033004e+00	6.982602e+00	6.971342e+00	6.997166e+00	7.057706e+00	7.150704e+00
7.261405e+00	7.313078e+00	7.349709e+00	7.309643e+00	6.799216e+00	6.246953e+00
4.275859e+00	3.315080e+00	1.892500e+00	1.624576e+00	1.425885e+00	1.380608e+00
1.065922e+01	1.038257e+01	1.011778e+01	9.873305e+00	9.643590e+00	9.208288e+00
8.811845e+00	8.454410e+00	8.135692e+00	7.855577e+00	7.614324e+00	7.411916e+00
7.248244e+00	7.123182e+00	7.035959e+00	6.986469e+00	6.976445e+00	7.003368e+00
7.064344e+00	7.159267e+00	7.278113e+00	7.337528e+00	7.379888e+00	7.344807e+00
6.912607e+00	6.437109e+00	4.508181e+00	3.508042e+00	1.975618e+00	1.674631e+00
1.436809e+00	1.380657e+00	1.065553e+01	1.038136e+01	1.011806e+01	9.873965e+00
9.643944e+00	9.208733e+00	8.812457e+00	8.455221e+00	8.136761e+00	7.857025e+00
7.616277e+00	7.414297e+00	7.250422e+00	7.124949e+00	7.038157e+00	6.989820e+00
6.981523e+00	7.009458e+00	7.068674e+00	7.164076e+00	7.293740e+00	7.366578e+00
7.405750e+00	7.360405e+00	7.014338e+00	6.673015e+00	4.719138e+00	3.681634e+00
2.073762e+00	1.746679e+00	1.450192e+00	1.380693e+00	1.065938e+01	1.038406e+01
1.011961e+01	9.874013e+00	9.642803e+00	9.206522e+00	8.810142e+00	8.453276e+00
8.135445e+00	7.856405e+00	7.616203e+00	7.414674e+00	7.251514e+00	7.126280e+00
7.038236e+00	6.987926e+00	6.978086e+00	7.008457e+00	7.077990e+00	7.179686e+00
7.305440e+00	7.371075e+00	7.421335e+00	7.399555e+00	7.110482e+00	6.764881e+00
4.959295e+00	3.914083e+00	2.183077e+00	1.805814e+00	1.463732e+00	1.380499e+00
1.066638e+01	1.038873e+01	1.012214e+01	9.874059e+00	9.640976e+00	9.202924e+00
8.806345e+00	8.450038e+00	8.133171e+00	7.855177e+00	7.615765e+00	7.414857e+00
7.252417e+00	7.127596e+00	7.038029e+00	6.984245e+00	6.971491e+00	7.005619e+00
7.089100e+00	7.200349e+00	7.314579e+00	7.371885e+00	7.433576e+00	7.454896e+00
7.196945e+00	6.819944e+00	5.210261e+00	4.183874e+00	2.306293e+00	1.864155e+00
1.478589e+00	1.380185e+00	1.066377e+01	1.038816e+01	1.012263e+01	9.875062e+00
9.641913e+00	9.204096e+00	8.807622e+00	8.451406e+00	8.134587e+00	7.856592e+00
7.617178e+00	7.416336e+00	7.253896e+00	7.129245e+00	7.040347e+00	6.987067e+00
6.974887e+00	7.009611e+00	7.092407e+00	7.204537e+00	7.322136e+00	7.384533e+00
7.451090e+00	7.481876e+00	7.268290e+00	6.941561e+00	5.424918e+00	4.406206e+00
2.446120e+00	1.955587e+00	1.497737e+00	1.380245e+00	1.064784e+01	1.037832e+01
1.011790e+01	9.873481e+00	9.642090e+00	9.206153e+00	8.810079e+00	8.453566e+00
8.136081e+00	7.857296e+00	7.617268e+00	7.415953e+00	7.253437e+00	7.129444e+00
7.042557e+00	6.993000e+00	6.983838e+00	7.015634e+00	7.087975e+00	7.194588e+00
7.325009e+00	7.396612e+00	7.468053e+00	7.503716e+00	7.332632e+00	7.041237e+00
5.627293e+00	4.629229e+00	2.599424e+00	2.060565e+00	1.519774e+00	1.380072e+00
1.064067e+01	1.037409e+01	1.011594e+01	9.872957e+00	9.642506e+00	9.208083e+00
8.812287e+00	8.455559e+00	8.137589e+00	7.858210e+00	7.617582e+00	7.415990e+00
7.253460e+00	7.129955e+00	7.044711e+00	6.997285e+00	6.989777e+00	7.020256e+00
7.086429e+00	7.190718e+00	7.328725e+00	7.406293e+00	7.482590e+00	7.524581e+00
7.388433e+00	7.129770e+00	5.815428e+00	4.848087e+00	2.766833e+00	2.179593e+00
1.544625e+00	1.380038e+00	1.064029e+01	1.037481e+01	1.011752e+01	9.874721e+00
9.644135e+00	9.209563e+00	8.813833e+00	8.457086e+00	8.139051e+00	7.859710e+00
7.619351e+00	7.417985e+00	7.255651e+00	7.132201e+00	7.046743e+00	6.999317e+00
6.992015e+00	7.022935e+00	7.090637e+00	7.196322e+00	7.335248e+00	7.413153e+00
7.494250e+00	7.545427e+00	7.435280e+00	7.207096e+00	5.986625e+00	5.059531e+00
2.950348e+00	2.315520e+00	1.573026e+00	1.380453e+00	