4.227154e-02	4.456758e-02	4.692568e-02	4.936893e-02	5.188682e-02	5.709940e-02
6.252302e-02	6.807597e-02	7.369340e-02	7.927403e-02	8.471945e-02	8.992784e-02
9.485239e-02	9.953488e-02	1.041907e-01	1.090599e-01	1.141490e-01	1.195394e-01
1.254021e-01	1.323114e-01	1.401833e-01	1.430217e-01	1.421429e-01	1.387253e-01
1.428812e-01	1.481277e-01	1.501751e-01	1.489438e-01	1.496107e-01	1.516474e-01
1.521403e-01	1.653985e-01	4.980770e-02	5.241838e-02	5.509582e-02	5.786603e-02
6.071744e-02	6.661175e-02	7.273453e-02	7.899690e-02	8.532872e-02	9.162050e-02
9.776642e-02	1.036566e-01	1.092409e-01	1.145648e-01	1.198618e-01	1.253908e-01
1.311564e-01	1.372441e-01	1.438399e-01	1.515814e-01	1.603975e-01	1.636335e-01
1.628555e-01	1.592867e-01	1.639131e-01	1.696069e-01	1.718269e-01	1.705152e-01
1.712338e-01	1.734034e-01	1.739276e-01	1.879736e-01	5.868740e-02	6.165214e-02
6.468845e-02	6.782561e-02	7.105093e-02	7.770879e-02	8.461383e-02	9.166980e-02
9.880112e-02	1.058899e-01	1.128227e-01	1.194814e-01	1.258121e-01	1.318642e-01
1.378899e-01	1.441671e-01	1.506978e-01	1.575709e-01	1.649886e-01	1.736578e-01
1.835266e-01	1.872159e-01	1.865862e-01	1.828955e-01	1.880409e-01	1.942007e-01
1.966004e-01	1.952108e-01	1.959821e-01	1.982805e-01	1.988350e-01	2.136300e-01
6.915017e-02	7.251246e-02	7.595123e-02	7.949938e-02	8.314309e-02	9.065452e-02
9.843331e-02	1.063757e-01	1.144006e-01	1.223816e-01	1.301976e-01	1.377220e-01
1.448970e-01	1.517759e-01	1.586295e-01	1.657551e-01	1.731508e-01	1.809083e-01
1.892469e-01	1.989494e-01	2.099909e-01	2.141969e-01	2.137749e-01	2.100035e-01
2.157203e-01	2.223607e-01	2.249456e-01	2.234831e-01	2.243073e-01	2.267266e-01
2.273092e-01	2.427881e-01	8.147825e-02	8.528589e-02	8.917496e-02	9.318237e-02
9.729321e-02	1.057569e-01	1.145098e-01	1.234408e-01	1.324632e-01	1.414418e-01
1.502483e-01	1.587472e-01	1.668770e-01	1.746942e-01	1.824885e-01	1.905756e-01
1.989491e-01	2.077022e-01	2.170718e-01	2.279245e-01	2.402712e-01	2.450663e-01
2.449254e-01	2.411294e-01	2.474740e-01	2.546040e-01	2.573776e-01	2.558500e-01
2.567263e-01	2.592537e-01	2.598611e-01	2.759260e-01	9.600417e-02	1.003094e-01
1.047010e-01	1.092204e-01	1.138515e-01	1.233753e-01	1.332120e-01	1.432435e-01
1.533775e-01	1.634705e-01	1.733869e-01	1.829823e-01	1.921913e-01	2.010733e-01
2.099361e-01	2.191128e-01	2.285911e-01	2.384644e-01	2.489878e-01	2.611196e-01
2.749180e-01	2.803845e-01	2.806151e-01	2.768687e-01	2.839018e-01	2.915228e-01
2.944855e-01	2.929046e-01	2.938308e-01	2.964473e-01	2.970746e-01	3.135869e-01
1.131198e-01	1.179794e-01	1.229303e-01	1.280188e-01	1.332279e-01	1.439287e-01
1.549688e-01	1.662230e-01	1.775940e-01	1.889301e-01	2.000888e-01	2.109173e-01
2.213455e-01	2.314356e-01	2.415120e-01	2.519233e-01	2.626496e-01	2.737827e-01
2.855964e-01	2.991493e-01	3.145607e-01	3.207927e-01	3.215054e-01	3.179051e-01
3.256917e-01	3.337950e-01	3.369436e-01	3.353257e-01	3.362979e-01	3.389767e-01
3.396173e-01	3.563881e-01	1.332867e-01	1.387621e-01	1.443335e-01	1.500527e-01
1.559020e-01	1.679062e-01	1.802789e-01	1.928890e-01	2.056340e-01	2.183549e-01
2.309029e-01	2.431169e-01	2.549223e-01	2.663827e-01	2.778371e-01	2.896468e-01
3.017826e-01	3.143319e-01	3.275875e-01	3.427176e-01	3.599199e-01	3.670244e-01
3.683540e-01	3.650237e-01	3.736331e-01	3.821968e-01	3.855231e-01	3.838908e-01
3.849029e-01	3.876077e-01	3.882524e-01	4.050312e-01	1.570490e-01	1.632057e-01
1.694631e-01	1.758789e-01	1.824349e-01	1.958781e-01	2.097228e-01	2.238327e-01
2.381012e-01	2.523624e-01	2.664624e-01	2.802323e-01	2.935924e-01	3.066069e-01
3.196258e-01	3.330192e-01	3.467462e-01	3.608867e-01	3.757526e-01	3.926313e-01
4.118198e-01	4.199189e-01	4.220292e-01	4.191261e-01	4.286313e-01	4.376170e-01
4.411066e-01	4.394894e-01	4.405326e-01	4.432154e-01	4.438522e-01	4.603135e-01
1.850477e-01	1.919552e-01	1.989681e-01	2.061503e-01	2.134835e-01	2.285100e-01
2.439756e-01	2.597406e-01	2.756946e-01	2.916663e-01	3.074982e-01	3.230139e-01
3.381286e-01	3.529049e-01	3.676998e-01	3.828863e-01	3.984090e-01	4.143367e-01
4.309994e-01	4.498144e-01	4.712036e-01	4.804364e-01	4.835259e-01	4.812473e-01
4.917252e-01	5.010735e-01	5.047040e-01	5.031404e-01	5.042025e-01	5.068008e-01
5.074142e-01	5.231412e-01	2.180380e-01	2.257690e-01	2.336100e-01	2.416317e-01
2.498163e-01	2.665782e-01	2.838227e-01	3.014089e-01	3.192235e-01	3.370917e-01
3.548536e-01	3.723267e-01	3.894207e-01	4.061940e-01	4.230045e-01	4.402205e-01
4.577692e-01	4.757030e-01	4.943692e-01	5.153256e-01	5.391504e-01	5.496754e-01
5.539835e-01	5.525758e-01	5.641065e-01	5.737315e-01	5.774707e-01	5.760099e-01
5.770746e-01	5.795085e-01	5.800786e-01	5.945443e-01	2.569097e-01	2.655393e-01
2.742834e-01	2.832200e-01	2.923325e-01	3.109882e-01	3.301777e-01	3.497617e-01
3.696251e-01	3.895917e-01	4.095018e-01	4.291679e-01	4.484934e-01	4.675299e-01
4.866275e-01	5.061402e-01	5.259737e-01	5.461581e-01	5.670561e-01	5.903780e-01
6.168950e-01	6.288930e-01	6.347081e-01	6.344764e-01	6.471421e-01	6.569252e-01
6.607287e-01	6.594331e-01	6.604788e-01	6.626471e-01	6.631490e-01	6.756931e-01
3.027115e-01	3.123154e-01	3.220384e-01	3.319663e-01	3.420846e-01	3.627966e-01
3.841037e-01	4.058714e-01	4.279846e-01	4.502684e-01	4.725660e-01	4.946867e-01
5.165271e-01	5.381275e-01	5.598197e-01	5.819307e-01	6.043402e-01	6.270480e-01
6.504302e-01	6.763611e-01	7.058503e-01	7.195272e-01	7.271955e-01	7.285160e-01
7.424005e-01	7.521824e-01	7.559905e-01	7.549384e-01	7.559374e-01	7.577130e-01
7.581155e-01	7.679178e-01	3.566788e-01	3.673313e-01	3.781079e-01	3.891024e-01
4.003040e-01	4.232359e-01	4.468371e-01	4.709824e-01	4.955583e-01	5.203950e-01
5.453421e-01	5.702079e-01	5.948812e-01	6.193855e-01	6.440207e-01	6.690704e-01
6.943827e-01	7.199184e-01	7.460628e-01	7.748668e-01	8.076329e-01	8.232234e-01
8.331599e-01	8.364937e-01	8.516808e-01	8.612523e-01	8.649869e-01	8.642756e-01
8.651925e-01	8.664175e-01	8.666817e-01	8.727302e-01	4.202674e-01	4.320385e-01
4.439395e-01	4.560726e-01	4.684317e-01	4.937440e-01	5.198163e-01	5.465387e-01
5.738011e-01	6.014435e-01	6.293260e-01	6.572585e-01	6.851210e-01	7.129135e-01
7.408860e-01	7.692585e-01	7.978410e-01	8.265436e-01	8.557562e-01	8.877190e-01
9.240923e-01	9.418639e-01	9.545650e-01	9.604755e-01	9.770470e-01	9.861378e-01
9.896981e-01	9.894481e-01	9.902382e-01	9.907172e-01	9.907952e-01	9.918483e-01
4.957220e-01	5.086243e-01	5.216646e-01	5.349537e-01	5.484932e-01	5.762539e-01
6.048983e-01	6.343440e-01	6.644888e-01	6.951933e-01	7.263377e-01	7.577398e-01
7.892698e-01	8.208931e-01	8.527730e-01	8.850252e-01	9.174108e-01	9.497669e-01
9.824740e-01	1.017965e+00	1.058352e+00	1.078678e+00	1.094933e+00	1.104367e+00
1.122418e+00	1.130530e+00	1.133706e+00	1.134145e+00	1.134724e+00	1.134085e+00
1.133849e+00	1.127415e+00	5.842678e-01	5.983735e-01	6.126277e-01	6.271488e-01
6.419485e-01	6.723343e-01	7.037504e-01	7.361473e-01	7.694324e-01	8.034901e-01
8.382247e-01	8.734638e-01	9.090657e-01	9.449512e-01	9.811769e-01	1.017730e+00
1.054315e+00	1.090684e+00	1.127205e+00	1.166519e+00	1.211276e+00	1.234466e+00
1.254877e+00	1.268528e+00	1.288117e+00	1.294895e+00	1.297568e+00	1.298835e+00
1.299148e+00	1.297167e+00	1.296583e+00	1.281354e+00	6.854554e-01	7.011120e-01
7.169235e-01	7.330150e-01	7.494069e-01	7.830611e-01	8.178578e-01	8.537555e-01
8.906661e-01	9.284743e-01	9.670896e-01	1.006340e+00	1.046065e+00	1.086142e+00
1.126575e+00	1.167272e+00	1.207887e+00	1.248119e+00	1.288353e+00	1.331513e+00
1.380814e+00	1.406888e+00	1.431161e+00	1.448509e+00	1.469619e+00	1.475428e+00
1.477879e+00	1.479728e+00	1.479860e+00	1.476945e+00	1.476374e+00	1.455885e+00
8.001316e-01	8.178133e-01	8.356504e-01	8.537718e-01	8.722034e-01	9.099828e-01
9.489524e-01	9.890398e-01	1.030150e+00	1.072134e+00	1.114875e+00	1.158191e+00
1.201897e+00	1.245844e+00	1.290068e+00	1.334486e+00	1.378714e+00	1.422439e+00
1.466114e+00	1.513024e+00	1.566941e+00	1.595800e+00	1.623318e+00	1.643436e+00
1.666011e+00	1.671449e+00	1.674082e+00	1.676141e+00	1.676221e+00	1.673000e+00
1.672866e+00	1.652424e+00	9.291337e-01	9.492136e-01	9.694382e-01	9.899360e-01
1.010735e+00	1.053251e+00	1.096926e+00	1.141648e+00	1.187282e+00	1.233634e+00
1.280539e+00	1.327797e+00	1.375189e+00	1.422575e+00	1.470085e+00	1.517720e+00
1.565085e+00	1.611889e+00	1.658685e+00	1.709120e+00	1.767444e+00	1.798871e+00
1.829041e+00	1.851163e+00	1.875070e+00	1.880550e+00	1.883601e+00	1.885607e+00
1.885722e+00	1.882730e+00	1.882662e+00	1.865655e+00	1.074832e+00	1.097744e+00
1.120777e+00	1.144056e+00	1.167605e+00	1.215572e+00	1.264572e+00	1.314443e+00
1.364973e+00	1.415912e+00	1.467019e+00	1.518069e+00	1.568811e+00	1.619154e+00
1.669391e+00	1.719700e+00	1.769698e+00	1.819148e+00	1.868738e+00	1.922484e+00
1.985043e+00	2.018845e+00	2.051104e+00	2.074495e+00	2.099612e+00	2.105534e+00
2.109250e+00	2.110937e+00	2.111175e+00	2.108935e+00	2.108714e+00	2.098728e+00
1.238715e+00	1.264804e+00	1.290980e+00	1.317343e+00	1.343930e+00	1.397858e+00
1.452587e+00	1.507883e+00	1.563446e+00	1.618952e+00	1.674067e+00	1.728530e+00
1.782082e+00	1.834711e+00	1.886957e+00	1.939251e+00	1.991263e+00	2.042836e+00
2.094801e+00	2.151492e+00	2.217829e+00	2.253641e+00	2.287356e+00	2.311313e+00
2.337451e+00	2.344091e+00	2.348590e+00	2.349786e+00	2.350195e+00	2.348991e+00
2.348815e+00	2.347234e+00	1.420949e+00	1.450587e+00	1.480262e+00	1.510028e+00
1.539947e+00	1.600338e+00	1.661150e+00	1.722049e+00	1.782637e+00	1.842493e+00
1.901180e+00	1.958376e+00	2.013862e+00	2.067752e+00	2.120934e+00	2.174205e+00
2.227340e+00	2.280286e+00	2.334021e+00	2.393101e+00	2.462489e+00	2.499735e+00
2.533967e+00	2.557482e+00	2.584401e+00	2.592147e+00	2.597558e+00	2.598052e+00
2.598696e+00	2.598847e+00	2.599056e+00	2.607132e+00	1.623106e+00	1.656230e+00
1.689353e+00	1.722491e+00	1.755722e+00	1.822591e+00	1.889562e+00	1.956153e+00
2.021805e+00	2.085882e+00	2.147697e+00	2.206809e+00	2.263088e+00	2.316853e+00
2.369561e+00	2.422551e+00	2.475735e+00	2.529139e+00	2.583885e+00	2.644778e+00
2.716784e+00	2.755108e+00	2.788956e+00	2.810886e+00	2.838294e+00	2.847498e+00
2.853778e+00	2.853348e+00	2.854293e+00	2.856102e+00	2.856328e+00	2.873914e+00
1.843081e+00	1.881059e+00	1.918827e+00	1.956253e+00	1.993431e+00	2.067306e+00
2.139953e+00	2.210816e+00	2.279390e+00	2.345277e+00	2.408225e+00	2.467903e+00
2.524268e+00	2.577699e+00	2.629849e+00	2.682269e+00	2.735052e+00	2.788532e+00
2.843992e+00	2.905472e+00	2.976827e+00	3.014267e+00	3.047200e+00	3.068551e+00
3.096050e+00	3.106076e+00	3.113211e+00	3.112357e+00	3.113372e+00	3.116091e+00
3.117393e+00	3.142535e+00	2.076900e+00	2.123650e+00	2.169545e+00	2.213943e+00
2.256949e+00	2.339357e+00	2.416175e+00	2.487152e+00	2.552725e+00	2.614281e+00
2.674017e+00	2.732293e+00	2.788978e+00	2.844002e+00	2.897884e+00	2.951236e+00
3.004342e+00	3.058421e+00	3.114905e+00	3.174651e+00	3.238019e+00	3.270514e+00
3.302751e+00	3.327744e+00	3.354799e+00	3.363484e+00	3.371467e+00	3.371755e+00
3.372176e+00	3.373524e+00	3.378977e+00	3.406851e+00	2.335646e+00	2.388219e+00
2.439540e+00	2.488643e+00	2.535660e+00	2.624222e+00	2.704530e+00	2.776452e+00
2.840836e+00	2.899896e+00	2.956961e+00	3.012676e+00	3.067006e+00	3.119873e+00
3.171727e+00	3.223134e+00	3.274373e+00	3.326587e+00	3.381037e+00	3.438257e+00
3.498232e+00	3.528756e+00	3.559175e+00	3.583027e+00	3.609365e+00	3.618096e+00
3.626138e+00	3.626603e+00	3.626948e+00	3.628121e+00	3.634335e+00	3.661316e+00
2.615677e+00	2.673700e+00	2.730029e+00	2.783340e+00	2.833793e+00	2.927155e+00
3.009354e+00	3.080442e+00	3.141744e+00	3.196411e+00	3.248972e+00	3.300416e+00
3.350815e+00	3.400109e+00	3.448706e+00	3.497099e+00	3.545455e+00	3.594567e+00
3.645395e+00	3.698737e+00	3.754934e+00	3.783513e+00	3.811612e+00	3.833453e+00
3.858711e+00	3.867374e+00	3.875464e+00	3.874825e+00	3.875318e+00	3.878196e+00
3.882283e+00	3.903310e+00	2.912763e+00	2.976082e+00	3.037142e+00	3.094172e+00
3.147373e+00	3.243657e+00	3.325263e+00	3.392581e+00	3.447642e+00	3.494864e+00
3.540336e+00	3.585528e+00	3.630571e+00	3.675343e+00	3.720005e+00	3.764738e+00
3.809500e+00	3.854522e+00	3.900315e+00	3.948176e+00	3.999188e+00	4.025313e+00
4.050849e+00	4.070736e+00	4.094532e+00	4.102610e+00	4.110709e+00	4.107969e+00
4.108729e+00	4.114748e+00	4.114408e+00	4.123807e+00	3.229014e+00	3.296063e+00
3.360282e+00	3.419459e+00	3.473852e+00	3.570100e+00	3.648395e+00	3.709511e+00
3.756190e+00	3.794011e+00	3.830487e+00	3.867481e+00	3.905279e+00	3.943857e+00
3.983295e+00	4.023615e+00	4.064320e+00	4.104387e+00	4.143387e+00	4.183895e+00
4.228788e+00	4.252421e+00	4.275446e+00	4.293352e+00	4.315335e+00	4.322226e+00
4.328795e+00	4.326874e+00	4.327506e+00	4.331848e+00	4.331199e+00	4.324568e+00
3.567830e+00	3.637371e+00	3.703492e+00	3.763526e+00	3.817805e+00	3.911448e+00
3.983959e+00	4.036556e+00	4.072728e+00	4.099203e+00	4.124866e+00	4.151947e+00
4.180913e+00	4.211892e+00	4.244936e+00	4.279935e+00	4.315816e+00	4.350007e+00
4.380945e+00	4.412862e+00	4.450890e+00	4.471872e+00	4.492259e+00	4.508048e+00
4.527935e+00	4.533369e+00	4.537828e+00	4.537715e+00	4.538083e+00	4.539115e+00
4.539434e+00	4.515593e+00	3.925755e+00	3.996054e+00	4.062341e+00	4.121499e+00
4.173962e+00	4.261761e+00	4.325569e+00	4.367092e+00	4.390589e+00	4.403858e+00
4.416984e+00	4.432561e+00	4.451172e+00	4.473071e+00	4.498264e+00	4.526469e+00
4.556081e+00	4.583136e+00	4.605042e+00	4.627663e+00	4.658284e+00	4.676418e+00
4.693963e+00	4.707440e+00	4.724954e+00	4.728968e+00	4.731502e+00	4.732823e+00
4.732976e+00	4.731313e+00	4.731925e+00	4.694904e+00	4.298297e+00	4.367020e+00
4.431192e+00	4.487289e+00	4.535860e+00	4.614066e+00	4.666020e+00	4.693923e+00
4.702748e+00	4.701204e+00	4.700314e+00	4.703007e+00	4.709919e+00	4.721404e+00
4.737425e+00	4.757495e+00	4.779542e+00	4.798393e+00	4.810564e+00	4.823467e+00
4.846376e+00	4.861557e+00	4.876154e+00	4.887204e+00	4.902147e+00	4.904823e+00
4.905634e+00	4.908110e+00	4.908084e+00	4.904215e+00	4.904770e+00	4.859045e+00
4.683376e+00	4.747897e+00	4.807396e+00	4.858021e+00	4.900477e+00	4.965227e+00
5.002280e+00	5.014334e+00	5.006941e+00	4.989472e+00	4.973488e+00	4.962186e+00
4.956205e+00	4.955894e+00	4.961169e+00	4.971343e+00	4.984058e+00	4.993374e+00
4.995363e+00	4.998489e+00	5.013441e+00	5.025432e+00	5.036850e+00	5.045252e+00
5.057401e+00	5.059088e+00	5.058832e+00	5.061794e+00	5.061683e+00	5.056881e+00
5.057424e+00	5.012922e+00	5.084989e+00	5.142901e+00	5.195414e+00	5.238396e+00
5.272739e+00	5.320561e+00	5.339933e+00	5.334022e+00	5.308841e+00	5.274242e+00
5.242052e+00	5.215689e+00	5.195765e+00	5.182553e+00	5.175929e+00	5.174999e+00
5.177230e+00	5.176155e+00	5.167615e+00	5.160849e+00	5.167653e+00	5.176308e+00
5.184413e+00	5.190050e+00	5.199282e+00	5.200145e+00	5.199139e+00	5.202259e+00
5.202108e+00	5.196990e+00	5.197534e+00	5.159497e+00	5.497690e+00	5.547520e+00
5.591628e+00	5.625592e+00	5.650479e+00	5.678783e+00	5.677973e+00	5.651672e+00
5.606448e+00	5.552734e+00	5.502730e+00	5.459994e+00	5.425071e+00	5.398041e+00
5.378650e+00	5.365681e+00	5.356480e+00	5.344227e+00	5.324578e+00	5.307376e+00
5.305209e+00	5.309949e+00	5.314016e+00	5.316306e+00	5.322546e+00	5.322975e+00
5.321321e+00	5.324208e+00	5.324059e+00	5.319122e+00	5.319740e+00	5.291438e+00
5.909747e+00	5.951497e+00	5.987261e+00	6.012173e+00	6.027412e+00	6.035312e+00
6.012520e+00	5.963146e+00	5.894721e+00	5.818892e+00	5.748832e+00	5.688187e+00
5.637355e+00	5.596042e+00	5.563722e+00	5.538682e+00	5.518138e+00	5.494787e+00
5.463802e+00	5.435812e+00	5.424283e+00	5.424664e+00	5.423649e+00	5.421541e+00
5.425553e+00	5.426634e+00	5.424119e+00	5.426347e+00	5.426261e+00	5.421840e+00
5.422661e+00	5.406644e+00	6.400146e+00	6.405382e+00	6.406269e+00	6.399799e+00
6.387323e+00	6.350251e+00	6.296711e+00	6.229373e+00	6.152414e+00	6.072059e+00
5.995474e+00	5.924920e+00	5.860905e+00	5.803141e+00	5.751617e+00	5.705304e+00
5.663022e+00	5.621561e+00	5.579366e+00	5.542720e+00	5.520875e+00	5.517532e+00
5.518233e+00	5.520594e+00	5.514062e+00	5.507305e+00	5.507519e+00	5.510091e+00
5.509839e+00	5.507001e+00	5.507204e+00	5.503287e+00	6.917242e+00	6.874899e+00
6.831356e+00	6.786069e+00	6.740291e+00	6.651276e+00	6.564519e+00	6.479968e+00
6.397246e+00	6.315698e+00	6.234831e+00	6.155065e+00	6.077050e+00	6.000821e+00
5.927405e+00	5.857236e+00	5.791300e+00	5.731189e+00	5.678679e+00	5.634499e+00
5.602618e+00	5.595534e+00	5.598261e+00	5.605225e+00	5.585042e+00	5.569310e+00
5.573338e+00	5.576741e+00	5.576088e+00	5.574542e+00	5.574464e+00	5.580253e+00
7.337873e+00	7.283489e+00	7.227836e+00	7.170163e+00	7.111840e+00	6.997528e+00
6.884829e+00	6.773869e+00	6.664771e+00	6.557573e+00	6.452634e+00	6.350582e+00
6.251967e+00	6.156894e+00	6.066498e+00	5.981512e+00	5.902924e+00	5.832219e+00
5.770755e+00	5.718317e+00	5.677655e+00	5.665482e+00	5.662005e+00	5.662510e+00
5.632545e+00	5.614243e+00	5.620710e+00	5.624826e+00	5.623522e+00	5.621643e+00
5.622604e+00	5.633209e+00	7.774073e+00	7.698817e+00	7.623238e+00	7.546908e+00
7.471098e+00	7.324868e+00	7.183668e+00	7.047134e+00	6.914943e+00	6.786239e+00
6.660002e+00	6.536418e+00	6.415825e+00	6.298944e+00	6.188034e+00	6.085163e+00
5.991676e+00	5.909662e+00	5.840798e+00	5.783445e+00	5.738668e+00	5.719819e+00
5.708609e+00	5.701127e+00	5.658320e+00	5.636436e+00	5.645822e+00	5.650760e+00
5.648641e+00	5.646488e+00	5.647630e+00	5.659242e+00	8.154863e+00	8.079183e+00
8.000939e+00	7.918588e+00	7.833953e+00	7.664172e+00	7.492567e+00	7.320619e+00
7.150253e+00	6.984071e+00	6.825790e+00	6.677340e+00	6.538896e+00	6.410102e+00
6.290504e+00	6.179708e+00	6.076620e+00	5.982963e+00	5.898734e+00	5.822596e+00
5.755607e+00	5.733420e+00	5.717750e+00	5.706156e+00	5.662293e+00	5.640964e+00
5.649522e+00	5.654186e+00	5.652042e+00	5.649820e+00	5.650918e+00	5.662429e+00
8.470534e+00	8.413461e+00	8.349799e+00	8.274746e+00	8.190712e+00	8.006354e+00
7.801326e+00	7.582297e+00	7.358247e+00	7.141238e+00	6.944480e+00	6.770893e+00
6.618616e+00	6.484461e+00	6.363226e+00	6.250801e+00	6.144937e+00	6.041562e+00
5.938208e+00	5.840014e+00	5.754840e+00	5.718739e+00	5.685247e+00	5.660676e+00
5.636845e+00	5.629995e+00	5.623295e+00	5.623795e+00	5.623315e+00	5.621135e+00
5.621635e+00	5.630725e+00	8.853248e+00	8.776272e+00	8.692347e+00	8.597391e+00
8.494039e+00	8.272922e+00	8.033554e+00	7.780854e+00	7.523693e+00	7.275526e+00
7.051858e+00	6.854988e+00	6.679182e+00	6.523541e+00	6.380689e+00	6.249235e+00
6.136474e+00	6.026250e+00	5.916817e+00	5.812696e+00	5.720413e+00	5.674058e+00
5.630144e+00	5.598348e+00	5.577710e+00	5.576225e+00	5.562622e+00	5.561769e+00
5.561791e+00	5.559247e+00	5.559566e+00	5.565253e+00	9.258315e+00	9.146430e+00
9.029911e+00	8.905570e+00	8.775635e+00	8.507979e+00	8.229640e+00	7.943581e+00
7.657413e+00	7.383770e+00	7.137247e+00	6.919211e+00	6.723037e+00	6.549198e+00
6.390620e+00	6.244731e+00	6.114596e+00	5.988905e+00	5.866423e+00	5.750006e+00
5.644495e+00	5.596052e+00	5.549671e+00	5.514797e+00	5.483337e+00	5.475857e+00
5.466215e+00	5.466774e+00	5.466161e+00	5.462979e+00	5.463470e+00	5.465218e+00
9.617402e+00	9.490842e+00	9.356583e+00	9.208355e+00	9.049606e+00	8.717692e+00
8.376206e+00	8.042249e+00	7.724814e+00	7.428440e+00	7.162316e+00	6.927629e+00
6.724434e+00	6.541777e+00	6.374589e+00	6.217750e+00	6.068201e+00	5.927746e+00
5.793457e+00	5.666751e+00	5.550532e+00	5.497037e+00	5.445386e+00	5.406043e+00
5.368211e+00	5.358691e+00	5.349637e+00	5.350541e+00	5.349613e+00	5.346229e+00
5.346512e+00	5.344955e+00	9.938069e+00	9.806439e+00	9.660784e+00	9.489695e+00
9.299213e+00	8.893186e+00	8.482274e+00	8.102433e+00	7.759349e+00	7.447696e+00
7.169994e+00	6.922320e+00	6.696825e+00	6.484647e+00	6.288777e+00	6.111950e+00
5.952971e+00	5.805621e+00	5.664879e+00	5.532789e+00	5.410290e+00	5.351617e+00
5.294807e+00	5.251576e+00	5.209260e+00	5.199250e+00	5.190182e+00	5.190859e+00
5.189673e+00	5.186768e+00	5.186426e+00	5.183023e+00	1.028122e+01	1.009515e+01
9.897009e+00	9.681821e+00	9.456113e+00	8.998960e+00	8.555492e+00	8.143732e+00
7.766280e+00	7.440946e+00	7.152003e+00	6.888262e+00	6.637007e+00	6.400865e+00
6.184923e+00	5.991777e+00	5.820107e+00	5.664126e+00	5.518433e+00	5.380817e+00
5.247763e+00	5.182463e+00	5.120331e+00	5.074252e+00	5.027690e+00	5.016542e+00
5.007518e+00	5.008015e+00	5.006679e+00	5.004105e+00	5.003584e+00	4.999112e+00
1.063162e+01	1.036547e+01	1.009947e+01	9.835680e+00	9.576409e+00	9.077997e+00
8.613133e+00	8.175886e+00	7.769828e+00	7.415272e+00	7.093841e+00	6.800376e+00
6.529465e+00	6.280783e+00	6.053806e+00	5.847898e+00	5.663414e+00	5.499022e+00
5.350522e+00	5.207999e+00	5.061957e+00	4.989386e+00	4.922273e+00	4.874456e+00
4.824081e+00	4.811378e+00	4.802530e+00	4.802813e+00	4.801425e+00	4.799214e+00
4.798842e+00	4.794323e+00	1.091600e+01	1.059290e+01	1.027709e+01	9.974706e+00
9.685684e+00	9.142649e+00	8.638965e+00	8.181621e+00	7.765263e+00	7.376861e+00
7.023500e+00	6.703536e+00	6.414446e+00	6.153140e+00	5.914977e+00	5.697045e+00
5.500582e+00	5.326844e+00	5.172448e+00	5.022766e+00	4.864719e+00	4.785769e+00
4.713826e+00	4.663549e+00	4.609064e+00	4.595020e+00	4.586251e+00	4.586047e+00
4.584677e+00	4.583340e+00	4.583026e+00	4.579133e+00	1.113118e+01	1.077615e+01
1.043025e+01	1.010054e+01	9.786343e+00	9.197915e+00	8.649388e+00	8.155525e+00
7.706617e+00	7.295477e+00	6.923199e+00	6.587330e+00	6.284738e+00	6.011596e+00
5.762468e+00	5.533854e+00	5.326672e+00	5.142035e+00	4.976731e+00	4.815968e+00
4.647108e+00	4.562982e+00	4.486407e+00	4.432649e+00	4.373469e+00	4.358343e+00
4.349522e+00	4.348351e+00	4.347128e+00	4.347568e+00	4.347091e+00	4.345027e+00
1.130599e+01	1.091828e+01	1.054193e+01	1.018572e+01	9.847902e+00	9.212803e+00
8.642012e+00	8.117092e+00	7.641341e+00	7.211200e+00	6.822410e+00	6.471593e+00
6.155341e+00	5.869627e+00	5.608949e+00	5.369438e+00	5.150813e+00	4.952094e+00
4.770320e+00	4.596323e+00	4.423126e+00	4.338224e+00	4.256108e+00	4.193454e+00
4.129784e+00	4.114942e+00	4.105260e+00	4.103664e+00	4.102379e+00	4.103354e+00
4.105468e+00	4.104373e+00	1.145023e+01	1.102981e+01	1.062360e+01	1.024248e+01
9.882734e+00	9.214309e+00	8.608553e+00	8.060992e+00	7.567331e+00	7.121898e+00
6.719080e+00	6.354955e+00	6.025988e+00	5.728025e+00	5.455464e+00	5.204094e+00
4.972767e+00	4.758935e+00	4.560345e+00	4.373416e+00	4.196121e+00	4.110255e+00
4.021545e+00	3.948663e+00	3.880609e+00	3.866038e+00	3.855599e+00	3.852612e+00
3.851240e+00	3.854197e+00	3.857758e+00	3.858088e+00	1.157101e+01	1.111861e+01
1.068318e+01	1.027751e+01	9.898622e+00	9.193941e+00	8.560163e+00	7.991241e+00
7.480752e+00	7.021791e+00	6.607566e+00	6.233352e+00	5.894906e+00	5.587260e+00
5.303697e+00	5.039551e+00	4.794931e+00	4.569984e+00	4.363585e+00	4.167694e+00
3.975071e+00	3.879843e+00	3.783773e+00	3.707493e+00	3.634716e+00	3.617795e+00
3.607732e+00	3.600817e+00	3.599639e+00	3.608975e+00	3.607128e+00	3.610990e+00
1.165758e+01	1.117709e+01	1.071452e+01	1.028449e+01	9.889941e+00	9.157640e+00
8.501762e+00	7.916392e+00	7.392812e+00	6.922384e+00	6.497005e+00	6.111748e+00
5.762557e+00	5.444766e+00	5.152310e+00	4.880613e+00	4.628565e+00	4.394060e+00
4.174576e+00	3.965243e+00	3.760772e+00	3.659709e+00	3.556745e+00	3.473951e+00
3.395405e+00	3.376797e+00	3.362679e+00	3.358020e+00	3.356555e+00	3.361480e+00
3.364084e+00	3.366329e+00	1.170640e+01	1.120124e+01	1.072149e+01	1.028336e+01
9.873063e+00	9.113822e+00	8.439290e+00	7.839169e+00	7.303323e+00	6.822074e+00
6.386631e+00	5.991971e+00	5.634091e+00	5.308419e+00	5.009189e+00	4.731692e+00
4.473682e+00	4.231107e+00	4.000119e+00	3.777822e+00	3.560498e+00	3.452851e+00
3.343071e+00	3.254486e+00	3.169281e+00	3.147992e+00	3.129614e+00	3.126757e+00
3.125056e+00	3.126138e+00	3.130083e+00	3.130748e+00	1.172677e+01	1.120723e+01
1.071230e+01	1.025979e+01	9.840601e+00	9.064208e+00	8.374487e+00	7.761150e+00
7.213645e+00	6.722276e+00	6.278409e+00	5.876881e+00	5.513332e+00	5.182798e+00
4.879076e+00	4.597044e+00	4.333912e+00	4.084826e+00	3.845044e+00	3.610994e+00
3.378776e+00	3.262722e+00	3.145397e+00	3.051473e+00	2.958140e+00	2.932998e+00
2.911078e+00	2.908367e+00	2.906546e+00	2.906466e+00	2.906586e+00	2.906686e+00
1.171104e+01	1.118684e+01	1.068337e+01	1.022275e+01	9.797712e+00	9.009901e+00
8.310257e+00	7.687156e+00	7.130441e+00	6.630859e+00	6.180314e+00	5.773552e+00
5.405898e+00	5.072125e+00	4.765657e+00	4.480979e+00	4.214638e+00	3.960757e+00
3.713491e+00	3.468468e+00	3.221488e+00	3.096449e+00	2.969840e+00	2.868071e+00
2.765092e+00	2.736871e+00	2.712357e+00	2.709870e+00	2.707854e+00	2.706696e+00
2.704367e+00	2.703593e+00	1.167473e+01	1.114155e+01	1.063416e+01	1.017263e+01
9.746242e+00	8.953059e+00	8.247594e+00	7.617510e+00	7.053694e+00	6.547607e+00
6.091871e+00	5.681171e+00	5.310560e+00	4.974594e+00	4.666394e+00	4.380092e+00
4.111606e+00	3.854070e+00	3.600527e+00	3.345575e+00	3.084260e+00	2.949998e+00
2.813017e+00	2.701846e+00	2.588577e+00	2.557990e+00	2.531865e+00	2.529480e+00
2.527226e+00	2.525428e+00	2.521696e+00	2.520499e+00	1.162551e+01	1.108749e+01
1.057786e+01	1.011642e+01	9.690561e+00	8.896778e+00	8.190294e+00	7.557472e+00
6.990006e+00	6.480068e+00	6.021087e+00	5.607838e+00	5.235342e+00	4.898126e+00
4.589373e+00	4.302938e+00	4.034025e+00	3.774529e+00	3.516221e+00	3.252364e+00
2.976060e+00	2.831211e+00	2.680538e+00	2.556088e+00	2.431317e+00	2.399869e+00
2.373692e+00	2.371023e+00	2.368480e+00	2.367041e+00	2.364073e+00	2.363686e+00
1.154560e+01	1.101086e+01	1.050504e+01	1.004844e+01	9.627366e+00	8.840244e+00
8.138050e+00	7.506506e+00	6.938557e+00	6.427332e+00	5.967132e+00	5.552885e+00
5.179658e+00	4.841974e+00	4.533151e+00	4.246875e+00	3.977874e+00	3.717118e+00
3.455261e+00	3.183862e+00	2.893148e+00	2.737301e+00	2.571147e+00	2.430670e+00
2.292491e+00	2.260920e+00	2.236156e+00	2.233021e+00	2.230068e+00	2.229690e+00
2.229274e+00	2.231101e+00	1.145955e+01	1.092706e+01	1.042454e+01	9.973035e+00
9.557756e+00	8.780708e+00	8.086773e+00	7.461641e+00	6.898682e+00	6.393504e+00
5.939178e+00	5.529771e+00	5.159914e+00	4.823533e+00	4.513258e+00	4.222943e+00
3.948832e+00	3.684186e+00	3.419917e+00	3.142601e+00	2.836107e+00	2.669853e+00
2.488424e+00	2.330430e+00	2.172371e+00	2.138501e+00	2.117945e+00	2.114977e+00
2.111004e+00	2.111697e+00	2.116104e+00	2.124584e+00	1.136447e+01	1.083489e+01
1.033654e+01	9.891362e+00	9.483491e+00	8.720193e+00	8.037634e+00	7.421699e+00
6.865669e+00	6.367665e+00	5.919510e+00	5.514687e+00	5.147772e+00	4.812488e+00
4.501034e+00	4.207254e+00	3.928453e+00	3.660190e+00	3.394068e+00	3.111993e+00
2.791561e+00	2.616039e+00	2.420435e+00	2.245363e+00	2.065792e+00	2.028762e+00
2.013443e+00	2.010885e+00	2.005692e+00	2.007461e+00	2.017463e+00	2.033980e+00
1.126244e+01	1.073861e+01	1.024727e+01	9.811058e+00	9.413071e+00	8.667923e+00
8.000478e+00	7.397822e+00	6.854841e+00	6.361780e+00	5.915822e+00	5.512573e+00
5.146650e+00	4.811804e+00	4.500196e+00	4.205682e+00	3.925776e+00	3.656596e+00
3.389851e+00	3.105982e+00	2.780665e+00	2.589919e+00	2.374121e+00	2.179633e+00
1.975989e+00	1.934345e+00	1.924381e+00	1.922256e+00	1.915424e+00	1.918382e+00
1.934480e+00	1.960268e+00	1.114904e+01	1.063566e+01	1.015567e+01	9.732151e+00
9.347146e+00	8.624399e+00	7.973705e+00	7.383896e+00	6.852843e+00	6.367922e+00
5.928123e+00	5.529215e+00	5.166169e+00	4.833253e+00	4.523224e+00	4.230274e+00
3.951619e+00	3.682785e+00	3.414206e+00	3.123492e+00	2.782502e+00	2.578002e+00
2.341976e+00	2.129419e+00	1.901090e+00	1.854049e+00	1.850629e+00	1.848792e+00
1.839070e+00	1.843260e+00	1.866123e+00	1.902244e+00	1.103698e+01	1.053488e+01
1.006724e+01	9.657656e+00	9.286813e+00	8.588275e+00	7.956527e+00	7.383185e+00
6.858131e+00	6.382865e+00	5.950608e+00	5.556954e+00	5.197518e+00	4.867170e+00
4.559303e+00	4.268454e+00	3.991537e+00	3.723397e+00	3.453043e+00	3.154784e+00
2.794501e+00	2.581736e+00	2.335706e+00	2.100455e+00	1.849365e+00	1.793085e+00
1.780456e+00	1.780998e+00	1.780224e+00	1.786068e+00	1.810703e+00	1.852344e+00
1.092939e+01	1.043890e+01	9.984126e+00	9.589310e+00	9.233390e+00	8.559757e+00
7.948514e+00	7.388776e+00	6.879160e+00	6.413805e+00	5.989076e+00	5.601186e+00
5.246110e+00	4.919156e+00	4.614284e+00	4.326300e+00	4.051880e+00	3.785202e+00
3.513934e+00	3.209257e+00	2.833263e+00	2.604793e+00	2.336423e+00	2.089649e+00
1.812299e+00	1.745854e+00	1.720259e+00	1.723586e+00	1.733891e+00	1.741305e+00
1.766350e+00	1.809665e+00	1.083103e+01	1.035172e+01	9.909527e+00	9.529597e+00
9.188727e+00	8.539555e+00	7.947246e+00	7.405090e+00	6.908561e+00	6.453849e+00
6.037587e+00	5.656351e+00	5.306586e+00	4.983963e+00	4.683031e+00	4.398855e+00
4.127884e+00	3.863780e+00	3.593012e+00	3.283793e+00	2.893389e+00	2.651458e+00
2.362789e+00	2.089490e+00	1.783858e+00	1.707371e+00	1.678464e+00	1.682723e+00
1.695198e+00	1.703623e+00	1.731118e+00	1.773800e+00	1.074051e+01	1.027212e+01
9.842421e+00	9.477404e+00	9.151564e+00	8.525691e+00	7.954748e+00	7.429118e+00
6.946332e+00	6.502904e+00	6.095849e+00	5.722116e+00	5.378508e+00	5.061139e+00
4.765019e+00	4.485495e+00	4.218824e+00	3.958173e+00	3.688799e+00	3.375945e+00
2.971700e+00	2.716161e+00	2.406177e+00	2.108223e+00	1.767134e+00	1.679260e+00
1.645226e+00	1.650382e+00	1.665446e+00	1.674725e+00	1.702252e+00	1.744719e+00
1.065863e+01	1.020084e+01	9.783289e+00	9.432764e+00	9.121567e+00	8.521010e+00
7.967539e+00	7.458626e+00	6.989807e+00	6.558041e+00	6.160713e+00	5.795123e+00
5.458385e+00	5.147041e+00	4.856525e+00	4.582444e+00	4.320889e+00	4.064580e+00
3.797583e+00	3.482179e+00	3.064955e+00	2.795830e+00	2.463833e+00	2.140053e+00
1.763408e+00	1.661687e+00	1.619584e+00	1.625377e+00	1.642791e+00	1.652520e+00
1.679119e+00	1.719571e+00	1.058818e+01	1.014046e+01	9.734376e+00	9.397434e+00
9.099974e+00	8.520383e+00	7.987404e+00	7.494607e+00	7.039690e+00	6.619816e+00
6.232692e+00	5.875919e+00	5.546887e+00	5.242497e+00	4.958566e+00	4.690927e+00
4.435528e+00	4.184739e+00	3.921540e+00	3.605378e+00	3.177133e+00	2.895103e+00
2.540980e+00	2.189558e+00	1.769253e+00	1.653169e+00	1.601637e+00	1.607687e+00
1.626988e+00	1.636718e+00	1.661559e+00	1.698300e+00	1.052715e+01	1.008691e+01
9.693256e+00	9.370783e+00	9.088204e+00	8.526598e+00	8.013895e+00	7.538089e+00
7.097121e+00	6.688334e+00	6.310008e+00	5.960858e+00	5.639284e+00	5.342666e+00
5.066810e+00	4.807480e+00	4.560420e+00	4.317314e+00	4.059393e+00	3.742134e+00
3.302368e+00	3.008355e+00	2.633821e+00	2.256114e+00	1.789253e+00	1.656616e+00
1.590454e+00	1.595825e+00	1.618316e+00	1.627292e+00	1.645898e+00	1.680906e+00
1.047834e+01	1.004609e+01	9.662447e+00	9.351474e+00	9.080413e+00	8.540311e+00
8.043331e+00	7.582453e+00	7.154632e+00	6.757318e+00	6.389068e+00	6.049044e+00
5.736097e+00	5.447891e+00	5.180408e+00	4.929504e+00	4.690883e+00	4.455875e+00
4.204667e+00	3.889839e+00	3.442945e+00	3.138071e+00	2.742545e+00	2.336156e+00
1.819986e+00	1.664898e+00	1.582824e+00	1.587570e+00	1.611340e+00	1.619567e+00
1.633658e+00	1.665583e+00	1.046031e+01	1.004032e+01	9.661178e+00	9.354218e+00
9.085689e+00	8.556576e+00	8.066971e+00	7.613336e+00	7.195528e+00	6.812101e+00
6.461585e+00	6.139898e+00	5.841386e+00	5.561785e+00	5.299284e+00	5.051664e+00
4.815619e+00	4.584299e+00	4.341335e+00	4.044741e+00	3.613444e+00	3.299973e+00
2.873218e+00	2.419428e+00	1.842040e+00	1.677412e+00	1.586651e+00	1.587848e+00
1.601592e+00	1.609514e+00	1.630477e+00	1.652012e+00	1.045298e+01	1.004051e+01
9.671420e+00	9.372193e+00	9.108448e+00	8.578658e+00	8.087363e+00	7.636549e+00
7.226668e+00	6.857697e+00	6.529233e+00	6.232595e+00	5.953479e+00	5.683016e+00
5.422970e+00	5.174665e+00	4.936810e+00	4.706049e+00	4.472647e+00	4.208044e+00
3.818015e+00	3.501153e+00	3.033296e+00	2.511548e+00	1.860430e+00	1.701141e+00
1.605149e+00	1.593770e+00	1.591120e+00	1.599224e+00	1.629594e+00	1.640410e+00
1.044499e+01	1.003539e+01	9.667150e+00	9.371048e+00	9.113930e+00	8.598277e+00
8.118482e+00	7.678716e+00	7.280389e+00	6.923072e+00	6.604941e+00	6.316925e+00
6.047037e+00	5.788024e+00	5.539864e+00	5.302406e+00	5.074305e+00	4.852590e+00
4.628700e+00	4.375475e+00	3.995645e+00	3.678890e+00	3.193803e+00	2.632620e+00
1.906639e+00	1.731211e+00	1.611797e+00	1.597419e+00	1.591682e+00	1.598965e+00
1.625812e+00	1.631335e+00	1.043755e+01	1.002314e+01	9.655563e+00	9.365887e+00
9.116455e+00	8.617384e+00	8.158156e+00	7.736709e+00	7.351929e+00	7.002045e+00
6.685110e+00	6.396893e+00	6.131875e+00	5.885351e+00	5.653694e+00	5.433661e+00
5.222937e+00	5.016579e+00	4.802487e+00	4.547813e+00	4.163242e+00	3.849032e+00
3.360192e+00	2.780867e+00	1.987965e+00	1.769448e+00	1.615733e+00	1.600416e+00
1.594738e+00	1.599651e+00	1.618418e+00	1.623632e+00	1.043439e+01	1.001948e+01
9.652636e+00	9.365644e+00	9.122691e+00	8.640034e+00	8.196423e+00	7.788364e+00
7.414204e+00	7.071938e+00	6.759770e+00	6.475890e+00	6.218339e+00	5.983975e+00
5.767063e+00	5.562475e+00	5.367249e+00	5.175022e+00	4.971547e+00	4.721253e+00
4.339321e+00	4.028573e+00	3.536576e+00	2.938173e+00	2.074410e+00	1.814277e+00
1.622106e+00	1.604278e+00	1.597432e+00	1.600362e+00	1.611702e+00	1.617145e+00
1.043334e+01	1.002307e+01	9.661664e+00	9.380915e+00	9.143448e+00	8.668971e+00
8.232820e+00	7.831947e+00	7.465038e+00	7.130621e+00	6.827475e+00	6.553771e+00
6.307253e+00	6.084453e+00	5.879575e+00	5.687329e+00	5.504523e+00	5.324182e+00
5.131970e+00	4.894126e+00	4.525708e+00	4.219374e+00	3.724482e+00	3.105339e+00
2.167265e+00	1.870679e+00	1.634325e+00	1.609769e+00	1.599692e+00	1.601166e+00
1.605919e+00	1.611863e+00	1.043419e+01	1.002823e+01	9.671538e+00	9.395963e+00
9.163129e+00	8.695887e+00	8.266360e+00	7.871950e+00	7.511635e+00	7.184460e+00
6.889688e+00	6.625542e+00	6.389607e+00	6.178257e+00	5.985639e+00	5.806297e+00
5.636740e+00	5.469209e+00	5.289071e+00	5.064219e+00	4.710542e+00	4.410858e+00
3.917848e+00	3.283044e+00	2.271024e+00	1.934381e+00	1.648123e+00	1.615653e+00
1.601140e+00	1.601196e+00	1.600098e+00	1.607360e+00	1.043560e+01	1.003324e+01
9.680382e+00	9.408721e+00	9.179673e+00	8.719056e+00	8.295568e+00	7.907062e+00
7.552799e+00	7.232284e+00	6.945160e+00	6.689802e+00	6.463835e+00	6.263672e+00
6.083363e+00	5.917271e+00	5.761579e+00	5.607646e+00	5.440371e+00	5.229076e+00
4.891442e+00	4.600759e+00	4.114636e+00	3.470119e+00	2.386666e+00	2.006557e+00
1.663768e+00	1.621873e+00	1.601634e+00	1.600660e+00	1.594161e+00	1.603174e+00
1.043427e+01	1.003579e+01	9.686604e+00	9.418274e+00	9.192313e+00	8.737387e+00
8.319256e+00	7.936117e+00	7.587482e+00	7.273160e+00	6.993062e+00	6.745763e+00
6.528993e+00	6.339341e+00	6.170960e+00	6.018195e+00	5.876839e+00	5.737180e+00
5.583351e+00	5.385715e+00	5.064434e+00	4.784923e+00	4.312331e+00	3.666408e+00
2.514011e+00	2.086238e+00	1.681067e+00	1.628615e+00	1.601159e+00	1.598787e+00
1.589465e+00	1.598850e+00	1.044168e+01	1.004455e+01	9.697002e+00	9.430264e+00
9.205973e+00	8.755070e+00	8.341658e+00	7.963881e+00	7.621053e+00	7.312752e+00
7.038636e+00	6.797595e+00	6.587948e+00	6.407120e+00	6.250519e+00	6.113078e+00
5.989446e+00	5.866759e+00	5.725587e+00	5.534316e+00	5.217908e+00	4.951344e+00
4.514667e+00	3.897094e+00	2.662015e+00	2.164820e+00	1.697264e+00	1.638485e+00
1.602447e+00	1.594849e+00	1.590800e+00	1.596000e+00	1.044583e+01	1.005176e+01
9.706284e+00	9.441234e+00	9.218583e+00	8.771562e+00	8.362508e+00	7.989545e+00
7.651873e+00	7.348942e+00	7.080248e+00	6.844933e+00	6.641786e+00	6.468885e+00
6.322590e+00	6.198412e+00	6.090532e+00	5.984377e+00	5.858229e+00	5.678182e+00
5.371781e+00	5.118072e+00	4.711983e+00	4.121099e+00	2.822479e+00	2.257613e+00
1.715856e+00	1.647812e+00	1.603135e+00	1.592215e+00	1.591144e+00	1.593733e+00
1.044634e+01	1.005518e+01	9.712592e+00	9.449771e+00	9.229006e+00	8.785975e+00
8.380900e+00	8.012021e+00	7.678608e+00	7.380201e+00	7.116340e+00	6.886316e+00
6.689148e+00	6.523216e+00	6.385251e+00	6.271204e+00	6.175665e+00	6.084385e+00
5.975647e+00	5.814285e+00	5.527677e+00	5.286373e+00	4.897857e+00	4.322970e+00
2.993788e+00	2.374836e+00	1.739297e+00	1.655976e+00	1.603202e+00	1.591173e+00
1.589214e+00	1.591923e+00	1.044301e+01	1.005426e+01	9.714876e+00	9.454510e+00
9.235809e+00	8.796822e+00	8.395411e+00	8.030072e+00	7.700232e+00	7.405547e+00
7.145714e+00	6.920171e+00	6.728160e+00	6.568322e+00	6.437802e+00	6.332994e+00
6.248725e+00	6.170725e+00	6.077694e+00	5.935435e+00	5.672687e+00	5.446244e+00
5.076151e+00	4.520840e+00	3.176786e+00	2.502397e+00	1.767193e+00	1.666427e+00
1.602827e+00	1.590690e+00	1.587431e+00	1.590383e+00	1.043699e+01	1.005286e+01
9.716511e+00	9.458106e+00	9.240981e+00	8.805366e+00	8.407218e+00	8.045172e+00
7.718720e+00	7.427565e+00	7.171527e+00	6.950165e+00	6.762895e+00	6.608534e+00
6.484505e+00	6.387619e+00	6.313263e+00	6.247954e+00	6.171277e+00	6.049431e+00
5.812200e+00	5.601612e+00	5.251115e+00	4.717576e+00	3.368812e+00	2.641871e+00
1.799439e+00	1.678750e+00	1.602234e+00	1.590387e+00	1.585553e+00	1.588973e+00
1.043363e+01	1.005284e+01	9.718927e+00	9.461083e+00	9.243799e+00	8.809439e+00
8.413672e+00	8.054901e+00	7.732304e+00	7.445320e+00	7.193587e+00	6.976630e+00
6.793855e+00	6.643929e+00	6.523988e+00	6.431219e+00	6.363157e+00	6.310801e+00
6.256017e+00	6.158644e+00	5.944134e+00	5.748344e+00	5.422561e+00	4.913447e+00
3.559718e+00	2.796284e+00	1.838025e+00	1.693688e+00	1.602071e+00	1.590765e+00
1.583562e+00	1.587545e+00	1.043142e+01	1.005358e+01	9.721568e+00	9.463438e+00
9.245423e+00	8.811569e+00	8.417444e+00	8.061371e+00	7.742305e+00	7.459370e+00
7.211851e+00	6.999107e+00	6.820379e+00	6.673991e+00	6.556527e+00	6.465632e+00
6.401636e+00	6.361356e+00	6.330440e+00	6.259744e+00	6.066356e+00	5.884757e+00
5.587138e+00	5.104454e+00	3.749461e+00	2.967915e+00	1.886290e+00	1.713325e+00
1.602034e+00	1.592671e+00	1.581493e+00	1.586196e+00	1.042201e+01	1.005031e+01
9.721430e+00	9.465105e+00	9.246960e+00	8.814530e+00	8.422220e+00	8.068294e+00
7.751555e+00	7.471060e+00	7.226100e+00	7.016084e+00	6.840322e+00	6.697191e+00
6.583340e+00	6.496672e+00	6.438565e+00	6.408039e+00	6.392688e+00	6.343403e+00
6.177906e+00	6.014191e+00	5.739984e+00	5.283179e+00	3.952404e+00	3.145532e+00
1.941660e+00	1.739939e+00	1.603566e+00	1.594283e+00	1.579647e+00	1.585379e+00
1.040295e+01	1.004140e+01	9.720796e+00	9.466473e+00	9.248425e+00	8.818015e+00
8.427497e+00	8.075242e+00	7.760138e+00	7.481336e+00	7.238228e+00	7.030308e+00
6.856999e+00	6.716842e+00	6.606801e+00	6.525095e+00	6.473488e+00	6.451415e+00
6.447904e+00	6.417600e+00	6.282704e+00	6.138765e+00	5.885874e+00	5.455121e+00
4.166233e+00	3.331613e+00	2.004737e+00	1.774106e+00	1.608522e+00	1.595940e+00
1.577980e+00	1.584762e+00	1.038637e+01	1.003538e+01	9.721164e+00	9.469108e+00
9.251020e+00	8.822488e+00	8.433504e+00	8.082667e+00	7.768965e+00	7.491641e+00
7.250159e+00	7.044093e+00	6.872937e+00	6.735386e+00	6.628617e+00	6.551131e+00
6.505108e+00	6.490592e+00	6.498193e+00	6.486284e+00	6.381528e+00	6.257135e+00
6.025297e+00	5.621097e+00	4.382558e+00	3.526482e+00	2.076479e+00	1.814206e+00
1.614678e+00	1.598239e+00	1.577270e+00	1.584106e+00	1.037323e+01	1.003243e+01
9.726106e+00	9.475621e+00	9.256844e+00	8.829095e+00	8.440956e+00	8.091058e+00
7.778402e+00	7.502273e+00	7.262137e+00	7.057639e+00	6.888289e+00	6.752919e+00
6.648797e+00	6.574664e+00	6.533171e+00	6.525240e+00	6.543193e+00	6.548884e+00
6.473214e+00	6.367711e+00	6.156240e+00	5.778478e+00	4.598602e+00	3.730119e+00
2.161711e+00	1.864775e+00	1.623855e+00	1.601993e+00	1.577077e+00	1.583376e+00
1.035861e+01	1.002761e+01	9.726978e+00	9.478066e+00	9.258358e+00	8.831467e+00
8.444211e+00	8.095268e+00	7.783685e+00	7.508780e+00	7.270055e+00	7.067164e+00
6.899593e+00	6.766218e+00	6.664325e+00	6.592902e+00	6.555163e+00	6.553199e+00
6.581581e+00	6.604501e+00	6.554860e+00	6.466736e+00	6.275717e+00	5.926221e+00
4.810833e+00	3.936228e+00	2.257071e+00	1.923177e+00	1.634559e+00	1.605767e+00
1.576605e+00	1.582870e+00	1.033992e+01	1.001911e+01	9.726206e+00	9.479278e+00
9.259226e+00	8.833582e+00	8.447388e+00	8.099378e+00	7.788649e+00	7.514572e+00
7.276768e+00	7.074983e+00	6.908839e+00	6.777441e+00	6.678313e+00	6.610489e+00
6.576959e+00	6.579226e+00	6.611826e+00	6.646136e+00	6.626120e+00	6.558685e+00
6.388462e+00	6.063560e+00	5.015015e+00	4.145982e+00	2.365948e+00	1.990812e+00
1.647014e+00	1.610514e+00	1.576318e+00	1.582535e+00	1.031494e+01	1.000668e+01
9.723311e+00	9.481091e+00	9.263211e+00	8.841834e+00	8.457899e+00	8.110552e+00
7.799390e+00	7.524405e+00	7.285881e+00	7.083905e+00	6.918498e+00	6.789346e+00
6.694937e+00	6.634253e+00	6.607526e+00	6.609808e+00	6.633995e+00	6.670790e+00
6.687227e+00	6.648978e+00	6.501378e+00	6.191559e+00	5.205935e+00	4.361641e+00
2.492747e+00	2.068044e+00	1.661317e+00	1.618869e+00	1.577570e+00	1.582286e+00
1.030106e+01	9.999561e+00	9.721930e+00	9.481146e+00	9.262847e+00	8.842212e+00
8.459013e+00	8.112486e+00	7.802207e+00	7.528125e+00	7.290522e+00	7.089558e+00
6.925380e+00	6.797818e+00	6.705484e+00	6.647439e+00	6.623930e+00	6.630005e+00
6.658921e+00	6.704126e+00	6.739311e+00	6.718367e+00	6.596513e+00	6.313900e+00
5.380835e+00	4.570045e+00	2.635450e+00	2.157211e+00	1.678557e+00	1.628013e+00
1.577626e+00	1.581937e+00	1.029356e+01	9.998084e+00	9.722821e+00	9.482567e+00
9.263917e+00	8.843813e+00	8.461226e+00	8.115332e+00	7.805839e+00	7.532775e+00
7.296451e+00	7.096916e+00	6.934117e+00	6.807812e+00	6.716853e+00	6.660665e+00
6.639732e+00	6.649533e+00	6.684446e+00	6.739042e+00	6.787614e+00	6.777907e+00
6.680727e+00	6.437925e+00	5.563987e+00	4.758030e+00	2.788608e+00	2.263930e+00
1.700888e+00	1.630249e+00	1.579812e+00	1.581840e+00	1.028963e+01	9.999836e+00
9.728935e+00	9.489700e+00	9.270337e+00	8.849695e+00	8.466458e+00	8.120466e+00
7.811451e+00	7.539460e+00	7.304765e+00	7.107036e+00	6.945592e+00	6.819993e+00
6.729740e+00	6.674912e+00	6.656149e+00	6.669131e+00	6.708977e+00	6.772066e+00
6.831405e+00	6.828735e+00	6.753833e+00	6.559975e+00	5.755245e+00	4.924022e+00
2.951759e+00	2.393726e+00	1.731647e+00	1.627652e+00	1.592527e+00	1.581905e+00
1.028265e+01	9.997912e+00	9.729164e+00	9.491089e+00	9.271257e+00	8.851081e+00
8.468298e+00	8.122877e+00	7.814571e+00	7.543323e+00	7.309304e+00	7.112246e+00
6.951628e+00	6.827113e+00	6.738315e+00	6.685355e+00	6.668856e+00	6.684343e+00
6.727074e+00	6.794929e+00	6.866108e+00	6.875750e+00	6.821185e+00	6.653253e+00
5.909586e+00	5.120673e+00	3.129833e+00	2.519843e+00	1.764285e+00	1.637284e+00
1.597470e+00	1.581852e+00	1.027435e+01	9.994044e+00	9.729280e+00	9.491879e+00
9.271762e+00	8.851888e+00	8.469464e+00	8.124556e+00	7.816873e+00	7.546234e+00
7.312702e+00	7.116113e+00	6.956151e+00	6.832611e+00	6.745192e+00	6.693997e+00
6.679595e+00	6.697294e+00	6.742367e+00	6.813979e+00	6.896431e+00	6.919175e+00
6.883637e+00	6.735016e+00	6.050507e+00	5.330751e+00	3.320598e+00	2.650264e+00
1.800024e+00	1.657952e+00	1.601244e+00	1.581727e+00	1.026663e+01	9.990308e+00
9.728968e+00	9.491891e+00	9.271643e+00	8.851926e+00	8.469755e+00	8.125262e+00
7.818039e+00	7.547888e+00	7.314840e+00	7.118749e+00	6.959352e+00	6.836492e+00
6.750009e+00	6.700111e+00	6.687411e+00	6.707138e+00	6.754714e+00	6.830167e+00
6.922583e+00	6.956426e+00	6.937568e+00	6.808307e+00	6.186873e+00	5.534749e+00
3.519745e+00	2.792166e+00	1.841461e+00	1.679612e+00	1.605716e+00	1.581508e+00
1.025963e+01	9.986819e+00	9.727899e+00	9.491608e+00	9.271049e+00	8.851714e+00
8.469839e+00	8.125610e+00	7.818699e+00	7.548904e+00	7.316253e+00	7.120594e+00
6.961657e+00	6.839289e+00	6.753452e+00	6.704482e+00	6.693082e+00	6.714554e+00
6.764586e+00	6.843703e+00	6.944502e+00	6.987478e+00	6.983337e+00	6.872956e+00
6.314601e+00	5.729479e+00	3.728337e+00	2.947061e+00	1.890955e+00	1.706226e+00
1.610376e+00	1.581172e+00	1.025619e+01	9.986500e+00	9.728852e+00	9.492861e+00
9.272164e+00	8.852959e+00	8.471284e+00	8.127353e+00	7.820672e+00	7.551087e+00
7.318680e+00	7.123370e+00	6.964978e+00	6.843331e+00	6.758117e+00	6.709546e+00
6.698401e+00	6.721439e+00	6.775186e+00	6.858693e+00	6.963025e+00	7.010656e+00
7.024460e+00	6.945366e+00	6.430387e+00	5.887004e+00	3.957299e+00	3.124365e+00
1.947258e+00	1.735668e+00	1.613025e+00	1.581305e+00	1.025386e+01	9.986427e+00
9.731277e+00	9.495899e+00	9.274909e+00	8.855966e+00	8.474414e+00	8.130416e+00
7.823599e+00	7.553913e+00	7.321529e+00	7.126444e+00	6.968589e+00	6.847733e+00
6.763046e+00	6.714517e+00	6.703217e+00	6.727688e+00	6.785502e+00	6.873598e+00
6.979429e+00	7.029978e+00	7.061961e+00	7.018446e+00	6.538836e+00	6.027176e+00
4.202106e+00	3.320030e+00	2.010806e+00	1.768933e+00	1.614979e+00	1.581665e+00
1.024982e+01	9.985535e+00	9.731528e+00	9.496394e+00	9.275288e+00	8.856464e+00
8.474982e+00	8.130977e+00	7.824141e+00	7.554458e+00	7.322132e+00	7.127157e+00
6.969447e+00	6.848760e+00	6.764215e+00	6.715805e+00	6.705716e+00	6.731420e+00
6.790437e+00	6.881078e+00	6.993682e+00	7.050303e+00	7.090789e+00	7.056049e+00
6.641781e+00	6.194625e+00	4.425835e+00	3.502128e+00	2.083798e+00	1.811884e+00
1.619187e+00	1.581624e+00	1.024147e+01	9.979228e+00	9.726915e+00	9.492174e+00
9.270883e+00	8.852360e+00	8.471246e+00	8.127634e+00	7.821243e+00	7.552076e+00
7.320369e+00	7.125902e+00	6.968188e+00	6.847068e+00	6.762588e+00	6.715366e+00
6.706906e+00	6.733398e+00	6.791937e+00	6.883530e+00	7.005471e+00	7.073112e+00
7.111529e+00	7.069347e+00	6.737658e+00	6.414400e+00	4.616539e+00	3.659226e+00
2.171784e+00	1.874794e+00	1.631830e+00	1.580264e+00	1.024730e+01	9.983681e+00
9.729952e+00	9.493860e+00	9.271453e+00	8.851951e+00	8.470730e+00	8.127384e+00
7.821490e+00	7.552871e+00	7.321581e+00	7.127426e+00	6.969986e+00	6.848962e+00
6.763788e+00	6.715283e+00	6.705425e+00	6.734606e+00	6.800955e+00	6.898601e+00
7.018795e+00	7.081394e+00	7.128799e+00	7.107517e+00	6.830221e+00	6.504758e+00
4.839568e+00	3.873775e+00	2.270834e+00	1.926639e+00	1.643273e+00	1.580396e+00
1.025899e+01	9.992876e+00	9.737254e+00	9.498978e+00	9.274616e+00	8.853180e+00
8.471565e+00	8.128687e+00	7.823681e+00	7.555982e+00	7.325333e+00	7.131668e+00
6.974871e+00	6.854333e+00	6.767950e+00	6.715492e+00	6.702996e+00	6.735945e+00
6.816047e+00	6.922547e+00	7.031289e+00	7.086168e+00	7.144234e+00	7.163572e+00
6.914039e+00	6.559315e+00	5.075505e+00	4.125274e+00	2.383285e+00	1.978133e+00
1.654908e+00	1.581057e+00	1.025701e+01	9.992737e+00	9.737890e+00	9.499817e+00
9.275438e+00	8.854238e+00	8.472749e+00	8.129910e+00	7.824937e+00	7.557291e+00
7.326717e+00	7.133151e+00	6.976492e+00	6.856190e+00	6.770340e+00	6.718889e+00
6.707006e+00	6.740245e+00	6.819590e+00	6.926846e+00	7.038632e+00	7.097781e+00
7.160568e+00	7.187665e+00	6.979910e+00	6.675632e+00	5.272281e+00	4.326088e+00
2.510238e+00	2.061288e+00	1.670767e+00	1.581074e+00	1.024448e+01	9.985397e+00
9.734598e+00	9.498907e+00	9.275839e+00	8.856773e+00	8.475785e+00	8.132689e+00
7.827034e+00	7.558649e+00	7.327592e+00	7.133752e+00	6.976828e+00	6.856645e+00
6.772793e+00	6.725535e+00	6.717417e+00	6.747896e+00	6.815670e+00	6.915951e+00
7.042241e+00	7.114085e+00	7.180736e+00	7.199710e+00	7.027037e+00	6.812985e+00
5.457282e+00	4.497955e+00	2.647752e+00	2.173000e+00	1.685319e+00	1.581373e+00
1.023429e+01	9.978370e+00	9.730596e+00	9.497103e+00	9.275529e+00	8.857295e+00
8.476527e+00	8.133323e+00	7.827391e+00	7.558731e+00	7.327531e+00	7.133636e+00
6.976662e+00	6.856511e+00	6.773270e+00	6.727614e+00	6.720994e+00	6.750214e+00
6.811962e+00	6.909487e+00	7.043979e+00	7.122784e+00	7.195559e+00	7.214568e+00
7.073836e+00	6.913553e+00	5.628158e+00	4.677405e+00	2.798549e+00	2.292724e+00
1.702083e+00	1.581441e+00	1.022950e+01	9.974382e+00	9.727124e+00	9.493543e+00
9.271632e+00	8.853655e+00	8.473083e+00	8.130017e+00	7.824226e+00	7.555730e+00
7.324789e+00	7.131174e+00	6.974404e+00	6.854289e+00	6.770979e+00	6.725195e+00
6.718406e+00	6.747452e+00	6.809914e+00	6.908372e+00	7.044715e+00	7.125504e+00
7.204414e+00	7.238070e+00	7.124295e+00	6.972724e+00	5.782465e+00	4.875620e+00
2.965673e+00	2.413263e+00	1.722921e+00	1.580849e+00	