1.047781e-01	1.093234e-01	1.138694e-01	1.183538e-01	1.227697e-01	1.313707e-01
1.395987e-01	1.474339e-01	1.550769e-01	1.628951e-01	1.715322e-01	1.814401e-01
1.932679e-01	2.080988e-01	2.277573e-01	2.534554e-01	2.825421e-01	3.046171e-01
3.098852e-01	3.102866e-01	3.225609e-01	3.339415e-01	3.452510e-01	3.500876e-01
3.437893e-01	3.434590e-01	3.432024e-01	3.428240e-01	3.425694e-01	3.428011e-01
3.422504e-01	3.426358e-01	1.204634e-01	1.254984e-01	1.305318e-01	1.354983e-01
1.403917e-01	1.499349e-01	1.590880e-01	1.678346e-01	1.763926e-01	1.851562e-01
1.948134e-01	2.058444e-01	2.189358e-01	2.352282e-01	2.566312e-01	2.843724e-01
3.155888e-01	3.393472e-01	3.454125e-01	3.462079e-01	3.591626e-01	3.710126e-01
3.828215e-01	3.879454e-01	3.814002e-01	3.810320e-01	3.807742e-01	3.803854e-01
3.801185e-01	3.803581e-01	3.797883e-01	3.801868e-01	1.384968e-01	1.440667e-01
1.496324e-01	1.551263e-01	1.605430e-01	1.711223e-01	1.812981e-01	1.910582e-01
2.006381e-01	2.104595e-01	2.212543e-01	2.335310e-01	2.480125e-01	2.658945e-01
2.891657e-01	3.190607e-01	3.525008e-01	3.780369e-01	3.850129e-01	3.862878e-01
3.999175e-01	4.121989e-01	4.244804e-01	4.298971e-01	4.231258e-01	4.227154e-01
4.224591e-01	4.220623e-01	4.217834e-01	4.220298e-01	4.214433e-01	4.218530e-01
1.592297e-01	1.653822e-01	1.715279e-01	1.775976e-01	1.835868e-01	1.953038e-01
2.066090e-01	2.174953e-01	2.282163e-01	2.392208e-01	2.512840e-01	2.649416e-01
2.809510e-01	3.005587e-01	3.258247e-01	3.579803e-01	3.937300e-01	4.211377e-01
4.291534e-01	4.310076e-01	4.452970e-01	4.579573e-01	4.706727e-01	4.763854e-01
4.694163e-01	4.689588e-01	4.687073e-01	4.683054e-01	4.680151e-01	4.682671e-01
4.676671e-01	4.680857e-01	1.830664e-01	1.898515e-01	1.966273e-01	2.033240e-01
2.099383e-01	2.229024e-01	2.354535e-01	2.475906e-01	2.595852e-01	2.719126e-01
2.853894e-01	3.005770e-01	3.182640e-01	3.397420e-01	3.671312e-01	4.016474e-01
4.397815e-01	4.691525e-01	4.783544e-01	4.809046e-01	4.958258e-01	5.087954e-01
5.218916e-01	5.279009e-01	5.207710e-01	5.202610e-01	5.200186e-01	5.196151e-01
5.193143e-01	5.195701e-01	5.189607e-01	5.193852e-01	2.104714e-01	2.179412e-01
2.253995e-01	2.327771e-01	2.400721e-01	2.544010e-01	2.683250e-01	2.818502e-01
2.952658e-01	3.090720e-01	3.241238e-01	3.410054e-01	3.605325e-01	3.840336e-01
4.136744e-01	4.506411e-01	4.912193e-01	5.226416e-01	5.331961e-01	5.365781e-01
5.520881e-01	5.652771e-01	5.786842e-01	5.849871e-01	5.777439e-01	5.771754e-01
5.769472e-01	5.765466e-01	5.762364e-01	5.764938e-01	5.758801e-01	5.763068e-01
2.419790e-01	2.501869e-01	2.583819e-01	2.664968e-01	2.745313e-01	2.903507e-01
3.057856e-01	3.208504e-01	3.358507e-01	3.513095e-01	3.681153e-01	3.868717e-01
4.084147e-01	4.340994e-01	4.661180e-01	5.056112e-01	5.486733e-01	5.822292e-01
5.943253e-01	5.986968e-01	6.147347e-01	6.280288e-01	6.416570e-01	6.482466e-01
6.409498e-01	6.403161e-01	6.401079e-01	6.397157e-01	6.393978e-01	6.396541e-01
6.390425e-01	6.394667e-01	2.782032e-01	2.872035e-01	2.961906e-01	3.051010e-01
3.139366e-01	3.313805e-01	3.484761e-01	3.652471e-01	3.820142e-01	3.993193e-01
4.180777e-01	4.389070e-01	4.626561e-01	4.906922e-01	5.252102e-01	5.672866e-01
6.128473e-01	6.486104e-01	6.624628e-01	6.680068e-01	6.844900e-01	6.977466e-01
7.114826e-01	7.183468e-01	7.110705e-01	7.103641e-01	7.101831e-01	7.098060e-01
7.094822e-01	7.097341e-01	7.091324e-01	7.095486e-01	3.198501e-01	3.296970e-01
3.395318e-01	3.492973e-01	3.589981e-01	3.782082e-01	3.971266e-01	4.157871e-01
4.345229e-01	4.538900e-01	4.748211e-01	4.979412e-01	5.241012e-01	5.546628e-01
5.917938e-01	6.364853e-01	6.845272e-01	7.225599e-01	7.384119e-01	7.453407e-01
7.621605e-01	7.752039e-01	7.889066e-01	7.960275e-01	7.888624e-01	7.880751e-01
7.879297e-01	7.875756e-01	7.872487e-01	7.874921e-01	7.869099e-01	7.873110e-01
3.677317e-01	3.784777e-01	3.892151e-01	3.998958e-01	4.105275e-01	4.316532e-01
4.525691e-01	4.733204e-01	4.942491e-01	5.159183e-01	5.392660e-01	5.649157e-01
5.937069e-01	6.269733e-01	6.668185e-01	7.141250e-01	7.645910e-01	8.049405e-01
8.230684e-01	8.316275e-01	8.486444e-01	8.612597e-01	8.747559e-01	8.821085e-01
8.751649e-01	8.742873e-01	8.741875e-01	8.738661e-01	8.735391e-01	8.737691e-01
8.732179e-01	8.735957e-01	4.227811e-01	4.344757e-01	4.461684e-01	4.578239e-01
4.694532e-01	4.926507e-01	5.157519e-01	5.388148e-01	5.621848e-01	5.864233e-01
6.124577e-01	6.408985e-01	6.725569e-01	7.087107e-01	7.513546e-01	8.012353e-01
8.540192e-01	8.967135e-01	9.174305e-01	9.279035e-01	9.449419e-01	9.568686e-01
9.699475e-01	9.774981e-01	9.709089e-01	9.699309e-01	9.698883e-01	9.696110e-01
9.692878e-01	9.694986e-01	9.689921e-01	9.693368e-01	4.860713e-01	4.987590e-01
5.114556e-01	5.241434e-01	5.368370e-01	5.622677e-01	5.877557e-01	6.133716e-01
6.394584e-01	6.665636e-01	6.955832e-01	7.271012e-01	7.618789e-01	8.011040e-01
8.466077e-01	8.989716e-01	9.539070e-01	9.989498e-01	1.022611e+00	1.035325e+00
1.052166e+00	1.063091e+00	1.075498e+00	1.083203e+00	1.077127e+00	1.076037e+00
1.076066e+00	1.075846e+00	1.075532e+00	1.075716e+00	1.075271e+00	1.075571e+00
5.588362e-01	5.725534e-01	5.862963e-01	6.000698e-01	6.138928e-01	6.417223e-01
6.698118e-01	6.982451e-01	7.273535e-01	7.576557e-01	7.899910e-01	8.248984e-01
8.630637e-01	9.055425e-01	9.539365e-01	1.008630e+00	1.065478e+00	1.112842e+00
1.139850e+00	1.155183e+00	1.171558e+00	1.181105e+00	1.192534e+00	1.200339e+00
1.194966e+00	1.193752e+00	1.193867e+00	1.193721e+00	1.193421e+00	1.193571e+00
1.193206e+00	1.193447e+00	6.424939e-01	6.572661e-01	6.720882e-01	6.869948e-01
7.020089e-01	7.324048e-01	7.633237e-01	7.948627e-01	8.273299e-01	8.611965e-01
8.972122e-01	9.358496e-01	9.776868e-01	1.023597e+00	1.074872e+00	1.131664e+00
1.190099e+00	1.239720e+00	1.270530e+00	1.288916e+00	1.304497e+00	1.312221e+00
1.322307e+00	1.330141e+00	1.325697e+00	1.324343e+00	1.324565e+00	1.324510e+00
1.324232e+00	1.324338e+00	1.324077e+00	1.324242e+00	7.386751e-01	7.545126e-01
7.704340e-01	7.865115e-01	8.027730e-01	8.359018e-01	8.698907e-01	9.048495e-01
9.410483e-01	9.788870e-01	1.018986e+00	1.061724e+00	1.107533e+00	1.157041e+00
1.211139e+00	1.269707e+00	1.329295e+00	1.381063e+00	1.416192e+00	1.438132e+00
1.452521e+00	1.457891e+00	1.466201e+00	1.473980e+00	1.470730e+00	1.469221e+00
1.469570e+00	1.469630e+00	1.469381e+00	1.469431e+00	1.469301e+00	1.469371e+00
8.501721e-01	8.669086e-01	8.837865e-01	9.009332e-01	9.183805e-01	9.542356e-01
9.914510e-01	1.030152e+00	1.070547e+00	1.112924e+00	1.157705e+00	1.205128e+00
1.255411e+00	1.308822e+00	1.365660e+00	1.425453e+00	1.485493e+00	1.539413e+00
1.580124e+00	1.606519e+00	1.618254e+00	1.620030e+00	1.626402e+00	1.635207e+00
1.632868e+00	1.630154e+00	1.631044e+00	1.631494e+00	1.631253e+00	1.631165e+00
1.631359e+00	1.631202e+00	9.777278e-01	9.954091e-01	1.013301e+00	1.031592e+00
1.050319e+00	1.089145e+00	1.129902e+00	1.172726e+00	1.217742e+00	1.265097e+00
1.314962e+00	1.367405e+00	1.422383e+00	1.479738e+00	1.539089e+00	1.599595e+00
1.659457e+00	1.715193e+00	1.761753e+00	1.793075e+00	1.802155e+00	1.799960e+00
1.803583e+00	1.812584e+00	1.811878e+00	1.808548e+00	1.809779e+00	1.810501e+00
1.810299e+00	1.810097e+00	1.810558e+00	1.810211e+00	1.118734e+00	1.138286e+00
1.158073e+00	1.178309e+00	1.199044e+00	1.242089e+00	1.287326e+00	1.334863e+00
1.384755e+00	1.437023e+00	1.491651e+00	1.548564e+00	1.607516e+00	1.668062e+00
1.729435e+00	1.790574e+00	1.850155e+00	1.906306e+00	1.955516e+00	1.990927e+00
2.003021e+00	1.999632e+00	1.996891e+00	1.997958e+00	2.003408e+00	2.006485e+00
2.005448e+00	2.004788e+00	2.004855e+00	2.004981e+00	2.004675e+00	2.004836e+00
1.273926e+00	1.296501e+00	1.319284e+00	1.342464e+00	1.366104e+00	1.414882e+00
1.465663e+00	1.518485e+00	1.573342e+00	1.630172e+00	1.688882e+00	1.749315e+00
1.811131e+00	1.873805e+00	1.936592e+00	1.998418e+00	2.057831e+00	2.112862e+00
2.160852e+00	2.198848e+00	2.219735e+00	2.218641e+00	2.206525e+00	2.191986e+00
2.207640e+00	2.224027e+00	2.218064e+00	2.214376e+00	2.214932e+00	2.215834e+00
2.213724e+00	2.215093e+00	1.450598e+00	1.476041e+00	1.501656e+00	1.527605e+00
1.553967e+00	1.608082e+00	1.663974e+00	1.721593e+00	1.780844e+00	1.841542e+00
1.903470e+00	1.966418e+00	2.030061e+00	2.093989e+00	2.157810e+00	2.220710e+00
2.280970e+00	2.335894e+00	2.382312e+00	2.418286e+00	2.439504e+00	2.440596e+00
2.430648e+00	2.416672e+00	2.432514e+00	2.448252e+00	2.442260e+00	2.438675e+00
2.439245e+00	2.440145e+00	2.438080e+00	2.439419e+00	1.650240e+00	1.678670e+00
1.707213e+00	1.735988e+00	1.765090e+00	1.824479e+00	1.885268e+00	1.947307e+00
2.010396e+00	2.074222e+00	2.138453e+00	2.202860e+00	2.267245e+00	2.331477e+00
2.395800e+00	2.459874e+00	2.521538e+00	2.576726e+00	2.620696e+00	2.651081e+00
2.667448e+00	2.671050e+00	2.671132e+00	2.669539e+00	2.678068e+00	2.683719e+00
2.680843e+00	2.679455e+00	2.679715e+00	2.680096e+00	2.679319e+00	2.679795e+00
1.867941e+00	1.900448e+00	1.932906e+00	1.965313e+00	1.997786e+00	2.063227e+00
2.129033e+00	2.194995e+00	2.260918e+00	2.326623e+00	2.392011e+00	2.456910e+00
2.521199e+00	2.584869e+00	2.648467e+00	2.711883e+00	2.772756e+00	2.826477e+00
2.867852e+00	2.894862e+00	2.909141e+00	2.914552e+00	2.921643e+00	2.928885e+00
2.933427e+00	2.932783e+00	2.931471e+00	2.931399e+00	2.931525e+00	2.931558e+00
2.931634e+00	2.931548e+00	2.101040e+00	2.139259e+00	2.177120e+00	2.214374e+00
2.251152e+00	2.323762e+00	2.394661e+00	2.463674e+00	2.530828e+00	2.596535e+00
2.661504e+00	2.725698e+00	2.788974e+00	2.851143e+00	2.912469e+00	2.972675e+00
3.029640e+00	3.079551e+00	3.118494e+00	3.146132e+00	3.163223e+00	3.169130e+00
3.177564e+00	3.186935e+00	3.193288e+00	3.193328e+00	3.190800e+00	3.190450e+00
3.190749e+00	3.190747e+00	3.190879e+00	3.190781e+00	2.353797e+00	2.398417e+00
2.442279e+00	2.484801e+00	2.526137e+00	2.605957e+00	2.681355e+00	2.752226e+00
2.818987e+00	2.882874e+00	2.945708e+00	3.007686e+00	3.068576e+00	3.127927e+00
3.185553e+00	3.240897e+00	3.292420e+00	3.337816e+00	3.374779e+00	3.403040e+00
3.422199e+00	3.429037e+00	3.439012e+00	3.450460e+00	3.459252e+00	3.459432e+00
3.455989e+00	3.455399e+00	3.455777e+00	3.455874e+00	3.455895e+00	3.455874e+00
2.625751e+00	2.677205e+00	2.727409e+00	2.775385e+00	2.821313e+00	2.907992e+00
2.986960e+00	3.058239e+00	3.122766e+00	3.182789e+00	3.241478e+00	3.299341e+00
3.356068e+00	3.410971e+00	3.463454e+00	3.512731e+00	3.557927e+00	3.598310e+00
3.633034e+00	3.661180e+00	3.681835e+00	3.690337e+00	3.702341e+00	3.715802e+00
3.726948e+00	3.726815e+00	3.722884e+00	3.722160e+00	3.722549e+00	3.722796e+00
3.722647e+00	3.722730e+00	2.915835e+00	2.974041e+00	3.030435e+00	3.083616e+00
3.133798e+00	3.226381e+00	3.307597e+00	3.377659e+00	3.438037e+00	3.492067e+00
3.544361e+00	3.595774e+00	3.646068e+00	3.694573e+00	3.740618e+00	3.783500e+00
3.822561e+00	3.857510e+00	3.888161e+00	3.914630e+00	3.937345e+00	3.948321e+00
3.962677e+00	3.977510e+00	3.989911e+00	3.990087e+00	3.985942e+00	3.985166e+00
3.985612e+00	3.985865e+00	3.985716e+00	3.985812e+00	3.222602e+00	3.287593e+00
3.350117e+00	3.408245e+00	3.462219e+00	3.559326e+00	3.640817e+00	3.707207e+00
3.760736e+00	3.806125e+00	3.849735e+00	3.892888e+00	3.935344e+00	3.976352e+00
4.014914e+00	4.050187e+00	4.081889e+00	4.110548e+00	4.136910e+00	4.161848e+00
4.186675e+00	4.199943e+00	4.216019e+00	4.231327e+00	4.244499e+00	4.245419e+00
4.241429e+00	4.240745e+00	4.241272e+00	4.241375e+00	4.241436e+00	4.241449e+00
3.547379e+00	3.618075e+00	3.685623e+00	3.747559e+00	3.804176e+00	3.903540e+00
3.983110e+00	4.043746e+00	4.088468e+00	4.123296e+00	4.156206e+00	4.188984e+00
4.221457e+00	4.252994e+00	4.282576e+00	4.309460e+00	4.333650e+00	4.356040e+00
4.377889e+00	4.400833e+00	4.427055e+00	4.442039e+00	4.458954e+00	4.473867e+00
4.487483e+00	4.489149e+00	4.486055e+00	4.485537e+00	4.486079e+00	4.486084e+00
4.486267e+00	4.486234e+00	3.885558e+00	3.959777e+00	4.030215e+00	4.093924e+00
4.151283e+00	4.249521e+00	4.324379e+00	4.377048e+00	4.411197e+00	4.433857e+00
4.454246e+00	4.474556e+00	4.494835e+00	4.514855e+00	4.534055e+00	4.552134e+00
4.569184e+00	4.585734e+00	4.602903e+00	4.623133e+00	4.649532e+00	4.665312e+00
4.681841e+00	4.695271e+00	4.708851e+00	4.711141e+00	4.709871e+00	4.709591e+00
4.710051e+00	4.710061e+00	4.710201e+00	4.710191e+00	4.234903e+00	4.310491e+00
4.381704e+00	4.445130e+00	4.501250e+00	4.594712e+00	4.661714e+00	4.703807e+00
4.725254e+00	4.733957e+00	4.740157e+00	4.746381e+00	4.753014e+00	4.760284e+00
4.768270e+00	4.777207e+00	4.787084e+00	4.797669e+00	4.809516e+00	4.826048e+00
4.851419e+00	4.867168e+00	4.882101e+00	4.892763e+00	4.905395e+00	4.908411e+00
4.909653e+00	4.909738e+00	4.910060e+00	4.910072e+00	4.910151e+00	4.910169e+00
4.600018e+00	4.675101e+00	4.745244e+00	4.806588e+00	4.859732e+00	4.945213e+00
5.001553e+00	5.030701e+00	5.037476e+00	5.030567e+00	5.021077e+00	5.011851e+00
5.003654e+00	4.997188e+00	4.993241e+00	4.992584e+00	4.994991e+00	4.999238e+00
5.005108e+00	5.017065e+00	5.040345e+00	5.055377e+00	5.067811e+00	5.074819e+00
5.085794e+00	5.089534e+00	5.093742e+00	5.094270e+00	5.094410e+00	5.094428e+00
5.094428e+00	5.094480e+00	4.976693e+00	5.048223e+00	5.114385e+00	5.171026e+00
5.218868e+00	5.292504e+00	5.335175e+00	5.348896e+00	5.338962e+00	5.314757e+00
5.288124e+00	5.262351e+00	5.238711e+00	5.218347e+00	5.202428e+00	5.191884e+00
5.186238e+00	5.183282e+00	5.182062e+00	5.187858e+00	5.206926e+00	5.220080e+00
5.228569e+00	5.230502e+00	5.238480e+00	5.242839e+00	5.250665e+00	5.251737e+00
5.251616e+00	5.251658e+00	5.251554e+00	5.251652e+00	5.358313e+00	5.423383e+00
5.482720e+00	5.531926e+00	5.571878e+00	5.629055e+00	5.654329e+00	5.649960e+00
5.621656e+00	5.579263e+00	5.535016e+00	5.492543e+00	5.453449e+00	5.419171e+00
5.391240e+00	5.370657e+00	5.356641e+00	5.345890e+00	5.336660e+00	5.335072e+00
5.348274e+00	5.358457e+00	5.361914e+00	5.357988e+00	5.362062e+00	5.366860e+00
5.378500e+00	5.380157e+00	5.379740e+00	5.379797e+00	5.379593e+00	5.379736e+00
5.736121e+00	5.798793e+00	5.853721e+00	5.894963e+00	5.924035e+00	5.954595e+00
5.951194e+00	5.922131e+00	5.874020e+00	5.815948e+00	5.758536e+00	5.703802e+00
5.650813e+00	5.600293e+00	5.557209e+00	5.525114e+00	5.502476e+00	5.483273e+00
5.463777e+00	5.453324e+00	5.459520e+00	5.464021e+00	5.460577e+00	5.450645e+00
5.449626e+00	5.454293e+00	5.469811e+00	5.472123e+00	5.471479e+00	5.471339e+00
5.471206e+00	5.471312e+00	6.117312e+00	6.179177e+00	6.230304e+00	6.262455e+00
6.278138e+00	6.275112e+00	6.236224e+00	6.178626e+00	6.109617e+00	6.036696e+00
5.967893e+00	5.902754e+00	5.836511e+00	5.768743e+00	5.709227e+00	5.665011e+00
5.633568e+00	5.605599e+00	5.575088e+00	5.555322e+00	5.554105e+00	5.552243e+00
5.541674e+00	5.526043e+00	5.519949e+00	5.524335e+00	5.543412e+00	5.546340e+00
5.545502e+00	5.545129e+00	5.545105e+00	5.545158e+00	6.508032e+00	6.560707e+00
6.600999e+00	6.619753e+00	6.620204e+00	6.584572e+00	6.513436e+00	6.427787e+00
6.335359e+00	6.243046e+00	6.157826e+00	6.078217e+00	5.997943e+00	5.915766e+00
5.842517e+00	5.785842e+00	5.742849e+00	5.703569e+00	5.661703e+00	5.630625e+00
5.616919e+00	5.607294e+00	5.588784e+00	5.566861e+00	5.554017e+00	5.556866e+00
5.575857e+00	5.578820e+00	5.577822e+00	5.577365e+00	5.577376e+00	5.577418e+00
6.903912e+00	6.935735e+00	6.956092e+00	6.956525e+00	6.940251e+00	6.875101e+00
6.777462e+00	6.665540e+00	6.547363e+00	6.430912e+00	6.324307e+00	6.226668e+00
6.132303e+00	6.039210e+00	5.955585e+00	5.886896e+00	5.830811e+00	5.779236e+00
5.726981e+00	5.684906e+00	5.658981e+00	5.641608e+00	5.615758e+00	5.588244e+00
5.569346e+00	5.570598e+00	5.588377e+00	5.591188e+00	5.590082e+00	5.589613e+00
5.589623e+00	5.589672e+00	7.298205e+00	7.309424e+00	7.309683e+00	7.290900e+00
7.256413e+00	7.157817e+00	7.029635e+00	6.888807e+00	6.743506e+00	6.602153e+00
6.473424e+00	6.356925e+00	6.247733e+00	6.143162e+00	6.048359e+00	5.966420e+00
5.895739e+00	5.830754e+00	5.767994e+00	5.711017e+00	5.664289e+00	5.643714e+00
5.615258e+00	5.586318e+00	5.565185e+00	5.565388e+00	5.581024e+00	5.583518e+00
5.582430e+00	5.581987e+00	5.581991e+00	5.582042e+00	7.687434e+00	7.679674e+00
7.660740e+00	7.622439e+00	7.568474e+00	7.432383e+00	7.269280e+00	7.096925e+00
6.923443e+00	6.756855e+00	6.605650e+00	6.469754e+00	6.345045e+00	6.228255e+00
6.121396e+00	6.025427e+00	5.938920e+00	5.859092e+00	5.783807e+00	5.718543e+00
5.661087e+00	5.631025e+00	5.596798e+00	5.565989e+00	5.540225e+00	5.537426e+00
5.545518e+00	5.546880e+00	5.545942e+00	5.545611e+00	5.545597e+00	5.545646e+00
8.069851e+00	8.045427e+00	8.008810e+00	7.951089e+00	7.876623e+00	7.699206e+00
7.496859e+00	7.290360e+00	7.087616e+00	6.895386e+00	6.721152e+00	6.565036e+00
6.423630e+00	6.293164e+00	6.172471e+00	6.060568e+00	5.959188e+00	5.867455e+00
5.783589e+00	5.703211e+00	5.626221e+00	5.589622e+00	5.552881e+00	5.523628e+00
5.495693e+00	5.489692e+00	5.487617e+00	5.487446e+00	5.486810e+00	5.486670e+00
5.486639e+00	5.486677e+00	8.443393e+00	8.403806e+00	8.350328e+00	8.272879e+00
8.176693e+00	7.954263e+00	7.708938e+00	7.466201e+00	7.233529e+00	7.015707e+00
6.818394e+00	6.642056e+00	6.484357e+00	6.339426e+00	6.199480e+00	6.066954e+00
5.950171e+00	5.845777e+00	5.751684e+00	5.658469e+00	5.564568e+00	5.521018e+00
5.481957e+00	5.454723e+00	5.424725e+00	5.415558e+00	5.402740e+00	5.400940e+00
5.400648e+00	5.400683e+00	5.400677e+00	5.400668e+00	8.807309e+00	8.752486e+00
8.681868e+00	8.583759e+00	8.464334e+00	8.193028e+00	7.901085e+00	7.620068e+00
7.356766e+00	7.113614e+00	6.893854e+00	6.694890e+00	6.514368e+00	6.351002e+00
6.202981e+00	6.062812e+00	5.927858e+00	5.804835e+00	5.695081e+00	5.588480e+00
5.479656e+00	5.429667e+00	5.387317e+00	5.360566e+00	5.329091e+00	5.316491e+00
5.294112e+00	5.290788e+00	5.290689e+00	5.290975e+00	5.290769e+00	5.290875e+00
9.158772e+00	9.083507e+00	8.990872e+00	8.868384e+00	8.723246e+00	8.400926e+00
8.062876e+00	7.744627e+00	7.451669e+00	7.183923e+00	6.941378e+00	6.722855e+00
6.524183e+00	6.341242e+00	6.171042e+00	6.012262e+00	5.864473e+00	5.727295e+00
5.599667e+00	5.477600e+00	5.358733e+00	5.303290e+00	5.255027e+00	5.224435e+00
5.192183e+00	5.176082e+00	5.148480e+00	5.144140e+00	5.143880e+00	5.144510e+00
5.143710e+00	5.144220e+00	9.542612e+00	9.405719e+00	9.257269e+00	9.090817e+00
8.912512e+00	8.546016e+00	8.182830e+00	7.845088e+00	7.523409e+00	7.224102e+00
6.947407e+00	6.712507e+00	6.499703e+00	6.297722e+00	6.105122e+00	5.927583e+00
5.764063e+00	5.613090e+00	5.472892e+00	5.338016e+00	5.203932e+00	5.140035e+00
5.084468e+00	5.049324e+00	5.011966e+00	4.994828e+00	4.966873e+00	4.962558e+00
4.962221e+00	4.962728e+00	4.962147e+00	4.962474e+00	9.927503e+00	9.715548e+00
9.502547e+00	9.288394e+00	9.076115e+00	8.666938e+00	8.280269e+00	7.921684e+00
7.575653e+00	7.251089e+00	6.950611e+00	6.686397e+00	6.443208e+00	6.216755e+00
6.005483e+00	5.810059e+00	5.631307e+00	5.468435e+00	5.319243e+00	5.173484e+00
5.022784e+00	4.949506e+00	4.885803e+00	4.844903e+00	4.799790e+00	4.783323e+00
4.759300e+00	4.755806e+00	4.755350e+00	4.755488e+00	4.755471e+00	4.755360e+00
1.024541e+01	9.984123e+00	9.726183e+00	9.474734e+00	9.231713e+00	8.773681e+00
8.346778e+00	7.940753e+00	7.576926e+00	7.241368e+00	6.931300e+00	6.636995e+00
6.366819e+00	6.118781e+00	5.889359e+00	5.676797e+00	5.482264e+00	5.304939e+00
5.142440e+00	4.983413e+00	4.818603e+00	4.737831e+00	4.665652e+00	4.616603e+00
4.562907e+00	4.547210e+00	4.530251e+00	4.528047e+00	4.527206e+00	4.527084e+00
4.527185e+00	4.526922e+00	1.050636e+01	1.021268e+01	9.923341e+00	9.642258e+00
9.371163e+00	8.861103e+00	8.389180e+00	7.945498e+00	7.543944e+00	7.174232e+00
6.835667e+00	6.525522e+00	6.241825e+00	5.981143e+00	5.738815e+00	5.511952e+00
5.301840e+00	5.107836e+00	4.927916e+00	4.753408e+00	4.577382e+00	4.491244e+00
4.410291e+00	4.350464e+00	4.286887e+00	4.272347e+00	4.266488e+00	4.266203e+00
4.264691e+00	4.264386e+00	4.264188e+00	4.264029e+00	1.074455e+01	1.041413e+01
1.008982e+01	9.776943e+00	9.476679e+00	8.912575e+00	8.388173e+00	7.927897e+00
7.489490e+00	7.089838e+00	6.727372e+00	6.398420e+00	6.098969e+00	5.824491e+00
5.568979e+00	5.328430e+00	5.103816e+00	4.894767e+00	4.698966e+00	4.508920e+00
4.319115e+00	4.226729e+00	4.139529e+00	4.074348e+00	4.004462e+00	3.989184e+00
3.986633e+00	3.987005e+00	3.985200e+00	3.984834e+00	3.984495e+00	3.984322e+00
1.096589e+01	1.059773e+01	1.023797e+01	9.893485e+00	9.564853e+00	8.950757e+00
8.378169e+00	7.872843e+00	7.405413e+00	6.981138e+00	6.597752e+00	6.251378e+00
5.937289e+00	5.650032e+00	5.382407e+00	5.129445e+00	4.891574e+00	4.668882e+00
4.458535e+00	4.253643e+00	4.049883e+00	3.951522e+00	3.860138e+00	3.793000e+00
3.719437e+00	3.702383e+00	3.698138e+00	3.698312e+00	3.696469e+00	3.696136e+00
3.695735e+00	3.695506e+00	1.116735e+01	1.075896e+01	1.036157e+01	9.984063e+00
9.625812e+00	8.959240e+00	8.360571e+00	7.811083e+00	7.316115e+00	6.869653e+00
6.467497e+00	6.105034e+00	5.776806e+00	5.476516e+00	5.195899e+00	4.929277e+00
4.676972e+00	4.439907e+00	4.215910e+00	3.999131e+00	3.786668e+00	3.684948e+00
3.589946e+00	3.519743e+00	3.444235e+00	3.425875e+00	3.417722e+00	3.417254e+00
3.415506e+00	3.415222e+00	3.414864e+00	3.414625e+00	1.134517e+01	1.089507e+01
1.045953e+01	1.004990e+01	9.664245e+00	8.950878e+00	8.311614e+00	7.734200e+00
7.217065e+00	6.752886e+00	6.335163e+00	5.958357e+00	5.616453e+00	5.302454e+00
5.007142e+00	4.724449e+00	4.455253e+00	4.201971e+00	3.964893e+00	3.739799e+00
3.525358e+00	3.423556e+00	3.325439e+00	3.250514e+00	3.175195e+00	3.156028e+00
3.140724e+00	3.138963e+00	3.137501e+00	3.137291e+00	3.137117e+00	3.136915e+00
1.150994e+01	1.102124e+01	1.055055e+01	1.011164e+01	9.700950e+00	8.943808e+00
8.267389e+00	7.662434e+00	7.122660e+00	6.639573e+00	6.204888e+00	5.812374e+00
5.455849e+00	5.128174e+00	4.820063e+00	4.525431e+00	4.245071e+00	3.981182e+00
3.734778e+00	3.502035e+00	3.282107e+00	3.177952e+00	3.076834e+00	2.999109e+00
2.922658e+00	2.902815e+00	2.884220e+00	2.881876e+00	2.880492e+00	2.880306e+00
2.880213e+00	2.880312e+00	1.165920e+01	1.113551e+01	1.063317e+01	1.016823e+01
9.735308e+00	8.938152e+00	8.229554e+00	7.598264e+00	7.036335e+00	6.534006e+00
6.081710e+00	5.672782e+00	5.301177e+00	4.960073e+00	4.640807e+00	4.337501e+00
4.050228e+00	3.779773e+00	3.526618e+00	3.287052e+00	3.059979e+00	2.952158e+00
2.847748e+00	2.767732e+00	2.688961e+00	2.668717e+00	2.650166e+00	2.647819e+00
2.646340e+00	2.646151e+00	2.646040e+00	2.646581e+00	1.178936e+01	1.123438e+01
1.070416e+01	1.021687e+01	9.765230e+00	8.934186e+00	8.197893e+00	7.544538e+00
6.963766e+00	6.444586e+00	5.976491e+00	5.552630e+00	5.167131e+00	4.813568e+00
4.483965e+00	4.172750e+00	3.879214e+00	3.602902e+00	3.343486e+00	3.098265e+00
2.865709e+00	2.754737e+00	2.646285e+00	2.562304e+00	2.480512e+00	2.460222e+00
2.443250e+00	2.441127e+00	2.439481e+00	2.439301e+00	2.439115e+00	2.439931e+00
1.190424e+01	1.132109e+01	1.076608e+01	1.025971e+01	9.792471e+00	8.934290e+00
8.173057e+00	7.502314e+00	6.906536e+00	6.373667e+00	5.892419e+00	5.455927e+00
5.058517e+00	4.694124e+00	4.355406e+00	4.037077e+00	3.737795e+00	3.456050e+00
3.190650e+00	2.939861e+00	2.701475e+00	2.587075e+00	2.474560e+00	2.386751e+00
2.301465e+00	2.280808e+00	2.264949e+00	2.263019e+00	2.261224e+00	2.261043e+00
2.260813e+00	2.261457e+00	1.200656e+01	1.139809e+01	1.082120e+01	1.029869e+01
9.818724e+00	8.935635e+00	8.161984e+00	7.477744e+00	6.871067e+00	6.328153e+00
5.836840e+00	5.390257e+00	4.982935e+00	4.609100e+00	4.262297e+00	3.936991e+00
3.631486e+00	3.343756e+00	3.071952e+00	2.814328e+00	2.568279e+00	2.449529e+00
2.332652e+00	2.241202e+00	2.151633e+00	2.129939e+00	2.113751e+00	2.111836e+00
2.109962e+00	2.109763e+00	2.109528e+00	2.109552e+00	1.209330e+01	1.146356e+01
1.086873e+01	1.033374e+01	9.844575e+00	8.946034e+00	8.159024e+00	7.467287e+00
6.854532e+00	6.305903e+00	5.808591e+00	5.355704e+00	4.941908e+00	4.561460e+00
4.207647e+00	3.875496e+00	3.563245e+00	3.268835e+00	2.989992e+00	2.723997e+00
2.467937e+00	2.343469e+00	2.221123e+00	2.125360e+00	2.030218e+00	2.006746e+00
1.988776e+00	1.986685e+00	1.984774e+00	1.984543e+00	1.984333e+00	1.983493e+00
1.216355e+01	1.151763e+01	1.090959e+01	1.036640e+01	9.871846e+00	8.963136e+00
8.169398e+00	7.475802e+00	6.861554e+00	6.311546e+00	5.812852e+00	5.358554e+00
4.943280e+00	4.560713e+00	4.199899e+00	3.859491e+00	3.538073e+00	3.234037e+00
2.944820e+00	2.665626e+00	2.395578e+00	2.264742e+00	2.135115e+00	2.032700e+00
1.929909e+00	1.903947e+00	1.883467e+00	1.881102e+00	1.879095e+00	1.878822e+00
1.878626e+00	1.877403e+00	1.222177e+01	1.156356e+01	1.094584e+01	1.039738e+01
9.900099e+00	8.987283e+00	8.192862e+00	7.495691e+00	6.878393e+00	6.325454e+00
5.823719e+00	5.366135e+00	4.947132e+00	4.560343e+00	4.195753e+00	3.850337e+00
3.522837e+00	3.211976e+00	2.915047e+00	2.625613e+00	2.342442e+00	2.203783e+00
2.064904e+00	1.953941e+00	1.842370e+00	1.813799e+00	1.790745e+00	1.788072e+00
1.785912e+00	1.785601e+00	1.785405e+00	1.784180e+00	1.225903e+01	1.159702e+01
1.097540e+01	1.042635e+01	9.929668e+00	9.016252e+00	8.221978e+00	7.523109e+00
6.903872e+00	6.348867e+00	5.844996e+00	5.384939e+00	4.962693e+00	4.571834e+00
4.206364e+00	3.859302e+00	3.529515e+00	3.215929e+00	2.915806e+00	2.622173e+00
2.324662e+00	2.170306e+00	2.013687e+00	1.888486e+00	1.765611e+00	1.734542e+00
1.708991e+00	1.705903e+00	1.703471e+00	1.703181e+00	1.702900e+00	1.702579e+00
1.228172e+01	1.161948e+01	1.099855e+01	1.045308e+01	9.961082e+00	9.054754e+00
8.266089e+00	7.569806e+00	6.951670e+00	6.397516e+00	5.895334e+00	5.437614e+00
5.017887e+00	4.628880e+00	4.261911e+00	3.910719e+00	3.574480e+00	3.252624e+00
2.942194e+00	2.634383e+00	2.318190e+00	2.152036e+00	1.978411e+00	1.836325e+00
1.699484e+00	1.665768e+00	1.638051e+00	1.634551e+00	1.631682e+00	1.631409e+00
1.631038e+00	1.632242e+00	1.227773e+01	1.162021e+01	1.101439e+01	1.047984e+01
9.996935e+00	9.103237e+00	8.321719e+00	7.628132e+00	7.010327e+00	6.456011e+00
5.954701e+00	5.498833e+00	5.081445e+00	4.694600e+00	4.328523e+00	3.976271e+00
3.636627e+00	3.308507e+00	2.988095e+00	2.664552e+00	2.328645e+00	2.155798e+00
1.968153e+00	1.801318e+00	1.641727e+00	1.603950e+00	1.576470e+00	1.573130e+00
1.569196e+00	1.568587e+00	1.568511e+00	1.571367e+00	1.226265e+01	1.161931e+01
1.102684e+01	1.050556e+01	1.003506e+01	9.160063e+00	8.388558e+00	7.699101e+00
7.082013e+00	6.527543e+00	6.027269e+00	5.573788e+00	5.159707e+00	4.776565e+00
4.413831e+00	4.063752e+00	3.724203e+00	3.392576e+00	3.063471e+00	2.724832e+00
2.363559e+00	2.171302e+00	1.962255e+00	1.774165e+00	1.590091e+00	1.547639e+00
1.521442e+00	1.518503e+00	1.513264e+00	1.512179e+00	1.512564e+00	1.517064e+00
1.224679e+01	1.161699e+01	1.102971e+01	1.052144e+01	1.006461e+01	9.210833e+00
8.452709e+00	7.771484e+00	7.159088e+00	6.607624e+00	6.110323e+00	5.660154e+00
5.249583e+00	4.869874e+00	4.510043e+00	4.161775e+00	3.822187e+00	3.487336e+00
3.150099e+00	2.796195e+00	2.407858e+00	2.194390e+00	1.962929e+00	1.762541e+00
1.546637e+00	1.497740e+00	1.472878e+00	1.470508e+00	1.463799e+00	1.462204e+00
1.463233e+00	1.468877e+00	1.222947e+01	1.160507e+01	1.102684e+01	1.053030e+01
1.008555e+01	9.253887e+00	8.512804e+00	7.845536e+00	7.244397e+00	6.701868e+00
6.211405e+00	5.766314e+00	5.359423e+00	4.982313e+00	4.624283e+00	4.277008e+00
3.937187e+00	3.600066e+00	3.256911e+00	2.889835e+00	2.476131e+00	2.243380e+00
1.986198e+00	1.758149e+00	1.510874e+00	1.454251e+00	1.430806e+00	1.429155e+00
1.420844e+00	1.418716e+00	1.420554e+00	1.426890e+00	1.220516e+01	1.158789e+01
1.102020e+01	1.053505e+01	1.010461e+01	9.296928e+00	8.574408e+00	7.922269e+00
7.333360e+00	6.800602e+00	6.317795e+00	5.878597e+00	5.476229e+00	5.102608e+00
4.747362e+00	4.402161e+00	4.063260e+00	3.725049e+00	3.377001e+00	2.997365e+00
2.557904e+00	2.304886e+00	2.019732e+00	1.762264e+00	1.483153e+00	1.417036e+00
1.394048e+00	1.393088e+00	1.383136e+00	1.380463e+00	1.383119e+00	1.389638e+00
1.217207e+01	1.156360e+01	1.100678e+01	1.053663e+01	1.012177e+01	9.339537e+00
8.637019e+00	8.001104e+00	7.425332e+00	6.903146e+00	6.428821e+00	5.996423e+00
5.599554e+00	5.230497e+00	4.879220e+00	4.537415e+00	4.200867e+00	3.863066e+00
3.511572e+00	3.120566e+00	2.655802e+00	2.382155e+00	2.068201e+00	1.781110e+00
1.463136e+00	1.386002e+00	1.362216e+00	1.361848e+00	1.350256e+00	1.347038e+00
1.350481e+00	1.356631e+00	1.213360e+01	1.153433e+01	1.098937e+01	1.053519e+01
1.013668e+01	9.380412e+00	8.698913e+00	8.080190e+00	7.518519e+00	7.007851e+00
6.542914e+00	6.118265e+00	5.727842e+00	5.364356e+00	5.018124e+00	4.680945e+00
4.348141e+00	4.012266e+00	3.659003e+00	3.258241e+00	2.769177e+00	2.474777e+00
2.131070e+00	1.812115e+00	1.451942e+00	1.361519e+00	1.334925e+00	1.334918e+00
1.321729e+00	1.317987e+00	1.322139e+00	1.327298e+00	1.209149e+01	1.150179e+01
1.096914e+01	1.053135e+01	1.014985e+01	9.419686e+00	8.759833e+00	8.158992e+00
7.612166e+00	7.113810e+00	6.659139e+00	6.243100e+00	5.860076e+00	5.503167e+00
5.163097e+00	4.831772e+00	4.504109e+00	4.171767e+00	3.818509e+00	3.409847e+00
2.897941e+00	2.582935e+00	2.208690e+00	1.855719e+00	1.450256e+00	1.342834e+00
1.311598e+00	1.311661e+00	1.296946e+00	1.292751e+00	1.297567e+00	1.301464e+00
1.204796e+01	1.146826e+01	1.094813e+01	1.052682e+01	1.016243e+01	9.458265e+00
8.820227e+00	8.237608e+00	7.706072e+00	7.220564e+00	6.776760e+00	6.370024e+00
5.995166e+00	5.645688e+00	5.312749e+00	4.988400e+00	4.667174e+00	4.339855e+00
3.988252e+00	3.573331e+00	3.039854e+00	2.704544e+00	2.299518e+00	1.910907e+00
1.451689e+00	1.331803e+00	1.291646e+00	1.291444e+00	1.275317e+00	1.270670e+00
1.276105e+00	1.278571e+00	1.200778e+01	1.143762e+01	1.092928e+01	1.052319e+01
1.017473e+01	9.495333e+00	8.878336e+00	8.313684e+00	7.797564e+00	7.325355e+00
6.893104e+00	6.496589e+00	6.130950e+00	5.790041e+00	5.465390e+00	5.149193e+00
4.835698e+00	4.514998e+00	4.167257e+00	3.749363e+00	3.198236e+00	2.843932e+00
2.407779e+00	1.981201e+00	1.467152e+00	1.326937e+00	1.275573e+00	1.274262e+00
1.256894e+00	1.252002e+00	1.257544e+00	1.258765e+00	1.199059e+01	1.142463e+01
1.092264e+01	1.052586e+01	1.018835e+01	9.526584e+00	8.925679e+00	8.376122e+00
7.874258e+00	7.415616e+00	6.996347e+00	6.612259e+00	6.258485e+00	5.928730e+00
5.614159e+00	5.306753e+00	5.001000e+00	4.687379e+00	4.346698e+00	3.936437e+00
3.383889e+00	3.012490e+00	2.532250e+00	2.052546e+00	1.487459e+00	1.333856e+00
1.264238e+00	1.258365e+00	1.240283e+00	1.236735e+00	1.238845e+00	1.241161e+00
1.197695e+01	1.141438e+01	1.091760e+01	1.052991e+01	1.020175e+01	9.555589e+00
8.969386e+00	8.434062e+00	7.946043e+00	7.500979e+00	7.095093e+00	6.724157e+00
6.383228e+00	6.065739e+00	5.762282e+00	5.464487e+00	5.167229e+00	4.861718e+00
4.530172e+00	4.132498e+00	3.586706e+00	3.200351e+00	2.671499e+00	2.131614e+00
1.514922e+00	1.349091e+00	1.255006e+00	1.244028e+00	1.225239e+00	1.223197e+00
1.221385e+00	1.225180e+00	1.195442e+01	1.139764e+01	1.090840e+01	1.052994e+01
1.021263e+01	9.584759e+00	9.014865e+00	8.494639e+00	8.020717e+00	7.588986e+00
7.195848e+00	6.837227e+00	6.508282e+00	6.202484e+00	5.910307e+00	5.623276e+00
5.336387e+00	5.040998e+00	4.719406e+00	4.331090e+00	3.786691e+00	3.388752e+00
2.826264e+00	2.236740e+00	1.552975e+00	1.365872e+00	1.247683e+00	1.233052e+00
1.212560e+00	1.210757e+00	1.208036e+00	1.211360e+00	1.191959e+01	1.137196e+01
1.089280e+01	1.052626e+01	1.022109e+01	9.613270e+00	9.060906e+00	8.556359e+00
8.096548e+00	7.677722e+00	7.296570e+00	6.949354e+00	6.631505e+00	6.336831e+00
6.056126e+00	5.781064e+00	5.506565e+00	5.223607e+00	4.913237e+00	4.531597e+00
3.984030e+00	3.578257e+00	2.999547e+00	2.378850e+00	1.611384e+00	1.389045e+00
1.242099e+00	1.224537e+00	1.202176e+00	1.199800e+00	1.197551e+00	1.199620e+00
1.187221e+01	1.133597e+01	1.086920e+01	1.051778e+01	1.022475e+01	9.639067e+00
9.105421e+00	8.616948e+00	8.170975e+00	7.764240e+00	7.393877e+00	7.056654e+00
6.748570e+00	6.464158e+00	6.195159e+00	5.933811e+00	5.674777e+00	5.408105e+00
5.112253e+00	4.736607e+00	4.179999e+00	3.764972e+00	3.174984e+00	2.531067e+00
1.686327e+00	1.426191e+00	1.237983e+00	1.214435e+00	1.194893e+00	1.191809e+00
1.185110e+00	1.189466e+00	1.181823e+01	1.129458e+01	1.084116e+01	1.050498e+01
1.022704e+01	9.663218e+00	9.148592e+00	8.676213e+00	8.243822e+00	7.848695e+00
7.488489e+00	7.160566e+00	6.861632e+00	6.587149e+00	6.330142e+00	6.083689e+00
5.842198e+00	5.594554e+00	5.315832e+00	4.946332e+00	4.377709e+00	3.953319e+00
3.357051e+00	2.697623e+00	1.779479e+00	1.479117e+00	1.234661e+00	1.204377e+00
1.189019e+00	1.185203e+00	1.172128e+00	1.180390e+00	1.179698e+01	1.127959e+01
1.083322e+01	1.050164e+01	1.023155e+01	9.685850e+00	9.185588e+00	8.726207e+00
8.305799e+00	7.921916e+00	7.572435e+00	7.254988e+00	6.966655e+00	6.703377e+00
6.458829e+00	6.226632e+00	6.001364e+00	5.771756e+00	5.511502e+00	5.155560e+00
4.588440e+00	4.159770e+00	3.555810e+00	2.874835e+00	1.877484e+00	1.536110e+00
1.234978e+00	1.201737e+00	1.182314e+00	1.178028e+00	1.162679e+00	1.172866e+00
1.179271e+01	1.127688e+01	1.083408e+01	1.050789e+01	1.024336e+01	9.706299e+00
9.215400e+00	8.765920e+00	8.355877e+00	7.982808e+00	7.644513e+00	7.338618e+00
7.062260e+00	6.811324e+00	6.579300e+00	6.359930e+00	6.148601e+00	5.935419e+00
5.695361e+00	5.362587e+00	4.816003e+00	4.390657e+00	3.775107e+00	3.061835e+00
1.980267e+00	1.598995e+00	1.247395e+00	1.202727e+00	1.174119e+00	1.169866e+00
1.155803e+00	1.166937e+00	1.178717e+01	1.127686e+01	1.083854e+01	1.051928e+01
1.026091e+01	9.732519e+00	9.248772e+00	8.805489e+00	8.401323e+00	8.034707e+00
7.704344e+00	7.408203e+00	7.143579e+00	6.906501e+00	6.690495e+00	6.488713e+00
6.294580e+00	6.094163e+00	5.861904e+00	5.544792e+00	5.034329e+00	4.631501e+00
4.028348e+00	3.289919e+00	2.089073e+00	1.658868e+00	1.259542e+00	1.205376e+00
1.169179e+00	1.163888e+00	1.155732e+00	1.161174e+00	1.178090e+01	1.127708e+01
1.084499e+01	1.053141e+01	1.027819e+01	9.757906e+00	9.280290e+00	8.842045e+00
8.442526e+00	8.081093e+00	7.757400e+00	7.469820e+00	7.215909e+00	6.992037e+00
6.792105e+00	6.608844e+00	6.433249e+00	6.246014e+00	6.020022e+00	5.716742e+00
5.244741e+00	4.871085e+00	4.295586e+00	3.545564e+00	2.212846e+00	1.724224e+00
1.272233e+00	1.210491e+00	1.166062e+00	1.159426e+00	1.156817e+00	1.155900e+00
1.177608e+01	1.127503e+01	1.084611e+01	1.053570e+01	1.028571e+01	9.772083e+00
9.301634e+00	8.871224e+00	8.480042e+00	8.127184e+00	7.812045e+00	7.533113e+00
7.288242e+00	7.074146e+00	6.885179e+00	6.714734e+00	6.554800e+00	6.387588e+00
6.186286e+00	5.907655e+00	5.455948e+00	5.092668e+00	4.529686e+00	3.779422e+00
2.370356e+00	1.818928e+00	1.289450e+00	1.215625e+00	1.163406e+00	1.155983e+00
1.151777e+00	1.151714e+00	1.177216e+01	1.127567e+01	1.085003e+01	1.054271e+01
1.029553e+01	9.787741e+00	9.323242e+00	8.899197e+00	8.514866e+00	8.169342e+00
7.862068e+00	7.591649e+00	7.355959e+00	7.151789e+00	6.973444e+00	6.814535e+00
6.668050e+00	6.517827e+00	6.338527e+00	6.086947e+00	5.667070e+00	5.321043e+00
4.772735e+00	4.018415e+00	2.535914e+00	1.930206e+00	1.313516e+00	1.223309e+00
1.160890e+00	1.154849e+00	1.146607e+00	1.148302e+00	1.177117e+01	1.127772e+01
1.085614e+01	1.055151e+01	1.030676e+01	9.804175e+00	9.344960e+00	8.926584e+00
8.548338e+00	8.209266e+00	7.908850e+00	7.645811e+00	7.418202e+00	7.223012e+00
7.054771e+00	6.907473e+00	6.774850e+00	6.641874e+00	6.484358e+00	6.259625e+00
5.872643e+00	5.545917e+00	5.016987e+00	4.266164e+00	2.717381e+00	2.053717e+00
1.342006e+00	1.233981e+00	1.160224e+00	1.153899e+00	1.142618e+00	1.145494e+00
1.177162e+01	1.128220e+01	1.086377e+01	1.056142e+01	1.031866e+01	9.820584e+00
9.365971e+00	8.952530e+00	8.579493e+00	8.245800e+00	7.950939e+00	7.693763e+00
7.472710e+00	7.285152e+00	7.126228e+00	6.990591e+00	6.872461e+00	6.757311e+00
6.621424e+00	6.422387e+00	6.066817e+00	5.760079e+00	5.255524e+00	4.519908e+00
2.918668e+00	2.190071e+00	1.375768e+00	1.249879e+00	1.160824e+00	1.152966e+00
1.140218e+00	1.143237e+00	1.176724e+01	1.128086e+01	1.086595e+01	1.056644e+01
1.032574e+01	9.832084e+00	9.381759e+00	8.972666e+00	8.603987e+00	8.274725e+00
7.984394e+00	7.732081e+00	7.516488e+00	7.335433e+00	7.184681e+00	7.059611e+00
6.955249e+00	6.858151e+00	6.745405e+00	6.573861e+00	6.250012e+00	5.961967e+00
5.479651e+00	4.765738e+00	3.139322e+00	2.342504e+00	1.413458e+00	1.268617e+00
1.162630e+00	1.152046e+00	1.139525e+00	1.141105e+00	1.175786e+01	1.127799e+01
1.086747e+01	1.057044e+01	1.033156e+01	9.841951e+00	9.395550e+00	8.990381e+00
8.625577e+00	8.300257e+00	8.013974e+00	7.766062e+00	7.555438e+00	7.380349e+00
7.237153e+00	7.121927e+00	7.030558e+00	6.950799e+00	6.860801e+00	6.717073e+00
6.426353e+00	6.158088e+00	5.699574e+00	5.012024e+00	3.375265e+00	2.509333e+00
1.456116e+00	1.290748e+00	1.165702e+00	1.151317e+00	1.139006e+00	1.139134e+00
1.174812e+01	1.127507e+01	1.086960e+01	1.057513e+01	1.033760e+01	9.851511e+00
9.408461e+00	9.006636e+00	8.645190e+00	8.323409e+00	8.040942e+00	7.797325e+00
7.591598e+00	7.422282e+00	7.286097e+00	7.179573e+00	7.099202e+00	7.033569e+00
6.962237e+00	6.844271e+00	6.590842e+00	6.347876e+00	5.920747e+00	5.261453e+00
3.612098e+00	2.687912e+00	1.508924e+00	1.318650e+00	1.169207e+00	1.151625e+00
1.136902e+00	1.137452e+00	1.173589e+01	1.127146e+01	1.087230e+01	1.058036e+01
1.034359e+01	9.860457e+00	9.420185e+00	9.021123e+00	8.662494e+00	8.343777e+00
8.064752e+00	7.825119e+00	7.623981e+00	7.460014e+00	7.330125e+00	7.231112e+00
7.159910e+00	7.105717e+00	7.049739e+00	6.955368e+00	6.741236e+00	6.527316e+00
6.137372e+00	5.508489e+00	3.849110e+00	2.879864e+00	1.576255e+00	1.355682e+00
1.173962e+00	1.153633e+00	1.132572e+00	1.136060e+00	1.171883e+01	1.126607e+01
1.087532e+01	1.058639e+01	1.035018e+01	9.870134e+00	9.432342e+00	9.035412e+00
8.678817e+00	8.362295e+00	8.085820e+00	7.849168e+00	7.651603e+00	7.492008e+00
7.367588e+00	7.275533e+00	7.213079e+00	7.169756e+00	7.128328e+00	7.056403e+00
6.879007e+00	6.691524e+00	6.335212e+00	5.741798e+00	4.099792e+00	3.084524e+00
1.650617e+00	1.398780e+00	1.180928e+00	1.155667e+00	1.132371e+00	1.135060e+00
1.169762e+01	1.125922e+01	1.087861e+01	1.059285e+01	1.035678e+01	9.879539e+00
9.443937e+00	9.048817e+00	8.693918e+00	8.379219e+00	8.104894e+00	7.870752e+00
7.676251e+00	7.520479e+00	7.400946e+00	7.315264e+00	7.260985e+00	7.228037e+00
7.200754e+00	7.150648e+00	7.008530e+00	6.846221e+00	6.522217e+00	5.967499e+00
4.362422e+00	3.303378e+00	1.733353e+00	1.448383e+00	1.190309e+00	1.158100e+00
1.132484e+00	1.134247e+00	1.167872e+01	1.125374e+01	1.088219e+01	1.059799e+01
1.035977e+01	9.882223e+00	9.447663e+00	9.054679e+00	8.702447e+00	8.390605e+00
8.119151e+00	7.887898e+00	7.696386e+00	7.543661e+00	7.427094e+00	7.344694e+00
7.295852e+00	7.274280e+00	7.266662e+00	7.241622e+00	7.129573e+00	6.987603e+00
6.693242e+00	6.175615e+00	4.623287e+00	3.541484e+00	1.825151e+00	1.502110e+00
1.200869e+00	1.162182e+00	1.132681e+00	1.133479e+00	1.166332e+01	1.125008e+01
1.088647e+01	1.060173e+01	1.036060e+01	9.882306e+00	9.448016e+00	9.056235e+00
8.706167e+00	8.397204e+00	8.128835e+00	7.900619e+00	7.711936e+00	7.561475e+00
7.446045e+00	7.364199e+00	7.318263e+00	7.308111e+00	7.325890e+00	7.330333e+00
7.240965e+00	7.112966e+00	6.844023e+00	6.359063e+00	4.875010e+00	3.805371e+00
1.929246e+00	1.560797e+00	1.213388e+00	1.170987e+00	1.133314e+00	1.132758e+00
1.163500e+01	1.123888e+01	1.088623e+01	1.060536e+01	1.036332e+01	9.885755e+00
9.452457e+00	9.062062e+00	8.713484e+00	8.406024e+00	8.139399e+00	7.913183e+00
7.726572e+00	7.578390e+00	7.466332e+00	7.389353e+00	7.349530e+00	7.345981e+00
7.369695e+00	7.389235e+00	7.333264e+00	7.226335e+00	6.989679e+00	6.557255e+00
5.145541e+00	4.033395e+00	2.048533e+00	1.640578e+00	1.228972e+00	1.172818e+00
1.136188e+00	1.132079e+00	1.160240e+01	1.122510e+01	1.088536e+01	1.061007e+01
1.036947e+01	9.895732e+00	9.463796e+00	9.073533e+00	8.724606e+00	8.416956e+00
8.150780e+00	7.925615e+00	7.740596e+00	7.594906e+00	7.487435e+00	7.417567e+00
7.385152e+00	7.384171e+00	7.405367e+00	7.433427e+00	7.412803e+00	7.333150e+00
7.131050e+00	6.746051e+00	5.408087e+00	4.262488e+00	2.185279e+00	1.734484e+00
1.248291e+00	1.174617e+00	1.139239e+00	1.131691e+00	1.158740e+01	1.122195e+01
1.089075e+01	1.061695e+01	1.037515e+01	9.901930e+00	9.470582e+00	9.081199e+00
8.733301e+00	8.426645e+00	8.161191e+00	7.936874e+00	7.753532e+00	7.610600e+00
7.506200e+00	7.439278e+00	7.410109e+00	7.413661e+00	7.441899e+00	7.480356e+00
7.488345e+00	7.439043e+00	7.265975e+00	6.888240e+00	5.620053e+00	4.574408e+00
2.338605e+00	1.816290e+00	1.270817e+00	1.195383e+00	1.136424e+00	1.131619e+00
1.156884e+01	1.121370e+01	1.088948e+01	1.061735e+01	1.037493e+01	9.902485e+00
9.471946e+00	9.083449e+00	8.736548e+00	8.430960e+00	8.166685e+00	7.943635e+00
7.761751e+00	7.620502e+00	7.518144e+00	7.453695e+00	7.427817e+00	7.435978e+00
7.471084e+00	7.520522e+00	7.548959e+00	7.518540e+00	7.377884e+00	7.041277e+00
5.845658e+00	4.831419e+00	2.510859e+00	1.924842e+00	1.296855e+00	1.206648e+00
1.138395e+00	1.130978e+00	1.155339e+01	1.120718e+01	1.088920e+01	1.061836e+01
1.037525e+01	9.903596e+00	9.473839e+00	9.086147e+00	8.740119e+00	8.435471e+00
8.172240e+00	7.950336e+00	7.769714e+00	7.629877e+00	7.529232e+00	7.466942e+00
7.443975e+00	7.456244e+00	7.497516e+00	7.556871e+00	7.602916e+00	7.588826e+00
7.479367e+00	7.187070e+00	6.066657e+00	5.082962e+00	2.699586e+00	2.047598e+00
1.326869e+00	1.219139e+00	1.141344e+00	1.130716e+00	1.154191e+01	1.120344e+01
1.089088e+01	1.062150e+01	1.037773e+01	9.906517e+00	9.477221e+00	9.090121e+00
8.744747e+00	8.440838e+00	8.178415e+00	7.957438e+00	7.777837e+00	7.639191e+00
7.539991e+00	7.479558e+00	7.459050e+00	7.474748e+00	7.521163e+00	7.588846e+00
7.650220e+00	7.650840e+00	7.569948e+00	7.318374e+00	6.274492e+00	5.332749e+00
2.905200e+00	2.183904e+00	1.362859e+00	1.235702e+00	1.145082e+00	1.130743e+00
1.153050e+01	1.119912e+01	1.089131e+01	1.062308e+01	1.037869e+01	9.908002e+00
9.479222e+00	9.092666e+00	8.747885e+00	8.444629e+00	8.182924e+00	7.962740e+00
7.784018e+00	7.646386e+00	7.548424e+00	7.489567e+00	7.471164e+00	7.489776e+00
7.540490e+00	7.615271e+00	7.689750e+00	7.703006e+00	7.647906e+00	7.435156e+00
6.469256e+00	5.574508e+00	3.125533e+00	2.335226e+00	1.405093e+00	1.255975e+00
1.149816e+00	1.130593e+00	1.151972e+01	1.119489e+01	1.089162e+01	1.062439e+01
1.037945e+01	9.909219e+00	9.480906e+00	9.094832e+00	8.750574e+00	8.447895e+00
8.186823e+00	7.967338e+00	7.789398e+00	7.652672e+00	7.555823e+00	7.498381e+00
7.481866e+00	7.503083e+00	7.557618e+00	7.638796e+00	7.725096e+00	7.749742e+00
7.718487e+00	7.543087e+00	6.656786e+00	5.813110e+00	3.360767e+00	2.501085e+00
1.453027e+00	1.279627e+00	1.155417e+00	1.130322e+00	1.151049e+01	1.119162e+01
1.089229e+01	1.062604e+01	1.038060e+01	9.910767e+00	9.482823e+00	9.097150e+00
8.753314e+00	8.451090e+00	8.190514e+00	7.971589e+00	7.794306e+00	7.658375e+00
7.562517e+00	7.506335e+00	7.491463e+00	7.514931e+00	7.572761e+00	7.659626e+00
7.756360e+00	7.790823e+00	7.780344e+00	7.639502e+00	6.834226e+00	6.044247e+00
3.607656e+00	2.681821e+00	1.507735e+00	1.307371e+00	1.161887e+00	1.130166e+00
1.150263e+01	1.118900e+01	1.089323e+01	1.062774e+01	1.038190e+01	9.912366e+00
9.484708e+00	9.099353e+00	8.755842e+00	8.453962e+00	8.193759e+00	7.975274e+00
7.798530e+00	7.663282e+00	7.568283e+00	7.513192e+00	7.499714e+00	7.525075e+00
7.585677e+00	7.677458e+00	7.783162e+00	7.825868e+00	7.833008e+00	7.723330e+00
6.998499e+00	6.263652e+00	3.864597e+00	2.879292e+00	1.572310e+00	1.341626e+00
1.169793e+00	1.130066e+00	1.149398e+01	1.118543e+01	1.089304e+01	1.062805e+01
1.038192e+01	9.912677e+00	9.485423e+00	9.100417e+00	8.757247e+00	8.455704e+00
8.195721e+00	7.977537e+00	7.801247e+00	7.666648e+00	7.572749e+00	7.518800e+00
7.506656e+00	7.533802e+00	7.595320e+00	7.690891e+00	7.804853e+00	7.855130e+00
7.877170e+00	7.794668e+00	7.148212e+00	6.469435e+00	4.126706e+00	3.087936e+00
1.646099e+00	1.382221e+00	1.179080e+00	1.129923e+00	1.148559e+01	1.118162e+01
1.089247e+01	1.062819e+01	1.038178e+01	9.912827e+00	9.485875e+00	9.101150e+00
8.758269e+00	8.457013e+00	8.197191e+00	7.979243e+00	7.803344e+00	7.669326e+00
7.576468e+00	7.523568e+00	7.512632e+00	7.541388e+00	7.603418e+00	7.702276e+00
7.823734e+00	7.880839e+00	7.915991e+00	7.858252e+00	7.288811e+00	6.666673e+00
4.396307e+00	3.309559e+00	1.729561e+00	1.429486e+00	1.189721e+00	1.129748e+00
1.148420e+01	1.118112e+01	1.089255e+01	1.062839e+01	1.038132e+01	9.912344e+00
9.485457e+00	9.100902e+00	8.758253e+00	8.457255e+00	8.198124e+00	7.980806e+00
7.805362e+00	7.671534e+00	7.577820e+00	7.524418e+00	7.513524e+00	7.543337e+00
7.613282e+00	7.717572e+00	7.841974e+00	7.901460e+00	7.945412e+00	7.911117e+00
7.421474e+00	6.850093e+00	4.665293e+00	3.542337e+00	1.823198e+00	1.483653e+00
1.201452e+00	1.129558e+00	1.149172e+01	1.118642e+01	1.089542e+01	1.062871e+01
1.037914e+01	9.907912e+00	9.480970e+00	9.097267e+00	8.755991e+00	8.456579e+00
8.198606e+00	7.982152e+00	7.807238e+00	7.673198e+00	7.578064e+00	7.521210e+00
7.507944e+00	7.543238e+00	7.626359e+00	7.740890e+00	7.859649e+00	7.916911e+00
7.965762e+00	7.952681e+00	7.544777e+00	7.015544e+00	4.927673e+00	3.785382e+00
1.931137e+00	1.548699e+00	1.214828e+00	1.129332e+00	1.149296e+01	1.118930e+01
1.089888e+01	1.063077e+01	1.038030e+01	9.908610e+00	9.481639e+00	9.098115e+00
8.757113e+00	8.458009e+00	8.200722e+00	7.984938e+00	7.810393e+00	7.676339e+00
7.580227e+00	7.522592e+00	7.509089e+00	7.545809e+00	7.635871e+00	7.754600e+00
7.874360e+00	7.933397e+00	7.989301e+00	7.994113e+00	7.651705e+00	7.172691e+00
5.188724e+00	4.033648e+00	2.056508e+00	1.623458e+00	1.230798e+00	1.129453e+00
1.149168e+01	1.119006e+01	1.090090e+01	1.063368e+01	1.038298e+01	9.911449e+00
9.484572e+00	9.101148e+00	8.760247e+00	8.461260e+00	8.203911e+00	7.988079e+00
7.813636e+00	7.679880e+00	7.584444e+00	7.527419e+00	7.514612e+00	7.552356e+00
7.642276e+00	7.762519e+00	7.885987e+00	7.949024e+00	8.013159e+00	8.032631e+00
7.743534e+00	7.318033e+00	5.443874e+00	4.285163e+00	2.200787e+00	1.710624e+00
1.249799e+00	1.129699e+00	1.148727e+01	1.118814e+01	1.090083e+01	1.063385e+01
1.038305e+01	9.911760e+00	9.485032e+00	9.101694e+00	8.760874e+00	8.461944e+00
8.204624e+00	7.988904e+00	7.814594e+00	7.681035e+00	7.586085e+00	7.529562e+00
7.517328e+00	7.555635e+00	7.645719e+00	7.767183e+00	7.894019e+00	7.960795e+00
8.031363e+00	8.063050e+00	7.823504e+00	7.445903e+00	5.686741e+00	4.538737e+00
2.359287e+00	1.812762e+00	1.271527e+00	1.129605e+00	1.146892e+01	1.117628e+01
1.089468e+01	1.063123e+01	1.038244e+01	9.913403e+00	9.487286e+00	9.103636e+00
8.761999e+00	8.462224e+00	8.204283e+00	7.988161e+00	7.813861e+00	7.681054e+00
7.588325e+00	7.535716e+00	7.526465e+00	7.561628e+00	7.640752e+00	7.756404e+00
7.897048e+00	7.973194e+00	8.049666e+00	8.089196e+00	7.896581e+00	7.554413e+00
5.918407e+00	4.796957e+00	2.532806e+00	1.930467e+00	1.297866e+00	1.129437e+00
1.146038e+01	1.117141e+01	1.089202e+01	1.063016e+01	1.038225e+01	9.914768e+00
9.489083e+00	9.105363e+00	8.763293e+00	8.462807e+00	8.204383e+00	7.988105e+00
7.813775e+00	7.681243e+00	7.589936e+00	7.539711e+00	7.532873e+00	7.566818e+00
7.638961e+00	7.751933e+00	7.900998e+00	7.985497e+00	8.067117e+00	8.106988e+00
7.950222e+00	7.670412e+00	6.142805e+00	5.041121e+00	2.719750e+00	2.067691e+00
1.325518e+00	1.129434e+00	1.145952e+01	1.117150e+01	1.089298e+01	1.063116e+01
1.038304e+01	9.915480e+00	9.489960e+00	9.106452e+00	8.764708e+00	8.464716e+00
8.206808e+00	7.990752e+00	7.816100e+00	7.682770e+00	7.590854e+00	7.541190e+00
7.535510e+00	7.570442e+00	7.643127e+00	7.755345e+00	7.908036e+00	7.997573e+00
8.083469e+00	8.117651e+00	7.985402e+00	7.803379e+00	6.358315e+00	5.262427e+00
2.920319e+00	2.231480e+00	1.353617e+00	1.129961e+00	