2.191752e+00	2.219071e+00	2.246404e+00	2.273784e+00	2.301297e+00	2.357528e+00
2.417609e+00	2.484013e+00	2.555801e+00	2.630411e+00	2.704211e+00	2.777148e+00
2.851056e+00	2.924872e+00	2.993041e+00	3.050945e+00	3.102024e+00	3.158318e+00
3.232387e+00	3.325370e+00	3.432511e+00	3.487403e+00	3.541024e+00	3.575655e+00
3.581469e+00	3.580264e+00	3.580802e+00	3.580782e+00	3.580740e+00	3.580712e+00
3.580653e+00	3.580812e+00	2.316594e+00	2.344971e+00	2.373267e+00	2.401439e+00
2.429586e+00	2.486680e+00	2.547006e+00	2.612985e+00	2.683685e+00	2.756632e+00
2.828367e+00	2.898864e+00	2.969932e+00	3.040554e+00	3.105386e+00	3.160041e+00
3.207903e+00	3.260653e+00	3.330415e+00	3.418279e+00	3.519689e+00	3.571627e+00
3.622262e+00	3.654809e+00	3.659843e+00	3.658553e+00	3.658950e+00	3.658917e+00
3.658866e+00	3.658837e+00	3.658780e+00	3.658931e+00	2.448546e+00	2.478015e+00
2.507295e+00	2.536260e+00	2.565026e+00	2.622908e+00	2.683329e+00	2.748654e+00
2.817968e+00	2.888910e+00	2.958222e+00	3.025914e+00	3.093765e+00	3.160811e+00
3.221949e+00	3.273039e+00	3.317397e+00	3.366304e+00	3.431416e+00	3.513785e+00
3.609082e+00	3.657885e+00	3.705363e+00	3.735716e+00	3.739932e+00	3.738554e+00
3.738803e+00	3.738756e+00	3.738696e+00	3.738667e+00	3.738612e+00	3.738754e+00
2.588015e+00	2.618607e+00	2.648891e+00	2.678651e+00	2.708016e+00	2.766598e+00
2.826949e+00	2.891367e+00	2.958970e+00	3.027535e+00	3.094040e+00	3.158533e+00
3.222762e+00	3.285824e+00	3.342887e+00	3.390076e+00	3.430627e+00	3.475378e+00
3.535479e+00	3.611958e+00	3.700744e+00	3.746227e+00	3.790371e+00	3.818413e+00
3.821774e+00	3.820304e+00	3.820400e+00	3.820338e+00	3.820268e+00	3.820238e+00
3.820186e+00	3.820319e+00	2.735427e+00	2.767176e+00	2.798484e+00	2.829035e+00
2.858978e+00	2.918160e+00	2.978255e+00	3.041490e+00	3.107027e+00	3.172812e+00
3.236094e+00	3.296964e+00	3.357136e+00	3.415782e+00	3.468365e+00	3.511299e+00
3.547723e+00	3.587987e+00	3.642699e+00	3.712875e+00	3.794735e+00	3.836702e+00
3.877330e+00	3.902942e+00	3.905406e+00	3.903842e+00	3.903777e+00	3.903700e+00
3.903619e+00	3.903590e+00	3.903539e+00	3.903663e+00	2.891237e+00	2.924174e+00
2.956526e+00	2.987863e+00	3.018355e+00	3.078025e+00	3.137660e+00	3.199407e+00
3.262493e+00	3.325060e+00	3.384669e+00	3.441463e+00	3.497114e+00	3.550880e+00
3.598552e+00	3.636857e+00	3.668815e+00	3.704244e+00	3.753171e+00	3.816611e+00
3.891112e+00	3.929362e+00	3.966283e+00	3.989341e+00	3.990869e+00	3.989207e+00
3.988974e+00	3.988881e+00	3.988789e+00	3.988760e+00	3.988712e+00	3.988826e+00
3.055921e+00	3.090079e+00	3.123492e+00	3.155607e+00	3.186616e+00	3.246648e+00
3.305597e+00	3.365524e+00	3.425738e+00	3.484614e+00	3.540066e+00	3.592294e+00
3.642928e+00	3.691322e+00	3.733626e+00	3.766904e+00	3.794040e+00	3.824269e+00
3.866992e+00	3.923246e+00	3.989938e+00	4.024260e+00	4.057277e+00	4.077653e+00
4.078202e+00	4.076438e+00	4.076030e+00	4.075920e+00	4.075818e+00	4.075788e+00
4.075743e+00	4.075846e+00	3.229985e+00	3.265398e+00	3.299888e+00	3.332769e+00
3.364258e+00	3.424509e+00	3.482522e+00	3.540265e+00	3.597151e+00	3.651825e+00
3.702597e+00	3.749736e+00	3.794822e+00	3.837317e+00	3.873770e+00	3.901602e+00
3.923540e+00	3.948182e+00	3.984266e+00	4.032859e+00	4.091273e+00	4.121450e+00
4.150358e+00	4.167920e+00	4.167446e+00	4.165577e+00	4.164987e+00	4.164859e+00
4.164745e+00	4.164715e+00	4.164672e+00	4.164765e+00	3.413964e+00	3.450662e+00
3.486245e+00	3.519877e+00	3.551803e+00	3.612113e+00	3.668917e+00	3.724080e+00
3.777141e+00	3.827059e+00	3.872591e+00	3.914078e+00	3.953049e+00	3.989087e+00
4.019175e+00	4.041116e+00	4.057460e+00	4.076110e+00	4.105096e+00	4.145536e+00
4.195182e+00	4.220987e+00	4.245575e+00	4.260185e+00	4.258643e+00	4.256665e+00
4.255884e+00	4.255739e+00	4.255612e+00	4.255582e+00	4.255542e+00	4.255624e+00
3.608423e+00	3.646439e+00	3.683127e+00	3.717490e+00	3.749802e+00	3.809995e+00
3.865288e+00	3.917438e+00	3.966137e+00	4.010701e+00	4.050389e+00	4.085623e+00
4.117874e+00	4.146860e+00	4.170037e+00	4.185619e+00	4.195950e+00	4.208184e+00
4.229590e+00	4.261360e+00	4.301730e+00	4.322928e+00	4.342976e+00	4.354493e+00
4.351836e+00	4.349744e+00	4.348766e+00	4.348601e+00	4.348462e+00	4.348432e+00
4.348395e+00	4.348464e+00	3.813958e+00	3.853322e+00	3.891127e+00	3.926197e+00
3.958839e+00	4.018717e+00	4.072170e+00	4.120835e+00	4.164590e+00	4.203156e+00
4.236350e+00	4.264686e+00	4.289571e+00	4.310873e+00	4.326563e+00	4.335289e+00
4.339168e+00	4.344537e+00	4.357860e+00	4.380421e+00	4.410984e+00	4.427331e+00
4.442612e+00	4.450888e+00	4.447068e+00	4.444859e+00	4.443674e+00	4.443490e+00
4.443338e+00	4.443308e+00	4.443274e+00	4.443331e+00	4.031200e+00	4.071943e+00
4.110874e+00	4.146621e+00	4.179529e+00	4.238874e+00	4.290124e+00	4.334793e+00
4.372973e+00	4.404846e+00	4.430849e+00	4.451598e+00	4.468427e+00	4.481373e+00
4.488963e+00	4.490311e+00	4.487274e+00	4.485308e+00	4.490020e+00	4.502808e+00
4.523013e+00	4.534256e+00	4.544534e+00	4.549417e+00	4.544384e+00	4.542054e+00
4.540654e+00	4.540450e+00	4.540284e+00	4.540254e+00	4.540223e+00	4.540266e+00
4.260816e+00	4.302968e+00	4.343031e+00	4.379420e+00	4.412522e+00	4.471091e+00
4.519744e+00	4.559860e+00	4.591782e+00	4.616214e+00	4.634278e+00	4.646701e+00
4.654741e+00	4.658616e+00	4.657459e+00	4.650876e+00	4.640436e+00	4.630640e+00
4.626188e+00	4.628615e+00	4.637888e+00	4.643762e+00	4.648794e+00	4.650128e+00
4.643830e+00	4.641375e+00	4.639750e+00	4.639525e+00	4.639345e+00	4.639315e+00
4.639288e+00	4.639317e+00	4.503511e+00	4.547101e+00	4.588298e+00	4.625289e+00
4.658503e+00	4.716030e+00	4.761654e+00	4.796613e+00	4.821540e+00	4.837724e+00
4.847047e+00	4.850355e+00	4.848823e+00	4.842869e+00	4.832280e+00	4.817182e+00
4.798825e+00	4.780681e+00	4.766486e+00	4.757936e+00	4.755680e+00	4.755914e+00
4.755446e+00	4.753067e+00	4.745451e+00	4.742867e+00	4.741009e+00	4.740762e+00
4.740567e+00	4.740537e+00	4.740513e+00	4.740528e+00	4.760030e+00	4.805084e+00
4.847417e+00	4.884962e+00	4.918197e+00	4.974388e+00	5.016512e+00	5.045658e+00
5.062795e+00	5.069864e+00	5.069584e+00	5.062935e+00	5.050997e+00	5.034410e+00
5.013663e+00	4.989436e+00	4.962620e+00	4.935584e+00	4.911038e+00	4.890871e+00
4.876463e+00	4.870774e+00	4.864545e+00	4.858286e+00	4.849297e+00	4.846578e+00
4.844478e+00	4.844208e+00	4.843998e+00	4.843968e+00	4.843948e+00	4.843948e+00
5.034926e+00	5.081092e+00	5.124334e+00	5.162419e+00	5.195836e+00	5.251281e+00
5.290472e+00	5.313838e+00	5.322664e+00	5.319708e+00	5.308756e+00	5.291031e+00
5.267631e+00	5.239505e+00	5.207864e+00	5.173918e+00	5.138102e+00	5.101478e+00
5.065540e+00	5.032343e+00	5.004363e+00	4.992262e+00	4.979675e+00	4.969028e+00
4.958797e+00	4.956019e+00	4.953678e+00	4.953388e+00	4.953165e+00	4.953137e+00
4.953123e+00	4.953104e+00	5.322789e+00	5.370339e+00	5.414628e+00	5.453162e+00
5.486473e+00	5.540210e+00	5.575189e+00	5.591502e+00	5.590850e+00	5.576836e+00
5.554306e+00	5.524674e+00	5.488965e+00	5.448414e+00	5.405030e+00	5.360627e+00
5.315182e+00	5.268442e+00	5.220712e+00	5.174285e+00	5.132584e+00	5.113897e+00
5.094894e+00	5.079910e+00	5.068246e+00	5.065347e+00	5.062747e+00	5.062434e+00
5.062195e+00	5.062168e+00	5.062159e+00	5.062123e+00	5.608473e+00	5.659653e+00
5.706371e+00	5.745234e+00	5.777061e+00	5.824116e+00	5.848888e+00	5.853800e+00
5.841312e+00	5.815467e+00	5.781493e+00	5.740438e+00	5.692543e+00	5.638953e+00
5.582876e+00	5.527133e+00	5.471468e+00	5.414696e+00	5.356422e+00	5.299589e+00
5.247114e+00	5.222259e+00	5.197967e+00	5.180063e+00	5.166076e+00	5.162690e+00
5.159788e+00	5.159435e+00	5.159171e+00	5.159132e+00	5.159116e+00	5.159078e+00
5.890060e+00	5.946664e+00	5.996839e+00	6.035687e+00	6.064549e+00	6.100098e+00
6.109226e+00	6.098920e+00	6.072495e+00	6.033985e+00	5.988406e+00	5.936079e+00
5.876067e+00	5.809221e+00	5.740070e+00	5.672590e+00	5.606474e+00	5.539990e+00
5.472431e+00	5.407474e+00	5.346663e+00	5.316352e+00	5.287872e+00	5.268110e+00
5.251169e+00	5.247044e+00	5.243795e+00	5.243389e+00	5.243089e+00	5.243031e+00
5.243003e+00	5.242972e+00	6.171890e+00	6.230753e+00	6.281664e+00	6.318601e+00
6.343334e+00	6.366415e+00	6.359562e+00	6.332794e+00	6.290069e+00	6.235583e+00
6.174462e+00	6.107249e+00	6.033313e+00	5.953825e+00	5.872879e+00	5.794193e+00
5.717633e+00	5.641836e+00	5.566234e+00	5.493571e+00	5.425193e+00	5.391810e+00
5.360563e+00	5.338627e+00	5.318755e+00	5.313978e+00	5.310244e+00	5.309774e+00
5.309422e+00	5.309363e+00	5.309334e+00	5.309296e+00	6.456108e+00	6.515396e+00
6.565409e+00	6.599137e+00	6.618749e+00	6.627971e+00	6.604050e+00	6.559428e+00
6.498645e+00	6.426179e+00	6.347445e+00	6.263656e+00	6.175059e+00	6.083267e+00
5.991147e+00	5.901599e+00	5.814781e+00	5.730050e+00	5.647119e+00	5.567243e+00
5.491953e+00	5.456445e+00	5.423071e+00	5.398983e+00	5.376270e+00	5.370883e+00
5.366636e+00	5.366099e+00	5.365691e+00	5.365636e+00	5.365611e+00	5.365562e+00
6.741044e+00	6.800190e+00	6.848524e+00	6.877869e+00	6.890853e+00	6.882742e+00
6.838197e+00	6.772667e+00	6.691357e+00	6.598960e+00	6.501095e+00	6.399505e+00
6.295229e+00	6.190179e+00	6.085960e+00	5.984566e+00	5.886514e+00	5.792110e+00
5.701638e+00	5.613948e+00	5.531784e+00	5.494558e+00	5.459442e+00	5.433259e+00
5.407219e+00	5.401058e+00	5.396181e+00	5.395545e+00	5.395075e+00	5.395010e+00
5.394975e+00	5.394945e+00	7.022165e+00	7.081316e+00	7.127714e+00	7.151614e+00
7.156219e+00	7.126297e+00	7.056636e+00	6.967043e+00	6.863408e+00	6.750302e+00
6.633098e+00	6.513789e+00	6.394080e+00	6.276015e+00	6.159878e+00	6.046739e+00
5.937686e+00	5.834553e+00	5.738706e+00	5.643464e+00	5.555149e+00	5.516533e+00
5.480027e+00	5.452074e+00	5.423039e+00	5.416176e+00	5.410742e+00	5.410015e+00
5.409492e+00	5.409414e+00	5.409366e+00	5.409362e+00	7.312522e+00	7.357768e+00
7.391319e+00	7.404580e+00	7.400567e+00	7.356760e+00	7.272166e+00	7.160787e+00
7.029974e+00	6.888062e+00	6.744869e+00	6.603444e+00	6.465313e+00	6.332412e+00
6.204937e+00	6.083444e+00	5.965963e+00	5.852815e+00	5.743254e+00	5.643967e+00
5.553762e+00	5.514766e+00	5.477651e+00	5.448845e+00	5.418778e+00	5.411610e+00
5.405953e+00	5.405214e+00	5.404651e+00	5.404580e+00	5.404527e+00	5.404527e+00
7.605203e+00	7.630025e+00	7.645736e+00	7.645547e+00	7.631807e+00	7.574688e+00
7.476569e+00	7.342372e+00	7.181423e+00	7.007517e+00	6.836352e+00	6.671932e+00
6.515157e+00	6.367539e+00	6.227731e+00	6.096690e+00	5.975093e+00	5.856736e+00
5.739216e+00	5.627412e+00	5.533107e+00	5.493270e+00	5.454600e+00	5.423697e+00
5.391498e+00	5.383641e+00	5.377496e+00	5.376753e+00	5.376086e+00	5.376039e+00
5.375977e+00	5.375979e+00	7.884673e+00	7.902300e+00	7.909292e+00	7.897784e+00
7.870772e+00	7.784256e+00	7.654726e+00	7.490022e+00	7.300633e+00	7.100929e+00
6.906958e+00	6.722625e+00	6.548483e+00	6.385211e+00	6.234514e+00	6.093027e+00
5.958844e+00	5.829258e+00	5.702148e+00	5.584100e+00	5.484605e+00	5.443068e+00
5.402990e+00	5.371016e+00	5.337518e+00	5.329370e+00	5.322987e+00	5.322202e+00
5.321511e+00	5.321450e+00	5.321379e+00	5.321400e+00	8.149519e+00	8.175660e+00
8.185036e+00	8.165151e+00	8.121137e+00	7.987327e+00	7.806434e+00	7.602888e+00
7.387228e+00	7.169318e+00	6.959876e+00	6.762287e+00	6.568548e+00	6.385085e+00
6.221240e+00	6.064883e+00	5.915900e+00	5.775190e+00	5.642064e+00	5.518863e+00
5.412136e+00	5.367663e+00	5.325685e+00	5.293065e+00	5.258638e+00	5.250391e+00
5.243908e+00	5.243054e+00	5.242395e+00	5.242330e+00	5.242257e+00	5.242269e+00
8.418646e+00	8.445785e+00	8.451278e+00	8.419361e+00	8.357075e+00	8.177972e+00
7.949792e+00	7.708339e+00	7.464061e+00	7.223748e+00	6.993676e+00	6.773441e+00
6.571426e+00	6.379957e+00	6.194301e+00	6.019987e+00	5.856990e+00	5.705299e+00
5.564948e+00	5.435445e+00	5.321124e+00	5.273162e+00	5.228751e+00	5.195331e+00
5.160433e+00	5.152188e+00	5.145690e+00	5.144798e+00	5.144176e+00	5.144099e+00
5.144033e+00	5.144028e+00	8.694093e+00	8.707694e+00	8.698303e+00	8.649120e+00
8.568024e+00	8.350347e+00	8.083987e+00	7.807036e+00	7.530726e+00	7.262585e+00
7.010337e+00	6.773599e+00	6.550162e+00	6.338456e+00	6.139471e+00	5.953257e+00
5.779764e+00	5.617482e+00	5.465701e+00	5.326400e+00	5.204671e+00	5.152607e+00
5.104793e+00	5.069931e+00	5.035268e+00	5.027118e+00	5.020707e+00	5.019857e+00
5.019247e+00	5.019147e+00	5.019097e+00	5.019077e+00	8.949778e+00	8.955859e+00
8.937794e+00	8.875782e+00	8.778009e+00	8.519991e+00	8.207539e+00	7.888317e+00
7.575689e+00	7.277122e+00	7.003853e+00	6.755429e+00	6.512601e+00	6.283660e+00
6.069720e+00	5.870924e+00	5.686382e+00	5.512896e+00	5.348885e+00	5.198664e+00
5.067366e+00	5.009332e+00	4.956008e+00	4.918548e+00	4.886361e+00	4.879475e+00
4.872355e+00	4.871207e+00	4.870729e+00	4.870716e+00	4.870507e+00	4.870590e+00
9.214178e+00	9.206164e+00	9.172442e+00	9.091500e+00	8.972491e+00	8.670132e+00
8.313705e+00	7.955966e+00	7.611058e+00	7.286733e+00	6.990340e+00	6.717937e+00
6.460467e+00	6.215516e+00	5.986938e+00	5.775359e+00	5.579304e+00	5.394255e+00
5.217953e+00	5.056561e+00	4.914934e+00	4.850700e+00	4.792046e+00	4.752218e+00
4.720858e+00	4.714408e+00	4.707298e+00	4.706119e+00	4.705688e+00	4.705704e+00
4.705463e+00	4.705569e+00	9.575607e+00	9.497443e+00	9.398596e+00	9.264191e+00
9.103644e+00	8.747907e+00	8.367433e+00	7.994661e+00	7.635713e+00	7.293549e+00
6.978105e+00	6.683624e+00	6.406325e+00	6.142266e+00	5.895778e+00	5.666956e+00
5.454900e+00	5.256466e+00	5.070080e+00	4.899587e+00	4.748932e+00	4.682083e+00
4.624097e+00	4.585699e+00	4.542298e+00	4.529272e+00	4.527659e+00	4.528534e+00
4.527463e+00	4.526960e+00	4.527719e+00	4.527178e+00	1.001672e+01	9.815415e+00
9.613230e+00	9.405833e+00	9.197174e+00	8.792236e+00	8.397217e+00	8.017472e+00
7.651663e+00	7.297978e+00	6.963632e+00	6.645132e+00	6.343602e+00	6.057916e+00
5.790698e+00	5.540452e+00	5.307995e+00	5.094378e+00	4.899996e+00	4.721947e+00
4.562583e+00	4.495862e+00	4.443396e+00	4.409422e+00	4.342250e+00	4.316022e+00
4.325081e+00	4.329949e+00	4.327600e+00	4.326070e+00	4.328787e+00	4.326978e+00
1.020475e+01	1.002057e+01	9.817425e+00	9.591545e+00	9.356584e+00	8.898989e+00
8.461139e+00	8.037419e+00	7.642491e+00	7.275198e+00	6.918306e+00	6.578289e+00
6.259803e+00	5.959219e+00	5.678781e+00	5.416701e+00	5.172819e+00	4.946721e+00
4.738073e+00	4.545667e+00	4.370598e+00	4.293944e+00	4.232199e+00	4.193310e+00
4.128149e+00	4.104173e+00	4.111526e+00	4.115817e+00	4.113687e+00	4.112313e+00
4.114740e+00	4.113133e+00	1.032451e+01	1.018219e+01	1.001430e+01	9.802533e+00
9.561868e+00	9.056208e+00	8.545696e+00	8.054512e+00	7.611556e+00	7.207221e+00
6.831090e+00	6.482875e+00	6.157722e+00	5.848751e+00	5.560660e+00	5.292577e+00
5.042038e+00	4.804931e+00	4.579137e+00	4.368935e+00	4.174282e+00	4.081839e+00
4.001376e+00	3.951014e+00	3.904623e+00	3.891635e+00	3.890285e+00	3.891265e+00
3.890252e+00	3.889741e+00	3.890528e+00	3.890007e+00	1.048355e+01	1.035885e+01
1.019837e+01	9.979318e+00	9.719144e+00	9.155704e+00	8.580210e+00	8.056503e+00
7.575360e+00	7.140706e+00	6.746822e+00	6.387888e+00	6.053715e+00	5.735052e+00
5.437726e+00	5.161477e+00	4.902184e+00	4.653671e+00	4.412845e+00	4.186858e+00
3.974475e+00	3.869509e+00	3.775187e+00	3.716093e+00	3.678212e+00	3.670989e+00
3.664539e+00	3.663662e+00	3.663241e+00	3.663206e+00	3.663073e+00	3.663163e+00
1.071237e+01	1.055697e+01	1.036927e+01	1.012521e+01	9.836711e+00	9.211188e+00
8.588469e+00	8.030606e+00	7.526812e+00	7.075420e+00	6.666349e+00	6.293281e+00
5.946716e+00	5.616337e+00	5.307219e+00	5.019304e+00	4.747749e+00	4.486867e+00
4.233727e+00	3.994491e+00	3.766733e+00	3.653419e+00	3.551219e+00	3.486586e+00
3.443720e+00	3.434806e+00	3.428359e+00	3.427643e+00	3.427082e+00	3.426990e+00
3.426918e+00	3.426972e+00	1.102164e+01	1.076693e+01	1.048928e+01	1.017605e+01
9.846616e+00	9.199184e+00	8.579020e+00	8.005238e+00	7.487222e+00	7.017142e+00
6.586590e+00	6.192005e+00	5.828465e+00	5.486066e+00	5.166420e+00	4.868411e+00
4.586992e+00	4.318575e+00	4.059787e+00	3.808357e+00	3.559573e+00	3.437134e+00
3.327786e+00	3.257952e+00	3.207820e+00	3.199773e+00	3.191862e+00	3.190764e+00
3.190273e+00	3.190152e+00	3.190233e+00	3.190170e+00	1.133272e+01	1.096194e+01
1.058727e+01	1.020874e+01	9.840757e+00	9.169257e+00	8.546314e+00	7.973626e+00
7.443508e+00	6.952324e+00	6.497616e+00	6.079879e+00	5.699382e+00	5.346789e+00
5.018823e+00	4.712980e+00	4.423954e+00	4.150242e+00	3.887652e+00	3.624268e+00
3.353357e+00	3.221736e+00	3.105505e+00	3.030473e+00	2.972028e+00	2.965266e+00
2.955167e+00	2.953482e+00	2.953096e+00	2.952975e+00	2.953175e+00	2.952996e+00
1.150255e+01	1.110322e+01	1.070137e+01	1.029733e+01	9.903420e+00	9.178847e+00
8.516639e+00	7.910419e+00	7.355207e+00	6.845034e+00	6.377341e+00	5.951618e+00
5.565290e+00	5.207799e+00	4.874247e+00	4.562802e+00	4.266975e+00	3.984465e+00
3.710762e+00	3.434732e+00	3.150017e+00	3.010907e+00	2.887504e+00	2.806795e+00
2.740980e+00	2.731528e+00	2.720293e+00	2.718570e+00	2.717968e+00	2.717837e+00
2.717948e+00	2.717779e+00	1.166623e+01	1.123366e+01	1.079971e+01	1.036598e+01
9.946409e+00	9.170163e+00	8.472428e+00	7.837105e+00	7.259256e+00	6.731125e+00
6.250033e+00	5.816492e+00	5.424526e+00	5.062926e+00	4.725032e+00	4.409305e+00
4.108659e+00	3.819572e+00	3.537031e+00	3.249784e+00	2.951594e+00	2.805280e+00
2.675291e+00	2.589133e+00	2.514858e+00	2.502809e+00	2.490015e+00	2.488152e+00
2.487351e+00	2.487211e+00	2.487230e+00	2.487082e+00	1.181168e+01	1.134424e+01
1.087674e+01	1.041202e+01	9.960964e+00	9.150742e+00	8.415660e+00	7.753225e+00
7.154969e+00	6.611931e+00	6.120369e+00	5.681414e+00	5.285680e+00	4.920810e+00
4.578059e+00	4.255726e+00	3.947820e+00	3.650520e+00	3.359632e+00	3.064747e+00
2.759916e+00	2.609561e+00	2.472895e+00	2.379017e+00	2.297113e+00	2.281653e+00
2.267460e+00	2.265573e+00	2.264469e+00	2.264311e+00	2.264236e+00	2.264119e+00
1.194025e+01	1.143557e+01	1.093319e+01	1.043771e+01	9.962607e+00	9.104919e+00
8.339693e+00	7.654512e+00	7.039620e+00	6.486091e+00	5.988094e+00	5.546248e+00
5.148467e+00	4.780742e+00	4.432048e+00	4.099983e+00	3.781686e+00	3.474264e+00
3.175908e+00	2.877842e+00	2.573903e+00	2.422659e+00	2.278919e+00	2.174621e+00
2.085641e+00	2.065890e+00	2.050352e+00	2.048541e+00	2.047020e+00	2.046830e+00
2.046670e+00	2.046590e+00	1.208914e+01	1.153436e+01	1.098609e+01	1.045220e+01
9.949665e+00	9.042999e+00	8.246707e+00	7.541471e+00	6.913042e+00	6.351416e+00
5.848804e+00	5.402513e+00	5.000232e+00	4.627725e+00	4.273576e+00	3.935171e+00
3.612657e+00	3.302017e+00	3.001403e+00	2.701314e+00	2.394280e+00	2.239974e+00
2.090351e+00	1.978582e+00	1.881062e+00	1.858436e+00	1.840821e+00	1.838789e+00
1.837013e+00	1.836790e+00	1.836600e+00	1.836532e+00	1.224692e+01	1.163475e+01
1.103538e+01	1.046181e+01	9.922318e+00	8.968989e+00	8.143290e+00	7.420420e+00
6.780856e+00	6.212875e+00	5.706937e+00	5.256046e+00	4.848603e+00	4.470853e+00
4.111862e+00	3.768933e+00	3.444876e+00	3.134209e+00	2.834009e+00	2.533448e+00
2.223546e+00	2.066337e+00	1.912097e+00	1.794563e+00	1.688992e+00	1.664195e+00
1.644466e+00	1.642143e+00	1.640185e+00	1.639930e+00	1.639733e+00	1.639669e+00
1.240270e+01	1.173083e+01	1.107850e+01	1.046272e+01	9.892128e+00	8.892126e+00
8.036730e+00	7.296262e+00	6.646455e+00	6.072349e+00	5.563330e+00	5.108922e+00
4.697167e+00	4.315075e+00	3.952036e+00	3.605130e+00	3.279100e+00	2.969127e+00
2.670535e+00	2.371600e+00	2.061987e+00	1.903490e+00	1.745565e+00	1.622643e+00
1.510210e+00	1.483301e+00	1.461700e+00	1.459140e+00	1.456999e+00	1.456710e+00
1.456508e+00	1.456457e+00	1.255984e+01	1.182468e+01	1.111721e+01	1.046145e+01
9.857946e+00	8.812249e+00	7.927017e+00	7.169115e+00	6.510323e+00	5.930717e+00
5.418892e+00	4.961709e+00	4.546124e+00	4.160267e+00	3.793892e+00	3.443756e+00
3.115674e+00	2.807357e+00	2.511671e+00	2.216159e+00	1.909231e+00	1.750685e+00
1.590009e+00	1.462260e+00	1.343607e+00	1.314640e+00	1.291270e+00	1.288493e+00
1.286171e+00	1.285847e+00	1.285641e+00	1.285608e+00	1.273160e+01	1.193100e+01
1.116700e+01	1.046765e+01	9.842345e+00	8.744375e+00	7.828246e+00	7.051521e+00
6.384794e+00	5.801709e+00	5.286803e+00	4.826437e+00	4.407209e+00	4.017920e+00
3.648616e+00	3.295743e+00	2.965085e+00	2.657771e+00	2.364866e+00	2.072767e+00
1.769275e+00	1.611779e+00	1.450380e+00	1.319844e+00	1.195398e+00	1.164453e+00
1.139481e+00	1.136524e+00	1.134012e+00	1.133669e+00	1.133436e+00	1.133417e+00
1.291600e+01	1.204738e+01	1.122592e+01	1.048851e+01	9.831774e+00	8.684819e+00
7.738388e+00	6.942469e+00	6.268147e+00	5.682324e+00	5.164110e+00	4.700333e+00
4.277557e+00	3.885066e+00	3.513236e+00	3.158241e+00	2.825162e+00	2.518685e+00
2.228593e+00	1.940084e+00	1.640793e+00	1.485156e+00	1.324412e+00	1.192560e+00
1.063338e+00	1.030730e+00	1.004465e+00	1.001360e+00	9.986867e-01	9.983355e-01
9.980708e-01	9.980601e-01	1.312132e+01	1.217765e+01	1.129422e+01	1.051612e+01
9.831478e+00	8.663195e+00	7.688284e+00	6.869962e+00	6.182812e+00	5.589584e+00
5.064944e+00	4.595120e+00	4.166678e+00	3.769343e+00	3.394674e+00	3.038839e+00
2.705077e+00	2.398192e+00	2.109172e+00	1.822915e+00	1.527891e+00	1.374405e+00
1.214986e+00	1.082592e+00	9.489894e-01	9.149126e-01	8.875552e-01	8.842045e-01
8.814450e-01	8.810982e-01	8.808130e-01	8.807867e-01	1.335852e+01	1.232927e+01
1.137836e+01	1.056309e+01	9.859137e+00	8.658033e+00	7.661829e+00	6.821905e+00
6.121878e+00	5.519241e+00	4.986497e+00	4.508912e+00	4.073183e+00	3.669573e+00
3.291846e+00	2.936521e+00	2.603825e+00	2.295442e+00	2.005776e+00	1.720267e+00
1.429403e+00	1.278227e+00	1.120616e+00	9.882322e-01	8.503154e-01	8.148675e-01
7.865348e-01	7.828312e-01	7.800495e-01	7.797191e-01	7.794227e-01	7.793589e-01
1.362698e+01	1.251141e+01	1.149192e+01	1.063796e+01	9.912075e+00	8.671514e+00
7.664231e+00	6.815581e+00	6.095087e+00	5.478885e+00	4.935459e+00	4.449767e+00
4.006830e+00	3.597192e+00	3.215302e+00	2.857606e+00	2.522852e+00	2.211034e+00
1.919962e+00	1.635475e+00	1.347574e+00	1.198059e+00	1.041307e+00	9.081826e-01
7.663958e-01	7.295818e-01	7.002242e-01	6.963233e-01	6.934724e-01	6.931313e-01
6.928254e-01	6.927249e-01	1.393004e+01	1.272866e+01	1.164226e+01	1.075246e+01
1.000701e+01	8.727218e+00	7.691044e+00	6.818451e+00	6.088781e+00	5.465170e+00
4.915682e+00	4.420050e+00	3.968278e+00	3.551555e+00	3.164085e+00	2.801858e+00
2.462891e+00	2.146415e+00	1.852183e+00	1.568328e+00	1.282074e+00	1.133390e+00
9.764327e-01	8.417390e-01	6.960401e-01	6.578149e-01	6.273332e-01	6.233052e-01
6.203510e-01	6.199865e-01	6.196764e-01	6.195370e-01	1.425817e+01	1.297327e+01
1.182199e+01	1.089813e+01	1.013421e+01	8.813014e+00	7.750933e+00	6.863937e+00
6.118404e+00	5.480452e+00	4.918148e+00	4.414397e+00	3.955561e+00	3.532608e+00
3.139969e+00	2.773428e+00	2.430079e+00	2.107042e+00	1.806375e+00	1.521168e+00
1.234640e+00	1.085554e+00	9.270482e-01	7.897022e-01	6.391760e-01	5.993576e-01
5.675292e-01	5.633538e-01	5.602525e-01	5.598702e-01	5.595517e-01	5.593834e-01
1.459084e+01	1.325111e+01	1.205536e+01	1.110324e+01	1.031593e+01	8.932498e+00
7.825219e+00	6.920696e+00	6.169011e+00	5.527126e+00	4.958272e+00	4.447063e+00
3.981184e+00	3.551946e+00	3.152742e+00	2.779097e+00	2.428371e+00	2.094801e+00
1.784269e+00	1.493396e+00	1.202925e+00	1.051760e+00	8.915005e-01	7.509163e-01
5.947079e-01	5.530507e-01	5.196122e-01	5.154090e-01	5.120107e-01	5.116162e-01
5.112148e-01	5.111012e-01	1.494035e+01	1.353976e+01	1.229608e+01	1.131654e+01
1.050939e+01	9.072467e+00	7.924920e+00	7.003371e+00	6.245501e+00	5.599677e+00
5.024758e+00	4.503915e+00	4.028296e+00	3.590118e+00	3.181381e+00	2.796555e+00
2.434332e+00	2.096903e+00	1.781929e+00	1.487622e+00	1.195002e+00	1.041683e+00
8.744594e-01	7.268379e-01	5.618504e-01	5.177003e-01	4.822013e-01	4.778159e-01
4.741383e-01	4.737134e-01	4.732615e-01	4.731981e-01	1.531048e+01	1.383210e+01
1.252944e+01	1.152189e+01	1.070199e+01	9.235126e+00	8.070690e+00	7.137966e+00
6.369543e+00	5.712210e+00	5.126292e+00	4.595719e+00	4.111508e+00	3.665588e+00
3.249939e+00	2.858843e+00	2.489827e+00	2.140868e+00	1.811035e+00	1.501188e+00
1.199362e+00	1.041010e+00	8.688881e-01	7.152316e-01	5.400360e-01	4.926924e-01
4.546012e-01	4.498548e-01	4.459295e-01	4.454589e-01	4.449983e-01	4.449572e-01
1.569299e+01	1.412440e+01	1.275605e+01	1.172176e+01	1.089570e+01	9.417916e+00
8.255503e+00	7.314399e+00	6.531448e+00	5.857533e+00	5.257516e+00	4.715597e+00
4.221773e+00	3.767331e+00	3.344237e+00	2.946260e+00	2.569523e+00	2.209842e+00
1.864981e+00	1.537485e+00	1.222014e+00	1.056652e+00	8.783216e-01	7.182688e-01
5.278227e-01	4.759644e-01	4.348683e-01	4.295856e-01	4.255246e-01	4.250164e-01
4.246223e-01	4.245227e-01	1.607569e+01	1.441871e+01	1.298636e+01	1.192759e+01
1.109860e+01	9.618750e+00	8.468640e+00	7.521592e+00	6.723018e+00	6.030705e+00
5.415573e+00	4.861908e+00	4.358284e+00	3.895196e+00	3.464738e+00	3.060166e+00
2.675975e+00	2.305534e+00	1.945401e+00	1.599078e+00	1.266176e+00	1.092176e+00
9.001332e-01	7.257993e-01	5.197805e-01	4.638575e-01	4.194567e-01	4.136345e-01
4.093786e-01	4.088324e-01	4.084784e-01	4.083186e-01	1.642244e+01	1.471606e+01
1.324568e+01	1.217118e+01	1.133753e+01	9.841901e+00	8.688070e+00	7.732252e+00
6.924154e+00	6.221527e+00	5.596043e+00	5.032392e+00	4.519320e+00	4.047218e+00
3.607881e+00	3.194103e+00	2.799707e+00	2.416954e+00	2.041271e+00	1.675144e+00
1.320441e+00	1.135658e+00	9.287198e-01	7.386614e-01	5.193887e-01	4.590613e-01
4.093361e-01	4.030347e-01	3.982418e-01	3.976480e-01	3.971670e-01	3.970315e-01
1.673496e+01	1.501124e+01	1.352992e+01	1.245236e+01	1.161504e+01	1.009384e+01
8.922105e+00	7.955571e+00	7.144332e+00	6.440438e+00	5.810621e+00	5.239649e+00
4.718052e+00	4.236903e+00	3.787103e+00	3.361071e+00	2.953362e+00	2.557153e+00
2.167275e+00	1.782200e+00	1.398840e+00	1.199678e+00	9.743052e-01	7.659120e-01
5.233886e-01	4.570204e-01	4.028002e-01	3.960428e-01	3.906292e-01	3.899826e-01
3.893365e-01	3.892215e-01	1.704606e+01	1.528394e+01	1.377807e+01	1.269825e+01
1.186925e+01	1.035536e+01	9.183733e+00	8.213013e+00	7.396258e+00	6.685521e+00
6.047070e+00	5.466143e+00	4.934129e+00	4.442562e+00	3.982300e+00	3.545654e+00
3.127077e+00	2.719505e+00	2.316103e+00	1.910580e+00	1.494445e+00	1.275441e+00
1.028238e+00	7.988912e-01	5.317422e-01	4.589209e-01	3.995683e-01	3.916653e-01
3.856196e-01	3.848686e-01	3.841819e-01	3.837437e-01	1.734810e+01	1.554138e+01
1.400813e+01	1.292865e+01	1.211532e+01	1.062960e+01	9.470068e+00	8.500023e+00
7.676266e+00	6.955058e+00	6.305357e+00	5.713049e+00	5.169729e+00	4.667205e+00
4.196758e+00	3.750804e+00	3.323309e+00	2.906396e+00	2.490724e+00	2.063977e+00
1.610403e+00	1.365731e+00	1.092965e+00	8.401778e-01	5.471907e-01	4.652878e-01
3.973433e-01	3.883867e-01	3.817799e-01	3.809223e-01	3.802273e-01	3.794119e-01
1.756948e+01	1.575061e+01	1.421696e+01	1.315713e+01	1.237236e+01	1.092702e+01
9.779276e+00	8.805294e+00	7.968238e+00	7.231186e+00	6.568234e+00	5.965769e+00
5.414522e+00	4.905297e+00	4.428313e+00	3.975241e+00	3.539725e+00	3.113294e+00
2.684193e+00	2.233929e+00	1.739676e+00	1.467362e+00	1.166805e+00	8.894553e-01
5.658258e-01	4.730067e-01	3.969084e-01	3.870692e-01	3.787426e-01	3.776652e-01
3.770069e-01	3.757345e-01	1.771131e+01	1.590761e+01	1.440069e+01	1.338396e+01
1.264604e+01	1.126044e+01	1.012283e+01	9.135766e+00	8.273920e+00	7.511780e+00
6.832092e+00	6.221149e+00	5.667240e+00	5.158347e+00	4.681164e+00	4.224903e+00
3.782964e+00	3.346602e+00	2.901935e+00	2.424592e+00	1.885966e+00	1.584271e+00
1.253935e+00	9.524379e-01	5.908905e-01	4.839104e-01	3.980238e-01	3.866144e-01
3.764350e-01	3.750617e-01	3.744820e-01	3.727001e-01	1.790054e+01	1.608089e+01
1.457321e+01	1.358329e+01	1.288399e+01	1.154958e+01	1.043086e+01	9.447679e+00
8.580379e+00	7.808887e+00	7.120546e+00	6.502688e+00	5.943312e+00	5.429799e+00
4.947914e+00	4.486087e+00	4.037238e+00	3.591727e+00	3.133326e+00	2.632024e+00
2.051840e+00	1.720063e+00	1.353052e+00	1.021935e+00	6.196618e-01	4.987054e-01
4.002682e-01	3.867735e-01	3.743291e-01	3.727062e-01	3.720838e-01	3.699446e-01
1.811717e+01	1.625301e+01	1.472579e+01	1.375498e+01	1.309080e+01	1.180084e+01
1.070728e+01	9.740278e+00	8.882672e+00	8.115405e+00	7.426381e+00	6.804048e+00
6.237716e+00	5.716106e+00	5.226344e+00	4.757448e+00	4.301664e+00	3.848017e+00
3.377840e+00	2.855916e+00	2.237768e+00	1.875945e+00	1.466340e+00	1.099204e+00
6.531332e-01	5.183752e-01	4.043269e-01	3.876232e-01	3.722896e-01	3.704215e-01
3.697045e-01	3.673059e-01	1.828831e+01	1.638659e+01	1.484690e+01	1.390375e+01
1.328147e+01	1.203622e+01	1.097093e+01	1.002195e+01	9.175338e+00	8.413618e+00
7.726126e+00	7.102364e+00	6.532656e+00	6.006542e+00	5.512029e+00	5.038444e+00
4.577478e+00	4.117054e+00	3.636183e+00	3.094506e+00	2.438935e+00	2.047028e+00
1.595282e+00	1.186899e+00	6.925766e-01	5.416675e-01	4.094037e-01	3.890383e-01
3.701613e-01	3.679489e-01	3.672267e-01	3.645887e-01	1.844078e+01	1.650249e+01
1.495247e+01	1.404048e+01	1.346261e+01	1.226043e+01	1.122535e+01	1.029665e+01
9.463507e+00	8.709923e+00	8.026591e+00	7.404012e+00	6.833388e+00	6.305055e+00
5.807775e+00	5.331159e+00	4.866432e+00	4.400471e+00	3.910107e+00	3.350030e+00
2.658252e+00	2.236446e+00	1.741232e+00	1.286395e+00	7.387750e-01	5.694566e-01
4.160672e-01	3.914396e-01	3.682878e-01	3.656389e-01	3.649349e-01	3.622649e-01
1.857398e+01	1.660265e+01	1.504486e+01	1.416485e+01	1.363123e+01	1.247172e+01
1.146796e+01	1.056158e+01	9.744199e+00	9.001286e+00	8.324736e+00	7.705981e+00
7.137007e+00	6.608880e+00	6.111016e+00	5.633268e+00	5.166475e+00	4.696576e+00
4.198341e+00	3.621627e+00	2.895285e+00	2.443911e+00	1.904342e+00	1.398425e+00
7.914686e-01	6.013945e-01	4.240794e-01	3.946399e-01	3.666335e-01	3.634492e-01
3.628270e-01	3.601068e-01	1.868361e+01	1.668482e+01	1.512227e+01	1.427330e+01
1.378163e+01	1.266402e+01	1.169189e+01	1.080951e+01	1.001007e+01	9.280493e+00
8.613638e+00	8.001764e+00	7.437516e+00	6.912559e+00	6.416798e+00	5.940247e+00
5.473452e+00	5.001584e+00	4.497579e+00	3.906826e+00	3.149131e+00	2.669729e+00
2.086591e+00	1.526004e+00	8.522659e-01	6.386791e-01	4.339972e-01	3.990381e-01
3.652497e-01	3.613956e-01	3.609153e-01	3.581058e-01	1.876708e+01	1.674926e+01
1.518563e+01	1.436401e+01	1.390885e+01	1.283278e+01	1.189191e+01	1.103449e+01
1.025482e+01	9.541039e+00	8.886750e+00	8.284882e+00	7.728611e+00	7.210024e+00
6.719329e+00	6.246652e+00	5.782339e+00	5.310905e+00	4.803724e+00	4.202213e+00
3.417324e+00	2.912017e+00	2.286717e+00	1.672003e+00	9.211020e-01	6.812204e-01
4.457755e-01	4.045865e-01	3.640214e-01	3.593910e-01	3.590251e-01	3.562532e-01
1.883728e+01	1.680380e+01	1.524031e+01	1.444394e+01	1.402240e+01	1.298707e+01
1.207716e+01	1.124532e+01	1.048667e+01	9.790422e+00	9.150793e+00	8.561274e+00
8.015482e+00	7.505813e+00	7.022646e+00	6.556159e+00	6.096555e+00	5.627791e+00
5.119862e+00	4.510555e+00	3.702024e+00	3.172491e+00	2.505854e+00	1.836049e+00
9.980669e-01	7.289097e-01	4.592217e-01	4.111790e-01	3.630849e-01	3.574967e-01
3.572030e-01	3.545238e-01	1.889212e+01	1.684571e+01	1.528301e+01	1.450928e+01
1.411796e+01	1.312158e+01	1.224172e+01	1.143562e+01	1.069896e+01	1.002186e+01
9.399036e+00	8.824371e+00	8.291791e+00	7.793872e+00	7.321003e+00	6.863285e+00
6.410863e+00	5.947318e+00	5.441496e+00	4.828045e+00	4.000587e+00	3.449357e+00
2.743333e+00	2.017538e+00	1.083816e+00	7.822455e-01	4.744932e-01	4.188833e-01
3.629513e-01	3.558327e-01	3.555430e-01	3.529939e-01	1.893412e+01	1.687708e+01
1.531530e+01	1.456118e+01	1.419631e+01	1.323591e+01	1.238434e+01	1.160335e+01
1.088896e+01	1.023202e+01	9.627633e+00	9.069952e+00	8.553069e+00	8.069603e+00
7.609747e+00	7.163377e+00	6.720647e+00	6.264957e+00	5.764307e+00	5.150886e+00
4.310470e+00	3.741250e+00	2.999644e+00	2.219116e+00	1.180332e+00	8.428907e-01
4.924865e-01	4.284010e-01	3.629538e-01	3.544676e-01	3.540540e-01	3.516614e-01
1.897176e+01	1.690220e+01	1.533907e+01	1.460193e+01	1.426134e+01	1.333326e+01
1.250791e+01	1.175087e+01	1.105837e+01	1.042207e+01	9.837115e+00	9.297933e+00
8.798674e+00	8.331878e+00	7.887354e+00	7.454690e+00	7.024120e+00	6.578975e+00
6.086724e+00	5.477587e+00	4.630096e+00	4.046475e+00	3.272974e+00	2.439345e+00
1.287279e+00	9.110001e-01	5.131580e-01	4.396646e-01	3.634895e-01	3.538475e-01
3.527825e-01	3.504910e-01	1.900515e+01	1.692320e+01	1.535828e+01	1.463624e+01
1.431804e+01	1.341980e+01	1.261918e+01	1.188521e+01	1.121426e+01	1.059882e+01
1.003395e+01	9.514324e+00	9.034114e+00	8.585707e+00	8.158404e+00	7.741445e+00
7.325191e+00	6.893001e+00	6.412068e+00	5.811103e+00	4.961991e+00	4.367361e+00
3.565499e+00	2.680258e+00	1.405891e+00	9.871106e-01	5.365762e-01	4.527282e-01
3.652233e-01	3.534309e-01	3.516395e-01	3.494278e-01	1.902050e+01	1.692845e+01
1.536401e+01	1.465871e+01	1.436130e+01	1.349059e+01	1.271313e+01	1.200121e+01
1.135141e+01	1.075674e+01	1.021236e+01	9.713115e+00	9.253124e+00	8.824577e+00
8.416238e+00	8.016956e+00	7.617283e+00	7.200738e+00	6.734457e+00	6.146105e+00
5.301555e+00	4.699763e+00	3.873604e+00	2.939162e+00	1.538875e+00	1.071383e+00
5.626494e-01	4.674363e-01	3.674030e-01	3.534025e-01	3.505563e-01	3.484606e-01
1.902624e+01	1.692762e+01	1.536452e+01	1.467142e+01	1.439162e+01	1.354512e+01
1.278860e+01	1.209715e+01	1.146760e+01	1.089312e+01	1.036922e+01	9.890751e+00
9.451735e+00	9.044088e+00	8.655977e+00	8.275794e+00	7.894375e+00	7.495610e+00
7.046960e+00	6.475902e+00	5.643365e+00	5.039278e+00	4.194125e+00	3.214803e+00
1.689651e+00	1.165604e+00	5.924555e-01	4.846533e-01	3.707261e-01	3.542582e-01
3.495405e-01	3.475902e-01	1.902879e+01	1.692949e+01	1.537044e+01	1.469189e+01
1.442696e+01	1.360082e+01	1.286159e+01	1.218717e+01	1.157425e+01	1.101653e+01
1.051004e+01	1.004965e+01	9.629809e+00	9.242576e+00	8.876185e+00	8.519068e+00
8.162087e+00	7.788824e+00	7.365362e+00	6.814641e+00	5.990897e+00	5.384517e+00
4.527762e+00	3.512384e+00	1.859812e+00	1.269008e+00	6.261961e-01	5.044023e-01
3.750277e-01	3.558236e-01	3.485694e-01	3.469269e-01	1.902675e+01	1.693090e+01
1.537766e+01	1.470851e+01	1.445678e+01	1.364932e+01	1.292569e+01	1.226654e+01
1.166844e+01	1.112582e+01	1.063508e+01	1.019138e+01	9.789639e+00	9.422309e+00
9.078051e+00	8.745658e+00	8.416081e+00	8.072478e+00	7.678900e+00	7.151694e+00
6.337939e+00	5.731747e+00	4.871338e+00	3.829267e+00	2.050708e+00	1.383479e+00
6.642688e-01	5.270759e-01	3.805590e-01	3.583253e-01	3.477687e-01	3.463499e-01
1.898250e+01	1.690374e+01	1.536693e+01	1.471102e+01	1.447020e+01	1.368083e+01
1.297318e+01	1.232969e+01	1.174716e+01	1.122057e+01	1.074621e+01	1.031994e+01
9.936687e+00	9.589119e+00	9.266036e+00	8.956343e+00	8.651280e+00	8.334187e+00
7.968586e+00	7.468158e+00	6.676191e+00	6.078158e+00	5.220819e+00	4.157807e+00
2.260365e+00	1.512799e+00	7.063556e-01	5.525875e-01	3.872041e-01	3.610758e-01
3.473173e-01	3.457055e-01	1.894077e+01	1.688307e+01	1.536448e+01	1.471995e+01
1.448771e+01	1.371429e+01	1.302040e+01	1.239059e+01	1.182170e+01	1.130911e+01
1.084936e+01	1.043869e+01	1.007235e+01	9.743278e+00	9.440547e+00	9.153360e+00
8.873361e+00	8.584197e+00	8.249101e+00	7.779259e+00	7.014421e+00	6.427938e+00
5.578011e+00	4.499750e+00	2.490268e+00	1.660736e+00	7.538983e-01	5.816077e-01
3.953690e-01	3.649765e-01	3.471497e-01	3.452418e-01	1.889983e+01	1.686556e+01
1.536489e+01	1.473246e+01	1.450730e+01	1.374825e+01	1.306664e+01	1.244898e+01
1.189219e+01	1.139197e+01	1.094528e+01	1.054859e+01	1.019753e+01	9.885431e+00
9.601807e+00	9.336289e+00	9.081190e+00	8.820817e+00	8.518520e+00	8.083089e+00
7.350847e+00	6.779382e+00	5.941155e+00	4.853441e+00	2.740262e+00	1.827820e+00
8.069207e-01	6.140525e-01	4.048691e-01	3.697989e-01	3.471170e-01	3.448648e-01
1.885890e+01	1.685023e+01	1.536961e+01	1.474798e+01	1.452861e+01	1.378229e+01
1.311137e+01	1.250404e+01	1.195741e+01	1.146746e+01	1.103171e+01	1.064686e+01
1.030890e+01	1.001173e+01	9.745573e+00	9.500592e+00	9.269799e+00	9.038086e+00
8.769237e+00	8.371114e+00	7.677835e+00	7.125419e+00	6.302805e+00	5.211882e+00
3.009679e+00	2.016535e+00	8.666589e-01	6.508941e-01	4.162215e-01	3.759302e-01
3.471885e-01	3.445638e-01	1.880722e+01	1.682807e+01	1.536981e+01	1.476035e+01
1.454736e+01	1.381454e+01	1.315398e+01	1.255549e+01	1.201668e+01	1.153426e+01
1.110645e+01	1.073058e+01	1.040325e+01	1.011942e+01	9.870652e+00	9.647821e+00
9.442814e+00	9.237366e+00	8.994621e+00	8.631573e+00	7.989304e+00	7.463989e+00
6.659357e+00	5.569764e+00	3.299880e+00	2.223599e+00	9.332394e-01	6.925623e-01
4.294489e-01	3.831812e-01	3.475468e-01	3.443327e-01	1.874634e+01	1.680131e+01
1.536993e+01	1.477246e+01	1.456519e+01	1.384532e+01	1.319440e+01	1.260372e+01
1.207158e+01	1.159553e+01	1.117446e+01	1.080640e+01	1.048860e+01	1.021710e+01
9.984910e+00	9.783758e+00	9.604233e+00	9.424389e+00	9.206656e+00	8.879465e+00
8.293885e+00	7.800046e+00	7.016911e+00	5.933878e+00	3.611427e+00	2.451060e+00
1.006995e+00	7.389130e-01	4.443397e-01	3.914805e-01	3.482535e-01	3.441159e-01
1.867245e+01	1.677180e+01	1.537193e+01	1.478786e+01	1.458321e+01	1.387341e+01
1.323016e+01	1.264589e+01	1.211954e+01	1.164941e+01	1.123475e+01	1.087410e+01
1.056517e+01	1.030465e+01	1.008640e+01	9.903003e+00	9.745369e+00	9.591445e+00
9.404555e+00	9.118149e+00	8.588096e+00	8.125488e+00	7.369244e+00	6.300616e+00
3.937720e+00	2.699244e+00	1.089317e+00	7.904956e-01	4.610221e-01	4.010613e-01
3.491803e-01	3.437915e-01	1.857467e+01	1.673605e+01	1.537952e+01	1.480724e+01
1.460074e+01	1.389839e+01	1.326110e+01	1.268197e+01	1.216055e+01	1.169572e+01
1.128690e+01	1.093299e+01	1.063204e+01	1.038106e+01	1.017436e+01	1.000537e+01
9.866321e+00	9.737392e+00	9.584323e+00	9.341664e+00	8.866113e+00	8.434732e+00
7.710190e+00	6.663534e+00	4.275449e+00	2.968461e+00	1.182158e+00	8.488384e-01
4.802821e-01	4.125742e-01	3.506813e-01	3.434059e-01	1.843795e+01	1.668421e+01
1.538560e+01	1.482780e+01	1.461524e+01	1.391920e+01	1.328696e+01	1.271261e+01
1.219581e+01	1.173581e+01	1.133215e+01	1.098412e+01	1.069012e+01	1.044760e+01
1.025127e+01	1.009525e+01	9.972888e+00	9.866133e+00	9.743091e+00	9.541686e+00
9.123301e+00	8.727225e+00	8.039421e+00	7.019971e+00	4.622133e+00	3.254950e+00
1.285997e+00	9.145076e-01	5.021091e-01	4.258090e-01	3.527875e-01	3.433627e-01
1.826301e+01	1.661665e+01	1.539117e+01	1.484939e+01	1.462795e+01	1.393743e+01
1.330963e+01	1.273968e+01	1.222723e+01	1.177174e+01	1.137285e+01	1.103021e+01
1.074255e+01	1.050774e+01	1.032091e+01	1.017681e+01	1.006981e+01	9.983571e+00
9.888646e+00	9.727302e+00	9.367471e+00	9.009154e+00	8.362195e+00	7.375232e+00
4.981492e+00	3.561298e+00	1.401661e+00	9.879691e-01	5.265660e-01	4.408042e-01
3.556260e-01	3.433507e-01	1.807639e+01	1.654368e+01	1.539428e+01	1.486956e+01
1.463668e+01	1.395013e+01	1.332575e+01	1.275969e+01	1.225151e+01	1.180074e+01
1.140708e+01	1.107015e+01	1.078851e+01	1.056028e+01	1.038144e+01	1.024763e+01
1.015429e+01	1.008639e+01	1.001737e+01	9.895284e+00	9.593587e+00	9.272336e+00
8.670882e+00	7.727246e+00	5.352163e+00	3.880997e+00	1.529157e+00	1.069816e+00
5.537357e-01	4.574345e-01	3.590391e-01	3.432806e-01	1.786949e+01	1.646139e+01
1.539590e+01	1.488804e+01	1.464224e+01	1.395821e+01	1.333615e+01	1.277319e+01
1.226887e+01	1.182278e+01	1.143464e+01	1.110371e+01	1.082771e+01	1.060475e+01
1.043222e+01	1.030690e+01	1.022526e+01	1.017320e+01	1.012736e+01	1.004306e+01
9.797430e+00	9.510717e+00	8.958468e+00	8.070558e+00	5.729657e+00	4.208033e+00
1.670297e+00	1.162275e+00	5.846778e-01	4.764216e-01	3.635542e-01	3.428893e-01
1.767135e+01	1.638176e+01	1.539581e+01	1.490412e+01	1.464598e+01	1.396553e+01
1.334706e+01	1.278771e+01	1.228685e+01	1.184411e+01	1.145929e+01	1.113165e+01
1.085996e+01	1.064260e+01	1.047691e+01	1.036008e+01	1.028916e+01	1.025129e+01
1.022548e+01	1.017243e+01	9.981994e+00	9.737667e+00	9.236294e+00	8.394661e+00
6.100458e+00	4.558390e+00	1.826463e+00	1.264409e+00	6.188978e-01	4.976945e-01
3.687397e-01	3.429607e-01	1.748865e+01	1.630825e+01	1.539548e+01	1.491884e+01
1.464929e+01	1.397196e+01	1.335648e+01	1.280035e+01	1.230260e+01	1.186276e+01
1.148051e+01	1.115542e+01	1.088748e+01	1.067547e+01	1.051615e+01	1.040679e+01
1.034499e+01	1.031945e+01	1.031137e+01	1.028572e+01	1.014729e+01	9.947003e+00
9.498543e+00	8.702150e+00	6.464670e+00	4.924957e+00	2.002656e+00	1.377740e+00
6.571906e-01	5.215656e-01	3.748741e-01	3.431825e-01	1.733054e+01	1.624541e+01
1.539677e+01	1.493331e+01	1.465363e+01	1.397726e+01	1.336231e+01	1.280797e+01
1.231294e+01	1.187651e+01	1.149786e+01	1.117692e+01	1.091311e+01	1.070535e+01
1.055056e+01	1.044649e+01	1.039170e+01	1.037657e+01	1.038502e+01	1.038674e+01
1.029435e+01	1.012991e+01	9.736612e+00	9.001783e+00	6.830552e+00	5.289812e+00
2.208564e+00	1.504288e+00	7.005217e-01	5.480966e-01	3.823745e-01	3.429924e-01
1.719805e+01	1.619151e+01	1.539560e+01	1.494306e+01	1.465555e+01	1.398256e+01
1.337142e+01	1.281982e+01	1.232684e+01	1.189198e+01	1.151492e+01	1.119581e+01
1.093447e+01	1.072988e+01	1.057957e+01	1.048156e+01	1.043470e+01	1.042956e+01
1.045139e+01	1.047469e+01	1.042423e+01	1.029617e+01	9.955662e+00	9.282716e+00
7.197063e+00	5.656708e+00	2.448502e+00	1.645344e+00	7.485082e-01	5.782462e-01
3.913013e-01	3.429035e-01	1.707884e+01	1.614334e+01	1.539522e+01	1.495280e+01
1.465816e+01	1.398751e+01	1.337834e+01	1.282851e+01	1.233730e+01	1.190425e+01
1.152921e+01	1.121235e+01	1.095366e+01	1.075211e+01	1.060552e+01	1.051221e+01
1.047154e+01	1.047495e+01	1.050941e+01	1.055277e+01	1.053930e+01	1.044423e+01
1.015745e+01	9.550446e+00	7.555247e+00	6.030212e+00	2.710461e+00	1.799881e+00
8.020065e-01	6.113857e-01	4.016040e-01	3.429144e-01	1.697222e+01	1.610078e+01
1.539592e+01	1.496280e+01	1.466185e+01	1.399178e+01	1.338249e+01	1.283350e+01
1.234379e+01	1.191277e+01	1.154024e+01	1.122620e+01	1.097044e+01	1.077178e+01
1.062801e+01	1.053783e+01	1.050133e+01	1.051163e+01	1.055772e+01	1.061961e+01
1.063761e+01	1.057092e+01	1.033686e+01	9.798154e+00	7.895971e+00	6.404910e+00
2.988360e+00	1.969341e+00	8.624984e-01	6.481636e-01	4.138325e-01	3.430757e-01
1.687525e+01	1.606063e+01	1.539452e+01	1.496906e+01	1.466249e+01	1.399415e+01
1.338617e+01	1.283827e+01	1.234970e+01	1.192002e+01	1.154922e+01	1.123716e+01
1.098341e+01	1.078672e+01	1.064539e+01	1.055849e+01	1.052642e+01	1.054265e+01
1.059741e+01	1.067465e+01	1.072260e+01	1.068242e+01	1.049211e+01	1.001571e+01
8.232007e+00	6.777106e+00	3.282103e+00	2.160231e+00	9.299572e-01	6.899934e-01
4.279582e-01	3.427430e-01	1.678592e+01	1.602351e+01	1.539240e+01	1.497452e+01
1.466294e+01	1.399621e+01	1.338978e+01	1.284300e+01	1.235538e+01	1.192678e+01
1.155741e+01	1.124698e+01	1.099490e+01	1.079984e+01	1.066073e+01	1.057693e+01
1.054908e+01	1.057068e+01	1.063290e+01	1.072378e+01	1.079961e+01	1.078433e+01
1.063419e+01	1.021765e+01	8.564010e+00	7.152221e+00	3.595378e+00	2.374296e+00
1.004671e+00	7.366376e-01	4.437395e-01	3.422387e-01	1.670752e+01	1.599262e+01
1.539276e+01	1.498190e+01	1.466517e+01	1.400018e+01	1.339503e+01	1.284930e+01
1.236231e+01	1.193449e+01	1.156628e+01	1.125709e+01	1.100635e+01	1.081289e+01
1.067592e+01	1.059521e+01	1.057122e+01	1.059722e+01	1.066549e+01	1.076761e+01
1.086764e+01	1.087524e+01	1.076360e+01	1.040364e+01	8.878422e+00	7.524927e+00
3.926998e+00	2.619701e+00	1.087787e+00	7.888865e-01	4.612047e-01	3.422836e-01
1.664074e+01	1.596758e+01	1.539605e+01	1.499086e+01	1.467012e+01	1.400567e+01
1.340111e+01	1.285613e+01	1.236965e+01	1.194245e+01	1.157511e+01	1.126680e+01
1.101710e+01	1.082507e+01	1.068994e+01	1.061177e+01	1.059089e+01	1.062086e+01
1.069481e+01	1.080638e+01	1.092615e+01	1.095342e+01	1.087727e+01	1.057061e+01
9.171259e+00	7.886754e+00	4.273318e+00	2.900875e+00	1.181120e+00	8.482424e-01
4.810153e-01	3.427157e-01	1.659166e+01	1.595041e+01	1.539959e+01	1.499688e+01
1.467036e+01	1.400522e+01	1.340081e+01	1.285642e+01	1.237175e+01	1.194625e+01
1.158030e+01	1.127324e+01	1.102469e+01	1.083365e+01	1.069844e+01	1.061915e+01
1.059839e+01	1.063484e+01	1.072475e+01	1.085154e+01	1.097637e+01	1.101174e+01
1.096659e+01	1.072047e+01	9.448929e+00	8.217578e+00	4.629585e+00	3.199023e+00
1.284994e+00	9.136711e-01	5.029519e-01	3.425991e-01	1.655094e+01	1.593669e+01
1.540331e+01	1.500172e+01	1.467030e+01	1.400347e+01	1.339938e+01	1.285634e+01
1.237282e+01	1.194881e+01	1.158417e+01	1.127831e+01	1.103087e+01	1.084062e+01
1.070485e+01	1.062389e+01	1.060282e+01	1.064522e+01	1.075366e+01	1.089755e+01
1.102120e+01	1.106040e+01	1.104327e+01	1.085884e+01	9.716194e+00	8.532253e+00
4.999654e+00	3.519177e+00	1.400298e+00	9.859178e-01	5.271250e-01	3.421311e-01
1.650516e+01	1.591924e+01	1.540399e+01	1.500628e+01	1.467078e+01	1.400380e+01
1.339989e+01	1.285723e+01	1.237529e+01	1.195246e+01	1.158847e+01	1.128321e+01
1.103653e+01	1.084740e+01	1.071277e+01	1.063216e+01	1.061189e+01	1.065894e+01
1.077012e+01	1.091729e+01	1.105756e+01	1.110813e+01	1.111642e+01	1.098057e+01
9.964694e+00	8.844039e+00	5.379440e+00	3.854516e+00	1.527474e+00	1.066817e+00
5.540829e-01	3.414433e-01	1.645068e+01	1.589476e+01	1.540099e+01	1.501055e+01
1.467546e+01	1.401199e+01	1.340886e+01	1.286576e+01	1.238248e+01	1.195838e+01
1.159350e+01	1.128797e+01	1.104167e+01	1.085403e+01	1.072343e+01	1.064952e+01
1.063517e+01	1.067909e+01	1.077753e+01	1.092230e+01	1.108539e+01	1.115531e+01
1.118621e+01	1.108427e+01	1.018926e+01	9.149919e+00	5.762878e+00	4.199418e+00
1.667892e+00	1.158892e+00	5.849626e-01	3.401100e-01	1.641154e+01	1.587854e+01
1.540074e+01	1.501415e+01	1.467763e+01	1.401511e+01	1.341238e+01	1.286958e+01
1.238626e+01	1.196215e+01	1.159726e+01	1.129191e+01	1.104614e+01	1.085961e+01
1.073092e+01	1.065963e+01	1.064784e+01	1.069213e+01	1.078792e+01	1.093363e+01
1.111188e+01	1.119418e+01	1.124243e+01	1.117299e+01	1.039905e+01	9.435001e+00
6.143657e+00	4.556014e+00	1.832069e+00	1.261137e+00	6.190883e-01	3.413767e-01
1.638243e+01	1.586724e+01	1.540127e+01	1.501693e+01	1.467815e+01	1.401577e+01
1.341339e+01	1.287099e+01	1.238811e+01	1.196459e+01	1.160034e+01	1.129557e+01
1.105028e+01	1.086399e+01	1.073563e+01	1.066519e+01	1.065491e+01	1.070123e+01
1.080039e+01	1.095054e+01	1.113600e+01	1.122715e+01	1.128937e+01	1.124501e+01
1.058417e+01	9.710965e+00	6.519766e+00	4.914982e+00	2.033796e+00	1.376967e+00
6.569572e-01	3.434289e-01	1.635544e+01	1.585616e+01	1.540095e+01	1.501845e+01
1.467806e+01	1.401583e+01	1.341382e+01	1.287171e+01	1.238922e+01	1.196623e+01
1.160285e+01	1.129890e+01	1.105366e+01	1.086688e+01	1.073845e+01	1.066910e+01
1.066094e+01	1.070946e+01	1.081004e+01	1.096192e+01	1.115556e+01	1.125682e+01
1.133192e+01	1.130095e+01	1.073600e+01	9.989795e+00	6.892643e+00	5.267774e+00
2.291246e+00	1.514446e+00	6.993386e-01	3.399933e-01	1.632689e+01	1.584231e+01
1.539751e+01	1.501758e+01	1.467568e+01	1.401410e+01	1.341249e+01	1.287057e+01
1.238825e+01	1.196530e+01	1.160179e+01	1.129797e+01	1.105347e+01	1.086788e+01
1.074059e+01	1.067157e+01	1.066331e+01	1.071246e+01	1.081537e+01	1.097122e+01
1.117046e+01	1.127582e+01	1.136091e+01	1.135954e+01	1.089447e+01	1.018699e+01
7.253277e+00	5.658897e+00	2.561712e+00	1.685997e+00	7.496613e-01	3.452186e-01
1.630521e+01	1.583338e+01	1.539633e+01	1.501766e+01	1.467496e+01	1.401369e+01
1.341228e+01	1.287047e+01	1.238822e+01	1.196528e+01	1.160178e+01	1.129806e+01
1.105386e+01	1.086934e+01	1.074273e+01	1.067415e+01	1.066628e+01	1.071629e+01
1.082117e+01	1.098008e+01	1.118435e+01	1.129405e+01	1.138871e+01	1.140913e+01
1.102532e+01	1.037926e+01	7.611423e+00	6.047056e+00	2.846031e+00	1.885342e+00
8.032111e-01	3.476313e-01	1.629086e+01	1.582906e+01	1.539906e+01	1.502216e+01
1.467816e+01	1.401725e+01	1.341605e+01	1.287435e+01	1.239205e+01	1.196915e+01
1.160615e+01	1.130284e+01	1.105834e+01	1.087244e+01	1.074504e+01	1.067724e+01
1.067124e+01	1.072294e+01	1.082864e+01	1.098884e+01	1.119784e+01	1.131324e+01
1.141754e+01	1.144784e+01	1.112344e+01	1.058074e+01	7.965741e+00	6.414945e+00
3.139472e+00	2.114878e+00	8.584013e-01	3.476574e-01	