6.973600e-02	7.068033e-02	7.176814e-02	7.310763e-02	7.468636e-02	7.843346e-02
8.283280e-02	8.769530e-02	9.298994e-02	9.878698e-02	1.051337e-01	1.122246e-01
1.204443e-01	1.300879e-01	1.410302e-01	1.529788e-01	1.656853e-01	1.784151e-01
1.899668e-01	1.988743e-01	2.064474e-01	2.113705e-01	2.146716e-01	2.151613e-01
2.159712e-01	2.161305e-01	2.160379e-01	2.160224e-01	2.160137e-01	2.160103e-01
2.160308e-01	2.160750e-01	8.056870e-02	8.170532e-02	8.299838e-02	8.456644e-02
8.639632e-02	9.070248e-02	9.572444e-02	1.012563e-01	1.072640e-01	1.138234e-01
1.209859e-01	1.289611e-01	1.381622e-01	1.489046e-01	1.610515e-01	1.742849e-01
1.883197e-01	2.023291e-01	2.149889e-01	2.247471e-01	2.330038e-01	2.383010e-01
2.418827e-01	2.424768e-01	2.433854e-01	2.435645e-01	2.434768e-01	2.434617e-01
2.434533e-01	2.434500e-01	2.434716e-01	2.435180e-01	9.308413e-02	9.445003e-02
9.598593e-02	9.782129e-02	9.994227e-02	1.048907e-01	1.106225e-01	1.169143e-01
1.237290e-01	1.311485e-01	1.392283e-01	1.481936e-01	1.584865e-01	1.704430e-01
1.839152e-01	1.985585e-01	2.140462e-01	2.294485e-01	2.433068e-01	2.539859e-01
2.629763e-01	2.686627e-01	2.725431e-01	2.732601e-01	2.742793e-01	2.744809e-01
2.744008e-01	2.743864e-01	2.743786e-01	2.743753e-01	2.743979e-01	2.744464e-01
1.075437e-01	1.091827e-01	1.110058e-01	1.131537e-01	1.156121e-01	1.212983e-01
1.278392e-01	1.349936e-01	1.427215e-01	1.511106e-01	1.602214e-01	1.702942e-01
1.818006e-01	1.950968e-01	2.100247e-01	2.262127e-01	2.432873e-01	2.602028e-01
2.753548e-01	2.870285e-01	2.968043e-01	3.028928e-01	3.070898e-01	3.079515e-01
3.090947e-01	3.093215e-01	3.092525e-01	3.092392e-01	3.092322e-01	3.092290e-01
3.092526e-01	3.093029e-01	1.242494e-01	1.262134e-01	1.283759e-01	1.308893e-01
1.337387e-01	1.402725e-01	1.477353e-01	1.558687e-01	1.646294e-01	1.741112e-01
1.843798e-01	1.956908e-01	2.085444e-01	2.233167e-01	2.398408e-01	2.577184e-01
2.765230e-01	2.950793e-01	3.116240e-01	3.243698e-01	3.349838e-01	3.414841e-01
3.460156e-01	3.470470e-01	3.483294e-01	3.485846e-01	3.485307e-01	3.485189e-01
3.485132e-01	3.485102e-01	3.485346e-01	3.485865e-01	1.435501e-01	1.459007e-01
1.484641e-01	1.514047e-01	1.547074e-01	1.622147e-01	1.707281e-01	1.799718e-01
1.899001e-01	2.006127e-01	2.121808e-01	2.248749e-01	2.392222e-01	2.556185e-01
2.738898e-01	2.936121e-01	3.142991e-01	3.346305e-01	3.526706e-01	3.665691e-01
3.780745e-01	3.849923e-01	3.898755e-01	3.911058e-01	3.925443e-01	3.928315e-01
3.927975e-01	3.927880e-01	3.927839e-01	3.927812e-01	3.928063e-01	3.928593e-01
1.658490e-01	1.686588e-01	1.716956e-01	1.751357e-01	1.789638e-01	1.875893e-01
1.972993e-01	2.078022e-01	2.190499e-01	2.311480e-01	2.441738e-01	2.584113e-01
2.744129e-01	2.925926e-01	3.127726e-01	3.345049e-01	3.572358e-01	3.794830e-01
3.991237e-01	4.142584e-01	4.267081e-01	4.340438e-01	4.392949e-01	4.407581e-01
4.423716e-01	4.426947e-01	4.426868e-01	4.426802e-01	4.426782e-01	4.426760e-01
4.427016e-01	4.427550e-01	1.916118e-01	1.949669e-01	1.985625e-01	2.025863e-01
2.070232e-01	2.169331e-01	2.280058e-01	2.399362e-01	2.526742e-01	2.663311e-01
2.809907e-01	2.969491e-01	3.147803e-01	3.349148e-01	3.571753e-01	3.810931e-01
4.060381e-01	4.303473e-01	4.516956e-01	4.681519e-01	4.815978e-01	4.893449e-01
4.949786e-01	4.967139e-01	4.985237e-01	4.988873e-01	4.989124e-01	4.989098e-01
4.989105e-01	4.989088e-01	4.989346e-01	4.989879e-01	2.213765e-01	2.253785e-01
2.296334e-01	2.343394e-01	2.394821e-01	2.508671e-01	2.634914e-01	2.770393e-01
2.914598e-01	3.068694e-01	3.233588e-01	3.412342e-01	3.610859e-01	3.833587e-01
4.078817e-01	4.341698e-01	4.615074e-01	4.880293e-01	5.111921e-01	5.290567e-01
5.435482e-01	5.516919e-01	5.577207e-01	5.597734e-01	5.618034e-01	5.622125e-01
5.622793e-01	5.622816e-01	5.622858e-01	5.622849e-01	5.623105e-01	5.623626e-01
2.557648e-01	2.605339e-01	2.655664e-01	2.710695e-01	2.770301e-01	2.901092e-01
3.044998e-01	3.198800e-01	3.361991e-01	3.535781e-01	3.721154e-01	3.921238e-01
4.142033e-01	4.388099e-01	4.657867e-01	4.946387e-01	5.245544e-01	5.534427e-01
5.785254e-01	5.978851e-01	6.134676e-01	6.219825e-01	6.284156e-01	6.308386e-01
6.331155e-01	6.335757e-01	6.336945e-01	6.337030e-01	6.337116e-01	6.337116e-01
6.337366e-01	6.337864e-01	2.954949e-01	3.011730e-01	3.071221e-01	3.135567e-01
3.204652e-01	3.354897e-01	3.518905e-01	3.693454e-01	3.878059e-01	4.073963e-01
4.282235e-01	4.506026e-01	4.751345e-01	5.022818e-01	5.319120e-01	5.635295e-01
5.962143e-01	6.276238e-01	6.547278e-01	6.756677e-01	6.923812e-01	7.012287e-01
7.080717e-01	7.109258e-01	7.134795e-01	7.139973e-01	7.141800e-01	7.141964e-01
7.142103e-01	7.142116e-01	7.142353e-01	7.142815e-01	3.413967e-01	3.481511e-01
3.551804e-01	3.627032e-01	3.707105e-01	3.879690e-01	4.066568e-01	4.264600e-01
4.473343e-01	4.694063e-01	4.927917e-01	5.178026e-01	5.450290e-01	5.749347e-01
6.074249e-01	6.420150e-01	6.776637e-01	7.117479e-01	7.409673e-01	7.635696e-01
7.814457e-01	7.905716e-01	7.978248e-01	8.011803e-01	8.040444e-01	8.046271e-01
8.048880e-01	8.049141e-01	8.049346e-01	8.049374e-01	8.049592e-01	8.050001e-01
3.944288e-01	4.024571e-01	4.107588e-01	4.195529e-01	4.288337e-01	4.486574e-01
4.699466e-01	4.924067e-01	5.160005e-01	5.408547e-01	5.670955e-01	5.950244e-01
6.252053e-01	6.580965e-01	6.936580e-01	7.314316e-01	7.702400e-01	8.071477e-01
8.385662e-01	8.629072e-01	8.819671e-01	8.912977e-01	8.989546e-01	9.028930e-01
9.061051e-01	9.067607e-01	9.071169e-01	9.071549e-01	9.071834e-01	9.071881e-01
9.072071e-01	9.072404e-01	4.556989e-01	4.652339e-01	4.750341e-01	4.853132e-01
4.960699e-01	5.188390e-01	5.430866e-01	5.685512e-01	5.952069e-01	6.231784e-01
6.526030e-01	6.837626e-01	7.171758e-01	7.532873e-01	7.921331e-01	8.333017e-01
8.754632e-01	9.153344e-01	9.490207e-01	9.751682e-01	9.954191e-01	1.004857e+00
1.012903e+00	1.017518e+00	1.021121e+00	1.021859e+00	1.022330e+00	1.022382e+00
1.022421e+00	1.022428e+00	1.022443e+00	1.022466e+00	5.264865e-01	5.378028e-01
5.493672e-01	5.613806e-01	5.738479e-01	5.999988e-01	6.276096e-01	6.564705e-01
6.865715e-01	7.180325e-01	7.510035e-01	7.857346e-01	8.226757e-01	8.622470e-01
9.045883e-01	9.493597e-01	9.950611e-01	1.038022e+00	1.074024e+00	1.102034e+00
1.123465e+00	1.132885e+00	1.141296e+00	1.146696e+00	1.150736e+00	1.151566e+00
1.152176e+00	1.152246e+00	1.152296e+00	1.152306e+00	1.152316e+00	1.152326e+00
6.081620e-01	6.216249e-01	6.353032e-01	6.493720e-01	6.638454e-01	6.939127e-01
7.253743e-01	7.581108e-01	7.921399e-01	8.275689e-01	8.645608e-01	9.033107e-01
9.441564e-01	9.874788e-01	1.033579e+00	1.082246e+00	1.131775e+00	1.178018e+00
1.216378e+00	1.246308e+00	1.268834e+00	1.277942e+00	1.286620e+00	1.292978e+00
1.297481e+00	1.298405e+00	1.299185e+00	1.299277e+00	1.299341e+00	1.299354e+00
1.299357e+00	1.299348e+00	7.025993e-01	7.185675e-01	7.347061e-01	7.511542e-01
7.679365e-01	8.024769e-01	8.382947e-01	8.753822e-01	9.137898e-01	9.536096e-01
9.950200e-01	1.038148e+00	1.083189e+00	1.130471e+00	1.180487e+00	1.233180e+00
1.286627e+00	1.336179e+00	1.376868e+00	1.408724e+00	1.432311e+00	1.440982e+00
1.449908e+00	1.457340e+00	1.462382e+00	1.463418e+00	1.464399e+00	1.464516e+00
1.464597e+00	1.464615e+00	1.464608e+00	1.464577e+00	8.125790e-01	8.312480e-01
8.500504e-01	8.690990e-01	8.884217e-01	9.279149e-01	9.685379e-01	1.010332e+00
1.053357e+00	1.097709e+00	1.143592e+00	1.191101e+00	1.240327e+00	1.291543e+00
1.345340e+00	1.401716e+00	1.458583e+00	1.511024e+00	1.553889e+00	1.587559e+00
1.612409e+00	1.621200e+00	1.630659e+00	1.639040e+00	1.644851e+00	1.646078e+00
1.647273e+00	1.647418e+00	1.647519e+00	1.647542e+00	1.647530e+00	1.647481e+00
9.404504e-01	9.619614e-01	9.835837e-01	1.005418e+00	1.027485e+00	1.072371e+00
1.118202e+00	1.164977e+00	1.212730e+00	1.261598e+00	1.311830e+00	1.363535e+00
1.416762e+00	1.471728e+00	1.528984e+00	1.588453e+00	1.647974e+00	1.702673e+00
1.747484e+00	1.782822e+00	1.809228e+00	1.818884e+00	1.829251e+00	1.838407e+00
1.845268e+00	1.846781e+00	1.848201e+00	1.848375e+00	1.848499e+00	1.848528e+00
1.848518e+00	1.848459e+00	1.086098e+00	1.110722e+00	1.135411e+00	1.160233e+00
1.185215e+00	1.235750e+00	1.286921e+00	1.338688e+00	1.391076e+00	1.444281e+00
1.498633e+00	1.554234e+00	1.611060e+00	1.669256e+00	1.729324e+00	1.791135e+00
1.852518e+00	1.908788e+00	1.955151e+00	1.992177e+00	2.020469e+00	2.031122e+00
2.042564e+00	2.052686e+00	2.060717e+00	2.062555e+00	2.064228e+00	2.064431e+00
2.064584e+00	2.064618e+00	2.064609e+00	2.064551e+00	1.252442e+00	1.280462e+00
1.308478e+00	1.336509e+00	1.364592e+00	1.421067e+00	1.477735e+00	1.534507e+00
1.591417e+00	1.648741e+00	1.706936e+00	1.766079e+00	1.826065e+00	1.886950e+00
1.949149e+00	2.012478e+00	2.074843e+00	2.131942e+00	2.179464e+00	2.218150e+00
2.248627e+00	2.260510e+00	2.273230e+00	2.284448e+00	2.293811e+00	2.296022e+00
2.297977e+00	2.298211e+00	2.298398e+00	2.298437e+00	2.298431e+00	2.298382e+00
1.440172e+00	1.471820e+00	1.503364e+00	1.534743e+00	1.566016e+00	1.628466e+00
1.690503e+00	1.752014e+00	1.813057e+00	1.874002e+00	1.935467e+00	1.997524e+00
2.060038e+00	2.122944e+00	2.186430e+00	2.250168e+00	2.312297e+00	2.369323e+00
2.417742e+00	2.457959e+00	2.490584e+00	2.504074e+00	2.518257e+00	2.530459e+00
2.541345e+00	2.543974e+00	2.546213e+00	2.546488e+00	2.546708e+00	2.546747e+00
2.546752e+00	2.546716e+00	1.650245e+00	1.685633e+00	1.720783e+00	1.755513e+00
1.789915e+00	1.858049e+00	1.924981e+00	1.990607e+00	2.055033e+00	2.118737e+00
2.182547e+00	2.246559e+00	2.310712e+00	2.374779e+00	2.438477e+00	2.501176e+00
2.561486e+00	2.617330e+00	2.666453e+00	2.708058e+00	2.742701e+00	2.758342e+00
2.774216e+00	2.787155e+00	2.799781e+00	2.802876e+00	2.805384e+00	2.805711e+00
2.805959e+00	2.805992e+00	2.806023e+00	2.806002e+00	1.882511e+00	1.922115e+00
1.961217e+00	1.999438e+00	2.036923e+00	2.110263e+00	2.181237e+00	2.250060e+00
2.316925e+00	2.382439e+00	2.447604e+00	2.512479e+00	2.576936e+00	2.640578e+00
2.702970e+00	2.763504e+00	2.821199e+00	2.875095e+00	2.924019e+00	2.966759e+00
3.003650e+00	3.021086e+00	3.038620e+00	3.052663e+00	3.066895e+00	3.070430e+00
3.073240e+00	3.073621e+00	3.073893e+00	3.073922e+00	3.073964e+00	3.073978e+00
2.136787e+00	2.180998e+00	2.224308e+00	2.266052e+00	2.306445e+00	2.384221e+00
2.458073e+00	2.528846e+00	2.596882e+00	2.662912e+00	2.728102e+00	2.792423e+00
2.855584e+00	2.917049e+00	2.976537e+00	3.033720e+00	3.087971e+00	3.139140e+00
3.186952e+00	3.230447e+00	3.269648e+00	3.288506e+00	3.307607e+00	3.323010e+00
3.338675e+00	3.342609e+00	3.345733e+00	3.346161e+00	3.346459e+00	3.346491e+00
3.346531e+00	3.346586e+00	2.412088e+00	2.460917e+00	2.508371e+00	2.553429e+00
2.596379e+00	2.677576e+00	2.752989e+00	2.824208e+00	2.891794e+00	2.956593e+00
3.019989e+00	3.081923e+00	3.142035e+00	3.199750e+00	3.254955e+00	3.307558e+00
3.357328e+00	3.404951e+00	3.450981e+00	3.494609e+00	3.535644e+00	3.555799e+00
3.576305e+00	3.592871e+00	3.609838e+00	3.614131e+00	3.617527e+00	3.617980e+00
3.618323e+00	3.618363e+00	3.618403e+00	3.618475e+00	2.706701e+00	2.760108e+00
2.811575e+00	2.859634e+00	2.904669e+00	2.987994e+00	3.063341e+00	3.133220e+00
3.198427e+00	3.260002e+00	3.319531e+00	3.377023e+00	3.432163e+00	3.484478e+00
3.534028e+00	3.580989e+00	3.625514e+00	3.668930e+00	3.712460e+00	3.755504e+00
3.797683e+00	3.818842e+00	3.840449e+00	3.857953e+00	3.875966e+00	3.880553e+00
3.884180e+00	3.884671e+00	3.885018e+00	3.885058e+00	3.885104e+00	3.885196e+00
3.020386e+00	3.078256e+00	3.133508e+00	3.184149e+00	3.230687e+00	3.314612e+00
3.388026e+00	3.454566e+00	3.515310e+00	3.571503e+00	3.624963e+00	3.675860e+00
3.724070e+00	3.769357e+00	3.811964e+00	3.852328e+00	3.890918e+00	3.929511e+00
3.969791e+00	4.011391e+00	4.053831e+00	4.075556e+00	4.097848e+00	4.115963e+00
4.134683e+00	4.139475e+00	4.143262e+00	4.143778e+00	4.144136e+00	4.144178e+00
4.144229e+00	4.144329e+00	3.346945e+00	3.408918e+00	3.467481e+00	3.520034e+00
3.567246e+00	3.649760e+00	3.718924e+00	3.779717e+00	3.833570e+00	3.881933e+00
3.926935e+00	3.968987e+00	4.008299e+00	4.045001e+00	4.079523e+00	4.112555e+00
4.144746e+00	4.178048e+00	4.214300e+00	4.253402e+00	4.294904e+00	4.316555e+00
4.338916e+00	4.357157e+00	4.376088e+00	4.380949e+00	4.384789e+00	4.385309e+00
4.385689e+00	4.385739e+00	4.385789e+00	4.385879e+00	3.683137e+00	3.749526e+00
3.811414e+00	3.865342e+00	3.912197e+00	3.990365e+00	4.051840e+00	4.103841e+00
4.148278e+00	4.186757e+00	4.221568e+00	4.253236e+00	4.282170e+00	4.308828e+00
4.333999e+00	4.358768e+00	4.383943e+00	4.411385e+00	4.442902e+00	4.478598e+00
4.517802e+00	4.538442e+00	4.560053e+00	4.577981e+00	4.596492e+00	4.601232e+00
4.605026e+00	4.605536e+00	4.605907e+00	4.605957e+00	4.606005e+00	4.606074e+00
4.035194e+00	4.105096e+00	4.169397e+00	4.223798e+00	4.269411e+00	4.341495e+00
4.393412e+00	4.434411e+00	4.466980e+00	4.493118e+00	4.515561e+00	4.535009e+00
4.552047e+00	4.567443e+00	4.582393e+00	4.598361e+00	4.616184e+00	4.637293e+00
4.663189e+00	4.694339e+00	4.730155e+00	4.749297e+00	4.769577e+00	4.786647e+00
4.804282e+00	4.808784e+00	4.812432e+00	4.812917e+00	4.813267e+00	4.813312e+00
4.813359e+00	4.813398e+00	4.400628e+00	4.468571e+00	4.530849e+00	4.583204e+00
4.626725e+00	4.693999e+00	4.738588e+00	4.767995e+00	4.785394e+00	4.794593e+00
4.800582e+00	4.804783e+00	4.808027e+00	4.811341e+00	4.816185e+00	4.824081e+00
4.835399e+00	4.850084e+00	4.868460e+00	4.892283e+00	4.923010e+00	4.940549e+00
4.958693e+00	4.973460e+00	4.989560e+00	4.993707e+00	4.996982e+00	4.997402e+00
4.997734e+00	4.997766e+00	4.997826e+00	4.997816e+00	4.772400e+00	4.833052e+00
4.889062e+00	4.936892e+00	4.977318e+00	5.040352e+00	5.079058e+00	5.095981e+00
5.095165e+00	5.083543e+00	5.069844e+00	5.056575e+00	5.044770e+00	5.035578e+00
5.030542e+00	5.030954e+00	5.036357e+00	5.044488e+00	5.053927e+00	5.068378e+00
5.092561e+00	5.108191e+00	5.123463e+00	5.134880e+00	5.148852e+00	5.152525e+00
5.155252e+00	5.155582e+00	5.155893e+00	5.155905e+00	5.155985e+00	5.155915e+00
5.143668e+00	5.198784e+00	5.249395e+00	5.292030e+00	5.327400e+00	5.380098e+00
5.406307e+00	5.406646e+00	5.386131e+00	5.353880e+00	5.321032e+00	5.290838e+00
5.264312e+00	5.242516e+00	5.226853e+00	5.218226e+00	5.215698e+00	5.215714e+00
5.215818e+00	5.220627e+00	5.236305e+00	5.248193e+00	5.259260e+00	5.266899e+00
5.277631e+00	5.280492e+00	5.282511e+00	5.282755e+00	5.283009e+00	5.283009e+00
5.283081e+00	5.282968e+00	5.520408e+00	5.570736e+00	5.616127e+00	5.652737e+00
5.681393e+00	5.719157e+00	5.728142e+00	5.708858e+00	5.667247e+00	5.614016e+00
5.561934e+00	5.514792e+00	5.473473e+00	5.438830e+00	5.412001e+00	5.393421e+00
5.381864e+00	5.372939e+00	5.363475e+00	5.358478e+00	5.364742e+00	5.372107e+00
5.378444e+00	5.382168e+00	5.389262e+00	5.391194e+00	5.392455e+00	5.392615e+00
5.392798e+00	5.392790e+00	5.392845e+00	5.392695e+00	5.900068e+00	5.950884e+00
5.994383e+00	6.025063e+00	6.044461e+00	6.057777e+00	6.038852e+00	5.994628e+00
5.931962e+00	5.860490e+00	5.791395e+00	5.728289e+00	5.672196e+00	5.623853e+00
5.584131e+00	5.553063e+00	5.529606e+00	5.509869e+00	5.490992e+00	5.476651e+00
5.471681e+00	5.472618e+00	5.473048e+00	5.472765e+00	5.475100e+00	5.475796e+00
5.476164e+00	5.476219e+00	5.476306e+00	5.476299e+00	5.476331e+00	5.476168e+00
6.273662e+00	6.333294e+00	6.380557e+00	6.406117e+00	6.413067e+00	6.389405e+00
6.329490e+00	6.254921e+00	6.172378e+00	6.086935e+00	6.004320e+00	5.927078e+00
5.856749e+00	5.794148e+00	5.739970e+00	5.694047e+00	5.656183e+00	5.624391e+00
5.596961e+00	5.574472e+00	5.557486e+00	5.550915e+00	5.545117e+00	5.541295e+00
5.538640e+00	5.538039e+00	5.537544e+00	5.537492e+00	5.537481e+00	5.537485e+00
5.537494e+00	5.537325e+00	6.661622e+00	6.720388e+00	6.763634e+00	6.779845e+00
6.773205e+00	6.715745e+00	6.619968e+00	6.515562e+00	6.409393e+00	6.304486e+00
6.204269e+00	6.110607e+00	6.024892e+00	5.947543e+00	5.879096e+00	5.819209e+00
5.767900e+00	5.723758e+00	5.685277e+00	5.651809e+00	5.622348e+00	5.608937e+00
5.596619e+00	5.587997e+00	5.580163e+00	5.578316e+00	5.576879e+00	5.576697e+00
5.576582e+00	5.576571e+00	5.576562e+00	5.576437e+00	7.061554e+00	7.111178e+00
7.143974e+00	7.147285e+00	7.125842e+00	7.036175e+00	6.907544e+00	6.773041e+00
6.640033e+00	6.511450e+00	6.390643e+00	6.278940e+00	6.176963e+00	6.084403e+00
6.001665e+00	5.928336e+00	5.864196e+00	5.807489e+00	5.756386e+00	5.710348e+00
5.667923e+00	5.647826e+00	5.628561e+00	5.614238e+00	5.600569e+00	5.597291e+00
5.594679e+00	5.594334e+00	5.594085e+00	5.594049e+00	5.594026e+00	5.594015e+00
7.480701e+00	7.513389e+00	7.528315e+00	7.512670e+00	7.471891e+00	7.344774e+00
7.181809e+00	7.017351e+00	6.858413e+00	6.707100e+00	6.565953e+00	6.435753e+00
6.316336e+00	6.206894e+00	6.107814e+00	6.018918e+00	5.939774e+00	5.868577e+00
5.803707e+00	5.744831e+00	5.691761e+00	5.666251e+00	5.641485e+00	5.622787e+00
5.604587e+00	5.600093e+00	5.596854e+00	5.596457e+00	5.596095e+00	5.596030e+00
5.596025e+00	5.596092e+00	8.043806e+00	7.978033e+00	7.911195e+00	7.837480e+00
7.757511e+00	7.588009e+00	7.411108e+00	7.237322e+00	7.068594e+00	6.905231e+00
6.748051e+00	6.597961e+00	6.455692e+00	6.321708e+00	6.197056e+00	6.082976e+00
5.980379e+00	5.890535e+00	5.813739e+00	5.743988e+00	5.686746e+00	5.661952e+00
5.640311e+00	5.622769e+00	5.582144e+00	5.561855e+00	5.569545e+00	5.573077e+00
5.571069e+00	5.569882e+00	5.571680e+00	5.570813e+00	8.466552e+00	8.382792e+00
8.290964e+00	8.189610e+00	8.083256e+00	7.868986e+00	7.655921e+00	7.449998e+00
7.252457e+00	7.063488e+00	6.883738e+00	6.714107e+00	6.554114e+00	6.403100e+00
6.260748e+00	6.130162e+00	6.011791e+00	5.906421e+00	5.815339e+00	5.739311e+00
5.671577e+00	5.645056e+00	5.625476e+00	5.607747e+00	5.538908e+00	5.509223e+00
5.521599e+00	5.527732e+00	5.524481e+00	5.522521e+00	5.525558e+00	5.524083e+00
8.726905e+00	8.701663e+00	8.656049e+00	8.575252e+00	8.466622e+00	8.205070e+00
7.917615e+00	7.646982e+00	7.399260e+00	7.173331e+00	6.967883e+00	6.780997e+00
6.608082e+00	6.446098e+00	6.295845e+00	6.158583e+00	6.033252e+00	5.917302e+00
5.808833e+00	5.708774e+00	5.615776e+00	5.570032e+00	5.524708e+00	5.489535e+00
5.455182e+00	5.446991e+00	5.440431e+00	5.439541e+00	5.438871e+00	5.438771e+00
5.438721e+00	5.439021e+00	9.086763e+00	9.053525e+00	8.994067e+00	8.893114e+00
8.760259e+00	8.445936e+00	8.107100e+00	7.793734e+00	7.512249e+00	7.262009e+00
7.033251e+00	6.823347e+00	6.627343e+00	6.443939e+00	6.284446e+00	6.137154e+00
6.001863e+00	5.875948e+00	5.754110e+00	5.634064e+00	5.523383e+00	5.468070e+00
5.412283e+00	5.369546e+00	5.337396e+00	5.333597e+00	5.321365e+00	5.318789e+00
5.318619e+00	5.318927e+00	5.318181e+00	5.318784e+00	9.493118e+00	9.412480e+00
9.311652e+00	9.175403e+00	9.011657e+00	8.644885e+00	8.263447e+00	7.914685e+00
7.603828e+00	7.330053e+00	7.080835e+00	6.852347e+00	6.638931e+00	6.437813e+00
6.255862e+00	6.086711e+00	5.930716e+00	5.784800e+00	5.646356e+00	5.516428e+00
5.396128e+00	5.337134e+00	5.278291e+00	5.232442e+00	5.189590e+00	5.179930e+00
5.170374e+00	5.168931e+00	5.168210e+00	5.168169e+00	5.167964e+00	5.168071e+00
9.902326e+00	9.748065e+00	9.580910e+00	9.393403e+00	9.192278e+00	8.778815e+00
8.373256e+00	8.001525e+00	7.660299e+00	7.351070e+00	7.083134e+00	6.844711e+00
6.622523e+00	6.409027e+00	6.203499e+00	6.014058e+00	5.840008e+00	5.678078e+00
5.526156e+00	5.383058e+00	5.246264e+00	5.179565e+00	5.115384e+00	5.067093e+00
5.017991e+00	5.005411e+00	4.995804e+00	4.994659e+00	4.993712e+00	4.993570e+00
4.993472e+00	4.993281e+00	1.030473e+01	1.005370e+01	9.804949e+00	9.560611e+00
9.322481e+00	8.869436e+00	8.448003e+00	8.059001e+00	7.693707e+00	7.357988e+00
7.057590e+00	6.784509e+00	6.534000e+00	6.302967e+00	6.087615e+00	5.886247e+00
5.699923e+00	5.527833e+00	5.367969e+00	5.211975e+00	5.053189e+00	4.975915e+00
4.906339e+00	4.858219e+00	4.804636e+00	4.789660e+00	4.779258e+00	4.778254e+00
4.777160e+00	4.776994e+00	4.776844e+00	4.776358e+00	1.060105e+01	1.030122e+01
1.000744e+01	9.725614e+00	9.456797e+00	8.955646e+00	8.491129e+00	8.058784e+00
7.679818e+00	7.331447e+00	7.001210e+00	6.699896e+00	6.428141e+00	6.181377e+00
5.952751e+00	5.737871e+00	5.538006e+00	5.353314e+00	5.181350e+00	5.011191e+00
4.835060e+00	4.749681e+00	4.674754e+00	4.624635e+00	4.566413e+00	4.549527e+00
4.538276e+00	4.537291e+00	4.536098e+00	4.535920e+00	4.535707e+00	4.534971e+00
1.084929e+01	1.051772e+01	1.019354e+01	9.883043e+00	9.586804e+00	9.034205e+00
8.522678e+00	8.049172e+00	7.631876e+00	7.250259e+00	6.899713e+00	6.582423e+00
6.295986e+00	6.035472e+00	5.793775e+00	5.566062e+00	5.353012e+00	5.154950e+00
4.968794e+00	4.784700e+00	4.595939e+00	4.504784e+00	4.424844e+00	4.371237e+00
4.308586e+00	4.290290e+00	4.278207e+00	4.277154e+00	4.275897e+00	4.275718e+00
4.275440e+00	4.274525e+00	1.106635e+01	1.070130e+01	1.034536e+01	1.000586e+01
9.682543e+00	9.078293e+00	8.528897e+00	8.032147e+00	7.576279e+00	7.165031e+00
6.794327e+00	6.460391e+00	6.158680e+00	5.883765e+00	5.628077e+00	5.386333e+00
5.158905e+00	4.946488e+00	4.746371e+00	4.550501e+00	4.353843e+00	4.259277e+00
4.173958e+00	4.114293e+00	4.047628e+00	4.028780e+00	4.015807e+00	4.014581e+00
4.013260e+00	4.013081e+00	4.012804e+00	4.011943e+00	1.125007e+01	1.085068e+01
1.046291e+01	1.009577e+01	9.748073e+00	9.101697e+00	8.512316e+00	7.982912e+00
7.502978e+00	7.070737e+00	6.681247e+00	6.330105e+00	6.012322e+00	5.721876e+00
5.450449e+00	5.192309e+00	4.948007e+00	4.719011e+00	4.504719e+00	4.300160e+00
4.102803e+00	4.008256e+00	3.916757e+00	3.846848e+00	3.776606e+00	3.758466e+00
3.744454e+00	3.742884e+00	3.741501e+00	3.741329e+00	3.741145e+00	3.740657e+00
1.141577e+01	1.098077e+01	1.056038e+01	1.016563e+01	9.794089e+00	9.103928e+00
8.486732e+00	7.927934e+00	7.426213e+00	6.974539e+00	6.566236e+00	6.196551e+00
5.860818e+00	5.553526e+00	5.267253e+00	4.996702e+00	4.741610e+00	4.501749e+00
4.276339e+00	4.062484e+00	3.859610e+00	3.762505e+00	3.665656e+00	3.588997e+00
3.514832e+00	3.496737e+00	3.482198e+00	3.480448e+00	3.478913e+00	3.478704e+00
3.478577e+00	3.478949e+00	1.155946e+01	1.109040e+01	1.063917e+01	1.021905e+01
9.826030e+00	9.100107e+00	8.450236e+00	7.868197e+00	7.346695e+00	6.877013e+00
6.450630e+00	6.062644e+00	5.709057e+00	5.385357e+00	5.085721e+00	4.805619e+00
4.543474e+00	4.296447e+00	4.062463e+00	3.839572e+00	3.627869e+00	3.526211e+00
3.424518e+00	3.343635e+00	3.265292e+00	3.246645e+00	3.231861e+00	3.230045e+00
3.228300e+00	3.228025e+00	3.227940e+00	3.229361e+00	1.167431e+01	1.117650e+01
1.069919e+01	1.025777e+01	9.846292e+00	9.087456e+00	8.410760e+00	7.806715e+00
7.266401e+00	6.780065e+00	6.338343e+00	5.935994e+00	5.569020e+00	5.232959e+00
4.922208e+00	4.632361e+00	4.361582e+00	4.106686e+00	3.865275e+00	3.635142e+00
3.415097e+00	3.308694e+00	3.202058e+00	3.117077e+00	3.034493e+00	3.014955e+00
2.999619e+00	2.997712e+00	2.995792e+00	2.995476e+00	2.995440e+00	2.997382e+00
1.176693e+01	1.124309e+01	1.074273e+01	1.028339e+01	9.853780e+00	9.067108e+00
8.367313e+00	7.744776e+00	7.188781e+00	6.688635e+00	6.234338e+00	5.820469e+00
5.442888e+00	5.097085e+00	4.777480e+00	4.479652e+00	4.201456e+00	3.939387e+00
3.690511e+00	3.452670e+00	3.223588e+00	3.112278e+00	3.001205e+00	2.912859e+00
2.825513e+00	2.804705e+00	2.788156e+00	2.786040e+00	2.784094e+00	2.783877e+00
2.783709e+00	2.785285e+00	1.183413e+01	1.128839e+01	1.076759e+01	1.029155e+01
9.854395e+00	9.043336e+00	8.324993e+00	7.687634e+00	7.119094e+00	6.607923e+00
6.143763e+00	5.721030e+00	5.335396e+00	4.982166e+00	4.655620e+00	4.351168e+00
4.066384e+00	3.797428e+00	3.540934e+00	3.294834e+00	3.056506e+00	2.940120e+00
2.824190e+00	2.732053e+00	2.639659e+00	2.616824e+00	2.598582e+00	2.596343e+00
2.594438e+00	2.594246e+00	2.594017e+00	2.594216e+00	1.187515e+01	1.131249e+01
1.077814e+01	1.029242e+01	9.844524e+00	9.017525e+00	8.286360e+00	7.638432e+00
7.060848e+00	6.541700e+00	6.070564e+00	5.641697e+00	5.250568e+00	4.892203e+00
4.560621e+00	4.250949e+00	3.960496e+00	3.685040e+00	3.420839e+00	3.165752e+00
2.917358e+00	2.795182e+00	2.673096e+00	2.575801e+00	2.477466e+00	2.451894e+00
2.431525e+00	2.429234e+00	2.427383e+00	2.427123e+00	2.426923e+00	2.425092e+00
1.188968e+01	1.131239e+01	1.077370e+01	1.028446e+01	9.829867e+00	8.991751e+00
8.252385e+00	7.597178e+00	7.013344e+00	6.488861e+00	6.013302e+00	5.580758e+00
5.186445e+00	4.825067e+00	4.490254e+00	4.176819e+00	3.881855e+00	3.600883e+00
3.329747e+00	3.065676e+00	2.805950e+00	2.676644e+00	2.546396e+00	2.441651e+00
2.335371e+00	2.307401e+00	2.284857e+00	2.282342e+00	2.280434e+00	2.280179e+00
2.279909e+00	2.277246e+00	1.189843e+01	1.131209e+01	1.076311e+01	1.026716e+01
9.811028e+00	8.967283e+00	8.223415e+00	7.563570e+00	6.975528e+00	6.447382e+00
5.968862e+00	5.533936e+00	5.137599e+00	4.774289e+00	4.437297e+00	4.121143e+00
3.822680e+00	3.537088e+00	3.259664e+00	2.986683e+00	2.714657e+00	2.577266e+00
2.437275e+00	2.323370e+00	2.208077e+00	2.178022e+00	2.153541e+00	2.150752e+00
2.148672e+00	2.148419e+00	2.148080e+00	2.145465e+00	1.189342e+01	1.130522e+01
1.074725e+01	1.024803e+01	9.791740e+00	8.947743e+00	8.205196e+00	7.546240e+00
6.958039e+00	6.429204e+00	5.950147e+00	5.514871e+00	5.118274e+00	4.754704e+00
4.417315e+00	4.100349e+00	3.800177e+00	3.511118e+00	3.227259e+00	2.942893e+00
2.652082e+00	2.504209e+00	2.349808e+00	2.222021e+00	2.095626e+00	2.064184e+00
2.038147e+00	2.034976e+00	2.032484e+00	2.032175e+00	2.031822e+00	2.031044e+00
1.186154e+01	1.127249e+01	1.071792e+01	1.022293e+01	9.770911e+00	8.932667e+00
8.194228e+00	7.537264e+00	6.949711e+00	6.420906e+00	5.941869e+00	5.506662e+00
5.110144e+00	4.746635e+00	4.409232e+00	4.092009e+00	3.791007e+00	3.499901e+00
3.211751e+00	2.918837e+00	2.611864e+00	2.452769e+00	2.282114e+00	2.137659e+00
1.997636e+00	1.964954e+00	1.937919e+00	1.934373e+00	1.931207e+00	1.930767e+00
1.930488e+00	1.932858e+00	1.181545e+01	1.123071e+01	1.068190e+01	1.019408e+01
9.749510e+00	8.923991e+00	8.194978e+00	7.540391e+00	6.954279e+00	6.426622e+00
5.948974e+00	5.515408e+00	5.120573e+00	4.758454e+00	4.421641e+00	4.104004e+00
3.801938e+00	3.509642e+00	3.220021e+00	2.923725e+00	2.610188e+00	2.430533e+00
2.237439e+00	2.075790e+00	1.913327e+00	1.876410e+00	1.851157e+00	1.848016e+00
1.843396e+00	1.842514e+00	1.842730e+00	1.848992e+00	1.175133e+01	1.117677e+01
1.063850e+01	1.016161e+01	9.727514e+00	8.917670e+00	8.199145e+00	7.551986e+00
6.970555e+00	6.446656e+00	5.973327e+00	5.544644e+00	5.154687e+00	4.796603e+00
4.461736e+00	4.143419e+00	3.838830e+00	3.543516e+00	3.249963e+00	2.944066e+00
2.610252e+00	2.415910e+00	2.203099e+00	2.025433e+00	1.838547e+00	1.796460e+00
1.773988e+00	1.771509e+00	1.765179e+00	1.763749e+00	1.764621e+00	1.774925e+00
1.169070e+01	1.112415e+01	1.059486e+01	1.012840e+01	9.705004e+00	8.913225e+00
8.205436e+00	7.567690e+00	6.992604e+00	6.473600e+00	6.004943e+00	5.580768e+00
5.194883e+00	4.840218e+00	4.507861e+00	4.190857e+00	3.886158e+00	3.589384e+00
3.292035e+00	2.975229e+00	2.614531e+00	2.414762e+00	2.192174e+00	1.985651e+00
1.774562e+00	1.729219e+00	1.707600e+00	1.705131e+00	1.697317e+00	1.695487e+00
1.697016e+00	1.710497e+00	1.163530e+01	1.107364e+01	1.055096e+01	1.009404e+01
9.681621e+00	8.909930e+00	8.219193e+00	7.595331e+00	7.031374e+00	6.520314e+00
6.056173e+00	5.633992e+00	5.248933e+00	4.895541e+00	4.567022e+00	4.257147e+00
3.960874e+00	3.669692e+00	3.371188e+00	3.044697e+00	2.662375e+00	2.441359e+00
2.190164e+00	1.953246e+00	1.720869e+00	1.674376e+00	1.651688e+00	1.648557e+00
1.639544e+00	1.637471e+00	1.639620e+00	1.655523e+00	1.157195e+01	1.101801e+01
1.050460e+01	1.005963e+01	9.660010e+00	8.910372e+00	8.236769e+00	7.627205e+00
7.074712e+00	6.572563e+00	6.114976e+00	5.697546e+00	5.316145e+00	4.966202e+00
4.642052e+00	4.337835e+00	4.047312e+00	3.759736e+00	3.460231e+00	3.125500e+00
2.722787e+00	2.481390e+00	2.198610e+00	1.943939e+00	1.677293e+00	1.626014e+00
1.604214e+00	1.601214e+00	1.590500e+00	1.588023e+00	1.591117e+00	1.608263e+00
1.150299e+01	1.095909e+01	1.045718e+01	1.002613e+01	9.640773e+00	8.914190e+00
8.259042e+00	7.664060e+00	7.123482e+00	6.631365e+00	6.182564e+00	5.772930e+00
5.398436e+00	5.054520e+00	4.735380e+00	4.435122e+00	4.147476e+00	3.861528e+00
3.561315e+00	3.220236e+00	2.799579e+00	2.541211e+00	2.232260e+00	1.943007e+00
1.643263e+00	1.584591e+00	1.564637e+00	1.562207e+00	1.549428e+00	1.546412e+00
1.550560e+00	1.568339e+00	1.143736e+01	1.090281e+01	1.041218e+01	9.995152e+00
9.624398e+00	8.921188e+00	8.285000e+00	7.705797e+00	7.178478e+00	6.697635e+00
6.258700e+00	5.857717e+00	5.490862e+00	5.153656e+00	4.840380e+00	4.545072e+00
4.261379e+00	3.978018e+00	3.677897e+00	3.331474e+00	2.893814e+00	2.618207e+00
2.280958e+00	1.959386e+00	1.619841e+00	1.551909e+00	1.532019e+00	1.530116e+00
1.515697e+00	1.512202e+00	1.517216e+00	1.535243e+00	1.137266e+01	1.084718e+01
1.036767e+01	9.964977e+00	9.608922e+00	8.929515e+00	8.312845e+00	7.750241e+00
7.237172e+00	6.768695e+00	6.340658e+00	5.949361e+00	5.591130e+00	5.261588e+00
4.955046e+00	4.665521e+00	4.386622e+00	4.106785e+00	3.807869e+00	3.457290e+00
3.003515e+00	2.710611e+00	2.344320e+00	1.989399e+00	1.607967e+00	1.528241e+00
1.501954e+00	1.500713e+00	1.488401e+00	1.485275e+00	1.491093e+00	1.506539e+00
1.131218e+01	1.079591e+01	1.032768e+01	9.939318e+00	9.598203e+00	8.940936e+00
8.344153e+00	7.798409e+00	7.299935e+00	6.844282e+00	6.427700e+00	6.046740e+00
5.697839e+00	5.376710e+00	5.077627e+00	4.794571e+00	4.521119e+00	4.245508e+00
3.948664e+00	3.595287e+00	3.127109e+00	2.817377e+00	2.421436e+00	2.031014e+00
1.605544e+00	1.512508e+00	1.478022e+00	1.476932e+00	1.465794e+00	1.462757e+00
1.468920e+00	1.481914e+00	1.125901e+01	1.075168e+01	1.029427e+01	9.919349e+00
9.591980e+00	8.957182e+00	8.379340e+00	7.850200e+00	7.366381e+00	6.923880e+00
6.519317e+00	6.149429e+00	5.810695e+00	5.498844e+00	5.207972e+00	4.931957e+00
4.664445e+00	4.393743e+00	4.100200e+00	3.746489e+00	3.267692e+00	2.942835e+00
2.517542e+00	2.089318e+00	1.610941e+00	1.504112e+00	1.461223e+00	1.459522e+00
1.447516e+00	1.444285e+00	1.449998e+00	1.461483e+00	1.122013e+01	1.071874e+01
1.026879e+01	9.903906e+00	9.587273e+00	8.970884e+00	8.409626e+00	7.896002e+00
7.426798e+00	6.998212e+00	6.606994e+00	6.249824e+00	5.922976e+00	5.621763e+00
5.339564e+00	5.069953e+00	4.807391e+00	4.541649e+00	4.253978e+00	3.905597e+00
3.423888e+00	3.086146e+00	2.629431e+00	2.160467e+00	1.625898e+00	1.503615e+00
1.452069e+00	1.448257e+00	1.431008e+00	1.428380e+00	1.430824e+00	1.443902e+00
1.118618e+01	1.069005e+01	1.024672e+01	9.890835e+00	9.583897e+00	8.984481e+00
8.438899e+00	7.940299e+00	7.485570e+00	7.071053e+00	6.693570e+00	6.349686e+00
6.035418e+00	5.745552e+00	5.472596e+00	5.209738e+00	4.952452e+00	4.692378e+00
4.412185e+00	4.072029e+00	3.591670e+00	3.243002e+00	2.755277e+00	2.244703e+00
1.651915e+00	1.503362e+00	1.445082e+00	1.439060e+00	1.416269e+00	1.414282e+00
1.413158e+00	1.428114e+00	1.115202e+01	1.066225e+01	1.022648e+01	9.880008e+00
9.583696e+00	9.000536e+00	8.470792e+00	7.987004e+00	7.546240e+00	7.145015e+00
6.780264e+00	6.448590e+00	6.145989e+00	5.867090e+00	5.604030e+00	5.349806e+00
5.100329e+00	4.848044e+00	4.576022e+00	4.242951e+00	3.762614e+00	3.405214e+00
2.893665e+00	2.346015e+00	1.686259e+00	1.507695e+00	1.438391e+00	1.430251e+00
1.404582e+00	1.402442e+00	1.400359e+00	1.414125e+00	1.111839e+01	1.063603e+01
1.020856e+01	9.871624e+00	9.585349e+00	9.019831e+00	8.505540e+00	8.035954e+00
7.608303e+00	7.219325e+00	6.866139e+00	6.545527e+00	6.253670e+00	5.985353e+00
5.732794e+00	5.489011e+00	5.249868e+00	5.007562e+00	4.744537e+00	4.417862e+00
3.937362e+00	3.574410e+00	3.048466e+00	2.472058e+00	1.738794e+00	1.530774e+00
1.432583e+00	1.422076e+00	1.395544e+00	1.392861e+00	1.391071e+00	1.402097e+00
1.108101e+01	1.060889e+01	1.019230e+01	9.867468e+00	9.590324e+00	9.044281e+00
8.545381e+00	8.088781e+00	7.672326e+00	7.293470e+00	6.950029e+00	6.639122e+00
6.357199e+00	6.099296e+00	5.857886e+00	5.625979e+00	5.398883e+00	5.167569e+00
4.913535e+00	4.594356e+00	4.118029e+00	3.752581e+00	3.214491e+00	2.608612e+00
1.801821e+00	1.565003e+00	1.428950e+00	1.412644e+00	1.389432e+00	1.386539e+00
1.384029e+00	1.392571e+00	1.104266e+01	1.058220e+01	1.017748e+01	9.864587e+00
9.600102e+00	9.072392e+00	8.588225e+00	8.143537e+00	7.736974e+00	7.366942e+00
7.032187e+00	6.730226e+00	6.457809e+00	6.210291e+00	5.980536e+00	5.761582e+00
5.547918e+00	5.328653e+00	5.084056e+00	4.773491e+00	4.304771e+00	3.939650e+00
3.392567e+00	2.758060e+00	1.877338e+00	1.615065e+00	1.426191e+00	1.403120e+00
1.384622e+00	1.381612e+00	1.378161e+00	1.384408e+00	1.101586e+01	1.056352e+01
1.016747e+01	9.863926e+00	9.608446e+00	9.095420e+00	8.623731e+00	8.189870e+00
7.792948e+00	7.431992e+00	7.106333e+00	6.813783e+00	6.551276e+00	6.314394e+00
6.096200e+00	5.889764e+00	5.689224e+00	5.482704e+00	5.249917e+00	4.951598e+00
4.495029e+00	4.132889e+00	3.579659e+00	2.919114e+00	1.961923e+00	1.668478e+00
1.426185e+00	1.399155e+00	1.379531e+00	1.376473e+00	1.371624e+00	1.376983e+00
1.099754e+01	1.055051e+01	1.016069e+01	9.864239e+00	9.614743e+00	9.112658e+00
8.651042e+00	8.226690e+00	7.838924e+00	7.487113e+00	7.170849e+00	6.888111e+00
6.635852e+00	6.409716e+00	6.202662e+00	6.007750e+00	5.819406e+00	5.626032e+00
5.407862e+00	5.126524e+00	4.688014e+00	4.331962e+00	3.775566e+00	3.093166e+00
2.059871e+00	1.726584e+00	1.433981e+00	1.397951e+00	1.373945e+00	1.371026e+00
1.363797e+00	1.370286e+00	1.099412e+01	1.054922e+01	1.016121e+01	9.867348e+00
9.623896e+00	9.130870e+00	8.677896e+00	8.262201e+00	7.883059e+00	7.539826e+00
7.232024e+00	6.957902e+00	6.714797e+00	6.498900e+00	6.303867e+00	6.122983e+00
5.949768e+00	5.770385e+00	5.563553e+00	5.292898e+00	4.869432e+00	4.526510e+00
3.988013e+00	3.299985e+00	2.169050e+00	1.785381e+00	1.444745e+00	1.400031e+00
1.369540e+00	1.365220e+00	1.360246e+00	1.364932e+00	1.099356e+01	1.055135e+01
1.016679e+01	9.877135e+00	9.636837e+00	9.150816e+00	8.705189e+00	8.297166e+00
7.925822e+00	7.590338e+00	7.290066e+00	7.023540e+00	6.788632e+00	6.582232e+00
6.398993e+00	6.232657e+00	6.075702e+00	5.911536e+00	5.716552e+00	5.455678e+00
5.046401e+00	4.719286e+00	4.208920e+00	3.528344e+00	2.294559e+00	1.851153e+00
1.458678e+00	1.406401e+00	1.366759e+00	1.360434e+00	1.358177e+00	1.360787e+00
1.099280e+01	1.055435e+01	1.017374e+01	9.887888e+00	9.651236e+00	9.172046e+00
8.732914e+00	8.331331e+00	7.966480e+00	7.637612e+00	7.344197e+00	7.084897e+00
6.857814e+00	6.660068e+00	6.486598e+00	6.331568e+00	6.188037e+00	6.040201e+00
5.864683e+00	5.624561e+00	5.235509e+00	4.918930e+00	4.419510e+00	3.739913e+00
2.442792e+00	1.940447e+00	1.473926e+00	1.410801e+00	1.365435e+00	1.358307e+00
1.355097e+00	1.357534e+00	1.098566e+01	1.055273e+01	1.017635e+01	9.894342e+00
9.661335e+00	9.188926e+00	8.755622e+00	8.359432e+00	7.999962e+00	7.676855e+00
7.389915e+00	7.137916e+00	6.918972e+00	6.730164e+00	6.566324e+00	6.421610e+00
6.289624e+00	6.155422e+00	5.997149e+00	5.779964e+00	5.421078e+00	5.121096e+00
4.634273e+00	3.951948e+00	2.596776e+00	2.045486e+00	1.494893e+00	1.416074e+00
1.363040e+00	1.357791e+00	1.349898e+00	1.354238e+00	1.098482e+01	1.055392e+01
1.018074e+01	9.900559e+00	9.668894e+00	9.199902e+00	8.771103e+00	8.380374e+00
8.027005e+00	7.710372e+00	7.430055e+00	7.184856e+00	6.972967e+00	6.791472e+00
6.635176e+00	6.498799e+00	6.377913e+00	6.261132e+00	6.127962e+00	5.936986e+00
5.600076e+00	5.312826e+00	4.845613e+00	4.174282e+00	2.764796e+00	2.159736e+00
1.518671e+00	1.423630e+00	1.362269e+00	1.356629e+00	1.347318e+00	1.351380e+00
1.099533e+01	1.056322e+01	1.018818e+01	9.906787e+00	9.674525e+00	9.206623e+00
8.781112e+00	8.395454e+00	8.048350e+00	7.738411e+00	7.464407e+00	7.225049e+00
7.018730e+00	6.842719e+00	6.692062e+00	6.562550e+00	6.452624e+00	6.356580e+00
6.255618e+00	6.093109e+00	5.767880e+00	5.488610e+00	5.048499e+00	4.406625e+00
2.950615e+00	2.282639e+00	1.545909e+00	1.436304e+00	1.362544e+00	1.354080e+00
1.346585e+00	1.349063e+00	1.098911e+01	1.056028e+01	1.018870e+01	9.910689e+00
9.680638e+00	9.217039e+00	8.795781e+00	8.414376e+00	8.071334e+00	7.765183e+00
7.494750e+00	7.259126e+00	7.057223e+00	6.887044e+00	6.744719e+00	6.626633e+00
6.530522e+00	6.448644e+00	6.361442e+00	6.219204e+00	5.926603e+00	5.667368e+00
5.251178e+00	4.630500e+00	3.149241e+00	2.418425e+00	1.580719e+00	1.454129e+00
1.363659e+00	1.354211e+00	1.343119e+00	1.346911e+00	1.097676e+01	1.055488e+01
1.018902e+01	9.914086e+00	9.686847e+00	9.228722e+00	8.811710e+00	8.433707e+00
8.093525e+00	7.789992e+00	7.522238e+00	7.289727e+00	7.091860e+00	6.927416e+00
6.793767e+00	6.687869e+00	6.605853e+00	6.535840e+00	6.457760e+00	6.333990e+00
6.080143e+00	5.845631e+00	5.453012e+00	4.852587e+00	3.360354e+00	2.567075e+00
1.621522e+00	1.475947e+00	1.365801e+00	1.354544e+00	1.338936e+00	1.344995e+00
1.096660e+01	1.055148e+01	1.019025e+01	9.918461e+00	9.693061e+00	9.238648e+00
8.824572e+00	8.449086e+00	8.111242e+00	7.810201e+00	7.545439e+00	7.316557e+00
7.123111e+00	6.964119e+00	6.837296e+00	6.739907e+00	6.668262e+00	6.610596e+00
6.547713e+00	6.445774e+00	6.226771e+00	6.015283e+00	5.646222e+00	5.069072e+00
3.580031e+00	2.732992e+00	1.667542e+00	1.498920e+00	1.368758e+00	1.355138e+00
1.338684e+00	1.343610e+00	1.095697e+01	1.054911e+01	1.019359e+01	9.923896e+00
9.699278e+00	9.247250e+00	8.835132e+00	8.461446e+00	8.125433e+00	7.826597e+00
7.564781e+00	7.339615e+00	7.150618e+00	6.996667e+00	6.875219e+00	6.783724e+00
6.719719e+00	6.673821e+00	6.629020e+00	6.550753e+00	6.363942e+00	6.174303e+00
5.828305e+00	5.276313e+00	3.806969e+00	2.918762e+00	1.721998e+00	1.525075e+00
1.373640e+00	1.356568e+00	1.340107e+00	1.342628e+00	1.094513e+01	1.054641e+01
1.019800e+01	9.930710e+00	9.706324e+00	9.255881e+00	8.845262e+00	8.473204e+00
8.139017e+00	7.842308e+00	7.583038e+00	7.360926e+00	7.175584e+00	7.025944e+00
6.909444e+00	6.823671e+00	6.766748e+00	6.730266e+00	6.699215e+00	6.643257e+00
6.491425e+00	6.323440e+00	6.000251e+00	5.473367e+00	4.037349e+00	3.115024e+00
1.785724e+00	1.559544e+00	1.379722e+00	1.359710e+00	1.339481e+00	1.342058e+00
1.093127e+01	1.054339e+01	1.020304e+01	9.938058e+00	9.713365e+00	9.264079e+00
8.854703e+00	8.484136e+00	8.151705e+00	7.857036e+00	7.600092e+00	7.380699e+00
7.198584e+00	7.052800e+00	6.940854e+00	6.860466e+00	6.810119e+00	6.781881e+00
6.762697e+00	6.728147e+00	6.611857e+00	6.465386e+00	6.165724e+00	5.665419e+00
4.273126e+00	3.322220e+00	1.859228e+00	1.602713e+00	1.387141e+00	1.364256e+00
1.337795e+00	1.341643e+00	1.091419e+01	1.053834e+01	1.020422e+01	9.940887e+00
9.715363e+00	9.268111e+00	8.860400e+00	8.491365e+00	8.160538e+00	7.867769e+00
7.613172e+00	7.396479e+00	7.217210e+00	7.074423e+00	6.965992e+00	6.890113e+00
6.845923e+00	6.826450e+00	6.819930e+00	6.803699e+00	6.714030e+00	6.587878e+00
6.322692e+00	5.865004e+00	4.507753e+00	3.520018e+00	1.945157e+00	1.655923e+00
1.394996e+00	1.364982e+00	1.337476e+00	1.341011e+00	1.089073e+01	1.052724e+01
1.020218e+01	9.941382e+00	9.715409e+00	9.269510e+00	8.863223e+00	8.495487e+00
8.165958e+00	7.874801e+00	7.622389e+00	7.408244e+00	7.231388e+00	7.090751e+00
6.984808e+00	6.912505e+00	6.873881e+00	6.863482e+00	6.870350e+00	6.868840e+00
6.795807e+00	6.687885e+00	6.468648e+00	6.075420e+00	4.736023e+00	3.698965e+00
2.051672e+00	1.728462e+00	1.403365e+00	1.359515e+00	1.339973e+00	1.339888e+00
1.087027e+01	1.051890e+01	1.020235e+01	9.943326e+00	9.716593e+00	9.272271e+00
8.867182e+00	8.500537e+00	8.172150e+00	7.882372e+00	7.631692e+00	7.419559e+00
7.244829e+00	7.106405e+00	7.002986e+00	6.933903e+00	6.899796e+00	6.896303e+00
6.913673e+00	6.926867e+00	6.875782e+00	6.786545e+00	6.601253e+00	6.255336e+00
4.967865e+00	3.906779e+00	2.162914e+00	1.800974e+00	1.415568e+00	1.360434e+00
1.343083e+00	1.339312e+00	1.085286e+01	1.051281e+01	1.020420e+01	9.947389e+00
9.720029e+00	9.276374e+00	8.871934e+00	8.506115e+00	8.178741e+00	7.890147e+00
7.640801e+00	7.430181e+00	7.257210e+00	7.120853e+00	7.019918e+00	6.953878e+00
6.923543e+00	6.924850e+00	6.949474e+00	6.977391e+00	6.954227e+00	6.883798e+00
6.719392e+00	6.402844e+00	5.199932e+00	4.145481e+00	2.280716e+00	1.874880e+00
1.433228e+00	1.368274e+00	1.344910e+00	1.339004e+00	1.083789e+01	1.050780e+01
1.020590e+01	9.950865e+00	9.722856e+00	9.279809e+00	8.875912e+00	8.510887e+00
8.184555e+00	7.897112e+00	7.648952e+00	7.439538e+00	7.267874e+00	7.133078e+00
7.034337e+00	6.971321e+00	6.944557e+00	6.949211e+00	6.978242e+00	7.020144e+00
7.028011e+00	6.975746e+00	6.824155e+00	6.525850e+00	5.424113e+00	4.396832e+00
2.412548e+00	1.957764e+00	1.455485e+00	1.379260e+00	1.344793e+00	1.338746e+00
1.082674e+01	1.050463e+01	1.020853e+01	9.954993e+00	9.726452e+00	9.283847e+00
8.880438e+00	8.516100e+00	8.190634e+00	7.904148e+00	7.657005e+00	7.448636e+00
7.278049e+00	7.144507e+00	7.047488e+00	6.986888e+00	6.963310e+00	6.971921e+00
7.006423e+00	7.058395e+00	7.086832e+00	7.051731e+00	6.924658e+00	6.659326e+00
5.636156e+00	4.631518e+00	2.565576e+00	2.057737e+00	1.479647e+00	1.388897e+00
1.349363e+00	1.338632e+00	1.081533e+01	1.050064e+01	1.020920e+01	9.956650e+00
9.727567e+00	9.285684e+00	8.882906e+00	8.519333e+00	8.194707e+00	7.909017e+00
7.662538e+00	7.454883e+00	7.285393e+00	7.153453e+00	7.058305e+00	6.999778e+00
6.978708e+00	6.990793e+00	7.030326e+00	7.089587e+00	7.135738e+00	7.120060e+00
7.020545e+00	6.780681e+00	5.819981e+00	4.877473e+00	2.737421e+00	2.165037e+00
1.506398e+00	1.402872e+00	1.350559e+00	1.338411e+00	1.080312e+01	1.049497e+01
1.020812e+01	9.956945e+00	9.727560e+00	9.286149e+00	8.883851e+00	8.520907e+00
8.196978e+00	7.911902e+00	7.665820e+00	7.458612e+00	7.290099e+00	7.159839e+00
7.066563e+00	7.009762e+00	6.990545e+00	7.005413e+00	7.049176e+00	7.113646e+00
7.175166e+00	7.179736e+00	7.108307e+00	6.884431e+00	5.973143e+00	5.133893e+00
2.929725e+00	2.279426e+00	1.537321e+00	1.425569e+00	1.346411e+00	1.337922e+00
1.079253e+01	1.048992e+01	1.020759e+01	9.957295e+00	9.727575e+00	9.286496e+00
8.884602e+00	8.522216e+00	8.198938e+00	7.914504e+00	7.668931e+00	7.462206e+00
7.294369e+00	7.165087e+00	7.073013e+00	7.017649e+00	7.000269e+00	7.017698e+00
7.065306e+00	7.135883e+00	7.209272e+00	7.226065e+00	7.178918e+00	6.987489e+00
6.139184e+00	5.352574e+00	3.131985e+00	2.416631e+00	1.574847e+00	1.444397e+00
1.348965e+00	1.337659e+00	1.078335e+01	1.048589e+01	1.020722e+01	9.957744e+00
9.727619e+00	9.286857e+00	8.885373e+00	8.523531e+00	8.200876e+00	7.917062e+00
7.672010e+00	7.465763e+00	7.298476e+00	7.169928e+00	7.078822e+00	7.024736e+00
7.009076e+00	7.028863e+00	7.080011e+00	7.156655e+00	7.240273e+00	7.266576e+00
7.241605e+00	7.086819e+00	6.307419e+00	5.558478e+00	3.346260e+00	2.571159e+00
1.617918e+00	1.463347e+00	1.354470e+00	1.337479e+00	1.077753e+01	1.048503e+01
1.020803e+01	9.959289e+00	9.728577e+00	9.288281e+00	8.887268e+00	8.525951e+00
8.203822e+00	7.920495e+00	7.675868e+00	7.470055e+00	7.303293e+00	7.175436e+00
7.085217e+00	7.032244e+00	7.018065e+00	7.039898e+00	7.094127e+00	7.176030e+00
7.268771e+00	7.303621e+00	7.298037e+00	7.175436e+00	6.464701e+00	5.761791e+00
3.571551e+00	2.737346e+00	1.667068e+00	1.487009e+00	1.360376e+00	1.337491e+00
1.077369e+01	1.048487e+01	1.021127e+01	9.963073e+00	9.732057e+00	9.291898e+00
8.891010e+00	8.529801e+00	8.207809e+00	7.924671e+00	7.680319e+00	7.474875e+00
7.308562e+00	7.181270e+00	7.091776e+00	7.039706e+00	7.026743e+00	7.050281e+00
7.107106e+00	7.193510e+00	7.294092e+00	7.336178e+00	7.347033e+00	7.252852e+00
6.610059e+00	5.956767e+00	3.806461e+00	2.917912e+00	1.725331e+00	1.517049e+00
1.367862e+00	1.337621e+00	1.076938e+01	1.048417e+01	1.021260e+01	9.964937e+00
9.733647e+00	9.293771e+00	8.893117e+00	8.532044e+00	8.210142e+00	7.927133e+00
7.683036e+00	7.477993e+00	7.312172e+00	7.185456e+00	7.096603e+00	7.045242e+00
7.033218e+00	7.058188e+00	7.117381e+00	7.207854e+00	7.314585e+00	7.362219e+00
7.387140e+00	7.321234e+00	6.742960e+00	6.134793e+00	4.047210e+00	3.110933e+00
1.791659e+00	1.551920e+00	1.376402e+00	1.337656e+00	1.076499e+01	1.048282e+01
1.021347e+01	9.966254e+00	9.734740e+00	9.295128e+00	8.894696e+00	8.533741e+00
8.211897e+00	7.928985e+00	7.685112e+00	7.480444e+00	7.315085e+00	7.188897e+00
7.100608e+00	7.049861e+00	7.038645e+00	7.064874e+00	7.126191e+00	7.220331e+00
7.332450e+00	7.384854e+00	7.422144e+00	7.382616e+00	6.867854e+00	6.304625e+00
4.294631e+00	3.315741e+00	1.866510e+00	1.592478e+00	1.386112e+00	1.337674e+00
1.076096e+01	1.048146e+01	1.021391e+01	9.967094e+00	9.735280e+00	9.295864e+00
8.895661e+00	8.534893e+00	8.213217e+00	7.930542e+00	7.687032e+00	7.482752e+00
7.317574e+00	7.191415e+00	7.103493e+00	7.053672e+00	7.043701e+00	7.071036e+00
7.132784e+00	7.228845e+00	7.349174e+00	7.409376e+00	7.452420e+00	7.417772e+00
6.982742e+00	6.498353e+00	4.530374e+00	3.511481e+00	1.951351e+00	1.644017e+00
1.397201e+00	1.337682e+00	1.075704e+01	1.048001e+01	1.021407e+01	9.967652e+00
9.735542e+00	9.296262e+00	8.896262e+00	8.535702e+00	8.214260e+00	7.931938e+00
7.688942e+00	7.485091e+00	7.319714e+00	7.193157e+00	7.105635e+00	7.056981e+00
7.048744e+00	7.077104e+00	7.137082e+00	7.233610e+00	7.364830e+00	7.438544e+00
7.478407e+00	7.433255e+00	7.085408e+00	6.738220e+00	4.744431e+00	3.687324e+00
2.051227e+00	1.717677e+00	1.410622e+00	1.337686e+00	1.076086e+01	1.048268e+01
1.021550e+01	9.967670e+00	9.734349e+00	9.293986e+00	8.893896e+00	8.533709e+00
8.212904e+00	7.931274e+00	7.688844e+00	7.485446e+00	7.320807e+00	7.194478e+00
7.105692e+00	7.055034e+00	7.045228e+00	7.076045e+00	7.146416e+00	7.249298e+00
7.376593e+00	7.443027e+00	7.493918e+00	7.472489e+00	7.182836e+00	6.831797e+00
4.987440e+00	3.922651e+00	2.162663e+00	1.778500e+00	1.424542e+00	1.337507e+00
1.076788e+01	1.048734e+01	1.021810e+01	9.967690e+00	9.732454e+00	9.290290e+00
8.890016e+00	8.530388e+00	8.210568e+00	7.929988e+00	7.688376e+00	7.485613e+00
7.321713e+00	7.195787e+00	7.105462e+00	7.051274e+00	7.038512e+00	7.073115e+00
7.157574e+00	7.270150e+00	7.385816e+00	7.443789e+00	7.506030e+00	7.528002e+00
7.270566e+00	6.887895e+00	5.241239e+00	4.195964e+00	2.288380e+00	1.838629e+00
1.440043e+00	1.337223e+00	1.076521e+01	1.048673e+01	1.021864e+01	9.968661e+00
9.733334e+00	9.291412e+00	8.891245e+00	8.531690e+00	8.211927e+00	7.931363e+00
7.689729e+00	7.487064e+00	7.323154e+00	7.197418e+00	7.107761e+00	7.054099e+00
7.041911e+00	7.077090e+00	7.160863e+00	7.274340e+00	7.393422e+00	7.456507e+00
7.523512e+00	7.554829e+00	7.342437e+00	7.011199e+00	5.459503e+00	4.422070e+00
2.430919e+00	1.932107e+00	1.459797e+00	1.337257e+00	1.074903e+01	1.047667e+01
1.021370e+01	9.966964e+00	9.733459e+00	9.293468e+00	8.893755e+00	8.533891e+00
8.213391e+00	7.931988e+00	7.689747e+00	7.486600e+00	7.322669e+00	7.197618e+00
7.110009e+00	7.060112e+00	7.050971e+00	7.083194e+00	7.156399e+00	7.264242e+00
7.396151e+00	7.468547e+00	7.540823e+00	7.577073e+00	7.406321e+00	7.112461e+00
5.666888e+00	4.650193e+00	2.587383e+00	2.039318e+00	1.482815e+00	1.337156e+00
1.074150e+01	1.047236e+01	1.021166e+01	9.966404e+00	9.733824e+00	9.295376e+00
8.895866e+00	8.535776e+00	8.214808e+00	7.932821e+00	7.689965e+00	7.486609e+00
7.322685e+00	7.198130e+00	7.112169e+00	7.064419e+00	7.056960e+00	7.087874e+00
7.154838e+00	7.260305e+00	7.399770e+00	7.478247e+00	7.555535e+00	7.598207e+00
7.462032e+00	7.201754e+00	5.862070e+00	4.876663e+00	2.758568e+00	2.160506e+00
1.508593e+00	1.337136e+00	1.074094e+01	1.047298e+01	1.021333e+01	9.968328e+00
9.735590e+00	9.296798e+00	8.897175e+00	8.537040e+00	8.216093e+00	7.934254e+00
7.691784e+00	7.488681e+00	7.324927e+00	7.200371e+00	7.114153e+00	7.066423e+00
7.059192e+00	7.090568e+00	7.159043e+00	7.265905e+00	7.406404e+00	7.485191e+00
7.567118e+00	7.619038e+00	7.509366e+00	7.278908e+00	6.042460e+00	5.098803e+00
2.946644e+00	2.298269e+00	1.537671e+00	1.337379e+00	