4.157832e-01	4.268950e-01	4.384004e-01	4.505680e-01	4.633638e-01	4.906547e-01
5.202735e-01	5.519533e-01	5.851923e-01	6.189228e-01	6.517720e-01	6.829717e-01
7.120370e-01	7.390353e-01	7.646920e-01	7.895489e-01	8.129288e-01	8.336990e-01
8.515672e-01	8.696584e-01	8.918407e-01	9.041832e-01	9.160098e-01	9.273240e-01
9.567407e-01	9.704102e-01	9.760202e-01	9.761750e-01	9.773122e-01	9.773617e-01
9.778800e-01	9.775874e-01	4.608552e-01	4.727877e-01	4.851188e-01	4.981220e-01
5.117616e-01	5.407557e-01	5.720840e-01	6.054532e-01	6.403334e-01	6.756244e-01
7.099283e-01	7.424706e-01	7.727697e-01	8.009127e-01	8.276670e-01	8.536098e-01
8.780626e-01	8.998896e-01	9.188047e-01	9.379674e-01	9.612704e-01	9.741759e-01
9.865509e-01	9.983172e-01	1.028398e+00	1.042294e+00	1.048028e+00	1.048192e+00
1.049347e+00	1.049398e+00	1.049921e+00	1.049626e+00	5.108131e-01	5.236139e-01
5.368157e-01	5.506950e-01	5.652144e-01	5.959727e-01	6.290539e-01	6.641388e-01
7.006702e-01	7.375207e-01	7.732737e-01	8.071530e-01	8.386825e-01	8.679708e-01
8.958283e-01	9.228683e-01	9.484151e-01	9.713354e-01	9.913511e-01	1.011642e+00
1.036105e+00	1.049587e+00	1.062524e+00	1.074745e+00	1.105422e+00	1.119502e+00
1.125348e+00	1.125522e+00	1.126691e+00	1.126744e+00	1.127269e+00	1.126974e+00
5.661866e-01	5.799042e-01	5.940217e-01	6.088166e-01	6.242503e-01	6.568279e-01
6.916970e-01	7.285126e-01	7.666925e-01	8.050874e-01	8.422712e-01	8.774703e-01
9.102173e-01	9.406436e-01	9.696028e-01	9.977462e-01	1.024404e+00	1.048454e+00
1.069626e+00	1.091103e+00	1.116766e+00	1.130835e+00	1.144348e+00	1.157025e+00
1.188215e+00	1.202430e+00	1.208373e+00	1.208557e+00	1.209735e+00	1.209790e+00
1.210315e+00	1.210021e+00	6.275627e-01	6.422459e-01	6.573239e-01	6.730726e-01
6.894525e-01	7.238970e-01	7.605784e-01	7.991262e-01	8.389358e-01	8.788442e-01
9.174253e-01	9.539134e-01	9.878537e-01	1.019401e+00	1.049453e+00	1.078699e+00
1.106482e+00	1.131694e+00	1.154080e+00	1.176806e+00	1.203706e+00	1.218373e+00
1.232474e+00	1.245603e+00	1.277209e+00	1.291501e+00	1.297523e+00	1.297717e+00
1.298901e+00	1.298958e+00	1.299479e+00	1.299189e+00	6.955922e-01	7.112894e-01
7.273719e-01	7.441103e-01	7.614649e-01	7.978147e-01	8.363191e-01	8.765841e-01
9.179864e-01	9.593580e-01	9.992852e-01	1.037016e+00	1.072112e+00	1.104753e+00
1.135879e+00	1.166221e+00	1.195136e+00	1.221544e+00	1.245204e+00	1.269241e+00
1.297415e+00	1.312687e+00	1.327385e+00	1.340963e+00	1.372868e+00	1.387169e+00
1.393250e+00	1.393456e+00	1.394639e+00	1.394697e+00	1.395212e+00	1.394927e+00
7.709962e-01	7.877554e-01	8.048846e-01	8.226455e-01	8.409989e-01	8.792801e-01
9.196024e-01	9.615500e-01	1.004486e+00	1.047248e+00	1.088449e+00	1.127359e+00
1.163557e+00	1.197250e+00	1.229423e+00	1.260843e+00	1.290893e+00	1.318527e+00
1.343522e+00	1.368936e+00	1.398418e+00	1.414302e+00	1.429606e+00	1.443623e+00
1.475692e+00	1.489925e+00	1.496039e+00	1.496257e+00	1.497433e+00	1.497493e+00
1.497998e+00	1.497720e+00	8.545742e-01	8.724418e-01	8.906575e-01	9.094694e-01
9.288402e-01	9.690640e-01	1.011179e+00	1.054751e+00	1.099136e+00	1.143190e+00
1.185569e+00	1.225572e+00	1.262802e+00	1.297493e+00	1.330670e+00	1.363143e+00
1.394323e+00	1.423210e+00	1.449603e+00	1.476461e+00	1.507285e+00	1.523783e+00
1.539699e+00	1.554143e+00	1.586217e+00	1.600292e+00	1.606412e+00	1.606643e+00
1.607804e+00	1.607866e+00	1.608356e+00	1.608088e+00	9.472123e-01	9.662322e-01
9.855708e-01	1.005457e+00	1.025856e+00	1.068016e+00	1.111876e+00	1.156987e+00
1.202704e+00	1.247921e+00	1.291355e+00	1.332340e+00	1.370511e+00	1.406128e+00
1.440255e+00	1.473743e+00	1.506039e+00	1.536205e+00	1.564059e+00	1.592433e+00
1.624627e+00	1.641739e+00	1.658270e+00	1.673124e+00	1.705020e+00	1.718834e+00
1.724928e+00	1.725173e+00	1.726310e+00	1.726373e+00	1.726844e+00	1.726589e+00
1.049893e+00	1.070105e+00	1.090599e+00	1.111575e+00	1.133006e+00	1.177072e+00
1.222600e+00	1.269131e+00	1.316032e+00	1.362248e+00	1.406580e+00	1.448411e+00
1.487408e+00	1.523859e+00	1.558865e+00	1.593317e+00	1.626707e+00	1.658170e+00
1.687553e+00	1.717514e+00	1.751104e+00	1.768826e+00	1.785972e+00	1.801213e+00
1.832721e+00	1.846158e+00	1.852188e+00	1.852446e+00	1.853550e+00	1.853615e+00
1.854061e+00	1.853822e+00	1.163704e+00	1.185145e+00	1.206819e+00	1.228894e+00
1.251347e+00	1.297263e+00	1.344350e+00	1.392146e+00	1.440038e+00	1.487048e+00
1.532086e+00	1.574593e+00	1.614276e+00	1.651448e+00	1.687243e+00	1.722593e+00
1.757043e+00	1.789819e+00	1.820798e+00	1.852419e+00	1.887427e+00	1.905751e+00
1.923508e+00	1.939109e+00	1.969987e+00	1.982913e+00	1.988837e+00	1.989110e+00
1.990169e+00	1.990236e+00	1.990650e+00	1.990432e+00	1.289852e+00	1.312552e+00
1.335424e+00	1.358594e+00	1.382048e+00	1.429728e+00	1.478225e+00	1.527085e+00
1.575728e+00	1.623281e+00	1.668791e+00	1.711768e+00	1.751964e+00	1.789719e+00
1.826193e+00	1.862357e+00	1.897821e+00	1.931919e+00	1.964564e+00	1.997921e+00
2.034364e+00	2.053275e+00	2.071635e+00	2.087561e+00	2.117533e+00	2.129798e+00
2.135567e+00	2.135856e+00	2.136858e+00	2.136926e+00	2.137302e+00	2.137108e+00
1.429676e+00	1.453656e+00	1.477734e+00	1.501983e+00	1.526401e+00	1.575718e+00
1.625431e+00	1.675102e+00	1.724205e+00	1.771996e+00	1.817693e+00	1.860893e+00
1.901397e+00	1.939567e+00	1.976586e+00	2.013462e+00	2.049879e+00	2.085302e+00
2.119680e+00	2.154851e+00	2.192739e+00	2.212218e+00	2.231170e+00	2.247379e+00
2.276131e+00	2.287564e+00	2.293122e+00	2.293427e+00	2.294359e+00	2.294428e+00
2.294758e+00	2.294593e+00	1.584656e+00	1.609929e+00	1.635209e+00	1.660506e+00
1.685832e+00	1.736616e+00	1.787296e+00	1.837467e+00	1.886672e+00	1.934334e+00
1.979882e+00	2.023010e+00	2.063575e+00	2.101962e+00	2.139365e+00	2.176826e+00
2.214120e+00	2.250862e+00	2.287045e+00	2.324108e+00	2.363443e+00	2.383466e+00
2.402991e+00	2.419431e+00	2.446606e+00	2.457017e+00	2.462301e+00	2.462624e+00
2.463469e+00	2.463538e+00	2.463813e+00	2.463683e+00	1.756437e+00	1.783002e+00
1.809466e+00	1.835760e+00	1.861915e+00	1.913943e+00	1.965281e+00	2.015570e+00
2.064448e+00	2.111545e+00	2.156543e+00	2.199250e+00	2.239586e+00	2.277953e+00
2.315549e+00	2.353445e+00	2.391521e+00	2.429567e+00	2.467624e+00	2.506660e+00
2.547437e+00	2.567970e+00	2.588043e+00	2.604656e+00	2.629850e+00	2.639022e+00
2.643962e+00	2.644303e+00	2.645043e+00	2.645113e+00	2.645323e+00	2.645233e+00
1.948542e+00	1.976291e+00	2.003813e+00	2.030945e+00	2.057741e+00	2.110574e+00
2.162052e+00	2.211892e+00	2.259861e+00	2.305857e+00	2.349869e+00	2.391846e+00
2.431765e+00	2.470020e+00	2.507757e+00	2.546044e+00	2.584916e+00	2.624467e+00
2.664850e+00	2.706294e+00	2.748590e+00	2.769567e+00	2.790242e+00	2.807100e+00
2.829633e+00	2.837156e+00	2.841656e+00	2.842022e+00	2.842623e+00	2.842697e+00
2.842815e+00	2.842783e+00	2.160279e+00	2.189231e+00	2.217805e+00	2.245724e+00
2.273073e+00	2.326443e+00	2.377672e+00	2.426571e+00	2.473064e+00	2.517359e+00
2.559809e+00	2.600513e+00	2.639519e+00	2.677221e+00	2.714723e+00	2.753103e+00
2.792545e+00	2.833419e+00	2.875956e+00	2.919665e+00	2.963394e+00	2.984778e+00
3.005960e+00	3.022888e+00	3.042382e+00	3.048089e+00	3.052068e+00	3.052457e+00
3.052905e+00	3.052979e+00	3.053004e+00	3.053030e+00	2.385895e+00	2.416504e+00
2.446549e+00	2.475610e+00	2.503811e+00	2.558170e+00	2.609383e+00	2.657328e+00
2.702078e+00	2.744123e+00	2.784187e+00	2.822517e+00	2.859308e+00	2.895063e+00
2.931111e+00	2.968691e+00	3.007959e+00	3.048995e+00	3.091770e+00	3.136013e+00
3.180814e+00	3.202769e+00	3.223994e+00	3.240116e+00	3.257196e+00	3.261670e+00
3.265106e+00	3.265485e+00	3.265831e+00	3.265888e+00	3.265889e+00	3.265926e+00
2.624471e+00	2.657312e+00	2.689360e+00	2.720022e+00	2.749459e+00	2.805396e+00
2.856903e+00	2.903895e+00	2.946593e+00	2.985747e+00	3.022489e+00	3.057213e+00
3.090343e+00	3.122614e+00	3.155827e+00	3.191524e+00	3.229644e+00	3.269438e+00
3.310331e+00	3.353206e+00	3.398498e+00	3.421072e+00	3.441828e+00	3.456321e+00
3.471692e+00	3.475566e+00	3.478464e+00	3.478803e+00	3.479102e+00	3.479126e+00
3.479171e+00	3.479175e+00	2.876695e+00	2.912102e+00	2.946461e+00	2.978978e+00
3.009842e+00	3.067522e+00	3.119085e+00	3.164386e+00	3.203919e+00	3.238958e+00
3.271351e+00	3.301702e+00	3.330574e+00	3.358804e+00	3.388355e+00	3.420854e+00
3.456160e+00	3.493161e+00	3.531074e+00	3.571384e+00	3.615285e+00	3.637499e+00
3.657356e+00	3.670461e+00	3.684236e+00	3.687623e+00	3.690106e+00	3.690401e+00
3.690662e+00	3.690676e+00	3.690734e+00	3.690729e+00	3.144682e+00	3.183092e+00
3.220142e+00	3.254791e+00	3.287253e+00	3.346739e+00	3.398007e+00	3.440868e+00
3.476197e+00	3.505984e+00	3.533012e+00	3.558131e+00	3.581985e+00	3.605428e+00
3.630386e+00	3.658448e+00	3.689484e+00	3.722312e+00	3.756153e+00	3.792795e+00
3.833891e+00	3.855038e+00	3.873612e+00	3.885370e+00	3.897631e+00	3.900643e+00
3.902781e+00	3.903026e+00	3.903258e+00	3.903276e+00	3.903333e+00	3.903330e+00
3.426193e+00	3.468882e+00	3.509546e+00	3.546648e+00	3.580519e+00	3.640453e+00
3.689524e+00	3.728530e+00	3.758805e+00	3.782854e+00	3.804081e+00	3.823493e+00
3.841737e+00	3.859609e+00	3.878810e+00	3.900796e+00	3.925633e+00	3.952639e+00
3.981486e+00	4.013671e+00	4.050313e+00	4.069221e+00	4.085909e+00	4.096489e+00
4.107098e+00	4.109692e+00	4.111537e+00	4.111750e+00	4.111948e+00	4.111967e+00
4.112012e+00	4.112013e+00	3.717748e+00	3.766399e+00	3.811900e+00	3.851856e+00
3.886835e+00	3.945315e+00	3.989675e+00	4.023135e+00	4.047531e+00	4.065557e+00
4.080770e+00	4.094216e+00	4.106456e+00	4.118118e+00	4.130323e+00	4.144230e+00
4.160418e+00	4.179620e+00	4.202625e+00	4.229729e+00	4.260062e+00	4.275306e+00
4.289456e+00	4.299196e+00	4.308050e+00	4.310182e+00	4.311815e+00	4.312024e+00
4.312179e+00	4.312198e+00	4.312216e+00	4.312225e+00	4.018435e+00	4.075941e+00
4.128420e+00	4.172079e+00	4.207918e+00	4.262493e+00	4.298838e+00	4.324858e+00
4.342934e+00	4.355193e+00	4.364417e+00	4.371177e+00	4.375600e+00	4.378329e+00
4.381347e+00	4.386635e+00	4.394752e+00	4.406140e+00	4.421291e+00	4.440523e+00
4.463078e+00	4.474660e+00	4.485850e+00	4.493938e+00	4.500968e+00	4.502675e+00
4.504042e+00	4.504216e+00	4.504342e+00	4.504369e+00	4.504377e+00	4.504382e+00
4.326820e+00	4.395393e+00	4.456464e+00	4.504335e+00	4.540599e+00	4.588757e+00
4.613956e+00	4.630665e+00	4.641787e+00	4.648239e+00	4.651256e+00	4.650545e+00
4.645543e+00	4.637090e+00	4.629115e+00	4.625190e+00	4.625424e+00	4.628708e+00
4.634211e+00	4.643235e+00	4.656634e+00	4.664369e+00	4.672112e+00	4.677839e+00
4.682856e+00	4.684136e+00	4.685167e+00	4.685287e+00	4.685391e+00	4.685417e+00
4.685425e+00	4.685429e+00	4.645468e+00	4.722196e+00	4.789401e+00	4.839960e+00
4.875979e+00	4.917901e+00	4.932681e+00	4.939501e+00	4.941840e+00	4.940037e+00
4.934579e+00	4.924766e+00	4.909594e+00	4.890067e+00	4.871175e+00	4.857350e+00
4.848375e+00	4.842093e+00	4.836843e+00	4.834681e+00	4.837712e+00	4.840903e+00
4.844542e+00	4.847468e+00	4.850003e+00	4.850745e+00	4.851339e+00	4.851412e+00
4.851477e+00	4.851477e+00	4.851477e+00	4.851507e+00	4.990378e+00	5.051974e+00
5.107905e+00	5.153344e+00	5.189269e+00	5.239474e+00	5.263640e+00	5.267498e+00
5.254948e+00	5.232265e+00	5.207289e+00	5.181740e+00	5.155626e+00	5.129604e+00
5.105000e+00	5.083077e+00	5.063572e+00	5.045242e+00	5.027461e+00	5.012759e+00
5.004522e+00	5.003147e+00	5.002168e+00	5.001360e+00	5.001002e+00	5.001054e+00
5.001085e+00	5.001082e+00	5.001094e+00	5.001103e+00	5.001111e+00	5.001122e+00
5.326651e+00	5.390296e+00	5.446808e+00	5.491233e+00	5.524997e+00	5.568150e+00
5.581499e+00	5.573058e+00	5.548130e+00	5.513150e+00	5.476019e+00	5.438640e+00
5.401164e+00	5.364209e+00	5.328754e+00	5.295877e+00	5.265213e+00	5.235208e+00
5.205074e+00	5.177905e+00	5.157740e+00	5.150643e+00	5.144273e+00	5.139590e+00
5.135554e+00	5.134727e+00	5.134069e+00	5.133978e+00	5.133921e+00	5.133925e+00
5.133931e+00	5.133932e+00	5.640991e+00	5.732596e+00	5.809323e+00	5.859995e+00
5.888170e+00	5.899588e+00	5.873452e+00	5.841228e+00	5.807763e+00	5.772199e+00
5.733445e+00	5.690183e+00	5.641081e+00	5.587280e+00	5.534468e+00	5.487456e+00
5.445403e+00	5.404760e+00	5.363046e+00	5.324013e+00	5.291568e+00	5.277591e+00
5.265083e+00	5.256434e+00	5.247975e+00	5.246086e+00	5.244616e+00	5.244426e+00
5.244286e+00	5.244266e+00	5.244256e+00	5.244266e+00	5.977382e+00	6.070822e+00
6.147181e+00	6.194295e+00	6.216478e+00	6.211794e+00	6.166829e+00	6.117152e+00
6.068174e+00	6.018375e+00	5.966054e+00	5.909787e+00	5.848557e+00	5.783302e+00
5.719227e+00	5.660647e+00	5.606678e+00	5.553821e+00	5.499747e+00	5.448511e+00
5.403736e+00	5.383203e+00	5.364303e+00	5.350940e+00	5.337969e+00	5.334946e+00
5.332587e+00	5.332278e+00	5.332058e+00	5.332023e+00	5.332004e+00	5.332019e+00
6.327168e+00	6.411515e+00	6.479499e+00	6.518990e+00	6.534162e+00	6.516684e+00
6.458409e+00	6.392101e+00	6.323732e+00	6.253941e+00	6.183496e+00	6.111614e+00
6.037765e+00	5.962305e+00	5.888537e+00	5.819021e+00	5.752953e+00	5.687505e+00
5.621011e+00	5.557633e+00	5.500456e+00	5.473234e+00	5.447563e+00	5.429017e+00
5.411356e+00	5.407125e+00	5.403805e+00	5.403371e+00	5.403065e+00	5.403014e+00
5.402988e+00	5.403004e+00	6.675634e+00	6.750287e+00	6.808705e+00	6.838743e+00
6.844661e+00	6.809380e+00	6.732778e+00	6.645963e+00	6.555646e+00	6.464284e+00
6.374706e+00	6.286697e+00	6.199827e+00	6.113659e+00	6.029823e+00	5.949255e+00
5.871313e+00	5.793946e+00	5.716257e+00	5.642304e+00	5.572059e+00	5.536545e+00
5.502032e+00	5.476461e+00	5.452905e+00	5.447074e+00	5.442451e+00	5.441868e+00
5.441434e+00	5.441362e+00	5.441328e+00	5.441326e+00	7.019337e+00	7.081137e+00
7.127014e+00	7.145061e+00	7.139611e+00	7.083216e+00	6.985594e+00	6.875691e+00
6.761143e+00	6.646437e+00	6.536580e+00	6.431912e+00	6.331820e+00	6.234963e+00
6.141426e+00	6.050590e+00	5.961928e+00	5.873933e+00	5.786208e+00	5.702536e+00
5.620662e+00	5.577879e+00	5.535711e+00	5.504220e+00	5.475961e+00	5.468868e+00
5.463222e+00	5.462527e+00	5.461991e+00	5.461902e+00	5.461862e+00	5.461843e+00
7.361061e+00	7.400949e+00	7.426829e+00	7.428472e+00	7.409891e+00	7.333580e+00
7.218092e+00	7.084812e+00	6.942300e+00	6.798689e+00	6.663020e+00	6.537269e+00
6.421267e+00	6.312040e+00	6.207356e+00	6.107315e+00	6.010395e+00	5.912804e+00
5.811885e+00	5.711445e+00	5.620916e+00	5.576425e+00	5.531665e+00	5.497316e+00
5.467379e+00	5.459900e+00	5.453791e+00	5.453048e+00	5.452481e+00	5.452378e+00
5.452351e+00	5.452310e+00	7.703553e+00	7.715629e+00	7.716855e+00	7.699278e+00
7.666208e+00	7.569684e+00	7.437034e+00	7.279651e+00	7.107315e+00	6.932836e+00
6.770124e+00	6.623018e+00	6.491651e+00	6.371047e+00	6.256353e+00	6.148569e+00
6.045015e+00	5.939579e+00	5.827888e+00	5.715340e+00	5.613909e+00	5.564581e+00
5.512369e+00	5.469834e+00	5.435305e+00	5.426798e+00	5.419410e+00	5.418537e+00
5.417882e+00	5.417740e+00	5.417753e+00	5.417648e+00	8.037145e+00	8.024476e+00
8.002654e+00	7.964950e+00	7.914399e+00	7.788111e+00	7.627715e+00	7.440044e+00
7.236247e+00	7.031776e+00	6.842797e+00	6.672057e+00	6.519632e+00	6.385225e+00
6.266927e+00	6.156231e+00	6.050174e+00	5.942011e+00	5.826915e+00	5.710786e+00
5.597908e+00	5.542126e+00	5.481053e+00	5.429800e+00	5.390332e+00	5.380712e+00
5.372030e+00	5.371022e+00	5.370275e+00	5.370095e+00	5.370142e+00	5.369979e+00
8.354438e+00	8.322224e+00	8.280471e+00	8.222239e+00	8.151039e+00	7.984835e+00
7.787097e+00	7.565663e+00	7.332015e+00	7.101877e+00	6.892042e+00	6.699671e+00
6.528682e+00	6.379965e+00	6.249484e+00	6.127977e+00	6.012448e+00	5.895883e+00
5.772941e+00	5.648628e+00	5.527768e+00	5.467574e+00	5.402341e+00	5.348054e+00
5.305073e+00	5.294542e+00	5.285186e+00	5.284098e+00	5.283272e+00	5.283083e+00
5.283121e+00	5.282955e+00	8.665481e+00	8.610231e+00	8.545308e+00	8.463770e+00
8.369581e+00	8.159854e+00	7.922246e+00	7.665222e+00	7.400368e+00	7.142677e+00
6.903057e+00	6.697973e+00	6.518516e+00	6.357839e+00	6.212129e+00	6.078158e+00
5.951960e+00	5.826291e+00	5.695477e+00	5.563441e+00	5.434815e+00	5.370661e+00
5.302252e+00	5.245948e+00	5.199464e+00	5.188038e+00	5.178114e+00	5.176952e+00
5.176049e+00	5.175863e+00	5.175877e+00	5.175735e+00	8.968708e+00	8.885996e+00
8.794076e+00	8.686363e+00	8.567132e+00	8.311524e+00	8.033356e+00	7.740557e+00
7.443039e+00	7.157256e+00	6.902881e+00	6.674139e+00	6.474051e+00	6.297745e+00
6.139560e+00	5.993886e+00	5.856971e+00	5.722303e+00	5.584547e+00	5.446383e+00
5.311303e+00	5.244347e+00	5.174645e+00	5.118107e+00	5.068320e+00	5.056057e+00
5.045757e+00	5.044535e+00	5.043556e+00	5.043393e+00	5.043362e+00	5.043274e+00
9.258068e+00	9.148249e+00	9.028826e+00	8.893360e+00	8.746837e+00	8.440060e+00
8.115598e+00	7.784239e+00	7.460272e+00	7.151276e+00	6.870611e+00	6.623497e+00
6.406833e+00	6.215029e+00	6.042015e+00	5.882653e+00	5.733276e+00	5.588440e+00
5.443424e+00	5.299253e+00	5.158348e+00	5.089562e+00	5.020187e+00	4.965001e+00
4.912113e+00	4.899075e+00	4.888572e+00	4.887302e+00	4.886237e+00	4.886109e+00
4.886024e+00	4.886001e+00	9.505628e+00	9.401578e+00	9.278683e+00	9.123576e+00
8.945128e+00	8.559213e+00	8.158237e+00	7.775631e+00	7.429390e+00	7.110138e+00
6.820510e+00	6.563259e+00	6.330715e+00	6.116753e+00	5.920713e+00	5.742773e+00
5.579539e+00	5.425601e+00	5.275314e+00	5.125159e+00	4.976960e+00	4.907309e+00
4.839180e+00	4.785533e+00	4.729745e+00	4.716286e+00	4.705604e+00	4.704210e+00
4.703137e+00	4.703010e+00	4.702899e+00	4.702939e+00	9.747288e+00	9.639701e+00
9.506013e+00	9.327421e+00	9.116054e+00	8.654440e+00	8.181905e+00	7.759797e+00
7.384686e+00	7.051750e+00	6.753841e+00	6.485124e+00	6.235463e+00	5.999145e+00
5.780752e+00	5.584834e+00	5.408048e+00	5.244310e+00	5.087027e+00	4.929845e+00
4.775020e+00	4.704731e+00	4.637430e+00	4.584636e+00	4.526466e+00	4.512719e+00
4.501859e+00	4.500355e+00	4.499281e+00	4.499154e+00	4.499032e+00	4.499111e+00
9.993346e+00	9.857124e+00	9.693156e+00	9.481977e+00	9.237381e+00	8.713679e+00
8.192629e+00	7.732152e+00	7.331689e+00	6.979097e+00	6.662414e+00	6.374907e+00
6.106325e+00	5.851436e+00	5.615811e+00	5.404683e+00	5.214949e+00	5.039598e+00
4.871819e+00	4.705861e+00	4.545303e+00	4.473707e+00	4.405751e+00	4.352549e+00
4.292865e+00	4.278832e+00	4.267789e+00	4.266249e+00	4.265148e+00	4.265028e+00
4.264908e+00	4.264988e+00	1.030051e+01	1.006937e+01	9.825210e+00	9.558179e+00
9.277071e+00	8.713097e+00	8.184131e+00	7.701289e+00	7.274273e+00	6.893109e+00
6.548551e+00	6.235850e+00	5.947717e+00	5.679262e+00	5.431524e+00	5.206414e+00
5.002495e+00	4.814748e+00	4.638111e+00	4.464641e+00	4.294171e+00	4.216449e+00
4.145220e+00	4.092554e+00	4.032365e+00	4.017204e+00	4.006121e+00	4.004776e+00
4.003589e+00	4.003442e+00	4.003297e+00	4.003380e+00	1.060658e+01	1.027019e+01
9.941400e+00	9.619846e+00	9.306407e+00	8.712215e+00	8.163066e+00	7.662125e+00
7.207544e+00	6.794388e+00	6.419667e+00	6.081019e+00	5.774383e+00	5.494625e+00
5.236723e+00	4.998363e+00	4.780147e+00	4.579696e+00	4.394164e+00	4.213715e+00
4.033262e+00	3.948143e+00	3.872227e+00	3.819431e+00	3.759374e+00	3.743056e+00
3.731961e+00	3.730853e+00	3.729583e+00	3.729401e+00	3.729231e+00	3.729301e+00
1.078564e+01	1.043307e+01	1.007844e+01	9.724007e+00	9.374411e+00	8.715091e+00
8.123961e+00	7.589083e+00	7.107778e+00	6.674774e+00	6.284336e+00	5.930919e+00
5.608443e+00	5.311537e+00	5.036911e+00	4.783100e+00	4.550724e+00	4.336656e+00
4.138260e+00	3.949902e+00	3.765750e+00	3.676532e+00	3.595042e+00	3.537825e+00
3.477913e+00	3.461726e+00	3.450405e+00	3.449254e+00	3.448011e+00	3.447823e+00
3.447675e+00	3.447673e+00	1.089789e+01	1.056576e+01	1.022321e+01	9.858481e+00
9.477295e+00	8.725072e+00	8.045267e+00	7.461116e+00	6.963042e+00	6.528543e+00
6.137829e+00	5.779542e+00	5.443695e+00	5.125528e+00	4.829204e+00	4.558142e+00
4.311365e+00	4.082496e+00	3.867517e+00	3.669954e+00	3.486853e+00	3.396101e+00
3.308074e+00	3.242615e+00	3.182822e+00	3.167870e+00	3.156131e+00	3.154701e+00
3.153578e+00	3.153407e+00	3.153320e+00	3.153195e+00	1.108533e+01	1.070196e+01
1.030094e+01	9.884440e+00	9.474736e+00	8.705515e+00	7.984942e+00	7.374476e+00
6.851466e+00	6.394864e+00	5.985879e+00	5.612551e+00	5.264150e+00	4.935256e+00
4.627872e+00	4.343535e+00	4.081857e+00	3.839211e+00	3.612510e+00	3.404757e+00
3.213984e+00	3.120771e+00	3.029261e+00	2.960268e+00	2.899909e+00	2.885244e+00
2.873283e+00	2.871807e+00	2.870704e+00	2.870533e+00	2.870455e+00	2.870282e+00
1.132621e+01	1.083745e+01	1.035638e+01	9.895312e+00	9.455937e+00	8.651320e+00
7.930740e+00	7.302636e+00	6.753234e+00	6.267152e+00	5.831776e+00	5.438459e+00
5.078630e+00	4.745249e+00	4.432628e+00	4.137602e+00	3.861640e+00	3.606497e+00
3.370945e+00	3.153080e+00	2.951139e+00	2.855388e+00	2.762301e+00	2.692322e+00
2.631143e+00	2.616366e+00	2.604317e+00	2.602901e+00	2.601771e+00	2.601597e+00
2.601501e+00	2.601322e+00	1.153475e+01	1.096745e+01	1.042228e+01	9.916729e+00
9.452027e+00	8.613015e+00	7.876282e+00	7.227686e+00	6.655836e+00	6.147701e+00
5.692490e+00	5.282776e+00	4.911211e+00	4.570132e+00	4.250266e+00	3.946042e+00
3.659393e+00	3.394086e+00	3.149872e+00	2.922409e+00	2.710687e+00	2.612034e+00
2.517621e+00	2.447427e+00	2.384935e+00	2.369948e+00	2.357887e+00	2.356496e+00
2.355337e+00	2.355170e+00	2.355053e+00	2.354909e+00	1.170212e+01	1.108982e+01
1.050494e+01	9.968410e+00	9.476847e+00	8.589347e+00	7.820059e+00	7.146810e+00
6.557675e+00	6.036428e+00	5.568701e+00	5.146417e+00	4.762615e+00	4.410019e+00
4.080311e+00	3.768226e+00	3.474476e+00	3.201072e+00	2.947899e+00	2.710838e+00
2.490303e+00	2.388175e+00	2.292637e+00	2.223060e+00	2.158584e+00	2.143245e+00
2.131242e+00	2.129838e+00	2.128642e+00	2.128496e+00	2.128353e+00	2.128285e+00
1.186623e+01	1.121130e+01	1.058901e+01	1.002388e+01	9.507990e+00	8.583806e+00
7.780109e+00	7.084290e+00	6.478376e+00	5.943877e+00	5.463761e+00	5.029291e+00
4.633833e+00	4.270495e+00	3.931629e+00	3.612199e+00	3.311967e+00	3.031546e+00
2.770923e+00	2.526074e+00	2.297508e+00	2.191516e+00	2.093211e+00	2.022278e+00
1.955986e+00	1.940386e+00	1.928331e+00	1.926916e+00	1.925684e+00	1.925550e+00
1.925393e+00	1.925425e+00	1.202751e+01	1.133225e+01	1.067499e+01	1.008402e+01
9.547914e+00	8.583998e+00	7.758517e+00	7.041620e+00	6.419333e+00	5.871763e+00
5.379529e+00	4.933411e+00	4.527006e+00	4.153746e+00	3.806345e+00	3.479849e+00
3.173415e+00	2.886735e+00	2.619726e+00	2.368474e+00	2.132335e+00	2.022054e+00
1.919524e+00	1.845487e+00	1.777334e+00	1.761483e+00	1.749229e+00	1.747788e+00
1.746520e+00	1.746389e+00	1.746230e+00	1.746358e+00	1.218600e+01	1.145399e+01
1.076558e+01	1.015246e+01	9.599258e+00	8.604117e+00	7.752921e+00	7.021257e+00
6.386628e+00	5.826193e+00	5.322336e+00	4.865315e+00	4.448709e+00	4.066114e+00
3.710464e+00	3.376881e+00	3.064167e+00	2.771516e+00	2.498425e+00	2.241306e+00
1.997477e+00	1.882391e+00	1.774553e+00	1.696176e+00	1.625585e+00	1.609293e+00
1.596611e+00	1.595101e+00	1.593794e+00	1.593652e+00	1.593503e+00	1.593669e+00
1.234569e+01	1.158035e+01	1.086406e+01	1.023215e+01	9.665132e+00	8.643554e+00
7.773122e+00	7.029576e+00	6.385977e+00	5.812428e+00	5.296270e+00	4.827633e+00
4.400011e+00	4.006986e+00	3.641517e+00	3.301706e+00	2.983501e+00	2.685421e+00
2.406574e+00	2.143613e+00	1.891855e+00	1.771729e+00	1.658287e+00	1.575241e+00
1.501400e+00	1.484355e+00	1.470984e+00	1.469394e+00	1.468029e+00	1.467871e+00
1.467724e+00	1.467833e+00	1.250577e+01	1.171030e+01	1.096911e+01	1.032110e+01
9.742639e+00	8.698648e+00	7.810502e+00	7.050627e+00	6.391978e+00	5.814346e+00
5.293883e+00	4.821019e+00	4.389329e+00	3.992407e+00	3.623254e+00	3.273806e+00
2.945587e+00	2.638477e+00	2.350825e+00	2.078149e+00	1.815707e+00	1.689778e+00
1.570097e+00	1.481795e+00	1.403099e+00	1.384777e+00	1.370349e+00	1.368643e+00
1.367186e+00	1.367008e+00	1.366854e+00	1.366811e+00	1.266441e+01	1.184358e+01
1.108200e+01	1.042189e+01	9.835600e+00	8.776078e+00	7.877329e+00	7.110101e+00
6.445861e+00	5.859562e+00	5.330546e+00	4.849227e+00	4.409130e+00	4.003529e+00
3.625079e+00	3.268796e+00	2.933839e+00	2.619858e+00	2.325012e+00	2.043577e+00
1.770017e+00	1.636835e+00	1.509557e+00	1.414785e+00	1.329309e+00	1.309134e+00
1.293211e+00	1.291340e+00	1.289749e+00	1.289549e+00	1.289378e+00	1.289148e+00
1.281801e+01	1.197744e+01	1.120060e+01	1.053240e+01	9.941590e+00	8.871879e+00
7.966673e+00	7.193116e+00	6.522767e+00	5.930278e+00	5.395052e+00	4.907419e+00
4.460659e+00	4.047628e+00	3.660262e+00	3.297951e+00	2.957496e+00	2.637845e+00
2.337049e+00	2.048512e+00	1.761407e+00	1.614801e+00	1.472772e+00	1.368745e+00
1.274611e+00	1.251934e+00	1.233870e+00	1.231759e+00	1.230018e+00	1.229781e+00
1.229590e+00	1.229283e+00	1.296695e+01	1.211072e+01	1.132251e+01	1.064956e+01
1.005719e+01	8.982702e+00	8.075850e+00	7.298722e+00	6.624194e+00	6.027310e+00
5.487897e+00	4.996253e+00	4.545383e+00	4.127921e+00	3.735456e+00	3.363598e+00
3.011626e+00	2.679880e+00	2.366089e+00	2.061331e+00	1.756677e+00	1.601180e+00
1.448037e+00	1.334323e+00	1.230169e+00	1.204759e+00	1.184367e+00	1.181983e+00
1.180051e+00	1.179777e+00	1.179566e+00	1.179284e+00	1.310486e+01	1.223903e+01
1.144453e+01	1.077089e+01	1.018007e+01	9.105379e+00	8.199126e+00	7.419418e+00
6.740942e+00	6.139607e+00	5.595964e+00	5.100228e+00	4.645042e+00	4.222606e+00
3.823866e+00	3.443171e+00	3.080672e+00	2.737415e+00	2.410688e+00	2.088673e+00
1.765388e+00	1.605242e+00	1.446175e+00	1.316674e+00	1.196589e+00	1.167666e+00
1.144250e+00	1.141466e+00	1.139232e+00	1.138940e+00	1.138674e+00	1.138711e+00
1.323052e+01	1.236100e+01	1.156588e+01	1.089665e+01	1.031189e+01	9.244925e+00
8.344324e+00	7.565101e+00	6.884436e+00	6.279888e+00	5.733237e+00	5.234644e+00
4.776400e+00	4.350177e+00	3.946240e+00	3.558509e+00	3.187320e+00	2.834006e+00
2.495497e+00	2.158489e+00	1.812597e+00	1.635761e+00	1.454994e+00	1.307511e+00
1.171616e+00	1.138878e+00	1.112295e+00	1.109067e+00	1.106411e+00	1.106092e+00
1.105794e+00	1.106302e+00	1.335234e+01	1.247665e+01	1.168053e+01	1.101678e+01
1.044044e+01	9.387231e+00	8.496226e+00	7.722012e+00	7.043069e+00	6.437849e+00
5.888715e+00	5.386297e+00	4.923386e+00	4.492112e+00	4.083210e+00	3.690414e+00
3.312904e+00	2.950331e+00	2.598315e+00	2.243064e+00	1.871852e+00	1.678210e+00
1.475086e+00	1.311117e+00	1.151680e+00	1.114911e+00	1.085916e+00	1.082220e+00
1.078583e+00	1.078101e+00	1.078064e+00	1.079121e+00	1.346675e+01	1.258610e+01
1.179054e+01	1.113417e+01	1.056866e+01	9.534660e+00	8.656803e+00	7.891195e+00
7.216964e+00	6.613104e+00	6.062231e+00	5.555778e+00	5.087618e+00	4.651012e+00
4.238017e+00	3.842452e+00	3.461382e+00	3.091043e+00	2.724729e+00	2.349318e+00
1.950725e+00	1.738872e+00	1.513736e+00	1.324486e+00	1.134979e+00	1.094035e+00
1.063034e+00	1.058912e+00	1.054090e+00	1.053386e+00	1.053739e+00	1.055337e+00
1.352437e+01	1.266546e+01	1.188823e+01	1.125033e+01	1.070257e+01	9.694593e+00
8.830244e+00	8.070308e+00	7.396541e+00	6.790668e+00	6.237619e+00	5.729299e+00
5.259489e+00	4.821315e+00	4.406709e+00	4.009015e+00	3.623996e+00	3.245690e+00
2.865472e+00	2.469375e+00	2.040923e+00	1.808986e+00	1.559540e+00	1.343134e+00
1.125121e+00	1.074555e+00	1.042379e+00	1.038454e+00	1.032042e+00	1.030913e+00
1.032061e+00	1.033802e+00	1.354531e+01	1.271691e+01	1.197219e+01	1.136597e+01
1.084597e+01	9.874967e+00	9.024068e+00	8.264043e+00	7.583091e+00	6.969366e+00
6.413052e+00	5.905926e+00	5.440100e+00	5.006698e+00	4.594868e+00	4.196108e+00
3.806303e+00	3.419722e+00	3.026905e+00	2.610317e+00	2.149229e+00	1.895103e+00
1.619488e+00	1.377750e+00	1.119352e+00	1.056309e+00	1.024046e+00	1.020965e+00
1.012579e+00	1.010808e+00	1.013167e+00	1.014671e+00	1.358506e+01	1.277295e+01
1.204529e+01	1.146029e+01	1.096226e+01	1.002379e+01	9.191660e+00	8.441976e+00
7.765729e+00	7.153977e+00	6.599566e+00	6.094814e+00	5.631533e+00	5.200308e+00
4.789437e+00	4.389694e+00	3.996697e+00	3.604199e+00	3.201136e+00	2.765895e+00
2.272309e+00	1.994556e+00	1.688739e+00	1.417728e+00	1.118996e+00	1.042336e+00
1.007455e+00	1.004713e+00	9.945984e-01	9.923409e-01	9.957007e-01	9.966599e-01
1.363952e+01	1.282759e+01	1.210676e+01	1.153724e+01	1.105781e+01	1.014829e+01
9.337870e+00	8.605357e+00	7.942529e+00	7.340760e+00	6.793041e+00	6.292272e+00
5.830950e+00	5.400358e+00	4.989541e+00	4.589459e+00	4.195145e+00	3.799215e+00
3.388426e+00	2.936783e+00	2.411619e+00	2.109262e+00	1.769579e+00	1.464957e+00
1.121221e+00	1.032144e+00	9.926018e-01	9.897586e-01	9.779841e-01	9.753338e-01
9.796796e-01	9.797298e-01	1.367425e+01	1.286603e+01	1.215440e+01	1.160301e+01
1.114422e+01	1.026415e+01	9.476330e+00	8.761499e+00	8.112489e+00	7.521345e+00
6.981675e+00	6.486917e+00	6.030037e+00	5.602769e+00	5.194564e+00	4.796406e+00
4.402781e+00	4.005214e+00	3.588331e+00	3.121488e+00	2.564996e+00	2.237564e+00
1.863084e+00	1.522187e+00	1.130481e+00	1.026364e+00	9.787442e-01	9.755853e-01
9.632134e-01	9.602946e-01	9.646339e-01	9.639041e-01	1.368903e+01	1.288642e+01
1.218610e+01	1.165492e+01	1.121855e+01	1.036936e+01	9.606204e+00	8.910771e+00
8.277059e+00	7.697856e+00	7.167451e+00	6.679891e+00	6.228736e+00	5.806330e+00
5.402740e+00	5.009107e+00	4.619238e+00	4.223238e+00	3.802829e+00	3.321128e+00
2.730174e+00	2.375209e+00	1.963937e+00	1.586630e+00	1.152651e+00	1.032371e+00
9.600810e-01	9.568808e-01	9.531721e-01	9.507797e-01	9.466867e-01	9.491022e-01
1.369720e+01	1.289983e+01	1.221039e+01	1.169886e+01	1.128426e+01	1.046524e+01
9.726750e+00	9.051314e+00	8.433904e+00	7.867962e+00	7.348393e+00	6.869771e+00
6.426206e+00	6.010561e+00	5.613463e+00	5.226191e+00	4.841933e+00	4.449504e+00
4.027795e+00	3.533669e+00	2.910225e+00	2.527861e+00	2.078530e+00	1.661488e+00
1.179701e+00	1.040681e+00	9.459182e-01	9.417084e-01	9.429553e-01	9.408679e-01
9.310007e-01	9.354570e-01	1.370230e+01	1.290941e+01	1.222952e+01	1.173563e+01
1.134063e+01	1.054925e+01	9.833966e+00	9.178226e+00	8.577665e+00	8.026233e+00
7.519300e+00	7.051807e+00	6.618253e+00	6.211789e+00	5.823345e+00	5.444210e+00
5.067136e+00	4.680062e+00	4.259728e+00	3.757975e+00	3.108765e+00	2.701521e+00
2.213728e+00	1.751764e+00	1.209322e+00	1.050025e+00	9.383563e-01	9.317864e-01
9.314364e-01	9.292164e-01	9.189926e-01	9.232045e-01	1.372057e+01	1.292921e+01
1.225563e+01	1.177302e+01	1.139090e+01	1.061926e+01	9.921933e+00	9.283215e+00
8.698776e+00	8.162784e+00	7.670669e+00	7.217412e+00	6.797426e+00	6.403638e+00
6.026456e+00	5.656809e+00	5.287557e+00	4.906729e+00	4.491018e+00	3.991379e+00
3.331954e+00	2.904130e+00	2.372298e+00	1.854676e+00	1.241242e+00	1.061859e+00
9.381121e-01	9.265731e-01	9.187494e-01	9.167319e-01	9.106117e-01	9.122142e-01
1.374164e+01	1.294893e+01	1.227849e+01	1.180531e+01	1.143497e+01	1.068160e+01
1.000106e+01	9.378756e+00	8.810325e+00	8.290152e+00	7.813682e+00	7.375893e+00
6.971020e+00	6.591636e+00	6.227377e+00	5.868666e+00	5.508602e+00	5.135603e+00
4.727021e+00	4.234508e+00	3.572866e+00	3.127533e+00	2.550234e+00	1.971374e+00
1.277769e+00	1.076866e+00	9.379681e-01	9.224439e-01	9.064834e-01	9.047070e-01
9.034546e-01	9.021526e-01	1.373997e+01	1.294858e+01	1.228081e+01	1.182047e+01
1.146670e+01	1.073593e+01	1.007497e+01	9.470686e+00	8.919081e+00	8.414900e+00
7.953807e+00	7.530964e+00	7.140707e+00	6.775612e+00	6.425099e+00	6.079352e+00
5.731419e+00	5.369477e+00	4.970188e+00	4.483010e+00	3.814352e+00	3.353047e+00
2.740332e+00	2.109022e+00	1.328178e+00	1.099090e+00	9.371975e-01	9.171249e-01
8.976801e-01	8.958537e-01	8.961569e-01	8.933904e-01	1.371411e+01	1.293067e+01
1.227427e+01	1.182772e+01	1.148845e+01	1.078146e+01	1.014146e+01	9.556125e+00
9.021796e+00	8.533618e+00	8.087600e+00	7.679233e+00	7.303177e+00	6.952315e+00
6.616325e+00	6.285437e+00	5.952472e+00	5.604890e+00	5.217449e+00	4.734682e+00
4.055699e+00	3.580793e+00	2.944347e+00	2.273432e+00	1.400750e+00	1.135302e+00
9.354904e-01	9.111510e-01	8.911996e-01	8.891942e-01	8.888595e-01	8.858781e-01
1.367697e+01	1.290208e+01	1.225749e+01	1.182266e+01	1.149497e+01	1.081488e+01
1.019677e+01	9.630788e+00	9.113880e+00	8.641682e+00	8.210607e+00	7.816570e+00
7.454664e+00	7.118211e+00	6.797400e+00	6.482711e+00	6.166773e+00	5.836343e+00
5.464174e+00	4.989323e+00	4.302731e+00	3.814918e+00	3.154881e+00	2.445658e+00
1.485712e+00	1.183220e+00	9.371926e-01	9.070213e-01	8.849066e-01	8.827994e-01
8.801975e-01	8.792604e-01	1.362869e+01	1.286256e+01	1.222849e+01	1.180903e+01
1.149851e+01	1.084236e+01	1.024557e+01	9.698674e+00	9.199019e+00	8.742670e+00
8.326438e+00	7.946686e+00	7.598994e+00	7.277204e+00	6.972168e+00	6.674773e+00
6.377528e+00	6.066545e+00	5.712519e+00	5.248587e+00	4.557006e+00	4.057523e+00
3.375461e+00	2.630031e+00	1.585093e+00	1.244420e+00	9.432302e-01	9.037173e-01
8.789162e-01	8.767292e-01	8.710108e-01	8.732664e-01	1.359750e+01	1.283648e+01
1.220938e+01	1.180175e+01	1.150294e+01	1.086602e+01	1.028661e+01	9.756067e+00
9.271970e+00	8.830671e+00	8.429211e+00	8.064211e+00	7.731538e+00	7.425317e+00
7.136680e+00	6.856750e+00	6.578216e+00	6.287157e+00	5.953461e+00	5.506982e+00
4.822217e+00	4.316981e+00	3.615550e+00	2.831787e+00	1.692777e+00	1.310052e+00
9.519074e-01	9.034002e-01	8.728237e-01	8.703947e-01	8.647539e-01	8.680468e-01
1.358054e+01	1.282170e+01	1.219846e+01	1.179902e+01	1.150869e+01	1.088552e+01
1.031944e+01	9.802306e+00	9.331773e+00	8.904391e+00	8.517317e+00	8.167262e+00
7.850187e+00	7.560212e+00	7.288253e+00	7.025377e+00	6.764777e+00	6.493242e+00
6.181527e+00	5.760200e+00	5.098604e+00	4.596346e+00	3.878909e+00	3.053286e+00
1.809660e+00	1.381054e+00	9.686128e-01	9.084200e-01	8.661075e-01	8.631901e-01
8.606615e-01	8.636388e-01	1.356976e+01	1.281422e+01	1.219581e+01	1.180120e+01
1.151809e+01	1.090636e+01	1.035104e+01	9.844843e+00	9.385426e+00	8.969562e+00
8.594528e+00	8.257264e+00	7.953927e+00	7.678920e+00	7.423349e+00	7.178605e+00
6.938434e+00	6.690301e+00	6.404720e+00	6.008282e+00	5.366718e+00	4.874036e+00
4.164028e+00	3.316726e+00	1.947666e+00	1.456176e+00	9.796565e-01	9.113050e-01
8.658787e-01	8.626661e-01	8.597531e-01	8.597726e-01	1.355536e+01	1.280522e+01
1.219286e+01	1.180471e+01	1.152828e+01	1.092825e+01	1.038290e+01	9.886096e+00
9.435709e+00	9.029033e+00	8.663852e+00	8.337507e+00	8.046507e+00	7.785804e+00
7.547114e+00	7.322171e+00	7.104239e+00	6.879214e+00	6.616257e+00	6.242842e+00
5.627602e+00	5.152435e+00	4.463313e+00	3.606432e+00	2.106515e+00	1.541916e+00
9.903830e-01	9.140307e-01	8.669629e-01	8.634852e-01	8.589310e-01	8.564277e-01
1.350944e+01	1.277452e+01	1.217613e+01	1.179977e+01	1.153350e+01	1.094953e+01
1.041629e+01	9.928895e+00	9.486215e+00	9.086862e+00	8.729977e+00	8.413447e+00
8.134330e+00	7.888302e+00	7.668013e+00	7.465032e+00	7.269765e+00	7.061768e+00
6.808943e+00	6.457024e+00	5.889463e+00	5.439658e+00	4.756916e+00	3.874008e+00
2.276848e+00	1.653285e+00	1.016638e+00	9.242381e-01	8.651430e-01	8.616024e-01
8.537758e-01	8.536087e-01	1.349357e+01	1.276724e+01	1.217663e+01	1.180589e+01
1.154483e+01	1.097020e+01	1.044511e+01	9.965532e+00	9.530476e+00	9.138974e+00
8.790488e+00	8.483239e+00	8.214617e+00	7.980692e+00	7.774658e+00	7.588714e+00
7.414009e+00	7.230926e+00	7.007344e+00	6.686560e+00	6.149612e+00	5.714600e+00
5.043789e+00	4.158196e+00	2.477335e+00	1.777215e+00	1.043626e+00	9.367869e-01
8.655725e-01	8.596786e-01	8.529471e-01	8.513794e-01	1.348156e+01	1.276158e+01
1.217684e+01	1.181140e+01	1.155360e+01	1.098601e+01	1.046839e+01	9.996599e+00
9.569474e+00	9.185956e+00	8.845362e+00	8.546230e+00	8.286448e+00	8.062742e+00
7.869259e+00	7.699156e+00	7.544281e+00	7.385669e+00	7.191786e+00	6.905072e+00
6.403221e+00	5.985430e+00	5.332239e+00	4.451426e+00	2.693274e+00	1.912973e+00
1.076166e+00	9.535471e-01	8.661765e-01	8.578938e-01	8.512250e-01	8.492596e-01
1.347100e+01	1.275710e+01	1.217674e+01	1.181459e+01	1.155910e+01	1.099753e+01
1.048664e+01	1.002214e+01	9.602690e+00	9.226816e+00	8.893345e+00	8.601076e+00
8.348491e+00	8.133191e+00	7.950656e+00	7.795151e+00	7.658718e+00	7.521845e+00
7.353764e+00	7.101629e+00	6.643500e+00	6.248274e+00	5.618435e+00	4.746478e+00
2.919787e+00	2.062633e+00	1.118085e+00	9.771940e-01	8.669598e-01	8.566271e-01
8.470910e-01	8.472430e-01	1.345788e+01	1.275670e+01	1.218219e+01	1.182536e+01
1.157285e+01	1.101543e+01	1.050714e+01	1.004628e+01	9.631605e+00	9.261607e+00
8.934864e+00	8.649965e+00	8.405128e+00	8.198074e+00	8.025263e+00	7.881905e+00
7.760639e+00	7.642632e+00	7.499109e+00	7.282172e+00	6.872577e+00	6.503502e+00
5.895500e+00	5.034389e+00	3.165855e+00	2.236186e+00	1.165787e+00	1.002327e+00
8.692635e-01	8.571203e-01	8.457294e-01	8.456845e-01	1.344568e+01	1.275648e+01
1.219310e+01	1.184066e+01	1.159003e+01	1.103485e+01	1.052756e+01	1.006915e+01
9.658244e+00	9.293308e+00	8.972724e+00	8.694827e+00	8.457448e+00	8.258206e+00
8.094174e+00	7.961368e+00	7.853515e+00	7.753587e+00	7.635320e+00	7.454205e+00
7.094135e+00	6.753355e+00	6.170117e+00	5.324284e+00	3.428453e+00	2.430585e+00
1.219895e+00	1.030183e+00	8.730926e-01	8.582084e-01	8.448289e-01	8.443447e-01
1.344047e+01	1.275820e+01	1.220292e+01	1.185179e+01	1.160068e+01	1.104845e+01
1.054504e+01	1.009057e+01	9.683680e+00	9.323045e+00	9.007102e+00	8.734366e+00
8.502907e+00	8.310358e+00	8.153298e+00	8.028110e+00	7.931203e+00	7.850835e+00
7.763909e+00	7.619646e+00	7.300183e+00	6.986825e+00	6.439489e+00	5.619620e+00
3.695662e+00	2.642230e+00	1.283403e+00	1.063366e+00	8.777685e-01	8.594303e-01
8.442537e-01	8.432294e-01	1.343792e+01	1.276394e+01	1.221223e+01	1.186041e+01
1.160766e+01	1.105831e+01	1.055992e+01	1.011006e+01	9.707079e+00	9.349942e+00
9.037375e+00	8.768369e+00	8.541577e+00	8.354688e+00	8.203151e+00	8.083458e+00
7.995436e+00	7.934331e+00	7.881259e+00	7.773453e+00	7.487728e+00	7.201004e+00
6.697891e+00	5.913850e+00	3.966046e+00	2.872873e+00	1.360069e+00	1.104412e+00
8.844216e-01	8.611532e-01	8.438913e-01	8.423281e-01	1.341918e+01	1.275902e+01
1.221767e+01	1.186923e+01	1.161511e+01	1.106841e+01	1.057308e+01	1.012615e+01
9.726084e+00	9.371919e+00	9.062531e+00	8.797095e+00	8.574515e+00	8.392682e+00
8.246959e+00	8.134184e+00	8.055572e+00	8.009070e+00	7.978306e+00	7.900979e+00
7.657504e+00	7.400775e+00	6.937865e+00	6.192446e+00	4.252622e+00	3.113521e+00
1.446561e+00	1.153653e+00	8.930213e-01	8.637122e-01	8.436807e-01	8.416087e-01
1.337360e+01	1.274294e+01	1.222171e+01	1.187786e+01	1.162238e+01	1.107815e+01
1.058499e+01	1.014028e+01	9.742651e+00	9.391126e+00	9.084681e+00	8.822581e+00
8.603858e+00	8.426653e+00	8.286649e+00	8.181158e+00	8.111919e+00	8.077638e+00
8.064062e+00	8.014139e+00	7.815799e+00	7.590741e+00	7.167029e+00	6.463452e+00
4.554398e+00	3.367490e+00	1.543988e+00	1.211464e+00	9.038125e-01	8.672750e-01
8.435269e-01	8.409942e-01	1.332672e+01	1.272584e+01	1.222384e+01	1.188523e+01
1.162747e+01	1.108542e+01	1.059430e+01	1.015172e+01	9.756382e+00	9.407338e+00
9.103649e+00	8.844648e+00	8.629449e+00	8.456372e+00	8.321312e+00	8.222009e+00
8.160832e+00	8.137535e+00	8.140125e+00	8.115872e+00	7.959644e+00	7.765363e+00
7.382380e+00	6.725251e+00	4.861140e+00	3.634727e+00	1.653040e+00	1.276748e+00
9.165093e-01	8.716542e-01	8.435444e-01	8.404902e-01	1.327753e+01	1.270674e+01
1.222495e+01	1.189167e+01	1.163083e+01	1.109026e+01	1.060091e+01	1.016027e+01
9.767090e+00	9.420416e+00	9.119364e+00	8.863288e+00	8.651295e+00	8.481760e+00
8.350591e+00	8.255942e+00	8.201133e+00	8.187675e+00	8.206342e+00	8.206430e+00
8.087084e+00	7.920982e+00	7.579120e+00	6.972655e+00	5.167680e+00	3.913147e+00
1.777635e+00	1.353009e+00	9.326276e-01	8.776686e-01	8.441610e-01	8.401014e-01
1.321747e+01	1.267957e+01	1.222158e+01	1.189318e+01	1.163244e+01	1.109691e+01
1.061084e+01	1.017217e+01	9.779907e+00	9.433600e+00	9.133018e+00	8.877899e+00
8.667801e+00	8.501773e+00	8.376606e+00	8.290558e+00	8.245048e+00	8.237283e+00
8.256648e+00	8.268476e+00	8.195066e+00	8.066630e+00	7.768357e+00	7.206571e+00
5.468961e+00	4.204356e+00	1.918132e+00	1.437683e+00	9.506154e-01	8.863179e-01
8.448898e-01	8.396841e-01	1.315567e+01	1.264975e+01	1.221431e+01	1.189385e+01
1.163322e+01	1.110168e+01	1.061774e+01	1.018035e+01	9.788941e+00	9.443247e+00
9.143389e+00	8.889328e+00	8.681018e+00	8.518171e+00	8.398616e+00	8.320778e+00
8.283933e+00	8.280278e+00	8.297763e+00	8.318193e+00	8.287568e+00	8.196585e+00
7.942978e+00	7.426056e+00	5.762376e+00	4.503825e+00	2.075855e+00	1.533513e+00
9.721283e-01	8.969866e-01	8.459147e-01	8.392003e-01	1.311235e+01	1.263151e+01
1.221300e+01	1.189679e+01	1.163378e+01	1.110227e+01	1.061795e+01	1.018095e+01
9.790843e+00	9.447212e+00	9.150018e+00	8.898976e+00	8.693637e+00	8.533360e+00
8.416060e+00	8.340514e+00	8.307025e+00	8.309630e+00	8.338573e+00	8.375869e+00
8.371208e+00	8.303905e+00	8.092823e+00	7.631496e+00	6.048223e+00	4.803458e+00
2.250067e+00	1.644561e+00	1.000432e+00	9.066972e-01	8.477790e-01	8.386626e-01
1.307947e+01	1.261865e+01	1.221375e+01	1.190057e+01	1.163589e+01	1.110547e+01
1.062197e+01	1.018592e+01	9.796876e+00	9.454498e+00	9.158765e+00	8.909378e+00
8.705842e+00	8.547510e+00	8.432537e+00	8.359972e+00	8.330494e+00	8.338710e+00
8.375998e+00	8.426765e+00	8.446665e+00	8.401536e+00	8.229458e+00	7.821209e+00
6.327286e+00	5.106984e+00	2.448848e+00	1.767903e+00	1.032141e+00	9.212589e-01
8.501181e-01	8.383590e-01	1.305180e+01	1.260828e+01	1.221500e+01	1.190452e+01
1.163840e+01	1.110917e+01	1.062678e+01	1.019165e+01	9.803413e+00	9.461884e+00
9.167161e+00	8.918990e+00	8.716896e+00	8.560239e+00	8.447378e+00	8.377536e+00
8.351683e+00	8.364838e+00	8.409356e+00	8.472079e+00	8.513965e+00	8.488771e+00
8.353118e+00	7.996964e+00	6.598926e+00	5.412285e+00	2.666301e+00	1.904479e+00
1.068377e+00	9.388206e-01	8.530653e-01	8.382989e-01	1.302869e+01	1.260001e+01
1.221682e+01	1.190841e+01	1.164089e+01	1.111254e+01	1.063097e+01	1.019660e+01
9.809179e+00	9.468425e+00	9.174529e+00	8.927339e+00	8.726457e+00	8.571251e+00
8.460222e+00	8.392662e+00	8.369808e+00	8.387103e+00	8.437799e+00	8.510898e+00
8.571661e+00	8.563673e+00	8.460982e+00	8.154639e+00	6.856669e+00	5.712514e+00
2.900844e+00	2.056885e+00	1.111364e+00	9.602827e-01	8.570101e-01	8.383844e-01
1.300924e+01	1.259379e+01	1.221955e+01	1.191339e+01	1.164427e+01	1.111666e+01
1.063602e+01	1.020250e+01	9.815589e+00	9.475284e+00	9.181880e+00	8.935335e+00
8.735468e+00	8.581681e+00	8.472291e+00	8.406539e+00	8.385995e+00	8.406757e+00
8.462988e+00	8.545193e+00	8.621255e+00	8.627539e+00	8.555560e+00	8.299247e+00
7.099071e+00	6.000333e+00	3.154207e+00	2.228895e+00	1.161624e+00	9.860546e-01
8.616576e-01	8.383123e-01	1.299123e+01	1.258803e+01	1.222209e+01	1.191770e+01
1.164728e+01	1.112018e+01	1.064032e+01	1.020749e+01	9.821082e+00	9.481241e+00
9.188327e+00	8.942368e+00	8.743355e+00	8.590752e+00	8.482803e+00	8.418769e+00
8.400407e+00	8.424257e+00	8.485224e+00	8.575491e+00	8.665964e+00	8.685601e+00
8.640999e+00	8.430212e+00	7.333844e+00	6.289457e+00	3.423381e+00	2.417029e+00
1.218767e+00	1.016416e+00	8.671169e-01	8.381530e-01	1.297205e+01	1.258025e+01
1.222158e+01	1.191802e+01	1.164697e+01	1.112018e+01	1.064068e+01	1.020821e+01
9.822572e+00	9.483611e+00	9.191611e+00	8.946489e+00	8.748022e+00	8.595811e+00
8.488839e+00	8.426858e+00	8.411239e+00	8.437769e+00	8.501392e+00	8.597685e+00
8.705024e+00	8.739413e+00	8.712005e+00	8.527612e+00	7.560325e+00	6.599283e+00
3.691663e+00	2.610503e+00	1.284364e+00	1.054686e+00	8.741799e-01	8.379656e-01
1.295266e+01	1.257073e+01	1.221863e+01	1.191691e+01	1.164447e+01	1.111848e+01
1.063977e+01	1.020814e+01	9.822993e+00	9.484654e+00	9.193412e+00	8.949027e+00
8.750923e+00	8.598814e+00	8.492511e+00	8.432365e+00	8.419393e+00	8.448164e+00
8.513270e+00	8.614084e+00	8.738176e+00	8.787349e+00	8.770177e+00	8.600821e+00
7.772446e+00	6.919706e+00	3.957991e+00	2.810733e+00	1.361732e+00	1.104721e+00
8.835761e-01	8.377059e-01	1.293576e+01	1.256368e+01	1.221850e+01	1.191730e+01
1.164456e+01	1.111883e+01	1.064034e+01	1.020890e+01	9.824413e+00	9.486456e+00
9.195705e+00	8.951835e+00	8.754178e+00	8.602524e+00	8.497166e+00	8.439071e+00
8.427961e+00	8.458481e+00	8.524401e+00	8.629096e+00	8.765063e+00	8.826291e+00
8.823628e+00	8.675418e+00	7.954020e+00	7.199842e+00	4.246291e+00	3.034625e+00
1.448835e+00	1.159626e+00	8.927389e-01	8.373767e-01	1.292083e+01	1.255784e+01
1.221867e+01	1.191878e+01	1.164524e+01	1.111991e+01	1.064181e+01	1.021073e+01
9.826558e+00	9.488674e+00	9.198185e+00	8.954683e+00	8.757523e+00	8.606538e+00
8.502157e+00	8.445793e+00	8.436040e+00	8.468082e+00	8.534967e+00	8.643257e+00
8.788430e+00	8.859901e+00	8.872886e+00	8.749095e+00	8.118818e+00	7.457520e+00
4.554026e+00	3.281812e+00	1.546532e+00	1.220262e+00	9.022488e-01	8.370207e-01
1.291749e+01	1.255713e+01	1.221961e+01	1.192081e+01	1.164590e+01	1.112004e+01
1.064200e+01	1.021112e+01	9.827173e+00	9.490274e+00	9.200472e+00	8.957559e+00
8.761069e+00	8.610710e+00	8.506130e+00	8.447532e+00	8.437671e+00	8.472247e+00
8.548327e+00	8.663107e+00	8.809913e+00	8.881530e+00	8.911826e+00	8.826255e+00
8.275565e+00	7.652878e+00	4.874578e+00	3.559723e+00	1.655036e+00	1.283658e+00
9.141878e-01	8.369672e-01	1.292216e+01	1.256381e+01	1.222608e+01	1.192441e+01
1.164652e+01	1.111812e+01	1.063950e+01	1.020941e+01	9.826907e+00	9.491227e+00
9.202497e+00	8.960486e+00	8.764954e+00	8.615164e+00	8.508992e+00	8.446827e+00
8.433229e+00	8.473355e+00	8.567222e+00	8.695586e+00	8.829428e+00	8.893474e+00
8.940409e+00	8.909920e+00	8.422967e+00	7.785005e+00	5.206687e+00	3.880440e+00
1.777164e+00	1.349021e+00	9.307452e-01	8.373963e-01	1.292123e+01	1.256470e+01
1.222918e+01	1.192725e+01	1.164766e+01	1.111831e+01	1.063958e+01	1.020973e+01
9.827633e+00	9.492990e+00	9.205084e+00	8.963586e+00	8.768587e+00	8.619155e+00
8.512302e+00	8.448043e+00	8.433875e+00	8.476567e+00	8.579093e+00	8.713103e+00
8.846788e+00	8.909596e+00	8.968597e+00	8.968619e+00	8.551710e+00	7.947267e+00
5.522597e+00	4.186292e+00	1.922847e+00	1.430857e+00	9.496823e-01	8.376176e-01
1.290992e+01	1.256062e+01	1.222918e+01	1.192828e+01	1.164920e+01	1.112083e+01
1.064212e+01	1.021231e+01	9.830101e+00	9.494976e+00	9.206668e+00	8.965203e+00
8.770322e+00	8.621363e+00	8.516064e+00	8.454089e+00	8.441464e+00	8.484124e+00
8.582598e+00	8.716825e+00	8.857674e+00	8.929598e+00	8.997733e+00	9.011290e+00
8.660149e+00	8.129589e+00	5.822768e+00	4.478850e+00	2.094004e+00	1.531474e+00
9.719337e-01	8.376564e-01	1.288100e+01	1.254388e+01	1.222200e+01	1.192673e+01
1.165037e+01	1.112503e+01	1.064648e+01	1.021570e+01	9.832241e+00	9.495905e+00
9.206688e+00	8.964723e+00	8.769814e+00	8.621794e+00	8.519830e+00	8.463776e+00
8.456044e+00	8.494210e+00	8.575504e+00	8.700745e+00	8.861376e+00	8.948167e+00
9.027575e+00	9.049123e+00	8.749768e+00	8.289043e+00	6.116997e+00	4.777697e+00
2.281758e+00	1.645747e+00	9.988514e-01	8.374648e-01	1.287741e+01	1.254362e+01
1.222404e+01	1.192919e+01	1.165245e+01	1.112744e+01	1.064871e+01	1.021790e+01
9.834479e+00	9.498167e+00	9.209010e+00	8.967323e+00	8.772721e+00	8.625015e+00
8.523409e+00	8.467572e+00	8.460132e+00	8.498788e+00	8.580658e+00	8.707836e+00
8.872194e+00	8.962210e+00	9.047718e+00	9.081465e+00	8.836104e+00	8.431096e+00
6.400915e+00	5.082812e+00	2.485763e+00	1.789319e+00	1.030195e+00	8.377767e-01
1.287453e+01	1.254302e+01	1.222475e+01	1.193009e+01	1.165295e+01	1.112805e+01
1.065050e+01	1.022017e+01	9.836899e+00	9.500534e+00	9.211205e+00	8.968982e+00
8.774007e+00	8.626316e+00	8.524773e+00	8.469578e+00	8.462954e+00	8.502567e+00
8.586290e+00	8.714027e+00	8.880662e+00	8.973956e+00	9.064443e+00	9.108538e+00
8.915278e+00	8.555006e+00	6.670388e+00	5.394362e+00	2.707422e+00	1.945029e+00
1.066513e+00	8.378801e-01	1.287148e+01	1.254052e+01	1.222288e+01	1.192813e+01
1.165099e+01	1.112791e+01	1.065203e+01	1.022277e+01	9.839580e+00	9.502618e+00
9.212414e+00	8.969347e+00	8.773837e+00	8.626094e+00	8.524998e+00	8.470600e+00
8.465189e+00	8.506035e+00	8.590338e+00	8.716948e+00	8.885134e+00	8.983749e+00
9.078633e+00	9.130471e+00	8.986039e+00	8.659829e+00	6.920432e+00	5.709986e+00
2.947992e+00	2.107013e+00	1.109550e+00	8.375305e-01	