1.468370e-01	1.520242e-01	1.572584e-01	1.625506e-01	1.678752e-01	1.785777e-01
1.893785e-01	2.002075e-01	2.111430e-01	2.223531e-01	2.341198e-01	2.467858e-01
2.609807e-01	2.778453e-01	2.994116e-01	3.270625e-01	3.582482e-01	3.834200e-01
3.925461e-01	3.916285e-01	3.934680e-01	4.022405e-01	4.287008e-01	4.608011e-01
4.416783e-01	4.228998e-01	4.309542e-01	4.354151e-01	4.346795e-01	4.335303e-01
4.350788e-01	4.337975e-01	1.671374e-01	1.728572e-01	1.786257e-01	1.844563e-01
1.903224e-01	2.021157e-01	2.140213e-01	2.259665e-01	2.380354e-01	2.504061e-01
2.633760e-01	2.773047e-01	2.928503e-01	3.112035e-01	3.344771e-01	3.640724e-01
3.972596e-01	4.240696e-01	4.341120e-01	4.336196e-01	4.358347e-01	4.449955e-01
4.723517e-01	5.053657e-01	4.859166e-01	4.667067e-01	4.749900e-01	4.795520e-01
4.787784e-01	4.776027e-01	4.792093e-01	4.778991e-01	1.902444e-01	1.965451e-01
2.028964e-01	2.093141e-01	2.157710e-01	2.287563e-01	2.418708e-01	2.550397e-01
2.683529e-01	2.819983e-01	2.962882e-01	3.115976e-01	3.286118e-01	3.485668e-01
3.736492e-01	4.052702e-01	4.405192e-01	4.690289e-01	4.800793e-01	4.801130e-01
4.827632e-01	4.922950e-01	5.204471e-01	5.542402e-01	5.345858e-01	5.150514e-01
5.235255e-01	5.281630e-01	5.273511e-01	5.261554e-01	5.278160e-01	5.264843e-01
2.165461e-01	2.234791e-01	2.304647e-01	2.375217e-01	2.446224e-01	2.589083e-01
2.733441e-01	2.878535e-01	3.025318e-01	3.175764e-01	3.333131e-01	3.501314e-01
3.687402e-01	3.904159e-01	4.174090e-01	4.511300e-01	4.884895e-01	5.187546e-01
5.309140e-01	5.315915e-01	5.347447e-01	5.446221e-01	5.734396e-01	6.078414e-01
5.881296e-01	5.684040e-01	5.770205e-01	5.817016e-01	5.808517e-01	5.796440e-01
5.813530e-01	5.800088e-01	2.464839e-01	2.541040e-01	2.617789e-01	2.695307e-01
2.773317e-01	2.930346e-01	3.089129e-01	3.248891e-01	3.410640e-01	3.576432e-01
3.749648e-01	3.934305e-01	4.137689e-01	4.372894e-01	4.662937e-01	5.021792e-01
5.416836e-01	5.737523e-01	5.871315e-01	5.885897e-01	5.923234e-01	6.025111e-01
6.318279e-01	6.666264e-01	6.470364e-01	6.272832e-01	6.359817e-01	6.406672e-01
6.397799e-01	6.385702e-01	6.403202e-01	6.389749e-01	2.805607e-01	2.889257e-01
2.973479e-01	3.058533e-01	3.144146e-01	3.316590e-01	3.491100e-01	3.666898e-01
3.845038e-01	4.027649e-01	4.218214e-01	4.420842e-01	4.642962e-01	4.897906e-01
5.209035e-01	5.590050e-01	6.006702e-01	6.345807e-01	6.493017e-01	6.516993e-01
6.561018e-01	6.665533e-01	6.961613e-01	7.310966e-01	7.118433e-01	6.922616e-01
7.009677e-01	7.056100e-01	7.046865e-01	7.034868e-01	7.052686e-01	7.039357e-01
3.193487e-01	3.285192e-01	3.377498e-01	3.470709e-01	3.564560e-01	3.753744e-01
3.945378e-01	4.138687e-01	4.334764e-01	4.535794e-01	4.745333e-01	4.967547e-01
5.209938e-01	5.485951e-01	5.819089e-01	6.222611e-01	6.660801e-01	7.018580e-01
7.180550e-01	7.215756e-01	7.267476e-01	7.374026e-01	7.670453e-01	8.018018e-01
7.831411e-01	7.639709e-01	7.725940e-01	7.771360e-01	7.761780e-01	7.750027e-01
7.768048e-01	7.755007e-01	3.634992e-01	3.735386e-01	3.836412e-01	3.938429e-01
4.041188e-01	4.248519e-01	4.458769e-01	4.671177e-01	4.886864e-01	5.108048e-01
5.338323e-01	5.581859e-01	5.846149e-01	6.144596e-01	6.500590e-01	6.926753e-01
7.386129e-01	7.762680e-01	7.940885e-01	7.989442e-01	8.050002e-01	8.157826e-01
8.451468e-01	8.793450e-01	8.615802e-01	8.431083e-01	8.515393e-01	8.559123e-01
8.549224e-01	8.537890e-01	8.555970e-01	8.543412e-01	4.137536e-01	4.247273e-01
4.357681e-01	4.469181e-01	4.581549e-01	4.808510e-01	5.038964e-01	5.272178e-01
5.509282e-01	5.752501e-01	6.005414e-01	6.272142e-01	6.560051e-01	6.882320e-01
7.261904e-01	7.710573e-01	8.190441e-01	8.585668e-01	8.781731e-01	8.846083e-01
8.916786e-01	9.024939e-01	9.312006e-01	9.643875e-01	9.478756e-01	9.304433e-01
9.385515e-01	9.426740e-01	9.416555e-01	9.405845e-01	9.423811e-01	9.411971e-01
4.709557e-01	4.829307e-01	4.949777e-01	5.071459e-01	5.194162e-01	5.442312e-01
5.694657e-01	5.950504e-01	6.210975e-01	6.478260e-01	6.755866e-01	7.047788e-01
7.361132e-01	7.708614e-01	8.112379e-01	8.583090e-01	9.082339e-01	9.495909e-01
9.711611e-01	9.794575e-01	9.876901e-01	9.984218e-01	1.026017e+00	1.057655e+00
1.042814e+00	1.026825e+00	1.034455e+00	1.038231e+00	1.037188e+00	1.036204e+00
1.037968e+00	1.036883e+00	5.360662e-01	5.491102e-01	5.622324e-01	5.754901e-01
5.888690e-01	6.159655e-01	6.435672e-01	6.716105e-01	7.002040e-01	7.295584e-01
7.600097e-01	7.919354e-01	8.260036e-01	8.634114e-01	9.062457e-01	9.554339e-01
1.007136e+00	1.050265e+00	1.073996e+00	1.084477e+00	1.094040e+00	1.104546e+00
1.130487e+00	1.159942e+00	1.147262e+00	1.133191e+00	1.140157e+00	1.143473e+00
1.142412e+00	1.141543e+00	1.143250e+00	1.142297e+00	6.101782e-01	6.243587e-01
6.386252e-01	6.530445e-01	6.676086e-01	6.971549e-01	7.273111e-01	7.580209e-01
7.893859e-01	8.216025e-01	8.549826e-01	8.898703e-01	9.268710e-01	9.670730e-01
1.012380e+00	1.063549e+00	1.116808e+00	1.161613e+00	1.187719e+00	1.200756e+00
1.211840e+00	1.221951e+00	1.245594e+00	1.272121e+00	1.262171e+00	1.250574e+00
1.256661e+00	1.259384e+00	1.258311e+00	1.257592e+00	1.259211e+00	1.258427e+00
6.945364e-01	7.099190e-01	7.253979e-01	7.410503e-01	7.568767e-01	7.890458e-01
8.219521e-01	8.555490e-01	8.899265e-01	9.252592e-01	9.618235e-01	9.999164e-01
1.040056e+00	1.083180e+00	1.130945e+00	1.183899e+00	1.238423e+00	1.284765e+00
1.313484e+00	1.329503e+00	1.342325e+00	1.351834e+00	1.372422e+00	1.395149e+00
1.388590e+00	1.380118e+00	1.385069e+00	1.387045e+00	1.385969e+00	1.385438e+00
1.386934e+00	1.386364e+00	7.905572e-01	8.072043e-01	8.239607e-01	8.409160e-01
8.580811e-01	8.930487e-01	9.289082e-01	9.656252e-01	1.003273e+00	1.041994e+00
1.082015e+00	1.123571e+00	1.167062e+00	1.213227e+00	1.263395e+00	1.317867e+00
1.373281e+00	1.420974e+00	1.452566e+00	1.472055e+00	1.486860e+00	1.495524e+00
1.512164e+00	1.530076e+00	1.527670e+00	1.523080e+00	1.526599e+00	1.527646e+00
1.526577e+00	1.526280e+00	1.527613e+00	1.527308e+00	8.998531e-01	9.178213e-01
9.359156e-01	9.542398e-01	9.728179e-01	1.010760e+00	1.049782e+00	1.089864e+00
1.131055e+00	1.173456e+00	1.217227e+00	1.262518e+00	1.309578e+00	1.358888e+00
1.411357e+00	1.466995e+00	1.522824e+00	1.571624e+00	1.606376e+00	1.629891e+00
1.646958e+00	1.654486e+00	1.666134e+00	1.678051e+00	1.680681e+00	1.680851e+00
1.682590e+00	1.682500e+00	1.681451e+00	1.681441e+00	1.682560e+00	1.682580e+00
1.024691e+00	1.043988e+00	1.063439e+00	1.083165e+00	1.103208e+00	1.144288e+00
1.186709e+00	1.230476e+00	1.275602e+00	1.322125e+00	1.370110e+00	1.419587e+00
1.470585e+00	1.523211e+00	1.577772e+00	1.633898e+00	1.689267e+00	1.738835e+00
1.777574e+00	1.806541e+00	1.826645e+00	1.832448e+00	1.836838e+00	1.840173e+00
1.849562e+00	1.856356e+00	1.855700e+00	1.854029e+00	1.852963e+00	1.853348e+00
1.854211e+00	1.854685e+00	1.166488e+00	1.187174e+00	1.208042e+00	1.229236e+00
1.250817e+00	1.295206e+00	1.341228e+00	1.388909e+00	1.438218e+00	1.489119e+00
1.541558e+00	1.595426e+00	1.650495e+00	1.706445e+00	1.762892e+00	1.819058e+00
1.873405e+00	1.923360e+00	1.966128e+00	2.000807e+00	2.024033e+00	2.027852e+00
2.024182e+00	2.018089e+00	2.034975e+00	2.049065e+00	2.045671e+00	2.042258e+00
2.041225e+00	2.042048e+00	2.042579e+00	2.043551e+00	1.325857e+00	1.348129e+00
1.370597e+00	1.393409e+00	1.416648e+00	1.464503e+00	1.514166e+00	1.565663e+00
1.618921e+00	1.673847e+00	1.730292e+00	1.788040e+00	1.846699e+00	1.905675e+00
1.964151e+00	2.021055e+00	2.075173e+00	2.125142e+00	2.169292e+00	2.205952e+00
2.230029e+00	2.232704e+00	2.225140e+00	2.214705e+00	2.236664e+00	2.254808e+00
2.249158e+00	2.244756e+00	2.244084e+00	2.245179e+00	2.245211e+00	2.246445e+00
1.503714e+00	1.527934e+00	1.552330e+00	1.577030e+00	1.602140e+00	1.653721e+00
1.707070e+00	1.762177e+00	1.818931e+00	1.877223e+00	1.936854e+00	1.997560e+00
2.058914e+00	2.120272e+00	2.180753e+00	2.239195e+00	2.294138e+00	2.343779e+00
2.386189e+00	2.420518e+00	2.442975e+00	2.445637e+00	2.439374e+00	2.431174e+00
2.454525e+00	2.472334e+00	2.465340e+00	2.460991e+00	2.461046e+00	2.462174e+00
2.461536e+00	2.462722e+00	1.696761e+00	1.724054e+00	1.751432e+00	1.778959e+00
1.806755e+00	1.863361e+00	1.921171e+00	1.980094e+00	2.039953e+00	2.100590e+00
2.161794e+00	2.223293e+00	2.284759e+00	2.345789e+00	2.406063e+00	2.464861e+00
2.520499e+00	2.570319e+00	2.611558e+00	2.643713e+00	2.665062e+00	2.669318e+00
2.667366e+00	2.663804e+00	2.683283e+00	2.696443e+00	2.690977e+00	2.688000e+00
2.688631e+00	2.689437e+00	2.688310e+00	2.689191e+00	1.907958e+00	1.939390e+00
1.970751e+00	2.001987e+00	2.033226e+00	2.096020e+00	2.158912e+00	2.221694e+00
2.284113e+00	2.345994e+00	2.407205e+00	2.467545e+00	2.526922e+00	2.585418e+00
2.643740e+00	2.701969e+00	2.758121e+00	2.808243e+00	2.848232e+00	2.877803e+00
2.898129e+00	2.905217e+00	2.910318e+00	2.913963e+00	2.925357e+00	2.930389e+00
2.928482e+00	2.927919e+00	2.929106e+00	2.929320e+00	2.927760e+00	2.928121e+00
2.137332e+00	2.173899e+00	2.210117e+00	2.245726e+00	2.280862e+00	2.350189e+00
2.417759e+00	2.483335e+00	2.546808e+00	2.608367e+00	2.668474e+00	2.727098e+00
2.784279e+00	2.840262e+00	2.896134e+00	2.952276e+00	3.006666e+00	3.055072e+00
3.093198e+00	3.121061e+00	3.141135e+00	3.150008e+00	3.159837e+00	3.168582e+00
3.175539e+00	3.175628e+00	3.175214e+00	3.176165e+00	3.178369e+00	3.178323e+00
3.175722e+00	3.175795e+00	2.383019e+00	2.426057e+00	2.468289e+00	2.509123e+00
2.548698e+00	2.624789e+00	2.696182e+00	2.762792e+00	2.825045e+00	2.884121e+00
2.941851e+00	2.998488e+00	3.053982e+00	3.108157e+00	3.161348e+00	3.213390e+00
3.262728e+00	3.306560e+00	3.342177e+00	3.369984e+00	3.391121e+00	3.399964e+00
3.410532e+00	3.420790e+00	3.429333e+00	3.429952e+00	3.427581e+00	3.428503e+00
3.432388e+00	3.432631e+00	3.428093e+00	3.428271e+00	2.647524e+00	2.697312e+00
2.745791e+00	2.791975e+00	2.836024e+00	2.918705e+00	2.993387e+00	3.060149e+00
3.119974e+00	3.175116e+00	3.228812e+00	3.281644e+00	3.333502e+00	3.383983e+00
3.432937e+00	3.479907e+00	3.523711e+00	3.562613e+00	3.595047e+00	3.621696e+00
3.643350e+00	3.652762e+00	3.664360e+00	3.675896e+00	3.685915e+00	3.686798e+00
3.682780e+00	3.683782e+00	3.689124e+00	3.689564e+00	3.683297e+00	3.683523e+00
2.929694e+00	2.986215e+00	3.040883e+00	3.092271e+00	3.140577e+00	3.229233e+00
3.306312e+00	3.372084e+00	3.428081e+00	3.477682e+00	3.525520e+00	3.572561e+00
3.618681e+00	3.663460e+00	3.706567e+00	3.747507e+00	3.785362e+00	3.819015e+00
3.847573e+00	3.871968e+00	3.893543e+00	3.903989e+00	3.916868e+00	3.929482e+00
3.940550e+00	3.941311e+00	3.936197e+00	3.937390e+00	3.943811e+00	3.944337e+00
3.936776e+00	3.936978e+00	3.227619e+00	3.290435e+00	3.350809e+00	3.406845e+00
3.458796e+00	3.552054e+00	3.629971e+00	3.693083e+00	3.743503e+00	3.785763e+00
3.825945e+00	3.865420e+00	3.904085e+00	3.941560e+00	3.977441e+00	4.011281e+00
4.042415e+00	4.070161e+00	4.094158e+00	4.115768e+00	4.136896e+00	4.148111e+00
4.161856e+00	4.175096e+00	4.186805e+00	4.187530e+00	4.181865e+00	4.183145e+00
4.190122e+00	4.190682e+00	4.182527e+00	4.182684e+00	3.542381e+00	3.610458e+00
3.675507e+00	3.735171e+00	3.789736e+00	3.885584e+00	3.962451e+00	4.021119e+00
4.064327e+00	4.097662e+00	4.128535e+00	4.158709e+00	4.188166e+00	4.216691e+00
4.244008e+00	4.269857e+00	4.293757e+00	4.315200e+00	4.334121e+00	4.352382e+00
4.372577e+00	4.384226e+00	4.398203e+00	4.411288e+00	4.423103e+00	4.423922e+00
4.418484e+00	4.419727e+00	4.426508e+00	4.427056e+00	4.419147e+00	4.419285e+00
3.874004e+00	3.945809e+00	4.014034e+00	4.075900e+00	4.131746e+00	4.227805e+00
4.301559e+00	4.353920e+00	4.388209e+00	4.410966e+00	4.430805e+00	4.449875e+00
4.468399e+00	4.486481e+00	4.504061e+00	4.521147e+00	4.537361e+00	4.552122e+00
4.565402e+00	4.579656e+00	4.598263e+00	4.609921e+00	4.623309e+00	4.635226e+00
4.646514e+00	4.647572e+00	4.643199e+00	4.644275e+00	4.650032e+00	4.650484e+00
4.643822e+00	4.643951e+00	4.217167e+00	4.290789e+00	4.360251e+00	4.422332e+00
4.477484e+00	4.570017e+00	4.637408e+00	4.680990e+00	4.704610e+00	4.715501e+00
4.723121e+00	4.729831e+00	4.736041e+00	4.742241e+00	4.748882e+00	4.756512e+00
4.764752e+00	4.772602e+00	4.779752e+00	4.789383e+00	4.805603e+00	4.816563e+00
4.828264e+00	4.837844e+00	4.847794e+00	4.849224e+00	4.846884e+00	4.847634e+00
4.851404e+00	4.851674e+00	4.847424e+00	4.847544e+00	4.566076e+00	4.644397e+00
4.716770e+00	4.778498e+00	4.830456e+00	4.911064e+00	4.962704e+00	4.991685e+00
5.002773e+00	5.002988e+00	5.001137e+00	4.998218e+00	4.992584e+00	4.984123e+00
4.976334e+00	4.972417e+00	4.971910e+00	4.972608e+00	4.973349e+00	4.978636e+00
4.992057e+00	5.000522e+00	5.009115e+00	5.015934e+00	5.023568e+00	5.025353e+00
5.025940e+00	5.026151e+00	5.027090e+00	5.027191e+00	5.026345e+00	5.026414e+00
4.928398e+00	5.010461e+00	5.084489e+00	5.144181e+00	5.190968e+00	5.255451e+00
5.287537e+00	5.299186e+00	5.295968e+00	5.284390e+00	5.272234e+00	5.258931e+00
5.240607e+00	5.216522e+00	5.193486e+00	5.177431e+00	5.167730e+00	5.160808e+00
5.154540e+00	5.154785e+00	5.164555e+00	5.169948e+00	5.174666e+00	5.177948e+00
5.182653e+00	5.184795e+00	5.188790e+00	5.188371e+00	5.185960e+00	5.185859e+00
5.189031e+00	5.189009e+00	5.306714e+00	5.381535e+00	5.448172e+00	5.500564e+00
5.540315e+00	5.591470e+00	5.610008e+00	5.606504e+00	5.586660e+00	5.557495e+00
5.527406e+00	5.496616e+00	5.462647e+00	5.425585e+00	5.391512e+00	5.365519e+00
5.346794e+00	5.331270e+00	5.316482e+00	5.308746e+00	5.312418e+00	5.315509e+00
5.315700e+00	5.313139e+00	5.314098e+00	5.316660e+00	5.324614e+00	5.323533e+00
5.317016e+00	5.316577e+00	5.324654e+00	5.324425e+00	5.694690e+00	5.751614e+00
5.802484e+00	5.842713e+00	5.873454e+00	5.912658e+00	5.921748e+00	5.904301e+00
5.865615e+00	5.814245e+00	5.760706e+00	5.707838e+00	5.656720e+00	5.608788e+00
5.566718e+00	5.532399e+00	5.504810e+00	5.480038e+00	5.455743e+00	5.438180e+00
5.434137e+00	5.435152e+00	5.430366e+00	5.420824e+00	5.417579e+00	5.420506e+00
5.432465e+00	5.430732e+00	5.419916e+00	5.419087e+00	5.432293e+00	5.431810e+00
6.074104e+00	6.118974e+00	6.158187e+00	6.187301e+00	6.207458e+00	6.226652e+00
6.215593e+00	6.176415e+00	6.115080e+00	6.041411e+00	5.967080e+00	5.895811e+00
5.829355e+00	5.769163e+00	5.716777e+00	5.672834e+00	5.636081e+00	5.601964e+00
5.567576e+00	5.540211e+00	5.528322e+00	5.524909e+00	5.510917e+00	5.491464e+00
5.486366e+00	5.488969e+00	5.504503e+00	5.502014e+00	5.486898e+00	5.485736e+00
5.504087e+00	5.503448e+00	6.455948e+00	6.490155e+00	6.518264e+00	6.535348e+00
6.542803e+00	6.535876e+00	6.498295e+00	6.433236e+00	6.347416e+00	6.251450e+00
6.157514e+00	6.069452e+00	5.988489e+00	5.915529e+00	5.851912e+00	5.797769e+00
5.751606e+00	5.708057e+00	5.663545e+00	5.626599e+00	5.606946e+00	5.598718e+00
5.575306e+00	5.546221e+00	5.539954e+00	5.542128e+00	5.560765e+00	5.557579e+00
5.538630e+00	5.537183e+00	5.560124e+00	5.559364e+00	6.875654e+00	6.883982e+00
6.886440e+00	6.878902e+00	6.863125e+00	6.814696e+00	6.743367e+00	6.652744e+00
6.548301e+00	6.437990e+00	6.330714e+00	6.229597e+00	6.135580e+00	6.049063e+00
5.971135e+00	5.901525e+00	5.839034e+00	5.780029e+00	5.722572e+00	5.672318e+00
5.635581e+00	5.620832e+00	5.601536e+00	5.579034e+00	5.553187e+00	5.554135e+00
5.573845e+00	5.570690e+00	5.550819e+00	5.549340e+00	5.573506e+00	5.572619e+00
7.349773e+00	7.306496e+00	7.260747e+00	7.210868e+00	7.158483e+00	7.051904e+00
6.941281e+00	6.827385e+00	6.711687e+00	6.596476e+00	6.483762e+00	6.374831e+00
6.270432e+00	6.170517e+00	6.076108e+00	5.987242e+00	5.904481e+00	5.828323e+00
5.758437e+00	5.695176e+00	5.642765e+00	5.623513e+00	5.610343e+00	5.598936e+00
5.552156e+00	5.539311e+00	5.562045e+00	5.561473e+00	5.542641e+00	5.541660e+00
5.566046e+00	5.563960e+00	7.756934e+00	7.683882e+00	7.609369e+00	7.532703e+00
7.455679e+00	7.306082e+00	7.160665e+00	7.019398e+00	6.881997e+00	6.748022e+00
6.616870e+00	6.489265e+00	6.366234e+00	6.247824e+00	6.135612e+00	6.030061e+00
5.930179e+00	5.840030e+00	5.762329e+00	5.695442e+00	5.638463e+00	5.616965e+00
5.602226e+00	5.589858e+00	5.535730e+00	5.509564e+00	5.534110e+00	5.536253e+00
5.519552e+00	5.518761e+00	5.541399e+00	5.538336e+00	8.115540e+00	8.025820e+00
7.934870e+00	7.841906e+00	7.748780e+00	7.567761e+00	7.391319e+00	7.219220e+00
7.051596e+00	6.888595e+00	6.730577e+00	6.578372e+00	6.433067e+00	6.294674e+00
6.164254e+00	6.043469e+00	5.935888e+00	5.840118e+00	5.756293e+00	5.681473e+00
5.614928e+00	5.587407e+00	5.565125e+00	5.544833e+00	5.479853e+00	5.453500e+00
5.475413e+00	5.479042e+00	5.466679e+00	5.465089e+00	5.480640e+00	5.478124e+00
8.463803e+00	8.359585e+00	8.252870e+00	8.142674e+00	8.031486e+00	7.813919e+00
7.601347e+00	7.395230e+00	7.196044e+00	7.003856e+00	6.819317e+00	6.643450e+00
6.476840e+00	6.319418e+00	6.173589e+00	6.039336e+00	5.917137e+00	5.809791e+00
5.717602e+00	5.635714e+00	5.560980e+00	5.528792e+00	5.501281e+00	5.476251e+00
5.405883e+00	5.376841e+00	5.392200e+00	5.397853e+00	5.392747e+00	5.390833e+00
5.395985e+00	5.393929e+00	8.718220e+00	8.651538e+00	8.571769e+00	8.468883e+00
8.348503e+00	8.083371e+00	7.805380e+00	7.542130e+00	7.297642e+00	7.071067e+00
6.862255e+00	6.671362e+00	6.489952e+00	6.321315e+00	6.168580e+00	6.026782e+00
5.894941e+00	5.776209e+00	5.669912e+00	5.568872e+00	5.469419e+00	5.424644e+00
5.385829e+00	5.357167e+00	5.308057e+00	5.289129e+00	5.281984e+00	5.285068e+00
5.290638e+00	5.290337e+00	5.282244e+00	5.282061e+00	8.996856e+00	8.946391e+00
8.873985e+00	8.765074e+00	8.628341e+00	8.314203e+00	7.979474e+00	7.667362e+00
7.383616e+00	7.125498e+00	6.890076e+00	6.677660e+00	6.489885e+00	6.315976e+00
6.151303e+00	5.997037e+00	5.853194e+00	5.720318e+00	5.597071e+00	5.475661e+00
5.353506e+00	5.297583e+00	5.249191e+00	5.217926e+00	5.185642e+00	5.173120e+00
5.147408e+00	5.149117e+00	5.163349e+00	5.163954e+00	5.144953e+00	5.146154e+00
9.328064e+00	9.247747e+00	9.147079e+00	9.011487e+00	8.849484e+00	8.489083e+00
8.113552e+00	7.765493e+00	7.449786e+00	7.164012e+00	6.905780e+00	6.673051e+00
6.460893e+00	6.264856e+00	6.082491e+00	5.912957e+00	5.755364e+00	5.608351e+00
5.470050e+00	5.336368e+00	5.205677e+00	5.144862e+00	5.091988e+00	5.058555e+00
5.022572e+00	5.002760e+00	4.975798e+00	4.979949e+00	4.996550e+00	4.995860e+00
4.973138e+00	4.974168e+00	9.624849e+00	9.520744e+00	9.397052e+00	9.238082e+00
9.052055e+00	8.643247e+00	8.221180e+00	7.831969e+00	7.474110e+00	7.158800e+00
6.887243e+00	6.639753e+00	6.405227e+00	6.188680e+00	5.987159e+00	5.800205e+00
5.627060e+00	5.465292e+00	5.312652e+00	5.165735e+00	5.023468e+00	4.957134e+00
4.898098e+00	4.858902e+00	4.817409e+00	4.797609e+00	4.770788e+00	4.774207e+00
4.789616e+00	4.789118e+00	4.768024e+00	4.768938e+00	9.917247e+00	9.781803e+00
9.628031e+00	9.440652e+00	9.227775e+00	8.769841e+00	8.304878e+00	7.878889e+00
7.488945e+00	7.145520e+00	6.844769e+00	6.573100e+00	6.321444e+00	6.085685e+00
5.865163e+00	5.660500e+00	5.471732e+00	5.296042e+00	5.130913e+00	4.971897e+00
4.817774e+00	4.745876e+00	4.680057e+00	4.633305e+00	4.583839e+00	4.566943e+00
4.543490e+00	4.544737e+00	4.555585e+00	4.555795e+00	4.540847e+00	4.541499e+00
1.024164e+01	1.003588e+01	9.817549e+00	9.579640e+00	9.329576e+00	8.824865e+00
8.334832e+00	7.884471e+00	7.485005e+00	7.120453e+00	6.789608e+00	6.491373e+00
6.217000e+00	5.960774e+00	5.721768e+00	5.499972e+00	5.296019e+00	5.107487e+00
4.931715e+00	4.761993e+00	4.594723e+00	4.515196e+00	4.441190e+00	4.387009e+00
4.329593e+00	4.314438e+00	4.298367e+00	4.297659e+00	4.300665e+00	4.300835e+00
4.295648e+00	4.295795e+00	1.057945e+01	1.027354e+01	9.971843e+00	9.677413e+00
9.391783e+00	8.850721e+00	8.346261e+00	7.878333e+00	7.451774e+00	7.059539e+00
6.700891e+00	6.373481e+00	6.073814e+00	5.798414e+00	5.543233e+00	5.305921e+00
5.087749e+00	4.887784e+00	4.703366e+00	4.524429e+00	4.343038e+00	4.254051e+00
4.170408e+00	4.108531e+00	4.042924e+00	4.028792e+00	4.024436e+00	4.021777e+00
4.013323e+00	4.012798e+00	4.021476e+00	4.020871e+00	1.080005e+01	1.045996e+01
1.012394e+01	9.796539e+00	9.480840e+00	8.878698e+00	8.334510e+00	7.842508e+00
7.384459e+00	6.966799e+00	6.586735e+00	6.240337e+00	5.922723e+00	5.629623e+00
5.357797e+00	5.105405e+00	4.872778e+00	4.657898e+00	4.457453e+00	4.265605e+00
4.076428e+00	3.983176e+00	3.893017e+00	3.824144e+00	3.753817e+00	3.739565e+00
3.738186e+00	3.734730e+00	3.722864e+00	3.722138e+00	3.734964e+00	3.734145e+00
1.097447e+01	1.062096e+01	1.026971e+01	9.920950e+00	9.578283e+00	8.904673e+00
8.296612e+00	7.756016e+00	7.271331e+00	6.837782e+00	6.447039e+00	6.091398e+00
5.761932e+00	5.453256e+00	5.165595e+00	4.899149e+00	4.652456e+00	4.421230e+00
4.201283e+00	3.995101e+00	3.802335e+00	3.708100e+00	3.613754e+00	3.539020e+00
3.466430e+00	3.451289e+00	3.447553e+00	3.444122e+00	3.433810e+00	3.433146e+00
3.444073e+00	3.443379e+00	1.116803e+01	1.077481e+01	1.038288e+01	9.995829e+00
9.617321e+00	8.908195e+00	8.253744e+00	7.674123e+00	7.164141e+00	6.711548e+00
6.305499e+00	5.936911e+00	5.595536e+00	5.275165e+00	4.975561e+00	4.696287e+00
4.435611e+00	4.189886e+00	3.955823e+00	3.737890e+00	3.537920e+00	3.441463e+00
3.344433e+00	3.267191e+00	3.193305e+00	3.176789e+00	3.168636e+00	3.165737e+00
3.158902e+00	3.158437e+00	3.165046e+00	3.164579e+00	1.139208e+01	1.092058e+01
1.046328e+01	1.003202e+01	9.625333e+00	8.874380e+00	8.199749e+00	7.598512e+00
7.064616e+00	6.587948e+00	6.159329e+00	5.771869e+00	5.418435e+00	5.092091e+00
4.785772e+00	4.494835e+00	4.219582e+00	3.961042e+00	3.719058e+00	3.491861e+00
3.279599e+00	3.179193e+00	3.081246e+00	3.005539e+00	2.931439e+00	2.912826e+00
2.897285e+00	2.895606e+00	2.894945e+00	2.894865e+00	2.893764e+00	2.893664e+00
1.157930e+01	1.105115e+01	1.054464e+01	1.007636e+01	9.641537e+00	8.847399e+00
8.144230e+00	7.519447e+00	6.964753e+00	6.469660e+00	6.024114e+00	5.621476e+00
5.255680e+00	4.919625e+00	4.603970e+00	4.302624e+00	4.016531e+00	3.748259e+00
3.498958e+00	3.264130e+00	3.042861e+00	2.938746e+00	2.838724e+00	2.762690e+00
2.687615e+00	2.667972e+00	2.649148e+00	2.647948e+00	2.649945e+00	2.650035e+00
2.645566e+00	2.645815e+00	1.173605e+01	1.116755e+01	1.062493e+01	1.012735e+01
9.668084e+00	8.830218e+00	8.093659e+00	7.444819e+00	6.872157e+00	6.362704e+00
5.904006e+00	5.488600e+00	5.110272e+00	4.762110e+00	4.435547e+00	4.124987e+00
3.830969e+00	3.555327e+00	3.299156e+00	3.057998e+00	2.830247e+00	2.722669e+00
2.619446e+00	2.541173e+00	2.464267e+00	2.444451e+00	2.425868e+00	2.424544e+00
2.426106e+00	2.426163e+00	2.422131e+00	2.422621e+00	1.187759e+01	1.127292e+01
1.069836e+01	1.017611e+01	9.696528e+00	8.822826e+00	8.060788e+00	7.391470e+00
6.802379e+00	6.278742e+00	5.806751e+00	5.378552e+00	4.988069e+00	4.628678e+00
4.292304e+00	3.973601e+00	3.672688e+00	3.390642e+00	3.128096e+00	2.881248e+00
2.647642e+00	2.536705e+00	2.429519e+00	2.347628e+00	2.268024e+00	2.248288e+00
2.231650e+00	2.229954e+00	2.229444e+00	2.229340e+00	2.227741e+00	2.228226e+00
1.200333e+01	1.136923e+01	1.076904e+01	1.022756e+01	9.732784e+00	8.832458e+00
8.049702e+00	7.360460e+00	6.754458e+00	6.217064e+00	5.733794e+00	5.294285e+00
4.892899e+00	4.523375e+00	4.178178e+00	3.852271e+00	3.545247e+00	3.257422e+00
2.988685e+00	2.736049e+00	2.496219e+00	2.381665e+00	2.270373e+00	2.184804e+00
2.101959e+00	2.081981e+00	2.066792e+00	2.064765e+00	2.062445e+00	2.062220e+00
2.062747e+00	2.063037e+00	1.211464e+01	1.145781e+01	1.083806e+01	1.028231e+01
9.776231e+00	8.852477e+00	8.050727e+00	7.354506e+00	6.742388e+00	6.195870e+00
5.699432e+00	5.247935e+00	4.835418e+00	4.455635e+00	4.101325e+00	3.767530e+00
3.453581e+00	3.159734e+00	2.884273e+00	2.624373e+00	2.376502e+00	2.257405e+00
2.141552e+00	2.052226e+00	1.965274e+00	1.944369e+00	1.929061e+00	1.926853e+00
1.923834e+00	1.923557e+00	1.924889e+00	1.924764e+00	1.220936e+01	1.153712e+01
1.090480e+01	1.034103e+01	9.829178e+00	8.893831e+00	8.081645e+00	7.373267e+00
6.749505e+00	6.193018e+00	5.688905e+00	5.229592e+00	4.809395e+00	4.422249e+00
4.061111e+00	3.721046e+00	3.401025e+00	3.100206e+00	2.817080e+00	2.548132e+00
2.289852e+00	2.164849e+00	2.043209e+00	1.949247e+00	1.856856e+00	1.834281e+00
1.817300e+00	1.815028e+00	1.812316e+00	1.812046e+00	1.812957e+00	1.812326e+00
1.229019e+01	1.160810e+01	1.096813e+01	1.040027e+01	9.885848e+00	8.943571e+00
8.125268e+00	7.409742e+00	6.777835e+00	6.214183e+00	5.706714e+00	5.244301e+00
4.821161e+00	4.431101e+00	4.066921e+00	3.723672e+00	3.399303e+00	3.087073e+00
2.791859e+00	2.508125e+00	2.231530e+00	2.098649e+00	1.970073e+00	1.869338e+00
1.769462e+00	1.744491e+00	1.724928e+00	1.722571e+00	1.720396e+00	1.720144e+00
1.720263e+00	1.719490e+00	1.236269e+01	1.167346e+01	1.102850e+01	1.045905e+01
9.944451e+00	9.000142e+00	8.180832e+00	7.462755e+00	6.828123e+00	6.260634e+00
5.746812e+00	5.278355e+00	4.849240e+00	4.452962e+00	4.081898e+00	3.730878e+00
3.398440e+00	3.079725e+00	2.776553e+00	2.482083e+00	2.191179e+00	2.050082e+00
1.912237e+00	1.802810e+00	1.694281e+00	1.666763e+00	1.644529e+00	1.642034e+00
1.640269e+00	1.640025e+00	1.639429e+00	1.638759e+00	1.242548e+01	1.173139e+01
1.108358e+01	1.051444e+01	1.000138e+01	9.057914e+00	8.239490e+00	7.520145e+00
6.883348e+00	6.313063e+00	5.795881e+00	5.324059e+00	4.891202e+00	4.490296e+00
4.112993e+00	3.753570e+00	3.411655e+00	3.089896e+00	2.783176e+00	2.484013e+00
2.186676e+00	2.033230e+00	1.874376e+00	1.749921e+00	1.629777e+00	1.599544e+00
1.574786e+00	1.571934e+00	1.569885e+00	1.569597e+00	1.568932e+00	1.568926e+00
1.247819e+01	1.178113e+01	1.113238e+01	1.056553e+01	1.005611e+01	9.117990e+00
8.304525e+00	7.587762e+00	6.952498e+00	6.383616e+00	5.868389e+00	5.398781e+00
4.967858e+00	4.567847e+00	4.189408e+00	3.826334e+00	3.478482e+00	3.146608e+00
2.828104e+00	2.513340e+00	2.193219e+00	2.026874e+00	1.850884e+00	1.709623e+00
1.575355e+00	1.542272e+00	1.515317e+00	1.511970e+00	1.509064e+00	1.508688e+00
1.508482e+00	1.509498e+00	1.252169e+01	1.182095e+01	1.117109e+01	1.060745e+01
1.010356e+01	9.175813e+00	8.371361e+00	7.661583e+00	7.031656e+00	6.466735e+00
5.954285e+00	5.486432e+00	5.056366e+00	4.656337e+00	4.276961e+00	3.911691e+00
3.559672e+00	3.220442e+00	2.890751e+00	2.559828e+00	2.214718e+00	2.036007e+00
1.851362e+00	1.684229e+00	1.527561e+00	1.491490e+00	1.464271e+00	1.460432e+00
1.455681e+00	1.455120e+00	1.456283e+00	1.458331e+00	1.255936e+01	1.185504e+01
1.120426e+01	1.064433e+01	1.014691e+01	9.232684e+00	8.440399e+00	7.741426e+00
7.120629e+00	6.562779e+00	6.054897e+00	5.589515e+00	5.160489e+00	4.760783e+00
4.381854e+00	4.017192e+00	3.664422e+00	3.320472e+00	2.980030e+00	2.632355e+00
2.263462e+00	2.066685e+00	1.856721e+00	1.665051e+00	1.484732e+00	1.445612e+00
1.418956e+00	1.414640e+00	1.407655e+00	1.406866e+00	1.409771e+00	1.412815e+00
1.258400e+01	1.187920e+01	1.123047e+01	1.067688e+01	1.018801e+01	9.289915e+00
8.511143e+00	7.824042e+00	7.213377e+00	6.663725e+00	6.161818e+00	5.700472e+00
5.274005e+00	4.875873e+00	4.498058e+00	4.134031e+00	3.780344e+00	3.432007e+00
3.081771e+00	2.717627e+00	2.322800e+00	2.105922e+00	1.866729e+00	1.660457e+00
1.448478e+00	1.405093e+00	1.378928e+00	1.374203e+00	1.364802e+00	1.363740e+00
1.368540e+00	1.372228e+00	1.260019e+01	1.189621e+01	1.125060e+01	1.070491e+01
1.022643e+01	9.347582e+00	8.584093e+00	7.910324e+00	7.311212e+00	6.771432e+00
6.277703e+00	5.822955e+00	5.401639e+00	5.007281e+00	4.631743e+00	4.268331e+00
3.913418e+00	3.561617e+00	3.204397e+00	2.826396e+00	2.405260e+00	2.167337e+00
1.899240e+00	1.661808e+00	1.418433e+00	1.369956e+00	1.344278e+00	1.339207e+00
1.327223e+00	1.325851e+00	1.332704e+00	1.336736e+00	1.260176e+01	1.190159e+01
1.126402e+01	1.072861e+01	1.026244e+01	9.404741e+00	8.658029e+00	7.998674e+00
7.411958e+00	6.882770e+00	6.397875e+00	5.950396e+00	5.534954e+00	5.145183e+00
4.772925e+00	4.411346e+00	4.056563e+00	3.702655e+00	3.339668e+00	2.948692e+00
2.501233e+00	2.241447e+00	1.941959e+00	1.669429e+00	1.395262e+00	1.339818e+00
1.313488e+00	1.308174e+00	1.293922e+00	1.292185e+00	1.300666e+00	1.304418e+00
1.259803e+01	1.190221e+01	1.127023e+01	1.074778e+01	1.029569e+01	9.460807e+00
8.732356e+00	8.088432e+00	7.514873e+00	6.996902e+00	6.521447e+00	6.081892e+00
5.673067e+00	5.288770e+00	4.920936e+00	4.562638e+00	4.209642e+00	3.855332e+00
3.488196e+00	3.085705e+00	2.612775e+00	2.330887e+00	1.998402e+00	1.692568e+00
1.378805e+00	1.314643e+00	1.286253e+00	1.280751e+00	1.264571e+00	1.262454e+00
1.272067e+00	1.275039e+00	1.258129e+01	1.189239e+01	1.127103e+01	1.076264e+01
1.032614e+01	9.515194e+00	8.806140e+00	8.178341e+00	7.618446e+00	7.112114e+00
6.646622e+00	6.215639e+00	5.814208e+00	5.436338e+00	5.074090e+00	4.720480e+00
4.370885e+00	4.017927e+00	3.648493e+00	3.236334e+00	2.739274e+00	2.435276e+00
2.068916e+00	1.726658e+00	1.370303e+00	1.294925e+00	1.262324e+00	1.256574e+00
1.238828e+00	1.236366e+00	1.246545e+00	1.248410e+00	1.256098e+01	1.187948e+01
1.126801e+01	1.077514e+01	1.035470e+01	9.568138e+00	8.879786e+00	8.269884e+00
7.725633e+00	7.232673e+00	6.778010e+00	6.355642e+00	5.961252e+00	5.589490e+00
5.233033e+00	4.885070e+00	4.540463e+00	4.190858e+00	3.821148e+00	3.400867e+00
2.880408e+00	2.554561e+00	2.154602e+00	1.774583e+00	1.371063e+00	1.280441e+00
1.241512e+00	1.235499e+00	1.216641e+00	1.213680e+00	1.224551e+00	1.224626e+00
1.252818e+01	1.186132e+01	1.126697e+01	1.079402e+01	1.039231e+01	9.631077e+00
8.959935e+00	8.361290e+00	7.824747e+00	7.338717e+00	6.892941e+00	6.481546e+00
6.099384e+00	5.739971e+00	5.394512e+00	5.055200e+00	4.716851e+00	4.370972e+00
4.001878e+00	3.577369e+00	3.039616e+00	2.692091e+00	2.252410e+00	1.828019e+00
1.374175e+00	1.272809e+00	1.224092e+00	1.216831e+00	1.196532e+00	1.193667e+00
1.202901e+00	1.202786e+00	1.247418e+01	1.183542e+01	1.126855e+01	1.082075e+01
1.044074e+01	9.705223e+00	9.046082e+00	8.450627e+00	7.913389e+00	7.428058e+00
6.989138e+00	6.590578e+00	6.225491e+00	5.884898e+00	5.556242e+00	5.229006e+00
4.898271e+00	4.556399e+00	4.188982e+00	3.765538e+00	3.220101e+00	2.852444e+00
2.365504e+00	1.887923e+00	1.389425e+00	1.269943e+00	1.210136e+00	1.200698e+00
1.178663e+00	1.176434e+00	1.181712e+00	1.183142e+00	1.243847e+01	1.181195e+01
1.126117e+01	1.082520e+01	1.046215e+01	9.751974e+00	9.112626e+00	8.532817e+00
8.008093e+00	7.533607e+00	7.105457e+00	6.718013e+00	6.364237e+00	6.034855e+00
5.716929e+00	5.399641e+00	5.077954e+00	4.743870e+00	4.382091e+00	3.959686e+00
3.403005e+00	3.018093e+00	2.496949e+00	1.975424e+00	1.415477e+00	1.274440e+00
1.197582e+00	1.186547e+00	1.163672e+00	1.161320e+00	1.165319e+00	1.166224e+00
1.240767e+01	1.178943e+01	1.124713e+01	1.082799e+01	1.047828e+01	9.791218e+00
9.172494e+00	8.611558e+00	8.103987e+00	7.644646e+00	7.229111e+00	6.852116e+00
6.507409e+00	6.186573e+00	5.877596e+00	5.570095e+00	5.258735e+00	4.934790e+00
4.581326e+00	4.161254e+00	3.593348e+00	3.193108e+00	2.644335e+00	2.084588e+00
1.452816e+00	1.285066e+00	1.186622e+00	1.173842e+00	1.150361e+00	1.147684e+00
1.151050e+00	1.151016e+00	1.237855e+01	1.176951e+01	1.123739e+01	1.083229e+01
1.049647e+01	9.831388e+00	9.231795e+00	8.687822e+00	8.195335e+00	7.749462e+00
7.345905e+00	6.979765e+00	6.645250e+00	6.334468e+00	6.035906e+00	5.739450e+00
5.439605e+00	5.127163e+00	4.783863e+00	4.369124e+00	3.794602e+00	3.381729e+00
2.807119e+00	2.207656e+00	1.497721e+00	1.299901e+00	1.178868e+00	1.163327e+00
1.138831e+00	1.135864e+00	1.138619e+00	1.137847e+00	1.235046e+01	1.175096e+01
1.122943e+01	1.083700e+01	1.051419e+01	9.870209e+00	9.288696e+00	8.760549e+00
8.282018e+00	7.848680e+00	7.456592e+00	7.101235e+00	6.777199e+00	6.477052e+00
6.189718e+00	5.905371e+00	5.618434e+00	5.319324e+00	4.988522e+00	4.582024e+00
4.005058e+00	3.583115e+00	2.988067e+00	2.351943e+00	1.557812e+00	1.326540e+00
1.173456e+00	1.154600e+00	1.129148e+00	1.125902e+00	1.127763e+00	1.126653e+00
1.230158e+01	1.171504e+01	1.120899e+01	1.083241e+01	1.052201e+01	9.902807e+00
9.341464e+00	8.830159e+00	8.365698e+00	7.944245e+00	7.562410e+00	7.216299e+00
6.901191e+00	6.610579e+00	6.334589e+00	6.064178e+00	5.793488e+00	5.511954e+00
5.197277e+00	4.798132e+00	4.212213e+00	3.779843e+00	3.170597e+00	2.507913e+00
1.634912e+00	1.366053e+00	1.169663e+00	1.144222e+00	1.121891e+00	1.118415e+00
1.114704e+00	1.116964e+00	1.224119e+01	1.166911e+01	1.117948e+01	1.082090e+01
1.052700e+01	9.932109e+00	9.391400e+00	8.897156e+00	8.446674e+00	8.036726e+00
7.664552e+00	7.326991e+00	7.020152e+00	6.738666e+00	6.474251e+00	6.218937e+00
5.966612e+00	5.705540e+00	5.409874e+00	5.018621e+00	4.421160e+00	3.978298e+00
3.359604e+00	2.677752e+00	1.729774e+00	1.420873e+00	1.166675e+00	1.133830e+00
1.115823e+00	1.112141e+00	1.100930e+00	1.108275e+00	1.221906e+01	1.165568e+01
1.117140e+01	1.081861e+01	1.053610e+01	9.961946e+00	9.437334e+00	8.957042e+00
8.518870e+00	8.120009e+00	7.758055e+00	7.430258e+00	7.133225e+00	6.862237e+00
6.609950e+00	6.369085e+00	6.133637e+00	5.891525e+00	5.615338e+00	5.238741e+00
4.643664e+00	4.196183e+00	3.567846e+00	2.861324e+00	1.830297e+00	1.479629e+00
1.167082e+00	1.131152e+00	1.109292e+00	1.105375e+00	1.091782e+00	1.100588e+00
1.221597e+01	1.165561e+01	1.117761e+01	1.083225e+01	1.055641e+01	9.993101e+00
9.479078e+00	9.009243e+00	8.581401e+00	8.192941e+00	7.841583e+00	7.524715e+00
7.239110e+00	6.980109e+00	6.740415e+00	6.512850e+00	6.291939e+00	6.066259e+00
5.809308e+00	5.455501e+00	4.883043e+00	4.440609e+00	3.801785e+00	3.060914e+00
1.936498e+00	1.543359e+00	1.180045e+00	1.132796e+00	1.102050e+00	1.097861e+00
1.086509e+00	1.093952e+00	1.220955e+01	1.165273e+01	1.117830e+01	1.083890e+01
1.056865e+01	1.001483e+01	9.510332e+00	9.050213e+00	8.632308e+00	8.254102e+00
7.913363e+00	7.607559e+00	7.333507e+00	7.086557e+00	6.859275e+00	6.644670e+00
6.438098e+00	6.229512e+00	5.993970e+00	5.666519e+00	5.121381e+00	4.687033e+00
4.041562e+00	3.270077e+00	2.054557e+00	1.616679e+00	1.196521e+00	1.136080e+00
1.094155e+00	1.089488e+00	1.080927e+00	1.088131e+00	1.220010e+01	1.164841e+01
1.117849e+01	1.084454e+01	1.057983e+01	1.003550e+01	9.539730e+00	9.087987e+00
8.678309e+00	8.308458e+00	7.976511e+00	7.680213e+00	7.416639e+00	7.181480e+00
6.967570e+00	6.768007e+00	6.577728e+00	6.385722e+00	6.167248e+00	5.862164e+00
5.349180e+00	4.932558e+00	4.297349e+00	3.507386e+00	2.189105e+00	1.695826e+00
1.212152e+00	1.141064e+00	1.090080e+00	1.084846e+00	1.078174e+00	1.083314e+00
1.219230e+01	1.164978e+01	1.118836e+01	1.086183e+01	1.060335e+01	1.006882e+01
9.580131e+00	9.133763e+00	8.728466e+00	8.362850e+00	8.035898e+00	7.745920e+00
7.490666e+00	7.266762e+00	7.068367e+00	6.888623e+00	6.719241e+00	6.541944e+00
6.328802e+00	6.034170e+00	5.557765e+00	5.175757e+00	4.585739e+00	3.804232e+00
2.345901e+00	1.773836e+00	1.221720e+00	1.145391e+00	1.092458e+00	1.085053e+00
1.080865e+00	1.079579e+00	1.217700e+01	1.164168e+01	1.118774e+01	1.086604e+01
1.061206e+01	1.008568e+01	9.604215e+00	9.164582e+00	8.765920e+00	8.407203e+00
8.087852e+00	7.806363e+00	7.560564e+00	7.347124e+00	7.160197e+00	6.993088e+00
6.838221e+00	6.678458e+00	6.487032e+00	6.219411e+00	5.776579e+00	5.413561e+00
4.840075e+00	4.054141e+00	2.515799e+00	1.886787e+00	1.245989e+00	1.153337e+00
1.089693e+00	1.083661e+00	1.075391e+00	1.075666e+00	1.216787e+01	1.163844e+01
1.118861e+01	1.087190e+01	1.062175e+01	1.010235e+01	9.627193e+00	9.193713e+00
8.801268e+00	8.449048e+00	8.136717e+00	7.862938e+00	7.625646e+00	7.421650e+00
7.245238e+00	7.090119e+00	6.949630e+00	6.808104e+00	6.640193e+00	6.401189e+00
5.991578e+00	5.647087e+00	5.091583e+00	4.308073e+00	2.703095e+00	2.015190e+00
1.276296e+00	1.164597e+00	1.088501e+00	1.082087e+00	1.070321e+00	1.072576e+00
1.216435e+01	1.164026e+01	1.119594e+01	1.088217e+01	1.063437e+01	1.012038e+01
9.650384e+00	9.222158e+00	8.835045e+00	8.488317e+00	8.181721e+00	7.914150e+00
7.683814e+00	7.487954e+00	7.321381e+00	7.178439e+00	7.052971e+00	6.929811e+00
6.784220e+00	6.571876e+00	6.195140e+00	5.871431e+00	5.340817e+00	4.572110e+00
2.911116e+00	2.155593e+00	1.311167e+00	1.181249e+00	1.089007e+00	1.080960e+00
1.067836e+00	1.070365e+00	1.215853e+01	1.163934e+01	1.119928e+01	1.088828e+01
1.064259e+01	1.013326e+01	9.667809e+00	9.244195e+00	8.861714e+00	8.519711e+00
8.218009e+00	7.955685e+00	7.731246e+00	7.542385e+00	7.384528e+00	7.252723e+00
7.141600e+00	7.036906e+00	6.914773e+00	6.730750e+00	6.387687e+00	6.083843e+00
5.576036e+00	4.828117e+00	3.138639e+00	2.313441e+00	1.350444e+00	1.200838e+00
1.090793e+00	1.080193e+00	1.067115e+00	1.068032e+00	1.215169e+01	1.163794e+01
1.120221e+01	1.089375e+01	1.064988e+01	1.014469e+01	9.683326e+00	9.263878e+00
8.885597e+00	8.547895e+00	8.250659e+00	7.993127e+00	7.774088e+00	7.591664e+00
7.441877e+00	7.320471e+00	7.222915e+00	7.136003e+00	7.036961e+00	6.881600e+00
6.573635e+00	6.290814e+00	5.807517e+00	5.085204e+00	3.382314e+00	2.486725e+00
1.395092e+00	1.224026e+00	1.094000e+00	1.079652e+00	1.066581e+00	1.065912e+00
1.214536e+01	1.163840e+01	1.120785e+01	1.090206e+01	1.065968e+01	1.015808e+01
9.700120e+00	9.284162e+00	8.909487e+00	8.575620e+00	8.282542e+00	8.029621e+00
7.815830e+00	7.639571e+00	7.497266e+00	7.385118e+00	7.299115e+00	7.226744e+00
7.146667e+00	7.017694e+00	6.748392e+00	6.492011e+00	6.041419e+00	5.348225e+00
3.629255e+00	2.671271e+00	1.450351e+00	1.253753e+00	1.097903e+00	1.079953e+00
1.064749e+00	1.064631e+00	1.213877e+01	1.164069e+01	1.121663e+01	1.091294e+01
1.067085e+01	1.017170e+01	9.716327e+00	9.303206e+00	8.931616e+00	8.601170e+00
8.311916e+00	8.063313e+00	7.854435e+00	7.683822e+00	7.548101e+00	7.443782e+00
7.367317e+00	7.306989e+00	7.243140e+00	7.138672e+00	6.909336e+00	6.682660e+00
6.270887e+00	5.610245e+00	3.878039e+00	2.869291e+00	1.520607e+00	1.293411e+00
1.103505e+00	1.081915e+00	1.061276e+00	1.063806e+00	1.212594e+01	1.163867e+01
1.122064e+01	1.091847e+01	1.067468e+01	1.017633e+01	9.722845e+00	9.312445e+00
8.944171e+00	8.617424e+00	8.332018e+00	8.087391e+00	7.882656e+00	7.716319e+00
7.584939e+00	7.485566e+00	7.416657e+00	7.370450e+00	7.329857e+00	7.254074e+00
7.057348e+00	6.852498e+00	6.473132e+00	5.847105e+00	4.134924e+00	3.089351e+00
1.596361e+00	1.335749e+00	1.110538e+00	1.084616e+00	1.061217e+00	1.062501e+00
1.210607e+01	1.163213e+01	1.122331e+01	1.092234e+01	1.067686e+01	1.017894e+01
9.726851e+00	9.318674e+00	8.953317e+00	8.629962e+00	8.348110e+00	8.107101e+00
7.906031e+00	7.743302e+00	7.615314e+00	7.519701e+00	7.457268e+00	7.425133e+00
7.409826e+00	7.364256e+00	7.196772e+00	7.010366e+00	6.660892e+00	6.071180e+00
4.400732e+00	3.330222e+00	1.679566e+00	1.382232e+00	1.119245e+00	1.088440e+00
1.061591e+00	1.060985e+00	1.208450e+01	1.162541e+01	1.122688e+01	1.092779e+01
1.068045e+01	1.018313e+01	9.732528e+00	9.326441e+00	8.963595e+00	8.643028e+00
8.364095e+00	8.126136e+00	7.928293e+00	7.768944e+00	7.644466e+00	7.552951e+00
7.496765e+00	7.476189e+00	7.480431e+00	7.460658e+00	7.324535e+00	7.159188e+00
6.840603e+00	6.289702e+00	4.671883e+00	3.578546e+00	1.774385e+00	1.437003e+00
1.129834e+00	1.092897e+00	1.061958e+00	1.060284e+00	1.206027e+01	1.161847e+01
1.123228e+01	1.093658e+01	1.068728e+01	1.019092e+01	9.741473e+00	9.336802e+00
8.975620e+00	8.656984e+00	8.380250e+00	8.144769e+00	7.949716e+00	7.793461e+00
7.672480e+00	7.585248e+00	7.534881e+00	7.523080e+00	7.541473e+00	7.543175e+00
7.438913e+00	7.296568e+00	7.009361e+00	6.499685e+00	4.945110e+00	3.829893e+00
1.886341e+00	1.505576e+00	1.144027e+00	1.098510e+00	1.062322e+00	1.060090e+00
1.202377e+01	1.160276e+01	1.123014e+01	1.093822e+01	1.069022e+01	1.019813e+01
9.751116e+00	9.347780e+00	8.987237e+00	8.668916e+00	8.392607e+00	8.157994e+00
7.964682e+00	7.811632e+00	7.696110e+00	7.616649e+00	7.574559e+00	7.567583e+00
7.586182e+00	7.598541e+00	7.535819e+00	7.425291e+00	7.170429e+00	6.694815e+00
5.212099e+00	4.091600e+00	2.012233e+00	1.581482e+00	1.159480e+00	1.106291e+00
1.062618e+00	1.059519e+00	1.198479e+01	1.158338e+01	1.122539e+01	1.093867e+01
1.069191e+01	1.020398e+01	9.759540e+00	9.357470e+00	8.997305e+00	8.678948e+00
8.402685e+00	8.168565e+00	7.976599e+00	7.826371e+00	7.716063e+00	7.644349e+00
7.610396e+00	7.606877e+00	7.622974e+00	7.643072e+00	7.619753e+00	7.541484e+00
7.319907e+00	6.877294e+00	5.470738e+00	4.360000e+00	2.154430e+00	1.667341e+00
1.177360e+00	1.116189e+00	1.063062e+00	1.058883e+00	1.196428e+01	1.157623e+01
1.122743e+01	1.094320e+01	1.069493e+01	1.020795e+01	9.764335e+00	9.363292e+00
9.004316e+00	8.687299e+00	8.412471e+00	8.179970e+00	7.989788e+00	7.841573e+00
7.733622e+00	7.664799e+00	7.634810e+00	7.637176e+00	7.662518e+00	7.696909e+00
7.697502e+00	7.640021e+00	7.452395e+00	7.053107e+00	5.721193e+00	4.627650e+00
2.314232e+00	1.767777e+00	1.200499e+00	1.126106e+00	1.064872e+00	1.058782e+00
1.194474e+01	1.156951e+01	1.122959e+01	1.094772e+01	1.069854e+01	1.021133e+01
9.767430e+00	9.366810e+00	9.008906e+00	8.693413e+00	8.420347e+00	8.189751e+00
8.001560e+00	7.855342e+00	7.749361e+00	7.682636e+00	7.655480e+00	7.662659e+00
7.696237e+00	7.743129e+00	7.764743e+00	7.726420e+00	7.572818e+00	7.217705e+00
5.960043e+00	4.894668e+00	2.491770e+00	1.882312e+00	1.229171e+00	1.136341e+00
1.067212e+00	1.058340e+00	1.192688e+01	1.156261e+01	1.123007e+01	1.094979e+01
1.069977e+01	1.021317e+01	9.769700e+00	9.369700e+00	9.012713e+00	8.698395e+00
8.426712e+00	8.197630e+00	8.011058e+00	7.866535e+00	7.762354e+00	7.697670e+00
7.673258e+00	7.684728e+00	7.725329e+00	7.783131e+00	7.823707e+00	7.803002e+00
7.681756e+00	7.370347e+00	6.190380e+00	5.161265e+00	2.686372e+00	2.008691e+00
1.261459e+00	1.148947e+00	1.070123e+00	1.057815e+00	1.191130e+01	1.155578e+01
1.122914e+01	1.095040e+01	1.069986e+01	1.021406e+01	9.771501e+00	9.372344e+00
9.016119e+00	8.702575e+00	8.431812e+00	8.203759e+00	8.018348e+00	7.875158e+00
7.772600e+00	7.709953e+00	7.688268e+00	7.703474e+00	7.749625e+00	7.816481e+00
7.873789e+00	7.868790e+00	7.776999e+00	7.507325e+00	6.407796e+00	5.422063e+00
2.898992e+00	2.148509e+00	1.298328e+00	1.166205e+00	1.073935e+00	1.057398e+00
1.189958e+01	1.155203e+01	1.123059e+01	1.095304e+01	1.070180e+01	1.021674e+01
9.774945e+00	9.376408e+00	9.020758e+00	8.707846e+00	8.437826e+00	8.210635e+00
8.026199e+00	7.884118e+00	7.782901e+00	7.721926e+00	7.702499e+00	7.720876e+00
7.771761e+00	7.846408e+00	7.918096e+00	7.926726e+00	7.861688e+00	7.631808e+00
6.613495e+00	5.676067e+00	3.127411e+00	2.304691e+00	1.342209e+00	1.187558e+00
1.078874e+00	1.057370e+00	1.188922e+01	1.154896e+01	1.123279e+01	1.095646e+01
1.070465e+01	1.021993e+01	9.778648e+00	9.380568e+00	9.025372e+00	8.712986e+00
8.443584e+00	8.217138e+00	8.033554e+00	7.892450e+00	7.792422e+00	7.732942e+00
7.715530e+00	7.736746e+00	7.791857e+00	7.873543e+00	7.958246e+00	7.979242e+00
7.939084e+00	7.747609e+00	6.812073e+00	5.927232e+00	3.371616e+00	2.476309e+00
1.392184e+00	1.212652e+00	1.084706e+00	1.057353e+00	1.187863e+01	1.154509e+01
1.123310e+01	1.095782e+01	1.070528e+01	1.022116e+01	9.780356e+00	9.382785e+00
9.028065e+00	8.716173e+00	8.447337e+00	8.221559e+00	8.038735e+00	7.898508e+00
7.799542e+00	7.741421e+00	7.725788e+00	7.749473e+00	7.808247e+00	7.896171e+00
7.992317e+00	8.024019e+00	8.005791e+00	7.850165e+00	6.998708e+00	6.169266e+00
3.627308e+00	2.663156e+00	1.448999e+00	1.241859e+00	1.091224e+00	1.057275e+00
1.186822e+01	1.154056e+01	1.123270e+01	1.095836e+01	1.070537e+01	1.022163e+01
9.781149e+00	9.383956e+00	9.029624e+00	8.718141e+00	8.449769e+00	8.224542e+00
8.042350e+00	7.902864e+00	7.804799e+00	7.747850e+00	7.733727e+00	7.759492e+00
7.821348e+00	7.914628e+00	8.020561e+00	8.061295e+00	8.061875e+00	7.938801e+00
7.170489e+00	6.397895e+00	3.892676e+00	2.867060e+00	1.515796e+00	1.277669e+00
1.098939e+00	1.057045e+00	1.185727e+01	1.153542e+01	1.123169e+01	1.095809e+01
1.070484e+01	1.022133e+01	9.781035e+00	9.383951e+00	9.029979e+00	8.718880e+00
8.450899e+00	8.226102e+00	8.044423e+00	7.905595e+00	7.808455e+00	7.753080e+00
7.740495e+00	7.767567e+00	7.831077e+00	7.928507e+00	8.043234e+00	8.092148e+00
8.108825e+00	8.014469e+00	7.326881e+00	6.612067e+00	4.163478e+00	3.082660e+00
1.592186e+00	1.320067e+00	1.108100e+00	1.056766e+00	1.184674e+01	1.153023e+01
1.123009e+01	1.095741e+01	1.070358e+01	1.022050e+01	9.780598e+00	9.383826e+00
9.030143e+00	8.719311e+00	8.451628e+00	8.227172e+00	8.045921e+00	7.907663e+00
7.811366e+00	7.757496e+00	7.746320e+00	7.774449e+00	7.839217e+00	7.940246e+00
8.062902e+00	8.119178e+00	8.150136e+00	8.082116e+00	7.473717e+00	6.817249e+00
4.442198e+00	3.311940e+00	1.678668e+00	1.369412e+00	1.118671e+00	1.056457e+00
1.184529e+01	1.152999e+01	1.123042e+01	1.095766e+01	1.070335e+01	1.022002e+01
9.780124e+00	9.383790e+00	9.030508e+00	8.720204e+00	8.453067e+00	8.229149e+00
8.048429e+00	7.910613e+00	7.814293e+00	7.758932e+00	7.747585e+00	7.778908e+00
7.850287e+00	7.957046e+00	8.083534e+00	8.142937e+00	8.183839e+00	8.140628e+00
7.614170e+00	7.009832e+00	4.721867e+00	3.553898e+00	1.775862e+00	1.426113e+00
1.130591e+00	1.056385e+00	1.185706e+01	1.154027e+01	1.123816e+01	1.096238e+01
1.070534e+01	1.021982e+01	9.779552e+00	9.383867e+00	9.031608e+00	8.722653e+00
8.456752e+00	8.233763e+00	8.053548e+00	7.915423e+00	7.817212e+00	7.759108e+00
7.745571e+00	7.781336e+00	7.867411e+00	7.985002e+00	8.105932e+00	8.163158e+00
8.209684e+00	8.189216e+00	7.747195e+00	7.185793e+00	4.996737e+00	3.808034e+00
1.888026e+00	1.494415e+00	1.144677e+00	1.056545e+00	1.185862e+01	1.154299e+01
1.124252e+01	1.096627e+01	1.070798e+01	1.022112e+01	9.780858e+00	9.385372e+00
9.033977e+00	8.725772e+00	8.460408e+00	8.237815e+00	8.057877e+00	7.919785e+00
7.821044e+00	7.761302e+00	7.747383e+00	7.786010e+00	7.878120e+00	8.000121e+00
8.122572e+00	8.182067e+00	8.236484e+00	8.235063e+00	7.861065e+00	7.351506e+00
5.269560e+00	4.067256e+00	2.018547e+00	1.572410e+00	1.161057e+00	1.056747e+00
1.185552e+01	1.154309e+01	1.124379e+01	1.096791e+01	1.070960e+01	1.022324e+01
9.783111e+00	9.387746e+00	9.036249e+00	8.728028e+00	8.462737e+00	8.240275e+00
8.060529e+00	7.922747e+00	7.824500e+00	7.765857e+00	7.752790e+00	7.791797e+00
7.884465e+00	8.008212e+00	8.134620e+00	8.198413e+00	8.261746e+00	8.276139e+00
7.958070e+00	7.504044e+00	5.535924e+00	4.329667e+00	2.168906e+00	1.662560e+00
1.180296e+00	1.056861e+00	1.184986e+01	1.154000e+01	1.124286e+01	1.096749e+01
1.070904e+01	1.022309e+01	9.783092e+00	9.387884e+00	9.036541e+00	8.728367e+00
8.463200e+00	8.240878e+00	8.061286e+00	7.923739e+00	7.825990e+00	7.767875e+00
7.755443e+00	7.795077e+00	7.887974e+00	8.013078e+00	8.143127e+00	8.211004e+00
8.281440e+00	8.309049e+00	8.043202e+00	7.639293e+00	5.790336e+00	4.594722e+00
2.333959e+00	1.767524e+00	1.202697e+00	1.056730e+00	1.183020e+01	1.152724e+01
1.123625e+01	1.096453e+01	1.070811e+01	1.022439e+01	9.785009e+00	9.389530e+00
9.037402e+00	8.728413e+00	8.462487e+00	8.239713e+00	8.060119e+00	7.923396e+00
7.827915e+00	7.774003e+00	7.765033e+00	7.801483e+00	7.882779e+00	8.001927e+00
8.146402e+00	8.224727e+00	8.301609e+00	8.335660e+00	8.118295e+00	7.759516e+00
6.033954e+00	4.860759e+00	2.514188e+00	1.891352e+00	1.229006e+00	1.056469e+00
1.182074e+01	1.152222e+01	1.123365e+01	1.096346e+01	1.070792e+01	1.022572e+01
9.786544e+00	9.390848e+00	9.038275e+00	8.728585e+00	8.462285e+00	8.239318e+00
8.059737e+00	7.923405e+00	7.829678e+00	7.778095e+00	7.770949e+00	7.806059e+00
7.880856e+00	7.997511e+00	8.150556e+00	8.235796e+00	8.318593e+00	8.360181e+00
8.184411e+00	7.868458e+00	6.267740e+00	5.128375e+00	2.709572e+00	2.028548e+00
1.259442e+00	1.056390e+00	1.181942e+01	1.152229e+01	1.123506e+01	1.096513e+01
1.070920e+01	1.022656e+01	9.787150e+00	9.391419e+00	9.038983e+00	8.729591e+00
8.463413e+00	8.240530e+00	8.061082e+00	7.924968e+00	7.831158e+00	7.779673e+00
7.772762e+00	7.808346e+00	7.884734e+00	8.003036e+00	8.157652e+00	8.243761e+00
8.331830e+00	8.383295e+00	8.241400e+00	7.965922e+00	6.488940e+00	5.395097e+00
2.921161e+00	2.179055e+00	1.295424e+00	1.056509e+00	