4.338161e-01	4.469672e-01	4.603497e-01	4.740566e-01	4.880437e-01	5.167187e-01
5.462810e-01	5.765651e-01	6.073761e-01	6.384887e-01	6.696791e-01	7.006973e-01
7.311744e-01	7.609685e-01	7.902646e-01	8.189627e-01	8.463538e-01	8.714447e-01
8.931091e-01	9.107045e-01	9.243466e-01	9.314807e-01	9.443440e-01	9.627012e-01
9.927442e-01	1.003504e+00	1.010151e+00	1.010780e+00	1.011749e+00	1.011834e+00
1.012063e+00	1.011956e+00	4.804168e-01	4.944406e-01	5.086923e-01	5.232651e-01
5.381139e-01	5.684972e-01	5.997366e-01	6.316532e-01	6.640385e-01	6.966532e-01
7.292621e-01	7.616081e-01	7.933179e-01	8.242608e-01	8.546583e-01	8.844423e-01
9.129053e-01	9.390557e-01	9.617746e-01	9.804482e-01	9.952093e-01	1.002903e+00
1.016309e+00	1.035102e+00	1.065778e+00	1.076761e+00	1.083523e+00	1.084159e+00
1.085144e+00	1.085231e+00	1.085465e+00	1.085356e+00	5.320235e-01	5.469562e-01
5.621115e-01	5.775816e-01	5.933211e-01	6.254641e-01	6.584231e-01	6.920048e-01
7.259869e-01	7.601164e-01	7.941465e-01	8.278137e-01	8.607430e-01	8.928173e-01
9.242990e-01	9.551573e-01	9.846900e-01	1.011912e+00	1.035719e+00	1.055533e+00
1.071504e+00	1.079801e+00	1.093759e+00	1.112948e+00	1.144185e+00	1.155366e+00
1.162223e+00	1.162864e+00	1.163864e+00	1.163953e+00	1.164191e+00	1.164080e+00
5.891737e-01	6.050497e-01	6.211404e-01	6.375363e-01	6.541922e-01	6.881395e-01
7.228522e-01	7.581227e-01	7.937146e-01	8.293608e-01	8.648037e-01	8.997746e-01
9.338987e-01	9.670759e-01	9.996143e-01	1.031526e+00	1.062119e+00	1.090421e+00
1.115349e+00	1.136368e+00	1.153649e+00	1.162596e+00	1.177110e+00	1.196649e+00
1.228360e+00	1.239709e+00	1.246640e+00	1.247283e+00	1.248294e+00	1.248384e+00
1.248627e+00	1.248514e+00	6.524630e-01	6.693133e-01	6.863680e-01	7.037144e-01
7.213082e-01	7.570954e-01	7.935860e-01	8.305579e-01	8.677606e-01	9.049132e-01
9.417475e-01	9.779909e-01	1.013272e+00	1.047511e+00	1.081067e+00	1.114001e+00
1.145637e+00	1.175022e+00	1.201101e+00	1.223394e+00	1.242090e+00	1.251740e+00
1.266814e+00	1.286644e+00	1.318727e+00	1.330209e+00	1.337188e+00	1.337830e+00
1.338849e+00	1.338940e+00	1.339187e+00	1.339072e+00	7.225509e-01	7.404026e-01
7.584454e-01	7.767621e-01	7.953099e-01	8.329610e-01	8.712413e-01	9.099139e-01
9.487144e-01	9.873482e-01	1.025537e+00	1.063006e+00	1.099391e+00	1.134636e+00
1.169156e+00	1.203070e+00	1.235722e+00	1.266186e+00	1.293446e+00	1.317084e+00
1.337312e+00	1.347718e+00	1.363353e+00	1.383408e+00	1.415743e+00	1.427316e+00
1.434314e+00	1.434951e+00	1.435973e+00	1.436065e+00	1.436315e+00	1.436198e+00
8.001677e-01	8.190424e-01	8.380918e-01	8.573924e-01	8.769038e-01	9.164289e-01
9.564955e-01	9.968520e-01	1.037220e+00	1.077293e+00	1.116782e+00	1.155412e+00
1.192830e+00	1.229007e+00	1.264423e+00	1.299261e+00	1.332891e+00	1.364423e+00
1.392891e+00	1.417949e+00	1.439834e+00	1.451056e+00	1.467250e+00	1.487448e+00
1.519896e+00	1.531511e+00	1.538494e+00	1.539122e+00	1.540143e+00	1.540235e+00
1.540487e+00	1.540370e+00	8.861221e-01	9.060348e-01	9.261021e-01	9.463923e-01
9.668687e-01	1.008261e+00	1.050092e+00	1.092097e+00	1.133983e+00	1.175431e+00
1.216145e+00	1.255851e+00	1.294210e+00	1.331228e+00	1.367453e+00	1.403143e+00
1.437701e+00	1.470281e+00	1.499982e+00	1.526539e+00	1.550215e+00	1.562317e+00
1.579064e+00	1.599314e+00	1.631711e+00	1.643313e+00	1.650241e+00	1.650855e+00
1.651870e+00	1.651961e+00	1.652215e+00	1.652097e+00	9.813098e-01	1.002267e+00
1.023355e+00	1.044631e+00	1.066063e+00	1.109295e+00	1.152847e+00	1.196441e+00
1.239773e+00	1.282510e+00	1.324348e+00	1.365020e+00	1.404207e+00	1.441950e+00
1.478878e+00	1.515330e+00	1.550752e+00	1.584353e+00	1.615306e+00	1.643444e+00
1.669058e+00	1.682109e+00	1.699399e+00	1.719592e+00	1.751752e+00	1.763277e+00
1.770104e+00	1.770700e+00	1.771701e+00	1.771792e+00	1.772046e+00	1.771928e+00
1.086723e+00	1.108720e+00	1.130820e+00	1.153066e+00	1.175435e+00	1.220453e+00
1.265658e+00	1.310756e+00	1.355432e+00	1.399343e+00	1.442179e+00	1.483680e+00
1.523552e+00	1.561882e+00	1.599383e+00	1.636487e+00	1.672693e+00	1.707275e+00
1.739497e+00	1.769303e+00	1.797012e+00	1.811086e+00	1.828904e+00	1.848916e+00
1.880624e+00	1.891998e+00	1.898674e+00	1.899246e+00	1.900226e+00	1.900315e+00
1.900568e+00	1.900451e+00	1.203459e+00	1.226479e+00	1.249570e+00	1.272758e+00
1.296027e+00	1.342750e+00	1.389507e+00	1.435993e+00	1.481881e+00	1.526819e+00
1.570493e+00	1.612654e+00	1.653041e+00	1.691789e+00	1.729706e+00	1.767331e+00
1.804222e+00	1.839734e+00	1.873235e+00	1.904800e+00	1.934776e+00	1.949953e+00
1.968279e+00	1.987966e+00	2.018977e+00	2.030116e+00	2.036582e+00	2.037122e+00
2.038074e+00	2.038161e+00	2.038411e+00	2.038296e+00	1.332735e+00	1.356747e+00
1.380791e+00	1.404874e+00	1.428991e+00	1.477302e+00	1.525476e+00	1.573195e+00
1.620126e+00	1.665908e+00	1.710224e+00	1.752840e+00	1.793535e+00	1.832501e+00
1.870649e+00	1.908637e+00	1.946094e+00	1.982470e+00	2.017257e+00	2.050674e+00
2.083100e+00	2.099468e+00	2.118275e+00	2.137473e+00	2.167509e+00	2.178316e+00
2.184507e+00	2.185009e+00	2.185922e+00	2.186006e+00	2.186252e+00	2.186139e+00
1.475898e+00	1.500850e+00	1.525792e+00	1.550704e+00	1.575597e+00	1.625337e+00
1.674749e+00	1.723507e+00	1.771269e+00	1.817667e+00	1.862387e+00	1.905213e+00
1.945970e+00	1.984916e+00	2.023077e+00	2.061241e+00	2.099121e+00	2.136280e+00
2.172351e+00	2.207719e+00	2.242796e+00	2.260446e+00	2.279701e+00	2.298224e+00
2.326967e+00	2.337336e+00	2.343177e+00	2.343631e+00	2.344495e+00	2.344576e+00
2.344816e+00	2.344706e+00	1.634440e+00	1.660258e+00	1.686019e+00	1.711672e+00
1.737244e+00	1.788206e+00	1.838629e+00	1.888180e+00	1.936511e+00	1.983251e+00
2.028089e+00	2.070830e+00	2.111361e+00	2.150008e+00	2.187925e+00	2.226046e+00
2.264182e+00	2.302023e+00	2.339369e+00	2.376791e+00	2.414734e+00	2.433768e+00
2.453430e+00	2.471065e+00	2.498157e+00	2.507964e+00	2.513371e+00	2.513768e+00
2.514572e+00	2.514648e+00	2.514879e+00	2.514774e+00	1.810012e+00	1.836598e+00
1.863073e+00	1.889349e+00	1.915474e+00	1.967395e+00	2.018546e+00	2.068587e+00
2.117169e+00	2.163920e+00	2.208533e+00	2.250845e+00	2.290808e+00	2.328831e+00
2.366205e+00	2.404028e+00	2.442222e+00	2.480625e+00	2.519228e+00	2.558811e+00
2.599854e+00	2.620380e+00	2.640397e+00	2.656904e+00	2.681940e+00	2.691048e+00
2.695927e+00	2.696257e+00	2.696987e+00	2.697057e+00	2.697277e+00	2.697177e+00
2.006370e+00	2.033300e+00	2.060091e+00	2.086629e+00	2.112986e+00	2.165335e+00
2.216827e+00	2.267103e+00	2.315779e+00	2.362411e+00	2.406599e+00	2.448192e+00
2.487219e+00	2.524206e+00	2.560638e+00	2.597843e+00	2.635884e+00	2.674781e+00
2.714784e+00	2.757032e+00	2.802145e+00	2.824640e+00	2.844963e+00	2.859715e+00
2.882052e+00	2.890338e+00	2.894497e+00	2.894725e+00	2.895365e+00	2.895426e+00
2.895642e+00	2.895542e+00	2.222471e+00	2.249750e+00	2.276837e+00	2.303573e+00
2.330062e+00	2.382551e+00	2.433977e+00	2.483973e+00	2.532144e+00	2.578022e+00
2.621182e+00	2.661504e+00	2.699113e+00	2.734644e+00	2.769763e+00	2.806019e+00
2.843625e+00	2.882798e+00	2.924050e+00	2.968829e+00	3.017831e+00	3.042194e+00
3.062742e+00	3.075653e+00	3.094892e+00	3.102160e+00	3.105535e+00	3.105661e+00
3.106195e+00	3.106247e+00	3.106449e+00	3.106355e+00	2.451435e+00	2.480582e+00
2.509297e+00	2.537256e+00	2.564598e+00	2.617900e+00	2.668917e+00	2.717392e+00
2.763157e+00	2.806182e+00	2.846618e+00	2.884528e+00	2.920127e+00	2.954021e+00
2.987802e+00	3.022969e+00	3.059843e+00	3.098831e+00	3.140527e+00	3.185952e+00
3.235242e+00	3.259650e+00	3.280367e+00	3.293152e+00	3.309683e+00	3.315493e+00
3.318428e+00	3.318572e+00	3.318982e+00	3.319034e+00	3.319158e+00	3.319114e+00
2.692188e+00	2.724899e+00	2.756753e+00	2.787116e+00	2.816166e+00	2.871126e+00
2.921434e+00	2.967072e+00	3.008389e+00	3.046312e+00	3.082203e+00	3.116432e+00
3.149292e+00	3.181214e+00	3.213469e+00	3.247255e+00	3.282938e+00	3.321056e+00
3.362087e+00	3.406010e+00	3.451982e+00	3.474692e+00	3.495426e+00	3.509579e+00
3.523926e+00	3.527970e+00	3.530800e+00	3.531068e+00	3.531347e+00	3.531407e+00
3.531401e+00	3.531442e+00	2.946702e+00	2.982337e+00	3.016811e+00	3.049242e+00
3.079840e+00	3.136522e+00	3.186515e+00	3.229801e+00	3.267081e+00	3.300012e+00
3.330878e+00	3.360326e+00	3.388765e+00	3.416701e+00	3.445447e+00	3.476222e+00
3.509275e+00	3.544753e+00	3.582774e+00	3.623633e+00	3.667073e+00	3.688840e+00
3.708679e+00	3.722021e+00	3.734776e+00	3.737961e+00	3.740457e+00	3.740732e+00
3.740952e+00	3.741000e+00	3.740980e+00	3.741029e+00	3.216897e+00	3.255332e+00
3.292332e+00	3.326771e+00	3.358889e+00	3.417302e+00	3.467006e+00	3.507902e+00
3.540986e+00	3.568545e+00	3.593646e+00	3.617209e+00	3.639791e+00	3.662129e+00
3.685796e+00	3.712205e+00	3.741387e+00	3.772784e+00	3.806040e+00	3.842517e+00
3.883362e+00	3.904356e+00	3.922653e+00	3.934002e+00	3.945510e+00	3.948334e+00
3.950385e+00	3.950605e+00	3.950809e+00	3.950832e+00	3.950861e+00	3.950876e+00
3.500620e+00	3.543302e+00	3.583873e+00	3.620694e+00	3.654129e+00	3.712792e+00
3.760103e+00	3.797008e+00	3.824926e+00	3.846586e+00	3.865567e+00	3.882939e+00
3.899295e+00	3.915430e+00	3.932916e+00	3.953190e+00	3.976330e+00	4.001851e+00
4.029559e+00	4.061083e+00	4.097540e+00	4.116346e+00	4.132523e+00	4.142313e+00
4.152278e+00	4.154687e+00	4.156368e+00	4.156553e+00	4.156732e+00	4.156739e+00
4.156786e+00	4.156787e+00	3.794536e+00	3.843451e+00	3.889033e+00	3.928741e+00
3.963184e+00	4.019995e+00	4.062066e+00	4.092960e+00	4.114665e+00	4.130057e+00
4.142839e+00	4.154061e+00	4.164192e+00	4.173792e+00	4.183969e+00	4.195893e+00
4.210162e+00	4.227611e+00	4.249158e+00	4.275436e+00	4.305403e+00	4.320229e+00
4.333683e+00	4.342666e+00	4.350762e+00	4.352676e+00	4.354113e+00	4.354291e+00
4.354435e+00	4.354436e+00	4.354455e+00	4.354471e+00	4.096546e+00	4.154502e+00
4.207171e+00	4.250569e+00	4.285756e+00	4.338253e+00	4.371847e+00	4.394949e+00
4.410086e+00	4.419469e+00	4.425932e+00	4.430093e+00	4.432090e+00	4.432559e+00
4.433391e+00	4.436497e+00	4.442460e+00	4.451809e+00	4.465204e+00	4.483350e+00
4.505242e+00	4.516180e+00	4.526514e+00	4.533798e+00	4.539969e+00	4.541429e+00
4.542571e+00	4.542720e+00	4.542834e+00	4.542834e+00	4.542842e+00	4.542859e+00
4.405317e+00	4.474419e+00	4.535707e+00	4.583253e+00	4.618736e+00	4.664426e+00
4.686495e+00	4.700037e+00	4.708038e+00	4.711383e+00	4.711224e+00	4.707419e+00
4.699627e+00	4.688820e+00	4.678622e+00	4.672376e+00	4.670232e+00	4.671201e+00
4.674691e+00	4.682307e+00	4.694662e+00	4.701600e+00	4.708355e+00	4.713186e+00
4.717269e+00	4.718270e+00	4.719061e+00	4.719159e+00	4.719241e+00	4.719239e+00
4.719249e+00	4.719259e+00	4.724251e+00	4.801487e+00	4.868864e+00	4.918995e+00
4.954087e+00	4.993224e+00	5.004533e+00	5.007929e+00	5.006924e+00	5.001774e+00
4.992839e+00	4.979586e+00	4.961356e+00	4.939329e+00	4.918119e+00	4.901823e+00
4.890292e+00	4.881499e+00	4.874006e+00	4.870090e+00	4.871666e+00	4.873918e+00
4.876458e+00	4.878425e+00	4.879964e+00	4.880396e+00	4.880759e+00	4.880792e+00
4.880826e+00	4.880816e+00	4.880826e+00	4.880836e+00	5.070748e+00	5.132150e+00
5.187715e+00	5.232438e+00	5.267353e+00	5.314950e+00	5.335895e+00	5.336177e+00
5.319817e+00	5.293270e+00	5.264523e+00	5.235438e+00	5.206129e+00	5.177322e+00
5.150136e+00	5.125651e+00	5.103608e+00	5.082738e+00	5.062455e+00	5.045498e+00
5.035381e+00	5.033032e+00	5.030905e+00	5.029025e+00	5.027622e+00	5.027380e+00
5.027158e+00	5.027122e+00	5.027088e+00	5.027088e+00	5.027101e+00	5.027109e+00
5.407541e+00	5.470801e+00	5.526738e+00	5.570265e+00	5.602871e+00	5.643153e+00
5.652969e+00	5.640628e+00	5.611619e+00	5.572598e+00	5.531645e+00	5.490744e+00
5.449990e+00	5.409997e+00	5.371694e+00	5.336103e+00	5.302825e+00	5.270214e+00
5.237405e+00	5.207630e+00	5.185151e+00	5.176976e+00	5.169405e+00	5.163624e+00
5.158488e+00	5.157363e+00	5.156454e+00	5.156327e+00	5.156225e+00	5.156219e+00
5.156221e+00	5.156237e+00	5.720785e+00	5.812423e+00	5.888841e+00	5.938600e+00
5.965359e+00	5.973019e+00	5.942450e+00	5.905921e+00	5.868331e+00	5.828872e+00
5.786443e+00	5.739715e+00	5.687306e+00	5.630327e+00	5.574488e+00	5.524570e+00
5.479711e+00	5.436342e+00	5.391893e+00	5.350104e+00	5.314935e+00	5.299715e+00
5.285965e+00	5.276285e+00	5.266676e+00	5.264466e+00	5.262776e+00	5.262536e+00
5.262366e+00	5.262336e+00	5.262316e+00	5.262346e+00	6.055784e+00	6.149030e+00
6.224836e+00	6.270796e+00	6.291339e+00	6.282508e+00	6.232774e+00	6.178480e+00
6.125120e+00	6.071307e+00	6.015392e+00	5.955844e+00	5.891357e+00	5.822739e+00
5.755416e+00	5.693835e+00	5.637087e+00	5.581539e+00	5.524677e+00	5.470430e+00
5.422585e+00	5.400781e+00	5.380671e+00	5.366322e+00	5.352212e+00	5.348895e+00
5.346335e+00	5.345983e+00	5.345728e+00	5.345684e+00	5.345663e+00	5.345689e+00
6.403824e+00	6.487545e+00	6.554607e+00	6.592652e+00	6.605967e+00	6.584056e+00
6.520815e+00	6.449613e+00	6.376566e+00	6.302593e+00	6.228618e+00	6.153647e+00
6.076605e+00	5.997629e+00	5.920436e+00	5.847890e+00	5.779150e+00	5.711114e+00
5.641821e+00	5.575200e+00	5.514659e+00	5.486176e+00	5.459348e+00	5.439856e+00
5.421067e+00	5.416573e+00	5.413060e+00	5.412594e+00	5.412246e+00	5.412188e+00
5.412169e+00	5.412186e+00	6.750595e+00	6.824303e+00	6.881497e+00	6.909804e+00
6.913610e+00	6.873491e+00	6.791610e+00	6.699648e+00	6.604471e+00	6.508772e+00
6.415513e+00	6.324278e+00	6.234191e+00	6.144618e+00	6.057518e+00	5.974024e+00
5.893473e+00	5.813614e+00	5.733313e+00	5.655936e+00	5.581223e+00	5.544421e+00
5.508743e+00	5.482204e+00	5.457421e+00	5.451317e+00	5.446467e+00	5.445857e+00
5.445390e+00	5.445303e+00	5.445279e+00	5.445281e+00	7.092609e+00	7.153190e+00
7.197563e+00	7.213583e+00	7.205741e+00	7.144036e+00	7.040766e+00	6.925491e+00
6.805963e+00	6.686757e+00	6.572917e+00	6.464692e+00	6.361302e+00	6.261282e+00
6.164817e+00	6.071259e+00	5.980086e+00	5.889713e+00	5.799571e+00	5.712439e+00
5.625592e+00	5.581580e+00	5.538359e+00	5.506008e+00	5.476561e+00	5.469224e+00
5.463358e+00	5.462642e+00	5.462086e+00	5.461977e+00	5.461947e+00	5.461938e+00
7.431693e+00	7.469893e+00	7.493843e+00	7.493129e+00	7.471910e+00	7.389959e+00
7.268598e+00	7.129675e+00	6.981850e+00	6.833344e+00	6.693271e+00	6.563679e+00
6.444510e+00	6.330096e+00	6.222636e+00	6.120238e+00	6.021245e+00	5.921445e+00
5.817638e+00	5.714546e+00	5.624064e+00	5.578232e+00	5.532329e+00	5.497093e+00
5.465956e+00	5.458224e+00	5.451894e+00	5.451129e+00	5.450541e+00	5.450423e+00
5.450401e+00	5.450374e+00	7.770870e+00	7.780728e+00	7.779569e+00	7.759325e+00
7.723411e+00	7.621000e+00	7.482317e+00	7.319035e+00	7.141054e+00	6.961360e+00
6.794011e+00	6.643069e+00	6.508997e+00	6.381216e+00	6.264089e+00	6.154454e+00
6.049373e+00	5.942127e+00	5.827790e+00	5.713164e+00	5.611493e+00	5.560657e+00
5.507222e+00	5.463868e+00	5.428153e+00	5.419367e+00	5.411770e+00	5.410868e+00
5.410192e+00	5.410050e+00	5.410054e+00	5.409977e+00	8.100780e+00	8.085483e+00
8.060910e+00	8.020246e+00	7.966614e+00	7.834068e+00	7.667309e+00	7.473361e+00
7.263547e+00	7.053504e+00	6.859429e+00	6.683878e+00	6.527221e+00	6.392745e+00
6.272055e+00	6.159649e+00	6.052236e+00	5.942410e+00	5.824816e+00	5.705150e+00
5.588138e+00	5.531115e+00	5.469237e+00	5.417591e+00	5.377083e+00	5.367188e+00
5.358339e+00	5.357302e+00	5.356535e+00	5.356369e+00	5.356392e+00	5.356273e+00
8.414061e+00	8.378957e+00	8.334195e+00	8.272734e+00	8.198188e+00	8.025287e+00
7.820851e+00	7.592867e+00	7.353052e+00	7.117314e+00	6.902239e+00	6.703902e+00
6.528985e+00	6.380607e+00	6.247493e+00	6.124359e+00	6.007690e+00	5.889688e+00
5.764411e+00	5.637098e+00	5.513138e+00	5.451804e+00	5.385766e+00	5.331007e+00
5.287020e+00	5.276232e+00	5.266700e+00	5.265582e+00	5.264745e+00	5.264567e+00
5.264575e+00	5.264460e+00	8.721673e+00	8.663201e+00	8.594940e+00	8.509869e+00
8.412062e+00	8.195226e+00	7.950621e+00	7.686911e+00	7.415840e+00	7.151485e+00
6.907374e+00	6.699370e+00	6.516115e+00	6.350524e+00	6.202933e+00	6.067671e+00
5.940554e+00	5.813657e+00	5.680767e+00	5.546258e+00	5.415331e+00	5.350187e+00
5.281018e+00	5.224211e+00	5.176795e+00	5.165120e+00	5.155022e+00	5.153830e+00
5.152915e+00	5.152735e+00	5.152729e+00	5.152629e+00	9.021817e+00	8.935432e+00
8.839752e+00	8.728147e+00	8.605009e+00	8.341871e+00	8.056501e+00	7.756751e+00
7.452927e+00	7.162682e+00	6.902737e+00	6.669322e+00	6.465659e+00	6.286351e+00
6.125837e+00	5.978500e+00	5.840317e+00	5.704261e+00	5.564614e+00	5.424328e+00
5.287250e+00	5.219414e+00	5.148982e+00	5.091928e+00	5.041298e+00	5.028789e+00
5.018318e+00	5.017069e+00	5.016069e+00	5.015906e+00	5.015876e+00	5.015803e+00
9.307780e+00	9.193742e+00	9.070083e+00	8.930334e+00	8.779610e+00	8.464902e+00
8.133098e+00	7.795657e+00	7.465743e+00	7.150726e+00	6.865657e+00	6.614542e+00
6.394374e+00	6.199491e+00	6.023853e+00	5.862322e+00	5.711132e+00	5.564622e+00
5.417945e+00	5.272091e+00	5.129504e+00	5.059896e+00	4.989826e+00	4.934138e+00
4.880477e+00	4.867233e+00	4.856550e+00	4.855261e+00	4.854176e+00	4.854058e+00
4.853964e+00	4.853927e+00	9.552139e+00	9.443505e+00	9.316038e+00	9.156336e+00
8.973417e+00	8.579271e+00	8.171117e+00	7.782443e+00	7.430265e+00	7.104936e+00
6.811752e+00	6.551300e+00	6.315526e+00	6.098081e+00	5.898751e+00	5.718054e+00
5.552561e+00	5.396777e+00	5.244973e+00	5.093439e+00	4.943814e+00	4.873449e+00
4.804638e+00	4.750454e+00	4.694008e+00	4.680363e+00	4.669529e+00	4.668107e+00
4.667022e+00	4.666905e+00	4.666799e+00	4.666784e+00	9.790005e+00	9.677185e+00
9.538340e+00	9.354772e+00	9.138729e+00	8.668438e+00	8.188372e+00	7.760284e+00
7.379536e+00	7.042097e+00	6.741158e+00	6.470199e+00	6.217672e+00	5.977379e+00
5.754936e+00	5.555753e+00	5.376450e+00	5.210801e+00	5.052061e+00	4.893721e+00
4.737745e+00	4.666819e+00	4.598844e+00	4.545502e+00	4.486807e+00	4.472899e+00
4.461920e+00	4.460389e+00	4.459303e+00	4.459186e+00	4.459069e+00	4.459082e+00
1.003151e+01	9.889312e+00	9.719620e+00	9.503212e+00	9.253889e+00	8.722150e+00
8.194201e+00	7.727220e+00	7.320997e+00	6.964170e+00	6.645358e+00	6.356711e+00
6.085685e+00	5.826341e+00	5.586010e+00	5.371342e+00	5.179107e+00	5.001904e+00
4.832622e+00	4.665600e+00	4.504159e+00	4.431959e+00	4.363350e+00	4.309653e+00
4.249585e+00	4.235433e+00	4.224302e+00	4.222752e+00	4.221632e+00	4.221522e+00
4.221382e+00	4.221432e+00	1.032351e+01	1.009700e+01	9.851907e+00	9.579715e+00
9.292388e+00	8.719862e+00	8.183134e+00	7.691514e+00	7.258879e+00	6.874296e+00
6.528483e+00	6.215042e+00	5.924297e+00	5.650992e+00	5.398506e+00	5.170273e+00
4.964434e+00	4.775002e+00	4.596379e+00	4.421545e+00	4.250451e+00	4.172138e+00
4.100356e+00	4.047363e+00	3.986876e+00	3.971665e+00	3.960544e+00	3.959182e+00
3.957988e+00	3.957852e+00	3.957685e+00	3.957747e+00	1.062204e+01	1.029392e+01
9.965795e+00	9.639244e+00	9.319357e+00	8.714594e+00	8.157513e+00	7.649376e+00
7.189491e+00	6.773172e+00	6.396710e+00	6.056462e+00	5.747075e+00	5.463400e+00
5.201905e+00	4.961120e+00	4.741252e+00	4.539000e+00	4.351120e+00	4.168965e+00
3.987924e+00	3.902413e+00	3.826130e+00	3.773082e+00	3.712827e+00	3.696560e+00
3.685470e+00	3.684337e+00	3.683074e+00	3.682905e+00	3.682721e+00	3.682774e+00
1.084199e+01	1.045485e+01	1.007429e+01	9.706891e+00	9.356363e+00	8.708003e+00
8.122589e+00	7.587347e+00	7.098302e+00	6.654334e+00	6.254519e+00	5.895259e+00
5.571624e+00	5.277247e+00	5.004348e+00	4.748645e+00	4.512104e+00	4.294470e+00
4.094847e+00	3.905084e+00	3.719297e+00	3.630646e+00	3.549131e+00	3.491111e+00
3.431312e+00	3.415348e+00	3.404014e+00	3.402872e+00	3.401631e+00	3.401447e+00
3.401292e+00	3.401300e+00	1.100816e+01	1.058680e+01	1.017388e+01	9.776720e+00
9.398353e+00	8.696904e+00	8.065227e+00	7.493724e+00	6.977418e+00	6.512880e+00
6.098165e+00	5.727459e+00	5.393590e+00	5.088481e+00	4.802367e+00	4.529842e+00
4.274321e+00	4.038946e+00	3.825055e+00	3.626904e+00	3.440213e+00	3.351483e+00
3.263880e+00	3.196663e+00	3.137447e+00	3.122921e+00	3.111109e+00	3.109754e+00
3.108612e+00	3.108432e+00	3.108344e+00	3.108275e+00	1.118936e+01	1.072119e+01
1.026509e+01	9.831177e+00	9.420791e+00	8.673107e+00	7.999213e+00	7.397200e+00
6.858759e+00	6.377097e+00	5.947538e+00	5.563272e+00	5.216465e+00	4.898729e+00
4.599927e+00	4.314361e+00	4.045474e+00	3.797480e+00	3.571540e+00	3.363058e+00
3.169050e+00	3.077387e+00	2.986192e+00	2.915851e+00	2.856122e+00	2.841845e+00
2.829873e+00	2.828465e+00	2.827347e+00	2.827168e+00	2.827095e+00	2.826992e+00
1.137525e+01	1.085437e+01	1.035080e+01	9.878342e+00	9.436792e+00	8.635368e+00
7.925144e+00	7.296689e+00	6.740000e+00	6.244172e+00	5.800814e+00	5.402755e+00
5.042199e+00	4.711201e+00	4.400393e+00	4.104363e+00	3.825645e+00	3.568190e+00
3.331882e+00	3.112752e+00	2.909021e+00	2.813447e+00	2.720306e+00	2.649995e+00
2.589302e+00	2.574761e+00	2.562812e+00	2.561423e+00	2.560296e+00	2.560119e+00
2.560034e+00	2.559924e+00	1.155397e+01	1.098256e+01	1.043386e+01	9.925403e+00
9.454773e+00	8.604236e+00	7.859950e+00	7.206381e+00	6.632015e+00	6.122495e+00
5.665972e+00	5.254810e+00	4.881469e+00	4.538404e+00	4.216921e+00	3.911811e+00
3.624640e+00	3.358564e+00	3.112945e+00	2.884054e+00	2.671256e+00	2.572077e+00
2.477419e+00	2.407382e+00	2.345261e+00	2.330413e+00	2.318494e+00	2.317113e+00
2.315962e+00	2.315798e+00	2.315689e+00	2.315598e+00	1.172250e+01	1.110375e+01
1.051312e+01	9.971987e+00	9.475400e+00	8.579081e+00	7.803834e+00	7.126615e+00
6.535138e+00	6.012376e+00	5.543299e+00	5.119677e+00	4.734451e+00	4.380413e+00
4.049432e+00	3.736405e+00	3.441874e+00	3.167629e+00	2.913339e+00	2.675089e+00
2.453415e+00	2.350760e+00	2.254965e+00	2.185484e+00	2.121302e+00	2.106062e+00
2.094168e+00	2.092784e+00	2.091591e+00	2.091454e+00	2.091304e+00	2.091261e+00
1.188672e+01	1.122386e+01	1.059453e+01	1.002389e+01	9.503551e+00	8.572446e+00
7.763523e+00	7.064649e+00	6.456671e+00	5.920725e+00	5.439367e+00	5.003738e+00
4.607161e+00	4.242767e+00	3.902912e+00	3.582578e+00	3.281501e+00	3.000265e+00
2.738753e+00	2.492897e+00	2.263177e+00	2.156650e+00	2.058082e+00	1.987193e+00
1.921045e+00	1.905495e+00	1.893509e+00	1.892101e+00	1.890869e+00	1.890742e+00
1.890579e+00	1.890595e+00	1.204800e+01	1.134457e+01	1.068015e+01	1.008373e+01
9.543285e+00	8.572560e+00	7.743209e+00	7.023184e+00	6.398977e+00	5.850110e+00
5.356836e+00	4.909732e+00	4.502366e+00	4.128183e+00	3.779915e+00	3.452613e+00
3.145428e+00	2.858017e+00	2.590235e+00	2.338062e+00	2.100769e+00	1.989925e+00
1.887109e+00	1.813069e+00	1.744846e+00	1.728982e+00	1.716745e+00	1.715294e+00
1.714027e+00	1.713894e+00	1.713736e+00	1.713803e+00	1.220955e+01	1.146918e+01
1.077342e+01	1.015486e+01	9.597604e+00	8.595817e+00	7.739843e+00	7.005235e+00
6.368854e+00	5.807347e+00	5.302411e+00	4.844403e+00	4.426861e+00	4.043397e+00
3.686946e+00	3.352640e+00	3.039259e+00	2.745907e+00	2.472047e+00	2.213989e+00
1.968975e+00	1.853299e+00	1.745118e+00	1.666655e+00	1.595755e+00	1.579374e+00
1.566635e+00	1.565125e+00	1.563817e+00	1.563665e+00	1.563516e+00	1.563593e+00
1.237017e+01	1.159648e+01	1.087296e+01	1.023588e+01	9.664966e+00	8.636946e+00
7.761600e+00	7.015058e+00	6.369746e+00	5.795758e+00	5.278495e+00	4.808889e+00
4.380418e+00	3.986634e+00	3.620521e+00	3.279278e+00	2.960676e+00	2.662056e+00
2.382483e+00	2.118614e+00	1.865723e+00	1.745017e+00	1.631189e+00	1.547956e+00
1.473606e+00	1.456395e+00	1.442921e+00	1.441328e+00	1.439948e+00	1.439787e+00
1.439639e+00	1.439681e+00	1.253168e+01	1.172783e+01	1.097953e+01	1.032651e+01
9.744274e+00	8.693877e+00	7.801347e+00	7.038628e+00	6.378011e+00	5.798532e+00
5.276969e+00	4.803139e+00	4.370615e+00	3.972951e+00	3.603166e+00	3.254158e+00
2.925364e+00	2.617599e+00	2.329105e+00	2.055448e+00	1.791729e+00	1.665253e+00
1.545111e+00	1.456452e+00	1.377071e+00	1.358536e+00	1.343959e+00	1.342238e+00
1.340759e+00	1.340583e+00	1.340431e+00	1.340395e+00	1.269285e+01	1.186352e+01
1.109494e+01	1.042985e+01	9.839944e+00	8.774059e+00	7.870819e+00	7.100536e+00
6.434165e+00	5.846304e+00	5.316043e+00	4.833706e+00	4.392765e+00	3.986485e+00
3.607489e+00	3.250762e+00	2.915335e+00	2.600726e+00	2.305024e+00	2.022603e+00
1.748010e+00	1.614281e+00	1.486438e+00	1.391113e+00	1.304807e+00	1.284399e+00
1.268285e+00	1.266383e+00	1.264771e+00	1.264571e+00	1.264411e+00	1.264281e+00
1.284852e+01	1.199934e+01	1.121546e+01	1.054237e+01	9.948067e+00	8.872092e+00
7.962460e+00	7.185802e+00	6.513237e+00	5.919096e+00	5.382568e+00	4.893903e+00
4.446342e+00	4.032735e+00	3.645022e+00	3.280904e+00	2.939923e+00	2.619597e+00
2.317884e+00	2.028282e+00	1.741543e+00	1.594263e+00	1.451523e+00	1.346379e+00
1.251386e+00	1.228466e+00	1.210198e+00	1.208056e+00	1.206287e+00	1.206052e+00
1.205867e+00	1.205697e+00	1.299963e+01	1.213463e+01	1.133920e+01	1.066145e+01
1.006564e+01	8.984937e+00	8.073724e+00	7.293440e+00	6.616615e+00	6.017984e+00
5.477185e+00	4.984394e+00	4.532622e+00	4.114417e+00	3.721350e+00	3.348638e+00
2.996032e+00	2.663530e+00	2.348730e+00	2.042854e+00	1.738071e+00	1.582028e+00
1.428167e+00	1.313158e+00	1.208108e+00	1.182444e+00	1.161841e+00	1.159428e+00
1.157464e+00	1.157192e+00	1.156981e+00	1.156819e+00	1.314075e+01	1.226571e+01
1.146369e+01	1.078512e+01	1.019088e+01	9.110010e+00	8.199473e+00	7.416598e+00
6.735783e+00	6.132625e+00	5.587515e+00	5.090532e+00	4.634344e+00	4.211036e+00
3.811549e+00	3.430169e+00	3.066940e+00	2.722852e+00	2.395070e+00	2.072039e+00
1.747261e+00	1.586595e+00	1.426775e+00	1.297058e+00	1.175753e+00	1.146545e+00
1.122906e+00	1.120093e+00	1.117832e+00	1.117536e+00	1.117274e+00	1.117263e+00
1.327031e+01	1.239108e+01	1.158805e+01	1.091368e+01	1.032548e+01	9.252365e+00
8.347544e+00	7.565160e+00	6.882137e+00	6.275688e+00	5.727466e+00	5.227501e+00
4.768086e+00	4.340803e+00	3.935936e+00	3.547344e+00	3.175264e+00	2.820928e+00
2.481185e+00	2.142957e+00	1.795960e+00	1.618591e+00	1.437035e+00	1.289043e+00
1.151922e+00	1.118872e+00	1.092057e+00	1.088798e+00	1.086128e+00	1.085798e+00
1.085512e+00	1.085721e+00	1.339444e+01	1.250946e+01	1.170561e+01	1.103700e+01
1.045739e+01	9.398145e+00	8.502859e+00	7.725241e+00	7.043620e+00	6.436188e+00
5.885249e+00	5.381310e+00	4.917127e+00	4.484731e+00	4.074837e+00	3.681108e+00
3.302628e+00	2.938903e+00	2.585514e+00	2.228872e+00	1.856438e+00	1.662234e+00
1.458484e+00	1.293090e+00	1.133000e+00	1.095815e+00	1.066488e+00	1.062757e+00
1.059125e+00	1.058643e+00	1.058611e+00	1.059060e+00	1.351072e+01	1.262145e+01
1.181856e+01	1.115782e+01	1.058936e+01	9.549513e+00	8.667250e+00	7.897837e+00
7.220404e+00	6.613849e+00	6.060830e+00	5.552685e+00	5.083187e+00	4.645474e+00
4.231497e+00	3.834980e+00	3.452903e+00	3.081313e+00	2.713497e+00	2.336483e+00
1.936359e+00	1.723792e+00	1.497940e+00	1.307673e+00	1.117208e+00	1.075729e+00
1.044263e+00	1.040099e+00	1.035301e+00	1.034613e+00	1.034961e+00	1.035633e+00
1.357358e+01	1.270464e+01	1.191948e+01	1.127714e+01	1.072656e+01	9.712832e+00
8.843992e+00	8.080044e+00	7.402813e+00	6.794005e+00	6.238592e+00	5.728406e+00
5.257110e+00	4.817721e+00	4.402034e+00	4.003284e+00	3.617172e+00	3.237547e+00
2.855771e+00	2.457940e+00	2.027698e+00	1.794894e+00	1.544643e+00	1.327562e+00
1.108226e+00	1.056916e+00	1.024061e+00	1.020067e+00	1.013718e+00	1.012626e+00
1.013744e+00	1.014297e+00	1.359935e+01	1.276024e+01	1.200675e+01	1.139541e+01
1.087239e+01	9.895425e+00	9.040023e+00	8.276158e+00	7.591956e+00	6.975445e+00
6.416747e+00	5.907604e+00	5.440035e+00	5.005105e+00	4.591885e+00	4.191801e+00
3.800717e+00	3.412799e+00	3.018488e+00	2.600202e+00	2.137182e+00	1.882038e+00
1.605454e+00	1.362888e+00	1.103209e+00	1.039185e+00	1.005961e+00	1.002777e+00
9.945000e-01	9.927912e-01	9.950837e-01	9.951803e-01	1.364544e+01	1.282183e+01
1.208502e+01	1.149476e+01	1.099374e+01	1.004927e+01	9.212377e+00	8.458654e+00
7.778949e+00	7.164172e+00	6.607098e+00	6.099991e+00	5.634602e+00	5.201471e+00
4.788869e+00	4.387536e+00	3.993055e+00	3.599111e+00	3.194513e+00	2.757495e+00
2.261752e+00	1.982816e+00	1.675817e+00	1.403810e+00	1.103234e+00	1.025918e+00
9.897355e-01	9.868480e-01	9.769005e-01	9.747205e-01	9.780040e-01	9.775096e-01
1.370524e+01	1.288156e+01	1.215142e+01	1.157682e+01	1.109463e+01	1.017933e+01
9.364054e+00	8.627319e+00	7.960735e+00	7.355557e+00	6.804762e+00	6.301186e+00
5.837318e+00	5.404408e+00	4.991516e+00	4.589597e+00	4.193618e+00	3.796107e+00
3.383696e+00	2.930156e+00	2.402615e+00	2.098934e+00	1.757857e+00	1.452089e+00
1.106541e+00	1.016419e+00	9.752314e-01	9.721982e-01	9.606599e-01	9.581045e-01
9.623538e-01	9.610607e-01	1.374233e+01	1.292235e+01	1.220159e+01	1.164537e+01
1.118407e+01	1.029863e+01	9.506173e+00	8.787120e+00	8.134206e+00	7.539419e+00
6.996351e+00	6.498395e+00	6.038559e+00	5.608592e+00	5.197983e+00	4.797742e+00
4.402324e+00	4.003134e+00	3.584638e+00	3.115918e+00	2.557024e+00	2.228177e+00
1.852183e+00	1.510003e+00	1.116300e+00	1.011048e+00	9.615327e-01	9.581259e-01
9.460403e-01	9.432517e-01	9.474193e-01	9.455557e-01	1.376093e+01	1.294657e+01
1.223719e+01	1.170162e+01	1.126312e+01	1.040905e+01	9.641322e+00	8.941611e+00
8.303805e+00	7.720622e+00	7.186397e+00	6.695163e+00	6.240538e+00	5.814921e+00
5.408494e+00	5.012474e+00	4.620582e+00	4.222850e+00	3.800807e+00	3.317212e+00
2.723764e+00	2.367248e+00	1.954223e+00	1.575362e+00	1.139102e+00	1.017589e+00
9.433963e-01	9.398466e-01	9.361996e-01	9.339458e-01	9.297005e-01	9.312669e-01
1.377437e+01	1.296511e+01	1.226664e+01	1.175104e+01	1.133469e+01	1.051110e+01
9.768083e+00	9.088275e+00	8.466537e+00	7.896262e+00	7.372432e+00	6.889634e+00
6.442054e+00	6.022661e+00	5.622244e+00	5.232214e+00	4.845665e+00	4.451329e+00
4.027912e+00	3.531837e+00	2.905771e+00	2.521701e+00	2.070324e+00	1.651380e+00
1.166902e+00	1.026651e+00	9.298957e-01	9.252352e-01	9.263098e-01	9.243282e-01
9.146149e-01	9.183593e-01	1.378535e+01	1.298033e+01	1.229143e+01	1.179366e+01
1.139730e+01	1.060148e+01	9.881761e+00	9.221563e+00	8.616452e+00	8.060390e+00
7.548804e+00	7.076673e+00	6.638598e+00	6.227897e+00	5.835659e+00	5.453362e+00
5.073725e+00	4.684527e+00	4.262364e+00	3.758579e+00	3.106602e+00	2.697501e+00
2.207359e+00	1.743099e+00	1.197478e+00	1.036814e+00	9.228974e-01	9.158363e-01
9.153062e-01	9.131149e-01	9.034245e-01	9.069950e-01	1.380684e+01	1.300288e+01
1.232026e+01	1.183477e+01	1.145130e+01	1.067539e+01	9.973905e+00	9.330778e+00
8.741742e+00	8.200960e+00	7.703948e+00	7.245743e+00	6.820873e+00	6.422469e+00
6.041179e+00	5.668155e+00	5.296223e+00	4.913265e+00	4.495774e+00	3.994105e+00
3.331721e+00	2.901869e+00	2.367479e+00	1.847311e+00	1.230324e+00	1.049392e+00
9.228592e-01	9.108904e-01	9.031393e-01	9.011028e-01	8.954072e-01	8.964857e-01
1.382800e+01	1.302320e+01	1.234429e+01	1.186893e+01	1.149751e+01	1.074025e+01
1.005593e+01	9.429344e+00	8.856359e+00	8.331322e+00	7.849804e+00	7.406856e+00
6.996838e+00	6.612548e+00	6.243967e+00	5.881756e+00	5.518967e+00	5.143910e+00
4.733660e+00	4.239166e+00	3.574386e+00	3.126856e+00	2.546828e+00	1.965234e+00
1.267770e+00	1.065102e+00	9.228367e-01	9.069687e-01	8.913451e-01	8.895258e-01
8.884880e-01	8.867786e-01	1.382543e+01	1.302214e+01	1.234611e+01	1.188186e+01
1.152785e+01	1.079421e+01	1.012992e+01	9.521717e+00	8.965810e+00	8.456942e+00
7.990922e+00	7.562986e+00	7.167614e+00	6.797599e+00	6.442736e+00	6.093469e+00
5.742802e+00	5.378832e+00	4.977947e+00	4.488927e+00	3.817255e+00	3.353727e+00
2.738098e+00	2.103804e+00	1.318939e+00	1.088010e+00	9.223646e-01	9.018017e-01
8.827915e-01	8.809424e-01	8.813325e-01	8.784014e-01	1.379659e+01	1.300135e+01
1.233671e+01	1.188700e+01	1.154736e+01	1.083780e+01	1.019462e+01	9.605678e+00
9.067360e+00	8.574828e+00	8.124207e+00	7.711044e+00	7.330155e+00	6.974598e+00
6.634399e+00	6.300054e+00	5.964359e+00	5.614708e+00	5.225666e+00	4.741243e+00
4.059623e+00	3.582583e+00	2.942986e+00	2.268676e+00	1.391819e+00	1.124606e+00
9.209586e-01	8.960093e-01	8.764509e-01	8.744603e-01	8.741085e-01	8.712841e-01
1.376025e+01	1.297313e+01	1.231962e+01	1.188311e+01	1.155563e+01	1.087233e+01
1.025093e+01	9.681436e+00	9.160681e+00	8.684344e+00	8.248925e+00	7.850368e+00
7.483897e+00	7.143009e+00	6.818152e+00	6.500052e+00	6.181326e+00	5.848684e+00
5.474715e+00	4.998065e+00	4.308812e+00	3.818824e+00	3.155421e+00	2.442356e+00
1.477407e+00	1.173069e+00	9.230366e-01	8.927845e-01	8.704950e-01	8.684171e-01
8.659342e-01	8.652154e-01	1.371601e+01	1.293709e+01	1.229385e+01	1.187198e+01
1.156090e+01	1.090171e+01	1.030161e+01	9.751293e+00	9.247915e+00	8.787641e+00
8.367340e+00	7.983385e+00	7.631445e+00	7.305551e+00	6.996702e+00	6.695987e+00
6.395911e+00	6.082556e+00	5.726456e+00	5.260418e+00	4.565951e+00	4.064198e+00
3.378593e+00	2.628875e+00	1.577632e+00	1.234892e+00	9.301695e-01	8.904258e-01
8.649242e-01	8.627702e-01	8.574752e-01	8.598084e-01	1.368542e+01	1.291118e+01
1.227474e+01	1.186376e+01	1.156518e+01	1.092493e+01	1.034224e+01	9.808465e+00
9.320931e+00	8.876076e+00	8.470972e+00	8.102258e+00	7.765825e+00	7.455966e+00
7.163879e+00	6.880846e+00	6.599548e+00	6.306029e+00	5.970051e+00	5.521207e+00
4.833384e+00	4.325833e+00	3.620793e+00	2.832461e+00	1.686138e+00	1.301126e+00
9.398972e-01	8.904137e-01	8.591974e-01	8.568035e-01	8.516688e-01	8.549292e-01
1.366690e+01	1.289448e+01	1.226177e+01	1.185827e+01	1.156840e+01	1.094203e+01
1.037276e+01	9.852578e+00	9.378946e+00	8.948421e+00	8.558174e+00	8.204981e+00
7.884738e+00	7.591672e+00	7.316721e+00	7.051071e+00	6.787874e+00	6.513850e+00
6.199690e+00	5.775749e+00	5.110894e+00	4.606276e+00	3.885280e+00	3.055065e+00
1.803702e+00	1.372613e+00	9.569498e-01	8.958880e-01	8.528004e-01	8.499130e-01
8.478120e-01	8.506043e-01	1.365436e+01	1.288503e+01	1.225675e+01	1.185893e+01
1.157567e+01	1.096063e+01	1.040222e+01	9.893048e+00	9.430791e+00	9.012198e+00
8.634585e+00	8.294848e+00	7.989024e+00	7.711451e+00	7.453238e+00	7.205889e+00
6.963225e+00	6.712583e+00	6.424346e+00	6.025186e+00	5.380316e+00	4.885033e+00
4.171074e+00	3.319229e+00	1.942594e+00	1.448812e+00	9.682274e-01	8.989766e-01
8.528043e-01	8.496393e-01	8.469778e-01	8.469126e-01	1.363844e+01	1.287400e+01
1.225152e+01	1.186033e+01	1.158290e+01	1.097994e+01	1.043206e+01	9.932735e+00
9.479916e+00	9.070775e+00	8.703060e+00	8.374159e+00	8.080867e+00	7.818209e+00
7.577902e+00	7.351488e+00	7.131725e+00	6.904444e+00	6.638833e+00	6.261710e+00
5.641388e+00	5.163332e+00	4.470664e+00	3.609360e+00	2.103949e+00	1.535497e+00
9.788955e-01	9.019744e-01	8.542508e-01	8.507488e-01	8.462775e-01	8.437566e-01
1.359893e+01	1.284598e+01	1.223366e+01	1.185208e+01	1.158421e+01	1.099733e+01
1.046267e+01	9.974141e+00	9.530062e+00	9.128503e+00	8.768188e+00	8.447737e+00
8.165586e+00	7.918229e+00	7.698281e+00	7.496366e+00	7.300641e+00	7.091557e+00
6.837740e+00	6.480083e+00	5.901232e+00	5.447726e+00	4.764687e+00	3.877917e+00
2.279366e+00	1.646059e+00	1.003773e+00	9.137845e-01	8.529773e-01	8.486045e-01
8.416583e-01	8.410414e-01	1.359337e+01	1.284533e+01	1.223827e+01	1.186064e+01
1.159432e+01	1.101256e+01	1.048402e+01	1.000337e+01	9.568741e+00	9.178080e+00
8.829672e+00	8.521652e+00	8.251622e+00	8.015476e+00	7.805663e+00	7.614441e+00
7.434942e+00	7.253725e+00	7.041003e+00	6.723417e+00	6.168163e+00	5.722810e+00
5.052398e+00	4.165800e+00	2.472397e+00	1.773570e+00	1.033284e+00	9.257900e-01
8.530413e-01	8.474647e-01	8.404780e-01	8.390121e-01	1.358125e+01	1.284050e+01
1.223864e+01	1.186439e+01	1.160281e+01	1.102728e+01	1.050536e+01	1.003216e+01
9.605613e+00	9.223641e+00	8.884364e+00	8.585843e+00	8.325583e+00	8.099765e+00
7.901708e+00	7.724859e+00	7.564190e+00	7.407356e+00	7.224803e+00	6.943074e+00
6.424878e+00	5.995897e+00	5.341787e+00	4.460604e+00	2.685529e+00	1.911127e+00
1.067642e+00	9.421563e-01	8.533187e-01	8.459801e-01	8.384855e-01	8.370294e-01
1.355040e+01	1.282162e+01	1.223047e+01	1.186398e+01	1.160763e+01	1.104236e+01
1.052866e+01	1.006243e+01	9.641805e+00	9.265125e+00	8.931000e+00	8.638101e+00
8.384849e+00	8.168725e+00	7.985022e+00	7.827894e+00	7.689534e+00	7.550965e+00
7.381454e+00	7.126363e+00	6.662124e+00	6.262966e+00	5.629276e+00	4.753917e+00
2.920037e+00	2.058689e+00	1.108723e+00	9.666361e-01	8.547614e-01	8.442145e-01
8.348860e-01	8.350838e-01	1.354038e+01	1.282222e+01	1.223581e+01	1.187238e+01
1.162085e+01	1.106299e+01	1.055452e+01	1.009265e+01	9.675949e+00	9.303469e+00
8.974311e+00	8.687423e+00	8.441468e+00	8.234239e+00	8.061432e+00	7.917589e+00
7.795274e+00	7.675829e+00	7.529868e+00	7.307693e+00	6.891957e+00	6.521383e+00
5.910564e+00	5.044340e+00	3.165684e+00	2.234954e+00	1.157570e+00	9.914448e-01
8.573160e-01	8.449460e-01	8.343473e-01	8.337909e-01	1.353328e+01	1.282366e+01
1.224684e+01	1.188891e+01	1.163857e+01	1.108462e+01	1.057964e+01	1.012102e+01
9.707592e+00	9.338952e+00	9.014568e+00	8.733550e+00	8.494600e+00	8.295490e+00
8.131826e+00	7.998581e+00	7.889833e+00	7.789559e+00	7.671055e+00	7.484641e+00
7.115701e+00	6.774102e+00	6.190064e+00	5.337995e+00	3.425207e+00	2.433959e+00
1.213557e+00	1.018673e+00	8.610886e-01	8.464498e-01	8.340020e-01	8.327025e-01
1.352600e+01	1.282627e+01	1.225869e+01	1.190284e+01	1.165193e+01	1.109959e+01
1.059721e+01	1.014199e+01	9.732799e+00	9.368912e+00	9.049645e+00	8.774142e+00
8.541109e+00	8.348265e+00	8.191079e+00	8.065204e+00	7.967462e+00	7.887081e+00
7.800848e+00	7.652955e+00	7.325303e+00	7.010084e+00	6.460828e+00	5.634326e+00
3.693997e+00	2.646763e+00	1.277653e+00	1.052297e+00	8.659043e-01	8.478445e-01
8.332343e-01	8.316023e-01	1.351813e+01	1.283039e+01	1.227077e+01	1.191527e+01
1.166227e+01	1.111034e+01	1.060992e+01	1.015780e+01	9.752913e+00	9.393870e+00
9.079544e+00	8.808991e+00	8.580883e+00	8.392879e+00	8.240320e+00	8.119652e+00
8.030851e+00	7.969422e+00	7.916515e+00	7.807524e+00	7.516950e+00	7.226415e+00
6.718187e+00	5.927803e+00	3.970090e+00	2.874392e+00	1.353399e+00	1.095345e+00
8.728968e-01	8.493382e-01	8.321504e-01	8.305669e-01	1.348947e+01	1.282184e+01
1.227112e+01	1.192284e+01	1.166980e+01	1.112188e+01	1.062448e+01	1.017506e+01
9.772673e+00	9.416122e+00	9.104566e+00	8.837308e+00	8.613308e+00	8.430638e+00
8.285056e+00	8.173320e+00	8.095447e+00	8.046737e+00	8.009138e+00	7.926177e+00
7.684370e+00	7.428735e+00	6.962591e+00	6.212716e+00	4.261476e+00	3.107500e+00
1.440351e+00	1.147306e+00	8.818990e-01	8.509077e-01	8.321510e-01	8.298200e-01
1.343164e+01	1.279622e+01	1.227057e+01	1.192857e+01	1.167594e+01	1.113322e+01
1.063933e+01	1.019233e+01	9.791491e+00	9.436351e+00	9.126630e+00	8.861926e+00
8.641555e+00	8.464166e+00	8.326250e+00	8.224874e+00	8.158640e+00	8.119370e+00
8.089518e+00	8.027234e+00	7.837540e+00	7.621387e+00	7.198788e+00	6.493755e+00
4.567870e+00	3.350459e+00	1.539176e+00	1.208612e+00	8.931610e-01	8.526540e-01
8.323569e-01	8.292075e-01	1.337592e+01	1.277240e+01	1.227039e+01	1.193398e+01
1.168001e+01	1.114100e+01	1.064990e+01	1.020524e+01	9.806339e+00	9.453082e+00
9.145529e+00	8.883489e+00	8.666517e+00	8.493636e+00	8.361716e+00	8.268099e+00
8.211070e+00	8.181402e+00	8.162693e+00	8.122244e+00	7.978819e+00	7.798256e+00
7.419285e+00	6.762045e+00	4.877865e+00	3.611783e+00	1.649106e+00	1.276253e+00
9.062715e-01	8.555297e-01	8.327395e-01	8.286831e-01	1.332304e+01	1.275110e+01
1.227045e+01	1.193906e+01	1.168252e+01	1.114588e+01	1.065686e+01	1.021430e+01
9.817524e+00	9.466449e+00	9.161261e+00	8.901908e+00	8.688065e+00	8.518909e+00
8.391259e+00	8.302687e+00	8.252259e+00	8.232114e+00	8.228005e+00	8.210496e+00
8.106028e+00	7.956062e+00	7.619558e+00	7.011166e+00	5.184865e+00	3.893603e+00
1.773592e+00	1.352316e+00	9.226087e-01	8.618411e-01	8.340321e-01	8.282446e-01
1.327184e+01	1.273032e+01	1.227054e+01	1.194351e+01	1.168432e+01	1.114878e+01
1.066090e+01	1.021980e+01	9.824846e+00	9.476040e+00	9.173581e+00	8.917152e+00
8.706015e+00	8.539375e+00	8.414968e+00	8.331231e+00	8.287565e+00	8.276434e+00
8.285264e+00	8.290254e+00	8.221624e+00	8.096076e+00	7.799627e+00	7.248741e+00
5.499844e+00	4.179310e+00	1.910526e+00	1.439089e+00	9.416729e-01	8.689138e-01
8.369486e-01	8.278715e-01	1.322523e+01	1.271224e+01	1.227113e+01	1.194863e+01
1.168666e+01	1.115173e+01	1.066456e+01	1.022460e+01	9.831250e+00	9.484517e+00
9.184512e+00	8.930646e+00	8.721896e+00	8.557506e+00	8.436039e+00	8.356674e+00
8.319028e+00	8.315719e+00	8.335521e+00	8.359725e+00	8.324301e+00	8.223447e+00
7.966584e+00	7.468025e+00	5.802182e+00	4.479824e+00	2.065768e+00	1.535992e+00
9.642217e-01	8.787533e-01	8.391918e-01	8.276135e-01	1.318700e+01	1.269912e+01
1.227527e+01	1.195671e+01	1.169270e+01	1.115835e+01	1.067148e+01	1.023242e+01
9.840550e+00	9.495331e+00	9.196609e+00	8.944134e+00	8.737583e+00	8.576385e+00
8.458437e+00	8.382484e+00	8.348811e+00	8.351343e+00	8.380210e+00	8.417347e+00
8.412525e+00	8.344726e+00	8.130755e+00	7.662578e+00	6.064418e+00	4.815655e+00
2.249509e+00	1.639506e+00	9.909103e-01	8.965976e-01	8.364976e-01	8.275101e-01
1.315293e+01	1.268578e+01	1.227591e+01	1.196055e+01	1.169470e+01	1.116125e+01
1.067522e+01	1.023721e+01	9.846533e+00	9.502702e+00	9.205465e+00	8.954582e+00
8.749790e+00	8.590555e+00	8.475003e+00	8.402086e+00	8.372480e+00	8.380669e+00
8.417933e+00	8.468567e+00	8.488456e+00	8.443162e+00	8.268806e+00	7.853829e+00
6.344564e+00	5.121685e+00	2.449570e+00	1.763088e+00	1.022907e+00	9.117037e-01
8.387905e-01	8.275002e-01	1.312376e+01	1.267457e+01	1.227686e+01	1.196424e+01
1.169681e+01	1.116422e+01	1.067904e+01	1.024195e+01	9.852249e+00	9.509513e+00
9.213473e+00	8.963932e+00	8.760650e+00	8.603097e+00	8.489631e+00	8.419399e+00
8.393405e+00	8.406587e+00	8.451263e+00	8.514135e+00	8.555790e+00	8.530034e+00
8.392684e+00	8.032335e+00	6.620117e+00	5.425930e+00	2.667270e+00	1.900989e+00
1.059706e+00	9.289156e-01	8.420279e-01	8.274154e-01	1.309946e+01	1.266563e+01
1.227831e+01	1.196779e+01	1.169898e+01	1.116725e+01	1.068302e+01	1.024669e+01
9.857731e+00	9.515732e+00	9.220524e+00	8.972000e+00	8.769988e+00	8.613949e+00
8.502343e+00	8.434419e+00	8.411448e+00	8.428799e+00	8.479701e+00	8.553006e+00
8.613519e+00	8.605029e+00	8.501123e+00	8.191455e+00	6.879729e+00	5.727602e+00
2.902698e+00	2.053949e+00	1.103104e+00	9.507001e-01	8.457520e-01	8.269519e-01
1.307515e+01	1.265514e+01	1.227735e+01	1.196869e+01	1.169863e+01	1.116791e+01
1.068466e+01	1.024909e+01	9.860713e+00	9.519237e+00	9.224660e+00	8.976956e+00
8.776045e+00	8.621452e+00	8.511546e+00	8.445552e+00	8.424997e+00	8.445828e+00
8.502214e+00	8.584632e+00	8.660552e+00	8.666395e+00	8.593504e+00	8.334702e+00
7.122077e+00	6.015293e+00	3.156081e+00	2.225985e+00	1.153517e+00	9.765940e-01
8.502787e-01	8.266170e-01	1.305231e+01	1.264499e+01	1.227590e+01	1.196934e+01
1.169809e+01	1.116837e+01	1.068595e+01	1.025104e+01	9.863180e+00	9.522153e+00
9.228134e+00	8.981157e+00	8.781199e+00	8.627850e+00	8.519437e+00	8.455222e+00
8.436895e+00	8.460824e+00	8.521937e+00	8.612415e+00	8.702770e+00	8.721991e+00
8.676774e+00	8.464241e+00	7.356651e+00	6.304163e+00	3.425136e+00	2.414080e+00
1.210756e+00	1.007020e+00	8.556659e-01	8.263623e-01	1.303410e+01	1.263826e+01
1.227634e+01	1.197119e+01	1.169872e+01	1.116983e+01	1.068831e+01	1.025402e+01
9.866671e+00	9.526153e+00	9.232795e+00	8.986561e+00	8.787242e+00	8.634453e+00
8.527045e+00	8.464751e+00	8.449035e+00	8.475678e+00	8.539634e+00	8.636185e+00
8.743249e+00	8.777281e+00	8.749699e+00	8.564002e+00	7.585859e+00	6.616578e+00
3.694860e+00	2.608609e+00	1.276903e+00	1.045717e+00	8.626512e-01	8.263949e-01
1.301948e+01	1.263360e+01	1.227860e+01	1.197477e+01	1.170130e+01	1.117273e+01
1.069167e+01	1.025779e+01	9.870867e+00	9.530878e+00	9.238227e+00	8.992681e+00
8.793630e+00	8.640797e+00	8.533988e+00	8.473602e+00	8.460621e+00	8.489549e+00
8.554956e+00	8.656021e+00	8.780219e+00	8.829356e+00	8.811974e+00	8.641109e+00
7.802852e+00	6.942220e+00	3.963994e+00	2.810961e+00	1.355355e+00	1.096677e+00
8.720485e-01	8.266222e-01	1.300302e+01	1.262733e+01	1.227873e+01	1.197623e+01
1.170191e+01	1.117383e+01	1.069316e+01	1.025972e+01	9.873212e+00	9.533481e+00
9.241227e+00	8.996149e+00	8.797568e+00	8.645264e+00	8.539404e+00	8.481002e+00
8.469825e+00	8.500544e+00	8.566870e+00	8.671912e+00	8.808050e+00	8.869304e+00
8.866640e+00	8.717306e+00	7.987049e+00	7.224822e+00	4.254074e+00	3.036460e+00
1.443193e+00	1.152199e+00	8.815830e-01	8.266336e-01	1.298693e+01	1.262073e+01
1.227873e+01	1.197715e+01	1.170220e+01	1.117452e+01	1.069417e+01	1.026110e+01
9.874935e+00	9.535372e+00	9.243407e+00	8.998698e+00	8.800582e+00	8.648912e+00
8.544017e+00	8.487383e+00	8.477598e+00	8.509863e+00	8.577143e+00	8.685883e+00
8.831421e+00	8.902944e+00	8.915965e+00	8.791394e+00	8.153581e+00	7.483921e+00
4.563021e+00	3.284993e+00	1.541416e+00	1.213279e+00	8.917247e-01	8.266280e-01
1.298306e+01	1.261965e+01	1.227942e+01	1.197880e+01	1.170263e+01	1.117445e+01
1.069410e+01	1.026119e+01	9.875300e+00	9.536706e+00	9.245479e+00	9.001376e+00
8.803925e+00	8.652860e+00	8.547786e+00	8.488948e+00	8.479072e+00	8.513862e+00
8.590335e+00	8.705661e+00	8.852952e+00	8.924699e+00	8.955058e+00	8.868936e+00
8.311882e+00	7.681250e+00	4.884790e+00	3.564230e+00	1.650516e+00	1.277101e+00
9.041122e-01	8.265914e-01	1.298699e+01	1.262598e+01	1.228585e+01	1.198246e+01
1.170330e+01	1.117242e+01	1.069141e+01	1.025915e+01	9.874830e+00	9.537540e+00
9.247419e+00	9.004249e+00	8.807797e+00	8.657295e+00	8.550660e+00	8.488250e+00
8.474623e+00	8.514960e+00	8.609263e+00	8.738233e+00	8.872599e+00	8.936864e+00
8.983925e+00	8.952938e+00	8.460634e+00	7.815627e+00	5.218074e+00	3.886087e+00
1.773297e+00	1.342819e+00	9.205958e-01	8.263246e-01	1.298582e+01	1.262674e+01
1.228881e+01	1.198527e+01	1.170440e+01	1.117252e+01	1.069142e+01	1.025938e+01
9.875458e+00	9.539156e+00	9.249850e+00	9.007284e+00	8.811403e+00	8.661303e+00
8.554006e+00	8.489484e+00	8.475289e+00	8.518195e+00	8.621190e+00	8.755801e+00
8.890084e+00	8.953158e+00	9.012314e+00	9.011973e+00	8.590726e+00	7.979912e+00
5.535407e+00	4.193286e+00	1.919756e+00	1.425276e+00	9.395744e-01	8.261797e-01
1.297417e+01	1.262243e+01	1.228877e+01	1.198628e+01	1.170583e+01	1.117479e+01
1.069376e+01	1.026176e+01	9.877779e+00	9.541125e+00	9.251477e+00	9.008872e+00
8.813118e+00	8.663524e+00	8.557810e+00	8.495587e+00	8.482951e+00	8.525826e+00
8.624720e+00	8.759531e+00	8.901044e+00	8.973282e+00	9.041591e+00	9.054900e+00
8.700388e+00	8.163882e+00	5.837180e+00	4.487380e+00	2.091907e+00	1.526610e+00
9.620975e-01	8.261638e-01	1.294518e+01	1.260578e+01	1.228186e+01	1.198483e+01
1.170702e+01	1.117875e+01	1.069761e+01	1.026484e+01	9.879873e+00	9.542190e+00
9.251693e+00	9.008485e+00	8.812605e+00	8.663941e+00	8.561578e+00	8.505289e+00
8.497524e+00	8.535890e+00	8.617585e+00	8.743371e+00	8.904757e+00	8.991989e+00
9.071572e+00	9.092841e+00	8.790911e+00	8.324743e+00	6.133042e+00	4.787882e+00
2.280970e+00	1.641135e+00	9.895849e-01	8.264033e-01	1.294146e+01	1.260538e+01
1.228379e+01	1.198725e+01	1.170906e+01	1.118105e+01	1.069992e+01	1.026716e+01
9.882107e+00	9.544390e+00	9.253947e+00	9.011036e+00	8.815456e+00	8.667100e+00
8.565217e+00	8.509095e+00	8.501595e+00	8.540443e+00	8.622737e+00	8.750467e+00
8.915531e+00	9.006022e+00	9.091824e+00	9.125408e+00	8.877863e+00	8.468110e+00
6.418699e+00	5.094622e+00	2.486179e+00	1.785584e+00	1.021280e+00	8.263706e-01
1.293832e+01	1.260459e+01	1.228444e+01	1.198815e+01	1.170956e+01	1.118201e+01
1.070201e+01	1.026966e+01	9.884594e+00	9.546686e+00	9.255971e+00	9.012537e+00
8.816698e+00	8.668351e+00	8.566308e+00	8.510911e+00	8.504284e+00	8.544124e+00
8.628292e+00	8.756628e+00	8.924006e+00	9.017752e+00	9.108573e+00	9.152598e+00
8.957588e+00	8.593204e+00	6.689982e+00	5.407732e+00	2.709012e+00	1.942321e+00
1.057930e+00	8.263644e-01	1.293477e+01	1.260186e+01	1.228246e+01	1.198636e+01
1.170787e+01	1.118229e+01	1.070404e+01	1.027259e+01	9.887446e+00	9.548764e+00
9.257077e+00	9.012787e+00	8.816342e+00	8.667883e+00	8.566329e+00	8.511701e+00
8.506299e+00	8.547413e+00	8.632191e+00	8.759503e+00	8.928529e+00	9.027542e+00
9.122703e+00	9.174520e+00	9.028882e+00	8.699063e+00	6.941873e+00	5.724791e+00
2.950675e+00	2.105305e+00	1.101314e+00	8.264450e-01	