2.700308e+00	2.724514e+00	2.751841e+00	2.784676e+00	2.822320e+00	2.907352e+00
3.001400e+00	3.097563e+00	3.193254e+00	3.286606e+00	3.375232e+00	3.461584e+00
3.551965e+00	3.646661e+00	3.734112e+00	3.804406e+00	3.861626e+00	3.922338e+00
4.001945e+00	4.094471e+00	4.207769e+00	4.282826e+00	4.352628e+00	4.390138e+00
4.395601e+00	4.395468e+00	4.395493e+00	4.395355e+00	4.395505e+00	4.395569e+00
4.395399e+00	4.395738e+00	2.834907e+00	2.860305e+00	2.888595e+00	2.921986e+00
2.959819e+00	3.044376e+00	3.136885e+00	3.230696e+00	3.323316e+00	3.413003e+00
3.497574e+00	3.579433e+00	3.664668e+00	3.753548e+00	3.835046e+00	3.899822e+00
3.951922e+00	4.007305e+00	4.080746e+00	4.166595e+00	4.272206e+00	4.342316e+00
4.407333e+00	4.441987e+00	4.446416e+00	4.446101e+00	4.445973e+00	4.445823e+00
4.445950e+00	4.446009e+00	4.445846e+00	4.446166e+00	2.976216e+00	3.002865e+00
3.032146e+00	3.066067e+00	3.104017e+00	3.187858e+00	3.278485e+00	3.369550e+00
3.458674e+00	3.544262e+00	3.624349e+00	3.701294e+00	3.780947e+00	3.863568e+00
3.938708e+00	3.997633e+00	4.044330e+00	4.094112e+00	4.161098e+00	4.239989e+00
4.337630e+00	4.402633e+00	4.462726e+00	4.494448e+00	4.497819e+00	4.497317e+00
4.497033e+00	4.496871e+00	4.496974e+00	4.497026e+00	4.496873e+00	4.497172e+00
3.124568e+00	3.152529e+00	3.182830e+00	3.217253e+00	3.255240e+00	3.338103e+00
3.426477e+00	3.514372e+00	3.599546e+00	3.680568e+00	3.755720e+00	3.827304e+00
3.900915e+00	3.976813e+00	4.045172e+00	4.097896e+00	4.138899e+00	4.182800e+00
4.243033e+00	4.314676e+00	4.404056e+00	4.463787e+00	4.518816e+00	4.547529e+00
4.549816e+00	4.549123e+00	4.548679e+00	4.548505e+00	4.548583e+00	4.548630e+00
4.548485e+00	4.548763e+00	3.280316e+00	3.309654e+00	3.341003e+00	3.375894e+00
3.413831e+00	3.495428e+00	3.581150e+00	3.665418e+00	3.746155e+00	3.822116e+00
3.891853e+00	3.957603e+00	4.024690e+00	4.093378e+00	4.154513e+00	4.200674e+00
4.235679e+00	4.273409e+00	4.326582e+00	4.390679e+00	4.471499e+00	4.525791e+00
4.575610e+00	4.601237e+00	4.602413e+00	4.601526e+00	4.600918e+00	4.600732e+00
4.600785e+00	4.600825e+00	4.600690e+00	4.600946e+00	3.443826e+00	3.474609e+00
3.507036e+00	3.542356e+00	3.580147e+00	3.660169e+00	3.742805e+00	3.822956e+00
3.898736e+00	3.969108e+00	4.032920e+00	4.092339e+00	4.152393e+00	4.213359e+00
4.266810e+00	4.306029e+00	4.334722e+00	4.365981e+00	4.411775e+00	4.468021e+00
4.539975e+00	4.588656e+00	4.633118e+00	4.655580e+00	4.655619e+00	4.654533e+00
4.653758e+00	4.653558e+00	4.653586e+00	4.653620e+00	4.653494e+00	4.653728e+00
3.615487e+00	3.647785e+00	3.681320e+00	3.717028e+00	3.754567e+00	3.832673e+00
3.911756e+00	3.987266e+00	4.057532e+00	4.121753e+00	4.179101e+00	4.231661e+00
4.284148e+00	4.336856e+00	4.382143e+00	4.414027e+00	4.436081e+00	4.460558e+00
4.498646e+00	4.546725e+00	4.609500e+00	4.652394e+00	4.691348e+00	4.710564e+00
4.709440e+00	4.708150e+00	4.707204e+00	4.706991e+00	4.706992e+00	4.707020e+00
4.706904e+00	4.707115e+00	3.795705e+00	3.829593e+00	3.864265e+00	3.900312e+00
3.937484e+00	4.013308e+00	4.088335e+00	4.158637e+00	4.222795e+00	4.280269e+00
4.330580e+00	4.375727e+00	4.420083e+00	4.463974e+00	4.500593e+00	4.524734e+00
4.539810e+00	4.557184e+00	4.587228e+00	4.626815e+00	4.680089e+00	4.717017e+00
4.750311e+00	4.766197e+00	4.763883e+00	4.762385e+00	4.761264e+00	4.761037e+00
4.761012e+00	4.761033e+00	4.760927e+00	4.761115e+00	3.984905e+00	4.020463e+00
4.056302e+00	4.092633e+00	4.129312e+00	4.202456e+00	4.272884e+00	4.337374e+00
4.394789e+00	4.444881e+00	4.487549e+00	4.524698e+00	4.560331e+00	4.594818e+00
4.622244e+00	4.638217e+00	4.645964e+00	4.655903e+00	4.677553e+00	4.708316e+00
4.751759e+00	4.782539e+00	4.810015e+00	4.822488e+00	4.818956e+00	4.817245e+00
4.815945e+00	4.815704e+00	4.815652e+00	4.815666e+00	4.815570e+00	4.815734e+00
4.183537e+00	4.220845e+00	4.257882e+00	4.294438e+00	4.330486e+00	4.400518e+00
4.465764e+00	4.523792e+00	4.573789e+00	4.615823e+00	4.650209e+00	4.678740e+00
4.705029e+00	4.729496e+00	4.747184e+00	4.754547e+00	4.754601e+00	4.756761e+00
4.769658e+00	4.791253e+00	4.824527e+00	4.848970e+00	4.870469e+00	4.879443e+00
4.874665e+00	4.872737e+00	4.871254e+00	4.870999e+00	4.870918e+00	4.870926e+00
4.870840e+00	4.870980e+00	4.392070e+00	4.431215e+00	4.469480e+00	4.506194e+00
4.541461e+00	4.607916e+00	4.667350e+00	4.718223e+00	4.760080e+00	4.793340e+00
4.818764e+00	4.838026e+00	4.854319e+00	4.868123e+00	4.875501e+00	4.873794e+00
4.865778e+00	4.859803e+00	4.863576e+00	4.875651e+00	4.898409e+00	4.916324e+00
4.931683e+00	4.937071e+00	4.931019e+00	4.928868e+00	4.927198e+00	4.926929e+00
4.926819e+00	4.926820e+00	4.926744e+00	4.926860e+00	4.610997e+00	4.652069e+00
4.691594e+00	4.728391e+00	4.762714e+00	4.825088e+00	4.878036e+00	4.921011e+00
4.953958e+00	4.977684e+00	4.993428e+00	5.002736e+00	5.008345e+00	5.010812e+00
5.007287e+00	4.996032e+00	4.979554e+00	4.965078e+00	4.959343e+00	4.961535e+00
4.973422e+00	4.984614e+00	4.993666e+00	4.995380e+00	4.988023e+00	4.985645e+00
4.983784e+00	4.983500e+00	4.983362e+00	4.983355e+00	4.983291e+00	4.983381e+00
4.840837e+00	4.883931e+00	4.924745e+00	4.961545e+00	4.994747e+00	5.052495e+00
5.098233e+00	5.132514e+00	5.155732e+00	5.169117e+00	5.174424e+00	5.173053e+00
5.167259e+00	5.157684e+00	5.142634e+00	5.121336e+00	5.095991e+00	5.072633e+00
5.056996e+00	5.048932e+00	5.049585e+00	5.053852e+00	5.056428e+00	5.054377e+00
5.045687e+00	5.043077e+00	5.041021e+00	5.040722e+00	5.040553e+00	5.040539e+00
5.040486e+00	5.040550e+00	5.082133e+00	5.127350e+00	5.169483e+00	5.206195e+00
5.238083e+00	5.290620e+00	5.328369e+00	5.353107e+00	5.365725e+00	5.367912e+00
5.361980e+00	5.349168e+00	5.331215e+00	5.308861e+00	5.281641e+00	5.249782e+00
5.215151e+00	5.182518e+00	5.156571e+00	5.137869e+00	5.126913e+00	5.124052e+00
5.119979e+00	5.114071e+00	5.104017e+00	5.101170e+00	5.098914e+00	5.098600e+00
5.098401e+00	5.098379e+00	5.098337e+00	5.098375e+00	5.335457e+00	5.382900e+00
5.426384e+00	5.462909e+00	5.493275e+00	5.539968e+00	5.568894e+00	5.583182e+00
5.584271e+00	5.574353e+00	5.556335e+00	5.531279e+00	5.500373e+00	5.464469e+00
5.424404e+00	5.381450e+00	5.337097e+00	5.294783e+00	5.258108e+00	5.228372e+00
5.205426e+00	5.195227e+00	5.184329e+00	5.174470e+00	5.163022e+00	5.159932e+00
5.157473e+00	5.157143e+00	5.156913e+00	5.156883e+00	5.156853e+00	5.156863e+00
5.604578e+00	5.654555e+00	5.699634e+00	5.736108e+00	5.764992e+00	5.805718e+00
5.825471e+00	5.828817e+00	5.817806e+00	5.795205e+00	5.764606e+00	5.726803e+00
5.682257e+00	5.631901e+00	5.578198e+00	5.523696e+00	5.469413e+00	5.417177e+00
5.369300e+00	5.328060e+00	5.292386e+00	5.273986e+00	5.255438e+00	5.241274e+00
5.228770e+00	5.225535e+00	5.222945e+00	5.222611e+00	5.222354e+00	5.222316e+00
5.222303e+00	5.222279e+00	5.884843e+00	5.937337e+00	5.983897e+00	6.020036e+00
6.047013e+00	6.080659e+00	6.089903e+00	6.080936e+00	6.056477e+00	6.019896e+00
5.975479e+00	5.923787e+00	5.864607e+00	5.798998e+00	5.730969e+00	5.664250e+00
5.599385e+00	5.536652e+00	5.477136e+00	5.424001e+00	5.375421e+00	5.349052e+00
5.323119e+00	5.304732e+00	5.290874e+00	5.287416e+00	5.284635e+00	5.284288e+00
5.283999e+00	5.283953e+00	5.283954e+00	5.283900e+00	6.163766e+00	6.217985e+00
6.265073e+00	6.299638e+00	6.323241e+00	6.346530e+00	6.341887e+00	6.317536e+00
6.276886e+00	6.223794e+00	6.163068e+00	6.095351e+00	6.020349e+00	5.939447e+00
5.857159e+00	5.777650e+00	5.701225e+00	5.627462e+00	5.556860e+00	5.492876e+00
5.432100e+00	5.400046e+00	5.369047e+00	5.347282e+00	5.330370e+00	5.326230e+00
5.322917e+00	5.322506e+00	5.322164e+00	5.322110e+00	5.322103e+00	5.322042e+00
6.439548e+00	6.494577e+00	6.541126e+00	6.572782e+00	6.591476e+00	6.601112e+00
6.579337e+00	6.536784e+00	6.477571e+00	6.405943e+00	6.327105e+00	6.242025e+00
6.150706e+00	6.054889e+00	5.958819e+00	5.866581e+00	5.778446e+00	5.693829e+00
5.612944e+00	5.539033e+00	5.468487e+00	5.432667e+00	5.398406e+00	5.374231e+00
5.354367e+00	5.349558e+00	5.345732e+00	5.345255e+00	5.344867e+00	5.344807e+00
5.344788e+00	5.344728e+00	6.714031e+00	6.768771e+00	6.813544e+00	6.840844e+00
6.853043e+00	6.845706e+00	6.803448e+00	6.739593e+00	6.659045e+00	6.566535e+00
6.467737e+00	6.363958e+00	6.255499e+00	6.144366e+00	6.034319e+00	5.929340e+00
5.826568e+00	5.727161e+00	5.631941e+00	5.542689e+00	5.467917e+00	5.431289e+00
5.396398e+00	5.371624e+00	5.350549e+00	5.345457e+00	5.341408e+00	5.340897e+00
5.340490e+00	5.340430e+00	5.340405e+00	5.340352e+00	6.989711e+00	7.043295e+00
7.085310e+00	7.107090e+00	7.111513e+00	7.084573e+00	7.019312e+00	6.931994e+00
6.828371e+00	6.713688e+00	6.594114e+00	6.471275e+00	6.345742e+00	6.219693e+00
6.096300e+00	5.979455e+00	5.863024e+00	5.750389e+00	5.643458e+00	5.543681e+00
5.460046e+00	5.421208e+00	5.384671e+00	5.358271e+00	5.333721e+00	5.327827e+00
5.323150e+00	5.322538e+00	5.322079e+00	5.322019e+00	5.321981e+00	5.321946e+00
7.266140e+00	7.317393e+00	7.355371e+00	7.370165e+00	7.365229e+00	7.315463e+00
7.224085e+00	7.110531e+00	6.981455e+00	6.842609e+00	6.700637e+00	6.557329e+00
6.413306e+00	6.270714e+00	6.130605e+00	5.995605e+00	5.871157e+00	5.753941e+00
5.642988e+00	5.539766e+00	5.444550e+00	5.402934e+00	5.364422e+00	5.336132e+00
5.307638e+00	5.300859e+00	5.295499e+00	5.294778e+00	5.294262e+00	5.294202e+00
5.294148e+00	5.294132e+00	7.539963e+00	7.587466e+00	7.619913e+00	7.626083e+00
7.610087e+00	7.534228e+00	7.413857e+00	7.271808e+00	7.115700e+00	6.951784e+00
6.787188e+00	6.623788e+00	6.462275e+00	6.305227e+00	6.149075e+00	5.998517e+00
5.860692e+00	5.730433e+00	5.607334e+00	5.492587e+00	5.389991e+00	5.346792e+00
5.307290e+00	5.278142e+00	5.247530e+00	5.240288e+00	5.234587e+00	5.233809e+00
5.233261e+00	5.233202e+00	5.233135e+00	5.233124e+00	7.813351e+00	7.855717e+00
7.881151e+00	7.877071e+00	7.848338e+00	7.743200e+00	7.591045e+00	7.418268e+00
7.233431e+00	7.043226e+00	6.855131e+00	6.670875e+00	6.491166e+00	6.313333e+00
6.147499e+00	5.989913e+00	5.837154e+00	5.692733e+00	5.557085e+00	5.430693e+00
5.319838e+00	5.274498e+00	5.233549e+00	5.203373e+00	5.170843e+00	5.163203e+00
5.157211e+00	5.156388e+00	5.155813e+00	5.155750e+00	5.155678e+00	5.155672e+00
8.085766e+00	8.121471e+00	8.138294e+00	8.122264e+00	8.079077e+00	7.941559e+00
7.755094e+00	7.549769e+00	7.335060e+00	7.118018e+00	6.906340e+00	6.701352e+00
6.501710e+00	6.313530e+00	6.130284e+00	5.955755e+00	5.790458e+00	5.634203e+00
5.487175e+00	5.349970e+00	5.230058e+00	5.181723e+00	5.138573e+00	5.107114e+00
5.073132e+00	5.065235e+00	5.059066e+00	5.058223e+00	5.057629e+00	5.057557e+00
5.057487e+00	5.057489e+00	8.357811e+00	8.385167e+00	8.391638e+00	8.361847e+00
8.302415e+00	8.129400e+00	7.906195e+00	7.666671e+00	7.421154e+00	7.176874e+00
6.941486e+00	6.715703e+00	6.501036e+00	6.293473e+00	6.095564e+00	5.907348e+00
5.729132e+00	5.560529e+00	5.401505e+00	5.252901e+00	5.122912e+00	5.070490e+00
5.024116e+00	4.990980e+00	4.955985e+00	4.947980e+00	4.941771e+00	4.940932e+00
4.940332e+00	4.940252e+00	4.940182e+00	4.940192e+00	8.628659e+00	8.645912e+00
8.640256e+00	8.594881e+00	8.517460e+00	8.306001e+00	8.043977e+00	7.769065e+00
7.492347e+00	7.221215e+00	6.963166e+00	6.713485e+00	6.483030e+00	6.258917e+00
6.046090e+00	5.844144e+00	5.653106e+00	5.472045e+00	5.300586e+00	5.140041e+00
4.998858e+00	4.941060e+00	4.890265e+00	4.854967e+00	4.819521e+00	4.811569e+00
4.805436e+00	4.804610e+00	4.804026e+00	4.803951e+00	4.803887e+00	4.803880e+00
8.896274e+00	8.903181e+00	8.885186e+00	8.823689e+00	8.727383e+00	8.475075e+00
8.171466e+00	7.859104e+00	7.549796e+00	7.250569e+00	6.968323e+00	6.706051e+00
6.453522e+00	6.213499e+00	5.985905e+00	5.770484e+00	5.566894e+00	5.373433e+00
5.189244e+00	5.016358e+00	4.863027e+00	4.798718e+00	4.742336e+00	4.704302e+00
4.668994e+00	4.661329e+00	4.655209e+00	4.654361e+00	4.653815e+00	4.653761e+00
4.653678e+00	4.653667e+00	9.167367e+00	9.158667e+00	9.123017e+00	9.040888e+00
8.922309e+00	8.625752e+00	8.280806e+00	7.932559e+00	7.592723e+00	7.267856e+00
6.964319e+00	6.679992e+00	6.411045e+00	6.154807e+00	5.912420e+00	5.683502e+00
5.467294e+00	5.261287e+00	5.064109e+00	4.878540e+00	4.711972e+00	4.639973e+00
4.576923e+00	4.535554e+00	4.499724e+00	4.492054e+00	4.486264e+00	4.485514e+00
4.484974e+00	4.484914e+00	4.484864e+00	4.484824e+00	9.570193e+00	9.466431e+00
9.352639e+00	9.213608e+00	9.054515e+00	8.708847e+00	8.340769e+00	7.977372e+00
7.627465e+00	7.282357e+00	6.959378e+00	6.656064e+00	6.367383e+00	6.091791e+00
5.830883e+00	5.583684e+00	5.350172e+00	5.129490e+00	4.921140e+00	4.725522e+00
4.548299e+00	4.471767e+00	4.406650e+00	4.364159e+00	4.316002e+00	4.302696e+00
4.301676e+00	4.302693e+00	4.301630e+00	4.301123e+00	4.301950e+00	4.301374e+00
9.982729e+00	9.776919e+00	9.578054e+00	9.377482e+00	9.175720e+00	8.781013e+00
8.391698e+00	8.014372e+00	7.653182e+00	7.293082e+00	6.951620e+00	6.627802e+00
6.318262e+00	6.022773e+00	5.743014e+00	5.477200e+00	5.226162e+00	4.990924e+00
4.771916e+00	4.566692e+00	4.378800e+00	4.297650e+00	4.230494e+00	4.186718e+00
4.124443e+00	4.104808e+00	4.108938e+00	4.111900e+00	4.110249e+00	4.109239e+00
4.111039e+00	4.109875e+00	1.016072e+01	9.988904e+00	9.797453e+00	9.582735e+00
9.357407e+00	8.912012e+00	8.476758e+00	8.059560e+00	7.655251e+00	7.282655e+00
6.924305e+00	6.577882e+00	6.251137e+00	5.940730e+00	5.648424e+00	5.371784e+00
5.110633e+00	4.864158e+00	4.631695e+00	4.412429e+00	4.208005e+00	4.115564e+00
4.037391e+00	3.987242e+00	3.926391e+00	3.908361e+00	3.910796e+00	3.913225e+00
3.911739e+00	3.910855e+00	3.912390e+00	3.911398e+00	1.024416e+01	1.013998e+01
1.000741e+01	9.822581e+00	9.599749e+00	9.108488e+00	8.592339e+00	8.104062e+00
7.646552e+00	7.229847e+00	6.846812e+00	6.491480e+00	6.159035e+00	5.842014e+00
5.544576e+00	5.264440e+00	4.999141e+00	4.743858e+00	4.495767e+00	4.258775e+00
4.032472e+00	3.922486e+00	3.824397e+00	3.762355e+00	3.717234e+00	3.707564e+00
3.702290e+00	3.701949e+00	3.701301e+00	3.701105e+00	3.701259e+00	3.701129e+00
1.041925e+01	1.033624e+01	1.020752e+01	1.001085e+01	9.766714e+00	9.218331e+00
8.643858e+00	8.107449e+00	7.630623e+00	7.187133e+00	6.785677e+00	6.417257e+00
6.073799e+00	5.746075e+00	5.438895e+00	5.149828e+00	4.875276e+00	4.608967e+00
4.347376e+00	4.096264e+00	3.852689e+00	3.730171e+00	3.618918e+00	3.548226e+00
3.503722e+00	3.495243e+00	3.487329e+00	3.486218e+00	3.485723e+00	3.485707e+00
3.485465e+00	3.485594e+00	1.068242e+01	1.055999e+01	1.039934e+01	1.017394e+01
9.902503e+00	9.299879e+00	8.678555e+00	8.108208e+00	7.604998e+00	7.146018e+00
6.728594e+00	6.346073e+00	5.989656e+00	5.649705e+00	5.330814e+00	5.030232e+00
4.743891e+00	4.465860e+00	4.192814e+00	3.930008e+00	3.671734e+00	3.539541e+00
3.418680e+00	3.340881e+00	3.289325e+00	3.278379e+00	3.270374e+00	3.269483e+00
3.268798e+00	3.268700e+00	3.268575e+00	3.268646e+00	1.097868e+01	1.078477e+01
1.055712e+01	1.027540e+01	9.960530e+00	9.318540e+00	8.686043e+00	8.107458e+00
7.580608e+00	7.105032e+00	6.669025e+00	6.269012e+00	5.897818e+00	5.545681e+00
5.215902e+00	4.905110e+00	4.608884e+00	4.322301e+00	4.041701e+00	3.767610e+00
3.492165e+00	3.351043e+00	3.221434e+00	3.136107e+00	3.076001e+00	3.064644e+00
3.055226e+00	3.054074e+00	3.053353e+00	3.053213e+00	3.053219e+00	3.053200e+00
1.133658e+01	1.101189e+01	1.067752e+01	1.032810e+01	9.976761e+00	9.306766e+00
8.677774e+00	8.095740e+00	7.558885e+00	7.065323e+00	6.606679e+00	6.183278e+00
5.793837e+00	5.429363e+00	5.089829e+00	4.770613e+00	4.467155e+00	4.176531e+00
3.893707e+00	3.608486e+00	3.311687e+00	3.162274e+00	3.024724e+00	2.930985e+00
2.859816e+00	2.850917e+00	2.838254e+00	2.836170e+00	2.835630e+00	2.835492e+00
2.835677e+00	2.835506e+00	1.158483e+01	1.119684e+01	1.080453e+01	1.040851e+01
1.002196e+01	9.316268e+00	8.666828e+00	8.068908e+00	7.514057e+00	7.000247e+00
6.522660e+00	6.083116e+00	5.682532e+00	5.310356e+00	4.964000e+00	4.638873e+00
4.329188e+00	4.032564e+00	3.743331e+00	3.447242e+00	3.134716e+00	2.977887e+00
2.832735e+00	2.731503e+00	2.650161e+00	2.640046e+00	2.625035e+00	2.622519e+00
2.621870e+00	2.621724e+00	2.621905e+00	2.621701e+00	1.176419e+01	1.134859e+01
1.092958e+01	1.050733e+01	1.009545e+01	9.337592e+00	8.648923e+00	8.016232e+00
7.436559e+00	6.904386e+00	6.415034e+00	5.968082e+00	5.563045e+00	5.187209e+00
4.836539e+00	4.507646e+00	4.192889e+00	3.889356e+00	3.591182e+00	3.284966e+00
2.961265e+00	2.797900e+00	2.645666e+00	2.537723e+00	2.446560e+00	2.432556e+00
2.415746e+00	2.413143e+00	2.412167e+00	2.412002e+00	2.412063e+00	2.411894e+00
1.193165e+01	1.148272e+01	1.103148e+01	1.057884e+01	1.013931e+01	9.338946e+00
8.611310e+00	7.950816e+00	7.349899e+00	6.800584e+00	6.299561e+00	5.846186e+00
5.437165e+00	5.058537e+00	4.704262e+00	4.372039e+00	4.053053e+00	3.743969e+00
3.438899e+00	3.124678e+00	2.791986e+00	2.623457e+00	2.464995e+00	2.350371e+00
2.248887e+00	2.230735e+00	2.211897e+00	2.209186e+00	2.207848e+00	2.207654e+00
2.207623e+00	2.207456e+00	1.206913e+01	1.158958e+01	1.110888e+01	1.062906e+01
1.016518e+01	9.320475e+00	8.559710e+00	7.873242e+00	7.252786e+00	6.688827e+00
6.178516e+00	5.722525e+00	5.312548e+00	4.933180e+00	4.575116e+00	4.236453e+00
3.909276e+00	3.591511e+00	3.279367e+00	2.961204e+00	2.627788e+00	2.457820e+00
2.292972e+00	2.169283e+00	2.059056e+00	2.035159e+00	2.014690e+00	2.012118e+00
2.010258e+00	2.010008e+00	2.009859e+00	2.009745e+00	1.221628e+01	1.169713e+01
1.117883e+01	1.066516e+01	1.017100e+01	9.286178e+00	8.493009e+00	7.783319e+00
7.146860e+00	6.572186e+00	6.054594e+00	5.595898e+00	5.183876e+00	4.802375e+00
4.440157e+00	4.095856e+00	3.763189e+00	3.440009e+00	3.123729e+00	2.803300e+00
2.469087e+00	2.297663e+00	2.127756e+00	1.996649e+00	1.877267e+00	1.848872e+00
1.826433e+00	1.823796e+00	1.821527e+00	1.821237e+00	1.821006e+00	1.820917e+00
1.238443e+01	1.181057e+01	1.124280e+01	1.068875e+01	1.016310e+01	9.226990e+00
8.404330e+00	7.676683e+00	7.029483e+00	6.449125e+00	5.926643e+00	5.464129e+00
5.047766e+00	4.661608e+00	4.294738e+00	3.946547e+00	3.612962e+00	3.289362e+00
2.972696e+00	2.651297e+00	2.314721e+00	2.141131e+00	1.967601e+00	1.831127e+00
1.701507e+00	1.670203e+00	1.645221e+00	1.642230e+00	1.639699e+00	1.639389e+00
1.639119e+00	1.639019e+00	1.254795e+01	1.191672e+01	1.129730e+01	1.070146e+01
1.014576e+01	9.160438e+00	8.308226e+00	7.562691e+00	6.903835e+00	6.317289e+00
5.792080e+00	5.326369e+00	4.906447e+00	4.516530e+00	4.145797e+00	3.793534e+00
3.459247e+00	3.136063e+00	2.820515e+00	2.500531e+00	2.164810e+00	1.990517e+00
1.813935e+00	1.672133e+00	1.533514e+00	1.499312e+00	1.471951e+00	1.468656e+00
1.465869e+00	1.465534e+00	1.465229e+00	1.465135e+00	1.271332e+01	1.202120e+01
1.134792e+01	1.071084e+01	1.012041e+01	9.088066e+00	8.206987e+00	7.444251e+00
6.774234e+00	6.181879e+00	5.655188e+00	5.186784e+00	4.763699e+00	4.370498e+00
3.996517e+00	3.640581e+00	3.305984e+00	2.984247e+00	2.671130e+00	2.354235e+00
2.021433e+00	1.847525e+00	1.668891e+00	1.522694e+00	1.376749e+00	1.340109e+00
1.310724e+00	1.307172e+00	1.304174e+00	1.303815e+00	1.303484e+00	1.303404e+00
1.288607e+01	1.212826e+01	1.139761e+01	1.071762e+01	1.009332e+01	9.013397e+00
8.102317e+00	7.322412e+00	6.642792e+00	6.045158e+00	5.517094e+00	5.046813e+00
4.620880e+00	4.224796e+00	3.848037e+00	3.488952e+00	3.153470e+00	2.834130e+00
2.524697e+00	2.212504e+00	1.884562e+00	1.712099e+00	1.532403e+00	1.382769e+00
1.231162e+00	1.192533e+00	1.161476e+00	1.157732e+00	1.154559e+00	1.154172e+00
1.153823e+00	1.153771e+00	1.306894e+01	1.223916e+01	1.144687e+01	1.072286e+01
1.006586e+01	8.938479e+00	7.996645e+00	7.199242e+00	6.511215e+00	5.908652e+00
5.379085e+00	4.907362e+00	4.478616e+00	4.079806e+00	3.700682e+00	3.339069e+00
3.002247e+00	2.686114e+00	2.381381e+00	2.075275e+00	1.754030e+00	1.584002e+00
1.404218e+00	1.252058e+00	1.095986e+00	1.055677e+00	1.023194e+00	1.019283e+00
1.015970e+00	1.015553e+00	1.015194e+00	1.015174e+00	1.327360e+01	1.236355e+01
1.150444e+01	1.073532e+01	1.005751e+01	8.880066e+00	7.910977e+00	7.094921e+00
6.397345e+00	5.789343e+00	5.255621e+00	4.780336e+00	4.347318e+00	3.944471e+00
3.563125e+00	3.201002e+00	2.864076e+00	2.550812e+00	2.249156e+00	1.947885e+00
1.633755e+00	1.466804e+00	1.288751e+00	1.136153e+00	9.761524e-01	9.344160e-01
9.007885e-01	8.965943e-01	8.932319e-01	8.928126e-01	8.924481e-01	8.924258e-01
1.349818e+01	1.250036e+01	1.156992e+01	1.075832e+01	1.005267e+01	8.831070e+00
7.837135e+00	7.002394e+00	6.294942e+00	5.681385e+00	5.142412e+00	4.662649e+00
4.224798e+00	3.817493e+00	3.434169e+00	3.072596e+00	2.736145e+00	2.425479e+00
2.126301e+00	1.829428e+00	1.522742e+00	1.359348e+00	1.184146e+00	1.032450e+00
8.696098e-01	8.268382e-01	7.924311e-01	7.879597e-01	7.846013e-01	7.841916e-01
7.838270e-01	7.837877e-01	1.375222e+01	1.266021e+01	1.165315e+01	1.079355e+01
1.005586e+01	8.819042e+00	7.797651e+00	6.938411e+00	6.217313e+00	5.597029e+00
5.051896e+00	4.566274e+00	4.123239e+00	3.711809e+00	3.326227e+00	2.963895e+00
2.626277e+00	2.315171e+00	2.018264e+00	1.725238e+00	1.425007e+00	1.265257e+00
1.093121e+00	9.426086e-01	7.776531e-01	7.339631e-01	6.988833e-01	6.942549e-01
6.908640e-01	6.904494e-01	6.900948e-01	6.900217e-01	1.405304e+01	1.285931e+01
1.177188e+01	1.086787e+01	1.010672e+01	8.825844e+00	7.777652e+00	6.893557e+00
6.157718e+00	5.531503e+00	4.980515e+00	4.488656e+00	4.040665e+00	3.625745e+00
3.237848e+00	2.873649e+00	2.533383e+00	2.219028e+00	1.924304e+00	1.634489e+00
1.339632e+00	1.183536e+00	1.014550e+00	8.653253e-01	6.986262e-01	6.540233e-01
6.182885e-01	6.136005e-01	6.101373e-01	6.097029e-01	6.093678e-01	6.092453e-01
1.438562e+01	1.308697e+01	1.191736e+01	1.096859e+01	1.018337e+01	8.852260e+00
7.784986e+00	6.890540e+00	6.142433e+00	5.502236e+00	4.940732e+00	4.438817e+00
3.983868e+00	3.563791e+00	3.172038e+00	2.804836e+00	2.461311e+00	2.142504e+00
1.847236e+00	1.559738e+00	1.268993e+00	1.115565e+00	9.486688e-01	8.000119e-01
6.315209e-01	5.861013e-01	5.497128e-01	5.449513e-01	5.414158e-01	5.409719e-01
5.406421e-01	5.404761e-01	1.475439e+01	1.334815e+01	1.209579e+01	1.110453e+01
1.029793e+01	8.923027e+00	7.826448e+00	6.907634e+00	6.142267e+00	5.495036e+00
4.927553e+00	4.419737e+00	3.955744e+00	3.527908e+00	3.130331e+00	2.758625e+00
2.410739e+00	2.086297e+00	1.787437e+00	1.501161e+00	1.213020e+00	1.061163e+00
8.951393e-01	7.461437e-01	5.754397e-01	5.291736e-01	4.920318e-01	4.871695e-01
4.835636e-01	4.831107e-01	4.827816e-01	4.825752e-01	1.515353e+01	1.364194e+01
1.230841e+01	1.127634e+01	1.044889e+01	9.024915e+00	7.898505e+00	6.964064e+00
6.184819e+00	5.523060e+00	4.942802e+00	4.422904e+00	3.950940e+00	3.516800e+00
3.113980e+00	2.737931e+00	2.385803e+00	2.055453e+00	1.748879e+00	1.461529e+00
1.173697e+00	1.021931e+00	8.551696e-01	7.045314e-01	5.304201e-01	4.830424e-01
4.448803e-01	4.398949e-01	4.361841e-01	4.357130e-01	4.353755e-01	4.351466e-01
1.554899e+01	1.397197e+01	1.258568e+01	1.152054e+01	1.066517e+01	9.163420e+00
7.980876e+00	7.026911e+00	6.243170e+00	5.579832e+00	4.994416e+00	4.466505e+00
3.986639e+00	3.545169e+00	3.134773e+00	2.750735e+00	2.390872e+00	2.052592e+00
1.734359e+00	1.441111e+00	1.149985e+00	9.959790e-01	8.267189e-01	6.741261e-01
4.953801e-01	4.465770e-01	4.072069e-01	4.022022e-01	3.981990e-01	3.977204e-01
3.972852e-01	3.971295e-01	1.596724e+01	1.431399e+01	1.286813e+01	1.176983e+01
1.089088e+01	9.323303e+00	8.091490e+00	7.118416e+00	6.329526e+00	5.663602e+00
5.072381e+00	4.536726e+00	4.047108e+00	3.595751e+00	3.175114e+00	2.779800e+00
2.407525e+00	2.058039e+00	1.734938e+00	1.437974e+00	1.144884e+00	9.896428e-01
8.170154e-01	6.573593e-01	4.700652e-01	4.190896e-01	3.779192e-01	3.727469e-01
3.684783e-01	3.679770e-01	3.674881e-01	3.673976e-01	1.641381e+01	1.466018e+01
1.313870e+01	1.200520e+01	1.111086e+01	9.506452e+00	8.255066e+00	7.269789e+00
6.469249e+00	5.790261e+00	5.186495e+00	4.639836e+00	4.140758e+00	3.681029e+00
3.252877e+00	2.850503e+00	2.470764e+00	2.111005e+00	1.771326e+00	1.456994e+00
1.155002e+00	9.945811e-01	8.156628e-01	6.505052e-01	4.540307e-01	4.000798e-01
3.564544e-01	3.509561e-01	3.464494e-01	3.459086e-01	3.454078e-01	3.453588e-01
1.685547e+01	1.501166e+01	1.342241e+01	1.225770e+01	1.134994e+01	9.713138e+00
8.449421e+00	7.451559e+00	6.639045e+00	5.947492e+00	5.331644e+00	4.773896e+00
4.264846e+00	3.795999e+00	3.359198e+00	2.948084e+00	2.558596e+00	2.186588e+00
1.830940e+00	1.497792e+00	1.182273e+00	1.014889e+00	8.273635e-01	6.557159e-01
4.468570e-01	3.874501e-01	3.412489e-01	3.353784e-01	3.306138e-01	3.300264e-01
3.294664e-01	3.294882e-01	1.729274e+01	1.536407e+01	1.371190e+01	1.251979e+01
1.160185e+01	9.939769e+00	8.671745e+00	7.662401e+00	6.837210e+00	6.132432e+00
5.504337e+00	4.935473e+00	4.416378e+00	3.938271e+00	3.492542e+00	3.072245e+00
2.672459e+00	2.287765e+00	1.916117e+00	1.562829e+00	1.228703e+00	1.052837e+00
8.538348e-01	6.679444e-01	4.423627e-01	3.787838e-01	3.294925e-01	3.232091e-01
3.181608e-01	3.175228e-01	3.169231e-01	3.169649e-01	1.770258e+01	1.570139e+01
1.399707e+01	1.278607e+01	1.186486e+01	1.018821e+01	8.919944e+00	7.899970e+00
7.060934e+00	6.341380e+00	5.699949e+00	5.119292e+00	4.589598e+00	4.101598e+00
3.646017e+00	3.215342e+00	2.804255e+00	2.406641e+00	2.019104e+00	1.644461e+00
1.286212e+00	1.099196e+00	8.858228e-01	6.848246e-01	4.432689e-01	3.776448e-01
3.219025e-01	3.151505e-01	3.097733e-01	3.090670e-01	3.085144e-01	3.084061e-01
1.808250e+01	1.602121e+01	1.427604e+01	1.305580e+01	1.214002e+01	1.046493e+01
9.203801e+00	8.175341e+00	7.321491e+00	6.585648e+00	5.929948e+00	5.337017e+00
4.796330e+00	4.297907e+00	3.831584e+00	3.389339e+00	2.966141e+00	2.556215e+00
2.154763e+00	1.759387e+00	1.367729e+00	1.164945e+00	9.324114e-01	7.135967e-01
4.511846e-01	3.779646e-01	3.172376e-01	3.099390e-01	3.041609e-01	3.033835e-01
3.029092e-01	3.025788e-01	1.844488e+01	1.632717e+01	1.454511e+01	1.332004e+01
1.241596e+01	1.075692e+01	9.502715e+00	8.468713e+00	7.602818e+00	6.852501e+00
6.182760e+00	5.576771e+00	5.024051e+00	4.514518e+00	4.037635e+00	3.584949e+00
3.151000e+00	2.729270e+00	2.312885e+00	1.894469e+00	1.466376e+00	1.242700e+00
9.884664e-01	7.490648e-01	4.626883e-01	3.810223e-01	3.170033e-01	3.076990e-01
3.006084e-01	2.997208e-01	2.993958e-01	2.985431e-01	1.879401e+01	1.662282e+01
1.480713e+01	1.358125e+01	1.269438e+01	1.106425e+01	9.818489e+00	8.781716e+00
7.905874e+00	7.142433e+00	6.459011e+00	5.839664e+00	5.274378e+00	4.753370e+00
4.266163e+00	3.804012e+00	3.360605e+00	2.927960e+00	2.496564e+00	2.053892e+00
1.585742e+00	1.335405e+00	1.056054e+00	7.929768e-01	4.796180e-01	3.898515e-01
3.169795e-01	3.062294e-01	2.979359e-01	2.969420e-01	2.967644e-01	2.953737e-01
1.912087e+01	1.689551e+01	1.504835e+01	1.382818e+01	1.296658e+01	1.137691e+01
1.014400e+01	9.106093e+00	8.220299e+00	7.443858e+00	6.748302e+00	6.117901e+00
5.541834e+00	5.010036e+00	4.512458e+00	4.040385e+00	3.586881e+00	3.142843e+00
2.696723e+00	2.231824e+00	1.724233e+00	1.444017e+00	1.133324e+00	8.423591e-01
4.990779e-01	4.008780e-01	3.173616e-01	3.059821e-01	2.958490e-01	2.946975e-01
2.946097e-01	2.926764e-01	1.942647e+01	1.714371e+01	1.526505e+01	1.405582e+01
1.322793e+01	1.169335e+01	1.047931e+01	9.442440e+00	8.546519e+00	7.757270e+00
7.052155e+00	6.414549e+00	5.830619e+00	5.288910e+00	4.780485e+00	4.297276e+00
3.832147e+00	3.375551e+00	2.915313e+00	2.433386e+00	1.891581e+00	1.577496e+00
1.224737e+00	8.991985e-01	5.226653e-01	4.171676e-01	3.216877e-01	3.071146e-01
2.942806e-01	2.929719e-01	2.928760e-01	2.904438e-01	1.962275e+01	1.732507e+01
1.545180e+01	1.427976e+01	1.350045e+01	1.202564e+01	1.082714e+01	9.788103e+00
8.880114e+00	8.075719e+00	7.357472e+00	6.709927e+00	6.119306e+00	5.573381e+00
5.061255e+00	4.573359e+00	4.101989e+00	3.636623e+00	3.161908e+00	2.651899e+00
2.061725e+00	1.715292e+00	1.325198e+00	9.718737e-01	5.543975e-01	4.343459e-01
3.265974e-01	3.091662e-01	2.928652e-01	2.910755e-01	2.915560e-01	2.883842e-01
1.978618e+01	1.747782e+01	1.561493e+01	1.448878e+01	1.376552e+01	1.234887e+01
1.116778e+01	1.013039e+01	9.215494e+00	8.399844e+00	7.669644e+00	7.011969e+00
6.415272e+00	5.867496e+00	5.354945e+00	4.865825e+00	4.391596e+00	3.920269e+00
3.431636e+00	2.887850e+00	2.242120e+00	1.864419e+00	1.438613e+00	1.059585e+00
5.945972e-01	4.541316e-01	3.325985e-01	3.125523e-01	2.916052e-01	2.891320e-01
2.903817e-01	2.864823e-01	2.002515e+01	1.765376e+01	1.576334e+01	1.466499e+01
1.398970e+01	1.262005e+01	1.146737e+01	1.044719e+01	9.542343e+00	8.730927e+00
8.000588e+00	7.339416e+00	6.736856e+00	6.181855e+00	5.662079e+00	5.166339e+00
4.685497e+00	4.206309e+00	3.706108e+00	3.141683e+00	2.456186e+00	2.045530e+00
1.573078e+00	1.149790e+00	6.371395e-01	4.812960e-01	3.409987e-01	3.165499e-01
2.905356e-01	2.874425e-01	2.889444e-01	2.847361e-01	2.022453e+01	1.779752e+01
1.588640e+01	1.482287e+01	1.420038e+01	1.287667e+01	1.175453e+01	1.075368e+01
9.860699e+00	9.055587e+00	8.327449e+00	7.665514e+00	7.060167e+00	6.501240e+00
5.977267e+00	5.477427e+00	4.992064e+00	4.506799e+00	3.996490e+00	3.412189e+00
2.687249e+00	2.244064e+00	1.724576e+00	1.251954e+00	6.867252e-01	5.127312e-01
3.508739e-01	3.214791e-01	2.895975e-01	2.857496e-01	2.875074e-01	2.831544e-01
2.039687e+01	1.791970e+01	1.599199e+01	1.496485e+01	1.439516e+01	1.311725e+01
1.202728e+01	1.104816e+01	1.016971e+01	9.373664e+00	8.650604e+00	7.990769e+00
7.385424e+00	6.825199e+00	6.299408e+00	5.797561e+00	5.309565e+00	4.820000e+00
4.301377e+00	3.699179e+00	2.936653e+00	2.461385e+00	1.894046e+00	1.366810e+00
7.430027e-01	5.485072e-01	3.621522e-01	3.272392e-01	2.889640e-01	2.841766e-01
2.860816e-01	2.816601e-01	2.053881e+01	1.801965e+01	1.608006e+01	1.508851e+01
1.456887e+01	1.333621e+01	1.227912e+01	1.132369e+01	1.046229e+01	9.678172e+00
8.963325e+00	8.308825e+00	7.706739e+00	7.148343e+00	6.623583e+00	6.122204e+00
5.633780e+00	5.141985e+00	4.617234e+00	3.999932e+00	3.203337e+00	2.697755e+00
2.083624e+00	1.497616e+00	8.074097e-01	5.896600e-01	3.753019e-01	3.341830e-01
2.886422e-01	2.828215e-01	2.846764e-01	2.802793e-01	2.065317e+01	1.810355e+01
1.615721e+01	1.519674e+01	1.472033e+01	1.353281e+01	1.250816e+01	1.157771e+01
1.073528e+01	9.965698e+00	9.261978e+00	8.615947e+00	8.020335e+00	7.466950e+00
6.946157e+00	6.447868e+00	5.961381e+00	5.469646e+00	4.941269e+00	4.312146e+00
3.485816e+00	2.952172e+00	2.292682e+00	1.648814e+00	8.799826e-01	6.361028e-01
3.903052e-01	3.423604e-01	2.889227e-01	2.817114e-01	2.832756e-01	2.791299e-01
2.075345e+01	1.817824e+01	1.622715e+01	1.529526e+01	1.485854e+01	1.371558e+01
1.272316e+01	1.181855e+01	1.099649e+01	1.024335e+01	9.552947e+00	8.917802e+00
8.331201e+00	7.785400e+00	7.271036e+00	6.778131e+00	6.295760e+00	5.806269e+00
5.276667e+00	4.638728e+00	3.786386e+00	3.226467e+00	2.522482e+00	1.819864e+00
9.610015e-01	6.879016e-01	4.070054e-01	3.516251e-01	2.896044e-01	2.808843e-01
2.818976e-01	2.780957e-01	2.084160e+01	1.824429e+01	1.628939e+01	1.538259e+01
1.498134e+01	1.388099e+01	1.291980e+01	1.204116e+01	1.124054e+01	1.050561e+01
9.830692e+00	9.208965e+00	8.634102e+00	8.098664e+00	7.593384e+00	7.108276e+00
6.632332e+00	6.147442e+00	5.619332e+00	4.976182e+00	4.102674e+00	3.519094e+00
2.772591e+00	2.009996e+00	1.051128e+00	7.455443e-01	4.256068e-01	3.621130e-01
2.906775e-01	2.807846e-01	2.805867e-01	2.771583e-01	2.091607e+01	1.829994e+01
1.634198e+01	1.545695e+01	1.508685e+01	1.402630e+01	1.309473e+01	1.224163e+01
1.146301e+01	1.074764e+01	1.009009e+01	9.484130e+00	8.923652e+00	8.401363e+00
7.907870e+00	7.433034e+00	6.965890e+00	6.488050e+00	5.964353e+00	5.320156e+00
4.431729e+00	3.828412e+00	3.043438e+00	2.222063e+00	1.151985e+00	8.103289e-01
4.467929e-01	3.743875e-01	2.928109e-01	2.809000e-01	2.793461e-01	2.763258e-01
2.097444e+01	1.833847e+01	1.637596e+01	1.551117e+01	1.517019e+01	1.414612e+01
1.324274e+01	1.241479e+01	1.165857e+01	1.096390e+01	1.032550e+01	9.737488e+00
9.193894e+00	8.687390e+00	8.208299e+00	7.746266e+00	7.290455e+00	6.822447e+00
6.306513e+00	5.665893e+00	4.769150e+00	4.150238e+00	3.331131e+00	2.453152e+00
1.262549e+00	8.820799e-01	4.703578e-01	3.882266e-01	2.955593e-01	2.814135e-01
2.781463e-01	2.755604e-01	2.102383e+01	1.836913e+01	1.640215e+01	1.555559e+01
1.524149e+01	1.425138e+01	1.337486e+01	1.257150e+01	1.183769e+01	1.116427e+01
1.054607e+01	9.977417e+00	9.452454e+00	8.963693e+00	8.501055e+00	8.053898e+00
7.611575e+00	7.155806e+00	6.650571e+00	6.017604e+00	5.118476e+00	4.487760e+00
3.638550e+00	2.705843e+00	1.384350e+00	9.614707e-01	4.964122e-01	4.036843e-01
2.991146e-01	2.827166e-01	2.769921e-01	2.748464e-01	2.105942e+01	1.838961e+01
1.642036e+01	1.559129e+01	1.530170e+01	1.434254e+01	1.349103e+01	1.271113e+01
1.199936e+01	1.134722e+01	1.074977e+01	1.020146e+01	9.696432e+00	9.227021e+00
8.782661e+00	8.352378e+00	7.925780e+00	7.484835e+00	6.993478e+00	6.372381e+00
5.476872e+00	4.838229e+00	3.963236e+00	2.978399e+00	1.521640e+00	1.049076e+00
5.251788e-01	4.208794e-01	3.033649e-01	2.844009e-01	2.760011e-01	2.741927e-01
2.108492e+01	1.840270e+01	1.643207e+01	1.561852e+01	1.535052e+01	1.441871e+01
1.358975e+01	1.283161e+01	1.214093e+01	1.150956e+01	1.093288e+01	1.040537e+01
9.921147e+00	9.472302e+00	9.047708e+00	8.636013e+00	8.227150e+00	7.803450e+00
7.329085e+00	6.724186e+00	5.838892e+00	5.196935e+00	4.301934e+00	3.269886e+00
1.678262e+00	1.146243e+00	5.575351e-01	4.405570e-01	3.089053e-01	2.870634e-01
2.751651e-01	2.735878e-01	2.109396e+01	1.841090e+01	1.644535e+01	1.564547e+01
1.539551e+01	1.448751e+01	1.367894e+01	1.294106e+01	1.227048e+01	1.165945e+01
1.110343e+01	1.059700e+01	1.013411e+01	9.706421e+00	9.302135e+00	8.909524e+00
8.519214e+00	8.114560e+00	7.660520e+00	7.076482e+00	6.207458e+00	5.566065e+00
4.655737e+00	3.580454e+00	1.855620e+00	1.253767e+00	5.935324e-01	4.625585e-01
3.154880e-01	2.904950e-01	2.746306e-01	2.732734e-01	2.109215e+01	1.841178e+01
1.645270e+01	1.566908e+01	1.543533e+01	1.455013e+01	1.376031e+01	1.304039e+01
1.238706e+01	1.179348e+01	1.125541e+01	1.076783e+01	1.032491e+01	9.918470e+00
9.536709e+00	9.167571e+00	8.800952e+00	8.418643e+00	7.985065e+00	7.422267e+00
6.574706e+00	5.939436e+00	5.021917e+00	3.910762e+00	2.054759e+00	1.371749e+00
6.337257e-01	4.875955e-01	3.233175e-01	2.946330e-01	2.742778e-01	2.730073e-01
2.103868e+01	1.838579e+01	1.645070e+01	1.568621e+01	1.546812e+01	1.460690e+01
1.383469e+01	1.312976e+01	1.248930e+01	1.190816e+01	1.138305e+01	1.090975e+01
1.048348e+01	1.009739e+01	9.741267e+00	9.403289e+00	9.070076e+00	8.716008e+00
8.300826e+00	7.754906e+00	6.930772e+00	6.307925e+00	5.395897e+00	4.261629e+00
2.272863e+00	1.500439e+00	6.784131e-01	5.163613e-01	3.323369e-01	2.989754e-01
2.740590e-01	2.724671e-01	2.101029e+01	1.837934e+01	1.646213e+01	1.570868e+01
1.549780e+01	1.465104e+01	1.389266e+01	1.320279e+01	1.257846e+01	1.201436e+01
1.150697e+01	1.105210e+01	1.064487e+01	1.027815e+01	9.940962e+00	9.621873e+00
9.310418e+00	8.986258e+00	8.610446e+00	8.099744e+00	7.293670e+00	6.676109e+00
5.771172e+00	4.623368e+00	2.513208e+00	1.652799e+00	7.279717e-01	5.473941e-01
3.426939e-01	3.049828e-01	2.743636e-01	2.722477e-01	2.097484e+01	1.836973e+01
1.647304e+01	1.573045e+01	1.552595e+01	1.469341e+01	1.394813e+01	1.327220e+01
1.266250e+01	1.211374e+01	1.162245e+01	1.118448e+01	1.079489e+01	1.044644e+01
1.012783e+01	9.827966e+00	9.538676e+00	9.243789e+00	8.905923e+00	8.432503e+00
7.653082e+00	7.046448e+00	6.153289e+00	4.997308e+00	2.775021e+00	1.825843e+00
7.828157e-01	5.817279e-01	3.543712e-01	3.119485e-01	2.749448e-01	2.719731e-01
2.092089e+01	1.834933e+01	1.647924e+01	1.574997e+01	1.555245e+01	1.473527e+01
1.400260e+01	1.333893e+01	1.274117e+01	1.220452e+01	1.172607e+01	1.130183e+01
1.092719e+01	1.059536e+01	1.029563e+01	1.001720e+01	9.752303e+00	9.485076e+00
9.178496e+00	8.740192e+00	7.999168e+00	7.412400e+00	6.536292e+00	5.376807e+00
3.056905e+00	2.021322e+00	8.441142e-01	6.204819e-01	3.678367e-01	3.200239e-01
2.760285e-01	2.716331e-01	2.086601e+01	1.832919e+01	1.648660e+01	1.576858e+01
1.557643e+01	1.477249e+01	1.405089e+01	1.339805e+01	1.281087e+01	1.228507e+01
1.181770e+01	1.140535e+01	1.104374e+01	1.072663e+01	1.044355e+01	1.018443e+01
9.942724e+00	9.704215e+00	9.433013e+00	9.034017e+00	8.333500e+00	7.768298e+00
6.913643e+00	5.758547e+00	3.357010e+00	2.238423e+00	9.125432e-01	6.637907e-01
3.830712e-01	3.293273e-01	2.773959e-01	2.716083e-01	2.080254e+01	1.830551e+01
1.649271e+01	1.578688e+01	1.559897e+01	1.480752e+01	1.409610e+01	1.345302e+01
1.287528e+01	1.235918e+01	1.190169e+01	1.150007e+01	1.115034e+01	1.084692e+01
1.057976e+01	1.033972e+01	1.012125e+01	9.911295e+00	9.675133e+00	9.316863e+00
8.661737e+00	8.121539e+00	7.292408e+00	6.148186e+00	3.678897e+00	2.477774e+00
9.882730e-01	7.117566e-01	3.999427e-01	3.397319e-01	2.790895e-01	2.715928e-01
2.070651e+01	1.826741e+01	1.649356e+01	1.580561e+01	1.562042e+01	1.484180e+01
1.413947e+01	1.350421e+01	1.293364e+01	1.242482e+01	1.197546e+01	1.158299e+01
1.124368e+01	1.095264e+01	1.070178e+01	1.048306e+01	1.028972e+01	1.010547e+01
9.895133e+00	9.573873e+00	8.975387e+00	8.467145e+00	7.666830e+00	6.539708e+00
4.022718e+00	2.734888e+00	1.072095e+00	7.653197e-01	4.186738e-01	3.514302e-01
2.812257e-01	2.714932e-01	2.055158e+01	1.820243e+01	1.649338e+01	1.582504e+01
1.564009e+01	1.487398e+01	1.417959e+01	1.355045e+01	1.298516e+01	1.248168e+01
1.203884e+01	1.165398e+01	1.132359e+01	1.104354e+01	1.080842e+01	1.061157e+01
1.044371e+01	1.028254e+01	1.009145e+01	9.804136e+00	9.269734e+00	8.798872e+00
8.030155e+00	6.925962e+00	4.384807e+00	3.009979e+00	1.165721e+00	8.258652e-01
4.399217e-01	3.649403e-01	2.841599e-01	2.712023e-01	2.035779e+01	1.812446e+01
1.649500e+01	1.584780e+01	1.565573e+01	1.489921e+01	1.421217e+01	1.358928e+01
1.302952e+01	1.253127e+01	1.209400e+01	1.171560e+01	1.139333e+01	1.112362e+01
1.090168e+01	1.072132e+01	1.057362e+01	1.043627e+01	1.027373e+01	1.002552e+01
9.548984e+00	9.114000e+00	8.380238e+00	7.302644e+00	4.752226e+00	3.308981e+00
1.270628e+00	8.933058e-01	4.637029e-01	3.799553e-01	2.879514e-01	2.710225e-01
2.012299e+01	1.803178e+01	1.649889e+01	1.587282e+01	1.566914e+01	1.492073e+01
1.424049e+01	1.362362e+01	1.306925e+01	1.257601e+01	1.214372e+01	1.177109e+01
1.145635e+01	1.119640e+01	1.098624e+01	1.081982e+01	1.068969e+01	1.057591e+01
1.044558e+01	1.023898e+01	9.818114e+00	9.419144e+00	8.723343e+00	7.676315e+00
5.130935e+00	3.633054e+00	1.387564e+00	9.682333e-01	4.900899e-01	3.965468e-01
2.926462e-01	2.708800e-01	1.987194e+01	1.793158e+01	1.650002e+01	1.589659e+01
1.567828e+01	1.493644e+01	1.426201e+01	1.365059e+01	1.310142e+01	1.261321e+01
1.218603e+01	1.181914e+01	1.151133e+01	1.125999e+01	1.106019e+01	1.090631e+01
1.079222e+01	1.070008e+01	1.059970e+01	1.043374e+01	1.006991e+01	9.708446e+00
9.054541e+00	8.044563e+00	5.519598e+00	3.974336e+00	1.516762e+00	1.051402e+00
5.191344e-01	4.149431e-01	2.978878e-01	2.708138e-01	1.959289e+01	1.781863e+01
1.649888e+01	1.591868e+01	1.568393e+01	1.494715e+01	1.427750e+01	1.367078e+01
1.312633e+01	1.264287e+01	1.222064e+01	1.185922e+01	1.155759e+01	1.131362e+01
1.112269e+01	1.097989e+01	1.088010e+01	1.080715e+01	1.073351e+01	1.060592e+01
1.029937e+01	9.976334e+00	9.367369e+00	8.399994e+00	5.911347e+00	4.328474e+00
1.660291e+00	1.144611e+00	5.516283e-01	4.358915e-01	3.039823e-01	2.707929e-01
1.932572e+01	1.771117e+01	1.649881e+01	1.594046e+01	1.568913e+01	1.495577e+01
1.428911e+01	1.368598e+01	1.314589e+01	1.266750e+01	1.225091e+01	1.189549e+01
1.159967e+01	1.136148e+01	1.117747e+01	1.104399e+01	1.095684e+01	1.090130e+01
1.085249e+01	1.076329e+01	1.051172e+01	1.022312e+01	9.662481e+00	8.751955e+00
6.314208e+00	4.689142e+00	1.816331e+00	1.249448e+00	5.879523e-01	4.584843e-01
3.113396e-01	2.706774e-01	1.908160e+01	1.761382e+01	1.649969e+01	1.596164e+01
1.569462e+01	1.496390e+01	1.429949e+01	1.369939e+01	1.316314e+01	1.268928e+01
1.227771e+01	1.192757e+01	1.163704e+01	1.140416e+01	1.122634e+01	1.110088e+01
1.102452e+01	1.098411e+01	1.095764e+01	1.090402e+01	1.070585e+01	1.045237e+01
9.942163e+00	9.090876e+00	6.715207e+00	5.062172e+00	1.992662e+00	1.366072e+00
6.285116e-01	4.835747e-01	3.199629e-01	2.705574e-01	1.887450e+01	1.753161e+01
1.650157e+01	1.598085e+01	1.570092e+01	1.497329e+01	1.431181e+01	1.371492e+01
1.318171e+01	1.271071e+01	1.230193e+01	1.195486e+01	1.166871e+01	1.144191e+01
1.127100e+01	1.115297e+01	1.108566e+01	1.105778e+01	1.105046e+01	1.102605e+01
1.088065e+01	1.066991e+01	1.021107e+01	9.403967e+00	7.095886e+00	5.461106e+00
2.207442e+00	1.492487e+00	6.732329e-01	5.126789e-01	3.292772e-01	2.708598e-01
1.869539e+01	1.745891e+01	1.650059e+01	1.599438e+01	1.570349e+01	1.497877e+01
1.432011e+01	1.372592e+01	1.319529e+01	1.272732e+01	1.232203e+01	1.197873e+01
1.169598e+01	1.147243e+01	1.130586e+01	1.119460e+01	1.113674e+01	1.112117e+01
1.113066e+01	1.113374e+01	1.103527e+01	1.085955e+01	1.045234e+01	9.710496e+00
7.491138e+00	5.846187e+00	2.457043e+00	1.635021e+00	7.233898e-01	5.436594e-01
3.406146e-01	2.712801e-01	1.853752e+01	1.739572e+01	1.650060e+01	1.600794e+01
1.570713e+01	1.498512e+01	1.432883e+01	1.373691e+01	1.320845e+01	1.274291e+01
1.234022e+01	1.199988e+01	1.172030e+01	1.150039e+01	1.133831e+01	1.123284e+01
1.118258e+01	1.117748e+01	1.120213e+01	1.122947e+01	1.117412e+01	1.103421e+01
1.068159e+01	1.000394e+01	7.872657e+00	6.240645e+00	2.732133e+00	1.791027e+00
7.787777e-01	5.783284e-01	3.528926e-01	2.712573e-01	1.840089e+01	1.734229e+01
1.650327e+01	1.602221e+01	1.571324e+01	1.499321e+01	1.433847e+01	1.374822e+01
1.322147e+01	1.275761e+01	1.235645e+01	1.201808e+01	1.174141e+01	1.152573e+01
1.136844e+01	1.126765e+01	1.122286e+01	1.122606e+01	1.126385e+01	1.131155e+01
1.129495e+01	1.119166e+01	1.089519e+01	1.027565e+01	8.227286e+00	6.642493e+00
3.027209e+00	1.961818e+00	8.403539e-01	6.181066e-01	3.661770e-01	2.704829e-01
1.827351e+01	1.729110e+01	1.650407e+01	1.603354e+01	1.571715e+01	1.499968e+01
1.434660e+01	1.375756e+01	1.323207e+01	1.276964e+01	1.237035e+01	1.203401e+01
1.175937e+01	1.154587e+01	1.139198e+01	1.129652e+01	1.125862e+01	1.126859e+01
1.131440e+01	1.137863e+01	1.139959e+01	1.132988e+01	1.108239e+01	1.052247e+01
8.582438e+00	7.038514e+00	3.337176e+00	2.156621e+00	9.094095e-01	6.618611e-01
3.818801e-01	2.704884e-01	1.815704e+01	1.724450e+01	1.650473e+01	1.604382e+01
1.572027e+01	1.500459e+01	1.435300e+01	1.376520e+01	1.324105e+01	1.278011e+01
1.238275e+01	1.204837e+01	1.177553e+01	1.156367e+01	1.141242e+01	1.132128e+01
1.128930e+01	1.130601e+01	1.136035e+01	1.144046e+01	1.149527e+01	1.145537e+01
1.125356e+01	1.075540e+01	8.936885e+00	7.434138e+00	3.667340e+00	2.377811e+00
9.859994e-01	7.099739e-01	3.994841e-01	2.704994e-01	1.806408e+01	1.721050e+01
1.650790e+01	1.605452e+01	1.572253e+01	1.500551e+01	1.435476e+01	1.376894e+01
1.324704e+01	1.278842e+01	1.239321e+01	1.206075e+01	1.179010e+01	1.158023e+01
1.143003e+01	1.133854e+01	1.130747e+01	1.133332e+01	1.140706e+01	1.150835e+01
1.158336e+01	1.156138e+01	1.140112e+01	1.097232e+01	9.280533e+00	7.813348e+00
4.017113e+00	2.638771e+00	1.070879e+00	7.634621e-01	4.187233e-01	2.705099e-01
1.798931e+01	1.718496e+01	1.651504e+01	1.606465e+01	1.572404e+01	1.500563e+01
1.435529e+01	1.377089e+01	1.325106e+01	1.279481e+01	1.240168e+01	1.207096e+01
1.180259e+01	1.159480e+01	1.144467e+01	1.135077e+01	1.131883e+01	1.135345e+01
1.145159e+01	1.157711e+01	1.166127e+01	1.164919e+01	1.152593e+01	1.116904e+01
9.607065e+00	8.171553e+00	4.382071e+00	2.945896e+00	1.165699e+00	8.235711e-01
4.402004e-01	2.705195e-01	1.791162e+01	1.715381e+01	1.651403e+01	1.606928e+01
1.572357e+01	1.500575e+01	1.435606e+01	1.377270e+01	1.325403e+01	1.279893e+01
1.240696e+01	1.207750e+01	1.181052e+01	1.160435e+01	1.145574e+01	1.136305e+01
1.133299e+01	1.137326e+01	1.148152e+01	1.161923e+01	1.172046e+01	1.172521e+01
1.163818e+01	1.134101e+01	9.905613e+00	8.527567e+00	4.756116e+00	3.260172e+00
1.270876e+00	8.906802e-01	4.637089e-01	2.702651e-01	1.783509e+01	1.712058e+01
1.651068e+01	1.607230e+01	1.572232e+01	1.500586e+01	1.435701e+01	1.377438e+01
1.325648e+01	1.280210e+01	1.241097e+01	1.208253e+01	1.181662e+01	1.161181e+01
1.146503e+01	1.137495e+01	1.134832e+01	1.139226e+01	1.150530e+01	1.165126e+01
1.177028e+01	1.179351e+01	1.174142e+01	1.149792e+01	1.018789e+01	8.882350e+00
5.143890e+00	3.591170e+00	1.387338e+00	9.653306e-01	4.894328e-01	2.696563e-01
1.777207e+01	1.709508e+01	1.650999e+01	1.607697e+01	1.572243e+01	1.500649e+01
1.435881e+01	1.377704e+01	1.325995e+01	1.280639e+01	1.241608e+01	1.208857e+01
1.182366e+01	1.162004e+01	1.147469e+01	1.138670e+01	1.136292e+01	1.141031e+01
1.152864e+01	1.168239e+01	1.181571e+01	1.185455e+01	1.183357e+01	1.164043e+01
1.045667e+01	9.227396e+00	5.543268e+00	3.942396e+00	1.515793e+00	1.048536e+00
5.183673e-01	2.698094e-01	1.772423e+01	1.707796e+01	1.651332e+01	1.608535e+01
1.572687e+01	1.501088e+01	1.436363e+01	1.378224e+01	1.326560e+01	1.281291e+01
1.242332e+01	1.209656e+01	1.183255e+01	1.162973e+01	1.148498e+01	1.139816e+01
1.137630e+01	1.142714e+01	1.155308e+01	1.171517e+01	1.185706e+01	1.190763e+01
1.191335e+01	1.176686e+01	1.070774e+01	9.556372e+00	5.948160e+00	4.310701e+00
1.657479e+00	1.142442e+00	5.518012e-01	2.728451e-01	1.766327e+01	1.705014e+01
1.650948e+01	1.608630e+01	1.572739e+01	1.501449e+01	1.436797e+01	1.378663e+01
1.326945e+01	1.281600e+01	1.242587e+01	1.209905e+01	1.183559e+01	1.163453e+01
1.149351e+01	1.141180e+01	1.139438e+01	1.144428e+01	1.155923e+01	1.171879e+01
1.188585e+01	1.195487e+01	1.198473e+01	1.187682e+01	1.094020e+01	9.864291e+00
6.353009e+00	4.688107e+00	1.823106e+00	1.246043e+00	5.901589e-01	2.734321e-01
1.760552e+01	1.702271e+01	1.650262e+01	1.608617e+01	1.572723e+01	1.501780e+01
1.437211e+01	1.379071e+01	1.327285e+01	1.281844e+01	1.242779e+01	1.210088e+01
1.183779e+01	1.163819e+01	1.150074e+01	1.142485e+01	1.141293e+01	1.146069e+01
1.156272e+01	1.171816e+01	1.190963e+01	1.199820e+01	1.204858e+01	1.196805e+01
1.114859e+01	1.016582e+01	6.754697e+00	5.066652e+00	2.031522e+00	1.362819e+00
6.312827e-01	2.734093e-01	1.757519e+01	1.701284e+01	1.650641e+01	1.609303e+01
1.573111e+01	1.502124e+01	1.437598e+01	1.379483e+01	1.327749e+01	1.282387e+01
1.243445e+01	1.210856e+01	1.184558e+01	1.164510e+01	1.150714e+01	1.143243e+01
1.142299e+01	1.147360e+01	1.157947e+01	1.173798e+01	1.193771e+01	1.203886e+01
1.210474e+01	1.204049e+01	1.132933e+01	1.048067e+01	7.153045e+00	5.441278e+00
2.313391e+00	1.502701e+00	6.709902e-01	2.734798e-01	1.754233e+01	1.699908e+01
1.650529e+01	1.609469e+01	1.573080e+01	1.502140e+01	1.437640e+01	1.379551e+01
1.327845e+01	1.282518e+01	1.243597e+01	1.211057e+01	1.184805e+01	1.164822e+01
1.151085e+01	1.143692e+01	1.142857e+01	1.148076e+01	1.158898e+01	1.175153e+01
1.195885e+01	1.206687e+01	1.214671e+01	1.211101e+01	1.150393e+01	1.073059e+01
7.544392e+00	5.840726e+00	2.603900e+00	1.688010e+00	7.246403e-01	2.734677e-01
1.751327e+01	1.698682e+01	1.650479e+01	1.609641e+01	1.573079e+01	1.502180e+01
1.437709e+01	1.379645e+01	1.327957e+01	1.282649e+01	1.243741e+01	1.211225e+01
1.185002e+01	1.165060e+01	1.151377e+01	1.144049e+01	1.143300e+01	1.148662e+01
1.159693e+01	1.176308e+01	1.197693e+01	1.209093e+01	1.218313e+01	1.217367e+01
1.166137e+01	1.095600e+01	7.928653e+00	6.247511e+00	2.907870e+00	1.901606e+00
7.817912e-01	2.726908e-01	1.748910e+01	1.697712e+01	1.650483e+01	1.609874e+01
1.573205e+01	1.502357e+01	1.437899e+01	1.379841e+01	1.328142e+01	1.282824e+01
1.243915e+01	1.211396e+01	1.185186e+01	1.165257e+01	1.151617e+01	1.144347e+01
1.143677e+01	1.149177e+01	1.160387e+01	1.177287e+01	1.199246e+01	1.211226e+01
1.221525e+01	1.222715e+01	1.179826e+01	1.116128e+01	8.300774e+00	6.652571e+00
3.220158e+00	2.139889e+00	8.388431e-01	2.656174e-01	