6.711102e-01	6.960378e-01	7.207647e-01	7.447327e-01	7.678307e-01	8.114828e-01
8.512316e-01	8.869994e-01	9.196358e-01	9.509653e-01	9.839081e-01	1.019475e+00
1.057842e+00	1.099483e+00	1.144840e+00	1.193956e+00	1.245347e+00	1.294972e+00
1.336882e+00	1.364375e+00	1.371484e+00	1.371802e+00	1.385729e+00	1.413674e+00
1.446338e+00	1.453041e+00	1.462176e+00	1.463708e+00	1.464498e+00	1.464648e+00
1.464377e+00	1.464629e+00	7.353935e-01	7.614023e-01	7.871653e-01	8.121076e-01
8.361229e-01	8.814674e-01	9.227260e-01	9.598408e-01	9.936900e-01	1.026131e+00
1.060121e+00	1.096673e+00	1.135959e+00	1.178456e+00	1.224633e+00	1.274556e+00
1.326735e+00	1.377142e+00	1.419870e+00	1.448270e+00	1.456386e+00	1.457184e+00
1.471457e+00	1.499521e+00	1.532331e+00	1.539107e+00	1.548238e+00	1.549762e+00
1.550555e+00	1.550704e+00	1.550439e+00	1.550687e+00	8.058343e-01	8.329052e-01
8.596831e-01	8.855779e-01	9.104892e-01	9.574877e-01	1.000225e+00	1.038664e+00
1.073707e+00	1.107238e+00	1.142238e+00	1.179717e+00	1.219844e+00	1.263101e+00
1.309987e+00	1.360596e+00	1.413441e+00	1.464526e+00	1.508009e+00	1.537324e+00
1.546543e+00	1.547879e+00	1.562488e+00	1.590582e+00	1.623437e+00	1.630271e+00
1.639365e+00	1.640876e+00	1.641669e+00	1.641817e+00	1.641560e+00	1.641803e+00
8.830224e-01	9.111228e-01	9.388815e-01	9.656949e-01	9.914697e-01	1.040064e+00
1.084233e+00	1.123960e+00	1.160168e+00	1.194756e+00	1.230715e+00	1.269049e+00
1.309924e+00	1.353827e+00	1.401291e+00	1.452444e+00	1.505815e+00	1.557454e+00
1.601620e+00	1.631855e+00	1.642281e+00	1.644219e+00	1.659151e+00	1.687172e+00
1.719959e+00	1.726834e+00	1.735856e+00	1.737347e+00	1.738137e+00	1.738283e+00
1.738036e+00	1.738272e+00	9.676040e-01	9.966858e-01	1.025376e+00	1.053060e+00
1.079653e+00	1.129762e+00	1.175297e+00	1.216261e+00	1.253592e+00	1.289192e+00
1.326046e+00	1.365146e+00	1.406655e+00	1.451069e+00	1.498958e+00	1.550493e+00
1.604225e+00	1.656279e+00	1.701042e+00	1.732197e+00	1.743946e+00	1.746555e+00
1.761794e+00	1.789628e+00	1.822220e+00	1.829117e+00	1.838027e+00	1.839489e+00
1.840274e+00	1.840417e+00	1.840181e+00	1.840409e+00	1.060287e+00	1.090284e+00
1.119839e+00	1.148329e+00	1.175679e+00	1.227196e+00	1.274010e+00	1.316142e+00
1.354538e+00	1.391092e+00	1.428760e+00	1.468520e+00	1.510530e+00	1.555296e+00
1.603432e+00	1.655160e+00	1.709067e+00	1.761375e+00	1.806635e+00	1.838710e+00
1.851904e+00	1.855261e+00	1.870786e+00	1.898305e+00	1.930561e+00	1.937458e+00
1.946211e+00	1.947636e+00	1.948413e+00	1.948552e+00	1.948330e+00	1.948548e+00
1.161849e+00	1.192672e+00	1.223005e+00	1.252217e+00	1.280246e+00	1.333033e+00
1.381013e+00	1.424225e+00	1.463613e+00	1.501046e+00	1.539432e+00	1.579721e+00
1.622076e+00	1.667009e+00	1.715188e+00	1.766894e+00	1.820761e+00	1.873140e+00
1.918783e+00	1.951773e+00	1.966546e+00	1.970733e+00	1.986522e+00	2.013582e+00
2.045344e+00	2.052217e+00	2.060762e+00	2.062142e+00	2.062906e+00	2.063040e+00
2.062835e+00	2.063041e+00	1.273138e+00	1.304675e+00	1.335674e+00	1.365503e+00
1.394113e+00	1.447998e+00	1.497003e+00	1.541184e+00	1.581471e+00	1.619691e+00
1.658675e+00	1.699343e+00	1.741859e+00	1.786746e+00	1.834733e+00	1.886169e+00
1.939754e+00	1.991996e+00	2.037893e+00	2.071787e+00	2.088284e+00	2.093391e+00
2.109417e+00	2.135859e+00	2.166951e+00	2.173773e+00	2.182056e+00	2.183380e+00
2.184126e+00	2.184255e+00	2.184070e+00	2.184261e+00	1.395088e+00	1.427196e+00
1.458723e+00	1.489038e+00	1.518108e+00	1.572877e+00	1.622735e+00	1.667748e+00
1.708820e+00	1.747714e+00	1.787156e+00	1.828023e+00	1.870487e+00	1.915083e+00
1.962610e+00	2.013497e+00	2.066524e+00	2.118394e+00	2.164396e+00	2.199182e+00
2.217559e+00	2.223684e+00	2.239916e+00	2.265562e+00	2.295789e+00	2.302528e+00
2.310489e+00	2.311745e+00	2.312471e+00	2.312592e+00	2.312429e+00	2.312604e+00
1.528718e+00	1.561224e+00	1.593109e+00	1.623749e+00	1.653132e+00	1.708527e+00
1.759028e+00	1.804706e+00	1.846423e+00	1.885856e+00	1.925588e+00	1.966447e+00
2.008614e+00	2.052639e+00	2.099400e+00	2.149420e+00	2.201579e+00	2.252812e+00
2.298752e+00	2.334410e+00	2.354836e+00	2.362087e+00	2.378487e+00	2.403141e+00
2.432286e+00	2.438911e+00	2.446482e+00	2.447658e+00	2.448357e+00	2.448470e+00
2.448332e+00	2.448488e+00	1.675149e+00	1.707837e+00	1.739874e+00	1.770648e+00
1.800164e+00	1.855875e+00	1.906767e+00	1.952910e+00	1.995108e+00	2.034917e+00
2.074743e+00	2.115353e+00	2.156940e+00	2.200075e+00	2.245724e+00	2.294519e+00
2.345460e+00	2.395760e+00	2.441449e+00	2.477953e+00	2.500612e+00	2.509103e+00
2.525632e+00	2.549075e+00	2.576899e+00	2.583371e+00	2.590479e+00	2.591561e+00
2.592227e+00	2.592332e+00	2.592223e+00	2.592356e+00	1.835606e+00	1.868219e+00
1.900160e+00	1.930836e+00	1.960274e+00	2.015931e+00	2.066915e+00	2.113286e+00
2.155765e+00	2.195761e+00	2.235452e+00	2.275535e+00	2.316220e+00	2.358101e+00
2.402246e+00	2.449413e+00	2.498744e+00	2.547778e+00	2.593003e+00	2.630322e+00
2.655412e+00	2.665270e+00	2.681879e+00	2.703871e+00	2.730110e+00	2.736388e+00
2.742951e+00	2.743924e+00	2.744552e+00	2.744646e+00	2.744570e+00	2.744678e+00
2.011432e+00	2.043663e+00	2.075213e+00	2.105516e+00	2.134624e+00	2.189791e+00
2.240514e+00	2.286831e+00	2.329359e+00	2.369317e+00	2.408609e+00	2.447846e+00
2.487262e+00	2.527477e+00	2.569678e+00	2.614763e+00	2.662046e+00	2.709442e+00
2.753966e+00	2.792061e+00	2.819794e+00	2.831157e+00	2.847792e+00	2.868067e+00
2.892431e+00	2.898468e+00	2.904398e+00	2.905245e+00	2.905828e+00	2.905909e+00
2.905870e+00	2.905950e+00	2.204100e+00	2.235582e+00	2.266392e+00	2.295999e+00
2.324481e+00	2.378645e+00	2.428693e+00	2.474629e+00	2.516932e+00	2.556592e+00
2.595179e+00	2.633206e+00	2.670935e+00	2.709020e+00	2.748779e+00	2.791275e+00
2.836020e+00	2.881364e+00	2.924920e+00	2.963745e+00	2.994352e+00	3.007368e+00
3.023970e+00	3.042234e+00	3.064402e+00	3.070149e+00	3.075347e+00	3.076050e+00
3.076581e+00	3.076648e+00	3.076651e+00	3.076697e+00	2.415223e+00	2.445524e+00
2.475184e+00	2.503715e+00	2.531225e+00	2.583786e+00	2.632677e+00	2.677848e+00
2.719609e+00	2.758669e+00	2.796200e+00	2.832601e+00	2.868171e+00	2.903602e+00
2.940363e+00	2.979703e+00	3.021364e+00	3.064195e+00	3.106486e+00	3.145986e+00
3.179717e+00	3.194547e+00	3.211047e+00	3.226978e+00	3.246598e+00	3.251998e+00
3.256358e+00	3.256898e+00	3.257368e+00	3.257418e+00	3.257468e+00	3.257478e+00
2.649068e+00	2.677345e+00	2.705067e+00	2.731819e+00	2.757741e+00	2.807700e+00
2.854737e+00	2.898715e+00	2.939706e+00	2.978034e+00	3.014329e+00	3.048834e+00
3.081887e+00	3.114213e+00	3.147436e+00	3.183006e+00	3.220955e+00	3.260759e+00
3.301565e+00	3.341997e+00	3.379751e+00	3.396924e+00	3.413372e+00	3.426444e+00
3.442942e+00	3.447924e+00	3.451253e+00	3.451592e+00	3.451987e+00	3.452018e+00
3.452125e+00	3.452090e+00	2.903554e+00	2.929412e+00	2.954820e+00	2.979434e+00
3.003426e+00	3.050161e+00	3.094780e+00	3.137041e+00	3.176748e+00	3.213806e+00
3.248264e+00	3.280208e+00	3.310026e+00	3.338494e+00	3.367423e+00	3.398499e+00
3.432070e+00	3.468277e+00	3.507155e+00	3.548232e+00	3.589891e+00	3.609368e+00
3.625595e+00	3.635524e+00	3.648593e+00	3.653096e+00	3.655314e+00	3.655438e+00
3.655752e+00	3.655761e+00	3.655929e+00	3.655846e+00	3.169699e+00	3.194126e+00
3.218103e+00	3.241292e+00	3.263900e+00	3.308063e+00	3.350301e+00	3.390290e+00
3.427654e+00	3.462023e+00	3.493091e+00	3.520870e+00	3.545857e+00	3.568961e+00
3.592312e+00	3.617941e+00	3.646453e+00	3.678474e+00	3.714598e+00	3.754811e+00
3.797711e+00	3.818000e+00	3.833279e+00	3.840444e+00	3.850585e+00	3.854624e+00
3.855960e+00	3.855920e+00	3.856167e+00	3.856155e+00	3.856368e+00	3.856252e+00
3.445232e+00	3.469724e+00	3.493625e+00	3.516486e+00	3.538554e+00	3.581172e+00
3.621126e+00	3.658070e+00	3.691612e+00	3.721391e+00	3.747129e+00	3.768904e+00
3.787374e+00	3.803653e+00	3.820275e+00	3.839667e+00	3.862581e+00	3.889848e+00
3.922213e+00	3.959710e+00	4.000829e+00	4.020330e+00	4.033979e+00	4.038908e+00
4.046672e+00	4.050219e+00	4.050935e+00	4.050793e+00	4.050986e+00	4.050957e+00
4.051192e+00	4.051060e+00	3.726325e+00	3.753720e+00	3.780076e+00	3.804629e+00
3.827671e+00	3.870394e+00	3.907791e+00	3.939536e+00	3.965734e+00	3.986976e+00
4.004220e+00	4.017954e+00	4.028994e+00	4.038588e+00	4.049298e+00	4.063504e+00
4.081708e+00	4.104015e+00	4.130535e+00	4.161753e+00	4.197112e+00	4.214331e+00
4.226294e+00	4.230268e+00	4.235919e+00	4.238421e+00	4.238809e+00	4.238678e+00
4.238803e+00	4.238782e+00	4.238959e+00	4.238855e+00	4.016721e+00	4.049248e+00
4.080063e+00	4.107880e+00	4.133030e+00	4.176958e+00	4.211307e+00	4.235952e+00
4.251944e+00	4.261555e+00	4.267811e+00	4.271803e+00	4.274455e+00	4.277075e+00
4.282007e+00	4.291307e+00	4.304978e+00	4.321846e+00	4.340923e+00	4.363407e+00
4.390293e+00	4.404146e+00	4.414230e+00	4.417942e+00	4.421638e+00	4.422788e+00
4.423023e+00	4.422971e+00	4.423021e+00	4.423023e+00	4.423096e+00	4.423046e+00
4.317449e+00	4.356303e+00	4.392342e+00	4.423439e+00	4.450108e+00	4.493034e+00
4.521851e+00	4.538055e+00	4.543650e+00	4.542066e+00	4.537710e+00	4.531995e+00
4.525797e+00	4.520337e+00	4.517598e+00	4.519327e+00	4.525408e+00	4.534449e+00
4.545376e+00	4.559625e+00	4.578112e+00	4.587752e+00	4.594876e+00	4.597527e+00
4.599234e+00	4.599410e+00	4.599420e+00	4.599400e+00	4.599397e+00	4.599406e+00
4.599413e+00	4.599402e+00	4.624809e+00	4.671379e+00	4.713463e+00	4.747664e+00
4.774877e+00	4.813624e+00	4.833706e+00	4.840196e+00	4.835890e+00	4.824491e+00
4.810698e+00	4.795848e+00	4.780622e+00	4.765967e+00	4.753249e+00	4.743943e+00
4.738467e+00	4.736818e+00	4.739184e+00	4.746428e+00	4.757106e+00	4.761635e+00
4.764582e+00	4.765243e+00	4.764984e+00	4.764695e+00	4.764390e+00	4.764345e+00
4.764317e+00	4.764312e+00	4.764306e+00	4.764312e+00	4.936586e+00	4.992382e+00
5.041620e+00	5.079338e+00	5.106910e+00	5.139975e+00	5.149081e+00	5.143907e+00
5.128313e+00	5.106328e+00	5.082874e+00	5.058651e+00	5.033098e+00	5.006707e+00
4.981995e+00	4.961483e+00	4.945504e+00	4.933532e+00	4.925446e+00	4.922959e+00
4.924506e+00	4.924042e+00	4.922541e+00	4.920557e+00	4.918267e+00	4.917510e+00
4.916863e+00	4.916785e+00	4.916724e+00	4.916711e+00	4.916694e+00	4.916706e+00
5.251420e+00	5.317131e+00	5.373947e+00	5.415143e+00	5.442635e+00	5.468412e+00
5.464489e+00	5.445841e+00	5.417550e+00	5.384042e+00	5.350427e+00	5.316413e+00
5.279484e+00	5.239603e+00	5.201585e+00	5.169776e+00	5.143954e+00	5.121757e+00
5.101725e+00	5.087338e+00	5.078506e+00	5.073047e+00	5.066895e+00	5.061813e+00
5.057314e+00	5.056048e+00	5.055021e+00	5.054901e+00	5.054803e+00	5.054780e+00
5.054761e+00	5.054771e+00	5.570432e+00	5.644578e+00	5.707582e+00	5.750999e+00
5.777295e+00	5.793920e+00	5.775470e+00	5.742021e+00	5.699761e+00	5.653507e+00
5.608557e+00	5.563814e+00	5.515132e+00	5.462003e+00	5.410847e+00	5.367291e+00
5.330679e+00	5.297304e+00	5.264792e+00	5.237812e+00	5.217514e+00	5.206666e+00
5.195631e+00	5.187283e+00	5.180119e+00	5.178255e+00	5.176769e+00	5.176592e+00
5.176457e+00	5.176416e+00	5.176406e+00	5.176416e+00	5.892906e+00	5.973029e+00
6.039965e+00	6.083747e+00	6.107349e+00	6.112702e+00	6.078394e+00	6.028994e+00
5.971652e+00	5.911530e+00	5.854112e+00	5.797716e+00	5.737074e+00	5.671196e+00
5.607406e+00	5.551985e+00	5.503940e+00	5.458748e+00	5.413425e+00	5.373337e+00
5.340751e+00	5.324403e+00	5.308399e+00	5.296640e+00	5.286286e+00	5.283703e+00
5.281674e+00	5.281432e+00	5.281243e+00	5.281204e+00	5.281182e+00	5.281197e+00
6.219374e+00	6.302551e+00	6.370747e+00	6.412683e+00	6.431842e+00	6.423515e+00
6.371883e+00	6.305239e+00	6.231558e+00	6.156260e+00	6.085033e+00	6.015866e+00
5.942959e+00	5.864910e+00	5.789131e+00	5.721817e+00	5.661807e+00	5.604277e+00
5.546009e+00	5.492504e+00	5.446967e+00	5.424989e+00	5.403896e+00	5.388479e+00
5.374329e+00	5.370888e+00	5.368197e+00	5.367858e+00	5.367605e+00	5.367563e+00
5.367530e+00	5.367554e+00	6.544867e+00	6.627002e+00	6.692798e+00	6.729965e+00
6.742464e+00	6.717626e+00	6.647171e+00	6.562016e+00	6.470752e+00	6.378958e+00
6.292534e+00	6.209459e+00	6.124115e+00	6.034781e+00	5.948027e+00	5.869142e+00
5.796987e+00	5.726991e+00	5.656096e+00	5.589350e+00	5.530614e+00	5.502956e+00
5.476658e+00	5.457309e+00	5.438810e+00	5.434371e+00	5.430891e+00	5.430431e+00
5.430101e+00	5.430051e+00	5.430011e+00	5.430041e+00	6.868189e+00	6.945299e+00
7.005052e+00	7.034447e+00	7.037900e+00	6.993276e+00	6.902028e+00	6.796774e+00
6.686455e+00	6.576764e+00	6.473774e+00	6.375693e+00	6.277765e+00	6.177956e+00
6.081242e+00	5.991493e+00	5.907680e+00	5.825906e+00	5.743592e+00	5.665270e+00
5.591131e+00	5.556142e+00	5.522755e+00	5.497791e+00	5.473197e+00	5.467275e+00
5.462608e+00	5.461997e+00	5.461554e+00	5.461488e+00	5.461438e+00	5.461452e+00
7.193411e+00	7.262546e+00	7.313550e+00	7.332874e+00	7.325373e+00	7.258106e+00
7.144079e+00	7.017083e+00	6.886255e+00	6.757331e+00	6.636470e+00	6.522286e+00
6.411175e+00	6.300853e+00	6.194397e+00	6.093968e+00	5.998661e+00	5.905320e+00
5.811821e+00	5.721888e+00	5.634710e+00	5.593763e+00	5.554667e+00	5.525244e+00
5.495924e+00	5.488867e+00	5.483296e+00	5.482572e+00	5.482045e+00	5.481966e+00
5.481907e+00	5.481909e+00	7.511502e+00	7.571263e+00	7.612234e+00	7.620085e+00
7.600055e+00	7.506613e+00	7.365922e+00	7.213477e+00	7.058736e+00	6.907405e+00
6.765633e+00	6.632922e+00	6.507472e+00	6.387135e+00	6.269455e+00	6.157123e+00
6.049245e+00	5.943152e+00	5.836846e+00	5.732290e+00	5.639062e+00	5.595920e+00
5.554457e+00	5.523102e+00	5.492239e+00	5.484847e+00	5.478800e+00	5.477987e+00
5.477440e+00	5.477371e+00	5.477289e+00	5.477300e+00	7.823840e+00	7.869677e+00
7.896354e+00	7.889128e+00	7.853665e+00	7.730038e+00	7.560514e+00	7.381283e+00
7.201844e+00	7.027670e+00	6.864687e+00	6.713437e+00	6.573712e+00	6.443395e+00
6.316346e+00	6.194460e+00	6.076921e+00	5.961536e+00	5.846609e+00	5.733604e+00
5.628134e+00	5.577929e+00	5.528984e+00	5.491592e+00	5.455509e+00	5.446764e+00
5.439529e+00	5.438550e+00	5.437892e+00	5.437821e+00	5.437717e+00	5.437733e+00
8.204832e+00	8.195582e+00	8.172031e+00	8.124043e+00	8.056774e+00	7.889885e+00
7.695772e+00	7.498736e+00	7.305832e+00	7.122474e+00	6.938399e+00	6.764478e+00
6.600191e+00	6.444954e+00	6.311500e+00	6.182618e+00	6.058616e+00	5.938793e+00
5.822353e+00	5.709101e+00	5.594295e+00	5.539415e+00	5.486732e+00	5.445645e+00
5.396112e+00	5.381113e+00	5.377540e+00	5.377994e+00	5.376572e+00	5.376053e+00
5.376620e+00	5.376250e+00	8.625114e+00	8.534557e+00	8.441026e+00	8.340394e+00
8.235095e+00	8.021608e+00	7.805194e+00	7.593666e+00	7.390824e+00	7.201863e+00
6.998440e+00	6.803315e+00	6.617187e+00	6.441631e+00	6.287596e+00	6.139178e+00
5.998479e+00	5.867420e+00	5.746663e+00	5.632197e+00	5.519583e+00	5.466567e+00
5.416823e+00	5.375443e+00	5.303111e+00	5.276544e+00	5.282182e+00	5.285878e+00
5.282970e+00	5.281505e+00	5.283520e+00	5.282325e+00	8.916317e+00	8.800757e+00
8.680587e+00	8.554578e+00	8.426753e+00	8.177409e+00	7.933381e+00	7.693436e+00
7.457043e+00	7.221897e+00	7.009346e+00	6.805696e+00	6.612437e+00	6.427731e+00
6.249575e+00	6.084480e+00	5.932253e+00	5.792637e+00	5.664652e+00	5.543990e+00
5.427890e+00	5.373489e+00	5.322294e+00	5.278033e+00	5.193979e+00	5.163486e+00
5.171259e+00	5.176019e+00	5.172550e+00	5.170748e+00	5.173265e+00	5.171773e+00
9.082240e+00	8.986515e+00	8.882945e+00	8.765808e+00	8.639446e+00	8.375631e+00
8.095526e+00	7.804790e+00	7.510959e+00	7.218498e+00	6.962664e+00	6.729193e+00
6.519901e+00	6.330978e+00	6.158355e+00	6.000177e+00	5.853132e+00	5.711137e+00
5.569293e+00	5.429731e+00	5.296189e+00	5.231669e+00	5.165488e+00	5.110734e+00
5.052118e+00	5.035075e+00	5.029292e+00	5.029579e+00	5.027967e+00	5.027378e+00
5.027987e+00	5.027551e+00	9.307891e+00	9.204482e+00	9.090313e+00	8.958699e+00
8.814981e+00	8.511737e+00	8.188166e+00	7.854279e+00	7.517086e+00	7.204324e+00
6.912398e+00	6.654930e+00	6.429010e+00	6.229552e+00	6.051850e+00	5.890100e+00
5.739566e+00	5.591368e+00	5.438785e+00	5.287002e+00	5.142203e+00	5.071715e+00
4.998194e+00	4.938808e+00	4.889833e+00	4.878540e+00	4.866559e+00	4.864884e+00
4.864048e+00	4.863992e+00	4.863756e+00	4.863793e+00	9.584701e+00	9.444249e+00
9.295152e+00	9.131470e+00	8.958522e+00	8.604760e+00	8.239607e+00	7.867891e+00
7.508707e+00	7.164788e+00	6.853967e+00	6.578062e+00	6.335474e+00	6.120326e+00
5.926946e+00	5.749885e+00	5.584908e+00	5.425542e+00	5.266662e+00	5.110694e+00
4.961387e+00	4.889217e+00	4.815753e+00	4.757159e+00	4.703962e+00	4.690849e+00
4.680014e+00	4.678734e+00	4.677674e+00	4.677517e+00	4.677433e+00	4.677397e+00
9.833577e+00	9.663111e+00	9.483917e+00	9.290378e+00	9.088498e+00	8.681055e+00
8.268565e+00	7.866152e+00	7.472666e+00	7.104861e+00	6.773911e+00	6.480853e+00
6.222435e+00	5.991867e+00	5.782698e+00	5.590204e+00	5.410394e+00	5.238810e+00
5.071693e+00	4.909575e+00	4.754813e+00	4.681069e+00	4.608136e+00	4.551215e+00
4.496590e+00	4.483156e+00	4.472394e+00	4.471108e+00	4.470018e+00	4.469879e+00
4.469778e+00	4.469760e+00	1.002638e+01	9.868410e+00	9.696305e+00	9.492890e+00
9.265241e+00	8.761337e+00	8.260387e+00	7.809571e+00	7.390930e+00	7.014975e+00
6.680127e+00	6.381469e+00	6.109326e+00	5.856001e+00	5.622107e+00	5.409447e+00
5.214309e+00	5.031761e+00	4.857124e+00	4.687760e+00	4.526352e+00	4.452218e+00
4.380555e+00	4.325057e+00	4.269019e+00	4.255809e+00	4.245158e+00	4.243740e+00
4.242698e+00	4.242573e+00	4.242466e+00	4.242469e+00	1.027832e+01	1.007810e+01
9.855216e+00	9.599385e+00	9.324501e+00	8.778360e+00	8.244002e+00	7.754555e+00
7.318491e+00	6.928192e+00	6.579016e+00	6.265332e+00	5.975285e+00	5.701521e+00
5.447438e+00	5.217085e+00	5.007475e+00	4.814450e+00	4.633485e+00	4.457939e+00
4.287531e+00	4.209539e+00	4.137645e+00	4.085001e+00	4.028750e+00	4.014840e+00
4.004479e+00	4.003188e+00	4.002106e+00	4.001956e+00	4.001872e+00	4.001879e+00
1.061360e+01	1.028539e+01	9.959297e+00	9.638148e+00	9.326913e+00	8.745816e+00
8.210664e+00	7.717927e+00	7.264754e+00	6.848422e+00	6.467183e+00	6.121506e+00
5.807349e+00	5.519812e+00	5.254802e+00	5.011319e+00	4.788354e+00	4.584595e+00
4.397541e+00	4.216610e+00	4.034588e+00	3.948079e+00	3.873293e+00	3.824567e+00
3.769568e+00	3.753793e+00	3.743900e+00	3.743069e+00	3.741829e+00	3.741609e+00
3.741579e+00	3.741569e+00	1.075793e+01	1.043043e+01	1.009792e+01	9.754870e+00
9.398778e+00	8.756115e+00	8.164479e+00	7.633165e+00	7.153157e+00	6.719407e+00
6.326918e+00	5.971904e+00	5.645323e+00	5.340370e+00	5.057273e+00	4.798233e+00
4.562416e+00	4.345820e+00	4.145239e+00	3.953672e+00	3.766175e+00	3.677445e+00
3.599439e+00	3.547514e+00	3.492111e+00	3.477079e+00	3.467201e+00	3.466250e+00
3.465091e+00	3.464896e+00	3.464850e+00	3.464838e+00	1.087223e+01	1.055592e+01
1.023203e+01	9.883438e+00	9.504455e+00	8.771765e+00	8.107628e+00	7.521860e+00
7.012096e+00	6.566349e+00	6.171678e+00	5.815356e+00	5.480825e+00	5.159474e+00
4.858398e+00	4.584302e+00	4.336108e+00	4.106311e+00	3.890517e+00	3.687213e+00
3.496370e+00	3.407343e+00	3.325669e+00	3.267869e+00	3.211722e+00	3.198287e+00
3.188257e+00	3.187015e+00	3.186010e+00	3.185868e+00	3.185785e+00	3.185771e+00
1.104744e+01	1.068233e+01	1.029966e+01	9.900341e+00	9.507701e+00	8.755768e+00
8.045510e+00	7.430049e+00	6.894642e+00	6.426186e+00	6.013437e+00	5.642906e+00
5.297764e+00	4.968536e+00	4.659078e+00	4.373212e+00	4.111300e+00	3.868316e+00
3.641276e+00	3.428958e+00	3.231515e+00	3.139395e+00	3.052616e+00	2.989659e+00
2.933730e+00	2.921036e+00	2.910906e+00	2.909610e+00	2.908667e+00	2.908533e+00
2.908449e+00	2.908412e+00	1.128322e+01	1.080479e+01	1.033656e+01	9.887825e+00
9.457477e+00	8.676347e+00	7.973748e+00	7.348035e+00	6.790057e+00	6.292298e+00
5.849927e+00	5.454737e+00	5.097271e+00	4.768216e+00	4.458503e+00	4.163645e+00
3.887135e+00	3.631016e+00	3.395464e+00	3.175658e+00	2.968795e+00	2.871375e+00
2.778161e+00	2.710228e+00	2.654950e+00	2.642365e+00	2.632117e+00	2.630927e+00
2.629979e+00	2.629821e+00	2.629759e+00	2.629684e+00	1.146585e+01	1.092020e+01
1.039207e+01	9.897801e+00	9.450475e+00	8.618479e+00	7.891682e+00	7.246086e+00
6.670201e+00	6.155923e+00	5.697884e+00	5.288565e+00	4.919839e+00	4.582714e+00
4.265621e+00	3.961980e+00	3.675507e+00	3.410247e+00	3.166099e+00	2.937436e+00
2.721095e+00	2.618888e+00	2.521248e+00	2.450485e+00	2.394205e+00	2.381466e+00
2.371064e+00	2.369883e+00	2.368929e+00	2.368768e+00	2.368704e+00	2.368613e+00
1.162693e+01	1.103142e+01	1.045950e+01	9.930427e+00	9.447883e+00	8.567260e+00
7.803384e+00	7.133266e+00	6.543707e+00	6.020728e+00	5.553982e+00	5.135279e+00
4.756088e+00	4.407880e+00	4.080782e+00	3.769161e+00	3.475594e+00	3.203735e+00
2.951818e+00	2.714509e+00	2.489353e+00	2.382947e+00	2.282260e+00	2.210044e+00
2.152117e+00	2.139075e+00	2.128524e+00	2.127317e+00	2.126350e+00	2.126196e+00
2.126118e+00	2.126027e+00	1.178985e+01	1.114405e+01	1.052814e+01	9.964695e+00
9.448416e+00	8.526917e+00	7.729579e+00	7.036745e+00	6.433606e+00	5.901630e+00
5.426015e+00	4.997913e+00	4.608862e+00	4.250775e+00	3.914955e+00	3.596323e+00
3.296461e+00	3.018366e+00	2.759853e+00	2.515074e+00	2.281999e+00	2.171833e+00
2.068633e+00	1.995214e+00	1.934939e+00	1.921390e+00	1.910590e+00	1.909349e+00
1.908340e+00	1.908192e+00	1.908094e+00	1.908024e+00	1.195459e+01	1.125789e+01
1.059784e+01	1.000192e+01	9.461812e+00	8.494040e+00	7.669390e+00	6.956463e+00
6.339997e+00	5.798635e+00	5.313867e+00	4.876259e+00	4.477946e+00	4.111228e+00
3.767934e+00	3.443084e+00	3.137441e+00	2.853148e+00	2.588877e+00	2.337371e+00
2.096795e+00	1.983090e+00	1.877774e+00	1.803366e+00	1.739920e+00	1.725629e+00
1.714469e+00	1.713184e+00	1.712097e+00	1.711956e+00	1.711832e+00	1.711805e+00
1.212379e+01	1.137855e+01	1.067679e+01	1.005060e+01	9.486812e+00	8.489782e+00
7.632551e+00	6.900034e+00	6.270118e+00	5.718640e+00	5.224336e+00	4.777032e+00
4.369387e+00	3.994121e+00	3.643507e+00	3.312652e+00	3.001682e+00	2.711886e+00
2.442627e+00	2.185756e+00	1.938595e+00	1.821266e+00	1.712665e+00	1.635657e+00
1.568796e+00	1.553714e+00	1.542019e+00	1.540667e+00	1.539501e+00	1.539359e+00
1.539232e+00	1.539241e+00	1.229771e+01	1.150703e+01	1.076702e+01	1.011462e+01
9.531856e+00	8.493360e+00	7.619136e+00	6.869110e+00	6.225102e+00	5.662467e+00
5.157935e+00	4.701053e+00	4.284222e+00	3.900585e+00	3.542791e+00	3.206026e+00
2.889937e+00	2.595083e+00	2.321099e+00	2.059732e+00	1.806475e+00	1.685319e+00
1.572367e+00	1.491360e+00	1.420731e+00	1.404758e+00	1.392338e+00	1.390895e+00
1.389646e+00	1.389493e+00	1.389374e+00	1.389408e+00	1.247631e+01	1.164384e+01
1.086923e+01	1.019420e+01	9.595183e+00	8.526004e+00	7.625202e+00	6.860728e+00
6.206289e+00	5.634539e+00	5.121383e+00	4.654336e+00	4.228258e+00	3.836298e+00
3.471246e+00	3.128302e+00	2.806753e+00	2.506680e+00	2.227422e+00	1.961460e+00
1.701865e+00	1.576477e+00	1.458254e+00	1.372158e+00	1.297038e+00	1.279928e+00
1.266523e+00	1.264956e+00	1.263612e+00	1.263439e+00	1.263318e+00	1.263356e+00
1.266273e+01	1.179235e+01	1.098700e+01	1.029274e+01	9.680555e+00	8.584327e+00
7.663384e+00	6.886243e+00	6.221884e+00	5.641469e+00	5.120782e+00	4.642369e+00
4.205918e+00	3.804441e+00	3.430604e+00	3.079523e+00	2.750244e+00	2.443154e+00
2.159374e+00	1.888784e+00	1.622709e+00	1.492935e+00	1.369165e+00	1.277609e+00
1.197230e+00	1.178702e+00	1.164065e+00	1.162354e+00	1.160888e+00	1.160693e+00
1.160572e+00	1.160571e+00	1.285513e+01	1.195029e+01	1.111725e+01	1.040641e+01
9.783249e+00	8.663475e+00	7.725151e+00	6.933634e+00	6.255570e+00	5.661714e+00
5.127597e+00	4.645513e+00	4.205359e+00	3.800313e+00	3.423029e+00	3.068614e+00
2.736111e+00	2.424636e+00	2.129610e+00	1.848026e+00	1.571070e+00	1.434841e+00
1.304646e+00	1.206826e+00	1.119543e+00	1.099091e+00	1.082855e+00	1.080947e+00
1.079332e+00	1.079114e+00	1.078974e+00	1.078900e+00	1.305376e+01	1.211914e+01
1.126269e+01	1.053907e+01	9.908100e+00	8.770811e+00	7.819606e+00	7.018160e+00
6.331428e+00	5.729550e+00	5.188483e+00	4.697285e+00	4.248730e+00	3.835559e+00
3.449906e+00	3.086565e+00	2.744616e+00	2.423697e+00	2.121507e+00	1.831049e+00
1.544604e+00	1.402573e+00	1.264316e+00	1.158831e+00	1.062725e+00	1.039793e+00
1.021535e+00	1.019372e+00	1.017571e+00	1.017330e+00	1.017150e+00	1.017000e+00
1.325737e+01	1.229598e+01	1.141883e+01	1.068453e+01	1.004765e+01	8.896855e+00
7.937334e+00	7.127624e+00	6.432996e+00	5.823325e+00	5.274849e+00	4.776631e+00
4.321242e+00	3.901069e+00	3.507735e+00	3.135683e+00	2.783910e+00	2.452558e+00
2.143653e+00	1.845082e+00	1.549748e+00	1.403114e+00	1.249579e+00	1.129423e+00
1.022369e+00	9.964025e-01	9.756014e-01	9.731221e-01	9.710843e-01	9.708256e-01
9.705827e-01	9.704212e-01	1.346469e+01	1.247840e+01	1.158243e+01	1.083922e+01
1.019824e+01	9.037990e+00	8.074639e+00	7.259264e+00	6.558765e+00	5.943140e+00
5.388912e+00	4.885087e+00	4.424024e+00	3.997843e+00	3.597772e+00	3.218080e+00
2.858004e+00	2.517468e+00	2.194345e+00	1.878273e+00	1.562860e+00	1.404684e+00
1.240697e+00	1.109625e+00	9.908701e-01	9.616194e-01	9.380957e-01	9.352790e-01
9.329724e-01	9.326883e-01	9.323938e-01	9.322659e-01	1.367360e+01	1.266417e+01
1.175105e+01	1.100037e+01	1.035676e+01	9.189922e+00	8.224797e+00	7.405691e+00
6.700922e+00	6.080578e+00	5.521341e+00	5.012115e+00	4.545061e+00	4.112108e+00
3.704358e+00	3.315994e+00	2.946326e+00	2.595192e+00	2.258815e+00	1.925504e+00
1.588058e+00	1.415791e+00	1.244534e+00	1.107701e+00	9.701219e-01	9.365040e-01
9.094510e-01	9.062143e-01	9.035226e-01	9.031810e-01	9.028631e-01	9.029011e-01
1.388331e+01	1.285195e+01	1.192318e+01	1.116702e+01	1.052341e+01	9.356202e+00
8.394409e+00	7.575823e+00	6.870177e+00	6.247766e+00	5.685273e+00	5.171586e+00
4.698964e+00	4.259383e+00	3.844071e+00	3.447225e+00	3.068125e+00	2.706476e+00
2.357803e+00	2.008318e+00	1.648000e+00	1.462593e+00	1.270283e+00	1.112316e+00
9.567431e-01	9.186316e-01	8.878826e-01	8.841913e-01	8.810586e-01	8.806384e-01
8.803376e-01	8.805841e-01	1.409088e+01	1.302903e+01	1.207896e+01	1.131726e+01
1.067794e+01	9.523987e+00	8.575413e+00	7.763628e+00	7.059462e+00	6.434362e+00
5.865878e+00	5.344715e+00	4.865458e+00	4.420757e+00	4.000231e+00	3.596753e+00
3.209014e+00	2.835906e+00	2.473030e+00	2.108248e+00	1.724192e+00	1.519782e+00
1.304551e+00	1.124225e+00	9.506660e-01	9.059113e-01	8.709689e-01	8.666182e-01
8.628528e-01	8.622775e-01	8.622227e-01	8.625811e-01	1.429665e+01	1.319966e+01
1.222569e+01	1.145876e+01	1.082639e+01	9.694783e+00	8.767194e+00	7.967880e+00
7.267917e+00	6.640328e+00	6.064126e+00	5.533420e+00	5.047004e+00	4.598766e+00
4.175354e+00	3.767179e+00	3.371881e+00	2.986937e+00	2.608707e+00	2.230363e+00
1.822928e+00	1.594241e+00	1.352232e+00	1.148573e+00	9.466022e-01	8.957988e-01
8.567554e-01	8.517086e-01	8.472652e-01	8.465113e-01	8.467783e-01	8.472045e-01
1.448887e+01	1.335846e+01	1.236257e+01	1.159299e+01	1.097018e+01	9.864754e+00
8.960556e+00	8.176145e+00	7.482535e+00	6.853969e+00	6.270732e+00	5.730960e+00
5.238592e+00	4.788792e+00	4.363982e+00	3.951489e+00	3.548536e+00	3.152190e+00
2.759696e+00	2.367792e+00	1.935183e+00	1.680442e+00	1.408192e+00	1.177645e+00
9.460094e-01	8.887872e-01	8.443784e-01	8.386180e-01	8.333483e-01	8.323687e-01
8.330563e-01	8.334129e-01	1.466533e+01	1.350376e+01	1.248826e+01	1.171854e+01
1.110795e+01	1.003296e+01	9.154848e+00	8.388345e+00	7.703932e+00	7.076466e+00
6.487112e+00	5.938933e+00	5.442420e+00	4.994102e+00	4.570184e+00	4.153833e+00
3.742995e+00	3.336246e+00	2.932101e+00	2.527344e+00	2.067813e+00	1.785629e+00
1.478586e+00	1.216412e+00	9.503194e-01	8.838845e-01	8.338798e-01	8.274194e-01
8.211941e-01	8.199457e-01	8.211408e-01	8.213126e-01	1.481452e+01	1.362638e+01
1.259603e+01	1.183097e+01	1.123639e+01	1.019514e+01	9.345254e+00	8.597887e+00
7.923673e+00	7.298578e+00	6.705154e+00	6.150882e+00	5.652124e+00	5.206670e+00
4.785051e+00	4.366473e+00	3.949373e+00	3.533597e+00	3.118604e+00	2.700918e+00
2.213779e+00	1.903550e+00	1.559193e+00	1.262922e+00	9.576731e-01	8.823644e-01
8.242443e-01	8.169709e-01	8.098410e-01	8.083279e-01	8.100577e-01	8.098181e-01
1.493947e+01	1.372938e+01	1.268648e+01	1.193018e+01	1.135493e+01	1.034964e+01
9.530194e+00	8.803441e+00	8.140643e+00	7.519305e+00	6.923874e+00	6.365889e+00
5.866895e+00	5.425783e+00	5.007997e+00	4.589017e+00	4.167530e+00	3.744350e+00
3.319539e+00	2.889162e+00	2.374403e+00	2.035981e+00	1.652309e+00	1.319109e+00
9.701489e-01	8.822790e-01	8.155700e-01	8.072996e-01	7.993209e-01	7.975566e-01
7.997661e-01	7.989518e-01	1.502192e+01	1.379989e+01	1.276497e+01	1.202631e+01
1.147497e+01	1.050512e+01	9.712626e+00	9.002352e+00	8.348452e+00	7.731587e+00
7.138656e+00	6.582525e+00	6.086689e+00	5.650626e+00	5.237252e+00	4.819955e+00
4.397137e+00	3.969486e+00	3.536324e+00	3.091086e+00	2.546353e+00	2.181588e+00
1.760009e+00	1.387121e+00	9.882705e-01	8.858559e-01	8.078650e-01	7.985495e-01
7.897099e-01	7.877494e-01	7.902658e-01	7.887781e-01	1.485341e+01	1.377730e+01
1.286055e+01	1.220512e+01	1.170090e+01	1.074740e+01	9.924633e+00	9.184166e+00
8.512045e+00	7.894840e+00	7.322914e+00	6.795917e+00	6.317234e+00	5.880733e+00
5.465216e+00	5.054209e+00	4.642687e+00	4.224026e+00	3.785548e+00	3.300157e+00
2.701872e+00	2.325134e+00	1.884785e+00	1.481294e+00	1.017227e+00	8.882919e-01
7.995538e-01	7.908167e-01	7.807627e-01	7.787935e-01	7.816238e-01	7.789655e-01
1.478181e+01	1.377090e+01	1.292148e+01	1.232015e+01	1.185464e+01	1.092746e+01
1.010159e+01	9.353601e+00	8.677718e+00	8.066107e+00	7.512692e+00	7.008697e+00
6.544564e+00	6.110693e+00	5.696406e+00	5.292132e+00	4.890535e+00	4.479846e+00
4.038536e+00	3.523315e+00	2.879082e+00	2.486598e+00	2.021647e+00	1.581940e+00
1.050669e+00	8.936800e-01	7.927968e-01	7.832947e-01	7.722040e-01	7.703026e-01
7.732032e-01	7.696712e-01	1.480731e+01	1.379905e+01	1.295180e+01	1.236917e+01
1.192605e+01	1.102980e+01	1.023166e+01	9.507847e+00	8.852131e+00	8.256079e+00
7.713459e+00	7.217552e+00	6.761148e+00	6.335435e+00	5.928752e+00	5.530591e+00
5.133479e+00	4.725427e+00	4.283833e+00	3.762605e+00	3.095408e+00	2.676756e+00
2.171058e+00	1.683262e+00	1.088019e+00	9.106195e-01	7.884829e-01	7.761322e-01
7.641916e-01	7.623785e-01	7.650256e-01	7.611494e-01	1.483822e+01	1.383178e+01
1.299347e+01	1.242554e+01	1.200052e+01	1.112991e+01	1.035332e+01	9.648379e+00
9.009225e+00	8.427957e+00	7.898681e+00	7.414973e+00	6.969837e+00	6.554532e+00
6.157340e+00	5.767604e+00	5.377814e+00	4.975749e+00	4.538067e+00	4.016315e+00
3.333438e+00	2.890976e+00	2.338782e+00	1.795155e+00	1.133212e+00	9.344328e-01
7.876559e-01	7.705842e-01	7.574473e-01	7.554701e-01	7.578069e-01	7.539472e-01
1.486616e+01	1.386097e+01	1.302944e+01	1.247572e+01	1.206783e+01	1.122213e+01
1.046645e+01	9.780219e+00	9.157866e+00	8.591999e+00	8.077010e+00	7.606726e+00
7.174314e+00	6.771051e+00	6.385050e+00	6.005460e+00	5.624855e+00	5.230982e+00
4.800206e+00	4.282545e+00	3.589789e+00	3.124851e+00	2.523417e+00	1.919190e+00
1.185845e+00	9.649195e-01	7.871996e-01	7.659227e-01	7.513580e-01	7.491914e-01
7.511322e-01	7.474267e-01	1.486489e+01	1.386201e+01	1.303432e+01	1.250187e+01
1.211448e+01	1.129820e+01	1.056642e+01	9.900916e+00	9.296827e+00	8.747372e+00
8.247343e+00	7.790958e+00	7.371693e+00	6.981092e+00	6.607388e+00	6.239732e+00
5.870618e+00	5.487406e+00	5.065374e+00	4.551376e+00	3.847769e+00	3.363949e+00
2.723706e+00	2.065525e+00	1.248755e+00	9.991652e-01	7.877453e-01	7.622904e-01
7.458241e-01	7.436699e-01	7.450315e-01	7.414378e-01	1.483764e+01	1.384459e+01
1.303111e+01	1.251546e+01	1.214625e+01	1.135954e+01	1.065263e+01	1.000881e+01
9.423807e+00	8.891419e+00	8.406848e+00	7.964774e+00	7.559066e+00	7.181724e+00
6.821321e+00	6.467187e+00	6.111648e+00	5.741428e+00	5.330093e+00	4.819978e+00
4.105931e+00	3.607836e+00	2.941545e+00	2.240121e+00	1.326778e+00	1.040344e+00
7.910754e-01	7.597288e-01	7.409265e-01	7.389272e-01	7.395226e-01	7.360815e-01
1.480351e+01	1.381913e+01	1.301928e+01	1.251406e+01	1.216372e+01	1.140724e+01
1.072529e+01	1.010352e+01	9.538076e+00	9.023398e+00	8.555087e+00	8.128222e+00
7.737032e+00	7.373842e+00	7.027503e+00	6.687457e+00	6.345963e+00	5.989370e+00
5.590036e+00	5.086818e+00	4.368553e+00	3.860962e+00	3.174278e+00	2.432354e+00
1.416314e+00	1.089689e+00	7.967091e-01	7.598860e-01	7.366834e-01	7.350074e-01
7.342671e-01	7.314705e-01	1.476140e+01	1.378467e+01	1.299515e+01	1.250890e+01
1.217610e+01	1.144758e+01	1.078976e+01	1.018975e+01	9.643872e+00	9.147132e+00
8.695501e+00	8.284407e+00	7.908417e+00	7.560113e+00	7.228600e+00	6.903408e+00
6.576793e+00	6.234877e+00	5.849104e+00	5.355434e+00	4.637883e+00	4.124894e+00
3.423541e+00	2.644627e+00	1.518660e+00	1.147630e+00	8.059798e-01	7.608719e-01
7.328783e-01	7.315645e-01	7.292640e-01	7.273277e-01	1.472847e+01	1.375763e+01
1.297657e+01	1.250553e+01	1.218732e+01	1.148241e+01	1.084542e+01	1.026460e+01
9.736593e+00	9.256766e+00	8.821419e+00	8.426224e+00	8.065989e+00	7.733434e+00
7.417707e+00	7.108419e+00	6.798103e+00	6.473134e+00	6.104673e+00	5.626561e+00
4.917521e+00	4.402249e+00	3.686846e+00	2.870161e+00	1.632863e+00	1.213975e+00
8.175421e-01	7.627109e-01	7.297473e-01	7.283362e-01	7.247719e-01	7.236474e-01
1.470564e+01	1.373875e+01	1.296417e+01	1.250367e+01	1.219722e+01	1.151117e+01
1.089128e+01	1.032664e+01	9.814419e+00	9.350148e+00	8.930460e+00	8.551140e+00
8.207084e+00	7.890920e+00	7.591445e+00	7.298307e+00	7.004871e+00	6.698760e+00
6.351925e+00	5.896945e+00	5.206506e+00	4.692715e+00	3.962945e+00	3.107130e+00
1.762370e+00	1.293008e+00	8.340430e-01	7.686431e-01	7.271637e-01	7.253139e-01
7.206930e-01	7.204490e-01	1.467984e+01	1.371972e+01	1.295354e+01	1.250396e+01
1.220895e+01	1.154167e+01	1.093817e+01	1.038867e+01	9.890278e+00	9.438620e+00
9.030426e+00	8.662205e+00	8.329934e+00	8.027764e+00	7.746567e+00	7.476721e+00
7.209223e+00	6.926581e+00	6.597830e+00	6.161182e+00	5.492192e+00	4.985886e+00
4.251408e+00	3.365117e+00	1.911101e+00	1.382242e+00	8.526861e-01	7.761324e-01
7.260351e-01	7.228822e-01	7.187497e-01	7.177515e-01	1.464973e+01	1.369999e+01
1.294451e+01	1.250624e+01	1.222235e+01	1.157288e+01	1.098418e+01	1.044779e+01
9.960786e+00	9.519342e+00	9.120548e+00	8.761733e+00	8.439992e+00	8.151180e+00
7.888634e+00	7.643777e+00	7.404865e+00	7.147847e+00	6.837532e+00	6.419126e+00
5.774196e+00	5.279617e+00	4.548880e+00	3.641765e+00	2.080604e+00	1.483689e+00
8.749620e-01	7.860791e-01	7.255728e-01	7.210863e-01	7.174028e-01	7.155104e-01
1.461849e+01	1.368162e+01	1.293840e+01	1.251027e+01	1.223517e+01	1.160024e+01
1.102333e+01	1.049702e+01	1.001930e+01	9.587500e+00	9.199803e+00	8.853725e+00
8.546282e+00	8.273109e+00	8.026977e+00	7.799288e+00	7.579550e+00	7.345744e+00
7.063470e+00	6.674646e+00	6.056487e+00	5.573265e+00	4.849212e+00	3.927811e+00
2.266497e+00	1.599316e+00	9.039321e-01	7.997570e-01	7.254031e-01	7.198882e-01
7.150832e-01	7.136210e-01	1.460301e+01	1.367372e+01	1.293824e+01	1.251461e+01
1.224368e+01	1.161741e+01	1.104949e+01	1.053313e+01	1.006604e+01	9.645612e+00
9.269912e+00	8.936396e+00	8.641975e+00	8.381962e+00	8.148550e+00	7.933745e+00
7.730567e+00	7.523617e+00	7.281035e+00	6.930503e+00	6.335361e+00	5.861340e+00
5.150796e+00	4.224834e+00	2.466461e+00	1.731142e+00	9.383028e-01	8.166598e-01
7.260245e-01	7.187146e-01	7.128608e-01	7.117533e-01	1.458969e+01	1.366946e+01
1.293935e+01	1.252182e+01	1.225493e+01	1.163708e+01	1.107753e+01	1.057007e+01
1.011237e+01	9.701847e+00	9.336447e+00	9.013725e+00	8.730674e+00	8.482650e+00
8.261774e+00	8.060684e+00	7.874840e+00	7.693356e+00	7.486560e+00	7.173646e+00
6.609154e+00	6.149904e+00	5.457044e+00	4.531253e+00	2.684568e+00	1.879043e+00
9.780388e-01	8.369395e-01	7.273655e-01	7.182757e-01	7.111903e-01	7.103050e-01
1.457604e+01	1.366693e+01	1.294679e+01	1.253503e+01	1.227226e+01	1.166281e+01
1.111077e+01	1.061031e+01	1.015965e+01	9.756351e+00	9.398525e+00	9.084074e+00
8.810310e+00	8.573072e+00	8.365091e+00	8.179598e+00	8.012544e+00	7.853399e+00
7.673515e+00	7.394061e+00	6.870920e+00	6.434671e+00	5.762803e+00	4.840919e+00
2.922608e+00	2.045340e+00	1.025135e+00	8.622297e-01	7.303920e-01	7.182131e-01
7.100859e-01	7.092850e-01	1.455577e+01	1.366041e+01	1.295091e+01	1.254648e+01
1.228879e+01	1.168849e+01	1.114311e+01	1.064811e+01	1.020204e+01	9.803310e+00
9.450690e+00	9.142564e+00	8.876702e+00	8.649588e+00	8.454859e+00	8.286199e+00
8.138633e+00	7.999183e+00	7.839374e+00	7.590490e+00	7.117509e+00	6.710187e+00
6.060282e+00	5.146344e+00	3.179285e+00	2.228834e+00	1.079596e+00	8.918907e-01
7.343408e-01	7.190431e-01	7.091320e-01	7.083355e-01	1.453108e+01	1.365107e+01
1.295442e+01	1.255723e+01	1.230410e+01	1.171238e+01	1.117298e+01	1.068273e+01
1.024049e+01	9.845559e+00	9.497392e+00	9.194852e+00	8.936175e+00	8.718507e+00
8.536456e+00	8.384192e+00	8.255618e+00	8.134783e+00	7.993285e+00	7.774454e+00
7.355265e+00	6.980428e+00	6.356029e+00	5.455566e+00	3.454025e+00	2.429064e+00
1.141198e+00	9.260490e-01	7.393799e-01	7.205156e-01	7.082875e-01	7.074336e-01
1.450464e+01	1.364176e+01	1.295801e+01	1.256616e+01	1.231442e+01	1.172816e+01
1.119366e+01	1.070806e+01	1.027055e+01	9.880398e+00	9.537339e+00	9.240520e+00
8.988522e+00	8.778942e+00	8.607018e+00	8.467474e+00	8.354448e+00	8.251867e+00
8.132534e+00	7.945871e+00	7.577030e+00	7.235063e+00	6.645619e+00	5.770557e+00
3.738502e+00	2.641040e+00	1.211362e+00	9.668566e-01	7.459180e-01	7.212657e-01
7.075079e-01	7.064916e-01	1.447361e+01	1.363130e+01	1.296172e+01	1.257384e+01
1.232169e+01	1.173901e+01	1.120838e+01	1.072689e+01	1.029409e+01	9.908870e+00
9.570943e+00	9.279571e+00	9.033555e+00	8.830775e+00	8.666867e+00	8.537145e+00
8.436781e+00	8.351312e+00	8.255728e+00	8.101819e+00	7.779904e+00	7.470626e+00
6.923308e+00	6.084598e+00	4.030523e+00	2.865527e+00	1.293196e+00	1.017195e+00
7.551487e-01	7.217093e-01	7.068813e-01	7.055779e-01	1.442969e+01	1.361673e+01
1.296768e+01	1.258494e+01	1.233138e+01	1.175203e+01	1.122461e+01	1.074658e+01
1.031742e+01	9.936002e+00	9.602147e+00	9.315237e+00	9.074313e+00	8.877460e+00
8.720703e+00	8.599889e+00	8.511111e+00	8.441344e+00	8.367691e+00	8.245033e+00
7.969332e+00	7.691850e+00	7.184308e+00	6.383998e+00	4.334473e+00	3.110765e+00
1.385473e+00	1.073242e+00	7.664879e-01	7.240410e-01	7.072371e-01	7.050499e-01
1.437326e+01	1.359804e+01	1.297505e+01	1.259826e+01	1.234208e+01	1.176568e+01
1.124092e+01	1.076589e+01	1.033975e+01	9.961527e+00	9.631167e+00	9.348162e+00
9.111785e+00	8.920283e+00	8.770054e+00	8.657451e+00	8.579453e+00	8.524455e+00
8.471696e+00	8.379390e+00	8.149405e+00	7.903491e+00	7.435472e+00	6.676274e+00
4.651214e+00	3.377097e+00	1.489156e+00	1.135782e+00	7.801247e-01	7.297235e-01
7.081921e-01	7.046610e-01	1.431103e+01	1.357600e+01	1.297906e+01	1.260930e+01
1.234977e+01	1.177613e+01	1.125397e+01	1.078158e+01	1.035807e+01	9.982570e+00
9.655150e+00	9.375426e+00	9.142924e+00	8.956143e+00	8.811920e+00	8.707127e+00
8.639361e+00	8.597881e+00	8.563838e+00	8.499997e+00	8.315492e+00	8.101500e+00
7.672874e+00	6.953736e+00	4.969439e+00	3.662840e+00	1.605483e+00	1.204731e+00
7.954719e-01	7.370035e-01	7.086094e-01	7.043415e-01	1.423872e+01	1.354770e+01
1.298091e+01	1.261809e+01	1.235517e+01	1.178381e+01	1.126399e+01	1.079383e+01
1.037252e+01	9.999252e+00	9.674171e+00	9.397047e+00	9.167675e+00	8.984881e+00
8.846016e+00	8.748496e+00	8.690277e+00	8.660870e+00	8.643000e+00	8.605123e+00
8.464945e+00	8.282483e+00	7.891639e+00	7.208952e+00	5.281636e+00	3.969181e+00
1.738603e+00	1.281876e+00	8.135023e-01	7.482438e-01	7.086759e-01	7.040985e-01
1.416559e+01	1.351712e+01	1.297972e+01	1.262280e+01	1.235603e+01	1.178733e+01
1.126974e+01	1.080168e+01	1.038237e+01	1.001127e+01	9.688609e+00	9.414216e+00
9.188059e+00	9.009107e+00	8.874946e+00	8.783385e+00	8.732834e+00	8.713576e+00
8.710132e+00	8.695426e+00	8.595574e+00	8.444139e+00	8.095528e+00	7.458971e+00
5.595797e+00	4.277205e+00	1.885219e+00	1.371112e+00	8.352363e-01	7.596238e-01
7.090911e-01	7.036420e-01	1.409835e+01	1.348899e+01	1.297773e+01	1.262690e+01
1.235666e+01	1.179029e+01	1.127466e+01	1.080845e+01	1.039089e+01	1.002176e+01
9.701343e+00	9.429541e+00	9.206409e+00	9.030971e+00	8.900873e+00	8.814229e+00
8.769933e+00	8.759270e+00	8.768556e+00	8.774315e+00	8.710646e+00	8.588864e+00
8.284613e+00	7.701033e+00	5.909218e+00	4.586322e+00	2.048675e+00	1.474393e+00
8.617089e-01	7.719162e-01	7.104364e-01	7.032962e-01	1.404569e+01	1.346940e+01
1.298062e+01	1.263492e+01	1.236185e+01	1.179698e+01	1.128286e+01	1.081811e+01
1.040195e+01	1.003449e+01	9.715821e+00	9.446109e+00	9.225395e+00	9.052836e+00
8.926167e+00	8.843815e+00	8.805073e+00	8.802034e+00	8.822522e+00	8.846393e+00
8.815281e+00	8.721029e+00	8.459594e+00	7.929307e+00	6.218095e+00	4.902260e+00
2.234673e+00	1.590789e+00	8.931214e-01	7.874917e-01	7.126982e-01	7.033589e-01
1.399658e+01	1.344838e+01	1.297901e+01	1.263755e+01	1.236231e+01	1.179894e+01
1.128644e+01	1.082332e+01	1.040860e+01	1.004253e+01	9.725437e+00	9.457498e+00
9.238805e+00	9.068726e+00	8.945121e+00	8.866632e+00	8.832906e+00	8.836638e+00
8.866911e+00	8.906448e+00	8.904425e+00	8.835818e+00	8.615477e+00	8.139024e+00
6.517852e+00	5.217825e+00	2.442897e+00	1.720674e+00	9.293873e-01	8.058763e-01
7.150321e-01	7.030660e-01	1.395344e+01	1.343142e+01	1.297909e+01	1.264176e+01
1.236400e+01	1.180171e+01	1.128976e+01	1.082742e+01	1.041406e+01	1.004970e+01
9.734576e+00	9.468731e+00	9.252110e+00	9.084154e+00	8.962918e+00	8.887345e+00
8.857561e+00	8.867156e+00	8.906628e+00	8.960807e+00	8.984314e+00	8.938445e+00
8.758730e+00	8.337129e+00	6.807533e+00	5.538908e+00	2.670085e+00	1.863600e+00
9.709611e-01	8.269970e-01	7.181095e-01	7.028276e-01	1.391716e+01	1.341897e+01
1.298307e+01	1.264954e+01	1.236971e+01	1.180643e+01	1.129335e+01	1.083095e+01
1.041885e+01	1.005643e+01	9.743600e+00	9.480139e+00	9.265618e+00	9.099385e+00
8.979772e+00	8.906129e+00	8.879175e+00	8.893632e+00	8.941501e+00	9.009036e+00
9.054086e+00	9.027522e+00	8.886763e+00	8.519626e+00	7.080641e+00	5.860187e+00
2.914842e+00	2.021434e+00	1.019890e+00	8.521786e-01	7.226758e-01	7.027223e-01
1.388509e+01	1.340630e+01	1.298322e+01	1.265247e+01	1.237068e+01	1.180875e+01
1.129678e+01	1.083523e+01	1.042394e+01	1.006238e+01	9.750511e+00	9.488207e+00
9.275091e+00	9.110567e+00	8.992898e+00	8.921474e+00	8.897352e+00	8.915925e+00
8.970323e+00	9.048782e+00	9.113196e+00	9.104166e+00	8.997643e+00	8.681543e+00
7.342360e+00	6.171221e+00	3.176187e+00	2.197786e+00	1.075652e+00	8.828042e-01
7.281760e-01	7.025137e-01	1.385595e+01	1.339439e+01	1.298331e+01	1.265468e+01
1.237133e+01	1.181067e+01	1.130028e+01	1.083994e+01	1.042922e+01	1.006809e+01
9.756732e+00	9.495175e+00	9.283156e+00	9.120161e+00	9.004375e+00	8.935160e+00
8.913810e+00	8.936158e+00	8.996222e+00	9.084157e+00	9.166329e+00	9.173832e+00
9.098764e+00	8.831468e+00	7.598213e+00	6.478707e+00	3.455033e+00	2.393326e+00
1.138284e+00	9.181432e-01	7.345737e-01	7.023107e-01	1.383071e+01	1.338490e+01
1.298395e+01	1.265783e+01	1.237283e+01	1.181364e+01	1.130472e+01	1.084549e+01
1.043541e+01	1.007459e+01	9.763456e+00	9.502182e+00	9.290740e+00	9.128815e+00
9.014665e+00	8.947665e+00	8.929264e+00	8.955420e+00	9.020504e+00	9.115576e+00
9.212915e+00	9.236444e+00	9.189026e+00	8.967393e+00	7.846253e+00	6.771224e+00
3.746441e+00	2.613222e+00	1.209636e+00	9.581084e-01	7.419487e-01	7.023270e-01
1.380918e+01	1.337733e+01	1.298598e+01	1.266176e+01	1.237550e+01	1.181746e+01
1.130967e+01	1.085136e+01	1.044188e+01	1.008126e+01	9.770145e+00	9.508815e+00
9.297563e+00	9.136324e+00	9.023539e+00	8.958640e+00	8.943165e+00	8.972896e+00
9.042142e+00	9.142490e+00	9.252873e+00	9.291341e+00	9.267255e+00	9.085908e+00
8.080342e+00	7.047911e+00	4.046917e+00	2.858154e+00	1.292658e+00	1.005457e+00
7.510297e-01	7.024844e-01	1.378974e+01	1.337055e+01	1.298776e+01	1.266536e+01
1.237770e+01	1.181956e+01	1.131153e+01	1.085327e+01	1.044425e+01	1.008457e+01
9.774557e+00	9.514246e+00	9.303628e+00	9.142703e+00	9.030640e+00	8.967311e+00
8.954071e+00	8.985960e+00	9.057402e+00	9.163403e+00	9.289400e+00	9.341578e+00
9.332667e+00	9.172213e+00	8.284987e+00	7.359653e+00	4.346927e+00	3.093799e+00
1.386071e+00	1.065218e+00	7.626730e-01	7.024441e-01	1.377180e+01	1.336430e+01
1.298944e+01	1.266869e+01	1.237966e+01	1.182109e+01	1.131269e+01	1.085441e+01
1.044570e+01	1.008687e+01	9.778010e+00	9.518933e+00	9.309087e+00	9.148344e+00
9.036746e+00	8.974716e+00	8.963345e+00	8.996826e+00	9.069760e+00	9.181194e+00
9.322992e+00	9.387711e+00	9.390443e+00	9.243690e+00	8.473050e+00	7.688143e+00
4.652714e+00	3.331758e+00	1.490710e+00	1.136757e+00	7.769233e-01	7.023264e-01
1.375492e+01	1.335778e+01	1.298978e+01	1.267017e+01	1.238013e+01	1.182143e+01
1.131293e+01	1.085466e+01	1.044629e+01	1.008790e+01	9.779603e+00	9.521255e+00
9.312365e+00	9.152613e+00	9.041821e+00	8.980504e+00	8.969980e+00	9.005118e+00
9.081093e+00	9.198076e+00	9.348284e+00	9.419213e+00	9.440062e+00	9.324473e+00
8.649579e+00	7.932915e+00	4.977688e+00	3.606784e+00	1.606252e+00	1.209445e+00
7.932776e-01	7.023206e-01	1.373913e+01	1.335076e+01	1.298874e+01	1.267063e+01
1.237974e+01	1.182116e+01	1.131265e+01	1.085460e+01	1.044647e+01	1.008827e+01
9.780149e+00	9.522123e+00	9.314019e+00	9.155619e+00	9.045884e+00	8.984770e+00
8.974309e+00	9.011023e+00	9.091395e+00	9.214134e+00	9.365763e+00	9.438114e+00
9.481171e+00	9.421246e+00	8.812042e+00	8.091409e+00	5.324632e+00	3.937332e+00
1.734734e+00	1.280824e+00	8.131307e-01	7.026002e-01	1.372578e+01	1.334468e+01
1.298826e+01	1.267113e+01	1.237957e+01	1.182112e+01	1.131265e+01	1.085468e+01
1.044682e+01	1.008886e+01	9.781043e+00	9.523392e+00	9.315869e+00	9.158210e+00
9.049132e+00	8.988508e+00	8.978635e+00	9.016753e+00	9.099901e+00	9.226486e+00
9.382676e+00	9.459372e+00	9.516976e+00	9.489054e+00	8.959352e+00	8.276733e+00
5.655823e+00	4.256801e+00	1.887648e+00	1.368268e+00	8.361091e-01	7.025539e-01
1.371632e+01	1.334185e+01	1.298853e+01	1.267234e+01	1.237992e+01	1.182150e+01
1.131324e+01	1.085549e+01	1.044795e+01	1.009033e+01	9.782983e+00	9.525751e+00
9.318585e+00	9.161235e+00	9.052576e+00	8.992603e+00	8.983657e+00	9.023028e+00
9.107868e+00	9.237118e+00	9.399507e+00	9.482524e+00	9.548979e+00	9.539011e+00
9.092293e+00	8.479386e+00	5.971668e+00	4.566861e+00	2.068740e+00	1.473799e+00
8.629689e-01	7.023998e-01	1.371097e+01	1.334191e+01	1.299238e+01	1.267688e+01
1.238381e+01	1.182530e+01	1.131705e+01	1.085944e+01	1.045192e+01	1.009443e+01
9.787211e+00	9.530158e+00	9.323227e+00	9.166175e+00	9.057859e+00	8.998370e+00
8.990089e+00	9.030485e+00	9.116870e+00	9.248491e+00	9.415859e+00	9.503907e+00
9.578696e+00	9.585564e+00	9.212336e+00	8.660462e+00	6.283131e+00	4.887058e+00
2.272030e+00	1.593344e+00	8.941635e-01	7.024936e-01	1.370340e+01	1.333933e+01
1.299271e+01	1.267801e+01	1.238434e+01	1.182631e+01	1.131808e+01	1.086063e+01
1.045328e+01	1.009595e+01	9.788939e+00	9.532218e+00	9.325518e+00	9.168843e+00
9.061011e+00	9.001828e+00	8.993874e+00	9.034936e+00	9.122564e+00	9.256603e+00
9.428443e+00	9.520224e+00	9.602386e+00	9.624307e+00	9.315796e+00	8.823189e+00
6.585111e+00	5.209212e+00	2.489784e+00	1.746501e+00	9.303614e-01	7.024515e-01
1.369544e+01	1.333532e+01	1.299240e+01	1.267796e+01	1.238417e+01	1.182645e+01
1.131902e+01	1.086195e+01	1.045473e+01	1.009730e+01	9.789923e+00	9.532702e+00
9.325991e+00	9.169417e+00	9.061788e+00	9.003359e+00	8.996514e+00	9.038672e+00
9.127413e+00	9.262157e+00	9.436855e+00	9.533554e+00	9.623090e+00	9.658034e+00
9.407373e+00	8.967749e+00	6.873673e+00	5.536203e+00	2.724508e+00	1.913481e+00
9.718864e-01	7.023896e-01	1.368745e+01	1.332997e+01	1.298878e+01	1.267511e+01
1.238144e+01	1.182561e+01	1.132009e+01	1.086388e+01	1.045668e+01	1.009870e+01
9.790475e+00	9.532444e+00	9.325035e+00	9.168408e+00	9.061362e+00	9.003858e+00
8.998327e+00	9.041977e+00	9.131739e+00	9.265691e+00	9.441912e+00	9.544287e+00
9.641220e+00	9.687091e+00	9.487293e+00	9.092910e+00	7.143607e+00	5.865613e+00
2.976727e+00	2.087286e+00	1.020372e+00	7.023148e-01	