1.944732e-01	2.033906e-01	2.124326e-01	2.215816e-01	2.307974e-01	2.492721e-01
2.676137e-01	2.855780e-01	3.029136e-01	3.195090e-01	3.354134e-01	3.506984e-01
3.656338e-01	3.811697e-01	3.991861e-01	4.212339e-01	4.466592e-01	4.720646e-01
4.923461e-01	5.029320e-01	5.100035e-01	5.226275e-01	5.468592e-01	5.713662e-01
5.579797e-01	5.428428e-01	5.549113e-01	5.603162e-01	5.611918e-01	5.605819e-01
5.623166e-01	5.578645e-01	2.202696e-01	2.299535e-01	2.397597e-01	2.496710e-01
2.596459e-01	2.796249e-01	2.994465e-01	3.188604e-01	3.376093e-01	3.555816e-01
3.728317e-01	3.894355e-01	4.056714e-01	4.225233e-01	4.419354e-01	4.654954e-01
4.924864e-01	5.193535e-01	5.408120e-01	5.521822e-01	5.598502e-01	5.729905e-01
5.979889e-01	6.231980e-01	6.099400e-01	5.946288e-01	6.069703e-01	6.124660e-01
6.133473e-01	6.127246e-01	6.144889e-01	6.099860e-01	2.494880e-01	2.599854e-01
2.706021e-01	2.813212e-01	2.921004e-01	3.136735e-01	3.350658e-01	3.560217e-01
3.762790e-01	3.957268e-01	4.144244e-01	4.324513e-01	4.500932e-01	4.683634e-01
4.892627e-01	5.144078e-01	5.430155e-01	5.713796e-01	5.940489e-01	6.062554e-01
6.145689e-01	6.282068e-01	6.538990e-01	6.797318e-01	6.667389e-01	6.513550e-01
6.639133e-01	6.694695e-01	6.703499e-01	6.697174e-01	6.715018e-01	6.669774e-01
2.825820e-01	2.939396e-01	3.054120e-01	3.169836e-01	3.286116e-01	3.518681e-01
3.749220e-01	3.975139e-01	4.193780e-01	4.404044e-01	4.606572e-01	4.802185e-01
4.993792e-01	5.191768e-01	5.416583e-01	5.684597e-01	5.987288e-01	6.286175e-01
6.525262e-01	6.656238e-01	6.746357e-01	6.887440e-01	7.150366e-01	7.413940e-01
7.288271e-01	7.134928e-01	7.261984e-01	7.317784e-01	7.326501e-01	7.320115e-01
7.338045e-01	7.292934e-01	3.200659e-01	3.323282e-01	3.446998e-01	3.571669e-01
3.696864e-01	3.947134e-01	4.195191e-01	4.438417e-01	4.674135e-01	4.901261e-01
5.120476e-01	5.332620e-01	5.540622e-01	5.755030e-01	5.996651e-01	6.281911e-01
6.601583e-01	6.915891e-01	7.167600e-01	7.308058e-01	7.405733e-01	7.551148e-01
7.818904e-01	8.086500e-01	7.966970e-01	7.815584e-01	7.943267e-01	7.998865e-01
8.007404e-01	8.000998e-01	8.018876e-01	7.974317e-01	3.625220e-01	3.757303e-01
3.890416e-01	4.024441e-01	4.158954e-01	4.427758e-01	4.694210e-01	4.955688e-01
5.209510e-01	5.454615e-01	5.691710e-01	5.921644e-01	6.147330e-01	6.379401e-01
6.638839e-01	6.941988e-01	7.278904e-01	7.608689e-01	7.873169e-01	8.023710e-01
8.129555e-01	8.278815e-01	8.549948e-01	8.820071e-01	8.708872e-01	8.561173e-01
8.688465e-01	8.743336e-01	8.751587e-01	8.745214e-01	8.762875e-01	8.719361e-01
4.106098e-01	4.248008e-01	4.390875e-01	4.534610e-01	4.678804e-01	4.966906e-01
5.252588e-01	5.533244e-01	5.806206e-01	6.070441e-01	6.326671e-01	6.575730e-01
6.820474e-01	7.071511e-01	7.349799e-01	7.671424e-01	8.025719e-01	8.370887e-01
8.648194e-01	8.809442e-01	8.924121e-01	9.076603e-01	9.349342e-01	9.620189e-01
9.519860e-01	9.377889e-01	9.503575e-01	9.557096e-01	9.564933e-01	9.558654e-01
9.575904e-01	9.534016e-01	4.650763e-01	4.802798e-01	4.955712e-01	5.109452e-01
5.263632e-01	5.571703e-01	5.877385e-01	6.178110e-01	6.471248e-01	6.755795e-01
7.032467e-01	7.302065e-01	7.567329e-01	7.838709e-01	8.136897e-01	8.477506e-01
8.849157e-01	9.209439e-01	9.499510e-01	9.672118e-01	9.796348e-01	9.951270e-01
1.022348e+00	1.049289e+00	1.040637e+00	1.027252e+00	1.039515e+00	1.044659e+00
1.045387e+00	1.044776e+00	1.046437e+00	1.042478e+00	5.267677e-01	5.430045e-01
5.593208e-01	5.757166e-01	5.921560e-01	6.250144e-01	6.576503e-01	6.898132e-01
7.212464e-01	7.518526e-01	7.817002e-01	8.108628e-01	8.395966e-01	8.689141e-01
9.008285e-01	9.368287e-01	9.757080e-01	1.013199e+00	1.043463e+00	1.061927e+00
1.075382e+00	1.091022e+00	1.117934e+00	1.144476e+00	1.137543e+00	1.125249e+00
1.137038e+00	1.141888e+00	1.142542e+00	1.141956e+00	1.143526e+00	1.139878e+00
5.966424e-01	6.139210e-01	6.312712e-01	6.486988e-01	6.661727e-01	7.011195e-01
7.358780e-01	7.702067e-01	8.038579e-01	8.367368e-01	8.689058e-01	9.004282e-01
9.315340e-01	9.631837e-01	9.972992e-01	1.035267e+00	1.075815e+00	1.114696e+00
1.146180e+00	1.165918e+00	1.180488e+00	1.196159e+00	1.222458e+00	1.248298e+00
1.243474e+00	1.232595e+00	1.243709e+00	1.248166e+00	1.248726e+00	1.248175e+00
1.249624e+00	1.246377e+00	6.757857e-01	6.940993e-01	7.124772e-01	7.309328e-01
7.494410e-01	7.864916e-01	8.234110e-01	8.599697e-01	8.959316e-01	9.312045e-01
9.658399e-01	9.998867e-01	1.033539e+00	1.067681e+00	1.104101e+00	1.144048e+00
1.186194e+00	1.226361e+00	1.259008e+00	1.280092e+00	1.295867e+00	1.311427e+00
1.336754e+00	1.361538e+00	1.359269e+00	1.350182e+00	1.360387e+00	1.364335e+00
1.364779e+00	1.364275e+00	1.365565e+00	1.362827e+00	7.654273e-01	7.847488e-01
8.041294e-01	8.235915e-01	8.431175e-01	8.822591e-01	9.213560e-01	9.601940e-01
9.985515e-01	1.036338e+00	1.073588e+00	1.110331e+00	1.146713e+00	1.183515e+00
1.222340e+00	1.264260e+00	1.307897e+00	1.349211e+00	1.382944e+00	1.405447e+00
1.422522e+00	1.437802e+00	1.461736e+00	1.485050e+00	1.485847e+00	1.478987e+00
1.488012e+00	1.491317e+00	1.491617e+00	1.491173e+00	1.492263e+00	1.490156e+00
8.669597e-01	8.872372e-01	9.075717e-01	9.279962e-01	9.485032e-01	9.896877e-01
1.030952e+00	1.072099e+00	1.112925e+00	1.153340e+00	1.193356e+00	1.232975e+00
1.272280e+00	1.311916e+00	1.353242e+00	1.397104e+00	1.442088e+00	1.484368e+00
1.519079e+00	1.543077e+00	1.561557e+00	1.576356e+00	1.598404e+00	1.619767e+00
1.624212e+00	1.620079e+00	1.627610e+00	1.630117e+00	1.630244e+00	1.629875e+00
1.630717e+00	1.629383e+00	9.819600e-01	1.003111e+00	1.024321e+00	1.045636e+00
1.067061e+00	1.110197e+00	1.153584e+00	1.197046e+00	1.240400e+00	1.283553e+00
1.326486e+00	1.369165e+00	1.411597e+00	1.454248e+00	1.498162e+00	1.543906e+00
1.590046e+00	1.633064e+00	1.668615e+00	1.694185e+00	1.714180e+00	1.728262e+00
1.747850e+00	1.766705e+00	1.775462e+00	1.774630e+00	1.780305e+00	1.781835e+00
1.781753e+00	1.781479e+00	1.782017e+00	1.781617e+00	1.112215e+00	1.134117e+00
1.156088e+00	1.178189e+00	1.200439e+00	1.245381e+00	1.290803e+00	1.336554e+00
1.382475e+00	1.428466e+00	1.474467e+00	1.520399e+00	1.566170e+00	1.612021e+00
1.658602e+00	1.706133e+00	1.753184e+00	1.796656e+00	1.832871e+00	1.860090e+00
1.881721e+00	1.894806e+00	1.911269e+00	1.926973e+00	1.940797e+00	1.943926e+00
1.947324e+00	1.947674e+00	1.947344e+00	1.947184e+00	1.947354e+00	1.948074e+00
1.260963e+00	1.283313e+00	1.305760e+00	1.328385e+00	1.351227e+00	1.397602e+00
1.444817e+00	1.492751e+00	1.541280e+00	1.590291e+00	1.639666e+00	1.689265e+00
1.738856e+00	1.788366e+00	1.837874e+00	1.887121e+00	1.934722e+00	1.978229e+00
2.014937e+00	2.044162e+00	2.067809e+00	2.079301e+00	2.091150e+00	2.102247e+00
2.122821e+00	2.131442e+00	2.131744e+00	2.130461e+00	2.129748e+00	2.129736e+00
2.129407e+00	2.131706e+00	1.428599e+00	1.451245e+00	1.474023e+00	1.497037e+00
1.520348e+00	1.567956e+00	1.616821e+00	1.666852e+00	1.717955e+00	1.770001e+00
1.822799e+00	1.876134e+00	1.929621e+00	1.982823e+00	2.035187e+00	2.085924e+00
2.133720e+00	2.176871e+00	2.213772e+00	2.244910e+00	2.270557e+00	2.280236e+00
2.287015e+00	2.293092e+00	2.320885e+00	2.335389e+00	2.332246e+00	2.329195e+00
2.328101e+00	2.328258e+00	2.327382e+00	2.331352e+00	1.612058e+00	1.635394e+00
1.658872e+00	1.682607e+00	1.706676e+00	1.755971e+00	1.806757e+00	1.858954e+00
1.912466e+00	1.967134e+00	2.022703e+00	2.078888e+00	2.135209e+00	2.190990e+00
2.245305e+00	2.297037e+00	2.344892e+00	2.387530e+00	2.423953e+00	2.455399e+00
2.481665e+00	2.490550e+00	2.495234e+00	2.499375e+00	2.531145e+00	2.548320e+00
2.542811e+00	2.538851e+00	2.537823e+00	2.538133e+00	2.536918e+00	2.541498e+00
1.810750e+00	1.835507e+00	1.860369e+00	1.885433e+00	1.910793e+00	1.962609e+00
2.015807e+00	2.070291e+00	2.125926e+00	2.182526e+00	2.239811e+00	2.297457e+00
2.354987e+00	2.411684e+00	2.466632e+00	2.518679e+00	2.566479e+00	2.608568e+00
2.643930e+00	2.674066e+00	2.699618e+00	2.708970e+00	2.715086e+00	2.720963e+00
2.752331e+00	2.768256e+00	2.761908e+00	2.758122e+00	2.757662e+00	2.758091e+00
2.756815e+00	2.760712e+00	2.020463e+00	2.048517e+00	2.076536e+00	2.104525e+00
2.132590e+00	2.189231e+00	2.246278e+00	2.303485e+00	2.360671e+00	2.417716e+00
2.474482e+00	2.530707e+00	2.586076e+00	2.640213e+00	2.692988e+00	2.743939e+00
2.791675e+00	2.834101e+00	2.869588e+00	2.899958e+00	2.926756e+00	2.937678e+00
2.946303e+00	2.953872e+00	2.979557e+00	2.991501e+00	2.987139e+00	2.984545e+00
2.984578e+00	2.984974e+00	2.984014e+00	2.986454e+00	2.244559e+00	2.277543e+00
2.310270e+00	2.342568e+00	2.374547e+00	2.437922e+00	2.499918e+00	2.560055e+00
2.618124e+00	2.674170e+00	2.728390e+00	2.780705e+00	2.831128e+00	2.879937e+00
2.928327e+00	2.976974e+00	3.024410e+00	3.067563e+00	3.103786e+00	3.135176e+00
3.164321e+00	3.177667e+00	3.189914e+00	3.199554e+00	3.215482e+00	3.221228e+00
3.220810e+00	3.220203e+00	3.220776e+00	3.221047e+00	3.220678e+00	3.220949e+00
2.486368e+00	2.525330e+00	2.563534e+00	2.600421e+00	2.636167e+00	2.705082e+00
2.770183e+00	2.831552e+00	2.889169e+00	2.943334e+00	2.994657e+00	3.043275e+00
3.089507e+00	3.133952e+00	3.178166e+00	3.223210e+00	3.267826e+00	3.309183e+00
3.344777e+00	3.376207e+00	3.406037e+00	3.420647e+00	3.435115e+00	3.446249e+00
3.456372e+00	3.458059e+00	3.459299e+00	3.459973e+00	3.461519e+00	3.461909e+00
3.461786e+00	3.459906e+00	2.744446e+00	2.790862e+00	2.835555e+00	2.877214e+00
2.916196e+00	2.988165e+00	3.053064e+00	3.112979e+00	3.168386e+00	3.219873e+00
3.268454e+00	3.314487e+00	3.358539e+00	3.400966e+00	3.441979e+00	3.481708e+00
3.519689e+00	3.555496e+00	3.588624e+00	3.618827e+00	3.646897e+00	3.661003e+00
3.675531e+00	3.687281e+00	3.697895e+00	3.699004e+00	3.698338e+00	3.699159e+00
3.702256e+00	3.703135e+00	3.702703e+00	3.698841e+00	3.020862e+00	3.072333e+00
3.121722e+00	3.167452e+00	3.209888e+00	3.286982e+00	3.354112e+00	3.413091e+00
3.464876e+00	3.511169e+00	3.554423e+00	3.595334e+00	3.634371e+00	3.671806e+00
3.707846e+00	3.742636e+00	3.775720e+00	3.806640e+00	3.835049e+00	3.861510e+00
3.887522e+00	3.901159e+00	3.915720e+00	3.927780e+00	3.938276e+00	3.939496e+00
3.936583e+00	3.937447e+00	3.942181e+00	3.943379e+00	3.942956e+00	3.937156e+00
3.313698e+00	3.368575e+00	3.421391e+00	3.470567e+00	3.516366e+00	3.599343e+00
3.669668e+00	3.727506e+00	3.774290e+00	3.813292e+00	3.848964e+00	3.882400e+00
3.913847e+00	3.943692e+00	3.973025e+00	4.002607e+00	4.031506e+00	4.057707e+00
4.079832e+00	4.100763e+00	4.124173e+00	4.137256e+00	4.151701e+00	4.163728e+00
4.173424e+00	4.174913e+00	4.170026e+00	4.170911e+00	4.177044e+00	4.178420e+00
4.178151e+00	4.170721e+00	3.619107e+00	3.679001e+00	3.736267e+00	3.788863e+00
3.837123e+00	3.922578e+00	3.992138e+00	4.046253e+00	4.086902e+00	4.118175e+00
4.145604e+00	4.170593e+00	4.193598e+00	4.215188e+00	4.236666e+00	4.258929e+00
4.281070e+00	4.300905e+00	4.316965e+00	4.332578e+00	4.352161e+00	4.364127e+00
4.377772e+00	4.389267e+00	4.398102e+00	4.399222e+00	4.393502e+00	4.394450e+00
4.401155e+00	4.402685e+00	4.402281e+00	4.394051e+00	3.938015e+00	4.001951e+00
4.062696e+00	4.117772e+00	4.167582e+00	4.253786e+00	4.320834e+00	4.369443e+00
4.402131e+00	4.423904e+00	4.441456e+00	4.456540e+00	4.469724e+00	4.481811e+00
4.494271e+00	4.508189e+00	4.522687e+00	4.535373e+00	4.544707e+00	4.554405e+00
4.569466e+00	4.579763e+00	4.591736e+00	4.601850e+00	4.609490e+00	4.610339e+00
4.604639e+00	4.605541e+00	4.611992e+00	4.613435e+00	4.613040e+00	4.604914e+00
4.271117e+00	4.337989e+00	4.401082e+00	4.457478e+00	4.507659e+00	4.592292e+00
4.654591e+00	4.695594e+00	4.718402e+00	4.728960e+00	4.735082e+00	4.738870e+00
4.740988e+00	4.742464e+00	4.744859e+00	4.749421e+00	4.755313e+00	4.760057e+00
4.762114e+00	4.765389e+00	4.775178e+00	4.783186e+00	4.792529e+00	4.800301e+00
4.806340e+00	4.806992e+00	4.802247e+00	4.802980e+00	4.808278e+00	4.809454e+00
4.809170e+00	4.802472e+00	4.613727e+00	4.681785e+00	4.745483e+00	4.801473e+00
4.850335e+00	4.930221e+00	4.984921e+00	5.015836e+00	5.026674e+00	5.024294e+00
5.017525e+00	5.008777e+00	4.998809e+00	4.988810e+00	4.980332e+00	4.974713e+00
4.971174e+00	4.967314e+00	4.961665e+00	4.958096e+00	4.961845e+00	4.966874e+00
4.972513e+00	4.976863e+00	4.980852e+00	4.981392e+00	4.978622e+00	4.979052e+00
4.982212e+00	4.982931e+00	4.982842e+00	4.979042e+00	4.965007e+00	5.030937e+00
5.092277e+00	5.145483e+00	5.191190e+00	5.263801e+00	5.309176e+00	5.328012e+00
5.324497e+00	5.306655e+00	5.284756e+00	5.261683e+00	5.238599e+00	5.216782e+00
5.197350e+00	5.181264e+00	5.167852e+00	5.154915e+00	5.141068e+00	5.129756e+00
5.126430e+00	5.128355e+00	5.129461e+00	5.129070e+00	5.130687e+00	5.131209e+00
5.131195e+00	5.131232e+00	5.131465e+00	5.131567e+00	5.131518e+00	5.131453e+00
5.327632e+00	5.390524e+00	5.448400e+00	5.497370e+00	5.538202e+00	5.599714e+00
5.631969e+00	5.635778e+00	5.615933e+00	5.581418e+00	5.543603e+00	5.505626e+00
5.468849e+00	5.434469e+00	5.403294e+00	5.375992e+00	5.352037e+00	5.329451e+00
5.306974e+00	5.287748e+00	5.276868e+00	5.274880e+00	5.270711e+00	5.265248e+00
5.264146e+00	5.264608e+00	5.267723e+00	5.267323e+00	5.264259e+00	5.263622e+00
5.263666e+00	5.267734e+00	5.691698e+00	5.757318e+00	5.815491e+00	5.860448e+00
5.893648e+00	5.933339e+00	5.940023e+00	5.921547e+00	5.883774e+00	5.834802e+00
5.784428e+00	5.734557e+00	5.685059e+00	5.636377e+00	5.590778e+00	5.550145e+00
5.514152e+00	5.480822e+00	5.449250e+00	5.423756e+00	5.405905e+00	5.396718e+00
5.385528e+00	5.375984e+00	5.371549e+00	5.371477e+00	5.378271e+00	5.377399e+00
5.370669e+00	5.368996e+00	5.369561e+00	5.378117e+00	6.053020e+00	6.124910e+00
6.185345e+00	6.225509e+00	6.248069e+00	6.256578e+00	6.228181e+00	6.182192e+00
6.125172e+00	6.062844e+00	6.001725e+00	5.941656e+00	5.880067e+00	5.816318e+00
5.755139e+00	5.700365e+00	5.651855e+00	5.607497e+00	5.566786e+00	5.535656e+00
5.510738e+00	5.493046e+00	5.474374e+00	5.461229e+00	5.453060e+00	5.452408e+00
5.462681e+00	5.461345e+00	5.451095e+00	5.448332e+00	5.449588e+00	5.462410e+00
6.420657e+00	6.481609e+00	6.530805e+00	6.559825e+00	6.571651e+00	6.559873e+00
6.510670e+00	6.441278e+00	6.359170e+00	6.272021e+00	6.188342e+00	6.108947e+00
6.031840e+00	5.956265e+00	5.885326e+00	5.821100e+00	5.763533e+00	5.710799e+00
5.662066e+00	5.618795e+00	5.578625e+00	5.554992e+00	5.529693e+00	5.509644e+00
5.494647e+00	5.495073e+00	5.506388e+00	5.504537e+00	5.491669e+00	5.488077e+00
5.489894e+00	5.505969e+00	6.798582e+00	6.836985e+00	6.866309e+00	6.879788e+00
6.879779e+00	6.851157e+00	6.786907e+00	6.695523e+00	6.585324e+00	6.468223e+00
6.357260e+00	6.255401e+00	6.161929e+00	6.075867e+00	5.997237e+00	5.925202e+00
5.859754e+00	5.799516e+00	5.743199e+00	5.686810e+00	5.631022e+00	5.602603e+00
5.571619e+00	5.545032e+00	5.523822e+00	5.525370e+00	5.537228e+00	5.534939e+00
5.520012e+00	5.515765e+00	5.518033e+00	5.536681e+00	7.213690e+00	7.216796e+00
7.213373e+00	7.198699e+00	7.174727e+00	7.107749e+00	7.014801e+00	6.900258e+00
6.771076e+00	6.637093e+00	6.509068e+00	6.390425e+00	6.281516e+00	6.181382e+00
6.088856e+00	6.001599e+00	5.919342e+00	5.842136e+00	5.769342e+00	5.703571e+00
5.642861e+00	5.613215e+00	5.581227e+00	5.553312e+00	5.528805e+00	5.529232e+00
5.541821e+00	5.539750e+00	5.524266e+00	5.519786e+00	5.522339e+00	5.541434e+00
7.683432e+00	7.629822e+00	7.573510e+00	7.512604e+00	7.448961e+00	7.320015e+00
7.186805e+00	7.050205e+00	6.912148e+00	6.775449e+00	6.642483e+00	6.514633e+00
6.392538e+00	6.275899e+00	6.165587e+00	6.059063e+00	5.955830e+00	5.860464e+00
5.773594e+00	5.697307e+00	5.628788e+00	5.598797e+00	5.572020e+00	5.549263e+00
5.504550e+00	5.489812e+00	5.508747e+00	5.510219e+00	5.494442e+00	5.489271e+00
5.493620e+00	5.510384e+00	8.086075e+00	7.996158e+00	7.905490e+00	7.813397e+00
7.721739e+00	7.545501e+00	7.376099e+00	7.213005e+00	7.055564e+00	6.902942e+00
6.753725e+00	6.606696e+00	6.460948e+00	6.320803e+00	6.187594e+00	6.064867e+00
5.953451e+00	5.852621e+00	5.762945e+00	5.679082e+00	5.602776e+00	5.571093e+00
5.546501e+00	5.526412e+00	5.459913e+00	5.433287e+00	5.456609e+00	5.461096e+00
5.446434e+00	5.441153e+00	5.446407e+00	5.459486e+00	8.392348e+00	8.298586e+00
8.201717e+00	8.100373e+00	7.997185e+00	7.793606e+00	7.591608e+00	7.391639e+00
7.194792e+00	7.002902e+00	6.818554e+00	6.644970e+00	6.484754e+00	6.333335e+00
6.191085e+00	6.057756e+00	5.935477e+00	5.824713e+00	5.725753e+00	5.635475e+00
5.551734e+00	5.514297e+00	5.480493e+00	5.450678e+00	5.383579e+00	5.359034e+00
5.375948e+00	5.380116e+00	5.370185e+00	5.366501e+00	5.370131e+00	5.377580e+00
8.609609e+00	8.543764e+00	8.469263e+00	8.379927e+00	8.279277e+00	8.059361e+00
7.816996e+00	7.562340e+00	7.305762e+00	7.059457e+00	6.836438e+00	6.639414e+00
6.467440e+00	6.315027e+00	6.177244e+00	6.048012e+00	5.924714e+00	5.804060e+00
5.684325e+00	5.569115e+00	5.462892e+00	5.413327e+00	5.362644e+00	5.321928e+00
5.286639e+00	5.278869e+00	5.270636e+00	5.269327e+00	5.268439e+00	5.268409e+00
5.268156e+00	5.268595e+00	8.904573e+00	8.852545e+00	8.783634e+00	8.682505e+00
8.555361e+00	8.261085e+00	7.943562e+00	7.640710e+00	7.358594e+00	7.100787e+00
6.866378e+00	6.651478e+00	6.461494e+00	6.290806e+00	6.133754e+00	5.988354e+00
5.852202e+00	5.721587e+00	5.593329e+00	5.466081e+00	5.345155e+00	5.292353e+00
5.240853e+00	5.200186e+00	5.161476e+00	5.152207e+00	5.134355e+00	5.133495e+00
5.139776e+00	5.141752e+00	5.140400e+00	5.132118e+00	9.231436e+00	9.151342e+00
9.051109e+00	8.918895e+00	8.763608e+00	8.422292e+00	8.064789e+00	7.727093e+00
7.414127e+00	7.127590e+00	6.873179e+00	6.649046e+00	6.441927e+00	6.246730e+00
6.067208e+00	5.903318e+00	5.752394e+00	5.610608e+00	5.473502e+00	5.336162e+00
5.204304e+00	5.148356e+00	5.096899e+00	5.057357e+00	5.011250e+00	4.997859e+00
4.974005e+00	4.974303e+00	4.986383e+00	4.989656e+00	4.988022e+00	4.972011e+00
9.575557e+00	9.418165e+00	9.254903e+00	9.081890e+00	8.903106e+00	8.542939e+00
8.179161e+00	7.818404e+00	7.468967e+00	7.141282e+00	6.846370e+00	6.586000e+00
6.356393e+00	6.152177e+00	5.965983e+00	5.792780e+00	5.629867e+00	5.472886e+00
5.318814e+00	5.169652e+00	5.030672e+00	4.968287e+00	4.912783e+00	4.872680e+00
4.822686e+00	4.807405e+00	4.779373e+00	4.780033e+00	4.795074e+00	4.798704e+00
4.797364e+00	4.777223e+00	9.899190e+00	9.685764e+00	9.471387e+00	9.256114e+00
9.042850e+00	8.628623e+00	8.225658e+00	7.822652e+00	7.459478e+00	7.121676e+00
6.804451e+00	6.520038e+00	6.267738e+00	6.041947e+00	5.835606e+00	5.643978e+00
5.465619e+00	5.297071e+00	5.135680e+00	4.979197e+00	4.826843e+00	4.755224e+00
4.692768e+00	4.650288e+00	4.597507e+00	4.580322e+00	4.554205e+00	4.554739e+00
4.567625e+00	4.570779e+00	4.569625e+00	4.551903e+00	1.020647e+01	9.943709e+00
9.682697e+00	9.425290e+00	9.174392e+00	8.698495e+00	8.254778e+00	7.824807e+00
7.436273e+00	7.076176e+00	6.744049e+00	6.441451e+00	6.166277e+00	5.914970e+00
5.683568e+00	5.470045e+00	5.275008e+00	5.096517e+00	4.931589e+00	4.769714e+00
4.602773e+00	4.521615e+00	4.450830e+00	4.404075e+00	4.349027e+00	4.330805e+00
4.310312e+00	4.310312e+00	4.317778e+00	4.319787e+00	4.318918e+00	4.307861e+00
1.046374e+01	1.016019e+01	9.860506e+00	9.568191e+00	9.285845e+00	8.756518e+00
8.258534e+00	7.816138e+00	7.397952e+00	7.013262e+00	6.660326e+00	6.337173e+00
6.041358e+00	5.769786e+00	5.518888e+00	5.286845e+00	5.075029e+00	4.882422e+00
4.706552e+00	4.535603e+00	4.359802e+00	4.273514e+00	4.194991e+00	4.140093e+00
4.081500e+00	4.065505e+00	4.051300e+00	4.050174e+00	4.050902e+00	4.051220e+00
4.051042e+00	4.048693e+00	1.067788e+01	1.034056e+01	1.000854e+01	9.686679e+00
9.377158e+00	8.799225e+00	8.258146e+00	7.770676e+00	7.320810e+00	6.908910e+00
6.534051e+00	6.193193e+00	5.882464e+00	5.597507e+00	5.332913e+00	5.085499e+00
4.856655e+00	4.645917e+00	4.451786e+00	4.267802e+00	4.088800e+00	4.001871e+00
3.916088e+00	3.849046e+00	3.785737e+00	3.775085e+00	3.768151e+00	3.765325e+00
3.757806e+00	3.755876e+00	3.756748e+00	3.765381e+00	1.088727e+01	1.050855e+01
1.013768e+01	9.781436e+00	9.441182e+00	8.801088e+00	8.241205e+00	7.710703e+00
7.231057e+00	6.795104e+00	6.399818e+00	6.041151e+00	5.714512e+00	5.415019e+00
5.136644e+00	4.875544e+00	4.632531e+00	4.407016e+00	4.197251e+00	4.000136e+00
3.813769e+00	3.724300e+00	3.633711e+00	3.560784e+00	3.494194e+00	3.483742e+00
3.478878e+00	3.475727e+00	3.465871e+00	3.463297e+00	3.464390e+00	3.475998e+00
1.109039e+01	1.066676e+01	1.025463e+01	9.863062e+00	9.492543e+00	8.801067e+00
8.190951e+00	7.630579e+00	7.125956e+00	6.669430e+00	6.255753e+00	5.880432e+00
5.538595e+00	5.225186e+00	4.934118e+00	4.661180e+00	4.406220e+00	4.168176e+00
3.944530e+00	3.734685e+00	3.539473e+00	3.446935e+00	3.353472e+00	3.278456e+00
3.209584e+00	3.196684e+00	3.190604e+00	3.187921e+00	3.179350e+00	3.177085e+00
3.177928e+00	3.187647e+00	1.128602e+01	1.081641e+01	1.036212e+01	9.934827e+00
9.533546e+00	8.798823e+00	8.137380e+00	7.546387e+00	7.017548e+00	6.541912e+00
6.111970e+00	5.722463e+00	5.368013e+00	5.042964e+00	4.740551e+00	4.456026e+00
4.188999e+00	3.938918e+00	3.703693e+00	3.483212e+00	3.279352e+00	3.183590e+00
3.088215e+00	3.012741e+00	2.942021e+00	2.926775e+00	2.917464e+00	2.915294e+00
2.909656e+00	2.908189e+00	2.908643e+00	2.914359e+00	1.147180e+01	1.095547e+01
1.045859e+01	9.995832e+00	9.564570e+00	8.776597e+00	8.076308e+00	7.454489e+00
6.902612e+00	6.409862e+00	5.966456e+00	5.565905e+00	5.202005e+00	4.867955e+00
4.555516e+00	4.259214e+00	3.979350e+00	3.717204e+00	3.472625e+00	3.243422e+00
3.030571e+00	2.931162e+00	2.834910e+00	2.760900e+00	2.688676e+00	2.671003e+00
2.655757e+00	2.654195e+00	2.653717e+00	2.653694e+00	2.653556e+00	2.652402e+00
1.164481e+01	1.108442e+01	1.054786e+01	1.005295e+01	9.594818e+00	8.758939e+00
8.024354e+00	7.375419e+00	6.802804e+00	6.293919e+00	5.836913e+00	5.424356e+00
5.049670e+00	4.705599e+00	4.383329e+00	4.077072e+00	3.787251e+00	3.515514e+00
3.262703e+00	3.025771e+00	2.805174e+00	2.702308e+00	2.604032e+00	2.529560e+00
2.455809e+00	2.437107e+00	2.419255e+00	2.417927e+00	2.419618e+00	2.420193e+00
2.419874e+00	2.415773e+00	1.180362e+01	1.120300e+01	1.063064e+01	1.010753e+01
9.626069e+00	8.751412e+00	7.984276e+00	7.311894e+00	6.720820e+00	6.196800e+00
5.726296e+00	5.301213e+00	4.914899e+00	4.560125e+00	4.228156e+00	3.913222e+00
3.615487e+00	3.336106e+00	3.076132e+00	2.832514e+00	2.605039e+00	2.498635e+00
2.397115e+00	2.320408e+00	2.245087e+00	2.226316e+00	2.208742e+00	2.207337e+00
2.208607e+00	2.209080e+00	2.208824e+00	2.205211e+00	1.194789e+01	1.131225e+01
1.070917e+01	1.016264e+01	9.662216e+00	8.751437e+00	7.961796e+00	7.269456e+00
6.662101e+00	6.124106e+00	5.640785e+00	5.203689e+00	4.806134e+00	4.440920e+00
4.099497e+00	3.776232e+00	3.471121e+00	3.185086e+00	2.918940e+00	2.669629e+00
2.435360e+00	2.324907e+00	2.219065e+00	2.138982e+00	2.061892e+00	2.043131e+00
2.027341e+00	2.025696e+00	2.025158e+00	2.025211e+00	2.024987e+00	2.023743e+00
1.208120e+01	1.141571e+01	1.078712e+01	1.022198e+01	9.707054e+00	8.769737e+00
7.963320e+00	7.253437e+00	6.630407e+00	6.077961e+00	5.580558e+00	5.131818e+00
4.724670e+00	4.350054e+00	4.000008e+00	3.669175e+00	3.357436e+00	3.065467e+00
2.793465e+00	2.538484e+00	2.297053e+00	2.182253e+00	2.071843e+00	1.988225e+00
1.908775e+00	1.889744e+00	1.875297e+00	1.873427e+00	1.871298e+00	1.870995e+00
1.870855e+00	1.871541e+00	1.220520e+01	1.151509e+01	1.086565e+01	1.028595e+01
9.759951e+00	8.801923e+00	7.971609e+00	7.253684e+00	6.625236e+00	6.067566e+00
5.565003e+00	5.106971e+00	4.687201e+00	4.301163e+00	3.940962e+00	3.601332e+00
3.281755e+00	2.982432e+00	2.703181e+00	2.440935e+00	2.190721e+00	2.070779e+00
1.955314e+00	1.867809e+00	1.784688e+00	1.764778e+00	1.750243e+00	1.748225e+00
1.745456e+00	1.745009e+00	1.744899e+00	1.746192e+00	1.231784e+01	1.160945e+01
1.094499e+01	1.035608e+01	9.823973e+00	8.854110e+00	8.016329e+00	7.289205e+00
6.651473e+00	6.084069e+00	5.570803e+00	5.103539e+00	4.676193e+00	4.282400e+00
3.914785e+00	3.568415e+00	3.242549e+00	2.937007e+00	2.650478e+00	2.378629e+00
2.117318e+00	1.991031e+00	1.869306e+00	1.776822e+00	1.688281e+00	1.666816e+00
1.650765e+00	1.648653e+00	1.646092e+00	1.645691e+00	1.645551e+00	1.646312e+00
1.242026e+01	1.169895e+01	1.102449e+01	1.043032e+01	9.895260e+00	8.918400e+00
8.075638e+00	7.343118e+00	6.699524e+00	6.125356e+00	5.604010e+00	5.130130e+00
4.699088e+00	4.301493e+00	3.929964e+00	3.579527e+00	3.249471e+00	2.939699e+00
2.645263e+00	2.356354e+00	2.075226e+00	1.937400e+00	1.808082e+00	1.708761e+00
1.612509e+00	1.588743e+00	1.570152e+00	1.567913e+00	1.565825e+00	1.565536e+00
1.565336e+00	1.565353e+00	1.251581e+01	1.178483e+01	1.110356e+01	1.050695e+01
9.971516e+00	8.992585e+00	8.149481e+00	7.414927e+00	6.768562e+00	6.191319e+00
5.667288e+00	5.189036e+00	4.750859e+00	4.345665e+00	3.965975e+00	3.606693e+00
3.267114e+00	2.947072e+00	2.642541e+00	2.342962e+00	2.047270e+00	1.900347e+00
1.761609e+00	1.653491e+00	1.548271e+00	1.521997e+00	1.500730e+00	1.498319e+00
1.496596e+00	1.496400e+00	1.496147e+00	1.495600e+00	1.260196e+01	1.186526e+01
1.118054e+01	1.058410e+01	1.005028e+01	9.072090e+00	8.229974e+00	7.494023e+00
6.845210e+00	6.265166e+00	5.738614e+00	5.257371e+00	4.815104e+00	4.404866e+00
4.018632e+00	3.651009e+00	3.301428e+00	2.969635e+00	2.654364e+00	2.349794e+00
2.047079e+00	1.895893e+00	1.737144e+00	1.611786e+00	1.494373e+00	1.465151e+00
1.441204e+00	1.438432e+00	1.436476e+00	1.436265e+00	1.435977e+00	1.435706e+00
1.267801e+01	1.193909e+01	1.125430e+01	1.066112e+01	1.013175e+01	9.159380e+00
8.321802e+00	7.587074e+00	6.938055e+00	6.357695e+00	5.831781e+00	5.351812e+00
4.910745e+00	4.500694e+00	4.112318e+00	3.739574e+00	3.382509e+00	3.042042e+00
2.715935e+00	2.394104e+00	2.067001e+00	1.899984e+00	1.724197e+00	1.581894e+00
1.449920e+00	1.417484e+00	1.391115e+00	1.387876e+00	1.385157e+00	1.384814e+00
1.384546e+00	1.385205e+00	1.275400e+01	1.200794e+01	1.132068e+01	1.073074e+01
1.020715e+01	9.245284e+00	8.416238e+00	7.687517e+00	7.042660e+00	6.465067e+00
5.940789e+00	5.461482e+00	5.020205e+00	4.609092e+00	4.218672e+00	3.842509e+00
3.479996e+00	3.131147e+00	2.792797e+00	2.453800e+00	2.101974e+00	1.917081e+00
1.728610e+00	1.568524e+00	1.410962e+00	1.375717e+00	1.348754e+00	1.344973e+00
1.340245e+00	1.339419e+00	1.339447e+00	1.342216e+00	1.282497e+01	1.207164e+01
1.138216e+01	1.079628e+01	1.027980e+01	9.332146e+00	8.514798e+00	7.795741e+00
7.158511e+00	6.586426e+00	6.065245e+00	5.587061e+00	5.145566e+00	4.733585e+00
4.342377e+00	3.965406e+00	3.600582e+00	3.245290e+00	2.894468e+00	2.537239e+00
2.160068e+00	1.958551e+00	1.745096e+00	1.559623e+00	1.376241e+00	1.338134e+00
1.311436e+00	1.307144e+00	1.299906e+00	1.298436e+00	1.298904e+00	1.304201e+00
1.284351e+01	1.210911e+01	1.143397e+01	1.086119e+01	1.035724e+01	9.428893e+00
8.623432e+00	7.911634e+00	7.278523e+00	6.709084e+00	6.190506e+00	5.715120e+00
5.276405e+00	4.866889e+00	4.477452e+00	4.100959e+00	3.734286e+00	3.372940e+00
3.010070e+00	2.633739e+00	2.228135e+00	2.007562e+00	1.767531e+00	1.558867e+00
1.348547e+00	1.303207e+00	1.278085e+00	1.274009e+00	1.263714e+00	1.261325e+00
1.262701e+00	1.270099e+00	1.284088e+01	1.212776e+01	1.147625e+01	1.092646e+01
1.044297e+01	9.542439e+00	8.748669e+00	8.039315e+00	7.403962e+00	6.832247e+00
6.315186e+00	5.844930e+00	5.413653e+00	5.012192e+00	4.629085e+00	4.255437e+00
3.887832e+00	3.521475e+00	3.148222e+00	2.752553e+00	2.314682e+00	2.072324e+00
1.807349e+00	1.574258e+00	1.327148e+00	1.270821e+00	1.248808e+00	1.245677e+00
1.231794e+00	1.228194e+00	1.230961e+00	1.240079e+00	1.284667e+01	1.214664e+01
1.150772e+01	1.097420e+01	1.050779e+01	9.633596e+00	8.856600e+00	8.158134e+00
7.529762e+00	6.963254e+00	6.451627e+00	5.987350e+00	5.562263e+00	5.166627e+00
4.788040e+00	4.416804e+00	4.049048e+00	3.679297e+00	3.297695e+00	2.884820e+00
2.415802e+00	2.150795e+00	1.857283e+00	1.595879e+00	1.311385e+00	1.243962e+00
1.222657e+00	1.220096e+00	1.203262e+00	1.198723e+00	1.202601e+00	1.212542e+00
1.285678e+01	1.215981e+01	1.152945e+01	1.100923e+01	1.055798e+01	9.708536e+00
8.951222e+00	8.269276e+00	7.654805e+00	7.099736e+00	6.597144e+00	6.139858e+00
5.720160e+00	5.328743e+00	4.953512e+00	4.584755e+00	4.218011e+00	3.846780e+00
3.459196e+00	3.031768e+00	2.533596e+00	2.245640e+00	1.920408e+00	1.627069e+00
1.301815e+00	1.221947e+00	1.199499e+00	1.197197e+00	1.177815e+00	1.172547e+00
1.177576e+00	1.187154e+00	1.285409e+01	1.216277e+01	1.154067e+01	1.103663e+01
1.060265e+01	9.779417e+00	9.043049e+00	8.378206e+00	7.777821e+00	7.234348e+00
6.741351e+00	6.292072e+00	5.879175e+00	5.493631e+00	5.123566e+00	4.759187e+00
4.395477e+00	4.024832e+00	3.633292e+00	3.192824e+00	2.665858e+00	2.354497e+00
1.996732e+00	1.669347e+00	1.298624e+00	1.206646e+00	1.178114e+00	1.176007e+00
1.155890e+00	1.150189e+00	1.155130e+00	1.163582e+00	1.283186e+01	1.214932e+01
1.153908e+01	1.105369e+01	1.063905e+01	9.844299e+00	9.131038e+00	8.484908e+00
7.899765e+00	7.368693e+00	6.885861e+00	6.445061e+00	6.039431e+00	5.660494e+00
5.296920e+00	4.938962e+00	4.580937e+00	4.213858e+00	3.820925e+00	3.367969e+00
2.809569e+00	2.472779e+00	2.081236e+00	1.720627e+00	1.311334e+00	1.204260e+00
1.150526e+00	1.149473e+00	1.141200e+00	1.136212e+00	1.130210e+00	1.142388e+00
1.280245e+01	1.213030e+01	1.153550e+01	1.106702e+01	1.067136e+01	9.904822e+00
9.214862e+00	8.587886e+00	8.018565e+00	7.500600e+00	7.028729e+00	6.597287e+00
6.199908e+00	5.828661e+00	5.472789e+00	5.122670e+00	4.772011e+00	4.410507e+00
4.018515e+00	3.555584e+00	2.967687e+00	2.605638e+00	2.179199e+00	1.782501e+00
1.329503e+00	1.203924e+00	1.128847e+00	1.127794e+00	1.126776e+00	1.122181e+00
1.108777e+00	1.122861e+00	1.277779e+01	1.211377e+01	1.152995e+01	1.107844e+01
1.070043e+01	9.960074e+00	9.292184e+00	8.683905e+00	8.130538e+00	7.626303e+00
7.166389e+00	6.745566e+00	6.357894e+00	5.995833e+00	5.649023e+00	5.307972e+00
4.965962e+00	4.611741e+00	4.223479e+00	3.755635e+00	3.145126e+00	2.760244e+00
2.298090e+00	1.859907e+00	1.350401e+00	1.205587e+00	1.116064e+00	1.113264e+00
1.111204e+00	1.106414e+00	1.092443e+00	1.105254e+00	1.278024e+01	1.211807e+01
1.153848e+01	1.110028e+01	1.073352e+01	1.001025e+01	9.358516e+00	8.765641e+00
8.227020e+00	7.737023e+00	7.290916e+00	6.883495e+00	6.508730e+00	6.158852e+00
5.822954e+00	5.491185e+00	5.157036e+00	4.809600e+00	4.427561e+00	3.965749e+00
3.351203e+00	2.948023e+00	2.441420e+00	1.947290e+00	1.372880e+00	1.210661e+00
1.113689e+00	1.105798e+00	1.094300e+00	1.089649e+00	1.081322e+00	1.090166e+00
1.278396e+01	1.212459e+01	1.155143e+01	1.112170e+01	1.076409e+01	1.005637e+01
9.419516e+00	8.841293e+00	8.317133e+00	7.841541e+00	7.409816e+00	7.016726e+00
6.656056e+00	6.319660e+00	5.995826e+00	5.674180e+00	5.348603e+00	5.008929e+00
4.635265e+00	4.184906e+00	3.575842e+00	3.157855e+00	2.604122e+00	2.046822e+00
1.399394e+00	1.220250e+00	1.112127e+00	1.099862e+00	1.078001e+00	1.073562e+00
1.071890e+00	1.076511e+00	1.277443e+01	1.211814e+01	1.154912e+01	1.112413e+01
1.078045e+01	1.009491e+01	9.476345e+00	8.914636e+00	8.405683e+00	7.944386e+00
7.526278e+00	7.146337e+00	6.798518e+00	6.474749e+00	6.163241e+00	5.853505e+00
5.539463e+00	5.210958e+00	4.847917e+00	4.406571e+00	3.796898e+00	3.365902e+00
2.777520e+00	2.168061e+00	1.439506e+00	1.235319e+00	1.108212e+00	1.091962e+00
1.065762e+00	1.061391e+00	1.062087e+00	1.064145e+00	1.272705e+01	1.208276e+01
1.152769e+01	1.111941e+01	1.078956e+01	1.012701e+01	9.528536e+00	8.984513e+00
8.491151e+00	8.043850e+00	7.638526e+00	7.270570e+00	6.934415e+00	6.622445e+00
6.323434e+00	6.027170e+00	5.727429e+00	5.413492e+00	5.063635e+00	4.629579e+00
4.014516e+00	3.572974e+00	2.964055e+00	2.318708e+00	1.504060e+00	1.264445e+00
1.101923e+00	1.082449e+00	1.056561e+00	1.052200e+00	1.052157e+00	1.053247e+00
1.267525e+01	1.204347e+01	1.150203e+01	1.111085e+01	1.079573e+01	1.015820e+01
9.580735e+00	9.054587e+00	8.576476e+00	8.142367e+00	7.748708e+00	7.391453e+00
7.065704e+00	6.764656e+00	6.478149e+00	6.196640e+00	5.913665e+00	5.617620e+00
5.284237e+00	4.858436e+00	4.235486e+00	3.782775e+00	3.156169e+00	2.479946e+00
1.583685e+00	1.306460e+00	1.100553e+00	1.073129e+00	1.049645e+00	1.045456e+00
1.040621e+00	1.044129e+00	1.261895e+01	1.200057e+01	1.147336e+01	1.109922e+01
1.080054e+01	1.018821e+01	9.631992e+00	9.123694e+00	8.660581e+00	8.239203e+00
7.856607e+00	7.509400e+00	7.193453e+00	6.902969e+00	6.629152e+00	6.363391e+00
6.099019e+00	5.823443e+00	5.509324e+00	5.093142e+00	4.461486e+00	3.997952e+00
3.357179e+00	2.655364e+00	1.680732e+00	1.363957e+00	1.099868e+00	1.064388e+00
1.043894e+00	1.039913e+00	1.028559e+00	1.036089e+00	1.259142e+01	1.198110e+01
1.146368e+01	1.109655e+01	1.080823e+01	1.021670e+01	9.677203e+00	9.183687e+00
8.733857e+00	8.324643e+00	7.953441e+00	7.617244e+00	7.312393e+00	7.033687e+00
6.773114e+00	6.522712e+00	6.275944e+00	6.020004e+00	5.726246e+00	5.326434e+00
4.699440e+00	4.231158e+00	3.577335e+00	2.845817e+00	1.784024e+00	1.425130e+00
1.100911e+00	1.062224e+00	1.037643e+00	1.033727e+00	1.020849e+00	1.029227e+00
1.258206e+01	1.197546e+01	1.146269e+01	1.110368e+01	1.082306e+01	1.024370e+01
9.715909e+00	9.233816e+00	8.795239e+00	8.397297e+00	8.037535e+00	7.713124e+00
7.420579e+00	7.154823e+00	6.907870e+00	6.671971e+00	6.441061e+00	6.203018e+00
5.930071e+00	5.554507e+00	4.950948e+00	4.487506e+00	3.822135e+00	3.053996e+00
1.893711e+00	1.490570e+00	1.114356e+00	1.064165e+00	1.030611e+00	1.026527e+00
1.016651e+00	1.023604e+00	1.257119e+01	1.196813e+01	1.145960e+01	1.110661e+01
1.083234e+01	1.026348e+01	9.746064e+00	9.274477e+00	8.846584e+00	8.459586e+00
8.111090e+00	7.798336e+00	7.517953e+00	7.264938e+00	7.031290e+00	6.809490e+00
6.594317e+00	6.374961e+00	6.125134e+00	5.777463e+00	5.202171e+00	4.746833e+00
4.074178e+00	3.273422e+00	2.016164e+00	1.565530e+00	1.131497e+00	1.068272e+00
1.023189e+00	1.018732e+00	1.012033e+00	1.018186e+00	1.255528e+01	1.195806e+01
1.145622e+01	1.110876e+01	1.084077e+01	1.028260e+01	9.774676e+00	9.312010e+00
8.892694e+00	8.514377e+00	8.175153e+00	7.872540e+00	7.603401e+00	7.362974e+00
7.143472e+00	6.937370e+00	6.739218e+00	6.537399e+00	6.306218e+00	5.983548e+00
5.443608e+00	5.006642e+00	4.342488e+00	3.519262e+00	2.154855e+00	1.648679e+00
1.147850e+00	1.072955e+00	1.019432e+00	1.014783e+00	1.009402e+00	1.013285e+00
1.253416e+01	1.194818e+01	1.145611e+01	1.111882e+01	1.085832e+01	1.031180e+01
9.811852e+00	9.355006e+00	8.940171e+00	8.566278e+00	8.232626e+00	7.937337e+00
7.677698e+00	7.449534e+00	7.245851e+00	7.058911e+00	6.880748e+00	6.694023e+00
6.471052e+00	6.163889e+00	5.666015e+00	5.264202e+00	4.640601e+00	3.817404e+00
2.314117e+00	1.736087e+00	1.157844e+00	1.074670e+00	1.021546e+00	1.017592e+00
1.009332e+00	1.009433e+00	1.253939e+01	1.195577e+01	1.146565e+01	1.112959e+01
1.087071e+01	1.032885e+01	9.835183e+00	9.386132e+00	8.979982e+00	8.615126e+00
8.290255e+00	8.003567e+00	7.752553e+00	7.533342e+00	7.339236e+00	7.163614e+00
7.001215e+00	6.839673e+00	6.652411e+00	6.377953e+00	5.898385e+00	5.506204e+00
4.902918e+00	4.088681e+00	2.498302e+00	1.849589e+00	1.181008e+00	1.084317e+00
1.020826e+00	1.014988e+00	1.007496e+00	1.006334e+00	1.253990e+01	1.195835e+01
1.147072e+01	1.113706e+01	1.088038e+01	1.034369e+01	9.855994e+00	9.413850e+00
9.015240e+00	8.658269e+00	8.341245e+00	8.062445e+00	7.819557e+00	7.608989e+00
7.424414e+00	7.260157e+00	7.113149e+00	6.975031e+00	6.820962e+00	6.580088e+00
6.125107e+00	5.745895e+00	5.163470e+00	4.359878e+00	2.697201e+00	1.979856e+00
1.210530e+00	1.097538e+00	1.020523e+00	1.012660e+00	1.004876e+00	1.003471e+00
1.252621e+01	1.195259e+01	1.147132e+01	1.114154e+01	1.088812e+01	1.035788e+01
9.876043e+00	9.439439e+00	9.046235e+00	8.694804e+00	8.383695e+00	8.111419e+00
7.875949e+00	7.674036e+00	7.499914e+00	7.348397e+00	7.216916e+00	7.097557e+00
6.966496e+00	6.754899e+00	6.337952e+00	5.981903e+00	5.424102e+00	4.630720e+00
2.908348e+00	2.127417e+00	1.246345e+00	1.113765e+00	1.020768e+00	1.011664e+00
1.002100e+00	1.000881e+00	1.251163e+01	1.194757e+01	1.147336e+01	1.114842e+01
1.089879e+01	1.037557e+01	9.899180e+00	9.466887e+00	9.077311e+00	8.729384e+00
8.422304e+00	8.154872e+00	7.925531e+00	7.731710e+00	7.568596e+00	7.431454e+00
7.316596e+00	7.213045e+00	7.097129e+00	6.910959e+00	6.540028e+00	6.211859e+00
5.676578e+00	4.897477e+00	3.142295e+00	2.289621e+00	1.288812e+00	1.135169e+00
1.022585e+00	1.011783e+00	1.000375e+00	9.990617e-01	1.249847e+01	1.194351e+01
1.147695e+01	1.115668e+01	1.091036e+01	1.039329e+01	9.921562e+00	9.492912e+00
9.106402e+00	8.761464e+00	8.457924e+00	8.194835e+00	7.971095e+00	7.784799e+00
7.632046e+00	7.508549e+00	7.409536e+00	7.321041e+00	7.219518e+00	7.058605e+00
6.735640e+00	6.437237e+00	5.926342e+00	5.166058e+00	3.393628e+00	2.467548e+00
1.337733e+00	1.161038e+00	1.026180e+00	1.012101e+00	9.989477e-01	9.975407e-01
1.249475e+01	1.194505e+01	1.148406e+01	1.116639e+01	1.092052e+01	1.040545e+01
9.936365e+00	9.511145e+00	9.128679e+00	8.788188e+00	8.489411e+00	8.231421e+00
8.013231e+00	7.833034e+00	7.686968e+00	7.571232e+00	7.482863e+00	7.411516e+00
7.335739e+00	7.206473e+00	6.921202e+00	6.647402e+00	6.169428e+00	5.436606e+00
3.646976e+00	2.664368e+00	1.394870e+00	1.191049e+00	1.030268e+00	1.012999e+00
9.975500e-01	9.962112e-01	1.249364e+01	1.195206e+01	1.149546e+01	1.117694e+01
1.092911e+01	1.041399e+01	9.946490e+00	9.524211e+00	9.145795e+00	8.810097e+00
8.516422e+00	8.263666e+00	8.050690e+00	7.875402e+00	7.733544e+00	7.621971e+00
7.540902e+00	7.486542e+00	7.441852e+00	7.347647e+00	7.092637e+00	6.839951e+00
6.401151e+00	5.703714e+00	3.901542e+00	2.881026e+00	1.464098e+00	1.228204e+00
1.035873e+00	1.015354e+00	9.962566e-01	9.950809e-01	1.247692e+01	1.194524e+01
1.149487e+01	1.118067e+01	1.093313e+01	1.042153e+01	9.956905e+00	9.537304e+00
9.161476e+00	8.828399e+00	8.537559e+00	8.288089e+00	8.079105e+00	7.908861e+00
7.773507e+00	7.670117e+00	7.598868e+00	7.555826e+00	7.524613e+00	7.453113e+00
7.240617e+00	7.018662e+00	6.618085e+00	5.960576e+00	4.171789e+00	3.097427e+00
1.543767e+00	1.274964e+00	1.043383e+00	1.016850e+00	9.950478e-01	9.940411e-01
1.243373e+01	1.192510e+01	1.149203e+01	1.118281e+01	1.093578e+01	1.042835e+01
9.967049e+00	9.549879e+00	9.175889e+00	8.844494e+00	8.555585e+00	8.308608e+00
8.103014e+00	7.937588e+00	7.809260e+00	7.715413e+00	7.654859e+00	7.620274e+00
7.595558e+00	7.541911e+00	7.375382e+00	7.188251e+00	6.825883e+00	6.211733e+00
4.456091e+00	3.320260e+00	1.634502e+00	1.331245e+00	1.052992e+00	1.018114e+00
9.939537e-01	9.930738e-01	1.239515e+01	1.190930e+01	1.149171e+01	1.118677e+01
1.093985e+01	1.043556e+01	9.976362e+00	9.560889e+00	9.188478e+00	8.858788e+00
8.571876e+00	8.327365e+00	8.124860e+00	7.963418e+00	7.840549e+00	7.753941e+00
7.701985e+00	7.676029e+00	7.661017e+00	7.627669e+00	7.504105e+00	7.347560e+00
7.018875e+00	6.442867e+00	4.741733e+00	3.567318e+00	1.734843e+00	1.391700e+00
1.064157e+00	1.020889e+00	9.936986e-01	9.921837e-01	1.236307e+01	1.189891e+01
1.149685e+01	1.119557e+01	1.094713e+01	1.044361e+01	9.984947e+00	9.570374e+00
9.199265e+00	8.871294e+00	8.586457e+00	8.344396e+00	8.144661e+00	7.986298e+00
7.867215e+00	7.785439e+00	7.739864e+00	7.722556e+00	7.720615e+00	7.710537e+00
7.626120e+00	7.494396e+00	7.192730e+00	6.646711e+00	5.022895e+00	3.846798e+00
1.847750e+00	1.457105e+00	1.078058e+00	1.029767e+00	9.940870e-01	9.913706e-01
1.232909e+01	1.188589e+01	1.149749e+01	1.119988e+01	1.094976e+01	1.044756e+01
9.989930e+00	9.576581e+00	9.206947e+00	8.880636e+00	8.597598e+00	8.357559e+00
8.160195e+00	8.004672e+00	7.888978e+00	7.811392e+00	7.771320e+00	7.761749e+00
7.771440e+00	7.780257e+00	7.728837e+00	7.622799e+00	7.355962e+00	6.849600e+00
5.297904e+00	4.125202e+00	1.976015e+00	1.533978e+00	1.094532e+00	1.037805e+00
9.947231e-01	9.907329e-01	1.229630e+01	1.187219e+01	1.149698e+01	1.120254e+01
1.095111e+01	1.045017e+01	9.993545e+00	9.581403e+00	9.213156e+00	8.888324e+00
8.606811e+00	8.368446e+00	8.173095e+00	8.020095e+00	7.907392e+00	7.833436e+00
7.798114e+00	7.795318e+00	7.815101e+00	7.839326e+00	7.815935e+00	7.735046e+00
7.507293e+00	7.047556e+00	5.565207e+00	4.401424e+00	2.122430e+00	1.624418e+00
1.114405e+00	1.045639e+00	9.958757e-01	9.903343e-01	1.227037e+01	1.186233e+01
1.149820e+01	1.120644e+01	1.095370e+01	1.045386e+01	9.997993e+00	9.586867e+00
9.219750e+00	8.896152e+00	8.615953e+00	8.379067e+00	8.185461e+00	8.034572e+00
7.924421e+00	7.853579e+00	7.822393e+00	7.825464e+00	7.854039e+00	7.892002e+00
7.893827e+00	7.835667e+00	7.644795e+00	7.231293e+00	5.825711e+00	4.681585e+00
2.287827e+00	1.727192e+00	1.138308e+00	1.055720e+00	9.978716e-01	9.901380e-01
1.224702e+01	1.185237e+01	1.149838e+01	1.120852e+01	1.095492e+01	1.045580e+01
1.000085e+01	9.590556e+00	9.224399e+00	8.901896e+00	8.622919e+00	8.387410e+00
8.195376e+00	8.046306e+00	7.938324e+00	7.870222e+00	7.842641e+00	7.850823e+00
7.887001e+00	7.937031e+00	7.961102e+00	7.923381e+00	7.767690e+00	7.400572e+00
6.076365e+00	4.961065e+00	2.473049e+00	1.843092e+00	1.166392e+00	1.067838e+00
1.000128e+00	9.894976e-01	1.222968e+01	1.184707e+01	1.149968e+01	1.121222e+01
1.095757e+01	1.045926e+01	1.000520e+01	9.595642e+00	9.230322e+00	8.908769e+00
8.630867e+00	8.396588e+00	8.205932e+00	8.058443e+00	7.952340e+00	7.886648e+00
7.862266e+00	7.874956e+00	7.917811e+00	7.978584e+00	8.022473e+00	8.003171e+00
7.880803e+00	7.559656e+00	6.320395e+00	5.241637e+00	2.676112e+00	1.972170e+00
1.198913e+00	1.082394e+00	1.003133e+00	9.892996e-01	1.221742e+01	1.184478e+01
1.150464e+01	1.121840e+01	1.096287e+01	1.046502e+01	1.001136e+01	9.602346e+00
9.237614e+00	8.916756e+00	8.639694e+00	8.406427e+00	8.216885e+00	8.070678e+00
7.966116e+00	7.902438e+00	7.880786e+00	7.897278e+00	7.945753e+00	8.015762e+00
8.076679e+00	8.073368e+00	7.981578e+00	7.704835e+00	6.552472e+00	5.517531e+00
2.897057e+00	2.117006e+00	1.237884e+00	1.100858e+00	1.007487e+00	9.894950e-01
1.220057e+01	1.183733e+01	1.150327e+01	1.121816e+01	1.096194e+01	1.046470e+01
1.001163e+01	9.603329e+00	9.239256e+00	8.919126e+00	8.642922e+00	8.410625e+00
8.222134e+00	8.077068e+00	7.973880e+00	7.911961e+00	7.892662e+00	7.912338e+00
7.965497e+00	8.043383e+00	8.118872e+00	8.129348e+00	8.065162e+00	7.830681e+00
6.767303e+00	5.782668e+00	3.132338e+00	2.277080e+00	1.283104e+00	1.123077e+00
1.012184e+00	9.891548e-01	1.218355e+01	1.182852e+01	1.150119e+01	1.121778e+01
1.096053e+01	1.046421e+01	1.001180e+01	9.603986e+00	9.240413e+00	8.920863e+00
8.645369e+00	8.413894e+00	8.226310e+00	8.082237e+00	7.980260e+00	7.919897e+00
7.902685e+00	7.925175e+00	7.982485e+00	8.067440e+00	8.156052e+00	8.178977e+00
8.140297e+00	7.946332e+00	6.973502e+00	6.044052e+00	3.383284e+00	2.452713e+00
1.334332e+00	1.148912e+00	1.017440e+00	9.886387e-01	1.217293e+01	1.182589e+01
1.150224e+01	1.121951e+01	1.096181e+01	1.046570e+01	1.001377e+01	9.606725e+00
9.243749e+00	8.924770e+00	8.649922e+00	8.419160e+00	8.232368e+00	8.089186e+00
7.988297e+00	7.929322e+00	7.913948e+00	7.938912e+00	7.999888e+00	8.091134e+00
8.191355e+00	8.225123e+00	8.208833e+00	8.052241e+00	7.170133e+00	6.298688e+00
3.647690e+00	2.645577e+00	1.393294e+00	1.179601e+00	1.023866e+00	9.886241e-01
1.216587e+01	1.182510e+01	1.150685e+01	1.122542e+01	1.096681e+01	1.047088e+01
1.001926e+01	9.612325e+00	9.249522e+00	8.930736e+00	8.656161e+00	8.425776e+00
8.239511e+00	8.097017e+00	7.997008e+00	7.939169e+00	7.925297e+00	7.952312e+00
8.016378e+00	8.113029e+00	8.223205e+00	8.266143e+00	8.268970e+00	8.146060e+00
7.352996e+00	6.541218e+00	3.923391e+00	2.857525e+00	1.463267e+00	1.217819e+00
1.032028e+00	9.888665e-01	1.215453e+01	1.182105e+01	1.150613e+01	1.122525e+01
1.096635e+01	1.047076e+01	1.001936e+01	9.612531e+00	9.250051e+00	8.931682e+00
8.657521e+00	8.427593e+00	8.241876e+00	8.100086e+00	8.001053e+00	7.944881e+00
7.932473e+00	7.960846e+00	8.026580e+00	8.127435e+00	8.246562e+00	8.297856e+00
8.317025e+00	8.223590e+00	7.516661e+00	6.766211e+00	4.203725e+00	3.080859e+00
1.542732e+00	1.262452e+00	1.041266e+00	9.887331e-01	1.214159e+01	1.181397e+01
1.150378e+01	1.122405e+01	1.096458e+01	1.046965e+01	1.001875e+01	9.612305e+00
9.250162e+00	8.932027e+00	8.658125e+00	8.428510e+00	8.243193e+00	8.101953e+00
8.003746e+00	7.949124e+00	7.937988e+00	7.967423e+00	8.034378e+00	8.138824e+00
8.265962e+00	8.324772e+00	8.358401e+00	8.291806e+00	7.668918e+00	6.980701e+00
4.491857e+00	3.318120e+00	1.632404e+00	1.314016e+00	1.051675e+00	9.883815e-01
1.213920e+01	1.181293e+01	1.150397e+01	1.122423e+01	1.096421e+01	1.046891e+01
1.001817e+01	9.612242e+00	9.250541e+00	8.932962e+00	8.659607e+00	8.430531e+00
8.245740e+00	8.104927e+00	8.006619e+00	7.950154e+00	7.939064e+00	7.971613e+00
8.045452e+00	8.155690e+00	8.286612e+00	8.348514e+00	8.392113e+00	8.350779e+00
7.814056e+00	7.181891e+00	4.781823e+00	3.568988e+00	1.733067e+00	1.373186e+00
1.063516e+00	9.882864e-01	1.215001e+01	1.182283e+01	1.151211e+01	1.122919e+01
1.096605e+01	1.046856e+01	1.001766e+01	9.612329e+00	9.252008e+00	8.935958e+00
8.663953e+00	8.435878e+00	8.251600e+00	8.110421e+00	8.009977e+00	7.950101e+00
7.936579e+00	7.974053e+00	8.063540e+00	8.184906e+00	8.309709e+00	8.369115e+00
8.418231e+00	8.400060e+00	7.951169e+00	7.365796e+00	5.067929e+00	3.833018e+00
1.848827e+00	1.444218e+00	1.077685e+00	9.884489e-01	1.214839e+01	1.182238e+01
1.151216e+01	1.122885e+01	1.096507e+01	1.046697e+01	1.001608e+01	9.611411e+00
9.251487e+00	8.935845e+00	8.664194e+00	8.436400e+00	8.252322e+00	8.111189e+00
8.010559e+00	7.950254e+00	7.936494e+00	7.976215e+00	8.070561e+00	8.196247e+00
8.323114e+00	8.385050e+00	8.442033e+00	8.442908e+00	8.065320e+00	7.535752e+00
5.350575e+00	4.101561e+00	1.983800e+00	1.524551e+00	1.094085e+00	9.882962e-01
1.213853e+01	1.181650e+01	1.150902e+01	1.122649e+01	1.096245e+01	1.046490e+01
1.001445e+01	9.609907e+00	9.250214e+00	8.934793e+00	8.663337e+00	8.435739e+00
8.251882e+00	8.110999e+00	8.010700e+00	7.951036e+00	7.938083e+00	7.978467e+00
8.073951e+00	8.201455e+00	8.332015e+00	8.398074e+00	8.463607e+00	8.480195e+00
8.161599e+00	7.691051e+00	5.626603e+00	4.373565e+00	2.139764e+00	1.616958e+00
1.113472e+00	9.879980e-01	1.213278e+01	1.181373e+01	1.150836e+01	1.122636e+01
1.096215e+01	1.046479e+01	1.001450e+01	9.610132e+00	9.250623e+00	8.935367e+00
8.664071e+00	8.436668e+00	8.253003e+00	8.112415e+00	8.012467e+00	7.953259e+00
7.940899e+00	7.981957e+00	8.077635e+00	8.206551e+00	8.341130e+00	8.411134e+00
8.483592e+00	8.513316e+00	8.248913e+00	7.831814e+00	5.893595e+00	4.650850e+00
2.311750e+00	1.725598e+00	1.136747e+00	9.880048e-01	1.211729e+01	1.180580e+01
1.150661e+01	1.122817e+01	1.096589e+01	1.047090e+01	1.002086e+01	9.615871e+00
9.255358e+00	8.939000e+00	8.666834e+00	8.438895e+00	8.255139e+00	8.115227e+00
8.017745e+00	7.962827e+00	7.954025e+00	7.991882e+00	8.075827e+00	8.198550e+00
8.347366e+00	8.428334e+00	8.507787e+00	8.543896e+00	8.327506e+00	7.960223e+00
6.152289e+00	4.931178e+00	2.500122e+00	1.855570e+00	1.165034e+00	9.881088e-01
1.210950e+01	1.180223e+01	1.150604e+01	1.122946e+01	1.096799e+01	1.047414e+01
1.002451e+01	9.619284e+00	9.258192e+00	8.941211e+00	8.668653e+00	8.440571e+00
8.256919e+00	8.117544e+00	8.021529e+00	7.968895e+00	7.961928e+00	7.998360e+00
8.075418e+00	8.195518e+00	8.353510e+00	8.441302e+00	8.527082e+00	8.570922e+00
8.396275e+00	8.074669e+00	6.399794e+00	5.212958e+00	2.703836e+00	1.998790e+00
1.197233e+00	9.882447e-01	1.210795e+01	1.180178e+01	1.150651e+01	1.122985e+01
1.096828e+01	1.047447e+01	1.002506e+01	9.619907e+00	9.258772e+00	8.941747e+00
8.669263e+00	8.441399e+00	8.258026e+00	8.118943e+00	8.023141e+00	7.970718e+00
7.963977e+00	8.000735e+00	8.079264e+00	8.200803e+00	8.360110e+00	8.449221e+00
8.540263e+00	8.594085e+00	8.454672e+00	8.173916e+00	6.632063e+00	5.492754e+00
2.923239e+00	2.153828e+00	1.234051e+00	9.883829e-01	