2.580598e-01	2.658466e-01	2.738145e-01	2.820335e-01	2.904907e-01	3.080383e-01
3.264985e-01	3.458042e-01	3.659829e-01	3.869471e-01	4.086217e-01	4.308982e-01
4.535850e-01	4.765091e-01	4.994856e-01	5.221748e-01	5.439479e-01	5.639157e-01
5.811067e-01	5.949176e-01	6.051985e-01	6.102304e-01	6.192458e-01	6.321602e-01
6.528914e-01	6.589575e-01	6.581181e-01	6.583833e-01	6.624634e-01	6.636867e-01
6.626332e-01	6.587145e-01	2.893613e-01	2.978435e-01	3.065126e-01	3.154417e-01
3.246171e-01	3.436221e-01	3.635655e-01	3.843698e-01	4.060568e-01	4.285276e-01
4.516963e-01	4.754436e-01	4.995662e-01	5.238846e-01	5.482184e-01	5.722273e-01
5.952608e-01	6.164021e-01	6.346550e-01	6.494234e-01	6.605673e-01	6.660116e-01
6.755127e-01	6.889307e-01	7.103936e-01	7.166929e-01	7.159459e-01	7.162153e-01
7.203365e-01	7.215718e-01	7.205041e-01	7.165660e-01	3.244596e-01	3.336916e-01
3.431154e-01	3.528071e-01	3.627526e-01	3.833165e-01	4.048406e-01	4.272365e-01
4.505187e-01	4.745762e-01	4.993116e-01	5.245940e-01	5.502086e-01	5.759703e-01
6.017059e-01	6.270774e-01	6.514143e-01	6.737735e-01	6.931376e-01	7.089230e-01
7.210016e-01	7.268917e-01	7.368922e-01	7.507995e-01	7.729601e-01	7.794870e-01
7.788550e-01	7.791271e-01	7.832654e-01	7.845055e-01	7.834291e-01	7.794983e-01
3.638151e-01	3.738543e-01	3.840892e-01	3.945987e-01	4.053682e-01	4.275964e-01
4.508016e-01	4.748838e-01	4.998490e-01	5.255731e-01	5.519462e-01	5.788255e-01
6.059847e-01	6.332344e-01	6.604120e-01	6.871852e-01	7.128650e-01	7.364849e-01
7.570093e-01	7.738739e-01	7.869649e-01	7.933368e-01	8.038488e-01	8.182244e-01
8.410370e-01	8.477828e-01	8.472917e-01	8.475651e-01	8.516918e-01	8.529281e-01
8.518497e-01	8.479577e-01	4.079443e-01	4.188509e-01	4.299560e-01	4.413406e-01
4.529902e-01	4.769913e-01	5.019804e-01	5.278450e-01	5.545809e-01	5.820500e-01
6.101293e-01	6.386634e-01	6.674150e-01	6.961918e-01	7.248458e-01	7.530546e-01
7.801125e-01	8.050330e-01	8.267668e-01	8.447756e-01	8.589632e-01	8.658557e-01
8.768894e-01	8.917043e-01	9.151097e-01	9.220625e-01	9.217419e-01	9.220146e-01
9.260960e-01	9.273184e-01	9.262457e-01	9.224295e-01	4.574261e-01	4.692633e-01
4.813001e-01	4.936194e-01	5.062068e-01	5.320923e-01	5.589696e-01	5.867126e-01
6.153057e-01	6.445958e-01	6.744456e-01	7.046871e-01	7.350727e-01	7.654086e-01
7.955661e-01	8.252377e-01	8.537039e-01	8.799613e-01	9.029523e-01	9.221731e-01
9.375485e-01	9.450035e-01	9.565666e-01	9.717830e-01	9.957062e-01	1.002850e+00
1.002734e+00	1.003004e+00	1.007000e+00	1.008197e+00	1.007139e+00	1.003442e+00
5.129099e-01	5.257432e-01	5.387756e-01	5.520908e-01	5.656751e-01	5.935583e-01
6.224286e-01	6.521454e-01	6.826797e-01	7.138626e-01	7.455419e-01	7.775363e-01
8.095890e-01	8.415070e-01	8.731863e-01	9.043399e-01	9.342374e-01	9.618634e-01
9.861581e-01	1.006662e+00	1.023323e+00	1.031386e+00	1.043484e+00	1.059053e+00
1.083401e+00	1.090716e+00	1.090843e+00	1.091107e+00	1.094972e+00	1.096129e+00
1.095097e+00	1.091569e+00	5.751236e-01	5.890210e-01	6.031146e-01	6.174884e-01
6.321297e-01	6.621248e-01	6.930921e-01	7.248756e-01	7.574309e-01	7.905727e-01
8.241327e-01	8.579165e-01	8.916592e-01	9.251713e-01	9.583797e-01	9.910244e-01
1.022368e+00	1.051389e+00	1.077031e+00	1.098891e+00	1.116946e+00	1.125665e+00
1.138298e+00	1.154160e+00	1.178820e+00	1.186281e+00	1.186693e+00	1.186949e+00
1.190629e+00	1.191731e+00	1.190737e+00	1.187436e+00	6.448835e-01	6.599148e-01
6.751367e-01	6.906326e-01	7.063913e-01	7.386119e-01	7.717779e-01	8.057170e-01
8.403671e-01	8.755258e-01	9.110081e-01	9.466062e-01	9.820491e-01	1.017154e+00
1.051885e+00	1.086018e+00	1.118812e+00	1.149246e+00	1.176278e+00	1.199571e+00
1.219133e+00	1.228562e+00	1.241728e+00	1.257809e+00	1.282642e+00	1.290219e+00
1.290966e+00	1.291210e+00	1.294643e+00	1.295671e+00	1.294730e+00	1.291722e+00
7.231051e-01	7.393413e-01	7.557596e-01	7.724410e-01	7.893770e-01	8.239347e-01
8.593968e-01	8.955741e-01	9.323846e-01	9.696079e-01	1.007041e+00	1.044464e+00
1.081602e+00	1.118281e+00	1.154513e+00	1.190117e+00	1.224355e+00	1.256212e+00
1.284671e+00	1.309474e+00	1.330670e+00	1.340865e+00	1.354556e+00	1.370765e+00
1.395608e+00	1.403263e+00	1.404401e+00	1.404628e+00	1.407744e+00	1.408676e+00
1.407805e+00	1.405168e+00	8.108145e-01	8.283275e-01	8.460101e-01	8.639401e-01
8.821118e-01	9.191137e-01	9.569629e-01	9.954526e-01	1.034478e+00	1.073800e+00
1.113198e+00	1.152439e+00	1.191247e+00	1.229463e+00	1.267154e+00	1.304194e+00
1.339853e+00	1.373134e+00	1.403052e+00	1.429447e+00	1.452411e+00	1.463433e+00
1.477636e+00	1.493865e+00	1.518523e+00	1.526212e+00	1.527804e+00	1.528010e+00
1.530725e+00	1.531537e+00	1.530755e+00	1.528576e+00	9.091627e-01	9.280239e-01
9.470382e-01	9.662776e-01	9.857409e-01	1.025288e+00	1.065606e+00	1.106470e+00
1.147750e+00	1.189188e+00	1.230545e+00	1.271576e+00	1.312007e+00	1.351698e+00
1.390786e+00	1.429206e+00	1.466247e+00	1.500938e+00	1.532341e+00	1.560412e+00
1.585290e+00	1.597206e+00	1.611899e+00	1.628020e+00	1.652264e+00	1.659933e+00
1.662049e+00	1.662229e+00	1.664450e+00	1.665114e+00	1.664443e+00	1.662824e+00
1.019440e+00	1.039720e+00	1.060131e+00	1.080737e+00	1.101544e+00	1.143726e+00
1.186582e+00	1.229868e+00	1.273425e+00	1.316975e+00	1.360262e+00	1.403029e+00
1.445009e+00	1.486087e+00	1.526479e+00	1.566201e+00	1.604564e+00	1.640637e+00
1.673544e+00	1.703375e+00	1.730326e+00	1.743206e+00	1.758362e+00	1.774223e+00
1.797784e+00	1.805371e+00	1.808091e+00	1.808238e+00	1.809857e+00	1.810341e+00
1.809807e+00	1.808861e+00	1.143094e+00	1.164859e+00	1.186728e+00	1.208756e+00
1.230952e+00	1.275847e+00	1.321293e+00	1.367029e+00	1.412860e+00	1.458494e+00
1.503653e+00	1.548071e+00	1.591493e+00	1.633837e+00	1.675412e+00	1.716327e+00
1.755930e+00	1.793339e+00	1.827759e+00	1.859437e+00	1.888631e+00	1.902553e+00
1.918133e+00	1.933556e+00	1.956121e+00	1.963551e+00	1.966965e+00	1.967073e+00
1.967967e+00	1.968234e+00	1.967866e+00	1.967724e+00	1.281746e+00	1.305060e+00
1.328444e+00	1.351938e+00	1.375562e+00	1.423230e+00	1.471298e+00	1.519486e+00
1.567564e+00	1.615221e+00	1.662160e+00	1.708108e+00	1.752827e+00	1.796276e+00
1.838875e+00	1.880844e+00	1.921574e+00	1.960254e+00	1.996185e+00	2.029797e+00
2.061419e+00	2.076465e+00	2.092421e+00	2.107197e+00	2.128402e+00	2.135590e+00
2.139799e+00	2.139859e+00	2.139889e+00	2.139899e+00	2.139729e+00	2.140539e+00
1.438092e+00	1.463000e+00	1.487936e+00	1.512926e+00	1.537999e+00	1.588469e+00
1.639165e+00	1.689792e+00	1.740078e+00	1.789698e+00	1.838339e+00	1.885724e+00
1.931638e+00	1.976089e+00	2.019619e+00	2.062573e+00	2.104399e+00	2.144371e+00
2.181912e+00	2.217672e+00	2.252067e+00	2.268394e+00	2.284699e+00	2.298546e+00
2.317742e+00	2.324520e+00	2.329837e+00	2.329836e+00	2.328653e+00	2.328301e+00
2.328407e+00	2.330546e+00	1.612791e+00	1.639346e+00	1.665879e+00	1.692393e+00
1.718933e+00	1.772216e+00	1.825508e+00	1.878500e+00	1.930872e+00	1.982287e+00
2.032414e+00	2.080975e+00	2.127787e+00	2.172919e+00	2.217061e+00	2.260706e+00
2.303375e+00	2.344450e+00	2.383499e+00	2.421416e+00	2.458711e+00	2.476373e+00
2.492930e+00	2.505588e+00	2.522428e+00	2.528720e+00	2.535149e+00	2.535079e+00
2.532620e+00	2.531888e+00	2.532288e+00	2.535819e+00	1.804184e+00	1.832401e+00
1.860546e+00	1.888590e+00	1.916594e+00	1.972673e+00	2.028516e+00	2.083779e+00
2.138081e+00	2.191026e+00	2.242207e+00	2.291336e+00	2.338281e+00	2.383200e+00
2.427009e+00	2.470437e+00	2.513100e+00	2.554529e+00	2.594480e+00	2.634094e+00
2.673926e+00	2.692738e+00	2.709245e+00	2.720486e+00	2.735665e+00	2.741778e+00
2.748374e+00	2.748231e+00	2.745320e+00	2.744457e+00	2.744981e+00	2.749003e+00
2.012317e+00	2.042354e+00	2.072256e+00	2.101931e+00	2.131463e+00	2.190375e+00
2.248670e+00	2.305959e+00	2.361805e+00	2.415748e+00	2.467307e+00	2.516199e+00
2.562366e+00	2.606084e+00	2.648549e+00	2.690792e+00	2.732534e+00	2.773470e+00
2.813553e+00	2.854138e+00	2.895793e+00	2.915423e+00	2.931611e+00	2.941418e+00
2.955779e+00	2.961972e+00	2.967674e+00	2.967473e+00	2.965068e+00	2.964362e+00
2.964814e+00	2.968267e+00	2.234476e+00	2.267900e+00	2.300940e+00	2.333315e+00
2.365140e+00	2.427592e+00	2.487946e+00	2.545878e+00	2.601155e+00	2.653748e+00
2.703788e+00	2.751180e+00	2.795950e+00	2.838400e+00	2.879741e+00	2.921009e+00
2.961909e+00	3.002031e+00	3.041224e+00	3.080859e+00	3.121599e+00	3.140937e+00
3.157179e+00	3.167273e+00	3.181035e+00	3.186425e+00	3.190932e+00	3.190870e+00
3.189419e+00	3.188971e+00	3.189283e+00	3.191532e+00	2.473541e+00	2.511604e+00
2.548894e+00	2.584823e+00	2.619545e+00	2.686058e+00	2.748068e+00	2.805425e+00
2.858332e+00	2.907592e+00	2.954473e+00	2.999188e+00	3.041835e+00	3.082672e+00
3.122746e+00	3.162899e+00	3.202733e+00	3.241557e+00	3.278914e+00	3.316080e+00
3.353917e+00	3.372170e+00	3.388651e+00	3.400125e+00	3.413480e+00	3.417506e+00
3.420456e+00	3.420666e+00	3.420600e+00	3.420518e+00	3.420622e+00	3.421087e+00
2.730698e+00	2.773163e+00	2.814460e+00	2.853699e+00	2.891071e+00	2.961176e+00
3.024396e+00	3.080748e+00	3.130842e+00	3.176247e+00	3.219249e+00	3.260332e+00
3.299675e+00	3.337525e+00	3.374854e+00	3.412408e+00	3.449734e+00	3.485920e+00
3.520328e+00	3.554310e+00	3.589079e+00	3.606268e+00	3.622703e+00	3.634964e+00
3.647731e+00	3.650729e+00	3.651851e+00	3.652292e+00	3.653764e+00	3.654066e+00
3.654025e+00	3.652467e+00	3.004445e+00	3.050621e+00	3.095270e+00	3.137238e+00
3.176750e+00	3.249661e+00	3.313584e+00	3.368666e+00	3.415812e+00	3.457152e+00
3.495703e+00	3.532141e+00	3.566749e+00	3.599837e+00	3.632484e+00	3.665501e+00
3.698460e+00	3.730347e+00	3.760531e+00	3.790674e+00	3.822529e+00	3.838842e+00
3.854876e+00	3.867028e+00	3.879008e+00	3.881541e+00	3.880544e+00	3.881142e+00
3.884293e+00	3.884985e+00	3.884901e+00	3.881079e+00	3.294043e+00	3.344169e+00
3.392341e+00	3.437065e+00	3.478604e+00	3.553720e+00	3.617307e+00	3.669691e+00
3.712241e+00	3.747868e+00	3.780574e+00	3.811299e+00	3.840330e+00	3.867939e+00
3.894997e+00	3.922186e+00	3.949205e+00	3.975396e+00	4.000424e+00	4.025910e+00
4.053749e+00	4.068600e+00	4.083800e+00	4.095686e+00	4.106659e+00	4.108784e+00
4.105757e+00	4.106489e+00	4.111185e+00	4.112222e+00	4.112087e+00	4.106229e+00
3.599517e+00	3.652374e+00	3.702938e+00	3.749456e+00	3.792240e+00	3.868472e+00
3.931243e+00	3.980866e+00	4.018857e+00	4.048402e+00	4.073893e+00	4.096527e+00
4.116861e+00	4.135782e+00	4.155128e+00	4.176340e+00	4.198589e+00	4.219612e+00
4.237814e+00	4.256250e+00	4.278824e+00	4.291958e+00	4.305964e+00	4.317240e+00
4.327026e+00	4.328343e+00	4.323947e+00	4.324836e+00	4.330608e+00	4.331966e+00
4.331602e+00	4.324319e+00	3.921332e+00	3.973309e+00	4.023045e+00	4.068832e+00
4.111029e+00	4.186547e+00	4.248888e+00	4.297793e+00	4.333900e+00	4.359034e+00
4.376068e+00	4.386369e+00	4.391731e+00	4.395458e+00	4.403465e+00	4.420042e+00
4.442234e+00	4.461142e+00	4.469884e+00	4.476994e+00	4.493098e+00	4.504729e+00
4.517186e+00	4.527070e+00	4.535469e+00	4.535115e+00	4.530740e+00	4.531832e+00
4.537737e+00	4.539395e+00	4.538471e+00	4.530895e+00	4.249548e+00	4.303075e+00
4.353960e+00	4.400186e+00	4.442198e+00	4.515871e+00	4.574241e+00	4.617144e+00
4.645413e+00	4.661296e+00	4.668155e+00	4.667671e+00	4.661972e+00	4.654944e+00
4.653258e+00	4.661726e+00	4.676885e+00	4.688448e+00	4.688535e+00	4.687065e+00
4.696236e+00	4.704947e+00	4.714629e+00	4.722405e+00	4.728746e+00	4.727947e+00
4.723443e+00	4.724460e+00	4.730091e+00	4.731704e+00	4.730731e+00	4.723509e+00
4.588916e+00	4.643371e+00	4.694726e+00	4.740611e+00	4.781573e+00	4.851491e+00
4.903793e+00	4.938520e+00	4.956845e+00	4.961581e+00	4.956768e+00	4.944394e+00
4.926852e+00	4.908475e+00	4.896386e+00	4.895664e+00	4.902488e+00	4.905544e+00
4.896258e+00	4.885830e+00	4.887467e+00	4.892561e+00	4.898536e+00	4.903296e+00
4.906963e+00	4.906091e+00	4.902113e+00	4.902888e+00	4.907475e+00	4.908785e+00
4.908045e+00	4.902076e+00	4.934262e+00	4.988322e+00	5.038821e+00	5.083041e+00
5.121641e+00	5.185270e+00	5.229130e+00	5.253500e+00	5.259930e+00	5.251780e+00
5.233830e+00	5.208360e+00	5.178010e+00	5.147490e+00	5.124301e+00	5.113691e+00
5.111471e+00	5.105301e+00	5.086051e+00	5.066231e+00	5.059771e+00	5.060661e+00
5.061971e+00	5.062701e+00	5.063141e+00	5.062361e+00	5.059811e+00	5.060201e+00
5.062831e+00	5.063591e+00	5.063281e+00	5.059651e+00	5.278271e+00	5.333646e+00
5.384549e+00	5.427558e+00	5.463500e+00	5.518438e+00	5.549277e+00	5.557237e+00
5.545387e+00	5.519381e+00	5.486645e+00	5.449732e+00	5.410670e+00	5.372579e+00
5.340184e+00	5.316749e+00	5.299391e+00	5.279762e+00	5.252050e+00	5.225433e+00
5.210175e+00	5.206102e+00	5.201673e+00	5.197467e+00	5.194566e+00	5.193737e+00
5.193405e+00	5.193365e+00	5.193266e+00	5.193317e+00	5.193289e+00	5.193271e+00
5.628997e+00	5.685466e+00	5.736366e+00	5.777445e+00	5.809737e+00	5.853427e+00
5.868099e+00	5.856270e+00	5.822972e+00	5.776658e+00	5.727805e+00	5.679136e+00
5.631786e+00	5.586772e+00	5.545250e+00	5.507964e+00	5.473860e+00	5.439704e+00
5.403583e+00	5.370345e+00	5.345789e+00	5.336395e+00	5.325685e+00	5.316023e+00
5.309594e+00	5.308632e+00	5.310874e+00	5.310374e+00	5.307195e+00	5.306476e+00
5.306693e+00	5.310755e+00	5.986391e+00	6.039960e+00	6.087120e+00	6.123021e+00
6.148930e+00	6.177357e+00	6.173733e+00	6.141538e+00	6.087088e+00	6.020551e+00
5.954146e+00	5.890796e+00	5.831186e+00	5.775336e+00	5.722894e+00	5.673411e+00
5.626388e+00	5.580151e+00	5.533981e+00	5.491519e+00	5.457326e+00	5.442677e+00
5.425187e+00	5.409205e+00	5.399113e+00	5.397681e+00	5.403119e+00	5.402130e+00
5.395404e+00	5.393936e+00	5.394281e+00	5.402749e+00	6.344512e+00	6.391037e+00
6.430642e+00	6.458090e+00	6.474877e+00	6.484023e+00	6.459887e+00	6.406554e+00
6.331031e+00	6.244309e+00	6.159330e+00	6.079310e+00	6.004880e+00	5.935853e+00
5.871655e+00	5.811347e+00	5.754147e+00	5.697766e+00	5.641033e+00	5.588221e+00
5.544287e+00	5.524421e+00	5.500229e+00	5.478006e+00	5.464117e+00	5.462211e+00
5.470633e+00	5.469172e+00	5.459076e+00	5.456901e+00	5.457406e+00	5.469941e+00
6.700486e+00	6.736958e+00	6.766038e+00	6.782185e+00	6.787164e+00	6.772242e+00
6.723662e+00	6.646123e+00	6.547331e+00	6.438972e+00	6.334398e+00	6.237106e+00
6.147483e+00	6.064938e+00	5.988545e+00	5.916806e+00	5.849179e+00	5.783945e+00
5.719250e+00	5.654751e+00	5.595888e+00	5.567466e+00	5.535426e+00	5.507426e+00
5.486108e+00	5.484870e+00	5.493758e+00	5.491786e+00	5.479417e+00	5.476254e+00
5.477874e+00	5.493101e+00	7.058601e+00	7.082456e+00	7.098558e+00	7.101127e+00
7.092217e+00	7.049699e+00	6.973966e+00	6.870271e+00	6.746940e+00	6.616195e+00
6.491584e+00	6.376848e+00	6.272048e+00	6.176128e+00	6.087789e+00	6.004966e+00
5.927448e+00	5.854245e+00	5.782755e+00	5.707333e+00	5.634268e+00	5.598033e+00
5.559361e+00	5.526773e+00	5.499433e+00	5.498777e+00	5.507830e+00	5.505472e+00
5.491501e+00	5.487598e+00	5.490096e+00	5.507226e+00	7.414593e+00	7.423965e+00
7.425192e+00	7.412244e+00	7.387483e+00	7.313468e+00	7.206752e+00	7.073237e+00
6.921958e+00	6.765853e+00	6.618977e+00	6.485230e+00	6.364472e+00	6.255057e+00
6.154738e+00	6.059860e+00	5.970284e+00	5.883515e+00	5.798565e+00	5.719283e+00
5.641718e+00	5.603119e+00	5.562170e+00	5.527805e+00	5.498780e+00	5.497957e+00
5.507050e+00	5.504603e+00	5.490238e+00	5.486202e+00	5.488798e+00	5.506364e+00
7.761690e+00	7.754939e+00	7.739626e+00	7.709454e+00	7.667112e+00	7.558232e+00
7.417392e+00	7.251329e+00	7.069973e+00	6.887217e+00	6.717874e+00	6.565829e+00
6.430723e+00	6.310250e+00	6.200451e+00	6.093995e+00	5.992955e+00	5.893623e+00
5.795318e+00	5.704062e+00	5.618058e+00	5.575763e+00	5.528355e+00	5.487278e+00
5.455972e+00	5.451829e+00	5.460669e+00	5.458278e+00	5.444038e+00	5.440519e+00
5.441928e+00	5.459002e+00	8.106968e+00	8.080267e+00	8.044811e+00	7.994235e+00
7.931586e+00	7.783567e+00	7.605791e+00	7.405657e+00	7.193578e+00	6.983780e+00
6.791360e+00	6.620016e+00	6.467620e+00	6.329734e+00	6.205667e+00	6.093912e+00
5.987516e+00	5.882809e+00	5.776024e+00	5.670397e+00	5.573961e+00	5.527166e+00
5.474328e+00	5.428675e+00	5.394081e+00	5.387244e+00	5.393293e+00	5.391114e+00
5.378892e+00	5.376148e+00	5.376726e+00	5.391091e+00	8.448467e+00	8.397511e+00
8.338058e+00	8.263951e+00	8.178537e+00	7.988016e+00	7.771618e+00	7.536748e+00
7.293774e+00	7.056735e+00	6.840729e+00	6.648204e+00	6.480125e+00	6.333071e+00
6.198974e+00	6.072172e+00	5.952323e+00	5.834972e+00	5.717126e+00	5.602500e+00
5.495753e+00	5.444475e+00	5.389716e+00	5.344007e+00	5.305158e+00	5.296706e+00
5.296031e+00	5.294340e+00	5.287196e+00	5.285623e+00	5.285942e+00	5.293977e+00
8.780209e+00	8.705032e+00	8.620992e+00	8.521807e+00	8.411356e+00	8.172813e+00
7.912335e+00	7.639623e+00	7.365288e+00	7.102203e+00	6.864182e+00	6.655079e+00
6.470317e+00	6.305912e+00	6.156887e+00	6.018116e+00	5.886919e+00	5.759021e+00
5.631311e+00	5.506711e+00	5.389908e+00	5.334900e+00	5.279213e+00	5.234386e+00
5.191645e+00	5.181040e+00	5.172044e+00	5.171042e+00	5.170516e+00	5.170501e+00
5.170405e+00	5.169919e+00	9.066262e+00	9.001686e+00	8.921948e+00	8.811067e+00
8.674336e+00	8.359373e+00	8.017814e+00	7.692204e+00	7.389818e+00	7.112690e+00
6.862605e+00	6.643264e+00	6.443624e+00	6.259443e+00	6.090017e+00	5.934359e+00
5.789885e+00	5.652217e+00	5.516885e+00	5.381873e+00	5.253111e+00	5.196397e+00
5.140915e+00	5.096245e+00	5.049362e+00	5.037141e+00	5.019904e+00	5.019463e+00
5.025481e+00	5.027257e+00	5.026468e+00	5.017527e+00	9.407105e+00	9.303010e+00
9.178568e+00	9.023365e+00	8.847381e+00	8.473175e+00	8.093777e+00	7.740912e+00
7.415924e+00	7.120697e+00	6.857291e+00	6.618358e+00	6.397573e+00	6.190551e+00
5.998926e+00	5.824754e+00	5.665921e+00	5.519018e+00	5.379090e+00	5.237899e+00
5.096752e+00	5.033914e+00	4.976190e+00	4.933037e+00	4.883715e+00	4.868570e+00
4.844925e+00	4.845128e+00	4.856339e+00	4.859517e+00	4.858276e+00	4.842464e+00
9.824120e+00	9.601229e+00	9.378748e+00	9.157628e+00	8.941118e+00	8.530231e+00
8.144257e+00	7.782247e+00	7.443380e+00	7.126927e+00	6.832676e+00	6.561518e+00
6.312054e+00	6.082472e+00	5.871263e+00	5.678756e+00	5.504762e+00	5.348890e+00
5.207821e+00	5.066881e+00	4.913370e+00	4.836850e+00	4.772131e+00	4.732295e+00
4.683248e+00	4.663236e+00	4.637162e+00	4.638052e+00	4.651374e+00	4.654984e+00
4.653844e+00	4.634922e+00	1.011166e+01	9.844947e+00	9.580360e+00	9.322125e+00
9.074137e+00	8.614739e+00	8.189270e+00	7.779836e+00	7.421265e+00	7.086519e+00
6.764976e+00	6.468020e+00	6.197564e+00	5.950617e+00	5.723741e+00	5.515996e+00
5.327901e+00	5.159113e+00	5.006852e+00	4.856082e+00	4.692304e+00	4.609934e+00
4.540285e+00	4.497608e+00	4.445534e+00	4.424909e+00	4.400708e+00	4.401348e+00
4.412527e+00	4.415561e+00	4.414536e+00	4.398331e+00	1.035931e+01	1.006484e+01
9.773509e+00	9.488753e+00	9.213789e+00	8.699646e+00	8.223414e+00	7.773267e+00
7.371720e+00	7.000211e+00	6.657511e+00	6.344794e+00	6.060201e+00	5.800133e+00
5.560548e+00	5.339584e+00	5.138144e+00	4.954886e+00	4.787030e+00	4.622093e+00
4.449784e+00	4.365247e+00	4.291360e+00	4.242738e+00	4.186296e+00	4.167373e+00
4.147972e+00	4.147844e+00	4.154103e+00	4.155865e+00	4.155076e+00	4.145314e+00
1.059223e+01	1.026346e+01	9.939297e+00	9.623911e+00	9.320096e+00	8.750058e+00
8.225417e+00	7.753757e+00	7.310779e+00	6.907686e+00	6.541819e+00	6.210350e+00
5.909660e+00	5.635347e+00	5.382304e+00	5.147667e+00	4.932554e+00	4.735360e+00
4.553327e+00	4.375851e+00	4.194860e+00	4.106880e+00	4.027710e+00	3.972846e+00
3.912253e+00	3.895592e+00	3.882820e+00	3.881728e+00	3.881443e+00	3.881480e+00
3.881261e+00	3.879920e+00	1.080322e+01	1.043767e+01	1.007867e+01	9.731873e+00
9.399651e+00	8.779106e+00	8.208921e+00	7.693294e+00	7.221333e+00	6.792288e+00
6.404727e+00	6.054912e+00	5.738290e+00	5.449784e+00	5.183171e+00	4.934657e+00
4.705334e+00	4.494017e+00	4.297940e+00	4.108431e+00	3.919122e+00	3.827381e+00
3.742081e+00	3.679968e+00	3.615290e+00	3.601680e+00	3.597313e+00	3.595028e+00
3.586590e+00	3.584475e+00	3.585105e+00	3.594194e+00	1.099934e+01	1.059115e+01
1.019216e+01	9.810317e+00	9.446777e+00	8.775028e+00	8.174184e+00	7.620611e+00
7.121498e+00	6.670773e+00	6.264954e+00	5.899179e+00	5.567968e+00	5.265476e+00
4.984474e+00	4.720481e+00	4.474824e+00	4.247872e+00	4.037619e+00	3.837427e+00
3.642672e+00	3.548964e+00	3.459051e+00	3.391182e+00	3.324637e+00	3.311169e+00
3.308582e+00	3.305966e+00	3.295533e+00	3.293007e+00	3.293674e+00	3.305472e+00
1.118506e+01	1.073159e+01	1.029116e+01	9.874468e+00	9.481530e+00	8.758681e+00
8.114020e+00	7.532084e+00	7.011096e+00	6.543026e+00	6.121892e+00	5.742137e+00
5.397582e+00	5.081681e+00	4.786370e+00	4.506692e+00	4.244304e+00	4.001682e+00
3.777960e+00	3.568439e+00	3.370148e+00	3.275610e+00	3.182361e+00	3.110124e+00
3.043067e+00	3.028235e+00	3.023526e+00	3.021099e+00	3.012314e+00	3.010358e+00
3.010643e+00	3.020550e+00	1.136156e+01	1.086333e+01	1.038221e+01	9.931732e+00
9.510366e+00	8.740050e+00	8.054773e+00	7.444979e+00	6.902646e+00	6.417706e+00
5.981682e+00	5.588324e+00	5.231055e+00	4.902891e+00	4.595339e+00	4.303133e+00
4.027798e+00	3.772455e+00	3.536976e+00	3.317816e+00	3.113637e+00	3.017335e+00
2.922217e+00	2.848359e+00	2.780186e+00	2.764079e+00	2.755572e+00	2.753496e+00
2.747841e+00	2.746708e+00	2.746691e+00	2.752600e+00	1.152606e+01	1.098421e+01
1.046380e+01	9.981175e+00	9.533080e+00	8.716031e+00	7.995822e+00	7.358572e+00
6.795302e+00	6.293843e+00	5.843210e+00	5.436451e+00	5.066981e+00	4.727692e+00
4.410133e+00	4.108838e+00	3.824539e+00	3.559303e+00	3.313390e+00	3.083623e+00
2.870385e+00	2.771083e+00	2.675718e+00	2.603332e+00	2.533203e+00	2.515809e+00
2.501216e+00	2.499710e+00	2.499172e+00	2.499215e+00	2.498971e+00	2.498098e+00
1.168358e+01	1.110099e+01	1.054415e+01	1.003234e+01	9.559989e+00	8.701841e+00
7.948647e+00	7.286197e+00	6.703162e+00	6.185739e+00	5.721011e+00	5.301257e+00
4.919910e+00	4.569854e+00	4.242699e+00	3.932879e+00	3.640535e+00	3.366800e+00
3.112241e+00	2.873902e+00	2.652657e+00	2.549982e+00	2.452720e+00	2.379849e+00
2.308191e+00	2.290210e+00	2.273025e+00	2.271751e+00	2.273362e+00	2.273907e+00
2.273539e+00	2.269679e+00	1.183417e+01	1.121408e+01	1.062406e+01	1.008646e+01
9.592970e+00	8.697291e+00	7.915427e+00	7.230089e+00	6.628988e+00	6.096469e+00
5.618254e+00	5.185989e+00	4.793098e+00	4.432551e+00	4.096052e+00	3.778050e+00
3.478277e+00	3.197176e+00	2.935399e+00	2.690166e+00	2.461651e+00	2.355176e+00
2.254465e+00	2.179294e+00	2.106293e+00	2.088240e+00	2.071351e+00	2.070020e+00
2.071276e+00	2.071745e+00	2.071385e+00	2.067774e+00	1.197932e+01	1.132501e+01
1.070528e+01	1.014546e+01	9.634067e+00	8.704723e+00	7.899313e+00	7.196130e+00
6.578983e+00	6.032667e+00	5.541746e+00	5.097584e+00	4.693585e+00	4.322856e+00
3.977232e+00	3.651284e+00	3.344450e+00	3.056789e+00	2.788620e+00	2.537345e+00
2.301530e+00	2.190712e+00	2.085413e+00	2.006725e+00	1.931990e+00	1.913949e+00
1.898720e+00	1.897165e+00	1.896758e+00	1.896842e+00	1.896621e+00	1.895011e+00
1.212271e+01	1.143740e+01	1.079112e+01	1.021235e+01	9.686396e+00	8.730210e+00
7.906555e+00	7.189649e+00	6.557270e+00	5.997076e+00	5.492680e+00	5.035356e+00
4.620524e+00	4.241211e+00	3.887507e+00	3.554318e+00	3.240985e+00	2.947385e+00
2.673221e+00	2.416010e+00	2.172568e+00	2.057099e+00	1.946901e+00	1.864422e+00
1.787225e+00	1.768909e+00	1.754940e+00	1.753164e+00	1.751238e+00	1.750977e+00
1.750825e+00	1.751069e+00	1.226401e+01	1.155082e+01	1.088103e+01	1.028607e+01
9.748105e+00	8.769579e+00	7.924670e+00	7.193147e+00	6.555798e+00	5.990722e+00
5.481415e+00	5.019270e+00	4.596020e+00	4.204964e+00	3.840793e+00	3.498267e+00
3.176473e+00	2.875033e+00	2.592940e+00	2.327771e+00	2.075193e+00	1.954248e+00
1.838572e+00	1.751821e+00	1.670741e+00	1.651519e+00	1.637459e+00	1.635524e+00
1.632923e+00	1.632510e+00	1.632386e+00	1.633489e+00	1.240027e+01	1.166391e+01
1.097518e+01	1.036822e+01	9.822199e+00	8.828871e+00	7.974558e+00	7.235914e+00
6.589971e+00	6.016193e+00	5.497377e+00	5.025006e+00	4.593017e+00	4.194993e+00
3.823709e+00	3.474243e+00	3.145732e+00	2.837727e+00	2.548756e+00	2.274306e+00
2.010165e+00	1.882517e+00	1.760114e+00	1.667933e+00	1.581167e+00	1.560351e+00
1.544839e+00	1.542788e+00	1.540276e+00	1.539886e+00	1.539756e+00	1.540786e+00
1.252549e+01	1.177200e+01	1.106979e+01	1.045520e+01	9.904616e+00	8.901989e+00
8.041748e+00	7.297560e+00	6.646220e+00	6.066556e+00	5.540972e+00	5.060701e+00
4.622154e+00	4.220327e+00	3.844888e+00	3.490881e+00	3.157569e+00	2.844708e+00
2.550853e+00	2.263193e+00	1.978006e+00	1.838334e+00	1.705563e+00	1.606566e+00
1.511930e+00	1.488779e+00	1.470748e+00	1.468557e+00	1.466436e+00	1.466136e+00
1.465965e+00	1.466492e+00	1.264194e+01	1.187557e+01	1.116388e+01	1.054511e+01
9.992953e+00	8.986512e+00	8.125194e+00	7.378627e+00	6.724423e+00	6.141631e+00
5.613008e+00	5.130034e+00	4.687050e+00	4.277697e+00	3.893754e+00	3.530136e+00
3.186342e+00	2.862463e+00	2.556677e+00	2.257021e+00	1.957377e+00	1.808490e+00
1.665561e+00	1.557681e+00	1.453922e+00	1.428225e+00	1.407514e+00	1.405143e+00
1.403343e+00	1.403123e+00	1.402908e+00	1.402943e+00	1.274372e+01	1.197016e+01
1.125400e+01	1.063504e+01	1.008434e+01	9.078357e+00	8.217995e+00	7.469956e+00
6.813218e+00	6.227496e+00	5.696095e+00	5.210389e+00	4.763830e+00	4.349285e+00
3.958505e+00	3.586128e+00	3.231956e+00	2.896461e+00	2.576965e+00	2.266747e+00
1.959935e+00	1.806522e+00	1.649840e+00	1.522291e+00	1.406502e+00	1.377874e+00
1.354282e+00	1.351524e+00	1.349586e+00	1.349381e+00	1.349091e+00	1.349050e+00
1.282803e+01	1.205359e+01	1.133892e+01	1.072495e+01	1.018016e+01	9.182047e+00
8.327155e+00	7.580204e+00	6.922454e+00	6.335304e+00	5.803377e+00	5.317790e+00
4.871294e+00	4.455872e+00	4.062011e+00	3.683750e+00	3.321412e+00	2.976393e+00
2.646309e+00	2.320119e+00	1.988131e+00	1.818595e+00	1.643212e+00	1.498597e+00
1.368419e+00	1.336530e+00	1.310303e+00	1.307086e+00	1.304565e+00	1.304276e+00
1.303950e+00	1.304183e+00	1.287483e+01	1.211515e+01	1.141431e+01	1.081394e+01
1.028140e+01	9.299427e+00	8.451999e+00	7.705814e+00	7.045265e+00	6.454596e+00
5.920656e+00	5.434553e+00	4.988396e+00	4.573367e+00	4.178841e+00	3.797817e+00
3.429955e+00	3.075795e+00	2.732278e+00	2.387559e+00	2.029817e+00	1.843283e+00
1.650358e+00	1.496750e+00	1.336067e+00	1.299647e+00	1.273535e+00	1.270185e+00
1.265637e+00	1.264789e+00	1.264899e+00	1.266289e+00	1.290841e+01	1.216615e+01
1.148354e+01	1.090135e+01	1.038545e+01	9.426727e+00	8.589536e+00	7.845012e+00
7.181233e+00	6.586231e+00	6.049850e+00	5.563428e+00	5.118507e+00	4.705578e+00
4.313099e+00	3.932837e+00	3.562919e+00	3.201341e+00	2.843341e+00	2.477718e+00
2.092150e+00	1.888398e+00	1.674425e+00	1.496253e+00	1.307739e+00	1.266256e+00
1.241391e+00	1.238045e+00	1.230934e+00	1.229334e+00	1.230072e+00	1.232950e+00
1.294192e+01	1.221113e+01	1.154172e+01	1.097541e+01	1.047575e+01	9.542122e+00
8.719402e+00	7.982349e+00	7.321289e+00	6.726773e+00	6.190897e+00	5.705507e+00
5.262022e+00	4.850624e+00	4.459265e+00	4.078910e+00	3.706528e+00	3.338126e+00
2.967093e+00	2.581237e+00	2.166130e+00	1.942880e+00	1.704624e+00	1.497748e+00
1.285172e+00	1.236388e+00	1.212939e+00	1.209802e+00	1.199758e+00	1.197277e+00
1.198777e+00	1.203154e+00	1.297666e+01	1.225059e+01	1.158889e+01	1.103517e+01
1.055033e+01	9.642457e+00	8.838558e+00	8.116229e+00	7.466401e+00	6.880069e+00
6.349736e+00	5.867681e+00	5.425790e+00	5.014615e+00	4.622423e+00	4.240205e+00
3.864490e+00	3.490472e+00	3.109852e+00	2.706740e+00	2.261612e+00	2.016409e+00
1.750203e+00	1.516387e+00	1.267603e+00	1.210089e+00	1.188309e+00	1.185569e+00
1.172244e+00	1.168751e+00	1.171137e+00	1.177093e+00	1.299854e+01	1.227913e+01
1.162654e+01	1.108731e+01	1.061896e+01	9.738536e+00	8.954947e+00	8.248591e+00
7.611116e+00	7.034097e+00	6.510466e+00	6.032976e+00	5.593953e+00	5.184385e+00
4.792850e+00	4.410357e+00	4.032927e+00	3.654835e+00	3.265903e+00	2.846198e+00
2.370540e+00	2.102369e+00	1.805839e+00	1.542279e+00	1.255833e+00	1.187649e+00
1.165904e+00	1.163557e+00	1.147465e+00	1.143090e+00	1.146387e+00	1.152765e+00
1.300645e+01	1.229325e+01	1.165217e+01	1.112946e+01	1.067922e+01	9.827485e+00
9.065607e+00	8.376385e+00	7.752349e+00	7.185756e+00	6.670079e+00	6.198566e+00
5.763971e+00	5.357713e+00	4.968688e+00	4.587895e+00	4.210791e+00	3.830614e+00
3.435149e+00	3.000185e+00	2.494392e+00	2.202730e+00	1.874033e+00	1.578314e+00
1.249959e+00	1.168610e+00	1.145483e+00	1.143441e+00	1.124923e+00	1.119795e+00
1.124137e+00	1.129906e+00	1.300100e+01	1.229532e+01	1.166455e+01	1.115946e+01
1.072838e+01	9.905642e+00	9.166698e+00	8.495873e+00	7.886649e+00	7.331857e+00
6.825572e+00	6.361513e+00	5.932928e+00	5.531610e+00	5.146882e+00	4.769762e+00
4.395145e+00	4.015180e+00	3.615451e+00	3.167093e+00	2.631917e+00	2.316349e+00
1.954453e+00	1.624004e+00	1.248922e+00	1.155652e+00	1.125860e+00	1.123986e+00
1.104867e+00	1.099317e+00	1.103259e+00	1.108301e+00	1.298486e+01	1.228821e+01
1.167064e+01	1.118495e+01	1.077463e+01	9.982058e+00	9.267422e+00	8.616063e+00
8.022410e+00	7.480008e+00	6.983555e+00	6.527389e+00	6.105314e+00	5.709762e+00
5.330730e+00	4.959402e+00	4.589976e+00	4.213184e+00	3.811666e+00	3.350173e+00
2.782378e+00	2.440507e+00	2.043669e+00	1.678931e+00	1.264243e+00	1.156156e+00
1.100404e+00	1.099454e+00	1.091972e+00	1.087087e+00	1.080104e+00	1.088440e+00
1.296495e+01	1.227780e+01	1.167360e+01	1.120651e+01	1.081624e+01	1.005299e+01
9.362466e+00	8.730816e+00	8.153297e+00	7.624104e+00	7.138507e+00	6.691413e+00
6.277171e+00	5.888809e+00	5.516979e+00	5.153056e+00	4.790617e+00	4.419051e+00
4.018097e+00	3.546003e+00	2.947551e+00	2.579520e+00	2.146539e+00	1.744471e+00
1.285421e+00	1.157388e+00	1.080461e+00	1.079351e+00	1.078991e+00	1.074494e+00
1.060290e+00	1.070488e+00	1.294827e+01	1.226831e+01	1.167514e+01	1.122513e+01
1.085291e+01	1.011627e+01	9.448178e+00	8.835537e+00	8.274245e+00	7.758994e+00
7.285504e+00	6.849096e+00	6.444561e+00	6.065311e+00	5.702438e+00	5.347432e+00
4.993467e+00	4.628954e+00	4.231418e+00	3.753828e+00	3.131690e+00	2.739992e+00
2.270191e+00	1.825405e+00	1.308414e+00	1.161025e+00	1.068825e+00	1.065835e+00
1.064366e+00	1.059727e+00	1.045250e+00	1.054708e+00	1.295789e+01	1.227883e+01
1.169039e+01	1.125357e+01	1.089238e+01	1.017331e+01	9.521502e+00	8.924341e+00
8.377867e+00	7.876899e+00	7.417242e+00	6.994239e+00	6.602606e+00	6.235570e+00
5.883764e+00	5.538395e+00	5.192792e+00	4.835582e+00	4.444504e+00	3.972123e+00
3.343715e+00	2.932619e+00	2.418105e+00	1.917216e+00	1.333138e+00	1.167639e+00
1.066855e+00	1.058746e+00	1.048251e+00	1.043941e+00	1.034667e+00	1.040584e+00
1.297251e+01	1.229480e+01	1.171117e+01	1.128099e+01	1.092913e+01	1.022560e+01
9.588570e+00	9.006001e+00	8.473984e+00	7.987439e+00	7.542215e+00	7.133620e+00
6.756197e+00	6.402840e+00	6.063456e+00	5.728821e+00	5.392568e+00	5.043921e+00
4.661667e+00	4.199882e+00	3.574242e+00	3.147046e+00	2.585458e+00	2.021698e+00
1.362015e+00	1.178085e+00	1.065573e+00	1.053065e+00	1.032575e+00	1.028686e+00
1.025591e+00	1.027636e+00	1.296852e+01	1.229301e+01	1.171259e+01	1.129018e+01
1.095274e+01	1.026977e+01	9.650289e+00	9.083908e+00	8.567052e+00	8.094978e+00
7.663737e+00	7.268812e+00	6.904866e+00	6.564818e+00	6.238446e+00	5.916382e+00
5.592271e+00	5.255286e+00	4.883816e+00	4.430346e+00	3.802135e+00	3.360781e+00
2.763900e+00	2.147569e+00	1.404680e+00	1.194684e+00	1.062049e+00	1.045464e+00
1.020815e+00	1.017041e+00	1.016213e+00	1.016108e+00	1.293762e+01	1.227124e+01
1.170213e+01	1.129332e+01	1.096811e+01	1.030664e+01	9.706019e+00	9.156677e+00
8.655277e+00	8.197505e+00	7.779708e+00	7.397715e+00	7.046546e+00	6.719447e+00
6.406583e+00	6.098737e+00	5.789395e+00	5.467171e+00	5.108746e+00	4.662046e+00
4.027269e+00	3.574420e+00	2.955699e+00	2.301976e+00	1.471387e+00	1.225731e+00
1.056342e+00	1.036301e+00	1.011928e+00	1.008123e+00	1.006758e+00	1.006073e+00
1.289992e+01	1.224301e+01	1.168582e+01	1.129128e+01	1.097885e+01	1.034029e+01
9.759215e+00	9.227042e+00	8.740849e+00	8.296806e+00	7.891666e+00	7.521729e+00
7.182526e+00	6.867909e+00	6.568792e+00	6.276391e+00	5.984007e+00	5.679444e+00
5.337068e+00	4.898577e+00	4.256246e+00	3.791804e+00	3.153534e+00	2.466532e+00
1.552645e+00	1.269437e+00	1.056155e+00	1.027704e+00	1.004779e+00	1.001049e+00
9.960605e-01	9.976744e-01	1.285710e+01	1.221022e+01	1.166517e+01	1.128615e+01
1.098742e+01	1.037148e+01	9.809964e+00	9.294848e+00	8.823637e+00	8.392992e+00
8.000112e+00	7.641830e+00	7.314266e+00	7.012036e+00	6.727019e+00	6.451064e+00
6.177338e+00	5.892756e+00	5.569025e+00	5.140420e+00	4.490747e+00	4.015428e+00
3.360732e+00	2.644938e+00	1.650710e+00	1.328156e+00	1.056594e+00	1.019800e+00
9.986140e-01	9.949850e-01	9.849797e-01	9.902666e-01	1.284084e+01	1.219942e+01
1.165951e+01	1.128547e+01	1.099850e+01	1.040048e+01	9.854280e+00	9.353296e+00
8.895344e+00	8.477399e+00	8.096920e+00	7.751017e+00	7.436148e+00	7.147347e+00
6.876965e+00	6.617248e+00	6.361541e+00	6.096598e+00	5.793041e+00	5.381015e+00
4.736803e+00	4.256637e+00	3.587231e+00	2.839236e+00	1.755553e+00	1.390627e+00
1.058475e+00	1.017891e+00	9.920973e-01	9.884840e-01	9.773599e-01	9.838033e-01
1.283803e+01	1.219853e+01	1.166256e+01	1.129518e+01	1.101439e+01	1.042718e+01
9.891713e+00	9.401692e+00	8.954961e+00	8.548660e+00	8.180385e+00	7.847320e+00
7.546014e+00	7.271542e+00	7.016089e+00	6.771939e+00	6.532921e+00	6.286466e+00
6.004071e+00	5.616401e+00	4.995396e+00	4.519730e+00	3.838161e+00	3.052441e+00
1.867546e+00	1.457357e+00	1.072261e+00	1.020075e+00	9.850180e-01	9.813010e-01
9.726881e-01	9.783395e-01	1.283380e+01	1.219649e+01	1.166340e+01	1.130150e+01
1.102578e+01	1.044783e+01	9.921737e+00	9.441730e+00	9.005611e+00	8.610605e+00
8.254314e+00	7.933956e+00	7.646090e+00	7.385680e+00	7.144679e+00	6.915453e+00
6.692690e+00	6.465242e+00	6.206184e+00	5.846835e+00	5.254812e+00	4.787287e+00
4.097634e+00	3.277461e+00	1.992259e+00	1.534048e+00	1.090376e+00	1.024544e+00
9.778137e-01	9.736856e-01	9.683692e-01	9.732777e-01	1.282529e+01	1.219229e+01
1.166392e+01	1.130744e+01	1.103727e+01	1.046887e+01	9.951454e+00	9.480018e+00
9.052447e+00	8.666322e+00	8.319611e+00	8.009843e+00	7.733869e+00	7.486929e+00
7.261281e+00	7.049307e+00	6.845216e+00	6.636778e+00	6.397233e+00	6.062433e+00
5.503535e+00	5.053297e+00	4.372315e+00	3.530948e+00	2.136672e+00	1.618625e+00
1.106279e+00	1.029867e+00	9.745006e-01	9.698130e-01	9.663792e-01	9.688702e-01
1.281035e+01	1.218765e+01	1.166966e+01	1.132185e+01	1.105880e+01	1.050119e+01
9.991464e+00	9.525659e+00	9.102426e+00	8.720439e+00	8.378782e+00	8.075671e+00
7.808675e+00	7.574093e+00	7.365606e+00	7.175814e+00	6.995897e+00	6.806651e+00
6.577468e+00	6.255598e+00	5.730008e+00	5.310807e+00	4.672032e+00	3.840700e+00
2.310715e+00	1.706172e+00	1.113443e+00	1.032251e+00	9.787669e-01	9.719334e-01
9.679237e-01	9.654651e-01	1.281745e+01	1.219720e+01	1.168032e+01	1.133368e+01
1.107189e+01	1.051858e+01	1.001482e+01	9.556615e+00	9.142136e+00	8.769632e+00
8.437711e+00	8.144527e+00	7.887638e+00	7.663241e+00	7.464802e+00	7.285624e+00
7.119983e+00	6.954582e+00	6.761152e+00	6.474850e+00	5.973482e+00	5.566041e+00
4.944926e+00	4.114097e+00	2.493672e+00	1.825293e+00	1.138937e+00	1.041935e+00
9.773868e-01	9.707198e-01	9.649583e-01	9.626319e-01	1.281943e+01	1.220125e+01
1.168780e+01	1.134326e+01	1.108338e+01	1.053484e+01	1.003675e+01	9.585316e+00
9.178459e+00	8.814199e+00	8.490848e+00	8.206540e+00	7.958871e+00	7.744044e+00
7.555477e+00	7.387190e+00	7.235937e+00	7.093010e+00	6.932784e+00	6.682507e+00
6.211117e+00	5.818602e+00	5.216221e+00	4.389018e+00	2.692027e+00	1.961021e+00
1.171540e+00	1.055407e+00	9.768340e-01	9.694046e-01	9.616451e-01	9.600882e-01
1.280905e+01	1.219881e+01	1.169086e+01	1.135039e+01	1.109382e+01	1.055157e+01
1.005912e+01	9.613151e+00	9.211760e+00	8.853165e+00	8.535906e+00	8.258343e+00
8.018357e+00	7.812547e+00	7.634814e+00	7.479739e+00	7.344563e+00	7.220955e+00
7.084408e+00	6.864369e+00	6.432282e+00	6.063348e+00	5.485374e+00	4.667634e+00
2.908426e+00	2.111284e+00	1.208572e+00	1.072835e+00	9.775245e-01	9.686304e-01
9.592183e-01	9.578224e-01	1.279090e+01	1.219078e+01	1.169067e+01	1.135494e+01
1.110195e+01	1.056680e+01	1.008005e+01	9.638745e+00	9.241385e+00	8.886694e+00
8.573761e+00	8.301290e+00	8.067634e+00	7.870099e+00	7.703554e+00	7.563073e+00
7.444785e+00	7.337381e+00	7.216602e+00	7.023268e+00	6.639361e+00	6.299466e+00
5.744475e+00	4.939987e+00	3.145252e+00	2.276110e+00	1.252192e+00	1.094918e+00
9.794044e-01	9.686851e-01	9.572094e-01	9.557452e-01	1.277151e+01	1.218117e+01
1.169038e+01	1.135915e+01	1.110957e+01	1.058107e+01	1.009951e+01	9.662357e+00
9.268524e+00	8.917236e+00	8.608115e+00	8.340185e+00	8.112263e+00	7.922337e+00
7.766243e+00	7.639544e+00	7.537311e+00	7.445358e+00	7.339611e+00	7.172794e+00
6.839001e+00	6.530146e+00	6.000328e+00	5.213916e+00	3.399156e+00	2.456648e+00
1.302222e+00	1.121294e+00	9.826238e-01	9.688397e-01	9.554549e-01	9.539015e-01
1.276585e+01	1.218197e+01	1.169477e+01	1.136772e+01	1.111957e+01	1.059402e+01
1.011553e+01	9.681915e+00	9.292077e+00	8.945191e+00	8.640790e+00	8.377938e+00
8.155588e+00	7.971819e+00	7.822560e+00	7.703870e+00	7.612627e+00	7.538259e+00
7.458893e+00	7.324811e+00	7.030353e+00	6.746956e+00	6.250571e+00	5.491534e+00
3.657513e+00	2.656584e+00	1.360851e+00	1.152334e+00	9.867328e-01	9.696093e-01
9.540216e-01	9.526234e-01	1.276416e+01	1.218978e+01	1.170941e+01	1.138147e+01
1.113116e+01	1.060547e+01	1.012866e+01	9.698018e+00	9.312144e+00	8.969953e+00
8.670551e+00	8.412841e+00	8.195655e+00	8.016778e+00	7.871786e+00	7.757411e+00
7.673794e+00	7.617004e+00	7.569693e+00	7.471731e+00	7.208592e+00	6.946834e+00
6.490128e+00	5.767160e+00	3.919261e+00	2.876864e+00	1.431992e+00	1.191139e+00
9.928927e-01	9.720979e-01	9.528952e-01	9.517183e-01	1.274553e+01	1.218289e+01
1.170931e+01	1.138668e+01	1.113679e+01	1.061517e+01	1.014135e+01	9.713376e+00
9.330008e+00	8.990345e+00	8.693721e+00	8.439281e+00	8.226102e+00	8.052326e+00
7.913988e+00	7.808033e+00	7.734575e+00	7.689465e+00	7.656072e+00	7.581617e+00
7.362479e+00	7.132349e+00	6.714618e+00	6.031504e+00	4.196121e+00	3.098979e+00
1.513599e+00	1.239131e+00	1.000791e+00	9.736088e-01	9.520771e-01	9.507970e-01
1.269880e+01	1.216178e+01	1.170710e+01	1.138985e+01	1.114064e+01	1.062377e+01
1.015335e+01	9.727803e+00	9.346247e+00	9.008202e+00	8.713476e+00	8.461541e+00
8.251784e+00	8.082908e+00	7.951774e+00	7.855619e+00	7.793180e+00	7.756810e+00
7.730171e+00	7.674217e+00	7.502527e+00	7.308265e+00	6.929908e+00	6.290248e+00
4.487124e+00	3.328652e+00	1.606440e+00	1.296522e+00	1.010687e+00	9.748459e-01
9.514192e-01	9.499026e-01	1.265553e+01	1.214318e+01	1.170648e+01	1.139365e+01
1.114412e+01	1.063052e+01	1.016272e+01	9.739294e+00	9.359557e+00	9.023273e+00
8.730531e+00	8.481041e+00	8.274417e+00	8.109679e+00	7.984170e+00	7.895370e+00
7.841684e+00	7.814355e+00	7.797917e+00	7.761740e+00	7.631971e+00	7.469783e+00
7.130589e+00	6.536458e+00	4.780744e+00	3.575858e+00	1.709695e+00	1.359886e+00
1.022284e+00	9.770432e-01	9.513589e-01	9.490793e-01	1.261719e+01	1.212812e+01
1.170725e+01	1.139850e+01	1.114742e+01	1.063579e+01	1.016993e+01	9.748314e+00
9.370318e+00	9.035824e+00	8.745039e+00	8.497853e+00	8.294032e+00	8.132674e+00
8.011190e+00	7.927233e+00	7.879883e+00	7.861633e+00	7.858856e+00	7.843649e+00
7.748898e+00	7.614097e+00	7.312851e+00	6.764398e+00	5.070673e+00	3.843381e+00
1.826911e+00	1.431397e+00	1.036912e+00	9.821709e-01	9.526653e-01	9.483409e-01
1.257752e+01	1.211117e+01	1.170682e+01	1.140147e+01	1.114858e+01	1.063786e+01
1.017267e+01	9.752124e+00	9.375657e+00	9.043154e+00	8.754831e+00	8.510329e+00
8.309020e+00	8.149951e+00	8.031398e+00	7.951754e+00	7.910560e+00	7.900887e+00
7.910861e+00	7.917435e+00	7.854820e+00	7.740273e+00	7.474138e+00	6.981416e+00
5.368239e+00	4.108985e+00	1.956471e+00	1.514660e+00	1.053691e+00	9.871428e-01
9.557036e-01	9.475345e-01	1.254258e+01	1.209802e+01	1.170671e+01	1.140508e+01
1.115026e+01	1.064020e+01	1.017533e+01	9.755619e+00	9.380531e+00	9.049894e+00
8.763821e+00	8.521687e+00	8.322594e+00	8.165622e+00	8.049760e+00	7.974017e+00
7.938256e+00	7.935904e+00	7.956608e+00	7.982123e+00	7.950386e+00	7.856723e+00
7.624147e+00	7.179340e+00	5.652882e+00	4.390335e+00	2.103399e+00	1.607205e+00
1.073605e+00	9.944395e-01	9.581068e-01	9.470984e-01	1.251912e+01	1.209285e+01
1.171432e+01	1.141560e+01	1.115938e+01	1.064981e+01	1.018532e+01	9.766364e+00
9.392377e+00	9.062800e+00	8.777393e+00	8.536077e+00	8.338817e+00	8.185013e+00
8.072720e+00	8.000396e+00	7.968355e+00	7.971063e+00	7.999423e+00	8.036749e+00
8.035812e+00	7.974285e+00	7.777195e+00	7.350626e+00	5.896732e+00	4.721835e+00
2.275732e+00	1.701398e+00	1.098125e+00	1.013312e+00	9.553936e-01	9.471826e-01
1.249312e+01	1.208212e+01	1.171362e+01	1.141760e+01	1.115988e+01	1.065142e+01
1.018774e+01	9.769781e+00	9.396899e+00	9.068549e+00	8.784466e+00	8.544619e+00
8.349003e+00	8.197130e+00	8.087097e+00	8.017617e+00	7.989319e+00	7.997324e+00
8.033519e+00	8.083300e+00	8.105433e+00	8.065002e+00	7.903932e+00	7.524481e+00
6.154306e+00	5.010017e+00	2.465108e+00	1.818937e+00	1.126936e+00	1.026068e+00
9.576133e-01	9.468414e-01	1.246881e+01	1.207090e+01	1.171219e+01	1.141799e+01
1.115973e+01	1.065173e+01	1.018896e+01	9.771874e+00	9.399914e+00	9.072586e+00
8.789690e+00	8.551190e+00	8.357042e+00	8.206794e+00	8.098683e+00	8.031688e+00
8.006732e+00	8.019428e+00	8.062560e+00	8.123576e+00	8.165916e+00	8.143935e+00
8.017128e+00	7.686940e+00	6.405507e+00	5.293629e+00	2.671530e+00	1.950719e+00
1.160031e+00	1.040348e+00	9.607432e-01	9.464140e-01	1.244777e+01	1.206124e+01
1.171020e+01	1.141783e+01	1.115855e+01	1.065158e+01	1.018969e+01	9.773388e+00
9.402206e+00	9.075714e+00	8.793821e+00	8.556469e+00	8.363596e+00	8.214753e+00
8.108312e+00	8.043451e+00	8.021351e+00	8.037963e+00	8.086871e+00	8.157419e+00
8.217432e+00	8.211985e+00	8.116368e+00	7.831417e+00	6.640546e+00	5.574288e+00
2.895330e+00	2.096761e+00	1.199327e+00	1.058921e+00	9.643617e-01	9.460440e-01
1.243078e+01	1.205430e+01	1.171052e+01	1.141897e+01	1.115916e+01	1.065264e+01
1.019164e+01	9.776034e+00	9.405448e+00	9.079585e+00	8.798465e+00	8.562057e+00
8.370232e+00	8.222577e+00	8.117543e+00	8.054508e+00	8.034820e+00	8.054727e+00
8.108499e+00	8.187202e+00	8.262437e+00	8.271277e+00	8.203616e+00	7.961348e+00
6.862515e+00	5.847889e+00	3.135476e+00	2.259700e+00	1.245806e+00	1.082085e+00
9.690460e-01	9.457281e-01	1.241609e+01	1.204881e+01	1.171132e+01	1.142151e+01
1.116061e+01	1.065500e+01	1.019458e+01	9.779424e+00	9.409237e+00	9.083828e+00
8.803321e+00	8.567710e+00	8.376791e+00	8.230183e+00	8.126402e+00	8.065001e+00
8.047465e+00	8.070302e+00	8.128410e+00	8.214468e+00	8.303474e+00	8.325264e+00
8.283431e+00	8.082092e+00	7.077073e+00	6.118993e+00	3.392347e+00	2.439221e+00
1.298830e+00	1.109349e+00	9.746260e-01	9.454879e-01	1.240448e+01	1.204576e+01
1.171308e+01	1.142480e+01	1.116294e+01	1.065797e+01	1.019814e+01	9.783413e+00
9.413594e+00	9.088573e+00	8.808585e+00	8.573622e+00	8.383474e+00	8.237765e+00
8.135104e+00	8.075136e+00	8.059485e+00	8.084862e+00	8.146746e+00	8.239294e+00
8.340407e+00	8.373523e+00	8.354321e+00	8.190869e+00	7.280528e+00	6.381659e+00
3.662119e+00	2.636038e+00	1.359454e+00	1.141310e+00	9.811095e-01	9.454944e-01
1.239533e+01	1.204394e+01	1.171660e+01	1.142927e+01	1.116671e+01	1.066191e+01
1.020243e+01	9.787965e+00	9.418404e+00	9.093641e+00	8.814022e+00	8.579511e+00
8.389966e+00	8.244986e+00	8.143286e+00	8.084523e+00	8.070462e+00	8.097966e+00
8.163038e+00	8.261152e+00	8.372627e+00	8.415381e+00	8.415499e+00	8.286265e+00
7.469164e+00	6.630900e+00	3.942660e+00	2.852109e+00	1.431008e+00	1.180683e+00
9.890896e-01	9.456494e-01	1.238471e+01	1.204076e+01	1.171793e+01	1.143188e+01
1.116856e+01	1.066416e+01	1.020497e+01	9.790840e+00	9.421607e+00	9.097201e+00
8.817952e+00	8.583650e+00	8.394560e+00	8.250321e+00	8.149878e+00	8.092257e+00
8.079685e+00	8.109227e+00	8.175342e+00	8.277688e+00	8.398718e+00	8.450418e+00
8.467163e+00	8.367912e+00	7.640415e+00	6.864140e+00	4.229192e+00	3.080681e+00
1.512662e+00	1.226914e+00	9.984291e-01	9.457179e-01	1.237420e+01	1.203704e+01
1.171873e+01	1.143385e+01	1.116987e+01	1.066585e+01	1.020689e+01	9.793061e+00
9.424136e+00	9.100070e+00	8.821154e+00	8.586992e+00	8.398285e+00	8.254723e+00
8.155478e+00	8.098886e+00	8.087652e+00	8.119045e+00	8.185740e+00	8.291736e+00
8.421426e+00	8.481233e+00	8.512778e+00	8.440965e+00	7.800825e+00	7.087450e+00
4.524446e+00	3.324111e+00	1.605029e+00	1.280428e+00	1.009136e+00	9.457644e-01
1.237177e+01	1.203638e+01	1.171984e+01	1.143425e+01	1.116973e+01	1.066553e+01
1.020661e+01	9.792992e+00	9.424352e+00	9.100604e+00	8.822004e+00	8.588828e+00
8.400661e+00	8.257198e+00	8.156872e+00	8.100101e+00	8.088934e+00	8.121504e+00
8.197286e+00	8.309452e+00	8.442317e+00	8.504855e+00	8.546899e+00	8.501613e+00
7.950141e+00	7.294513e+00	4.820567e+00	3.580591e+00	1.708022e+00	1.341294e+00
1.021099e+00	9.457423e-01	1.237529e+01	1.203984e+01	1.172151e+01	1.143347e+01
1.116582e+01	1.065925e+01	1.020014e+01	9.787646e+00	9.420771e+00	9.098973e+00
8.822025e+00	8.589614e+00	8.401941e+00	8.258301e+00	8.156499e+00	8.095871e+00
8.082257e+00	8.120791e+00	8.210831e+00	8.334242e+00	8.461325e+00	8.521536e+00
8.570129e+00	8.549270e+00	8.086370e+00	7.480503e+00	5.110964e+00	3.848774e+00
1.825033e+00	1.413249e+00	1.034998e+00	9.454241e-01	1.237457e+01	1.204039e+01
1.172358e+01	1.143460e+01	1.116615e+01	1.065914e+01	1.020011e+01	9.787867e+00
9.421388e+00	9.099999e+00	8.823425e+00	8.591789e+00	8.404524e+00	8.260881e+00
8.158115e+00	8.096904e+00	8.083062e+00	8.123157e+00	8.220396e+00	8.348529e+00
8.477216e+00	8.539590e+00	8.596449e+00	8.595651e+00	8.205140e+00	7.656601e+00
5.401483e+00	4.124412e+00	1.963386e+00	1.495600e+00	1.052026e+00	9.452505e-01
1.236943e+01	1.203955e+01	1.172476e+01	1.143662e+01	1.116786e+01	1.066094e+01
1.020209e+01	9.789922e+00	9.423572e+00	9.102387e+00	8.825995e+00	8.594322e+00
8.407224e+00	8.263918e+00	8.161937e+00	8.101284e+00	8.088211e+00	8.129431e+00
8.226734e+00	8.356731e+00	8.489820e+00	8.556907e+00	8.622791e+00	8.638062e+00
8.307662e+00	7.819323e+00	5.687292e+00	4.405317e+00	2.124596e+00	1.590792e+00
1.072560e+00	9.451640e-01	1.236258e+01	1.203589e+01	1.172367e+01	1.143612e+01
1.116714e+01	1.066055e+01	1.020183e+01	9.789879e+00	9.423677e+00	9.102650e+00
8.826422e+00	8.594925e+00	8.408013e+00	8.264970e+00	8.163371e+00	8.103219e+00
8.090768e+00	8.132678e+00	8.230192e+00	8.361661e+00	8.498974e+00	8.570223e+00
8.643423e+00	8.672287e+00	8.397057e+00	7.963953e+00	5.961926e+00	4.689954e+00
2.300993e+00	1.701450e+00	1.095814e+00	9.451132e-01	1.234604e+01	1.202746e+01
1.172180e+01	1.143801e+01	1.117101e+01	1.066642e+01	1.020788e+01	9.795292e+00
9.428192e+00	9.106194e+00	8.829169e+00	8.597126e+00	8.410066e+00	8.267690e+00
8.168540e+00	8.112763e+00	8.103927e+00	8.142625e+00	8.228233e+00	8.353436e+00
8.505020e+00	8.587220e+00	8.668737e+00	8.704780e+00	8.475842e+00	8.097495e+00
6.228960e+00	4.977831e+00	2.493937e+00	1.834676e+00	1.124638e+00	9.454149e-01
1.233771e+01	1.202361e+01	1.172120e+01	1.143923e+01	1.117296e+01	1.066978e+01
1.021168e+01	9.798915e+00	9.431191e+00	9.108438e+00	8.830909e+00	8.598662e+00
8.411682e+00	8.269853e+00	8.172185e+00	8.118734e+00	8.111775e+00	8.149048e+00
8.227747e+00	8.350273e+00	8.511075e+00	8.600322e+00	8.687745e+00	8.731708e+00
8.547564e+00	8.216119e+00	6.484498e+00	5.267572e+00	2.702405e+00	1.981449e+00
1.157894e+00	9.455494e-01	1.233598e+01	1.202305e+01	1.172152e+01	1.143950e+01
1.117309e+01	1.067028e+01	1.021249e+01	9.799835e+00	9.431950e+00	9.108985e+00
8.831398e+00	8.599281e+00	8.412572e+00	8.271063e+00	8.173682e+00	8.120460e+00
8.113747e+00	8.151343e+00	8.231496e+00	8.355268e+00	8.517817e+00	8.608725e+00
8.699583e+00	8.752625e+00	8.612416e+00	8.318193e+00	6.724133e+00	5.555753e+00
2.926619e+00	2.139939e+00	1.196542e+00	9.455420e-01	