1.488172e+00	1.512897e+00	1.537757e+00	1.562802e+00	1.588014e+00	1.638716e+00
1.689754e+00	1.741277e+00	1.793228e+00	1.846008e+00	1.900052e+00	1.955624e+00
2.013026e+00	2.072663e+00	2.135718e+00	2.202897e+00	2.273188e+00	2.343516e+00
2.411099e+00	2.477730e+00	2.544537e+00	2.575852e+00	2.603211e+00	2.620973e+00
2.639877e+00	2.644000e+00	2.646942e+00	2.647316e+00	2.647611e+00	2.647538e+00
2.647643e+00	2.647878e+00	1.592179e+00	1.617852e+00	1.643605e+00	1.669451e+00
1.695380e+00	1.747297e+00	1.799227e+00	1.851310e+00	1.903500e+00	1.956236e+00
2.010014e+00	2.065105e+00	2.121808e+00	2.180531e+00	2.242478e+00	2.308366e+00
2.377167e+00	2.445804e+00	2.511522e+00	2.576151e+00	2.640887e+00	2.671202e+00
2.697631e+00	2.714726e+00	2.732892e+00	2.736844e+00	2.739658e+00	2.740015e+00
2.740297e+00	2.740226e+00	2.740328e+00	2.740554e+00	1.703455e+00	1.730087e+00
1.756739e+00	1.783379e+00	1.810005e+00	1.863072e+00	1.915791e+00	1.968296e+00
2.020553e+00	2.073046e+00	2.126340e+00	2.180715e+00	2.236468e+00	2.294013e+00
2.354574e+00	2.418885e+00	2.485902e+00	2.552556e+00	2.616127e+00	2.678481e+00
2.740885e+00	2.770082e+00	2.795475e+00	2.811833e+00	2.829185e+00	2.832949e+00
2.835622e+00	2.835960e+00	2.836228e+00	2.836160e+00	2.836258e+00	2.836474e+00
1.822509e+00	1.850109e+00	1.877660e+00	1.905082e+00	1.932380e+00	1.986518e+00
2.039907e+00	2.092674e+00	2.144804e+00	2.196830e+00	2.249398e+00	2.302797e+00
2.357325e+00	2.413401e+00	2.472274e+00	2.534696e+00	2.599611e+00	2.663968e+00
2.725089e+00	2.784877e+00	2.844670e+00	2.872621e+00	2.896868e+00	2.912413e+00
2.928870e+00	2.932428e+00	2.934947e+00	2.935265e+00	2.935517e+00	2.935452e+00
2.935546e+00	2.935751e+00	1.949883e+00	1.978456e+00	2.006904e+00	2.035089e+00
2.063028e+00	2.118143e+00	2.172065e+00	2.224912e+00	2.276695e+00	2.328006e+00
2.379578e+00	2.431713e+00	2.484713e+00	2.539003e+00	2.595858e+00	2.656051e+00
2.718522e+00	2.780243e+00	2.838589e+00	2.895498e+00	2.952385e+00	2.978956e+00
3.001939e+00	3.016591e+00	3.032068e+00	3.035400e+00	3.037750e+00	3.038047e+00
3.038283e+00	3.038220e+00	3.038309e+00	3.038503e+00	2.086159e+00	2.115708e+00
2.145045e+00	2.173969e+00	2.202510e+00	2.258490e+00	2.312784e+00	2.365506e+00
2.416697e+00	2.467015e+00	2.517292e+00	2.567847e+00	2.618985e+00	2.671141e+00
2.725619e+00	2.783216e+00	2.842871e+00	2.901593e+00	2.956817e+00	3.010513e+00
3.064178e+00	3.089228e+00	3.110820e+00	3.124495e+00	3.138902e+00	3.141989e+00
3.144155e+00	3.144428e+00	3.144645e+00	3.144586e+00	3.144670e+00	3.144852e+00
2.231959e+00	2.262481e+00	2.292694e+00	2.322326e+00	2.351422e+00	2.408136e+00
2.462620e+00	2.514985e+00	2.565308e+00	2.614324e+00	2.662975e+00	2.711601e+00
2.760513e+00	2.810156e+00	2.861867e+00	2.916470e+00	2.972908e+00	3.028239e+00
3.079968e+00	3.130098e+00	3.180205e+00	3.203581e+00	3.223651e+00	3.236260e+00
3.249500e+00	3.252320e+00	3.254287e+00	3.254534e+00	3.254731e+00	3.254676e+00
3.254754e+00	3.254922e+00	2.387949e+00	2.419437e+00	2.450507e+00	2.480808e+00
2.510402e+00	2.567698e+00	2.622163e+00	2.673909e+00	2.723058e+00	2.770429e+00
2.817090e+00	2.863404e+00	2.909688e+00	2.956406e+00	3.004925e+00	3.056103e+00
3.108893e+00	3.160413e+00	3.208249e+00	3.254432e+00	3.300625e+00	3.322168e+00
3.340575e+00	3.352022e+00	3.363995e+00	3.366526e+00	3.368277e+00	3.368495e+00
3.368671e+00	3.368620e+00	3.368692e+00	3.368845e+00	2.554841e+00	2.587281e+00
2.619181e+00	2.650105e+00	2.680131e+00	2.737832e+00	2.792042e+00	2.842875e+00
2.890508e+00	2.935856e+00	2.980124e+00	3.023704e+00	3.066925e+00	3.110267e+00
3.155135e+00	3.202422e+00	3.251099e+00	3.298356e+00	3.341873e+00	3.383705e+00
3.425604e+00	3.445144e+00	3.461739e+00	3.471925e+00	3.482524e+00	3.484742e+00
3.486259e+00	3.486447e+00	3.486600e+00	3.486554e+00	3.486618e+00	3.486755e+00
2.733397e+00	2.766769e+00	2.799467e+00	2.830955e+00	2.861335e+00	2.919239e+00
2.972927e+00	3.022519e+00	3.068255e+00	3.111160e+00	3.152594e+00	3.192979e+00
3.232659e+00	3.272136e+00	3.312853e+00	3.355747e+00	3.399809e+00	3.442320e+00
3.481062e+00	3.518113e+00	3.555316e+00	3.572672e+00	3.587297e+00	3.596117e+00
3.605229e+00	3.607109e+00	3.608375e+00	3.608529e+00	3.608657e+00	3.608616e+00
3.608673e+00	3.608792e+00	2.924433e+00	2.958708e+00	2.992162e+00	3.024146e+00
3.054791e+00	3.112666e+00	3.165531e+00	3.213515e+00	3.256933e+00	3.296932e+00
3.335044e+00	3.371730e+00	3.407350e+00	3.442429e+00	3.478456e+00	3.516412e+00
3.555321e+00	3.592568e+00	3.626049e+00	3.657861e+00	3.689940e+00	3.704921e+00
3.717410e+00	3.724751e+00	3.732258e+00	3.733773e+00	3.734767e+00	3.734886e+00
3.734987e+00	3.734951e+00	3.735000e+00	3.735101e+00	3.128819e+00	3.163963e+00
3.198120e+00	3.230522e+00	3.261326e+00	3.318910e+00	3.370613e+00	3.416580e+00
3.457213e+00	3.493796e+00	3.528054e+00	3.560488e+00	3.591480e+00	3.621584e+00
3.652336e+00	3.684769e+00	3.717947e+00	3.749373e+00	3.777074e+00	3.803159e+00
3.829661e+00	3.842065e+00	3.852242e+00	3.857987e+00	3.863763e+00	3.864885e+00
3.865587e+00	3.865668e+00	3.865739e+00	3.865709e+00	3.865749e+00	3.865830e+00
3.347490e+00	3.383457e+00	3.418255e+00	3.450981e+00	3.481824e+00	3.538818e+00
3.588981e+00	3.632476e+00	3.669808e+00	3.702416e+00	3.732234e+00	3.759813e+00
3.785560e+00	3.810064e+00	3.834908e+00	3.861187e+00	3.888011e+00	3.913023e+00
3.934390e+00	3.954229e+00	3.974673e+00	3.984286e+00	3.991965e+00	3.995988e+00
3.999901e+00	4.000601e+00	4.000989e+00	4.001029e+00	4.001069e+00	4.001045e+00
4.001076e+00	4.001135e+00	3.581444e+00	3.618178e+00	3.653543e+00	3.686485e+00
3.717231e+00	3.773298e+00	3.821497e+00	3.862016e+00	3.895478e+00	3.923493e+00
3.948230e+00	3.970297e+00	3.990129e+00	4.008352e+00	4.026607e+00	4.046051e+00
4.065855e+00	4.083815e+00	4.098257e+00	4.111299e+00	4.125176e+00	4.131772e+00
4.136755e+00	4.138926e+00	4.140836e+00	4.141082e+00	4.141133e+00	4.141130e+00
4.141136e+00	4.141119e+00	4.141140e+00	4.141175e+00	3.831749e+00	3.869182e+00
3.905026e+00	3.938060e+00	3.968554e+00	4.023315e+00	4.069076e+00	4.106060e+00
4.135024e+00	4.157770e+00	4.176727e+00	4.192564e+00	4.205752e+00	4.216960e+00
4.227888e+00	4.239766e+00	4.251833e+00	4.262062e+00	4.268950e+00	4.274609e+00
4.281378e+00	4.284717e+00	4.286797e+00	4.286977e+00	4.286737e+00	4.286497e+00
4.286187e+00	4.286137e+00	4.286107e+00	4.286097e+00	4.286107e+00	4.286117e+00
4.102850e+00	4.140767e+00	4.176872e+00	4.209774e+00	4.239787e+00	4.292786e+00
4.335656e+00	4.368645e+00	4.392639e+00	4.409606e+00	4.422204e+00	4.431151e+00
4.436957e+00	4.440330e+00	4.443049e+00	4.446427e+00	4.449796e+00	4.451359e+00
4.449831e+00	4.447298e+00	4.446200e+00	4.445956e+00	4.444891e+00	4.442952e+00
4.440366e+00	4.439598e+00	4.438899e+00	4.438797e+00	4.438728e+00	4.438729e+00
4.438725e+00	4.438705e+00	4.390551e+00	4.428941e+00	4.465259e+00	4.497917e+00
4.527281e+00	4.578056e+00	4.617398e+00	4.645599e+00	4.663715e+00	4.673933e+00
4.679205e+00	4.680325e+00	4.677846e+00	4.672531e+00	4.666230e+00	4.660351e+00
4.654319e+00	4.646571e+00	4.636033e+00	4.624767e+00	4.615316e+00	4.611269e+00
4.606840e+00	4.602614e+00	4.597545e+00	4.596217e+00	4.595103e+00	4.594947e+00
4.594838e+00	4.594848e+00	4.594831e+00	4.594780e+00	4.682027e+00	4.721321e+00
4.758216e+00	4.790869e+00	4.819708e+00	4.868165e+00	4.903292e+00	4.925352e+00
4.935719e+00	4.937146e+00	4.933284e+00	4.925121e+00	4.913239e+00	4.898491e+00
4.882768e+00	4.867564e+00	4.852335e+00	4.835537e+00	4.816142e+00	4.796294e+00
4.778767e+00	4.771019e+00	4.763101e+00	4.756320e+00	4.748803e+00	4.746920e+00
4.745379e+00	4.745174e+00	4.745020e+00	4.745023e+00	4.745005e+00	4.744940e+00
4.974763e+00	5.015678e+00	5.053718e+00	5.086662e+00	5.115033e+00	5.160730e+00
5.190515e+00	5.204826e+00	5.205536e+00	5.196229e+00	5.181540e+00	5.162747e+00
5.140464e+00	5.115669e+00	5.090212e+00	5.065635e+00	5.041392e+00	5.015843e+00
4.987914e+00	4.959838e+00	4.934600e+00	4.923257e+00	4.911771e+00	4.902249e+00
4.892335e+00	4.889899e+00	4.887924e+00	4.887674e+00	4.887473e+00	4.887457e+00
4.887446e+00	4.887385e+00	5.267882e+00	5.313179e+00	5.354263e+00	5.387935e+00
5.415042e+00	5.454224e+00	5.474020e+00	5.477631e+00	5.467440e+00	5.447035e+00
5.421020e+00	5.390871e+00	5.357578e+00	5.322370e+00	5.286642e+00	5.251711e+00
5.217339e+00	5.182627e+00	5.147016e+00	5.111879e+00	5.079167e+00	5.063965e+00
5.048880e+00	5.036849e+00	5.024524e+00	5.021487e+00	5.019073e+00	5.018771e+00
5.018534e+00	5.018503e+00	5.018491e+00	5.018439e+00	5.564856e+00	5.616313e+00
5.661663e+00	5.696295e+00	5.721528e+00	5.751527e+00	5.758067e+00	5.748727e+00
5.726376e+00	5.694133e+00	5.656046e+00	5.613752e+00	5.568805e+00	5.522742e+00
5.476277e+00	5.430365e+00	5.385236e+00	5.341121e+00	5.298209e+00	5.256563e+00
5.216501e+00	5.197318e+00	5.178607e+00	5.164156e+00	5.149409e+00	5.145742e+00
5.142886e+00	5.142527e+00	5.142261e+00	5.142216e+00	5.142198e+00	5.142161e+00
5.866043e+00	5.922154e+00	5.970449e+00	6.005052e+00	6.027714e+00	6.047639e+00
6.040027e+00	6.016004e+00	5.979090e+00	5.932471e+00	5.880276e+00	5.824361e+00
5.766600e+00	5.708743e+00	5.651026e+00	5.594175e+00	5.538700e+00	5.485398e+00
5.434808e+00	5.386253e+00	5.339112e+00	5.316293e+00	5.294137e+00	5.277203e+00
5.260017e+00	5.255735e+00	5.252414e+00	5.251994e+00	5.251692e+00	5.251641e+00
5.251621e+00	5.251593e+00	6.167525e+00	6.226007e+00	6.275336e+00	6.308632e+00
6.327992e+00	6.337308e+00	6.315138e+00	6.274840e+00	6.220871e+00	6.157237e+00
6.088989e+00	6.018214e+00	5.946773e+00	5.876495e+00	5.807373e+00	5.740044e+00
5.675055e+00	5.613130e+00	5.554720e+00	5.499073e+00	5.445369e+00	5.419390e+00
5.394089e+00	5.374691e+00	5.355147e+00	5.350286e+00	5.346498e+00	5.346015e+00
5.345675e+00	5.345627e+00	5.345608e+00	5.345583e+00	6.469566e+00	6.529605e+00
6.579039e+00	6.609894e+00	6.624675e+00	6.620659e+00	6.581227e+00	6.522274e+00
6.449243e+00	6.366957e+00	6.281330e+00	6.194653e+00	6.108750e+00	6.025462e+00
5.944514e+00	5.866413e+00	5.791721e+00	5.721023e+00	5.654675e+00	5.591907e+00
5.531814e+00	5.502846e+00	5.474568e+00	5.452834e+00	5.430957e+00	5.425528e+00
5.421280e+00	5.420735e+00	5.420344e+00	5.420284e+00	5.420259e+00	5.420255e+00
6.770560e+00	6.831104e+00	6.879475e+00	6.906527e+00	6.915234e+00	6.894812e+00
6.835243e+00	6.755283e+00	6.661366e+00	6.559046e+00	6.454964e+00	6.351565e+00
6.250632e+00	6.153919e+00	6.060900e+00	5.971875e+00	5.887399e+00	5.807881e+00
5.733563e+00	5.663748e+00	5.597536e+00	5.565763e+00	5.534736e+00	5.510862e+00
5.486778e+00	5.480787e+00	5.476100e+00	5.475499e+00	5.475065e+00	5.474997e+00
5.474968e+00	5.474974e+00	7.069903e+00	7.129408e+00	7.175099e+00	7.196618e+00
7.197463e+00	7.157188e+00	7.074404e+00	6.970931e+00	6.854192e+00	6.730439e+00
6.606962e+00	6.486237e+00	6.369847e+00	6.259240e+00	6.153794e+00	6.053585e+00
5.959139e+00	5.870555e+00	5.787951e+00	5.710777e+00	5.638293e+00	5.603792e+00
5.570124e+00	5.544116e+00	5.517740e+00	5.511164e+00	5.506009e+00	5.505347e+00
5.504875e+00	5.504815e+00	5.504781e+00	5.504772e+00	7.366152e+00	7.423008e+00
7.464388e+00	7.478707e+00	7.470047e+00	7.406785e+00	7.297735e+00	7.167760e+00
7.025616e+00	6.878740e+00	6.735593e+00	6.598220e+00	6.466988e+00	6.342498e+00
6.224556e+00	6.113536e+00	6.010357e+00	5.910918e+00	5.818051e+00	5.731554e+00
5.651280e+00	5.613955e+00	5.577511e+00	5.549093e+00	5.520101e+00	5.513005e+00
5.507344e+00	5.506600e+00	5.506055e+00	5.505995e+00	5.505930e+00	5.505929e+00
7.661383e+00	7.713515e+00	7.748443e+00	7.753330e+00	7.732925e+00	7.642561e+00
7.503987e+00	7.345390e+00	7.176644e+00	7.005929e+00	6.842269e+00	6.687207e+00
6.540230e+00	6.400143e+00	6.267183e+00	6.142272e+00	6.025503e+00	5.920545e+00
5.823495e+00	5.733270e+00	5.650081e+00	5.611703e+00	5.574275e+00	5.545071e+00
5.515269e+00	5.508004e+00	5.502190e+00	5.501424e+00	5.500859e+00	5.500798e+00
5.500728e+00	5.500727e+00	7.951773e+00	7.996478e+00	8.022226e+00	8.014937e+00
7.980130e+00	7.858081e+00	7.686777e+00	7.497934e+00	7.302082e+00	7.107450e+00
6.922877e+00	6.749353e+00	6.585707e+00	6.431242e+00	6.286395e+00	6.151377e+00
6.026319e+00	5.910079e+00	5.801809e+00	5.701998e+00	5.611737e+00	5.570470e+00
5.530434e+00	5.499337e+00	5.467570e+00	5.459800e+00	5.453571e+00	5.452761e+00
5.452161e+00	5.452091e+00	5.452021e+00	5.452011e+00	8.222366e+00	8.263562e+00
8.284622e+00	8.268630e+00	8.221286e+00	8.066631e+00	7.856432e+00	7.631032e+00
7.402927e+00	7.180849e+00	6.973920e+00	6.781320e+00	6.594746e+00	6.426520e+00
6.273888e+00	6.131921e+00	6.000705e+00	5.873267e+00	5.753997e+00	5.644912e+00
5.547762e+00	5.503216e+00	5.459711e+00	5.426022e+00	5.394453e+00	5.387365e+00
5.380214e+00	5.379067e+00	5.378532e+00	5.378526e+00	5.378310e+00	5.378392e+00
8.501482e+00	8.532629e+00	8.542080e+00	8.511226e+00	8.446510e+00	8.253965e+00
8.004945e+00	7.744950e+00	7.487162e+00	7.240045e+00	7.012356e+00	6.802216e+00
6.599753e+00	6.414601e+00	6.244608e+00	6.087426e+00	5.942715e+00	5.806455e+00
5.677911e+00	5.560395e+00	5.456741e+00	5.409167e+00	5.362887e+00	5.327440e+00
5.295239e+00	5.288150e+00	5.280669e+00	5.279413e+00	5.278887e+00	5.278888e+00
5.278640e+00	5.278742e+00	8.868726e+00	8.841981e+00	8.795165e+00	8.715853e+00
8.611925e+00	8.366029e+00	8.090127e+00	7.812876e+00	7.542418e+00	7.282333e+00
7.035379e+00	6.804199e+00	6.595088e+00	6.393141e+00	6.204196e+00	6.029728e+00
5.869082e+00	5.719807e+00	5.580680e+00	5.454568e+00	5.344900e+00	5.296969e+00
5.254065e+00	5.222575e+00	5.179360e+00	5.164781e+00	5.161559e+00	5.162259e+00
5.161160e+00	5.160646e+00	5.161399e+00	5.160844e+00	9.318882e+00	9.180336e+00
9.037817e+00	8.888505e+00	8.736339e+00	8.437070e+00	8.142042e+00	7.855095e+00
7.578184e+00	7.310206e+00	7.048722e+00	6.798792e+00	6.565424e+00	6.342752e+00
6.133610e+00	5.937676e+00	5.756210e+00	5.590562e+00	5.441833e+00	5.308747e+00
5.194549e+00	5.150145e+00	5.118846e+00	5.098393e+00	5.030642e+00	4.998153e+00
5.005980e+00	5.011510e+00	5.009018e+00	5.007265e+00	5.010435e+00	5.008305e+00
9.624392e+00	9.437617e+00	9.251326e+00	9.064983e+00	8.882311e+00	8.538751e+00
8.216720e+00	7.908677e+00	7.599608e+00	7.307241e+00	7.035268e+00	6.770008e+00
6.510086e+00	6.265106e+00	6.036193e+00	5.822323e+00	5.625362e+00	5.448110e+00
5.292039e+00	5.152769e+00	5.032159e+00	4.986130e+00	4.955780e+00	4.936478e+00
4.855165e+00	4.815853e+00	4.829772e+00	4.837451e+00	4.834106e+00	4.831761e+00
4.835875e+00	4.833235e+00	9.871937e+00	9.658181e+00	9.449051e+00	9.242317e+00
9.040417e+00	8.660326e+00	8.303084e+00	7.963200e+00	7.615470e+00	7.292012e+00
6.989001e+00	6.696883e+00	6.417578e+00	6.154821e+00	5.910610e+00	5.684145e+00
5.477013e+00	5.291960e+00	5.129962e+00	4.984782e+00	4.856196e+00	4.804688e+00
4.766847e+00	4.740122e+00	4.655843e+00	4.618301e+00	4.634317e+00	4.642000e+00
4.638287e+00	4.635880e+00	4.639770e+00	4.637452e+00	1.003884e+01	9.846505e+00
9.644905e+00	9.431277e+00	9.213250e+00	8.787738e+00	8.374690e+00	7.977235e+00
7.613440e+00	7.262677e+00	6.926547e+00	6.611223e+00	6.316373e+00	6.039584e+00
5.783543e+00	5.547975e+00	5.332793e+00	5.138211e+00	4.963969e+00	4.806585e+00
4.665748e+00	4.605799e+00	4.557137e+00	4.522194e+00	4.445805e+00	4.415335e+00
4.427374e+00	4.433258e+00	4.430014e+00	4.428065e+00	4.431018e+00	4.429362e+00
1.013515e+01	9.997586e+00	9.838845e+00	9.640028e+00	9.412676e+00	8.928283e+00
8.435043e+00	7.966668e+00	7.550742e+00	7.168237e+00	6.817714e+00	6.497015e+00
6.198605e+00	5.915660e+00	5.653769e+00	5.414459e+00	5.194235e+00	4.987555e+00
4.791279e+00	4.611074e+00	4.450207e+00	4.375958e+00	4.309255e+00	4.263695e+00
4.216318e+00	4.202361e+00	4.200010e+00	4.200757e+00	4.199500e+00	4.198962e+00
4.199633e+00	4.199307e+00	1.029426e+01	1.017068e+01	1.001418e+01	9.805136e+00
9.551142e+00	9.000420e+00	8.443433e+00	7.944218e+00	7.487855e+00	7.080981e+00
6.715453e+00	6.384032e+00	6.076373e+00	5.783223e+00	5.511132e+00	5.262917e+00
5.033130e+00	4.813850e+00	4.600838e+00	4.403379e+00	4.226435e+00	4.143119e+00
4.066543e+00	4.015174e+00	3.977632e+00	3.970033e+00	3.962012e+00	3.960783e+00
3.960295e+00	3.960305e+00	3.960076e+00	3.960257e+00	1.056389e+01	1.037187e+01
1.015240e+01	9.888293e+00	9.602777e+00	9.017327e+00	8.439291e+00	7.909008e+00
7.434963e+00	7.008155e+00	6.622178e+00	6.270976e+00	5.946415e+00	5.639333e+00
5.353732e+00	5.091958e+00	4.848684e+00	4.618358e+00	4.397357e+00	4.188989e+00
3.995600e+00	3.905180e+00	3.824399e+00	3.771716e+00	3.729703e+00	3.720745e+00
3.713785e+00	3.712953e+00	3.712326e+00	3.712210e+00	3.712192e+00	3.712206e+00
1.092272e+01	1.058437e+01	1.024444e+01	9.903761e+00	9.575444e+00	8.966790e+00
8.400344e+00	7.878489e+00	7.394961e+00	6.945949e+00	6.530816e+00	6.150073e+00
5.802807e+00	5.482307e+00	5.185350e+00	4.910889e+00	4.655353e+00	4.418124e+00
4.196432e+00	3.979652e+00	3.762008e+00	3.659518e+00	3.573062e+00	3.521121e+00
3.476002e+00	3.467695e+00	3.460025e+00	3.459059e+00	3.458499e+00	3.458348e+00
3.458462e+00	3.458323e+00	1.110986e+01	1.073597e+01	1.036130e+01	9.987611e+00
9.631789e+00	8.975619e+00	8.369821e+00	7.816885e+00	7.307579e+00	6.836787e+00
6.403948e+00	6.010412e+00	5.652915e+00	5.323975e+00	5.018442e+00	4.734999e+00
4.469732e+00	4.221420e+00	3.987124e+00	3.756286e+00	3.523758e+00	3.414290e+00
3.322587e+00	3.267961e+00	3.219692e+00	3.210474e+00	3.202594e+00	3.201655e+00
3.201048e+00	3.200901e+00	3.200975e+00	3.200813e+00	1.127349e+01	1.087022e+01
1.046850e+01	1.007135e+01	9.686972e+00	8.977579e+00	8.331243e+00	7.741870e+00
7.204697e+00	6.713703e+00	6.266267e+00	5.863109e+00	5.497804e+00	5.161873e+00
4.849016e+00	4.557753e+00	4.284104e+00	4.025420e+00	3.778461e+00	3.534162e+00
3.288835e+00	3.173229e+00	3.076191e+00	3.017927e+00	2.965896e+00	2.955631e+00
2.947365e+00	2.946414e+00	2.945745e+00	2.945609e+00	2.945618e+00	2.945457e+00
1.142957e+01	1.099049e+01	1.055472e+01	1.012645e+01	9.714393e+00	8.958001e+00
8.273887e+00	7.654280e+00	7.092755e+00	6.583311e+00	6.122007e+00	5.709082e+00
5.336293e+00	4.994046e+00	4.674588e+00	4.375709e+00	4.094377e+00	3.826710e+00
3.569377e+00	3.313745e+00	3.056632e+00	2.934943e+00	2.831832e+00	2.768587e+00
2.711774e+00	2.700489e+00	2.691446e+00	2.690395e+00	2.689655e+00	2.689525e+00
2.689475e+00	2.689325e+00	1.157201e+01	1.109173e+01	1.061756e+01	1.015666e+01
9.711215e+00	8.917496e+00	8.196960e+00	7.550934e+00	6.969367e+00	6.445793e+00
5.975211e+00	5.555097e+00	5.176232e+00	4.827883e+00	4.500797e+00	4.191808e+00
3.900303e+00	3.622541e+00	3.356227e+00	3.093377e+00	2.830580e+00	2.705027e+00
2.594420e+00	2.522456e+00	2.460813e+00	2.448165e+00	2.438184e+00	2.437036e+00
2.436159e+00	2.436021e+00	2.435939e+00	2.435825e+00	1.170996e+01	1.118518e+01
1.067075e+01	1.017726e+01	9.703235e+00	8.857447e+00	8.106013e+00	7.437431e+00
6.839305e+00	6.304564e+00	5.827256e+00	5.401371e+00	5.017179e+00	4.663055e+00
4.328498e+00	4.009445e+00	3.708029e+00	3.421315e+00	3.148031e+00	2.880624e+00
2.614949e+00	2.486594e+00	2.368689e+00	2.287539e+00	2.221282e+00	2.207227e+00
2.196241e+00	2.194988e+00	2.193962e+00	2.193810e+00	2.193712e+00	2.193643e+00
1.185374e+01	1.127774e+01	1.071677e+01	1.018262e+01	9.687154e+00	8.790197e+00
8.006583e+00	7.316625e+00	6.704399e+00	6.160180e+00	5.676718e+00	5.245231e+00
4.855307e+00	4.495347e+00	4.154453e+00	3.828156e+00	3.520169e+00	3.228524e+00
2.951216e+00	2.680369e+00	2.410725e+00	2.278873e+00	2.154403e+00	2.065718e+00
1.994683e+00	1.979272e+00	1.967104e+00	1.965715e+00	1.964560e+00	1.964385e+00
1.964290e+00	1.964263e+00	1.200255e+01	1.136849e+01	1.075640e+01	1.018421e+01
9.653981e+00	8.710991e+00	7.896336e+00	7.187443e+00	6.564530e+00	6.013192e+00
5.524513e+00	5.087722e+00	4.691728e+00	4.325823e+00	3.979542e+00	3.648398e+00
3.336533e+00	3.043249e+00	2.764434e+00	2.491291e+00	2.217180e+00	2.081448e+00
1.951013e+00	1.855931e+00	1.779669e+00	1.762817e+00	1.749253e+00	1.747692e+00
1.746412e+00	1.746207e+00	1.746128e+00	1.746142e+00	1.215560e+01	1.146333e+01
1.080033e+01	1.018937e+01	9.629974e+00	8.640416e+00	7.794611e+00	7.066294e+00
6.433669e+00	5.876850e+00	5.383168e+00	4.941264e+00	4.539857e+00	4.168727e+00
3.817656e+00	3.482028e+00	3.165930e+00	2.870891e+00	2.591328e+00	2.316966e+00
2.040097e+00	1.901945e+00	1.767704e+00	1.668033e+00	1.586087e+00	1.567528e+00
1.552544e+00	1.550828e+00	1.549393e+00	1.549161e+00	1.549080e+00	1.549114e+00
1.231355e+01	1.156164e+01	1.084716e+01	1.019982e+01	9.609792e+00	8.575497e+00
7.699439e+00	6.951978e+00	6.310351e+00	5.748957e+00	5.250458e+00	4.803598e+00
4.397142e+00	4.021226e+00	3.665937e+00	3.326544e+00	3.006696e+00	2.710331e+00
2.430777e+00	2.156134e+00	1.877932e+00	1.738468e+00	1.602029e+00	1.499240e+00
1.411986e+00	1.391783e+00	1.375509e+00	1.373650e+00	1.372064e+00	1.371812e+00
1.371719e+00	1.371762e+00	1.248613e+01	1.166979e+01	1.090103e+01	1.021526e+01
9.605358e+00	8.535266e+00	7.633171e+00	6.867062e+00	6.213610e+00	5.644825e+00
5.139675e+00	4.686256e+00	4.273213e+00	3.891101e+00	3.531306e+00	3.189366e+00
2.867552e+00	2.569593e+00	2.289193e+00	2.013911e+00	1.735471e+00	1.595476e+00
1.457812e+00	1.352642e+00	1.259908e+00	1.238160e+00	1.220678e+00	1.218564e+00
1.216860e+00	1.216619e+00	1.216476e+00	1.216515e+00	1.267992e+01	1.179233e+01
1.096616e+01	1.024642e+01	9.615611e+00	8.510918e+00	7.587228e+00	6.805805e+00
6.139817e+00	5.562058e+00	5.049163e+00	4.588095e+00	4.167203e+00	3.777544e+00
3.412943e+00	3.069686e+00	2.747663e+00	2.447801e+00	2.165561e+00	1.889003e+00
1.611100e+00	1.471139e+00	1.332978e+00	1.225951e+00	1.127347e+00	1.104099e+00
1.085445e+00	1.082955e+00	1.081160e+00	1.080963e+00	1.080728e+00	1.080757e+00
1.289777e+01	1.193733e+01	1.105257e+01	1.029763e+01	9.643563e+00	8.513647e+00
7.578373e+00	6.776297e+00	6.096192e+00	5.507417e+00	4.985289e+00	4.515465e+00
4.086368e+00	3.689519e+00	3.319821e+00	2.973713e+00	2.649615e+00	2.346655e+00
2.062184e+00	1.784741e+00	1.506900e+00	1.366734e+00	1.227452e+00	1.117969e+00
1.013796e+00	9.888639e-01	9.689318e-01	9.661930e-01	9.642845e-01	9.640886e-01
9.638186e-01	9.637791e-01	1.313753e+01	1.211298e+01	1.117569e+01	1.038880e+01
9.714656e+00	8.541561e+00	7.578376e+00	6.765911e+00	6.075371e+00	5.479777e+00
4.950113e+00	4.471630e+00	4.034373e+00	3.630533e+00	3.254530e+00	2.902625e+00
2.573194e+00	2.265627e+00	1.978896e+00	1.701232e+00	1.422419e+00	1.281413e+00
1.140170e+00	1.027570e+00	9.179241e-01	8.911083e-01	8.697241e-01	8.669004e-01
8.648193e-01	8.645885e-01	8.643186e-01	8.641922e-01	1.338637e+01	1.232106e+01
1.134913e+01	1.053643e+01	9.838190e+00	8.606662e+00	7.599350e+00	6.765468e+00
6.070450e+00	5.473603e+00	4.940599e+00	4.456677e+00	4.013802e+00	3.604873e+00
3.222330e+00	2.861542e+00	2.523331e+00	2.209169e+00	1.919049e+00	1.640713e+00
1.359218e+00	1.216298e+00	1.071956e+00	9.553827e-01	8.397700e-01	8.108297e-01
7.877216e-01	7.849427e-01	7.826062e-01	7.823222e-01	7.820497e-01	7.818823e-01
1.365835e+01	1.253389e+01	1.151555e+01	1.067735e+01	9.963837e+00	8.697653e+00
7.666021e+00	6.818600e+00	6.114034e+00	5.508046e+00	4.966153e+00	4.473956e+00
4.023662e+00	3.608437e+00	3.219768e+00	2.851289e+00	2.505786e+00	2.183491e+00
1.883524e+00	1.597986e+00	1.313575e+00	1.168942e+00	1.021282e+00	9.002251e-01
7.777393e-01	7.466417e-01	7.217620e-01	7.187693e-01	7.162457e-01	7.159396e-01
7.156383e-01	7.154954e-01	1.393909e+01	1.275699e+01	1.169410e+01	1.083277e+01
1.010675e+01	8.811817e+00	7.761624e+00	6.903151e+00	6.186084e+00	5.567841e+00
5.013860e+00	4.510061e+00	4.048652e+00	3.622678e+00	3.225858e+00	2.854641e+00
2.506252e+00	2.180518e+00	1.876158e+00	1.586939e+00	1.294762e+00	1.144732e+00
9.901954e-01	8.619874e-01	7.308360e-01	6.970978e-01	6.700811e-01	6.668062e-01
6.640557e-01	6.637261e-01	6.633968e-01	6.633366e-01	1.422309e+01	1.299171e+01
1.189137e+01	1.101168e+01	1.027626e+01	8.957572e+00	7.890923e+00	7.020334e+00
6.292566e+00	5.663719e+00	5.099975e+00	4.587719e+00	4.119192e+00	3.687086e+00
3.283953e+00	2.904626e+00	2.547435e+00	2.211146e+00	1.893599e+00	1.590238e+00
1.290231e+00	1.135937e+00	9.754469e-01	8.403449e-01	6.982552e-01	6.613136e-01
6.317203e-01	6.281163e-01	6.250829e-01	6.247225e-01	6.243681e-01	6.244131e-01
1.450309e+01	1.322922e+01	1.209714e+01	1.120325e+01	1.046159e+01	9.125140e+00
8.048411e+00	7.166455e+00	6.427346e+00	5.787298e+00	5.213551e+00	4.692602e+00
4.216449e+00	3.777296e+00	3.367098e+00	2.980150e+00	2.614301e+00	2.267488e+00
1.936692e+00	1.617346e+00	1.306512e+00	1.147300e+00	9.805362e-01	8.380983e-01
6.767204e-01	6.364082e-01	6.039387e-01	5.999601e-01	5.965895e-01	5.961857e-01
5.958177e-01	5.959442e-01	1.477990e+01	1.346801e+01	1.230833e+01	1.140367e+01
1.065871e+01	9.310296e+00	8.229010e+00	7.337149e+00	6.586913e+00	5.935817e+00
5.352568e+00	4.823593e+00	4.340473e+00	3.894840e+00	3.477895e+00	3.083320e+00
2.708604e+00	2.351156e+00	2.007617e+00	1.673164e+00	1.343881e+00	1.173819e+00
9.930143e-01	8.369233e-01	6.616299e-01	6.175093e-01	5.819155e-01	5.775352e-01
5.738209e-01	5.733729e-01	5.729827e-01	5.731242e-01	1.504899e+01	1.370264e+01
1.251883e+01	1.160660e+01	1.086161e+01	9.507427e+00	8.425213e+00	7.525754e+00
6.765629e+00	6.104162e+00	5.511706e+00	4.974683e+00	4.484297e+00	4.031689e+00
3.607376e+00	3.204468e+00	2.820095e+00	2.451089e+00	2.093423e+00	1.741498e+00
1.391453e+00	1.209810e+00	1.013392e+00	8.412731e-01	6.578976e-01	6.066459e-01
5.666743e-01	5.616919e-01	5.575731e-01	5.570917e-01	5.566200e-01	5.566203e-01
1.530148e+01	1.392788e+01	1.272659e+01	1.181244e+01	1.107270e+01	9.722842e+00
8.645598e+00	7.741787e+00	6.973256e+00	6.302297e+00	5.701412e+00	5.157029e+00
4.659874e+00	4.200599e+00	3.769019e+00	3.357682e+00	2.963459e+00	2.582784e+00
2.210859e+00	1.840582e+00	1.464910e+00	1.269308e+00	1.054604e+00	8.643914e-01
6.569306e-01	6.005076e-01	5.561941e-01	5.506179e-01	5.460991e-01	5.455786e-01
5.450180e-01	5.447612e-01	1.548896e+01	1.411499e+01	1.291888e+01	1.201920e+01
1.129670e+01	9.966867e+00	8.894424e+00	7.982341e+00	7.199352e+00	6.513467e+00
5.901504e+00	5.349810e+00	4.847906e+00	4.385096e+00	3.949493e+00	3.532365e+00
3.130137e+00	2.738572e+00	2.351583e+00	1.959489e+00	1.552297e+00	1.338390e+00
1.104174e+00	8.948797e-01	6.608696e-01	6.001976e-01	5.487551e-01	5.429825e-01
5.379745e-01	5.372600e-01	5.367558e-01	5.355730e-01	1.564665e+01	1.428238e+01
1.310177e+01	1.222582e+01	1.152880e+01	1.023213e+01	9.166112e+00	8.244393e+00
7.443657e+00	6.739728e+00	6.115302e+00	5.556649e+00	5.051673e+00	4.587845e+00
4.150932e+00	3.730407e+00	3.322080e+00	2.920798e+00	2.518639e+00	2.102076e+00
1.657432e+00	1.420697e+00	1.165460e+00	9.367864e-01	6.734447e-01	6.001617e-01
5.428585e-01	5.369929e-01	5.315134e-01	5.305808e-01	5.301614e-01	5.279177e-01
1.581589e+01	1.444775e+01	1.327097e+01	1.241258e+01	1.173927e+01	1.047771e+01
9.424274e+00	8.502757e+00	7.694511e+00	6.980590e+00	6.348015e+00	5.783710e+00
5.275007e+00	4.808448e+00	4.368516e+00	3.943576e+00	3.528802e+00	3.118014e+00
2.701259e+00	2.260814e+00	1.778133e+00	1.516599e+00	1.235989e+00	9.840254e-01
6.879662e-01	6.008216e-01	5.387429e-01	5.320811e-01	5.260560e-01	5.249975e-01
5.244089e-01	5.211313e-01	1.600334e+01	1.461184e+01	1.342432e+01	1.257552e+01
1.192257e+01	1.069635e+01	9.661973e+00	8.753003e+00	7.951793e+00	7.240667e+00
6.607327e+00	6.039594e+00	5.525722e+00	5.052989e+00	4.606614e+00	4.175107e+00
3.752978e+00	3.332930e+00	2.902873e+00	2.440820e+00	1.921910e+00	1.633729e+00
1.320785e+00	1.039362e+00	7.066084e-01	6.085121e-01	5.359779e-01	5.281809e-01
5.215949e-01	5.204920e-01	5.195255e-01	5.152380e-01	1.616506e+01	1.475224e+01
1.355721e+01	1.272297e+01	1.209499e+01	1.090695e+01	9.894585e+00	9.000607e+00
8.208776e+00	7.502618e+00	6.870626e+00	6.301525e+00	5.784413e+00	5.307297e+00
4.856029e+00	4.419257e+00	3.990876e+00	3.562453e+00	3.119742e+00	2.636320e+00
2.080548e+00	1.764726e+00	1.415898e+00	1.102680e+00	7.293191e-01	6.185501e-01
5.340643e-01	5.246927e-01	5.173553e-01	5.162493e-01	5.147791e-01	5.099056e-01
1.630328e+01	1.487112e+01	1.367155e+01	1.285657e+01	1.225776e+01	1.110923e+01
1.012154e+01	9.244593e+00	8.464126e+00	7.764867e+00	7.136306e+00	6.568048e+00
6.049907e+00	5.570525e+00	5.116231e+00	4.675741e+00	4.242391e+00	3.806633e+00
3.352089e+00	2.847844e+00	2.255145e+00	1.911147e+00	1.523642e+00	1.175634e+00
7.573201e-01	6.318842e-01	5.332782e-01	5.217118e-01	5.133594e-01	5.122581e-01
5.102670e-01	5.050943e-01	1.642252e+01	1.497115e+01	1.376882e+01	1.297738e+01
1.241120e+01	1.130112e+01	1.034044e+01	9.482682e+00	8.715921e+00	8.025919e+00
7.403161e+00	6.838037e+00	6.321018e+00	5.841320e+00	5.385739e+00	4.943037e+00
4.506019e+00	4.064119e+00	3.598861e+00	3.074914e+00	2.446024e+00	2.073615e+00
1.646747e+00	1.259061e+00	7.910776e-01	6.490041e-01	5.333612e-01	5.193948e-01
5.096338e-01	5.084909e-01	5.061257e-01	5.007179e-01	1.651210e+01	1.504359e+01
1.384098e+01	1.307627e+01	1.254492e+01	1.147355e+01	1.054187e+01	9.705845e+00
8.955420e+00	8.277391e+00	7.663158e+00	7.103840e+00	6.590533e+00	6.112974e+00
5.658374e+00	5.215508e+00	4.776739e+00	4.330544e+00	3.856446e+00	3.314786e+00
2.651520e+00	2.251117e+00	1.783984e+00	1.352666e+00	8.303543e-01	6.696709e-01
5.345848e-01	5.173135e-01	5.057629e-01	5.045776e-01	5.017469e-01	4.965022e-01
1.658439e+01	1.510142e+01	1.390056e+01	1.316315e+01	1.266660e+01	1.163365e+01
1.073181e+01	9.918942e+00	9.186552e+00	8.522431e+00	7.918822e+00	7.367492e+00
6.860102e+00	6.386841e+00	5.935273e+00	5.494172e+00	5.055514e+00	4.606870e+00
4.125866e+00	3.568569e+00	2.872736e+00	2.444678e+00	1.936426e+00	1.457667e+00
8.754009e-01	6.939862e-01	5.368488e-01	5.163105e-01	5.020431e-01	5.007529e-01
4.975889e-01	4.926552e-01	1.664039e+01	1.514639e+01	1.394907e+01	1.323812e+01
1.277475e+01	1.177921e+01	1.090717e+01	1.011822e+01	9.405102e+00	8.756555e+00
8.165554e+00	7.624411e+00	7.125274e+00	6.658675e+00	6.212425e+00	5.775274e+00
5.338873e+00	4.889993e+00	4.404556e+00	3.834604e+00	3.109532e+00	2.655243e+00
2.106399e+00	1.577205e+00	9.283080e-01	7.236016e-01	5.411038e-01	5.160155e-01
4.985967e-01	4.970998e-01	4.938180e-01	4.892863e-01	1.668301e+01	1.518278e+01
1.399081e+01	1.330348e+01	1.286920e+01	1.191010e+01	1.106671e+01	1.030156e+01
9.608220e+00	8.976367e+00	8.399519e+00	7.870467e+00	7.381728e+00	6.924101e+00
6.485507e+00	6.054641e+00	5.622893e+00	5.176375e+00	4.689475e+00	4.110475e+00
3.360363e+00	2.881798e+00	2.293474e+00	1.713754e+00	9.896004e-01	7.588980e-01
5.473505e-01	5.170656e-01	4.954175e-01	4.936101e-01	4.904137e-01	4.863417e-01
1.671900e+01	1.521427e+01	1.402807e+01	1.336264e+01	1.295524e+01	1.203159e+01
1.121615e+01	1.047475e+01	9.801613e+00	9.187316e+00	8.625817e+00	8.110340e+00
7.633711e+00	7.186942e+00	6.757991e+00	6.335470e+00	5.910548e+00	5.468775e+00
4.983124e+00	4.398299e+00	3.626746e+00	3.125460e+00	2.498262e+00	1.866790e+00
1.058936e+00	7.994397e-01	5.555246e-01	5.195082e-01	4.924853e-01	4.902696e-01
4.872693e-01	4.836645e-01	1.674907e+01	1.524115e+01	1.406047e+01	1.341452e+01
1.303135e+01	1.214102e+01	1.135213e+01	1.063371e+01	9.980706e+00	9.384423e+00
8.839183e+00	8.338573e+00	7.875669e+00	7.441640e+00	7.024414e+00	6.612474e+00
6.196816e+00	5.762538e+00	5.281368e+00	4.694714e+00	3.906520e+00	3.384917e+00
2.720512e+00	2.036298e+00	1.137097e+00	8.457066e-01	5.654656e-01	5.228018e-01
4.899772e-01	4.871737e-01	4.844944e-01	4.812981e-01	1.677288e+01	1.526260e+01
1.408700e+01	1.345815e+01	1.309642e+01	1.223677e+01	1.147255e+01	1.077595e+01
1.014257e+01	9.564349e+00	9.035907e+00	8.551135e+00	8.103313e+00	7.683710e+00
7.280162e+00	6.880973e+00	6.477034e+00	6.053125e+00	5.579980e+00	4.996159e+00
4.197540e+00	3.659251e+00	2.961134e+00	2.225162e+00	1.226825e+00	9.000799e-01
5.785842e-01	5.283394e-01	4.879147e-01	4.843474e-01	4.820712e-01	4.792469e-01
1.678682e+01	1.527254e+01	1.410083e+01	1.348791e+01	1.314607e+01	1.231436e+01
1.157320e+01	1.089757e+01	1.028344e+01	9.723339e+00	9.212204e+00	8.744183e+00
8.312698e+00	7.909050e+00	7.520873e+00	7.136270e+00	6.746159e+00	6.335198e+00
5.873536e+00	5.297631e+00	4.495938e+00	3.945187e+00	3.217035e+00	2.430677e+00
1.326847e+00	9.618478e-01	5.942833e-01	5.354194e-01	4.864399e-01	4.816029e-01
4.797772e-01	4.774266e-01	1.679703e+01	1.527908e+01	1.411044e+01	1.351156e+01
1.318794e+01	1.238206e+01	1.166260e+01	1.100704e+01	1.041163e+01	9.869442e+00
9.375725e+00	8.924885e+00	8.510477e+00	8.123824e+00	7.752336e+00	7.383930e+00
7.009622e+00	6.614070e+00	6.167076e+00	5.603416e+00	4.804653e+00	4.245041e+00
3.490336e+00	2.654948e+00	1.438432e+00	1.031630e+00	6.127957e-01	5.443693e-01
4.852592e-01	4.790469e-01	4.776138e-01	4.757707e-01	1.680776e+01	1.528725e+01
1.412229e+01	1.353641e+01	1.322920e+01	1.244625e+01	1.174585e+01	1.110785e+01
1.052874e+01	1.000229e+01	9.524093e+00	9.088933e+00	8.690728e+00	8.321133e+00
7.967805e+00	7.618773e+00	7.264986e+00	6.890716e+00	6.464440e+00	5.916887e+00
5.121801e+00	4.554556e+00	3.778041e+00	2.898167e+00	1.564595e+00	1.109870e+00
6.339034e-01	5.547427e-01	4.850234e-01	4.779054e-01	4.757762e-01	4.743647e-01
1.682010e+01	1.529869e+01	1.413865e+01	1.356386e+01	1.327073e+01	1.250717e+01
1.182267e+01	1.119918e+01	1.063341e+01	1.011996e+01	9.654791e+00	9.233187e+00
8.849671e+00	8.496588e+00	8.162431e+00	7.835837e+00	7.507692e+00	7.161581e+00
6.763365e+00	6.236006e+00	5.443604e+00	4.869390e+00	4.077570e+00	3.161489e+00
1.710038e+00	1.199369e+00	6.590986e-01	5.675508e-01	4.857678e-01	4.775538e-01
4.742713e-01	4.732227e-01	1.681670e+01	1.529711e+01	1.414074e+01	1.357858e+01
1.329860e+01	1.255397e+01	1.188524e+01	1.127646e+01	1.072460e+01	1.022477e+01
9.773255e+00	9.365874e+00	8.997588e+00	8.661267e+00	8.345991e+00	8.040898e+00
7.737084e+00	7.417958e+00	7.047946e+00	6.544840e+00	5.765119e+00	5.190555e+00
4.389666e+00	3.441544e+00	1.872422e+00	1.298732e+00	6.880505e-01	5.830389e-01
4.871096e-01	4.770180e-01	4.730239e-01	4.721402e-01	1.679824e+01	1.528657e+01
1.414010e+01	1.358837e+01	1.331934e+01	1.259183e+01	1.193780e+01	1.134299e+01
1.080469e+01	1.031826e+01	9.880326e+00	9.487159e+00	9.134055e+00	8.814305e+00
8.517410e+00	8.232916e+00	7.952358e+00	7.659380e+00	7.317945e+00	6.842865e+00
6.085025e+00	5.516391e+00	4.712606e+00	3.737310e+00	2.053394e+00	1.410001e+00
7.216000e-01	6.018305e-01	4.895561e-01	4.766750e-01	4.720624e-01	4.711939e-01
1.677716e+01	1.527765e+01	1.414248e+01	1.360071e+01	1.334036e+01	1.262773e+01
1.198650e+01	1.140391e+01	1.087748e+01	1.040295e+01	9.977373e+00	9.597224e+00
9.258226e+00	8.954152e+00	8.675035e+00	8.410930e+00	8.153984e+00	7.888317e+00
7.577786e+00	7.134620e+00	6.404604e+00	5.845813e+00	5.043972e+00	4.047002e+00
2.253141e+00	1.536227e+00	7.601638e-01	6.237954e-01	4.932918e-01	4.772129e-01
4.713936e-01	4.704817e-01	1.675006e+01	1.526610e+01	1.414376e+01	1.361162e+01
1.335784e+01	1.265798e+01	1.202785e+01	1.145634e+01	1.094091e+01	1.047750e+01
1.006349e+01	9.695502e+00	9.369697e+00	9.080174e+00	8.817516e+00	8.572488e+00
8.338327e+00	8.100746e+00	7.824251e+00	7.417375e+00	6.719974e+00	6.174510e+00
5.380248e+00	4.368175e+00	2.470786e+00	1.679376e+00	8.039964e-01	6.491009e-01
4.982342e-01	4.785277e-01	4.708083e-01	4.698345e-01	1.671221e+01	1.524817e+01
1.414270e+01	1.362015e+01	1.337394e+01	1.268800e+01	1.206882e+01	1.150713e+01
1.100059e+01	1.054590e+01	1.014111e+01	9.783380e+00	9.469393e+00	9.193957e+00
8.948593e+00	8.724603e+00	8.514666e+00	8.302746e+00	8.053171e+00	7.680595e+00
7.028104e+00	6.504315e+00	5.721265e+00	4.698373e+00	2.709533e+00	1.838766e+00
8.531229e-01	6.777163e-01	5.042555e-01	4.805703e-01	4.702928e-01	4.692414e-01
1.665987e+01	1.522106e+01	1.413596e+01	1.362680e+01	1.338906e+01	1.271814e+01
1.210961e+01	1.155616e+01	1.105609e+01	1.060752e+01	1.020942e+01	9.859820e+00
9.555952e+00	9.293674e+00	9.065826e+00	8.864180e+00	8.679261e+00	8.489702e+00
8.258885e+00	7.917458e+00	7.321760e+00	6.828604e+00	6.060263e+00	5.031322e+00
2.969903e+00	2.016192e+00	9.090529e-01	7.108168e-01	5.119009e-01	4.838585e-01
4.699233e-01	4.687146e-01	1.662679e+01	1.520848e+01	1.413881e+01	1.363759e+01
1.340511e+01	1.274409e+01	1.214370e+01	1.159757e+01	1.110437e+01	1.066269e+01
1.027186e+01	9.930214e+00	9.635498e+00	9.384039e+00	9.169408e+00	8.984089e+00
8.819172e+00	8.653651e+00	8.452151e+00	8.149667e+00	7.605991e+00	7.140879e+00
6.393965e+00	5.368623e+00	3.243735e+00	2.214120e+00	9.726595e-01	7.489098e-01
5.214851e-01	4.881341e-01	4.699375e-01	4.682825e-01	1.659617e+01	1.519795e+01
1.414402e+01	1.365031e+01	1.342070e+01	1.276754e+01	1.217420e+01	1.163478e+01
1.114821e+01	1.071330e+01	1.032956e+01	9.995464e+00	9.709209e+00	9.467455e+00
9.264346e+00	9.093189e+00	8.946372e+00	8.804813e+00	8.635493e+00	8.374955e+00
7.883732e+00	7.447798e+00	6.727660e+00	5.713277e+00	3.534747e+00	2.432387e+00
1.043736e+00	7.916635e-01	5.327176e-01	4.933616e-01	4.699765e-01	4.678961e-01
1.655058e+01	1.518083e+01	1.414719e+01	1.366169e+01	1.343336e+01	1.278743e+01
1.220035e+01	1.166691e+01	1.118616e+01	1.075710e+01	1.037945e+01	1.005202e+01
9.773152e+00	9.540106e+00	9.347631e+00	9.189829e+00	9.060070e+00	8.940609e+00
8.800699e+00	8.580640e+00	8.145021e+00	7.742199e+00	7.054363e+00	6.058202e+00
3.840937e+00	2.668513e+00	1.123046e+00	8.395765e-01	5.455598e-01	4.996044e-01
4.700893e-01	4.675168e-01	1.648163e+01	1.515357e+01	1.414931e+01	1.367242e+01
1.344361e+01	1.280393e+01	1.222219e+01	1.169395e+01	1.121821e+01	1.079414e+01
1.042170e+01	1.010004e+01	9.827518e+00	9.602074e+00	9.419044e+00	9.273288e+00
9.158997e+00	9.059504e+00	8.946341e+00	8.764718e+00	8.385589e+00	8.018478e+00
7.368004e+00	6.397634e+00	4.159007e+00	2.922920e+00	1.212863e+00	8.944921e-01
5.609616e-01	5.075797e-01	4.704780e-01	4.671907e-01	1.638802e+01	1.511677e+01
1.415166e+01	1.368473e+01	1.345220e+01	1.281748e+01	1.224007e+01	1.171612e+01
1.124464e+01	1.082494e+01	1.045719e+01	1.014065e+01	9.873907e+00	9.655292e+00
9.480671e+00	9.345529e+00	9.244846e+00	9.163088e+00	9.074057e+00	8.928017e+00
8.603637e+00	8.273499e+00	7.665672e+00	6.729381e+00	4.485071e+00	3.192559e+00
1.313662e+00	9.567835e-01	5.788880e-01	5.171581e-01	4.711431e-01	4.671384e-01
1.626970e+01	1.507038e+01	1.415419e+01	1.369826e+01	1.345986e+01	1.282936e+01
1.225570e+01	1.173550e+01	1.126782e+01	1.085206e+01	1.048863e+01	1.017676e+01
9.915370e+00	9.703045e+00	9.536139e+00	9.410698e+00	9.322458e+00	9.257030e+00
9.190480e+00	9.078231e+00	8.807593e+00	8.515407e+00	7.954140e+00	7.058583e+00
4.822580e+00	3.480030e+00	1.426263e+00	1.026880e+00	5.994116e-01	5.284262e-01
4.722341e-01	4.671185e-01	1.614670e+01	1.502323e+01	1.415805e+01	1.371363e+01
1.346844e+01	1.284138e+01	1.227081e+01	1.175373e+01	1.128929e+01	1.087702e+01
1.051742e+01	1.020973e+01	9.953180e+00	9.746542e+00	9.586557e+00	9.469748e+00
9.392572e+00	9.341795e+00	9.295713e+00	9.214739e+00	8.995437e+00	8.741306e+00
8.229742e+00	7.381340e+00	5.168376e+00	3.783356e+00	1.551256e+00	1.105231e+00
6.225611e-01	5.413212e-01	4.736329e-01	4.670576e-01	1.601583e+01	1.497490e+01
1.416532e+01	1.373228e+01	1.347871e+01	1.285388e+01	1.228561e+01	1.177094e+01
1.130909e+01	1.089981e+01	1.054349e+01	1.023943e+01	9.987142e+00	9.785510e+00
9.631552e+00	9.522186e+00	9.454533e+00	9.416493e+00	9.388493e+00	9.335633e+00
9.164027e+00	8.947073e+00	8.487197e+00	7.691590e+00	5.517020e+00	4.099768e+00
1.691403e+00	1.194394e+00	6.496816e-01	5.568708e-01	4.757360e-01	4.668376e-01
1.588795e+01	1.492617e+01	1.416951e+01	1.374730e+01	1.348526e+01	1.286287e+01
1.229684e+01	1.178452e+01	1.132492e+01	1.091811e+01	1.056467e+01	1.026381e+01
1.001526e+01	9.818101e+00	9.669527e+00	9.566829e+00	9.507700e+00	9.481048e+00
9.469265e+00	9.441893e+00	9.314792e+00	9.133899e+00	8.726466e+00	7.988099e+00
5.867636e+00	4.427579e+00	1.845348e+00	1.293788e+00	6.801846e-01	5.744361e-01
4.784718e-01	4.667944e-01	1.576621e+01	1.487811e+01	1.417084e+01	1.375875e+01
1.348894e+01	1.286785e+01	1.230275e+01	1.179220e+01	1.133497e+01	1.093094e+01
1.058048e+01	1.028289e+01	1.003793e+01	9.844842e+00	9.700886e+00	9.603645e+00
9.551540e+00	9.534829e+00	9.538004e+00	9.534003e+00	9.447175e+00	9.300011e+00
8.945278e+00	8.268005e+00	6.214342e+00	4.764359e+00	2.017193e+00	1.404599e+00
7.148112e-01	5.944085e-01	4.820855e-01	4.667580e-01	1.565727e+01	1.483408e+01
1.417045e+01	1.376761e+01	1.349107e+01	1.286984e+01	1.230434e+01	1.179467e+01
1.133971e+01	1.093886e+01	1.059171e+01	1.029774e+01	1.005643e+01	9.867046e+00
9.726802e+00	9.633569e+00	9.586787e+00	9.578595e+00	9.595879e+00	9.613734e+00
9.562511e+00	9.445491e+00	9.142214e+00	8.528772e+00	6.553126e+00	5.108838e+00
2.214252e+00	1.527006e+00	7.542811e-01	6.171789e-01	4.868144e-01	4.663611e-01
1.557008e+01	1.479991e+01	1.417185e+01	1.377631e+01	1.349424e+01	1.287445e+01
1.231044e+01	1.180236e+01	1.134925e+01	1.095051e+01	1.060581e+01	1.031438e+01
1.007521e+01	9.887739e+00	9.750313e+00	9.661895e+00	9.621860e+00	9.621786e+00
9.649282e+00	9.685619e+00	9.670338e+00	9.581244e+00	9.318419e+00	8.764706e+00
6.907689e+00	5.466628e+00	2.431645e+00	1.659427e+00	7.996437e-01	6.443865e-01
4.939915e-01	4.662130e-01	1.549274e+01	1.476968e+01	1.417350e+01	1.378451e+01
1.349775e+01	1.287979e+01	1.231763e+01	1.181098e+01	1.135928e+01	1.096191e+01
1.061866e+01	1.032893e+01	1.009178e+01	9.906836e+00	9.772541e+00	9.688230e+00
9.653525e+00	9.660395e+00	9.697734e+00	9.750289e+00	9.764737e+00	9.701811e+00
9.484008e+00	8.992635e+00	7.240762e+00	5.820806e+00	2.676704e+00	1.809679e+00
8.498241e-01	6.741593e-01	5.012881e-01	4.662495e-01	1.542508e+01	1.474329e+01
1.417488e+01	1.379175e+01	1.350070e+01	1.288420e+01	1.232329e+01	1.181797e+01
1.136764e+01	1.097141e+01	1.062896e+01	1.034041e+01	1.010535e+01	9.923629e+00
9.792551e+00	9.710874e+00	9.679349e+00	9.692237e+00	9.740419e+00	9.807478e+00
9.843622e+00	9.803619e+00	9.634956e+00	9.208406e+00	7.538939e+00	6.159924e+00
2.951978e+00	1.983456e+00	9.057801e-01	7.068396e-01	5.083400e-01	4.665988e-01
1.537035e+01	1.472256e+01	1.417630e+01	1.379631e+01	1.350017e+01	1.288343e+01
1.232342e+01	1.181965e+01	1.137101e+01	1.097666e+01	1.063616e+01	1.034948e+01
1.011630e+01	9.936106e+00	9.805675e+00	9.723859e+00	9.693743e+00	9.714404e+00
9.779513e+00	9.864798e+00	9.916104e+00	9.890379e+00	9.755672e+00	9.389739e+00
7.844774e+00	6.499443e+00	3.232827e+00	2.172681e+00	9.697412e-01	7.451016e-01
5.181856e-01	4.664202e-01	1.532121e+01	1.470417e+01	1.417784e+01	1.380030e+01
1.349937e+01	1.288227e+01	1.232350e+01	1.182084e+01	1.137365e+01	1.098103e+01
1.064249e+01	1.035768e+01	1.012619e+01	9.947069e+00	9.816816e+00	9.734547e+00
9.705530e+00	9.733501e+00	9.815439e+00	9.918656e+00	9.982968e+00	9.969077e+00
9.863619e+00	9.555398e+00	8.149615e+00	6.841361e+00	3.528392e+00	2.381285e+00
1.041305e+00	7.882617e-01	5.300886e-01	4.661494e-01	1.527415e+01	1.468689e+01
1.418018e+01	1.380609e+01	1.350045e+01	1.288336e+01	1.232512e+01	1.182404e+01
1.137835e+01	1.098716e+01	1.065006e+01	1.036656e+01	1.013645e+01	9.958451e+00
9.829047e+00	9.747466e+00	9.720255e+00	9.753770e+00	9.846224e+00	9.961869e+00
1.004071e+01	1.004082e+01	9.965183e+00	9.710017e+00	8.434001e+00	7.177945e+00
3.841751e+00	2.616870e+00	1.121229e+00	8.365864e-01	5.436224e-01	4.661287e-01
1.522973e+01	1.467062e+01	1.418305e+01	1.381313e+01	1.350509e+01	1.288890e+01
1.233150e+01	1.183063e+01	1.138549e+01	1.099477e+01	1.065829e+01	1.037549e+01
1.014635e+01	9.969422e+00	9.841511e+00	9.762019e+00	9.737532e+00	9.774277e+00
9.871393e+00	9.994964e+00	1.008918e+01	1.010451e+01	1.005755e+01	9.849113e+00
8.694258e+00	7.504493e+00	4.168758e+00	2.880985e+00	1.211730e+00	8.920794e-01
5.598475e-01	4.662726e-01	1.518237e+01	1.465023e+01	1.418129e+01	1.381583e+01
1.350691e+01	1.289306e+01	1.233667e+01	1.183617e+01	1.139100e+01	1.100017e+01
1.066389e+01	1.038149e+01	1.015282e+01	9.976651e+00	9.851112e+00	9.775916e+00
9.755976e+00	9.793755e+00	9.886010e+00	1.001010e+01	1.012665e+01	1.016189e+01
1.013972e+01	9.962795e+00	8.925874e+00	7.832135e+00	4.502718e+00	3.150093e+00
1.312432e+00	9.563880e-01	5.786074e-01	4.666243e-01	1.513465e+01	1.462787e+01
1.417674e+01	1.381746e+01	1.350805e+01	1.289681e+01	1.234150e+01	1.184130e+01
1.139581e+01	1.100464e+01	1.066838e+01	1.038625e+01	1.015788e+01	9.982337e+00
9.859329e+00	9.789293e+00	9.774780e+00	9.812245e+00	9.896714e+00	1.001993e+01
1.015837e+01	1.021457e+01	1.021494e+01	1.006279e+01	9.140700e+00	8.158943e+00
4.847818e+00	3.431557e+00	1.424293e+00	1.029576e+00	5.999708e-01	4.671683e-01
1.509806e+01	1.461216e+01	1.417540e+01	1.381987e+01	1.350946e+01	1.289967e+01
1.234493e+01	1.184494e+01	1.139945e+01	1.100827e+01	1.067203e+01	1.039018e+01
1.016240e+01	9.987968e+00	9.866927e+00	9.799659e+00	9.787652e+00	9.825883e+00
9.908463e+00	1.003331e+01	1.018756e+01	1.025673e+01	1.027734e+01	1.015863e+01
9.347108e+00	8.444058e+00	5.202408e+00	3.739192e+00	1.548263e+00	1.108600e+00
6.237927e-01	4.672467e-01	1.507240e+01	1.460261e+01	1.417655e+01	1.382393e+01
1.351143e+01	1.290190e+01	1.234736e+01	1.184754e+01	1.140231e+01	1.101137e+01
1.067510e+01	1.039350e+01	1.016652e+01	9.993782e+00	9.874090e+00	9.807350e+00
9.795601e+00	9.835223e+00	9.921963e+00	1.005345e+01	1.021419e+01	1.028852e+01
1.032666e+01	1.025055e+01	9.543409e+00	8.677643e+00	5.561616e+00	4.077827e+00
1.686322e+00	1.193683e+00	6.511892e-01	4.663271e-01	1.504738e+01	1.459173e+01
1.417575e+01	1.382450e+01	1.351093e+01	1.290152e+01	1.234701e+01	1.184737e+01
1.140236e+01	1.101170e+01	1.067577e+01	1.039469e+01	1.016837e+01	9.996510e+00
9.877756e+00	9.811778e+00	9.800872e+00	9.842010e+00	9.931823e+00	1.006816e+01
1.023549e+01	1.031605e+01	1.036894e+01	1.032439e+01	9.715219e+00	8.909135e+00
5.916283e+00	4.418400e+00	1.850142e+00	1.291107e+00	6.823171e-01	4.653524e-01
1.502590e+01	1.458263e+01	1.417438e+01	1.382469e+01	1.350987e+01	1.290065e+01
1.234615e+01	1.184676e+01	1.140210e+01	1.101187e+01	1.067642e+01	1.039590e+01
1.017006e+01	9.998544e+00	9.880282e+00	9.815210e+00	9.805648e+00	9.848432e+00
9.940163e+00	1.007942e+01	1.025394e+01	1.034217e+01	1.040707e+01	1.038129e+01
9.860902e+00	9.145809e+00	6.265352e+00	4.753277e+00	2.047430e+00	1.404549e+00
7.168823e-01	4.648490e-01	1.501105e+01	1.457827e+01	1.417692e+01	1.382857e+01
1.351221e+01	1.290282e+01	1.234833e+01	1.184918e+01	1.140491e+01	1.101525e+01
1.068057e+01	1.040053e+01	1.017458e+01	1.000246e+01	9.883878e+00	9.819919e+00
9.812361e+00	9.857001e+00	9.949712e+00	1.009038e+01	1.027242e+01	1.036921e+01
1.044363e+01	1.042632e+01	9.984092e+00	9.384014e+00	6.612114e+00	5.083676e+00
2.280093e+00	1.539250e+00	7.537553e-01	4.649232e-01	1.499295e+01	1.456989e+01
1.417592e+01	1.382899e+01	1.351176e+01	1.290263e+01	1.234838e+01	1.184935e+01
1.140517e+01	1.101554e+01	1.068073e+01	1.040071e+01	1.017523e+01	1.000408e+01
9.886546e+00	9.822773e+00	9.815047e+00	9.860239e+00	9.955244e+00	1.009957e+01
1.028500e+01	1.038445e+01	1.046916e+01	1.047863e+01	1.011046e+01	9.545901e+00
6.946792e+00	5.452377e+00	2.528219e+00	1.706224e+00	7.999419e-01	4.648770e-01
1.498028e+01	1.456561e+01	1.417586e+01	1.383005e+01	1.351194e+01	1.290296e+01
1.234893e+01	1.185011e+01	1.140605e+01	1.101648e+01	1.068156e+01	1.040159e+01
1.017666e+01	1.000628e+01	9.889354e+00	9.825877e+00	9.818423e+00	9.864361e+00
9.961110e+00	1.010802e+01	1.029720e+01	1.040011e+01	1.049349e+01	1.052162e+01
1.021794e+01	9.705252e+00	7.278481e+00	5.818877e+00	2.790924e+00	1.895103e+00
8.500397e-01	4.650539e-01	1.497316e+01	1.456453e+01	1.417960e+01	1.383449e+01
1.351559e+01	1.290699e+01	1.235341e+01	1.185485e+01	1.141090e+01	1.102158e+01
1.068717e+01	1.040748e+01	1.018200e+01	1.001035e+01	9.892580e+00	9.829780e+00
9.824028e+00	9.871403e+00	9.968325e+00	1.011588e+01	1.031005e+01	1.041868e+01
1.051831e+01	1.055282e+01	1.030254e+01	9.876085e+00	7.605918e+00	6.166601e+00
3.064895e+00	2.104263e+00	9.026369e-01	4.669485e-01	