2.506076e-01	2.581753e-01	2.658873e-01	2.738330e-01	2.820162e-01	2.989187e-01
3.166269e-01	3.351015e-01	3.543015e-01	3.741796e-01	3.946511e-01	4.156269e-01
4.369664e-01	4.585999e-01	4.804864e-01	5.024788e-01	5.241033e-01	5.446132e-01
5.629716e-01	5.780618e-01	5.888885e-01	5.935699e-01	6.015084e-01	6.129615e-01
6.328656e-01	6.391068e-01	6.378728e-01	6.380127e-01	6.420208e-01	6.432264e-01
6.422544e-01	6.382699e-01	2.810439e-01	2.892914e-01	2.976876e-01	3.063265e-01
3.152120e-01	3.335381e-01	3.526947e-01	3.726353e-01	3.933109e-01	4.146660e-01
4.366051e-01	4.590304e-01	4.817906e-01	5.048123e-01	5.280592e-01	5.513843e-01
5.742917e-01	5.960051e-01	6.154568e-01	6.315254e-01	6.432087e-01	6.482831e-01
6.566755e-01	6.685995e-01	6.892162e-01	6.956909e-01	6.945359e-01	6.946774e-01
6.987286e-01	6.999471e-01	6.989597e-01	6.949523e-01	3.151765e-01	3.241576e-01
3.332912e-01	3.426756e-01	3.523152e-01	3.721669e-01	3.928711e-01	4.143732e-01
4.366154e-01	4.595330e-01	4.830191e-01	5.069664e-01	5.312130e-01	5.556814e-01
5.803423e-01	6.050497e-01	6.292862e-01	6.522464e-01	6.728352e-01	6.899337e-01
7.025396e-01	7.080395e-01	7.169023e-01	7.292877e-01	7.505843e-01	7.572847e-01
7.562325e-01	7.563747e-01	7.604452e-01	7.616695e-01	7.606715e-01	7.566685e-01
3.534546e-01	3.632261e-01	3.731531e-01	3.833381e-01	3.937859e-01	4.152696e-01
4.376240e-01	4.607861e-01	4.846879e-01	5.092546e-01	5.343671e-01	5.599084e-01
5.857052e-01	6.116766e-01	6.378018e-01	6.639382e-01	6.895470e-01	7.137949e-01
7.355628e-01	7.537441e-01	7.673433e-01	7.733041e-01	7.826528e-01	7.954846e-01
8.174166e-01	8.243318e-01	8.234097e-01	8.235516e-01	8.276130e-01	8.288347e-01
8.278319e-01	8.238654e-01	3.963816e-01	4.070032e-01	4.177825e-01	4.288256e-01
4.401379e-01	4.633643e-01	4.874749e-01	5.123975e-01	5.380532e-01	5.643561e-01
5.911738e-01	6.183790e-01	6.457872e-01	6.733142e-01	7.009505e-01	7.285583e-01
7.555783e-01	7.811514e-01	8.041385e-01	8.234562e-01	8.381245e-01	8.445846e-01
8.544336e-01	8.676900e-01	8.901997e-01	8.973150e-01	8.965543e-01	8.966948e-01
9.007136e-01	9.019226e-01	9.009220e-01	8.970298e-01	4.445220e-01	4.560564e-01
4.677496e-01	4.797108e-01	4.919460e-01	5.170290e-01	5.430044e-01	5.697899e-01
5.972943e-01	6.254197e-01	6.540194e-01	6.829557e-01	7.120324e-01	7.411631e-01
7.703514e-01	7.994678e-01	8.279329e-01	8.548638e-01	8.791074e-01	8.996158e-01
9.154348e-01	9.224354e-01	9.327978e-01	9.464495e-01	9.694634e-01	9.767599e-01
9.761965e-01	9.763341e-01	9.802710e-01	9.814556e-01	9.804653e-01	9.766918e-01
4.985091e-01	5.110217e-01	5.236928e-01	5.366340e-01	5.498524e-01	5.769089e-01
6.048595e-01	6.336105e-01	6.630578e-01	6.930903e-01	7.235459e-01	7.542760e-01
7.850731e-01	8.158489e-01	8.466238e-01	8.772788e-01	9.072162e-01	9.355321e-01
9.610656e-01	9.828192e-01	9.998764e-01	1.007462e+00	1.018349e+00	1.032358e+00
1.055785e+00	1.063238e+00	1.062913e+00	1.063047e+00	1.066855e+00	1.068002e+00
1.067031e+00	1.063428e+00	5.590528e-01	5.726115e-01	5.863269e-01	6.003119e-01
6.145749e-01	6.437239e-01	6.737606e-01	7.045796e-01	7.360622e-01	7.680829e-01
8.004635e-01	8.330442e-01	8.656064e-01	8.980607e-01	9.304478e-01	9.626630e-01
9.940917e-01	1.023813e+00	1.050665e+00	1.073718e+00	1.092107e+00	1.100327e+00
1.111747e+00	1.126064e+00	1.149792e+00	1.157374e+00	1.157333e+00	1.157460e+00
1.161088e+00	1.162180e+00	1.161241e+00	1.157867e+00	6.269496e-01	6.416244e-01
6.564520e-01	6.715459e-01	6.869158e-01	7.182771e-01	7.505104e-01	7.834977e-01
8.171044e-01	8.511898e-01	8.855579e-01	9.200382e-01	9.544009e-01	9.885569e-01
1.022571e+00	1.056358e+00	1.089286e+00	1.120423e+00	1.148617e+00	1.173024e+00
1.192845e+00	1.201751e+00	1.213710e+00	1.228276e+00	1.252170e+00	1.259843e+00
1.260141e+00	1.260259e+00	1.263643e+00	1.264663e+00	1.263768e+00	1.260693e+00
7.030924e-01	7.189548e-01	7.349642e-01	7.512326e-01	7.677719e-01	8.014647e-01
8.360030e-01	8.712552e-01	9.070697e-01	9.432888e-01	9.796985e-01	1.016117e+00
1.052304e+00	1.088172e+00	1.123816e+00	1.159171e+00	1.193597e+00	1.226151e+00
1.255701e+00	1.281514e+00	1.302876e+00	1.312524e+00	1.325025e+00	1.339766e+00
1.363664e+00	1.371385e+00	1.372081e+00	1.372188e+00	1.375257e+00	1.376183e+00
1.375347e+00	1.372651e+00	7.884828e-01	8.056054e-01	8.228664e-01	8.403750e-01
8.581454e-01	8.942867e-01	9.312343e-01	9.688423e-01	1.006940e+00	1.045353e+00
1.083847e+00	1.122229e+00	1.160250e+00	1.197826e+00	1.235085e+00	1.271992e+00
1.307897e+00	1.341855e+00	1.372769e+00	1.400038e+00	1.423055e+00	1.433508e+00
1.446550e+00	1.461375e+00	1.485085e+00	1.492802e+00	1.493965e+00	1.494058e+00
1.496729e+00	1.497537e+00	1.496778e+00	1.494551e+00	8.842438e-01	9.026994e-01
9.212819e-01	9.400953e-01	9.591567e-01	9.978589e-01	1.037314e+00	1.077360e+00
1.117807e+00	1.158461e+00	1.199067e+00	1.239422e+00	1.279269e+00	1.318529e+00
1.357370e+00	1.395793e+00	1.433141e+00	1.468478e+00	1.500750e+00	1.529525e+00
1.554321e+00	1.565644e+00	1.579219e+00	1.594023e+00	1.617317e+00	1.624969e+00
1.626676e+00	1.626752e+00	1.628931e+00	1.629592e+00	1.628930e+00	1.627276e+00
9.916349e-01	1.011495e+00	1.031468e+00	1.051649e+00	1.072058e+00	1.113426e+00
1.155477e+00	1.198032e+00	1.240880e+00	1.283806e+00	1.326535e+00	1.368853e+00
1.410497e+00	1.451395e+00	1.491763e+00	1.531643e+00	1.570380e+00	1.607049e+00
1.640664e+00	1.670987e+00	1.697695e+00	1.709959e+00	1.724057e+00	1.738711e+00
1.761324e+00	1.768837e+00	1.771176e+00	1.771231e+00	1.772809e+00	1.773292e+00
1.772749e+00	1.771789e+00	1.112069e+00	1.133404e+00	1.154832e+00	1.176439e+00
1.198249e+00	1.242378e+00	1.287100e+00	1.332220e+00	1.377504e+00	1.422715e+00
1.467554e+00	1.511801e+00	1.555187e+00	1.597649e+00	1.639462e+00	1.680716e+00
1.720760e+00	1.758697e+00	1.793621e+00	1.825533e+00	1.854293e+00	1.867577e+00
1.882179e+00	1.896532e+00	1.918153e+00	1.925444e+00	1.928512e+00	1.928542e+00
1.929396e+00	1.929663e+00	1.929267e+00	1.929135e+00	1.247129e+00	1.270005e+00
1.292951e+00	1.316037e+00	1.339293e+00	1.386265e+00	1.433717e+00	1.481439e+00
1.529171e+00	1.576653e+00	1.623565e+00	1.669677e+00	1.714719e+00	1.758642e+00
1.801785e+00	1.844297e+00	1.885541e+00	1.924654e+00	1.960838e+00	1.994372e+00
2.025337e+00	2.039724e+00	2.054802e+00	2.068679e+00	2.088946e+00	2.095915e+00
2.099824e+00	2.099824e+00	2.099814e+00	2.099824e+00	2.099604e+00	2.100454e+00
1.399225e+00	1.423686e+00	1.448191e+00	1.472792e+00	1.497523e+00	1.547392e+00
1.597617e+00	1.647972e+00	1.698175e+00	1.747944e+00	1.796933e+00	1.844912e+00
1.891607e+00	1.936980e+00	1.981437e+00	2.025182e+00	2.067593e+00	2.107854e+00
2.145300e+00	2.180558e+00	2.213993e+00	2.229633e+00	2.245202e+00	2.258382e+00
2.276642e+00	2.283087e+00	2.288167e+00	2.288131e+00	2.286905e+00	2.286554e+00
2.286577e+00	2.288804e+00	1.569352e+00	1.595459e+00	1.621578e+00	1.647734e+00
1.673970e+00	1.726778e+00	1.779780e+00	1.832738e+00	1.885340e+00	1.937280e+00
1.988189e+00	2.037835e+00	2.085944e+00	2.132500e+00	2.177992e+00	2.222700e+00
2.266028e+00	2.307227e+00	2.345792e+00	2.382744e+00	2.418758e+00	2.435712e+00
2.451693e+00	2.463943e+00	2.479854e+00	2.485696e+00	2.491962e+00	2.491883e+00
2.489377e+00	2.488645e+00	2.488931e+00	2.492598e+00	1.757020e+00	1.784854e+00
1.812653e+00	1.840411e+00	1.868188e+00	1.923965e+00	1.979724e+00	2.035188e+00
2.089992e+00	2.143771e+00	2.196110e+00	2.246738e+00	2.295425e+00	2.342207e+00
2.387732e+00	2.432458e+00	2.475865e+00	2.517319e+00	2.556534e+00	2.594889e+00
2.633289e+00	2.651419e+00	2.667457e+00	2.678449e+00	2.692750e+00	2.698382e+00
2.704871e+00	2.704733e+00	2.701774e+00	2.700910e+00	2.701322e+00	2.705481e+00
1.962687e+00	1.992437e+00	2.022079e+00	2.051553e+00	2.080954e+00	2.139758e+00
2.198192e+00	2.255920e+00	2.312508e+00	2.367530e+00	2.420546e+00	2.471225e+00
2.519433e+00	2.565302e+00	2.609723e+00	2.653422e+00	2.696000e+00	2.736959e+00
2.776234e+00	2.815494e+00	2.855755e+00	2.874771e+00	2.890526e+00	2.900126e+00
2.913722e+00	2.919508e+00	2.925118e+00	2.924926e+00	2.922488e+00	2.921782e+00
2.922157e+00	2.925681e+00	2.183608e+00	2.216291e+00	2.248676e+00	2.280559e+00
2.312060e+00	2.374295e+00	2.435037e+00	2.493962e+00	2.550725e+00	2.605149e+00
2.657156e+00	2.706536e+00	2.753265e+00	2.797592e+00	2.840619e+00	2.883250e+00
2.925082e+00	2.965455e+00	3.004120e+00	3.042669e+00	3.082124e+00	3.100837e+00
3.116651e+00	3.126569e+00	3.139697e+00	3.144776e+00	3.149195e+00	3.149144e+00
3.147677e+00	3.147231e+00	3.147507e+00	3.149765e+00	2.422519e+00	2.459018e+00
2.494930e+00	2.529816e+00	2.563824e+00	2.629803e+00	2.692480e+00	2.751605e+00
2.807081e+00	2.859247e+00	2.908713e+00	2.955522e+00	2.999762e+00	3.041811e+00
3.082951e+00	3.124199e+00	3.165071e+00	3.204543e+00	3.241911e+00	3.278464e+00
3.315191e+00	3.332770e+00	3.348805e+00	3.360122e+00	3.372999e+00	3.376835e+00
3.379688e+00	3.379906e+00	3.379850e+00	3.379773e+00	3.379886e+00	3.380299e+00
2.678725e+00	2.719400e+00	2.759159e+00	2.797297e+00	2.833987e+00	2.903813e+00
2.968100e+00	3.026590e+00	3.079553e+00	3.128070e+00	3.173740e+00	3.216906e+00
3.257734e+00	3.296645e+00	3.334935e+00	3.373608e+00	3.412112e+00	3.449196e+00
3.483922e+00	3.517611e+00	3.551532e+00	3.568124e+00	3.584175e+00	3.596321e+00
3.608780e+00	3.611707e+00	3.612712e+00	3.613163e+00	3.614683e+00	3.614994e+00
3.614953e+00	3.613368e+00	2.950200e+00	2.995104e+00	3.038816e+00	3.080387e+00
3.119988e+00	3.194057e+00	3.259930e+00	3.316922e+00	3.365828e+00	3.408881e+00
3.449191e+00	3.487476e+00	3.523899e+00	3.558768e+00	3.593140e+00	3.627817e+00
3.662208e+00	3.695010e+00	3.725372e+00	3.755228e+00	3.786629e+00	3.802618e+00
3.818446e+00	3.830532e+00	3.842373e+00	3.844993e+00	3.843811e+00	3.844417e+00
3.847684e+00	3.848384e+00	3.848228e+00	3.844520e+00	3.232850e+00	3.288200e+00
3.340470e+00	3.387261e+00	3.429133e+00	3.501798e+00	3.561912e+00	3.613781e+00
3.658716e+00	3.698217e+00	3.734388e+00	3.767826e+00	3.799007e+00	3.828412e+00
3.856840e+00	3.885025e+00	3.912786e+00	3.939836e+00	3.966042e+00	3.992159e+00
4.019493e+00	4.034061e+00	4.049189e+00	4.061368e+00	4.072615e+00	4.074062e+00
4.071492e+00	4.072356e+00	4.076923e+00	4.078094e+00	4.077541e+00	4.072145e+00
3.530664e+00	3.595887e+00	3.656122e+00	3.707679e+00	3.751529e+00	3.822435e+00
3.876256e+00	3.921876e+00	3.961229e+00	3.995279e+00	4.025497e+00	4.052482e+00
4.077006e+00	4.099721e+00	4.121163e+00	4.141971e+00	4.162308e+00	4.182700e+00
4.203567e+00	4.224709e+00	4.246965e+00	4.259619e+00	4.273574e+00	4.285498e+00
4.295887e+00	4.296302e+00	4.292569e+00	4.293630e+00	4.299211e+00	4.300758e+00
4.299874e+00	4.293164e+00	3.853650e+00	3.913446e+00	3.970206e+00	4.021593e+00
4.067979e+00	4.147909e+00	4.209336e+00	4.252902e+00	4.281462e+00	4.300437e+00
4.317042e+00	4.333010e+00	4.348580e+00	4.363910e+00	4.379232e+00	4.394726e+00
4.409897e+00	4.423647e+00	4.435497e+00	4.448232e+00	4.465515e+00	4.476403e+00
4.488682e+00	4.499016e+00	4.507762e+00	4.508989e+00	4.503363e+00	4.504283e+00
4.510851e+00	4.512375e+00	4.511806e+00	4.504073e+00	4.179943e+00	4.242877e+00
4.302243e+00	4.355289e+00	4.402451e+00	4.481662e+00	4.539045e+00	4.575363e+00
4.594186e+00	4.602184e+00	4.608010e+00	4.613803e+00	4.619767e+00	4.626066e+00
4.632696e+00	4.639695e+00	4.646570e+00	4.652183e+00	4.656093e+00	4.661383e+00
4.672189e+00	4.680297e+00	4.689922e+00	4.698253e+00	4.705205e+00	4.706065e+00
4.700357e+00	4.701214e+00	4.707515e+00	4.708966e+00	4.708365e+00	4.701011e+00
4.516923e+00	4.582844e+00	4.644402e+00	4.698215e+00	4.744871e+00	4.820239e+00
4.870535e+00	4.897564e+00	4.905515e+00	4.901880e+00	4.896159e+00	4.890756e+00
4.885937e+00	4.881938e+00	4.878585e+00	4.875863e+00	4.873345e+00	4.869999e+00
4.865482e+00	4.862862e+00	4.866375e+00	4.871096e+00	4.877144e+00	4.882550e+00
4.887233e+00	4.887655e+00	4.882875e+00	4.883563e+00	4.888652e+00	4.889838e+00
4.889360e+00	4.883331e+00	4.860591e+00	4.926856e+00	4.988201e+00	5.040817e+00
5.085414e+00	5.154708e+00	5.196355e+00	5.212544e+00	5.208064e+00	5.191286e+00
5.172647e+00	5.154778e+00	5.138030e+00	5.122681e+00	5.108472e+00	5.095363e+00
5.082934e+00	5.070115e+00	5.056546e+00	5.045417e+00	5.041037e+00	5.041847e+00
5.043357e+00	5.044767e+00	5.046646e+00	5.046766e+00	5.043837e+00	5.044207e+00
5.047146e+00	5.047836e+00	5.047696e+00	5.043987e+00	5.208737e+00	5.273260e+00
5.332351e+00	5.381821e+00	5.422524e+00	5.482495e+00	5.512823e+00	5.516091e+00
5.497605e+00	5.466448e+00	5.433805e+00	5.402436e+00	5.372828e+00	5.345256e+00
5.319470e+00	5.295380e+00	5.272586e+00	5.249906e+00	5.226907e+00	5.206858e+00
5.194021e+00	5.190442e+00	5.186583e+00	5.183122e+00	5.181794e+00	5.181632e+00
5.181296e+00	5.181262e+00	5.181317e+00	5.181330e+00	5.181428e+00	5.181295e+00
5.566059e+00	5.627081e+00	5.682194e+00	5.726851e+00	5.762075e+00	5.809859e+00
5.826425e+00	5.814755e+00	5.780642e+00	5.733780e+00	5.685985e+00	5.640109e+00
5.596789e+00	5.556263e+00	5.518316e+00	5.482772e+00	5.449235e+00	5.416352e+00
5.383567e+00	5.354208e+00	5.332429e+00	5.324110e+00	5.314356e+00	5.305503e+00
5.300695e+00	5.300240e+00	5.302813e+00	5.302331e+00	5.299165e+00	5.298420e+00
5.298726e+00	5.302666e+00	5.927991e+00	5.983244e+00	6.032131e+00	6.069793e+00
6.097451e+00	6.129244e+00	6.128764e+00	6.099440e+00	6.047571e+00	5.983347e+00
5.919051e+00	5.857660e+00	5.799909e+00	5.745941e+00	5.695544e+00	5.648374e+00
5.603966e+00	5.560705e+00	5.517818e+00	5.478693e+00	5.447347e+00	5.433831e+00
5.417520e+00	5.402628e+00	5.394001e+00	5.393244e+00	5.399012e+00	5.398039e+00
5.391312e+00	5.389724e+00	5.390197e+00	5.398560e+00	6.288784e+00	6.335686e+00
6.375839e+00	6.404132e+00	6.422009e+00	6.433914e+00	6.413202e+00	6.363752e+00
6.292330e+00	6.209480e+00	6.127770e+00	6.050312e+00	5.977871e+00	5.910423e+00
5.847715e+00	5.789145e+00	5.734115e+00	5.680683e+00	5.627786e+00	5.578884e+00
5.537857e+00	5.519037e+00	5.496065e+00	5.475080e+00	5.462590e+00	5.461492e+00
5.470256e+00	5.468807e+00	5.458673e+00	5.456282e+00	5.456890e+00	5.469448e+00
6.646787e+00	6.682675e+00	6.711469e+00	6.727850e+00	6.733519e+00	6.721059e+00
6.676248e+00	6.603431e+00	6.509849e+00	6.406447e+00	6.305909e+00	6.211610e+00
6.124157e+00	6.043290e+00	5.968608e+00	5.899039e+00	5.833845e+00	5.770719e+00
5.708435e+00	5.647380e+00	5.593535e+00	5.567683e+00	5.536273e+00	5.507691e+00
5.489628e+00	5.487608e+00	5.498390e+00	5.496472e+00	5.483382e+00	5.480334e+00
5.481092e+00	5.497254e+00	7.006531e+00	7.029133e+00	7.044379e+00	7.046779e+00
7.038311e+00	6.998090e+00	6.926424e+00	6.828102e+00	6.710804e+00	6.585838e+00
6.465875e+00	6.354551e+00	6.252188e+00	6.158222e+00	6.072026e+00	5.991972e+00
5.917179e+00	5.844979e+00	5.774038e+00	5.701402e+00	5.635559e+00	5.603319e+00
5.564515e+00	5.529535e+00	5.506904e+00	5.504124e+00	5.516380e+00	5.514098e+00
5.498779e+00	5.495245e+00	5.496117e+00	5.514991e+00	7.365335e+00	7.372263e+00
7.371599e+00	7.357730e+00	7.332934e+00	7.260911e+00	7.158766e+00	7.031754e+00
6.887982e+00	6.739101e+00	6.597824e+00	6.467862e+00	6.349380e+00	6.241321e+00
6.142603e+00	6.050070e+00	5.962920e+00	5.877803e+00	5.792073e+00	5.714181e+00
5.644205e+00	5.609792e+00	5.568581e+00	5.531588e+00	5.507394e+00	5.504303e+00
5.516740e+00	5.514369e+00	5.498575e+00	5.494938e+00	5.495857e+00	5.515309e+00
7.716796e+00	7.705593e+00	7.686642e+00	7.654273e+00	7.611077e+00	7.503675e+00
7.368172e+00	7.210315e+00	7.038633e+00	6.865079e+00	6.702419e+00	6.554241e+00
6.420639e+00	6.299978e+00	6.190898e+00	6.086254e+00	5.987095e+00	5.890363e+00
5.793207e+00	5.704712e+00	5.623412e+00	5.583322e+00	5.536638e+00	5.495482e+00
5.466657e+00	5.462201e+00	5.472483e+00	5.470120e+00	5.455286e+00	5.451872e+00
5.452957e+00	5.471208e+00	8.065698e+00	8.034197e+00	7.994849e+00	7.941971e+00
7.878483e+00	7.732215e+00	7.560273e+00	7.368931e+00	7.167059e+00	6.966839e+00
6.781249e+00	6.613728e+00	6.463514e+00	6.325859e+00	6.200150e+00	6.088227e+00
5.983724e+00	5.881695e+00	5.779353e+00	5.677313e+00	5.583005e+00	5.537067e+00
5.485567e+00	5.441268e+00	5.407789e+00	5.401692e+00	5.408094e+00	5.405918e+00
5.393591e+00	5.390772e+00	5.391807e+00	5.406598e+00	8.409476e+00	8.355087e+00
8.292981e+00	8.217578e+00	8.132089e+00	7.944193e+00	7.733698e+00	7.507045e+00
7.273313e+00	7.044856e+00	6.835146e+00	6.646443e+00	6.479157e+00	6.332345e+00
6.199126e+00	6.073320e+00	5.955036e+00	5.839940e+00	5.724735e+00	5.612863e+00
5.508654e+00	5.458528e+00	5.404898e+00	5.360141e+00	5.322660e+00	5.314631e+00
5.314461e+00	5.312781e+00	5.305493e+00	5.303872e+00	5.304461e+00	5.312385e+00
8.742134e+00	8.665847e+00	8.581159e+00	8.482237e+00	8.372907e+00	8.138476e+00
7.884136e+00	7.618654e+00	7.351800e+00	7.095373e+00	6.862007e+00	6.655929e+00
6.473434e+00	6.309862e+00	6.161588e+00	6.024023e+00	5.894479e+00	5.768578e+00
5.643012e+00	5.520625e+00	5.406001e+00	5.352066e+00	5.297480e+00	5.253603e+00
5.212146e+00	5.201937e+00	5.193302e+00	5.192311e+00	5.191748e+00	5.191736e+00
5.191622e+00	5.191264e+00	9.042004e+00	8.971089e+00	8.883645e+00	8.767809e+00
8.630564e+00	8.325290e+00	7.999606e+00	7.684538e+00	7.389104e+00	7.114676e+00
6.864084e+00	6.647107e+00	6.450444e+00	6.267784e+00	6.099617e+00	5.945134e+00
5.801999e+00	5.666247e+00	5.533534e+00	5.401043e+00	5.273536e+00	5.217083e+00
5.162418e+00	5.119016e+00	5.073466e+00	5.061577e+00	5.044439e+00	5.044036e+00
5.050171e+00	5.051955e+00	5.051140e+00	5.042502e+00	9.335072e+00	9.262319e+00
9.166447e+00	9.030491e+00	8.864137e+00	8.489590e+00	8.097180e+00	7.735896e+00
7.408965e+00	7.117532e+00	6.859464e+00	6.624024e+00	6.407232e+00	6.204200e+00
6.016170e+00	5.844846e+00	5.687725e+00	5.540785e+00	5.399147e+00	5.257039e+00
5.118764e+00	5.058658e+00	5.002600e+00	4.959569e+00	4.910932e+00	4.896023e+00
4.872787e+00	4.873034e+00	4.884286e+00	4.887566e+00	4.885949e+00	4.870490e+00
9.628428e+00	9.532108e+00	9.410593e+00	9.245959e+00	9.049399e+00	8.616101e+00
8.172750e+00	7.772388e+00	7.417666e+00	7.101111e+00	6.815353e+00	6.557140e+00
6.320982e+00	6.102457e+00	5.900486e+00	5.715108e+00	5.544103e+00	5.383150e+00
5.228368e+00	5.077598e+00	4.932688e+00	4.866154e+00	4.805662e+00	4.762543e+00
4.712503e+00	4.692579e+00	4.668134e+00	4.669034e+00	4.681937e+00	4.685878e+00
4.683457e+00	4.664773e+00	9.971245e+00	9.796080e+00	9.603684e+00	9.385665e+00
9.151744e+00	8.675408e+00	8.213017e+00	7.781674e+00	7.407444e+00	7.066847e+00
6.754089e+00	6.470499e+00	6.211621e+00	5.973526e+00	5.753851e+00	5.551742e+00
5.366188e+00	5.193802e+00	5.031223e+00	4.872971e+00	4.715927e+00	4.641243e+00
4.574836e+00	4.529705e+00	4.476979e+00	4.456414e+00	4.433427e+00	4.434091e+00
4.444997e+00	4.448311e+00	4.446301e+00	4.430152e+00	1.031975e+01	1.004787e+01
9.775079e+00	9.501998e+00	9.232675e+00	8.718569e+00	8.239652e+00	7.786990e+00
7.382170e+00	7.011927e+00	6.672646e+00	6.363661e+00	6.081935e+00	5.823942e+00
5.586223e+00	5.367182e+00	5.167356e+00	4.984739e+00	4.816204e+00	4.650825e+00
4.480230e+00	4.397234e+00	4.324222e+00	4.275593e+00	4.219634e+00	4.200805e+00
4.181609e+00	4.181528e+00	4.187854e+00	4.189721e+00	4.188717e+00	4.178850e+00
1.058770e+01	1.025908e+01	9.935521e+00	9.622008e+00	9.321318e+00	8.759797e+00
8.240887e+00	7.775430e+00	7.337951e+00	6.935724e+00	6.569820e+00	6.237724e+00
5.936172e+00	5.661122e+00	5.407743e+00	5.173435e+00	4.959420e+00	4.764406e+00
4.585457e+00	4.410286e+00	4.228955e+00	4.140059e+00	4.060739e+00	4.006692e+00
3.946914e+00	3.930314e+00	3.917440e+00	3.916393e+00	3.916228e+00	3.916291e+00
3.916085e+00	3.914711e+00	1.079499e+01	1.043369e+01	1.007891e+01	9.735939e+00
9.407243e+00	8.792913e+00	8.227070e+00	7.715340e+00	7.246213e+00	6.818840e+00
6.432220e+00	6.082828e+00	5.766310e+00	5.477785e+00	5.211334e+00	4.963379e+00
4.735066e+00	4.525311e+00	4.331234e+00	4.143224e+00	3.953986e+00	3.861853e+00
3.776465e+00	3.714701e+00	3.650481e+00	3.636913e+00	3.632673e+00	3.630405e+00
3.621910e+00	3.619800e+00	3.620275e+00	3.629603e+00	1.098737e+01	1.058472e+01
1.019108e+01	9.813883e+00	9.454498e+00	8.789385e+00	8.194891e+00	7.644791e+00
7.148197e+00	6.698875e+00	6.293402e+00	5.927240e+00	5.595352e+00	5.292421e+00
5.012009e+00	4.749964e+00	4.506925e+00	4.281901e+00	4.072070e+00	3.871713e+00
3.677210e+00	3.583777e+00	3.494105e+00	3.426194e+00	3.359400e+00	3.346515e+00
3.343742e+00	3.341108e+00	3.330693e+00	3.328047e+00	3.328854e+00	3.340608e+00
1.116751e+01	1.072105e+01	1.028725e+01	9.876279e+00	9.488518e+00	8.773467e+00
8.135659e+00	7.558031e+00	7.039689e+00	6.572578e+00	6.150811e+00	5.769363e+00
5.422870e+00	5.105840e+00	4.811695e+00	4.535980e+00	4.278562e+00	4.038513e+00
3.813144e+00	3.601265e+00	3.403468e+00	3.310091e+00	3.217584e+00	3.144900e+00
3.076750e+00	3.063230e+00	3.057800e+00	3.055321e+00	3.046754e+00	3.044530e+00
3.045412e+00	3.054731e+00	1.134261e+01	1.085144e+01	1.037687e+01	9.932022e+00
9.515568e+00	8.754011e+00	8.074895e+00	7.469595e+00	6.930058e+00	6.446235e+00
6.009766e+00	5.614917e+00	5.255921e+00	4.926850e+00	4.620637e+00	4.332452e+00
4.061973e+00	3.808908e+00	3.571410e+00	3.349695e+00	3.146108e+00	3.051085e+00
2.956703e+00	2.882258e+00	2.812845e+00	2.797961e+00	2.788673e+00	2.786539e+00
2.781131e+00	2.779740e+00	2.780360e+00	2.785570e+00	1.151105e+01	1.097445e+01
1.045880e+01	9.980427e+00	9.535958e+00	8.725811e+00	8.010481e+00	7.377286e+00
6.817121e+00	6.317864e+00	5.868645e+00	5.462690e+00	5.093686e+00	4.754908e+00
4.438308e+00	4.138597e+00	3.856000e+00	3.591653e+00	3.345403e+00	3.115220e+00
2.902513e+00	2.803686e+00	2.708451e+00	2.635669e+00	2.564961e+00	2.547735e+00
2.532844e+00	2.531309e+00	2.530856e+00	2.530843e+00	2.530785e+00	2.529585e+00
1.167104e+01	1.109130e+01	1.053719e+01	1.002814e+01	9.558494e+00	8.704503e+00
7.957324e+00	7.299769e+00	6.721100e+00	6.207233e+00	5.745038e+00	5.326953e+00
4.946635e+00	4.597227e+00	4.270580e+00	3.961323e+00	3.669544e+00	3.396296e+00
3.142094e+00	2.904148e+00	2.683404e+00	2.580925e+00	2.483605e+00	2.410441e+00
2.338360e+00	2.320152e+00	2.302810e+00	2.301519e+00	2.303165e+00	2.303723e+00
2.303391e+00	2.299479e+00	1.182284e+01	1.120315e+01	1.061388e+01	1.007753e+01
9.585795e+00	8.695751e+00	7.918790e+00	7.239656e+00	6.644420e+00	6.116708e+00
5.641578e+00	5.210931e+00	4.818631e+00	4.458114e+00	4.121691e+00	3.804159e+00
3.505092e+00	3.224666e+00	2.963317e+00	2.718469e+00	2.490440e+00	2.384195e+00
2.283485e+00	2.208070e+00	2.134505e+00	2.116247e+00	2.099164e+00	2.097811e+00
2.099099e+00	2.099568e+00	2.099239e+00	2.095701e+00	1.196875e+01	1.131351e+01
1.069334e+01	1.013386e+01	9.623727e+00	8.698442e+00	7.899641e+00	7.203129e+00
6.592477e+00	6.051511e+00	5.563944e+00	5.121373e+00	4.717784e+00	4.346757e+00
4.000945e+00	3.675303e+00	3.369151e+00	3.082236e+00	2.814645e+00	2.563854e+00
2.328501e+00	2.217881e+00	2.112605e+00	2.033734e+00	1.958392e+00	1.940141e+00
1.924756e+00	1.923172e+00	1.922751e+00	1.922835e+00	1.922554e+00	1.920963e+00
1.211154e+01	1.142548e+01	1.077894e+01	1.020051e+01	9.675735e+00	8.723430e+00
7.906661e+00	7.195804e+00	6.569371e+00	6.014031e+00	5.512659e+00	5.056763e+00
4.643538e+00	4.263593e+00	3.909498e+00	3.576493e+00	3.263783e+00	2.970922e+00
2.697439e+00	2.440781e+00	2.197768e+00	2.082454e+00	1.972286e+00	1.889667e+00
1.811920e+00	1.793400e+00	1.779309e+00	1.777508e+00	1.775554e+00	1.775279e+00
1.775114e+00	1.775394e+00	1.225067e+01	1.153839e+01	1.086961e+01	1.027569e+01
9.739136e+00	8.764838e+00	7.925086e+00	7.199325e+00	6.567455e+00	6.006830e+00
5.500331e+00	5.039600e+00	4.615293e+00	4.224356e+00	3.860253e+00	3.518116e+00
3.196981e+00	2.896318e+00	2.615011e+00	2.350688e+00	2.098530e+00	1.977727e+00
1.862086e+00	1.775233e+00	1.693738e+00	1.674358e+00	1.660206e+00	1.658256e+00
1.655626e+00	1.655195e+00	1.655078e+00	1.656233e+00	1.238328e+01	1.165086e+01
1.096557e+01	1.036114e+01	9.817267e+00	8.828587e+00	7.978494e+00	7.243633e+00
6.600918e+00	6.029713e+00	5.512627e+00	5.041333e+00	4.609907e+00	4.212225e+00
3.841262e+00	3.492305e+00	3.164433e+00	2.857195e+00	2.569041e+00	2.295317e+00
2.031660e+00	1.904169e+00	1.781803e+00	1.689547e+00	1.602536e+00	1.581631e+00
1.566050e+00	1.563998e+00	1.561467e+00	1.561066e+00	1.560926e+00	1.562007e+00
1.250597e+01	1.175901e+01	1.106223e+01	1.045140e+01	9.903489e+00	8.905573e+00
8.048518e+00	7.306469e+00	6.656496e+00	6.077781e+00	5.552887e+00	5.073115e+00
4.637373e+00	4.236176e+00	3.861312e+00	3.507943e+00	3.175328e+00	2.863286e+00
2.570377e+00	2.281902e+00	1.997489e+00	1.858051e+00	1.725739e+00	1.626612e+00
1.531870e+00	1.508693e+00	1.490628e+00	1.488438e+00	1.486319e+00	1.486013e+00
1.485834e+00	1.486373e+00	1.262065e+01	1.186277e+01	1.115802e+01	1.054393e+01
9.994822e+00	8.992947e+00	8.133794e+00	7.387985e+00	6.733769e+00	6.150894e+00
5.622594e+00	5.140370e+00	4.698878e+00	4.290684e+00	3.907788e+00	3.545035e+00
3.202012e+00	2.878964e+00	2.574174e+00	2.274308e+00	1.975404e+00	1.826758e+00
1.684370e+00	1.576335e+00	1.472581e+00	1.446907e+00	1.426190e+00	1.423819e+00
1.422039e+00	1.421818e+00	1.421600e+00	1.421609e+00	1.272026e+01	1.195628e+01
1.124787e+01	1.063398e+01	1.008652e+01	9.084964e+00	8.226216e+00	7.478165e+00
6.820629e+00	6.234197e+00	5.702852e+00	5.217967e+00	4.772732e+00	4.359737e+00
3.970373e+00	3.599038e+00	3.245655e+00	2.910871e+00	2.592090e+00	2.283488e+00
1.977431e+00	1.824314e+00	1.667127e+00	1.540117e+00	1.424049e+00	1.395341e+00
1.371822e+00	1.369095e+00	1.367155e+00	1.366941e+00	1.366668e+00	1.366597e+00
1.280474e+01	1.203864e+01	1.133051e+01	1.072055e+01	1.017828e+01	9.183627e+00
8.330301e+00	7.583902e+00	6.926249e+00	6.339258e+00	5.807988e+00	5.323539e+00
4.878488e+00	4.464624e+00	4.072203e+00	3.695072e+00	3.333669e+00	2.989496e+00
2.660302e+00	2.335158e+00	2.004142e+00	1.835020e+00	1.659497e+00	1.515573e+00
1.384973e+00	1.352941e+00	1.326810e+00	1.323636e+00	1.321080e+00	1.320780e+00
1.320483e+00	1.320708e+00	1.288230e+01	1.211162e+01	1.140110e+01	1.079543e+01
1.026032e+01	9.278523e+00	8.435589e+00	7.696533e+00	7.043863e+00	6.459889e+00
5.929876e+00	5.445200e+00	4.998752e+00	4.582575e+00	4.187101e+00	3.805923e+00
3.438659e+00	3.085641e+00	2.743730e+00	2.401054e+00	2.045280e+00	1.859088e+00
1.666197e+00	1.509730e+00	1.351166e+00	1.316112e+00	1.289213e+00	1.285520e+00
1.281083e+00	1.280330e+00	1.280289e+00	1.281830e+00	1.295182e+01	1.217689e+01
1.146435e+01	1.086393e+01	1.033754e+01	9.372979e+00	8.544276e+00	7.816886e+00
7.173226e+00	6.595382e+00	6.068192e+00	5.583617e+00	5.135488e+00	4.716860e+00
4.319327e+00	3.936572e+00	3.566482e+00	3.206459e+00	2.851323e+00	2.489741e+00
2.108202e+00	1.905003e+00	1.689034e+00	1.506594e+00	1.321325e+00	1.283171e+00
1.256344e+00	1.252161e+00	1.245352e+00	1.243984e+00	1.244336e+00	1.247559e+00
1.296778e+01	1.220855e+01	1.151595e+01	1.093186e+01	1.042054e+01	9.479233e+00
8.664965e+00	7.946324e+00	7.307386e+00	6.732110e+00	6.206965e+00	5.724289e+00
5.277827e+00	4.860471e+00	4.463646e+00	4.080560e+00	3.707943e+00	3.341154e+00
2.973164e+00	2.591835e+00	2.181537e+00	1.959095e+00	1.718045e+00	1.507743e+00
1.298300e+00	1.252539e+00	1.227040e+00	1.223089e+00	1.213340e+00	1.211079e+00
1.212230e+00	1.216846e+00	1.294858e+01	1.222022e+01	1.155650e+01	1.100032e+01
1.051345e+01	9.605663e+00	8.805570e+00	8.089809e+00	7.447837e+00	6.869062e+00
6.344411e+00	5.866105e+00	5.426478e+00	5.016614e+00	4.625421e+00	4.244280e+00
3.869714e+00	3.496870e+00	3.117529e+00	2.716222e+00	2.273421e+00	2.029136e+00
1.762906e+00	1.528675e+00	1.281143e+00	1.224121e+00	1.201428e+00	1.198425e+00
1.185194e+00	1.181748e+00	1.184118e+00	1.189865e+00	1.294868e+01	1.223438e+01
1.158660e+01	1.104994e+01	1.058308e+01	9.706007e+00	8.925238e+00	8.221649e+00
7.586989e+00	7.013182e+00	6.493457e+00	6.020484e+00	5.586281e+00	5.181389e+00
4.793818e+00	4.414187e+00	4.038616e+00	3.661563e+00	3.273172e+00	2.854109e+00
2.379808e+00	2.112699e+00	1.817632e+00	1.555359e+00	1.268931e+00	1.200553e+00
1.178191e+00	1.175759e+00	1.159697e+00	1.155318e+00	1.158645e+00	1.164951e+00
1.295488e+01	1.224657e+01	1.160864e+01	1.108710e+01	1.063746e+01	9.788242e+00
9.029400e+00	8.343883e+00	7.724056e+00	7.162079e+00	6.651272e+00	6.184758e+00
5.755096e+00	5.353392e+00	4.968177e+00	4.590165e+00	4.214897e+00	3.835755e+00
3.440880e+00	3.006758e+00	2.502750e+00	2.212326e+00	1.885086e+00	1.590445e+00
1.262798e+00	1.181258e+00	1.157323e+00	1.155140e+00	1.136683e+00	1.131581e+00
1.135854e+00	1.141822e+00	1.295220e+01	1.225042e+01	1.162202e+01	1.111856e+01
1.068801e+01	9.867281e+00	9.131126e+00	8.463835e+00	7.858734e+00	7.308547e+00
6.807189e+00	6.348243e+00	5.924719e+00	5.528091e+00	5.147263e+00	4.772923e+00
4.400037e+00	4.020945e+00	3.621564e+00	3.173854e+00	2.640355e+00	2.326074e+00
1.965695e+00	1.636410e+00	1.261946e+00	1.168488e+00	1.137838e+00	1.135822e+00
1.116713e+00	1.111185e+00	1.115102e+00	1.120093e+00	1.292984e+01	1.223724e+01
1.162212e+01	1.113818e+01	1.072839e+01	9.938096e+00	9.226488e+00	8.578910e+00
7.989661e+00	7.452156e+00	6.960950e+00	6.510208e+00	6.093517e+00	5.702964e+00
5.328090e+00	4.959760e+00	4.592221e+00	4.216406e+00	3.815333e+00	3.354676e+00
2.788976e+00	2.448689e+00	2.053709e+00	1.690409e+00	1.276485e+00	1.168407e+00
1.111783e+00	1.110684e+00	1.103121e+00	1.098234e+00	1.090955e+00	1.099532e+00
1.290584e+01	1.222352e+01	1.162263e+01	1.115709e+01	1.076724e+01	1.000634e+01
9.318881e+00	8.691041e+00	8.117959e+00	7.593708e+00	7.113419e+00	6.671822e+00
6.263048e+00	5.879782e+00	5.512199e+00	5.151363e+00	4.790883e+00	4.420339e+00
4.019881e+00	3.548728e+00	2.952634e+00	2.586403e+00	2.155551e+00	1.755155e+00
1.296995e+00	1.168783e+00	1.091553e+00	1.090279e+00	1.089726e+00	1.085196e+00
1.070764e+00	1.081161e+00	1.289089e+01	1.221594e+01	1.162632e+01	1.117755e+01
1.080561e+01	1.007114e+01	9.405934e+00	8.796898e+00	8.239811e+00	7.729281e+00
7.260877e+00	6.829777e+00	6.430519e+00	6.056210e+00	5.697466e+00	5.345446e+00
4.993365e+00	4.629810e+00	4.232722e+00	3.756055e+00	3.136305e+00	2.746490e+00
2.278926e+00	1.835942e+00	1.319940e+00	1.172496e+00	1.079861e+00	1.076760e+00
1.075159e+00	1.070468e+00	1.055992e+00	1.065336e+00	1.289818e+01	1.222438e+01
1.164039e+01	1.120339e+01	1.084261e+01	1.012580e+01	9.476924e+00	8.883406e+00
8.341162e+00	7.844940e+00	7.390390e+00	6.972711e+00	6.586376e+00	6.224286e+00
5.876567e+00	5.534073e+00	5.190192e+00	4.833767e+00	4.443040e+00	3.971810e+00
3.346498e+00	2.937697e+00	2.425642e+00	1.926655e+00	1.344008e+00	1.178680e+00
1.077332e+00	1.069198e+00	1.058671e+00	1.054313e+00	1.045003e+00	1.050924e+00
1.290925e+01	1.223720e+01	1.165770e+01	1.122777e+01	1.087652e+01	1.017538e+01
9.541340e+00	8.962444e+00	8.434665e+00	7.952862e+00	7.512730e+00	7.109431e+00
6.737286e+00	6.388836e+00	6.053455e+00	5.721539e+00	5.386803e+00	5.038728e+00
4.656694e+00	4.196306e+00	3.574619e+00	3.150221e+00	2.591340e+00	2.029572e+00
1.371932e+00	1.188406e+00	1.075644e+00	1.063056e+00	1.042534e+00	1.038612e+00
1.035446e+00	1.037660e+00	1.290513e+01	1.223540e+01	1.165905e+01	1.123910e+01
1.090118e+01	1.022006e+01	9.603348e+00	9.040418e+00	8.527565e+00	8.059962e+00
7.633522e+00	7.243581e+00	6.884599e+00	6.549169e+00	6.226554e+00	5.907015e+00
5.584296e+00	5.247811e+00	4.876576e+00	4.424710e+00	3.800902e+00	3.362578e+00
2.768498e+00	2.154203e+00	1.413751e+00	1.204322e+00	1.071744e+00	1.055212e+00
1.030584e+00	1.026784e+00	1.025842e+00	1.025959e+00	1.287629e+01	1.221595e+01
1.165122e+01	1.124444e+01	1.091902e+01	1.025949e+01	9.661557e+00	9.115393e+00
8.617620e+00	8.163837e+00	7.750314e+00	7.372743e+00	7.025966e+00	6.702979e+00
6.393499e+00	6.087972e+00	5.780006e+00	5.458393e+00	5.100403e+00	4.655472e+00
4.025134e+00	3.575297e+00	2.959385e+00	2.307819e+00	1.479936e+00	1.234959e+00
1.066046e+00	1.046086e+00	1.021652e+00	1.017822e+00	1.016368e+00	1.015855e+00
1.284112e+01	1.219079e+01	1.163769e+01	1.124371e+01	1.093237e+01	1.029606e+01
9.717594e+00	9.188335e+00	8.705349e+00	8.264761e+00	7.863282e+00	7.497102e+00
7.161624e+00	6.850530e+00	6.554381e+00	6.264152e+00	5.973216e+00	5.669521e+00
5.327910e+00	4.891272e+00	4.253057e+00	3.791460e+00	3.156107e+00	2.471564e+00
1.560696e+00	1.278221e+00	1.065808e+00	1.037382e+00	1.014527e+00	1.010729e+00
1.005645e+00	1.007531e+00	1.280049e+01	1.216084e+01	1.161942e+01	1.124145e+01
1.094340e+01	1.033023e+01	9.771289e+00	9.258849e+00	8.790418e+00	8.362671e+00
7.972798e+00	7.617556e+00	7.292997e+00	6.993649e+00	6.711156e+00	6.437250e+00
6.165097e+00	5.881744e+00	5.559207e+00	5.132501e+00	4.486379e+00	4.013627e+00
3.362010e+00	2.649121e+00	1.658312e+00	1.336540e+00	1.066023e+00	1.029336e+00
1.008407e+00	1.004656e+00	9.945226e-01	1.000238e+00	1.278015e+01	1.214643e+01
1.161280e+01	1.124116e+01	1.095470e+01	1.035898e+01	9.815275e+00	9.316863e+00
8.861501e+00	8.446180e+00	8.068335e+00	7.725041e+00	7.412723e+00	7.126369e+00
6.858196e+00	6.600419e+00	6.346361e+00	6.082897e+00	5.780877e+00	5.370950e+00
4.730170e+00	4.252514e+00	3.586431e+00	2.841820e+00	1.762251e+00	1.398319e+00
1.067499e+00	1.027334e+00	1.001707e+00	9.979475e-01	9.865614e-01	9.934818e-01
1.277186e+01	1.214104e+01	1.161179e+01	1.124654e+01	1.096623e+01	1.038168e+01
9.848883e+00	9.361495e+00	8.917343e+00	8.513589e+00	8.147767e+00	7.817092e+00
7.518104e+00	7.245819e+00	6.992390e+00	6.750076e+00	6.512728e+00	6.267863e+00
5.987189e+00	5.601888e+00	4.984662e+00	4.511753e+00	3.833882e+00	3.052096e+00
1.872548e+00	1.463839e+00	1.080600e+00	1.028941e+00	9.940403e-01	9.901931e-01
9.813337e-01	9.872469e-01	1.277207e+01	1.214292e+01	1.161588e+01	1.125624e+01
1.098144e+01	1.040640e+01	9.882939e+00	9.405398e+00	8.971595e+00	8.578766e+00
8.224486e+00	7.906047e+00	7.620009e+00	7.361335e+00	7.121918e+00	6.894168e+00
6.672960e+00	6.447121e+00	6.189758e+00	5.832706e+00	5.244058e+00	4.778776e+00
4.092328e+00	3.276586e+00	1.997425e+00	1.540419e+00	1.098209e+00	1.033030e+00
9.870699e-01	9.828522e-01	9.777134e-01	9.824066e-01	1.277192e+01	1.214598e+01
1.162264e+01	1.126858e+01	1.099887e+01	1.043274e+01	9.917439e+00	9.448005e+00
9.022353e+00	8.638058e+00	8.293079e+00	7.984947e+00	7.710450e+00	7.464898e+00
7.240633e+00	7.030007e+00	6.826923e+00	6.619480e+00	6.381421e+00	6.048682e+00
5.493267e+00	5.046135e+00	4.369049e+00	3.529666e+00	2.139950e+00	1.625129e+00
1.115929e+00	1.039561e+00	9.839254e-01	9.793627e-01	9.748435e-01	9.783151e-01
1.275268e+01	1.213670e+01	1.162262e+01	1.127644e+01	1.101338e+01	1.045766e+01
9.950203e+00	9.486828e+00	9.066121e+00	8.686677e+00	8.347432e+00	8.046437e+00
7.781103e+00	7.547808e+00	7.340889e+00	7.152647e+00	6.972277e+00	6.782260e+00
6.554499e+00	6.234790e+00	5.714377e+00	5.302395e+00	4.671984e+00	3.833201e+00
2.302211e+00	1.710695e+00	1.126959e+00	1.043998e+00	9.860192e-01	9.808495e-01
9.722771e-01	9.742225e-01	1.275873e+01	1.214600e+01	1.163330e+01	1.128918e+01
1.102796e+01	1.047706e+01	9.975442e+00	9.519369e+00	9.106939e+00	8.736397e+00
8.406292e+00	8.114726e+00	7.859198e+00	7.635947e+00	7.438711e+00	7.260695e+00
7.095441e+00	6.930304e+00	6.738139e+00	6.453873e+00	5.956832e+00	5.554023e+00
4.938619e+00	4.107400e+00	2.490196e+00	1.829214e+00	1.149649e+00	1.052090e+00
9.857397e-01	9.795298e-01	9.717616e-01	9.713787e-01	1.276045e+01	1.215008e+01
1.164275e+01	1.130040e+01	1.104116e+01	1.049521e+01	9.999187e+00	9.549740e+00
9.144637e+00	8.781943e+00	8.459975e+00	8.176891e+00	7.930319e+00	7.716463e+00
7.528787e+00	7.361339e+00	7.211031e+00	7.069144e+00	6.910151e+00	6.661794e+00
6.193772e+00	5.803739e+00	5.205026e+00	4.382981e+00	2.693244e+00	1.964623e+00
1.179045e+00	1.063660e+00	9.856824e-01	9.781761e-01	9.707456e-01	9.688837e-01
1.275158e+01	1.214907e+01	1.164684e+01	1.130849e+01	1.105243e+01	1.051260e+01
1.002217e+01	9.578166e+00	9.178422e+00	8.821273e+00	8.505298e+00	8.228848e+00
7.989852e+00	7.784871e+00	7.607966e+00	7.453678e+00	7.319307e+00	7.196615e+00
7.061204e+00	6.842845e+00	6.413696e+00	6.047319e+00	5.473380e+00	4.660506e+00
2.908476e+00	2.114549e+00	1.216267e+00	1.081206e+00	9.863995e-01	9.774458e-01
9.680401e-01	9.666443e-01	1.273715e+01	1.214353e+01	1.164739e+01	1.131443e+01
1.106230e+01	1.052935e+01	1.004427e+01	9.604610e+00	9.208610e+00	8.855164e+00
8.543427e+00	8.272071e+00	8.039449e+00	7.842729e+00	7.676770e+00	7.536556e+00
7.418621e+00	7.312603e+00	7.194410e+00	7.003377e+00	6.620805e+00	6.282121e+00
5.730771e+00	4.931436e+00	3.144980e+00	2.280151e+00	1.259515e+00	1.102928e+00
9.883277e-01	9.775327e-01	9.662265e-01	9.646755e-01	1.271869e+01	1.213460e+01
1.164776e+01	1.131965e+01	1.107116e+01	1.054481e+01	1.006471e+01	9.628880e+00
9.236068e+00	8.885753e+00	8.577676e+00	8.310839e+00	8.084012e+00	7.894999e+00
7.739489e+00	7.612929e+00	7.510881e+00	7.420359e+00	7.317521e+00	7.153004e+00
6.819801e+00	6.511549e+00	5.985111e+00	5.204164e+00	3.398733e+00	2.460651e+00
1.309209e+00	1.129081e+00	9.915875e-01	9.777360e-01	9.645220e-01	9.628850e-01
1.270273e+01	1.212871e+01	1.164919e+01	1.132527e+01	1.107850e+01	1.055654e+01
1.008038e+01	9.648162e+00	9.258937e+00	8.912347e+00	8.608344e+00	8.346151e+00
8.124792e+00	7.942455e+00	7.795322e+00	7.679270e+00	7.589982e+00	7.514265e+00
7.429457e+00	7.292343e+00	7.004589e+00	6.727489e+00	6.236094e+00	5.483306e+00
3.657451e+00	2.652548e+00	1.368370e+00	1.161468e+00	9.956181e-01	9.779944e-01
9.619808e-01	9.613062e-01	1.268745e+01	1.212428e+01	1.165278e+01	1.133112e+01
1.108450e+01	1.056546e+01	1.009240e+01	9.663385e+00	9.277694e+00	8.934926e+00
8.635007e+00	8.377274e+00	8.160874e+00	7.984186e+00	7.843666e+00	7.735617e+00
7.656521e+00	7.594454e+00	7.528689e+00	7.418803e+00	7.172691e+00	6.926675e+00
6.477842e+00	5.762368e+00	3.919836e+00	2.857099e+00	1.441062e+00	1.203626e+00
1.001474e+00	9.784666e-01	9.590193e-01	9.599630e-01	1.266369e+01	1.211618e+01
1.165538e+01	1.133697e+01	1.108998e+01	1.057363e+01	1.010325e+01	9.676908e+00
9.294042e+00	8.954271e+00	8.657570e+00	8.403371e+00	8.191009e+00	8.019067e+00
7.884333e+00	7.783540e+00	7.713874e+00	7.664568e+00	7.616697e+00	7.532909e+00
7.326963e+00	7.109827e+00	6.699070e+00	6.023105e+00	4.194485e+00	3.079612e+00
1.522003e+00	1.251096e+00	1.009184e+00	9.797802e-01	9.589625e-01	9.589683e-01
1.263212e+01	1.210448e+01	1.165761e+01	1.134278e+01	1.109500e+01	1.058111e+01
1.011311e+01	9.689141e+00	9.308728e+00	8.971538e+00	8.677616e+00	8.426472e+00
8.217646e+00	8.049909e+00	7.920383e+00	7.826225e+00	7.765307e+00	7.728039e+00
7.697296e+00	7.638785e+00	7.471909e+00	7.282634e+00	6.908526e+00	6.274634e+00
4.481331e+00	3.320115e+00	1.612467e+00	1.304797e+00	1.018996e+00	9.824640e-01
9.592778e-01	9.581464e-01	1.259814e+01	1.209153e+01	1.165903e+01	1.134798e+01
1.109897e+01	1.058732e+01	1.012138e+01	9.699547e+00	9.321285e+00	8.986340e+00
8.694845e+00	8.446432e+00	8.240769e+00	8.076803e+00	7.951898e+00	7.863531e+00
7.810229e+00	7.783528e+00	7.768133e+00	7.732950e+00	7.603700e+00	7.442243e+00
7.105591e+00	6.516052e+00	4.771564e+00	3.573495e+00	1.713958e+00	1.365636e+00
1.030513e+00	9.858263e-01	9.597798e-01	9.574272e-01	1.255994e+01	1.207623e+01
1.165974e+01	1.135233e+01	1.110177e+01	1.059209e+01	1.012795e+01	9.708022e+00
9.331610e+00	8.998547e+00	8.709071e+00	8.463003e+00	8.260098e+00	8.099476e+00
7.978598e+00	7.895108e+00	7.848151e+00	7.830343e+00	7.828182e+00	7.813672e+00
7.719744e+00	7.585819e+00	7.286768e+00	6.742243e+00	5.059323e+00	3.838697e+00
1.830731e+00	1.437052e+00	1.045090e+00	9.907652e-01	9.610565e-01	9.567888e-01
1.252615e+01	1.206471e+01	1.166288e+01	1.135921e+01	1.110684e+01	1.059824e+01
1.013494e+01	9.716026e+00	9.340981e+00	9.009739e+00	8.722517e+00	8.478977e+00
8.278493e+00	8.120172e+00	8.002222e+00	7.923015e+00	7.882128e+00	7.872681e+00
7.882943e+00	7.889821e+00	7.828381e+00	7.715271e+00	7.450892e+00	6.959385e+00
5.354547e+00	4.105668e+00	1.960880e+00	1.520225e+00	1.062108e+00	9.960009e-01
9.639659e-01	9.564888e-01	1.249555e+01	1.205473e+01	1.166663e+01	1.136629e+01
1.111209e+01	1.060388e+01	1.014089e+01	9.722661e+00	9.348817e+00	9.019289e+00
8.734212e+00	8.493002e+00	8.294603e+00	8.138093e+00	8.022536e+00	7.947122e+00
7.911697e+00	7.909635e+00	7.930703e+00	7.957032e+00	7.925646e+00	7.831440e+00
7.600176e+00	7.162281e+00	5.646887e+00	4.378784e+00	2.106830e+00	1.615095e+00
1.082463e+00	1.002585e+00	9.682993e-01	9.562711e-01	1.246564e+01	1.204252e+01
1.166678e+01	1.136921e+01	1.111373e+01	1.060641e+01	1.014407e+01	9.726952e+00
9.354462e+00	9.026397e+00	8.742790e+00	8.503116e+00	8.306509e+00	8.152208e+00
8.039355e+00	7.967343e+00	7.936230e+00	7.939934e+00	7.969213e+00	8.009245e+00
8.005848e+00	7.936495e+00	7.740067e+00	7.343408e+00	5.914948e+00	4.672263e+00
2.271783e+00	1.716586e+00	1.107047e+00	1.014024e+00	9.704336e-01	9.558199e-01
1.243923e+01	1.203110e+01	1.166653e+01	1.137121e+01	1.111467e+01	1.060809e+01
1.014644e+01	9.730284e+00	9.358934e+00	9.032000e+00	8.749288e+00	8.510628e+00
8.315725e+00	8.164050e+00	8.054113e+00	7.984946e+00	7.957093e+00	7.965504e+00
8.002055e+00	8.052942e+00	8.074502e+00	8.031639e+00	7.871518e+00	7.504672e+00
6.149682e+00	4.982964e+00	2.463485e+00	1.827762e+00	1.135102e+00	1.031191e+00
9.688855e-01	9.551639e-01	1.241921e+01	1.202428e+01	1.166721e+01	1.137444e+01
1.111670e+01	1.061097e+01	1.015009e+01	9.734823e+00	9.364464e+00	9.038492e+00
8.756641e+00	8.518980e+00	8.325573e+00	8.176015e+00	8.068431e+00	8.001747e+00
7.976914e+00	7.989637e+00	8.032780e+00	8.093816e+00	8.136852e+00	8.115950e+00
7.990302e+00	7.660382e+00	6.385568e+00	5.285221e+00	2.672680e+00	1.954197e+00
1.167793e+00	1.049408e+00	9.688006e-01	9.549740e-01	1.240495e+01	1.202082e+01
1.167160e+01	1.138008e+01	1.112136e+01	1.061633e+01	1.015610e+01	9.741358e+00
9.371553e+00	9.046221e+00	8.765251e+00	8.528635e+00	8.336362e+00	8.188052e+00
8.082004e+00	8.017410e+00	7.995428e+00	8.012070e+00	8.061003e+00	8.131628e+00
8.192112e+00	8.187232e+00	8.092535e+00	7.809256e+00	6.625595e+00	5.565132e+00
2.896649e+00	2.101554e+00	1.207583e+00	1.067823e+00	9.735928e-01	9.550825e-01
1.239009e+01	1.201583e+01	1.167284e+01	1.138315e+01	1.112329e+01	1.061903e+01
1.015954e+01	9.745408e+00	9.376095e+00	9.051313e+00	8.771066e+00	8.535330e+00
8.344069e+00	8.196904e+00	8.092249e+00	8.029457e+00	8.009868e+00	8.029776e+00
8.083525e+00	8.162252e+00	8.237825e+00	8.247152e+00	8.180322e+00	7.939838e+00
6.848105e+00	5.838244e+00	3.136432e+00	2.264370e+00	1.254025e+00	1.090951e+00
9.784477e-01	9.549783e-01	1.237540e+01	1.201015e+01	1.167359e+01	1.138525e+01
1.112453e+01	1.062084e+01	1.016203e+01	9.748461e+00	9.379593e+00	9.055302e+00
8.775696e+00	8.540745e+00	8.350395e+00	8.204259e+00	8.100863e+00	8.039690e+00
8.022242e+00	8.045057e+00	8.103090e+00	8.189112e+00	8.278304e+00	8.300503e+00
8.259421e+00	8.059945e+00	7.061909e+00	6.107835e+00	3.392367e+00	2.443286e+00
1.306717e+00	1.117922e+00	9.839498e-01	9.547821e-01	1.236089e+01	1.200399e+01
1.167326e+01	1.138555e+01	1.112444e+01	1.062106e+01	1.016289e+01	9.749849e+00
9.381450e+00	9.057633e+00	8.778606e+00	8.544345e+00	8.354808e+00	8.209603e+00
8.107343e+00	8.047598e+00	8.032017e+00	8.057341e+00	8.119101e+00	8.211527e+00
8.312697e+00	8.346120e+00	8.327612e+00	8.165994e+00	7.262347e+00	6.367508e+00
3.660426e+00	2.638872e+00	1.366765e+00	1.149438e+00	9.902286e-01	9.546400e-01
1.234707e+01	1.199760e+01	1.167184e+01	1.138556e+01	1.112361e+01	1.062097e+01
1.016324e+01	9.750560e+00	9.382528e+00	9.059090e+00	8.780528e+00	8.546822e+00
8.357956e+00	8.213536e+00	8.112241e+00	8.053702e+00	8.039692e+00	8.067118e+00
8.132023e+00	8.229906e+00	8.341317e+00	8.384269e+00	8.385028e+00	8.257419e+00
7.446264e+00	6.612602e+00	3.938466e+00	2.852970e+00	1.437387e+00	1.188102e+00
9.977809e-01	9.545326e-01	1.233570e+01	1.199360e+01	1.167219e+01	1.138675e+01
1.112441e+01	1.062194e+01	1.016475e+01	9.752472e+00	9.384830e+00	9.061778e+00
8.783646e+00	8.550192e+00	8.361812e+00	8.218156e+00	8.118120e+00	8.060723e+00
8.048200e+00	8.077641e+00	8.143569e+00	8.245625e+00	8.366482e+00	8.418289e+00
8.435638e+00	8.337650e+00	7.614868e+00	6.843681e+00	4.223531e+00	3.080259e+00
1.518440e+00	1.233865e+00	1.007029e+00	9.544810e-01	1.232596e+01	1.199055e+01
1.167353e+01	1.138956e+01	1.112646e+01	1.062427e+01	1.016727e+01	9.755169e+00
9.387790e+00	9.065029e+00	8.787211e+00	8.553872e+00	8.365850e+00	8.222863e+00
8.124012e+00	8.067635e+00	8.056445e+00	8.087712e+00	8.154209e+00	8.259876e+00
8.389297e+00	8.449128e+00	8.481235e+00	8.410303e+00	7.773564e+00	7.065769e+00
4.517873e+00	3.322784e+00	1.610431e+00	1.287093e+00	1.017910e+00	9.544469e-01
1.232387e+01	1.199019e+01	1.167500e+01	1.139041e+01	1.112671e+01	1.062433e+01
1.016731e+01	9.755363e+00	9.388235e+00	9.065766e+00	8.788214e+00	8.555881e+00
8.368412e+00	8.225510e+00	8.125570e+00	8.069013e+00	8.057885e+00	8.090322e+00
8.165874e+00	8.277675e+00	8.410219e+00	8.472731e+00	8.515170e+00	8.470521e+00
7.921837e+00	7.271658e+00	4.812888e+00	3.578221e+00	1.712995e+00	1.347638e+00
1.029996e+00	9.543272e-01	1.232748e+01	1.199366e+01	1.167679e+01	1.138994e+01
1.112318e+01	1.061835e+01	1.016107e+01	9.750139e+00	9.384660e+00	9.064100e+00
8.788196e+00	8.556656e+00	8.369707e+00	8.226616e+00	8.125224e+00	8.064825e+00
8.051235e+00	8.089629e+00	8.179349e+00	8.302363e+00	8.429143e+00	8.489306e+00
8.538039e+00	8.517649e+00	8.057731e+00	7.456467e+00	5.101929e+00	3.845202e+00
1.829539e+00	1.419246e+00	1.043939e+00	9.538083e-01	1.232685e+01	1.199426e+01
1.167898e+01	1.139115e+01	1.112361e+01	1.061835e+01	1.016110e+01	9.750416e+00
9.385297e+00	9.065127e+00	8.789577e+00	8.558846e+00	8.372301e+00	8.229200e+00
8.126838e+00	8.065862e+00	8.052051e+00	8.092002e+00	8.188886e+00	8.316549e+00
8.444829e+00	8.507127e+00	8.564135e+00	8.563952e+00	8.176499e+00	7.631925e+00
5.391033e+00	4.119494e+00	1.967213e+00	1.501311e+00	1.060489e+00	9.537770e-01
1.232189e+01	1.199364e+01	1.168022e+01	1.139321e+01	1.112536e+01	1.062024e+01
1.016311e+01	9.752526e+00	9.387556e+00	9.067554e+00	8.792197e+00	8.561400e+00
8.374987e+00	8.232226e+00	8.130624e+00	8.070215e+00	8.057193e+00	8.098275e+00
8.195217e+00	8.324659e+00	8.457169e+00	8.524131e+00	8.590389e+00	8.606633e+00
8.279250e+00	7.794433e+00	5.675369e+00	4.398933e+00	2.127536e+00	1.596102e+00
1.080563e+00	9.539806e-01	1.231506e+01	1.198998e+01	1.167916e+01	1.139282e+01
1.112474e+01	1.061996e+01	1.016296e+01	9.752529e+00	9.387704e+00	9.067842e+00
8.792639e+00	8.561984e+00	8.375759e+00	8.233260e+00	8.132020e+00	8.072119e+00
8.059719e+00	8.101499e+00	8.198663e+00	8.329510e+00	8.466145e+00	8.537225e+00
8.610926e+00	8.641046e+00	8.368960e+00	7.938787e+00	5.948445e+00	4.682066e+00
2.303028e+00	1.705847e+00	1.104836e+00	9.541324e-01	1.229870e+01	1.198161e+01
1.167738e+01	1.139470e+01	1.112855e+01	1.062590e+01	1.016894e+01	9.757953e+00
9.392212e+00	9.071394e+00	8.795403e+00	8.564226e+00	8.377876e+00	8.236019e+00
8.137204e+00	8.081639e+00	8.072833e+00	8.111388e+00	8.196676e+00	8.321368e+00
8.472361e+00	8.554283e+00	8.635752e+00	8.672963e+00	8.448422e+00	8.071035e+00
6.213723e+00	4.968490e+00	2.495065e+00	1.838464e+00	1.132931e+00	9.542837e-01
1.229074e+01	1.197801e+01	1.167681e+01	1.139596e+01	1.113064e+01	1.062934e+01
1.017290e+01	9.761692e+00	9.395286e+00	9.073711e+00	8.797212e+00	8.565847e+00
8.379576e+00	8.238246e+00	8.140911e+00	8.087645e+00	8.080706e+00	8.117829e+00
8.196185e+00	8.318250e+00	8.478529e+00	8.567481e+00	8.654676e+00	8.699092e+00
8.518107e+00	8.188110e+00	6.467680e+00	5.256693e+00	2.702580e+00	1.984580e+00
1.165387e+00	9.543199e-01	1.228926e+01	1.197763e+01	1.167721e+01	1.139629e+01
1.113088e+01	1.062987e+01	1.017388e+01	9.762722e+00	9.396138e+00	9.074333e+00
8.797767e+00	8.566540e+00	8.380532e+00	8.239512e+00	8.142462e+00	8.089409e+00
8.082716e+00	8.120172e+00	8.200006e+00	8.323318e+00	8.485236e+00	8.575944e+00
8.666792e+00	8.719164e+00	8.577765e+00	8.288573e+00	6.706038e+00	5.543229e+00
2.925809e+00	2.142260e+00	1.203756e+00	9.542430e-01	