6.166593e-02	6.271331e-02	6.388510e-02	6.527358e-02	6.686517e-02	7.054366e-02
7.481954e-02	7.952302e-02	8.464326e-02	9.017486e-02	9.613433e-02	1.026846e-01
1.101841e-01	1.188146e-01	1.280808e-01	1.374194e-01	1.467404e-01	1.562759e-01
1.662263e-01	1.760537e-01	1.837536e-01	1.856952e-01	1.869136e-01	1.879050e-01
1.904134e-01	1.906306e-01	1.901462e-01	1.907963e-01	1.918085e-01	1.914299e-01
1.918656e-01	1.889711e-01	7.149369e-02	7.273595e-02	7.411466e-02	7.573137e-02
7.757149e-02	8.179744e-02	8.668150e-02	9.203753e-02	9.785256e-02	1.041191e-01
1.108534e-01	1.182302e-01	1.266344e-01	1.362588e-01	1.465688e-01	1.569597e-01
1.673291e-01	1.779090e-01	1.888914e-01	1.996932e-01	2.081681e-01	2.103484e-01
2.117578e-01	2.129049e-01	2.156699e-01	2.159322e-01	2.154511e-01	2.161377e-01
2.172034e-01	2.168059e-01	2.172639e-01	2.142212e-01	8.288771e-02	8.436036e-02
8.598222e-02	8.786465e-02	8.999208e-02	9.484652e-02	1.004241e-01	1.065214e-01
1.131233e-01	1.202196e-01	1.278261e-01	1.361292e-01	1.455407e-01	1.562641e-01
1.677255e-01	1.792784e-01	1.908064e-01	2.025367e-01	2.146470e-01	2.265068e-01
2.358265e-01	2.382746e-01	2.399042e-01	2.412310e-01	2.442764e-01	2.445921e-01
2.441235e-01	2.448448e-01	2.459606e-01	2.455457e-01	2.460244e-01	2.428452e-01
9.609760e-02	9.784255e-02	9.975006e-02	1.019419e-01	1.044014e-01	1.099773e-01
1.163454e-01	1.232847e-01	1.307771e-01	1.388098e-01	1.473975e-01	1.567381e-01
1.672698e-01	1.792066e-01	1.919361e-01	2.047708e-01	2.175778e-01	2.305736e-01
2.439144e-01	2.569207e-01	2.671596e-01	2.699083e-01	2.717918e-01	2.733257e-01
2.766773e-01	2.770559e-01	2.766117e-01	2.773648e-01	2.785252e-01	2.780953e-01
2.785920e-01	2.752940e-01	1.114128e-01	1.134794e-01	1.157225e-01	1.182744e-01
1.211180e-01	1.275219e-01	1.347909e-01	1.426859e-01	1.511860e-01	1.602748e-01
1.699654e-01	1.804669e-01	1.922429e-01	2.055175e-01	2.196414e-01	2.338881e-01
2.481054e-01	2.624916e-01	2.771724e-01	2.914185e-01	3.026559e-01	3.057417e-01
3.079178e-01	3.096905e-01	3.133759e-01	3.138285e-01	3.134234e-01	3.142041e-01
3.154012e-01	3.149597e-01	3.154708e-01	3.120786e-01	1.291687e-01	1.316153e-01
1.342525e-01	1.372238e-01	1.405111e-01	1.478654e-01	1.561607e-01	1.651404e-01
1.747799e-01	1.850590e-01	1.959887e-01	2.077880e-01	2.209445e-01	2.356913e-01
2.513459e-01	2.671456e-01	2.829162e-01	2.988279e-01	3.149653e-01	3.305484e-01
3.428684e-01	3.463325e-01	3.488456e-01	3.508934e-01	3.549421e-01	3.554817e-01
3.551341e-01	3.559363e-01	3.571595e-01	3.567108e-01	3.572314e-01	3.537782e-01
1.497545e-01	1.526497e-01	1.557495e-01	1.592090e-01	1.630095e-01	1.714542e-01
1.809186e-01	1.911285e-01	2.020558e-01	2.136756e-01	2.259964e-01	2.392454e-01
2.539312e-01	2.702951e-01	2.876268e-01	3.051322e-01	3.226111e-01	3.401943e-01
3.579112e-01	3.749325e-01	3.884237e-01	3.923121e-01	3.952135e-01	3.975782e-01
4.020218e-01	4.026635e-01	4.023957e-01	4.032114e-01	4.044465e-01	4.039965e-01
4.045201e-01	4.010498e-01	1.736210e-01	1.770456e-01	1.806888e-01	1.847167e-01
1.891102e-01	1.988062e-01	2.096015e-01	2.212063e-01	2.335883e-01	2.467175e-01
2.605986e-01	2.754651e-01	2.918427e-01	3.099795e-01	3.291447e-01	3.485203e-01
3.678755e-01	3.872869e-01	4.067128e-01	4.252762e-01	4.400318e-01	4.443961e-01
4.477445e-01	4.504743e-01	4.553460e-01	4.561074e-01	4.559470e-01	4.567654e-01
4.579942e-01	4.575503e-01	4.580687e-01	4.546377e-01	2.012911e-01	2.053405e-01
2.096215e-01	2.143110e-01	2.193902e-01	2.305216e-01	2.428320e-01	2.560174e-01
2.700418e-01	2.848688e-01	3.004987e-01	3.171682e-01	3.354144e-01	3.554903e-01
3.766556e-01	3.980779e-01	4.194909e-01	4.408985e-01	4.621686e-01	4.823797e-01
4.984968e-01	5.033949e-01	5.072578e-01	5.104079e-01	5.157433e-01	5.166448e-01
5.166248e-01	5.174325e-01	5.186315e-01	5.182033e-01	5.187058e-01	5.153859e-01
2.333711e-01	2.381573e-01	2.431870e-01	2.486468e-01	2.545185e-01	2.672965e-01
2.813307e-01	2.963068e-01	3.121841e-01	3.289196e-01	3.465078e-01	3.651847e-01
3.854913e-01	4.076828e-01	4.310246e-01	4.546823e-01	4.783481e-01	5.019315e-01
5.251859e-01	5.471507e-01	5.647298e-01	5.702264e-01	5.746815e-01	5.783154e-01
5.841516e-01	5.852172e-01	5.853777e-01	5.861572e-01	5.872969e-01	5.868965e-01
5.873698e-01	5.842514e-01	2.705636e-01	2.762188e-01	2.821272e-01	2.884836e-01
2.952715e-01	3.099381e-01	3.259331e-01	3.429365e-01	3.609031e-01	3.797823e-01
3.995614e-01	4.204706e-01	4.430446e-01	4.675383e-01	4.932415e-01	5.193356e-01
5.454635e-01	5.714132e-01	5.967956e-01	6.206189e-01	6.397628e-01	6.459306e-01
6.510670e-01	6.552577e-01	6.616336e-01	6.628908e-01	6.632804e-01	6.640099e-01
6.650536e-01	6.646956e-01	6.651232e-01	6.623185e-01	3.136836e-01	3.203631e-01
3.273026e-01	3.347030e-01	3.425498e-01	3.593823e-01	3.776069e-01	3.969043e-01
4.172251e-01	4.385102e-01	4.607380e-01	4.841263e-01	5.091905e-01	5.361816e-01
5.644392e-01	5.931822e-01	6.219955e-01	6.505132e-01	6.781695e-01	7.039518e-01
7.247652e-01	7.316854e-01	7.376055e-01	7.424368e-01	7.493929e-01	7.508738e-01
7.515504e-01	7.522030e-01	7.531049e-01	7.528078e-01	7.531693e-01	7.508169e-01
3.636757e-01	3.715625e-01	3.797117e-01	3.883273e-01	3.973981e-01	4.167143e-01
4.374730e-01	4.593649e-01	4.823366e-01	5.063194e-01	5.312813e-01	5.574189e-01
5.852119e-01	6.149030e-01	6.459140e-01	6.775293e-01	7.092655e-01	7.405628e-01
7.706387e-01	7.984743e-01	8.210614e-01	8.288251e-01	8.356465e-01	8.412148e-01
8.487926e-01	8.505344e-01	8.515674e-01	8.521097e-01	8.528141e-01	8.526002e-01
8.528705e-01	8.511404e-01	4.216350e-01	4.309444e-01	4.405128e-01	4.505431e-01
4.610287e-01	4.831924e-01	5.068303e-01	5.316550e-01	5.576093e-01	5.846144e-01
6.126255e-01	6.418074e-01	6.725832e-01	7.051822e-01	7.391494e-01	7.738701e-01
8.087800e-01	8.430780e-01	8.757163e-01	9.056886e-01	9.301520e-01	9.388613e-01
9.467190e-01	9.531347e-01	9.613767e-01	9.634226e-01	9.648949e-01	9.652859e-01
9.657245e-01	9.656210e-01	9.657697e-01	9.648691e-01	4.888314e-01	4.998165e-01
5.110496e-01	5.227267e-01	5.348477e-01	5.602757e-01	5.871836e-01	6.153214e-01
6.446290e-01	6.750166e-01	7.064242e-01	7.389716e-01	7.729989e-01	8.087161e-01
8.458431e-01	8.839101e-01	9.222571e-01	9.597841e-01	9.951213e-01	1.027299e+00
1.053737e+00	1.063506e+00	1.072555e+00	1.079945e+00	1.088894e+00	1.091294e+00
1.093304e+00	1.093494e+00	1.093584e+00	1.093624e+00	1.093614e+00	1.093794e+00
5.667078e-01	5.796997e-01	5.929153e-01	6.065338e-01	6.205646e-01	6.497660e-01
6.804156e-01	7.123344e-01	7.454636e-01	7.796975e-01	8.149542e-01	8.512802e-01
8.888830e-01	9.279409e-01	9.684522e-01	1.010180e+00	1.052347e+00	1.093444e+00
1.131663e+00	1.166094e+00	1.194579e+00	1.205553e+00	1.216003e+00	1.224533e+00
1.234217e+00	1.237062e+00	1.239803e+00	1.239687e+00	1.239255e+00	1.239506e+00
1.239265e+00	1.241034e+00	6.570155e-01	6.723467e-01	6.878662e-01	7.037277e-01
7.199526e-01	7.534571e-01	7.883328e-01	8.244906e-01	8.618728e-01	9.003598e-01
9.398466e-01	9.802921e-01	1.021740e+00	1.064332e+00	1.108404e+00	1.154002e+00
1.200211e+00	1.245054e+00	1.286230e+00	1.322932e+00	1.353553e+00	1.365866e+00
1.377903e+00	1.387730e+00	1.398196e+00	1.401536e+00	1.405103e+00	1.404633e+00
1.403599e+00	1.404095e+00	1.403584e+00	1.407193e+00	7.620692e-01	7.799483e-01
7.979855e-01	8.163132e-01	8.349611e-01	8.732228e-01	9.127386e-01	9.534534e-01
9.952971e-01	1.038160e+00	1.081934e+00	1.126540e+00	1.171916e+00	1.218191e+00
1.265900e+00	1.315246e+00	1.365182e+00	1.413407e+00	1.457316e+00	1.496308e+00
1.529265e+00	1.542979e+00	1.556660e+00	1.567869e+00	1.579252e+00	1.582970e+00
1.587087e+00	1.586435e+00	1.585081e+00	1.585712e+00	1.585025e+00	1.589733e+00
8.840280e-01	9.046291e-01	9.253676e-01	9.463611e-01	9.676424e-01	1.011081e+00
1.055603e+00	1.101106e+00	1.147495e+00	1.194705e+00	1.242661e+00	1.291318e+00
1.340593e+00	1.390627e+00	1.441946e+00	1.494736e+00	1.547841e+00	1.598861e+00
1.645148e+00	1.686415e+00	1.721924e+00	1.737080e+00	1.752416e+00	1.765063e+00
1.777521e+00	1.781448e+00	1.785717e+00	1.785126e+00	1.783850e+00	1.784465e+00
1.783743e+00	1.788469e+00	1.023349e+00	1.046964e+00	1.070670e+00	1.094552e+00
1.118650e+00	1.167530e+00	1.217187e+00	1.267491e+00	1.318344e+00	1.369748e+00
1.421733e+00	1.474272e+00	1.527236e+00	1.580739e+00	1.635275e+00	1.690994e+00
1.746690e+00	1.799973e+00	1.848288e+00	1.891644e+00	1.929680e+00	1.946333e+00
1.963335e+00	1.977395e+00	1.991021e+00	1.995064e+00	1.999229e+00	1.998844e+00
1.997889e+00	1.998393e+00	1.997801e+00	2.001714e+00	1.182816e+00	1.209754e+00
1.236715e+00	1.263727e+00	1.290844e+00	1.345466e+00	1.400408e+00	1.455521e+00
1.510730e+00	1.566130e+00	1.621935e+00	1.678131e+00	1.734535e+00	1.791204e+00
1.848546e+00	1.906642e+00	1.964288e+00	2.019238e+00	2.069189e+00	2.114439e+00
2.155004e+00	2.173214e+00	2.191903e+00	2.207373e+00	2.222270e+00	2.226327e+00
2.230119e+00	2.230095e+00	2.229722e+00	2.230017e+00	2.229706e+00	2.231965e+00
1.362915e+00	1.393437e+00	1.423883e+00	1.454209e+00	1.484480e+00	1.544994e+00
1.605190e+00	1.664905e+00	1.724099e+00	1.783023e+00	1.842129e+00	1.901425e+00
1.960691e+00	2.019900e+00	2.079365e+00	2.139102e+00	2.197940e+00	2.253860e+00
2.304906e+00	2.351700e+00	2.394638e+00	2.414383e+00	2.434701e+00	2.451505e+00
2.467701e+00	2.471711e+00	2.474975e+00	2.475403e+00	2.475760e+00	2.475771e+00
2.475806e+00	2.476022e+00	1.564369e+00	1.598658e+00	1.632741e+00	1.666469e+00
1.699930e+00	1.766269e+00	1.831426e+00	1.895232e+00	1.957695e+00	2.019319e+00
2.080862e+00	2.142356e+00	2.203578e+00	2.264387e+00	2.325013e+00	2.385431e+00
2.444527e+00	2.500568e+00	2.552007e+00	2.599876e+00	2.644957e+00	2.666152e+00
2.687954e+00	2.705933e+00	2.723429e+00	2.727329e+00	2.729878e+00	2.730878e+00
2.732124e+00	2.731721e+00	2.732216e+00	2.729975e+00	1.788534e+00	1.826744e+00
1.864552e+00	1.901645e+00	1.938146e+00	2.009770e+00	2.079138e+00	2.146201e+00
2.211104e+00	2.274556e+00	2.337655e+00	2.400493e+00	2.462910e+00	2.524599e+00
2.585401e+00	2.645019e+00	2.702654e+00	2.757593e+00	2.809223e+00	2.858002e+00
2.904568e+00	2.927153e+00	2.950285e+00	2.969199e+00	2.987912e+00	2.991618e+00
2.993616e+00	2.994868e+00	2.997028e+00	2.996919e+00	2.997077e+00	2.992551e+00
2.034900e+00	2.077208e+00	2.118823e+00	2.159202e+00	2.198514e+00	2.274644e+00
2.347167e+00	2.416354e+00	2.482555e+00	2.546664e+00	2.610121e+00	2.673097e+00
2.735503e+00	2.796865e+00	2.856546e+00	2.913936e+00	2.968699e+00	3.021451e+00
3.072720e+00	3.121984e+00	3.169432e+00	3.193137e+00	3.217331e+00	3.236974e+00
3.256722e+00	3.260200e+00	3.261790e+00	3.263090e+00	3.266101e+00	3.266656e+00
3.266037e+00	3.259426e+00	2.301021e+00	2.347733e+00	2.393336e+00	2.436995e+00
2.478918e+00	2.558757e+00	2.633226e+00	2.703186e+00	2.769183e+00	2.832390e+00
2.894551e+00	2.955892e+00	3.016288e+00	3.075231e+00	3.132093e+00	3.186366e+00
3.237958e+00	3.287977e+00	3.337515e+00	3.386243e+00	3.434251e+00	3.458445e+00
3.483259e+00	3.503538e+00	3.523999e+00	3.527342e+00	3.528516e+00	3.530051e+00
3.533693e+00	3.534300e+00	3.533545e+00	3.525037e+00	2.587171e+00	2.638319e+00
2.687840e+00	2.734505e+00	2.778619e+00	2.860976e+00	2.935894e+00	3.005004e+00
3.069131e+00	3.129665e+00	3.188664e+00	3.246460e+00	3.302995e+00	3.357818e+00
3.410376e+00	3.460287e+00	3.507718e+00	3.554190e+00	3.601236e+00	3.648648e+00
3.696403e+00	3.720717e+00	3.745736e+00	3.766276e+00	3.787131e+00	3.790466e+00
3.791495e+00	3.793129e+00	3.797042e+00	3.797708e+00	3.796990e+00	3.787801e+00
2.892752e+00	2.948303e+00	3.001599e+00	3.050921e+00	3.096696e+00	3.180127e+00
3.253734e+00	3.320165e+00	3.380556e+00	3.436496e+00	3.490323e+00	3.542517e+00
3.593207e+00	3.642112e+00	3.688839e+00	3.733205e+00	3.775586e+00	3.817746e+00
3.861459e+00	3.906659e+00	3.953241e+00	3.977228e+00	4.001988e+00	4.022384e+00
4.043244e+00	4.046694e+00	4.047876e+00	4.049469e+00	4.053234e+00	4.053889e+00
4.053304e+00	4.044631e+00	3.211876e+00	3.271591e+00	3.328307e+00	3.379713e+00
3.426380e+00	3.508953e+00	3.579028e+00	3.640563e+00	3.695019e+00	3.744176e+00
3.790612e+00	3.834989e+00	3.877735e+00	3.918862e+00	3.958239e+00	3.995976e+00
4.032554e+00	4.069731e+00	4.109248e+00	4.151225e+00	4.195541e+00	4.218640e+00
4.242568e+00	4.262326e+00	4.282695e+00	4.286384e+00	4.288054e+00	4.289444e+00
4.292574e+00	4.293124e+00	4.292734e+00	4.285924e+00	3.542090e+00	3.606398e+00
3.666642e+00	3.719681e+00	3.766300e+00	3.845245e+00	3.908492e+00	3.962260e+00
4.008449e+00	4.048908e+00	4.086291e+00	4.121268e+00	4.154413e+00	4.186034e+00
4.216482e+00	4.246353e+00	4.276233e+00	4.307662e+00	4.342210e+00	4.380146e+00
4.421103e+00	4.442500e+00	4.464898e+00	4.483625e+00	4.502969e+00	4.506914e+00
4.509238e+00	4.510373e+00	4.512520e+00	4.512798e+00	4.512682e+00	4.508565e+00
3.889202e+00	3.957339e+00	4.020315e+00	4.074171e+00	4.119915e+00	4.193557e+00
4.248151e+00	4.292039e+00	4.327639e+00	4.357055e+00	4.383254e+00	4.406956e+00
4.428841e+00	4.449538e+00	4.469955e+00	4.491195e+00	4.513845e+00	4.538919e+00
4.567574e+00	4.600401e+00	4.637079e+00	4.656375e+00	4.676764e+00	4.693989e+00
4.711915e+00	4.716091e+00	4.719119e+00	4.719923e+00	4.720941e+00	4.720955e+00
4.721064e+00	4.720083e+00	4.250606e+00	4.317399e+00	4.378920e+00	4.431204e+00
4.475245e+00	4.544737e+00	4.592757e+00	4.626165e+00	4.647985e+00	4.661904e+00
4.672852e+00	4.682181e+00	4.690736e+00	4.699471e+00	4.709697e+00	4.722745e+00
4.738753e+00	4.757244e+00	4.778167e+00	4.803361e+00	4.834432e+00	4.851761e+00
4.869631e+00	4.884207e+00	4.900210e+00	4.904492e+00	4.908091e+00	4.908355e+00
4.908350e+00	4.908464e+00	4.908386e+00	4.910660e+00	4.619676e+00	4.680021e+00
4.736022e+00	4.784350e+00	4.825709e+00	4.891561e+00	4.934371e+00	4.956395e+00
4.961418e+00	4.955969e+00	4.948332e+00	4.940908e+00	4.934663e+00	4.930793e+00
4.930817e+00	4.936019e+00	4.945762e+00	4.957427e+00	4.969249e+00	4.984982e+00
5.009360e+00	5.024667e+00	5.039562e+00	5.050686e+00	5.064337e+00	5.068573e+00
5.072572e+00	5.072190e+00	5.071297e+00	5.071749e+00	5.071216e+00	5.076633e+00
4.991073e+00	5.046438e+00	5.097593e+00	5.141262e+00	5.178080e+00	5.234607e+00
5.265993e+00	5.272638e+00	5.259178e+00	5.234156e+00	5.208079e+00	5.184105e+00
5.163251e+00	5.146700e+00	5.135848e+00	5.131634e+00	5.133000e+00	5.136217e+00
5.138637e+00	5.144887e+00	5.161137e+00	5.173035e+00	5.184069e+00	5.191603e+00
5.202174e+00	5.205876e+00	5.209721e+00	5.208981e+00	5.207554e+00	5.208216e+00
5.207394e+00	5.214874e+00	5.370067e+00	5.421072e+00	5.467475e+00	5.505652e+00
5.536333e+00	5.579131e+00	5.594510e+00	5.582703e+00	5.549183e+00	5.503968e+00
5.459121e+00	5.418368e+00	5.382716e+00	5.353185e+00	5.330883e+00	5.316271e+00
5.308071e+00	5.301940e+00	5.294713e+00	5.291383e+00	5.298779e+00	5.306617e+00
5.313391e+00	5.317287e+00	5.324465e+00	5.327433e+00	5.330897e+00	5.329914e+00
5.328106e+00	5.328926e+00	5.327883e+00	5.336938e+00	5.752408e+00	5.804600e+00
5.849823e+00	5.882811e+00	5.904984e+00	5.924749e+00	5.913407e+00	5.877519e+00
5.823531e+00	5.760571e+00	5.699270e+00	5.643021e+00	5.592663e+00	5.548997e+00
5.513290e+00	5.485954e+00	5.465828e+00	5.448779e+00	5.431776e+00	5.419191e+00
5.416412e+00	5.418476e+00	5.420040e+00	5.420457e+00	5.423303e+00	5.425332e+00
5.428266e+00	5.427062e+00	5.424971e+00	5.425663e+00	5.424714e+00	5.434733e+00
6.128624e+00	6.190793e+00	6.240916e+00	6.269862e+00	6.280572e+00	6.264913e+00
6.213508e+00	6.147611e+00	6.073786e+00	5.997057e+00	5.922973e+00	5.853472e+00
5.789051e+00	5.730295e+00	5.679295e+00	5.637034e+00	5.602922e+00	5.573896e+00
5.547618e+00	5.526773e+00	5.513273e+00	5.508396e+00	5.504361e+00	5.501815e+00
5.499973e+00	5.500979e+00	5.503303e+00	5.501934e+00	5.499689e+00	5.500011e+00
5.499424e+00	5.509968e+00	6.521742e+00	6.583311e+00	6.629789e+00	6.649966e+00
6.647812e+00	6.599924e+00	6.514009e+00	6.419053e+00	6.321969e+00	6.226061e+00
6.134854e+00	6.049437e+00	5.969748e+00	5.895859e+00	5.830226e+00	5.774013e+00
5.726704e+00	5.685397e+00	5.647779e+00	5.615947e+00	5.590785e+00	5.579684e+00
5.569828e+00	5.563030e+00	5.556284e+00	5.556403e+00	5.558316e+00	5.556553e+00
5.553781e+00	5.554115e+00	5.553571e+00	5.563857e+00	6.929167e+00	6.981306e+00
7.017264e+00	7.024840e+00	7.008463e+00	6.929924e+00	6.812712e+00	6.688631e+00
6.565188e+00	6.445832e+00	6.334320e+00	6.231188e+00	6.135461e+00	6.046437e+00
5.966574e+00	5.897025e+00	5.837001e+00	5.783138e+00	5.732749e+00	5.688211e+00
5.650772e+00	5.633621e+00	5.617483e+00	5.605584e+00	5.594185e+00	5.593548e+00
5.595359e+00	5.592939e+00	5.589249e+00	5.589772e+00	5.588830e+00	5.599007e+00
7.356051e+00	7.391877e+00	7.410625e+00	7.399963e+00	7.364963e+00	7.250268e+00
7.099665e+00	6.946125e+00	6.796960e+00	6.654985e+00	6.523474e+00	6.402364e+00
6.289803e+00	6.184510e+00	6.088817e+00	6.004020e+00	5.929182e+00	5.861073e+00
5.797309e+00	5.740034e+00	5.690452e+00	5.667984e+00	5.647106e+00	5.631146e+00
5.612661e+00	5.611325e+00	5.613422e+00	5.610371e+00	5.605713e+00	5.606349e+00
5.604841e+00	5.615434e+00	7.920587e+00	7.861165e+00	7.800532e+00	7.733164e+00
7.659660e+00	7.502926e+00	7.338308e+00	7.175903e+00	7.017834e+00	6.864526e+00
6.716824e+00	6.575382e+00	6.440563e+00	6.312794e+00	6.193536e+00	6.084298e+00
5.985906e+00	5.899190e+00	5.824823e+00	5.760243e+00	5.701823e+00	5.679045e+00
5.662256e+00	5.648407e+00	5.604754e+00	5.589462e+00	5.600687e+00	5.601568e+00
5.594674e+00	5.593405e+00	5.595233e+00	5.603485e+00	8.351216e+00	8.273599e+00
8.188353e+00	8.094031e+00	7.994832e+00	7.794396e+00	7.594384e+00	7.400390e+00
7.213750e+00	7.034907e+00	6.864896e+00	6.704462e+00	6.552615e+00	6.408897e+00
6.273528e+00	6.148301e+00	6.034321e+00	5.932207e+00	5.842135e+00	5.764047e+00
5.700542e+00	5.675524e+00	5.656848e+00	5.641372e+00	5.583171e+00	5.556559e+00
5.573558e+00	5.578101e+00	5.568664e+00	5.565678e+00	5.570705e+00	5.575860e+00
8.623766e+00	8.603284e+00	8.563261e+00	8.489445e+00	8.388697e+00	8.143387e+00
7.870945e+00	7.612244e+00	7.374175e+00	7.157147e+00	6.961382e+00	6.784427e+00
6.620324e+00	6.465392e+00	6.321380e+00	6.190159e+00	6.070330e+00	5.958391e+00
5.851842e+00	5.753084e+00	5.663487e+00	5.621114e+00	5.579900e+00	5.547838e+00
5.515065e+00	5.510585e+00	5.510445e+00	5.506264e+00	5.500374e+00	5.501244e+00
5.499744e+00	5.504964e+00	8.993032e+00	8.965148e+00	8.912159e+00	8.819085e+00
8.694897e+00	8.397921e+00	8.074681e+00	7.773360e+00	7.501047e+00	7.257816e+00
7.041346e+00	6.839740e+00	6.652726e+00	6.474579e+00	6.316731e+00	6.176888e+00
6.047879e+00	5.926673e+00	5.811166e+00	5.698247e+00	5.590089e+00	5.538186e+00
5.486439e+00	5.446668e+00	5.415910e+00	5.415130e+00	5.407470e+00	5.402285e+00
5.398889e+00	5.400373e+00	5.397908e+00	5.398050e+00	9.407880e+00	9.334638e+00
9.241750e+00	9.114261e+00	8.959672e+00	8.610573e+00	8.244731e+00	7.908053e+00
7.606220e+00	7.338426e+00	7.100858e+00	6.878667e+00	6.673471e+00	6.479561e+00
6.304112e+00	6.143959e+00	5.995059e+00	5.854835e+00	5.721707e+00	5.596298e+00
5.479863e+00	5.424449e+00	5.369611e+00	5.326899e+00	5.286590e+00	5.277684e+00
5.268890e+00	5.267287e+00	5.266390e+00	5.266605e+00	5.266300e+00	5.258190e+00
9.828633e+00	9.683141e+00	9.524976e+00	9.346710e+00	9.154726e+00	8.758079e+00
8.366809e+00	8.007794e+00	7.676948e+00	7.376344e+00	7.107795e+00	6.876003e+00
6.661764e+00	6.460605e+00	6.267483e+00	6.086061e+00	5.918931e+00	5.763509e+00
5.618000e+00	5.480353e+00	5.348481e+00	5.285139e+00	5.224732e+00	5.179733e+00
5.133530e+00	5.119942e+00	5.107078e+00	5.107712e+00	5.110335e+00	5.109822e+00
5.110706e+00	5.094484e+00	1.024480e+01	1.000309e+01	9.763493e+00	9.528044e+00
9.298364e+00	8.860555e+00	8.452083e+00	8.075864e+00	7.721575e+00	7.394594e+00
7.098071e+00	6.832417e+00	6.588663e+00	6.364647e+00	6.156730e+00	5.963168e+00
5.785390e+00	5.622721e+00	5.472796e+00	5.325779e+00	5.173479e+00	5.098889e+00
5.032817e+00	4.988479e+00	4.937625e+00	4.920273e+00	4.902147e+00	4.904540e+00
4.911618e+00	4.910526e+00	4.912255e+00	4.888375e+00	1.055452e+01	1.026310e+01
9.977754e+00	9.704342e+00	9.443746e+00	8.957746e+00	8.510287e+00	8.083923e+00
7.713251e+00	7.373711e+00	7.057767e+00	6.761028e+00	6.494282e+00	6.252936e+00
6.030636e+00	5.823466e+00	5.632886e+00	5.459151e+00	5.299354e+00	5.140525e+00
4.972402e+00	4.889911e+00	4.818474e+00	4.772119e+00	4.716711e+00	4.697049e+00
4.676179e+00	4.679343e+00	4.688254e+00	4.686852e+00	4.689086e+00	4.664019e+00
1.081527e+01	1.049105e+01	1.017447e+01	9.872012e+00	9.584029e+00	9.047009e+00
8.555784e+00	8.087046e+00	7.679698e+00	7.306665e+00	6.965025e+00	6.652204e+00
6.370626e+00	6.115984e+00	5.881166e+00	5.661480e+00	5.458070e+00	5.271589e+00
5.098692e+00	4.927280e+00	4.748199e+00	4.660789e+00	4.584539e+00	4.534324e+00
4.474700e+00	4.454062e+00	4.432645e+00	4.435688e+00	4.444261e+00	4.442825e+00
4.445164e+00	4.424280e+00	1.103121e+01	1.068130e+01	1.033939e+01	1.001167e+01
9.698180e+00	9.108536e+00	8.566553e+00	8.083205e+00	7.634978e+00	7.230903e+00
6.867430e+00	6.540331e+00	6.244189e+00	5.973807e+00	5.723862e+00	5.490566e+00
5.273887e+00	5.073929e+00	4.887377e+00	4.704610e+00	4.518483e+00	4.427953e+00
4.346604e+00	4.290269e+00	4.226755e+00	4.206041e+00	4.185453e+00	4.187622e+00
4.194679e+00	4.193638e+00	4.195261e+00	4.180836e+00	1.119992e+01	1.083272e+01
1.047292e+01	1.012535e+01	9.790032e+00	9.151058e+00	8.559719e+00	8.034787e+00
7.558944e+00	7.135250e+00	6.759633e+00	6.422950e+00	6.113001e+00	5.822584e+00
5.552754e+00	5.303740e+00	5.072740e+00	4.857631e+00	4.655933e+00	4.463504e+00
4.276629e+00	4.185732e+00	4.098665e+00	4.032394e+00	3.965357e+00	3.945962e+00
3.928358e+00	3.928451e+00	3.932108e+00	3.932177e+00	3.931723e+00	3.927673e+00
1.137615e+01	1.096773e+01	1.056944e+01	1.018995e+01	9.828217e+00	9.152602e+00
8.541443e+00	7.985886e+00	7.490139e+00	7.047352e+00	6.651569e+00	6.294887e+00
5.967216e+00	5.662155e+00	5.379470e+00	5.118188e+00	4.875394e+00	4.648106e+00
4.434121e+00	4.231407e+00	4.038780e+00	3.945655e+00	3.852919e+00	3.779252e+00
3.708272e+00	3.690057e+00	3.674728e+00	3.673554e+00	3.673910e+00	3.673929e+00
3.673406e+00	3.676523e+00	1.153912e+01	1.108164e+01	1.064147e+01	1.023154e+01
9.847947e+00	9.138131e+00	8.503019e+00	7.933107e+00	7.421673e+00	6.960565e+00
6.541805e+00	6.161131e+00	5.815190e+00	5.499693e+00	5.208502e+00	4.937025e+00
4.683974e+00	4.446816e+00	4.223365e+00	4.010743e+00	3.808144e+00	3.710529e+00
3.612232e+00	3.533628e+00	3.458123e+00	3.440646e+00	3.426885e+00	3.424744e+00
3.422271e+00	3.422070e+00	3.421976e+00	3.429359e+00	1.165238e+01	1.116578e+01
1.069905e+01	1.026705e+01	9.864209e+00	9.121363e+00	8.458164e+00	7.866066e+00
7.336556e+00	6.860399e+00	6.428646e+00	6.036113e+00	5.678716e+00	5.351823e+00
5.049407e+00	4.767018e+00	4.503552e+00	4.257180e+00	4.025927e+00	3.805296e+00
3.591916e+00	3.488078e+00	3.384415e+00	3.302025e+00	3.221394e+00	3.203648e+00
3.190766e+00	3.187216e+00	3.182990e+00	3.183850e+00	3.182315e+00	3.192012e+00
1.173692e+01	1.122467e+01	1.073548e+01	1.028387e+01	9.863220e+00	9.095027e+00
8.410048e+00	7.800804e+00	7.256859e+00	6.767788e+00	6.323829e+00	5.919650e+00
5.551229e+00	5.214091e+00	4.902591e+00	4.612331e+00	4.341494e+00	4.087023e+00
3.846126e+00	3.615905e+00	3.393278e+00	3.284598e+00	3.175503e+00	3.088231e+00
3.002561e+00	2.983220e+00	2.969395e+00	2.966231e+00	2.961227e+00	2.960974e+00
2.960904e+00	2.968822e+00	1.179678e+01	1.126148e+01	1.075131e+01	1.028719e+01
9.859017e+00	9.063925e+00	8.360689e+00	7.736883e+00	7.180633e+00	6.680657e+00
6.226737e+00	5.813431e+00	5.436642e+00	5.091832e+00	4.773383e+00	4.476752e+00
4.199521e+00	3.937691e+00	3.687747e+00	3.447770e+00	3.215141e+00	3.101165e+00
2.986644e+00	2.894808e+00	2.803389e+00	2.781632e+00	2.765857e+00	2.763082e+00
2.758244e+00	2.757368e+00	2.758085e+00	2.763062e+00	1.183073e+01	1.127949e+01
1.075576e+01	1.027935e+01	9.840022e+00	9.028903e+00	8.311806e+00	7.676455e+00
7.110344e+00	6.601830e+00	6.140656e+00	5.721220e+00	5.339131e+00	4.989497e+00
4.666304e+00	4.364670e+00	4.081865e+00	3.813496e+00	3.555532e+00	3.305732e+00
3.061504e+00	2.941001e+00	2.820217e+00	2.723444e+00	2.624951e+00	2.600130e+00
2.581582e+00	2.578870e+00	2.574999e+00	2.574368e+00	2.574689e+00	2.576339e+00
1.183055e+01	1.127447e+01	1.074581e+01	1.026228e+01	9.816476e+00	8.993986e+00
8.268001e+00	7.624490e+00	7.051089e+00	6.536214e+00	6.069810e+00	5.646135e+00
5.260519e+00	4.907749e+00	4.581472e+00	4.276431e+00	3.989563e+00	3.715966e+00
3.451064e+00	3.191862e+00	2.935475e+00	2.807350e+00	2.678078e+00	2.573734e+00
2.466927e+00	2.439341e+00	2.417991e+00	2.415280e+00	2.412234e+00	2.411763e+00
2.411819e+00	2.410742e+00	1.183002e+01	1.126219e+01	1.072360e+01	1.023635e+01
9.788549e+00	8.959908e+00	8.228635e+00	7.579479e+00	7.000721e+00	6.481068e+00
6.010805e+00	5.584093e+00	5.196029e+00	4.841148e+00	4.512829e+00	4.205488e+00
3.915721e+00	3.638064e+00	3.367261e+00	3.099194e+00	2.830121e+00	2.693568e+00
2.554234e+00	2.440589e+00	2.324846e+00	2.294902e+00	2.271035e+00	2.268237e+00
2.265783e+00	2.265438e+00	2.265274e+00	2.262429e+00	1.182074e+01	1.124200e+01
1.069686e+01	1.020756e+01	9.759422e+00	8.929598e+00	8.197915e+00	7.547021e+00
6.965789e+00	6.444137e+00	5.972210e+00	5.544233e+00	5.155242e+00	4.799741e+00
4.471048e+00	4.163417e+00	3.872948e+00	3.593285e+00	3.317742e+00	3.039814e+00
2.754712e+00	2.607201e+00	2.453265e+00	2.325886e+00	2.199994e+00	2.168685e+00
2.142798e+00	2.139623e+00	2.137109e+00	2.136814e+00	2.136496e+00	2.134146e+00
1.177755e+01	1.120107e+01	1.065815e+01	1.017229e+01	9.727898e+00	8.903083e+00
8.174803e+00	7.524815e+00	6.943159e+00	6.420834e+00	5.948283e+00	5.519849e+00
5.130578e+00	4.775016e+00	4.446486e+00	4.139152e+00	3.848698e+00	3.568033e+00
3.289230e+00	3.003498e+00	2.703188e+00	2.544031e+00	2.373554e+00	2.229673e+00
2.091614e+00	2.059310e+00	2.032031e+00	2.028364e+00	2.025258e+00	2.024921e+00
2.024559e+00	2.024550e+00	1.172341e+01	1.115080e+01	1.061266e+01	1.013303e+01
9.695175e+00	8.880977e+00	8.160524e+00	7.518128e+00	6.942254e+00	6.420851e+00
5.949481e+00	5.522473e+00	5.134679e+00	4.780323e+00	4.452260e+00	4.144505e+00
3.853160e+00	3.571660e+00	3.291951e+00	3.003738e+00	2.686004e+00	2.509272e+00
2.319807e+00	2.158331e+00	1.998656e+00	1.962735e+00	1.936930e+00	1.933503e+00
1.929004e+00	1.928274e+00	1.928424e+00	1.933261e+00	1.165445e+01	1.109008e+01
1.056054e+01	1.009031e+01	9.661604e+00	8.861585e+00	8.149781e+00	7.514234e+00
6.942464e+00	6.424612e+00	5.957330e+00	5.534890e+00	5.151596e+00	4.800861e+00
4.474391e+00	4.165750e+00	3.872029e+00	3.588198e+00	3.305999e+00	3.010390e+00
2.675655e+00	2.484358e+00	2.278043e+00	2.099914e+00	1.916483e+00	1.876147e+00
1.852776e+00	1.849829e+00	1.843703e+00	1.842469e+00	1.843312e+00	1.853819e+00
1.158749e+01	1.103046e+01	1.050913e+01	1.004850e+01	9.629701e+00	8.846637e+00
8.147468e+00	7.514830e+00	6.945110e+00	6.432666e+00	5.970456e+00	5.552808e+00
5.173719e+00	4.826413e+00	4.502357e+00	4.194763e+00	3.900658e+00	3.615625e+00
3.330792e+00	3.025301e+00	2.676609e+00	2.479725e+00	2.255991e+00	2.052732e+00
1.847211e+00	1.803891e+00	1.780172e+00	1.777162e+00	1.770168e+00	1.768678e+00
1.769825e+00	1.785529e+00	1.152359e+01	1.097255e+01	1.045876e+01	1.000790e+01
9.599815e+00	8.835498e+00	8.151369e+00	7.531418e+00	6.971224e+00	6.464536e+00
6.005285e+00	5.588755e+00	5.210269e+00	4.864648e+00	4.545477e+00	4.246800e+00
3.963456e+00	3.686442e+00	3.402306e+00	3.087865e+00	2.714570e+00	2.496279e+00
2.244556e+00	2.013806e+00	1.790063e+00	1.745439e+00	1.718780e+00	1.715124e+00
1.707961e+00	1.706454e+00	1.707476e+00	1.727950e+00	1.145359e+01	1.091076e+01
1.040656e+01	9.967408e+00	9.571604e+00	8.827999e+00	8.158722e+00	7.552268e+00
7.002317e+00	6.502996e+00	6.049226e+00	5.636819e+00	5.261833e+00	4.919982e+00
4.606041e+00	4.314341e+00	4.038317e+00	3.766488e+00	3.482677e+00	3.160798e+00
2.765697e+00	2.526730e+00	2.249716e+00	1.998781e+00	1.744213e+00	1.694445e+00
1.666414e+00	1.663032e+00	1.655842e+00	1.654241e+00	1.655993e+00	1.679816e+00
1.137984e+01	1.084698e+01	1.035406e+01	9.928304e+00	9.546113e+00	8.825001e+00
8.172092e+00	7.578850e+00	7.039723e+00	6.549631e+00	6.104330e+00	5.699797e+00
5.332091e+00	4.996753e+00	4.688251e+00	4.400756e+00	4.127880e+00	3.858126e+00
3.574281e+00	3.246864e+00	2.834949e+00	2.580135e+00	2.276584e+00	1.995569e+00
1.709006e+00	1.651286e+00	1.622413e+00	1.619861e+00	1.612840e+00	1.611120e+00
1.613626e+00	1.639748e+00	1.130973e+01	1.078645e+01	1.030486e+01	9.892912e+00
9.524837e+00	8.825220e+00	8.190627e+00	7.611730e+00	7.084548e+00	6.604789e+00
6.168883e+00	5.773074e+00	5.413410e+00	5.085384e+00	4.783321e+00	4.501222e+00
4.232630e+00	3.965772e+00	3.682401e+00	3.350151e+00	2.922118e+00	2.650974e+00
2.320892e+00	2.008985e+00	1.684814e+00	1.617293e+00	1.586260e+00	1.584564e+00
1.578025e+00	1.576241e+00	1.578655e+00	1.605855e+00	1.124156e+01	1.072812e+01
1.025803e+01	9.860255e+00	9.506517e+00	8.829243e+00	8.212935e+00	7.649185e+00
7.134856e+00	6.666422e+00	6.241003e+00	5.855005e+00	5.504474e+00	5.184807e+00
4.890031e+00	4.613970e+00	4.350137e+00	4.086622e+00	3.804358e+00	3.468408e+00
3.025834e+00	2.738844e+00	2.381658e+00	2.037575e+00	1.669732e+00	1.591003e+00
1.556556e+00	1.555671e+00	1.549771e+00	1.547986e+00	1.550959e+00	1.575096e+00
1.117475e+01	1.067159e+01	1.021338e+01	9.829957e+00	9.490666e+00	8.835759e+00
8.237940e+00	7.689734e+00	7.188742e+00	6.732195e+00	6.317910e+00	5.942446e+00
5.601830e+00	5.291332e+00	5.004618e+00	4.735279e+00	4.476831e+00	4.217253e+00
3.936763e+00	3.598182e+00	3.142598e+00	2.840355e+00	2.455939e+00	2.078175e+00
1.666246e+00	1.572429e+00	1.532031e+00	1.531720e+00	1.526470e+00	1.524595e+00
1.527741e+00	1.549599e+00	1.111424e+01	1.062052e+01	1.017340e+01	9.803446e+00
9.477803e+00	8.844708e+00	8.265295e+00	7.732984e+00	7.245975e+00	6.802078e+00
6.399682e+00	6.035507e+00	5.705534e+00	5.404893e+00	5.126862e+00	4.864751e+00
4.612211e+00	4.357281e+00	4.079740e+00	3.740607e+00	3.275099e+00	2.959046e+00
2.547980e+00	2.135424e+00	1.670786e+00	1.562001e+00	1.513040e+00	1.512840e+00
1.508059e+00	1.506099e+00	1.508729e+00	1.529600e+00	1.108216e+01	1.059060e+01
1.014762e+01	9.785110e+00	9.467987e+00	8.852241e+00	8.289323e+00	7.773627e+00
7.302812e+00	6.874207e+00	6.485698e+00	6.133983e+00	5.815045e+00	5.523890e+00
5.253453e+00	4.997005e+00	4.749028e+00	4.499077e+00	4.227750e+00	3.894291e+00
3.425999e+00	3.097291e+00	2.655558e+00	2.203792e+00	1.686444e+00	1.563157e+00
1.499704e+00	1.498519e+00	1.493575e+00	1.492263e+00	1.492545e+00	1.512083e+00
1.105619e+01	1.056599e+01	1.012617e+01	9.769958e+00	9.460556e+00	8.860170e+00
8.313194e+00	7.814238e+00	7.360225e+00	6.947733e+00	6.573789e+00	6.235004e+00
5.927384e+00	5.645831e+00	5.382977e+00	5.132135e+00	4.888818e+00	4.644534e+00
4.381183e+00	4.056499e+00	3.589578e+00	3.249754e+00	2.776844e+00	2.284209e+00
1.714553e+00	1.566208e+00	1.489235e+00	1.486723e+00	1.481235e+00	1.480525e+00
1.478500e+00	1.496424e+00	1.102410e+01	1.053843e+01	1.010472e+01	9.756960e+00
9.458148e+00	8.871901e+00	8.341387e+00	7.858242e+00	7.419355e+00	7.021111e+00
6.660265e+00	6.333498e+00	6.036910e+00	5.765392e+00	5.511417e+00	5.268264e+00
5.031944e+00	4.794841e+00	4.539342e+00	4.221779e+00	3.755343e+00	3.407167e+00
2.910899e+00	2.382046e+00	1.749114e+00	1.573069e+00	1.482273e+00	1.478297e+00
1.471124e+00	1.470036e+00	1.467939e+00	1.483211e+00	1.098592e+01	1.050860e+01
1.008395e+01	9.746227e+00	9.457309e+00	8.889837e+00	8.374871e+00	7.905937e+00
7.480114e+00	7.094050e+00	6.744717e+00	6.428966e+00	6.143021e+00	5.881853e+00
5.637920e+00	5.404448e+00	5.177455e+00	4.949108e+00	4.701455e+00	4.389825e+00
3.924130e+00	3.571308e+00	3.061713e+00	2.505023e+00	1.798435e+00	1.592498e+00
1.477916e+00	1.472226e+00	1.463094e+00	1.461167e+00	1.459978e+00	1.472255e+00
1.093534e+01	1.047149e+01	1.006043e+01	9.736391e+00	9.459308e+00	8.912756e+00
8.413662e+00	7.957236e+00	7.541606e+00	7.164643e+00	6.824549e+00	6.518538e+00
6.242901e+00	5.992598e+00	5.759935e+00	5.537842e+00	5.321805e+00	5.102893e+00
4.862573e+00	4.557577e+00	4.096994e+00	3.742899e+00	3.222718e+00	2.637821e+00
1.857388e+00	1.622782e+00	1.477803e+00	1.465408e+00	1.457130e+00	1.455327e+00
1.452579e+00	1.462750e+00	1.087821e+01	1.043124e+01	1.003644e+01	9.727632e+00
9.465454e+00	8.939910e+00	8.456100e+00	8.010687e+00	7.603337e+00	7.233651e+00
6.901514e+00	6.604528e+00	6.339005e+00	6.099876e+00	5.879269e+00	5.669745e+00
5.465945e+00	5.257247e+00	5.024312e+00	4.726745e+00	4.274670e+00	3.922299e+00
3.394980e+00	2.782895e+00	1.927511e+00	1.667553e+00	1.478082e+00	1.458821e+00
1.452214e+00	1.450774e+00	1.445724e+00	1.454259e+00	1.084559e+01	1.040818e+01
1.002334e+01	9.725366e+00	9.471854e+00	8.962995e+00	8.492467e+00	8.058061e+00
7.660078e+00	7.298986e+00	6.975588e+00	6.687786e+00	6.432030e+00	6.203322e+00
5.993795e+00	5.795880e+00	5.603868e+00	5.406281e+00	5.183475e+00	4.897141e+00
4.457663e+00	4.109037e+00	3.576421e+00	2.938963e+00	2.007064e+00	1.716951e+00
1.479437e+00	1.457170e+00	1.447714e+00	1.446325e+00	1.439188e+00	1.447314e+00
1.083020e+01	1.039710e+01	1.001727e+01	9.725611e+00	9.478808e+00	8.981473e+00
8.522030e+00	8.098444e+00	7.710913e+00	7.359900e+00	7.046176e+00	6.767728e+00
6.521238e+00	6.301864e+00	6.101922e+00	5.914013e+00	5.732751e+00	5.547039e+00
5.337820e+00	5.067876e+00	4.646407e+00	4.303762e+00	3.767354e+00	3.107420e+00
2.101199e+00	1.773829e+00	1.489943e+00	1.458652e+00	1.443643e+00	1.442068e+00
1.432682e+00	1.441937e+00	1.082097e+01	1.039061e+01	1.001423e+01	9.726458e+00
9.485089e+00	8.997107e+00	8.547307e+00	8.133591e+00	7.755904e+00	7.414426e+00
7.109633e+00	6.839740e+00	6.601881e+00	6.391799e+00	6.202567e+00	6.027101e+00
5.859206e+00	5.685820e+00	5.486749e+00	5.227383e+00	4.822025e+00	4.492599e+00
3.972544e+00	3.305781e+00	2.205494e+00	1.830215e+00	1.502612e+00	1.463142e+00
1.440045e+00	1.436039e+00	1.430477e+00	1.436674e+00	1.081423e+01	1.038622e+01
1.001298e+01	9.728695e+00	9.491184e+00	9.011242e+00	8.570022e+00	8.165279e+00
7.796641e+00	7.463919e+00	7.167185e+00	6.904939e+00	6.674859e+00	6.473446e+00
6.294815e+00	6.132420e+00	5.979124e+00	5.819337e+00	5.630912e+00	5.381184e+00
4.991056e+00	4.677590e+00	4.184369e+00	3.523896e+00	2.324403e+00	1.892391e+00
1.517434e+00	1.471047e+00	1.437209e+00	1.430183e+00	1.429204e+00	1.431986e+00
1.080753e+01	1.038313e+01	1.001281e+01	9.732492e+00	9.498757e+00	9.026355e+00
8.592857e+00	8.196181e+00	7.835672e+00	7.510848e+00	7.221405e+00	6.966000e+00
6.742710e+00	6.548550e+00	6.378448e+00	6.226569e+00	6.086207e+00	5.942065e+00
5.771859e+00	5.541288e+00	5.170262e+00	4.867556e+00	4.386581e+00	3.727107e+00
2.463696e+00	1.977821e+00	1.534339e+00	1.476514e+00	1.435233e+00	1.427643e+00
1.425417e+00	1.428584e+00	1.080261e+01	1.038423e+01	1.001843e+01	9.742253e+00
9.511568e+00	9.043916e+00	8.614931e+00	8.224233e+00	7.870890e+00	7.553677e+00
7.271476e+00	7.022869e+00	6.806110e+00	6.618768e+00	6.457048e+00	6.316004e+00
6.188518e+00	6.057844e+00	5.901927e+00	5.691487e+00	5.351454e+00	5.066456e+00
4.595275e+00	3.927094e+00	2.607368e+00	2.080220e+00	1.560767e+00	1.486409e+00
1.432141e+00	1.425371e+00	1.417697e+00	1.425896e+00	1.080348e+01	1.038776e+01
1.002533e+01	9.750342e+00	9.520926e+00	9.057236e+00	8.633197e+00	8.248198e+00
7.901145e+00	7.590527e+00	7.314880e+00	7.072815e+00	6.862639e+00	6.681996e+00
6.527129e+00	6.393702e+00	6.276509e+00	6.162377e+00	6.030364e+00	5.844688e+00
5.525456e+00	5.252476e+00	4.799904e+00	4.141751e+00	2.769740e+00	2.191479e+00
1.585698e+00	1.495428e+00	1.431344e+00	1.424775e+00	1.415541e+00	1.423483e+00
1.081420e+01	1.039556e+01	1.003100e+01	9.755255e+00	9.526262e+00	9.066216e+00
8.647615e+00	8.268038e+00	7.926208e+00	7.620814e+00	7.350596e+00	7.114355e+00
6.910453e+00	6.736249e+00	6.586875e+00	6.458284e+00	6.349065e+00	6.253881e+00
6.154949e+00	5.998198e+00	5.686586e+00	5.418778e+00	4.995018e+00	4.373773e+00
2.958010e+00	2.310725e+00	1.607311e+00	1.502951e+00	1.432917e+00	1.425130e+00
1.418133e+00	1.421342e+00	1.081089e+01	1.039507e+01	1.003488e+01	9.761493e+00
9.534525e+00	9.079001e+00	8.664893e+00	8.289504e+00	7.951543e+00	7.649750e+00
7.382988e+00	7.150382e+00	6.950844e+00	6.782372e+00	6.641041e+00	6.523224e+00
6.426908e+00	6.345278e+00	6.259887e+00	6.122207e+00	5.840403e+00	5.591336e+00
5.191698e+00	4.592905e+00	3.153559e+00	2.444442e+00	1.639392e+00	1.518217e+00
1.434372e+00	1.425591e+00	1.415405e+00	1.419686e+00	1.080355e+01	1.039384e+01
1.003779e+01	9.767604e+00	9.543167e+00	9.092162e+00	8.681719e+00	8.309686e+00
7.974817e+00	7.675900e+00	7.411938e+00	7.182368e+00	6.986680e+00	6.823632e+00
6.690669e+00	6.584833e+00	6.502506e+00	6.432523e+00	6.355642e+00	6.234904e+00
5.989401e+00	5.764214e+00	5.387683e+00	4.808575e+00	3.359475e+00	2.591323e+00
1.678651e+00	1.538882e+00	1.436064e+00	1.426187e+00	1.411275e+00	1.418234e+00
1.079452e+01	1.039103e+01	1.003881e+01	9.771397e+00	9.548444e+00	9.100776e+00
8.693052e+00	8.323450e+00	7.990922e+00	7.694536e+00	7.433584e+00	7.207631e+00
7.016331e+00	6.858691e+00	6.732559e+00	6.635329e+00	6.563485e+00	6.505598e+00
6.443053e+00	6.342908e+00	6.130464e+00	5.926998e+00	5.572743e+00	5.017503e+00
3.575372e+00	2.753018e+00	1.721734e+00	1.559650e+00	1.438507e+00	1.426886e+00
1.410844e+00	1.416858e+00	1.078208e+01	1.038551e+01	1.003923e+01	9.773943e+00
9.551858e+00	9.106576e+00	8.700806e+00	8.332965e+00	8.002220e+00	7.707973e+00
7.449854e+00	7.227513e+00	7.040582e+00	6.887993e+00	6.767378e+00	6.676302e+00
6.612339e+00	6.566092e+00	6.520936e+00	6.443496e+00	6.261455e+00	6.078084e+00
5.745290e+00	5.216500e+00	3.798747e+00	2.932247e+00	1.772061e+00	1.582725e+00
1.442325e+00	1.427851e+00	1.411748e+00	1.415618e+00	1.077303e+01	1.038428e+01
1.004249e+01	9.779057e+00	9.556265e+00	9.111541e+00	8.706918e+00	8.340817e+00
8.012332e+00	7.720783e+00	7.465745e+00	7.246852e+00	7.063690e+00	6.915060e+00
6.798237e+00	6.711067e+00	6.652980e+00	6.618286e+00	6.593071e+00	6.539481e+00
6.382912e+00	6.217293e+00	5.911158e+00	5.410163e+00	4.014822e+00	3.126519e+00
1.833139e+00	1.613488e+00	1.447387e+00	1.430318e+00	1.411197e+00	1.414710e+00
1.076505e+01	1.038374e+01	1.004881e+01	9.785696e+00	9.560967e+00	9.115934e+00
8.712104e+00	8.347630e+00	8.021462e+00	7.732722e+00	7.480776e+00	7.265173e+00
7.085424e+00	6.940174e+00	6.826307e+00	6.742011e+00	6.688808e+00	6.665238e+00
6.660532e+00	6.630994e+00	6.497584e+00	6.348698e+00	6.072220e+00	5.601103e+00
4.230064e+00	3.334168e+00	1.905128e+00	1.652526e+00	1.453815e+00	1.434004e+00
1.409758e+00	1.413957e+00	1.075085e+01	1.038085e+01	1.005024e+01	9.788350e+00
9.563786e+00	9.120420e+00	8.717763e+00	8.354543e+00	8.029755e+00	7.742655e+00
7.492874e+00	7.279932e+00	7.103138e+00	6.961135e+00	6.851141e+00	6.771597e+00
6.724512e+00	6.709421e+00	6.716267e+00	6.704020e+00	6.597427e+00	6.468010e+00
6.223891e+00	5.793885e+00	4.455263e+00	3.525913e+00	1.988299e+00	1.702800e+00
1.460884e+00	1.434419e+00	1.409415e+00	1.413164e+00	1.071809e+01	1.036350e+01
1.004543e+01	9.788805e+00	9.565098e+00	9.125055e+00	8.724166e+00	8.361627e+00
8.037065e+00	7.750415e+00	7.501915e+00	7.290994e+00	7.116657e+00	6.977692e+00
6.872419e+00	6.799803e+00	6.760541e+00	6.750661e+00	6.759665e+00	6.757904e+00
6.680191e+00	6.572569e+00	6.363362e+00	5.988870e+00	4.691532e+00	3.690963e+00
2.089647e+00	1.776572e+00	1.468900e+00	1.428440e+00	1.410877e+00	1.412274e+00
1.069579e+01	1.035399e+01	1.004512e+01	9.790703e+00	9.567320e+00	9.129436e+00
8.729911e+00	8.368225e+00	8.044289e+00	7.758453e+00	7.511320e+00	7.302301e+00
7.130181e+00	6.993786e+00	6.891808e+00	6.823502e+00	6.789413e+00	6.785119e+00
6.800941e+00	6.812453e+00	6.760200e+00	6.671452e+00	6.491329e+00	6.162533e+00
4.923262e+00	3.884919e+00	2.196874e+00	1.849899e+00	1.480620e+00	1.428822e+00
1.413566e+00	1.411908e+00	1.068046e+01	1.034879e+01	1.004697e+01	9.794606e+00
9.570429e+00	9.133693e+00	8.735379e+00	8.374817e+00	8.051905e+00	7.767068e+00
7.520928e+00	7.313060e+00	7.142516e+00	7.008363e+00	6.909105e+00	6.843979e+00
6.813709e+00	6.814242e+00	6.837200e+00	6.862710e+00	6.838737e+00	6.770068e+00
6.608923e+00	6.297887e+00	5.138781e+00	4.127754e+00	2.311217e+00	1.916964e+00
1.497123e+00	1.437694e+00	1.415174e+00	1.411698e+00	1.066665e+01	1.034394e+01
1.004833e+01	9.797678e+00	9.573245e+00	9.138004e+00	8.741172e+00	8.382029e+00
8.060314e+00	7.776156e+00	7.529976e+00	7.321924e+00	7.152040e+00	7.019963e+00
6.924016e+00	6.863069e+00	6.837071e+00	6.840322e+00	6.865010e+00	6.901130e+00
6.914211e+00	6.872831e+00	6.718852e+00	6.390296e+00	5.327371e+00	4.426617e+00
2.438395e+00	1.976968e+00	1.516586e+00	1.461138e+00	1.410787e+00	1.411450e+00
1.065684e+01	1.034138e+01	1.005097e+01	9.801385e+00	9.576498e+00	9.142229e+00
8.746537e+00	8.388343e+00	8.067408e+00	7.783976e+00	7.538530e+00	7.331274e+00
7.162377e+00	7.031640e+00	6.937494e+00	6.878987e+00	6.856157e+00	6.863394e+00
6.893615e+00	6.939480e+00	6.971966e+00	6.947498e+00	6.819595e+00	6.522485e+00
5.523787e+00	4.650416e+00	2.591634e+00	2.074119e+00	1.538077e+00	1.471388e+00
1.411919e+00	1.411927e+00	1.064646e+01	1.033811e+01	1.005198e+01	9.803764e+00
9.578235e+00	9.143918e+00	8.748124e+00	8.390451e+00	8.070562e+00	7.788429e+00
7.544383e+00	7.338534e+00	7.170968e+00	7.041441e+00	6.948520e+00	6.891442e+00
6.870712e+00	6.881690e+00	6.918228e+00	6.972955e+00	7.019964e+00	7.010284e+00
6.911264e+00	6.653379e+00	5.710933e+00	4.864585e+00	2.759495e+00	2.186734e+00
1.563674e+00	1.480593e+00	1.413671e+00	1.412036e+00	1.063483e+01	1.033323e+01
1.005204e+01	9.804890e+00	9.578814e+00	9.144261e+00	8.748157e+00	8.390693e+00
8.071538e+00	7.790553e+00	7.547907e+00	7.343540e+00	7.177343e+00	7.048885e+00
6.956837e+00	6.900588e+00	6.881218e+00	6.895298e+00	6.937667e+00	7.000126e+00
7.059245e+00	7.062905e+00	6.991176e+00	6.769050e+00	5.883184e+00	5.076767e+00
2.939142e+00	2.310542e+00	1.596044e+00	1.490576e+00	1.416297e+00	1.411357e+00
1.062503e+01	1.032865e+01	1.005186e+01	9.805440e+00	9.578955e+00	9.144596e+00
8.748579e+00	8.391593e+00	8.073251e+00	7.793222e+00	7.551538e+00	7.348019e+00
7.182383e+00	7.054269e+00	6.962915e+00	6.908144e+00	6.890971e+00	6.907712e+00
6.953497e+00	7.022571e+00	7.094861e+00	7.109420e+00	7.057041e+00	6.868507e+00
6.060756e+00	5.282356e+00	3.125980e+00	2.445971e+00	1.633210e+00	1.503942e+00
1.424042e+00	1.410912e+00	1.061666e+01	1.032501e+01	1.005158e+01	9.805924e+00
9.579060e+00	9.144989e+00	8.749550e+00	8.393181e+00	8.075487e+00	7.796179e+00
7.555198e+00	7.352269e+00	7.186959e+00	7.059029e+00	6.968306e+00	6.915082e+00
6.900210e+00	6.919335e+00	6.967712e+00	7.042662e+00	7.127708e+00	7.152207e+00
7.116435e+00	6.959117e+00	6.235953e+00	5.487348e+00	3.323016e+00	2.592284e+00
1.675002e+00	1.520612e+00	1.434926e+00	1.410582e+00	1.061166e+01	1.032459e+01
1.005266e+01	9.807906e+00	9.580432e+00	9.146744e+00	8.751800e+00	8.396005e+00
8.078899e+00	7.800181e+00	7.559772e+00	7.357384e+00	7.192442e+00	7.064831e+00
6.974791e+00	6.922879e+00	6.909839e+00	6.931002e+00	6.981790e+00	7.061381e+00
7.157474e+00	7.192360e+00	7.172579e+00	7.038965e+00	6.391181e+00	5.699063e+00
3.533275e+00	2.747298e+00	1.722664e+00	1.543486e+00	1.442731e+00	1.410653e+00
1.060843e+01	1.032497e+01	1.005640e+01	9.812133e+00	9.584345e+00	9.150773e+00
8.755916e+00	8.400211e+00	8.083217e+00	7.804660e+00	7.564500e+00	7.362466e+00
7.197963e+00	7.070935e+00	6.981676e+00	6.930771e+00	6.919028e+00	6.941860e+00
6.994889e+00	7.078090e+00	7.183244e+00	7.227950e+00	7.223426e+00	7.108413e+00
6.526670e+00	5.909619e+00	3.757041e+00	2.913192e+00	1.778749e+00	1.576483e+00
1.448568e+00	1.411041e+00	1.060214e+01	1.032280e+01	1.005538e+01	9.811460e+00
9.583588e+00	9.150258e+00	8.755594e+00	8.399999e+00	8.083059e+00	7.804543e+00
7.564455e+00	7.362609e+00	7.198872e+00	7.073128e+00	6.984927e+00	6.934538e+00
6.923272e+00	6.947551e+00	7.003810e+00	7.091348e+00	7.200290e+00	7.249511e+00
7.263745e+00	7.181504e+00	6.645037e+00	6.072996e+00	3.998572e+00	3.102085e+00
1.841245e+00	1.610215e+00	1.452853e+00	1.410769e+00	1.059377e+01	1.031717e+01
1.005244e+01	9.809305e+00	9.581255e+00	9.148498e+00	8.754299e+00	8.398973e+00
8.082163e+00	7.803738e+00	7.563803e+00	7.362374e+00	7.199223e+00	7.074420e+00
6.987112e+00	6.937072e+00	6.926069e+00	6.951539e+00	7.010917e+00	7.102691e+00
7.213664e+00	7.265723e+00	7.298460e+00	7.253108e+00	6.753213e+00	6.215352e+00
4.254912e+00	3.309905e+00	1.910811e+00	1.646793e+00	1.456454e+00	1.410064e+00
1.058819e+01	1.031410e+01	1.005150e+01	9.808635e+00	9.580512e+00	9.147964e+00
8.753958e+00	8.398720e+00	8.081959e+00	7.803581e+00	7.563733e+00	7.362474e+00
7.199965e+00	7.075872e+00	6.989130e+00	6.939899e+00	6.929689e+00	6.956267e+00
7.016793e+00	7.110835e+00	7.227857e+00	7.285955e+00	7.328336e+00	7.292601e+00
6.859312e+00	6.389044e+00	4.492474e+00	3.505079e+00	1.990943e+00	1.694532e+00
1.462667e+00	1.409838e+00	1.058474e+01	1.031289e+01	1.005172e+01	9.809059e+00
9.580709e+00	9.148367e+00	8.754678e+00	8.399557e+00	8.082955e+00	7.804834e+00
7.565428e+00	7.364566e+00	7.202000e+00	7.077500e+00	6.990921e+00	6.943379e+00
6.934959e+00	6.962476e+00	7.021139e+00	7.115703e+00	7.243301e+00	7.314024e+00
7.353457e+00	7.308527e+00	6.962660e+00	6.623317e+00	4.699112e+00	3.675532e+00
2.087722e+00	1.765317e+00	1.476486e+00	1.409869e+00	1.059167e+01	1.031847e+01
1.005592e+01	9.811953e+00	9.582194e+00	9.148821e+00	8.754938e+00	8.400280e+00
8.084395e+00	7.807062e+00	7.568377e+00	7.368088e+00	7.205844e+00	7.081247e+00
6.993731e+00	6.943529e+00	6.933627e+00	6.963713e+00	7.032682e+00	7.133420e+00
7.258020e+00	7.323037e+00	7.372490e+00	7.350401e+00	7.062415e+00	6.719543e+00
4.937402e+00	3.905879e+00	2.196212e+00	1.824033e+00	1.490487e+00	1.410081e+00
1.060352e+01	1.032771e+01	1.006291e+01	9.816633e+00	9.584893e+00	9.149409e+00
8.755115e+00	8.401011e+00	8.086065e+00	7.809692e+00	7.571657e+00	7.371846e+00
7.210163e+00	7.085929e+00	6.996962e+00	6.943045e+00	6.930268e+00	6.964158e+00
7.046981e+00	7.157202e+00	7.270234e+00	7.327545e+00	7.388502e+00	7.409660e+00
7.152022e+00	6.778038e+00	5.187949e+00	4.174188e+00	2.318652e+00	1.882168e+00
1.505489e+00	1.410446e+00	1.060086e+01	1.032709e+01	1.006335e+01	9.817344e+00
9.585617e+00	9.150447e+00	8.756363e+00	8.402260e+00	8.087289e+00	7.810908e+00
7.572825e+00	7.373068e+00	7.211478e+00	7.087444e+00	6.998949e+00	6.945893e+00
6.933680e+00	6.968078e+00	7.050207e+00	7.161334e+00	7.277657e+00	7.339415e+00
7.405723e+00	7.436626e+00	7.223160e+00	6.898345e+00	5.399690e+00	4.393328e+00
2.456391e+00	1.972192e+00	1.524199e+00	1.410518e+00	1.058504e+01	1.031743e+01
1.005881e+01	9.815908e+00	9.585885e+00	9.152508e+00	8.758798e+00	8.404371e+00
8.088716e+00	7.811554e+00	7.572909e+00	7.372752e+00	7.211106e+00	7.087674e+00
7.001131e+00	6.951728e+00	6.942540e+00	6.974056e+00	7.045842e+00	7.151581e+00
7.280827e+00	7.351749e+00	7.422352e+00	7.457850e+00	7.287909e+00	6.996261e+00
5.599128e+00	4.613339e+00	2.607600e+00	2.075418e+00	1.545780e+00	1.410305e+00
1.057809e+01	1.031335e+01	1.005700e+01	9.815515e+00	9.586491e+00	9.154605e+00
8.761031e+00	8.406318e+00	8.090163e+00	7.812407e+00	7.573195e+00	7.372785e+00
7.211132e+00	7.088202e+00	7.003278e+00	6.956035e+00	6.948487e+00	6.978690e+00
7.044337e+00	7.147814e+00	7.284795e+00	7.361652e+00	7.436950e+00	7.478173e+00
7.341699e+00	7.082996e+00	5.784367e+00	4.828974e+00	2.772724e+00	2.192678e+00
1.570045e+00	1.410278e+00	1.057780e+01	1.031448e+01	1.005916e+01	9.817920e+00
9.588684e+00	9.156413e+00	8.762651e+00	8.407816e+00	8.091590e+00	7.813871e+00
7.574780e+00	7.374448e+00	7.212983e+00	7.090276e+00	7.005346e+00	6.958175e+00
6.950791e+00	6.981425e+00	7.048647e+00	7.153565e+00	7.291359e+00	7.368655e+00
7.449152e+00	7.498705e+00	7.384082e+00	7.158698e+00	5.952809e+00	5.036934e+00
2.953749e+00	2.327068e+00	1.597660e+00	1.410934e+00	