1.365550e+00	1.389716e+00	1.414065e+00	1.438691e+00	1.463570e+00	1.513848e+00
1.564711e+00	1.616193e+00	1.668101e+00	1.720531e+00	1.773523e+00	1.827336e+00
1.882160e+00	1.938816e+00	1.999065e+00	2.064142e+00	2.133084e+00	2.202660e+00
2.269067e+00	2.332000e+00	2.389591e+00	2.414589e+00	2.437092e+00	2.454129e+00
2.477404e+00	2.483107e+00	2.487229e+00	2.487742e+00	2.488202e+00	2.488202e+00
2.488344e+00	2.488437e+00	1.464724e+00	1.489823e+00	1.515057e+00	1.540485e+00
1.566090e+00	1.617621e+00	1.669442e+00	1.721581e+00	1.773857e+00	1.826402e+00
1.879324e+00	1.932892e+00	1.987303e+00	2.043379e+00	2.102894e+00	2.167082e+00
2.234957e+00	2.303275e+00	2.368263e+00	2.429699e+00	2.485851e+00	2.510203e+00
2.532089e+00	2.548613e+00	2.571142e+00	2.576655e+00	2.580637e+00	2.581132e+00
2.581577e+00	2.581577e+00	2.581714e+00	2.581803e+00	1.571100e+00	1.597141e+00
1.623262e+00	1.649482e+00	1.675791e+00	1.728506e+00	1.781184e+00	1.833842e+00
1.886317e+00	1.938789e+00	1.991437e+00	2.044546e+00	2.098320e+00	2.153582e+00
2.212116e+00	2.275157e+00	2.341695e+00	2.408485e+00	2.471796e+00	2.531490e+00
2.585990e+00	2.609604e+00	2.630789e+00	2.646734e+00	2.668426e+00	2.673727e+00
2.677552e+00	2.678027e+00	2.678455e+00	2.678455e+00	2.678587e+00	2.678673e+00
1.685201e+00	1.712190e+00	1.739195e+00	1.766191e+00	1.793176e+00	1.846993e+00
1.900404e+00	1.953423e+00	2.005907e+00	2.058091e+00	2.110237e+00	2.162650e+00
2.215539e+00	2.269728e+00	2.327011e+00	2.388621e+00	2.453531e+00	2.518500e+00
2.579854e+00	2.637546e+00	2.690162e+00	2.712941e+00	2.733336e+00	2.748634e+00
2.769391e+00	2.774457e+00	2.778107e+00	2.778560e+00	2.778968e+00	2.778968e+00
2.779096e+00	2.779177e+00	1.807590e+00	1.835527e+00	1.863408e+00	1.891157e+00
1.918784e+00	1.973602e+00	2.027605e+00	2.080802e+00	2.133079e+00	2.184734e+00
2.236125e+00	2.287576e+00	2.339306e+00	2.392139e+00	2.447873e+00	2.507743e+00
2.570709e+00	2.633542e+00	2.692637e+00	2.748046e+00	2.798531e+00	2.820369e+00
2.839880e+00	2.854456e+00	2.874177e+00	2.878981e+00	2.882438e+00	2.882867e+00
2.883254e+00	2.883254e+00	2.883375e+00	2.883452e+00	1.938867e+00	1.967748e+00
1.996492e+00	2.024966e+00	2.053191e+00	2.108890e+00	2.163319e+00	2.216487e+00
2.268314e+00	2.319170e+00	2.369523e+00	2.419719e+00	2.469987e+00	2.521151e+00
2.575013e+00	2.632807e+00	2.693482e+00	2.753838e+00	2.810350e+00	2.863175e+00
2.911265e+00	2.932052e+00	2.950577e+00	2.964352e+00	2.982927e+00	2.987444e+00
2.990688e+00	2.991090e+00	2.991453e+00	2.991453e+00	2.991568e+00	2.991639e+00
2.079678e+00	2.109494e+00	2.139081e+00	2.168242e+00	2.197012e+00	2.253451e+00
2.308118e+00	2.361020e+00	2.412122e+00	2.461878e+00	2.510879e+00	2.559494e+00
2.607969e+00	2.657121e+00	2.708756e+00	2.764107e+00	2.822119e+00	2.879629e+00
2.933209e+00	2.983127e+00	3.028541e+00	3.048157e+00	3.065589e+00	3.078479e+00
3.095792e+00	3.099992e+00	3.103003e+00	3.103375e+00	3.103712e+00	3.103712e+00
3.103820e+00	3.103886e+00	2.230715e+00	2.261450e+00	2.291853e+00	2.321656e+00
2.350908e+00	2.407923e+00	2.462608e+00	2.514977e+00	2.565048e+00	2.613368e+00
2.660668e+00	2.707344e+00	2.753658e+00	2.800424e+00	2.849446e+00	2.901956e+00
2.956899e+00	3.011166e+00	3.061439e+00	3.108104e+00	3.150541e+00	3.168860e+00
3.185085e+00	3.197001e+00	3.212928e+00	3.216781e+00	3.219535e+00	3.219875e+00
3.220185e+00	3.220185e+00	3.220284e+00	3.220344e+00	2.392722e+00	2.424352e+00
2.455536e+00	2.485924e+00	2.515584e+00	2.572982e+00	2.627438e+00	2.678973e+00
2.727669e+00	2.774180e+00	2.819393e+00	2.863735e+00	2.907486e+00	2.951455e+00
2.997443e+00	3.046679e+00	3.098117e+00	3.148711e+00	3.195275e+00	3.238318e+00
3.277455e+00	3.294343e+00	3.309238e+00	3.320085e+00	3.334495e+00	3.337970e+00
3.340445e+00	3.340749e+00	3.341028e+00	3.341028e+00	3.341118e+00	3.341172e+00
2.566494e+00	2.598989e+00	2.630910e+00	2.661816e+00	2.691794e+00	2.749357e+00
2.803302e+00	2.853664e+00	2.900599e+00	2.944887e+00	2.987586e+00	3.029159e+00
3.069908e+00	3.110632e+00	3.153126e+00	3.198620e+00	3.246079e+00	3.292539e+00
3.334961e+00	3.373986e+00	3.409482e+00	3.424794e+00	3.438230e+00	3.447908e+00
3.460662e+00	3.463724e+00	3.465894e+00	3.466160e+00	3.466405e+00	3.466405e+00
3.466487e+00	3.466533e+00	2.752887e+00	2.786205e+00	2.818809e+00	2.850152e+00
2.880349e+00	2.937822e+00	2.990936e+00	3.039746e+00	3.084494e+00	3.126099e+00
3.165813e+00	3.204140e+00	3.241403e+00	3.278394e+00	3.316896e+00	3.358138e+00
3.401107e+00	3.442938e+00	3.480754e+00	3.515339e+00	3.546828e+00	3.560411e+00
3.572251e+00	3.580652e+00	3.591603e+00	3.594216e+00	3.596055e+00	3.596280e+00
3.596488e+00	3.596488e+00	3.596559e+00	3.596597e+00	2.952817e+00	2.986908e+00
3.020127e+00	3.051814e+00	3.082110e+00	3.139205e+00	3.191129e+00	3.237961e+00
3.280047e+00	3.318461e+00	3.354672e+00	3.389228e+00	3.422478e+00	3.455203e+00
3.489172e+00	3.525611e+00	3.563539e+00	3.600206e+00	3.632921e+00	3.662613e+00
3.689706e+00	3.701398e+00	3.711496e+00	3.718507e+00	3.727499e+00	3.729624e+00
3.731105e+00	3.731284e+00	3.731453e+00	3.731453e+00	3.731512e+00	3.731542e+00
3.167266e+00	3.202068e+00	3.235824e+00	3.267745e+00	3.298005e+00	3.354394e+00
3.404722e+00	3.449102e+00	3.487998e+00	3.522660e+00	3.554798e+00	3.585007e+00
3.613669e+00	3.641548e+00	3.670395e+00	3.701436e+00	3.733728e+00	3.764657e+00
3.791740e+00	3.816057e+00	3.838340e+00	3.847969e+00	3.856168e+00	3.861669e+00
3.868536e+00	3.870133e+00	3.871226e+00	3.871356e+00	3.871482e+00	3.871482e+00
3.871529e+00	3.871550e+00	3.397290e+00	3.432727e+00	3.466925e+00	3.498954e+00
3.529023e+00	3.584333e+00	3.632612e+00	3.674011e+00	3.709133e+00	3.739424e+00
3.766863e+00	3.792096e+00	3.815540e+00	3.837942e+00	3.861031e+00	3.886030e+00
3.912046e+00	3.936621e+00	3.957502e+00	3.975930e+00	3.992961e+00	4.000343e+00
4.006480e+00	4.010343e+00	4.014910e+00	4.015936e+00	4.016609e+00	4.016686e+00
4.016766e+00	4.016766e+00	4.016800e+00	4.016811e+00	3.644020e+00	3.680001e+00
3.714532e+00	3.746522e+00	3.776223e+00	3.830034e+00	3.875755e+00	3.913586e+00
3.944287e+00	3.969527e+00	3.991578e+00	4.011148e+00	4.028688e+00	4.044929e+00
4.061569e+00	4.079830e+00	4.098880e+00	4.116440e+00	4.130511e+00	4.142501e+00
4.153811e+00	4.158751e+00	4.162651e+00	4.164741e+00	4.166822e+00	4.167232e+00
4.167452e+00	4.167472e+00	4.167502e+00	4.167502e+00	4.167522e+00	4.167522e+00
3.911771e+00	3.948038e+00	3.982637e+00	4.014312e+00	4.043361e+00	4.095097e+00
4.137682e+00	4.171359e+00	4.197057e+00	4.216657e+00	4.232716e+00	4.245991e+00
4.256973e+00	4.266354e+00	4.275790e+00	4.286495e+00	4.297716e+00	4.307409e+00
4.313888e+00	4.318744e+00	4.323766e+00	4.326057e+00	4.327573e+00	4.327785e+00
4.327091e+00	4.326812e+00	4.326530e+00	4.326487e+00	4.326463e+00	4.326463e+00
4.326466e+00	4.326452e+00	4.196764e+00	4.233288e+00	4.267890e+00	4.299127e+00
4.327347e+00	4.376538e+00	4.415355e+00	4.444107e+00	4.463923e+00	4.476949e+00
4.486086e+00	4.492158e+00	4.495703e+00	4.497378e+00	4.498799e+00	4.501175e+00
4.503841e+00	4.504994e+00	4.503268e+00	4.500435e+00	4.498681e+00	4.498101e+00
4.497008e+00	4.495163e+00	4.491547e+00	4.490544e+00	4.489733e+00	4.489623e+00
4.489541e+00	4.489541e+00	4.489527e+00	4.489500e+00	4.487060e+00	4.524341e+00
4.559396e+00	4.590537e+00	4.618165e+00	4.664987e+00	4.699663e+00	4.722531e+00
4.734999e+00	4.739742e+00	4.740318e+00	4.737721e+00	4.732524e+00	4.725445e+00
4.718091e+00	4.711714e+00	4.705689e+00	4.698267e+00	4.688217e+00	4.677546e+00
4.668821e+00	4.665173e+00	4.661093e+00	4.656838e+00	4.650541e+00	4.648884e+00
4.647572e+00	4.647397e+00	4.647255e+00	4.647256e+00	4.647231e+00	4.647200e+00
4.780221e+00	4.819047e+00	4.855215e+00	4.886684e+00	4.913932e+00	4.958307e+00
4.988113e+00	5.003911e+00	5.007489e+00	5.002272e+00	4.992708e+00	4.980045e+00
4.964884e+00	4.948094e+00	4.931266e+00	4.915722e+00	4.900851e+00	4.884864e+00
4.866540e+00	4.848056e+00	4.832223e+00	4.825318e+00	4.817921e+00	4.810975e+00
4.802247e+00	4.800008e+00	4.798227e+00	4.797990e+00	4.797790e+00	4.797791e+00
4.797762e+00	4.797731e+00	5.075236e+00	5.118183e+00	5.157280e+00	5.189601e+00
5.215917e+00	5.254810e+00	5.275849e+00	5.281951e+00	5.275401e+00	5.259748e+00
5.239538e+00	5.216165e+00	5.190446e+00	5.163411e+00	5.136337e+00	5.110424e+00
5.085407e+00	5.060285e+00	5.034367e+00	5.008835e+00	4.985587e+00	4.975066e+00
4.964183e+00	4.954649e+00	4.943545e+00	4.940753e+00	4.938515e+00	4.938220e+00
4.937981e+00	4.937970e+00	4.937936e+00	4.937909e+00	5.375354e+00	5.424142e+00
5.467384e+00	5.500886e+00	5.525847e+00	5.557067e+00	5.566524e+00	5.560867e+00
5.542937e+00	5.516054e+00	5.484451e+00	5.449604e+00	5.412629e+00	5.374726e+00
5.336715e+00	5.299601e+00	5.263637e+00	5.228997e+00	5.195730e+00	5.163452e+00
5.132567e+00	5.118206e+00	5.103701e+00	5.091594e+00	5.078148e+00	5.074819e+00
5.072131e+00	5.071780e+00	5.071513e+00	5.071483e+00	5.071444e+00	5.071421e+00
5.679745e+00	5.733287e+00	5.779715e+00	5.813659e+00	5.836709e+00	5.859423e+00
5.856328e+00	5.837206e+00	5.805634e+00	5.765222e+00	5.720498e+00	5.672955e+00
5.623564e+00	5.573569e+00	5.523819e+00	5.475493e+00	5.429086e+00	5.385115e+00
5.343806e+00	5.304144e+00	5.265797e+00	5.247666e+00	5.229535e+00	5.214815e+00
5.199070e+00	5.195194e+00	5.192065e+00	5.191656e+00	5.191353e+00	5.191311e+00
5.191270e+00	5.191252e+00	5.984050e+00	6.040635e+00	6.088816e+00	6.122242e+00
6.142801e+00	6.156468e+00	6.140241e+00	6.106038e+00	6.058453e+00	6.002110e+00
5.942624e+00	5.881378e+00	5.818634e+00	5.755532e+00	5.693535e+00	5.634393e+00
5.578492e+00	5.525723e+00	5.475862e+00	5.428365e+00	5.383010e+00	5.361317e+00
5.339679e+00	5.322391e+00	5.304472e+00	5.300055e+00	5.296508e+00	5.296041e+00
5.295698e+00	5.295652e+00	5.295612e+00	5.295598e+00	6.290398e+00	6.349389e+00
6.398546e+00	6.430460e+00	6.447379e+00	6.449512e+00	6.417630e+00	6.366084e+00
6.300539e+00	6.226626e+00	6.151000e+00	6.074931e+00	5.998069e+00	5.921398e+00
5.846841e+00	5.776611e+00	5.710940e+00	5.649133e+00	5.590561e+00	5.535128e+00
5.482735e+00	5.457550e+00	5.432523e+00	5.412735e+00	5.392642e+00	5.387689e+00
5.383719e+00	5.383205e+00	5.382824e+00	5.382765e+00	5.382724e+00	5.382725e+00
6.596448e+00	6.656937e+00	6.706038e+00	6.735197e+00	6.747094e+00	6.734820e+00
6.684525e+00	6.613326e+00	6.527977e+00	6.435020e+00	6.342038e+00	6.250202e+00
6.158654e+00	6.068168e+00	5.980958e+00	5.899493e+00	5.823858e+00	5.752865e+00
5.685539e+00	5.622174e+00	5.562810e+00	5.534279e+00	5.506035e+00	5.483871e+00
5.461641e+00	5.456158e+00	5.451769e+00	5.451205e+00	5.450788e+00	5.450718e+00
5.450680e+00	5.450687e+00	6.900140e+00	6.960665e+00	7.008177e+00	7.032916e+00
7.038060e+00	7.008002e+00	6.936255e+00	6.842993e+00	6.736021e+00	6.622632e+00
6.511156e+00	6.402707e+00	6.296014e+00	6.191582e+00	6.091765e+00	5.998977e+00
5.913196e+00	5.832854e+00	5.756679e+00	5.685234e+00	5.618867e+00	5.587141e+00
5.555834e+00	5.531410e+00	5.507010e+00	5.500982e+00	5.496168e+00	5.495542e+00
5.495086e+00	5.495015e+00	5.494984e+00	5.494973e+00	7.202409e+00	7.261183e+00
7.305260e+00	7.323628e+00	7.320043e+00	7.268472e+00	7.172158e+00	7.054517e+00
6.924324e+00	6.789415e+00	6.658559e+00	6.532880e+00	6.410910e+00	6.292827e+00
6.180828e+00	6.077084e+00	5.981540e+00	5.892532e+00	5.808970e+00	5.727707e+00
5.652787e+00	5.617434e+00	5.582757e+00	5.555789e+00	5.528701e+00	5.522029e+00
5.516716e+00	5.516031e+00	5.515517e+00	5.515439e+00	5.515394e+00	5.515375e+00
7.503324e+00	7.558401e+00	7.597027e+00	7.606920e+00	7.592494e+00	7.515511e+00
7.391352e+00	7.246926e+00	7.091831e+00	6.934206e+00	6.782977e+00	6.639225e+00
6.501507e+00	6.369745e+00	6.244865e+00	6.128368e+00	6.020674e+00	5.919730e+00
5.823815e+00	5.738105e+00	5.659819e+00	5.623066e+00	5.587101e+00	5.559166e+00
5.531037e+00	5.524117e+00	5.518610e+00	5.517900e+00	5.517365e+00	5.517285e+00
5.517235e+00	5.517215e+00	7.798276e+00	7.847142e+00	7.877789e+00	7.876680e+00
7.848972e+00	7.742321e+00	7.587025e+00	7.413650e+00	7.232375e+00	7.051321e+00
6.879246e+00	6.717040e+00	6.563363e+00	6.417616e+00	6.280987e+00	6.154188e+00
6.037018e+00	5.927498e+00	5.824217e+00	5.728545e+00	5.641943e+00	5.601896e+00
5.562969e+00	5.532822e+00	5.502245e+00	5.494735e+00	5.488756e+00	5.487966e+00
5.487386e+00	5.487306e+00	5.487256e+00	5.487236e+00	8.072947e+00	8.119391e+00
8.146411e+00	8.137650e+00	8.098435e+00	7.961073e+00	7.768613e+00	7.560036e+00
7.347375e+00	7.139093e+00	6.944090e+00	6.762964e+00	6.591167e+00	6.425739e+00
6.277674e+00	6.144686e+00	6.021385e+00	5.905836e+00	5.796604e+00	5.690688e+00
5.595883e+00	5.552296e+00	5.509731e+00	5.476753e+00	5.445602e+00	5.438532e+00
5.431605e+00	5.430503e+00	5.429962e+00	5.429946e+00	5.429761e+00	5.429823e+00
8.355972e+00	8.393480e+00	8.409996e+00	8.387456e+00	8.331898e+00	8.158392e+00
7.928528e+00	7.686373e+00	7.444623e+00	7.211365e+00	6.995056e+00	6.795896e+00
6.608780e+00	6.430165e+00	6.268860e+00	6.121282e+00	5.984174e+00	5.855484e+00
5.733813e+00	5.620584e+00	5.519453e+00	5.473010e+00	5.427753e+00	5.392875e+00
5.360609e+00	5.353417e+00	5.346070e+00	5.344879e+00	5.344328e+00	5.344324e+00
5.344096e+00	5.344179e+00	8.736335e+00	8.711425e+00	8.669542e+00	8.598395e+00
8.504300e+00	8.278885e+00	8.022885e+00	7.764287e+00	7.511784e+00	7.265542e+00
7.031540e+00	6.810746e+00	6.608888e+00	6.423648e+00	6.247559e+00	6.081723e+00
5.928006e+00	5.784973e+00	5.652041e+00	5.530733e+00	5.423822e+00	5.377059e+00
5.334891e+00	5.303400e+00	5.259723e+00	5.244886e+00	5.241820e+00	5.242577e+00
5.241423e+00	5.240906e+00	5.241649e+00	5.241112e+00	9.194708e+00	9.056788e+00
8.919008e+00	8.778147e+00	8.636109e+00	8.357452e+00	8.082185e+00	7.814066e+00
7.556126e+00	7.302569e+00	7.055591e+00	6.817745e+00	6.595001e+00	6.384820e+00
6.186374e+00	5.999558e+00	5.826065e+00	5.667613e+00	5.525526e+00	5.398059e+00
5.287946e+00	5.244900e+00	5.214066e+00	5.193086e+00	5.124680e+00	5.091881e+00
5.099746e+00	5.105261e+00	5.102703e+00	5.100953e+00	5.104055e+00	5.102024e+00
9.396838e+00	9.277487e+00	9.142521e+00	8.988734e+00	8.825694e+00	8.500500e+00
8.182486e+00	7.876041e+00	7.570645e+00	7.294430e+00	7.035623e+00	6.789105e+00
6.548538e+00	6.317286e+00	6.102195e+00	5.901996e+00	5.717173e+00	5.547898e+00
5.394460e+00	5.256590e+00	5.137378e+00	5.089380e+00	5.054083e+00	5.030939e+00
4.961629e+00	4.929919e+00	4.936704e+00	4.941928e+00	4.939435e+00	4.937749e+00
4.940723e+00	4.938788e+00	9.527764e+00	9.450453e+00	9.351335e+00	9.214595e+00
9.050553e+00	8.687656e+00	8.305173e+00	7.938705e+00	7.579352e+00	7.263182e+00
6.971835e+00	6.702480e+00	6.449356e+00	6.210084e+00	5.988898e+00	5.784638e+00
5.595888e+00	5.419337e+00	5.253388e+00	5.102492e+00	4.970208e+00	4.910934e+00
4.858306e+00	4.821232e+00	4.772389e+00	4.755432e+00	4.752875e+00	4.754035e+00
4.752731e+00	4.752082e+00	4.753052e+00	4.752419e+00	9.701297e+00	9.641381e+00
9.550165e+00	9.407724e+00	9.227469e+00	8.815381e+00	8.374282e+00	7.955408e+00
7.578194e+00	7.224867e+00	6.904724e+00	6.614756e+00	6.347836e+00	6.097584e+00
5.866950e+00	5.655147e+00	5.459299e+00	5.273720e+00	5.095498e+00	4.932108e+00
4.787383e+00	4.719140e+00	4.654424e+00	4.608311e+00	4.570994e+00	4.562885e+00
4.554672e+00	4.553412e+00	4.552812e+00	4.552782e+00	4.552560e+00	4.552704e+00
9.952489e+00	9.859384e+00	9.736291e+00	9.562984e+00	9.353375e+00	8.889531e+00
8.406928e+00	7.950513e+00	7.542673e+00	7.168901e+00	6.830602e+00	6.523914e+00
6.241309e+00	5.975414e+00	5.729776e+00	5.504465e+00	5.295936e+00	5.098293e+00
4.908416e+00	4.733503e+00	4.577304e+00	4.503842e+00	4.435193e+00	4.387229e+00
4.347840e+00	4.338801e+00	4.331127e+00	4.330109e+00	4.329436e+00	4.329346e+00
4.329243e+00	4.329324e+00	1.018357e+01	1.006141e+01	9.911932e+00	9.714396e+00
9.474458e+00	8.950142e+00	8.416245e+00	7.934540e+00	7.494102e+00	7.099426e+00
6.743937e+00	6.421781e+00	6.124663e+00	5.844119e+00	5.584051e+00	5.345563e+00
5.124283e+00	4.914213e+00	4.712069e+00	4.524745e+00	4.356547e+00	4.278030e+00
4.205356e+00	4.155177e+00	4.114002e+00	4.104410e+00	4.097089e+00	4.096198e+00
4.095493e+00	4.095384e+00	4.095330e+00	4.095366e+00	1.043965e+01	1.026108e+01
1.005542e+01	9.805621e+00	9.533552e+00	8.972655e+00	8.415406e+00	7.901947e+00
7.441677e+00	7.026592e+00	6.651064e+00	6.309871e+00	5.995938e+00	5.700580e+00
5.426282e+00	5.174422e+00	4.940368e+00	4.719454e+00	4.508533e+00	4.310000e+00
4.125971e+00	4.040290e+00	3.963093e+00	3.911665e+00	3.868943e+00	3.859450e+00
3.852062e+00	3.851156e+00	3.850473e+00	3.850366e+00	3.850342e+00	3.850332e+00
1.080330e+01	1.047799e+01	1.015125e+01	9.823842e+00	9.508062e+00	8.922280e+00
8.375936e+00	7.871232e+00	7.402904e+00	6.967330e+00	6.563974e+00	6.193459e+00
5.855121e+00	5.542938e+00	5.254183e+00	4.988146e+00	4.741601e+00	4.514143e+00
4.302999e+00	4.097176e+00	3.890140e+00	3.792518e+00	3.710138e+00	3.660456e+00
3.615641e+00	3.606576e+00	3.598741e+00	3.597813e+00	3.597163e+00	3.597000e+00
3.597135e+00	3.597009e+00	1.099540e+01	1.063477e+01	1.027351e+01	9.913296e+00
9.569893e+00	8.937817e+00	8.350455e+00	7.814070e+00	7.319305e+00	6.861201e+00
6.439284e+00	6.054922e+00	5.705275e+00	5.383572e+00	5.085271e+00	4.809376e+00
4.552320e+00	4.313114e+00	4.088911e+00	3.868979e+00	3.647713e+00	3.543746e+00
3.456952e+00	3.405453e+00	3.358335e+00	3.348523e+00	3.340686e+00	3.339821e+00
3.339145e+00	3.338987e+00	3.339070e+00	3.338938e+00	1.116352e+01	1.077380e+01
1.038579e+01	1.000237e+01	9.631643e+00	8.943416e+00	8.317240e+00	7.743777e+00
7.220051e+00	6.740523e+00	6.302856e+00	5.907734e+00	5.549319e+00	5.219807e+00
4.913416e+00	4.628849e+00	4.362503e+00	4.112070e+00	3.874517e+00	3.640764e+00
3.407027e+00	3.297452e+00	3.206056e+00	3.151704e+00	3.101684e+00	3.091052e+00
3.083048e+00	3.082203e+00	3.081491e+00	3.081344e+00	3.081351e+00	3.081237e+00
1.132353e+01	1.089825e+01	1.047637e+01	1.006209e+01	9.663323e+00	8.929300e+00
8.263636e+00	7.659298e+00	7.110444e+00	6.611571e+00	6.159088e+00	5.753185e+00
5.386288e+00	5.049494e+00	4.735591e+00	4.442506e+00	4.167528e+00	3.907207e+00
3.658461e+00	3.412826e+00	3.167271e+00	3.051872e+00	2.954931e+00	2.896296e+00
2.842403e+00	2.831028e+00	2.822484e+00	2.821574e+00	2.820814e+00	2.820674e+00
2.820623e+00	2.820533e+00	1.146887e+01	1.100348e+01	1.054419e+01	1.009809e+01
9.662798e+00	8.894374e+00	8.191171e+00	7.559266e+00	6.989151e+00	6.474899e+00
6.011947e+00	5.597896e+00	5.224128e+00	4.880556e+00	4.558372e+00	4.254495e+00
3.968474e+00	3.697073e+00	3.438286e+00	3.184494e+00	2.932711e+00	2.813436e+00
2.709324e+00	2.642518e+00	2.584537e+00	2.572277e+00	2.562983e+00	2.561966e+00
2.561110e+00	2.560977e+00	2.560898e+00	2.560825e+00	1.160953e+01	1.110079e+01
1.060208e+01	1.012367e+01	9.661293e+00	8.838967e+00	8.104278e+00	7.448632e+00
6.860715e+00	6.334074e+00	5.863244e+00	5.442552e+00	5.062763e+00	4.712839e+00
4.382612e+00	4.068062e+00	3.771313e+00	3.489976e+00	3.223119e+00	2.963705e+00
2.708245e+00	2.585983e+00	2.474697e+00	2.399069e+00	2.337099e+00	2.323920e+00
2.313778e+00	2.312636e+00	2.311674e+00	2.311540e+00	2.311451e+00	2.311392e+00
1.175713e+01	1.119718e+01	1.065166e+01	1.013224e+01	9.651441e+00	8.774638e+00
8.006922e+00	7.329161e+00	6.726542e+00	6.189864e+00	5.712179e+00	5.285147e+00
4.898889e+00	4.542362e+00	4.205031e+00	3.882485e+00	3.578339e+00	3.291139e+00
3.019314e+00	2.755483e+00	2.495064e+00	2.368915e+00	2.250928e+00	2.167964e+00
2.101868e+00	2.087656e+00	2.076498e+00	2.075228e+00	2.074168e+00	2.074012e+00
2.073927e+00	2.073890e+00	1.191056e+01	1.129153e+01	1.069396e+01	1.013558e+01
9.618148e+00	8.695192e+00	7.896133e+00	7.199466e+00	6.586322e+00	6.042621e+00
5.559446e+00	5.126522e+00	4.733462e+00	4.370101e+00	4.026485e+00	3.698251e+00
3.389430e+00	3.099719e+00	2.825553e+00	2.558474e+00	2.292380e+00	2.161755e+00
2.037433e+00	1.948119e+00	1.877440e+00	1.861990e+00	1.849604e+00	1.848188e+00
1.847026e+00	1.846831e+00	1.846762e+00	1.846748e+00	1.206676e+01	1.138907e+01
1.074013e+01	1.014274e+01	9.595115e+00	8.624931e+00	7.794487e+00	7.078271e+00
6.455150e+00	5.905645e+00	5.417028e+00	4.978472e+00	4.579440e+00	4.210272e+00
3.861262e+00	3.527946e+00	3.214300e+00	2.922077e+00	2.646308e+00	2.376985e+00
2.106872e+00	1.973188e+00	1.844654e+00	1.750735e+00	1.674805e+00	1.657815e+00
1.644146e+00	1.642592e+00	1.641290e+00	1.641070e+00	1.640999e+00	1.640999e+00
1.222655e+01	1.148920e+01	1.078870e+01	1.015418e+01	9.575875e+00	8.560276e+00
7.699343e+00	6.963798e+00	6.331258e+00	5.776723e+00	5.282832e+00	4.838884e+00
4.434372e+00	4.060014e+00	3.706352e+00	3.368827e+00	3.050986e+00	2.756797e+00
2.480220e+00	2.209608e+00	1.936938e+00	1.801314e+00	1.670166e+00	1.573054e+00
1.492086e+00	1.473573e+00	1.458718e+00	1.457032e+00	1.455591e+00	1.455356e+00
1.455273e+00	1.455280e+00	1.239608e+01	1.159649e+01	1.084327e+01	1.017077e+01
9.571711e+00	8.519407e+00	7.631486e+00	6.876444e+00	6.231590e+00	5.669384e+00
5.168821e+00	4.718377e+00	4.307194e+00	3.926372e+00	3.567917e+00	3.227667e+00
2.907752e+00	2.611677e+00	2.333557e+00	2.061333e+00	1.787364e+00	1.650746e+00
1.517967e+00	1.418250e+00	1.331977e+00	1.312025e+00	1.296031e+00	1.294099e+00
1.292548e+00	1.292328e+00	1.292192e+00	1.292205e+00	1.257838e+01	1.171336e+01
1.090692e+01	1.020199e+01	9.582214e+00	8.494043e+00	7.583945e+00	6.811608e+00
6.153232e+00	5.581732e+00	5.073848e+00	4.616352e+00	4.197467e+00	3.808694e+00
3.445099e+00	3.103617e+00	2.783795e+00	2.485893e+00	2.205290e+00	1.930761e+00
1.656405e+00	1.519561e+00	1.385908e+00	1.283955e+00	1.191901e+00	1.170559e+00
1.153436e+00	1.151130e+00	1.149495e+00	1.149324e+00	1.149086e+00	1.149111e+00
1.278395e+01	1.185221e+01	1.099130e+01	1.025246e+01	9.609327e+00	8.495001e+00
7.568706e+00	6.777046e+00	6.104212e+00	5.522700e+00	5.004739e+00	4.536982e+00
4.110152e+00	3.716379e+00	3.349260e+00	3.004620e+00	2.681529e+00	2.379844e+00
2.097257e+00	1.822199e+00	1.547109e+00	1.409043e+00	1.273665e+00	1.169247e+00
1.071805e+00	1.048701e+00	1.030265e+00	1.027799e+00	1.026042e+00	1.025836e+00
1.025622e+00	1.025583e+00	1.301391e+01	1.201617e+01	1.110231e+01	1.033232e+01
9.670394e+00	8.516510e+00	7.567265e+00	6.766329e+00	6.085875e+00	5.493474e+00
4.963043e+00	4.483472e+00	4.048061e+00	3.649526e+00	3.278948e+00	2.930054e+00
2.602072e+00	2.295496e+00	2.010114e+00	1.734715e+00	1.458325e+00	1.318542e+00
1.180643e+00	1.073058e+00	9.701565e-01	9.451476e-01	9.252610e-01	9.227044e-01
9.208034e-01	9.205368e-01	9.203756e-01	9.202535e-01	1.325913e+01	1.219878e+01
1.123554e+01	1.043818e+01	9.760372e+00	8.574888e+00	7.604776e+00	6.787352e+00
6.091579e+00	5.487929e+00	4.948279e+00	4.460149e+00	4.017765e+00	3.614028e+00
3.237970e+00	2.883890e+00	2.550861e+00	2.238828e+00	1.947830e+00	1.669734e+00
1.390983e+00	1.249418e+00	1.108178e+00	9.961209e-01	8.868818e-01	8.600204e-01
8.385514e-01	8.357820e-01	8.337305e-01	8.334478e-01	8.332543e-01	8.331013e-01
1.351638e+01	1.239886e+01	1.139111e+01	1.056984e+01	9.878484e+00	8.662896e+00
7.671805e+00	6.841179e+00	6.133516e+00	5.519028e+00	4.969914e+00	4.473614e+00
4.024343e+00	3.615006e+00	3.231474e+00	2.870085e+00	2.529963e+00	2.209874e+00
1.909069e+00	1.623613e+00	1.342554e+00	1.198913e+00	1.053930e+00	9.370488e-01
8.208867e-01	7.919319e-01	7.686957e-01	7.656840e-01	7.634561e-01	7.631532e-01
7.629432e-01	7.627885e-01	1.377944e+01	1.261021e+01	1.156249e+01	1.072032e+01
1.001738e+01	8.774221e+00	7.763185e+00	6.919810e+00	6.201296e+00	5.574587e+00
5.012912e+00	4.504962e+00	4.044542e+00	3.624281e+00	3.236247e+00	2.872075e+00
2.529100e+00	2.205601e+00	1.900479e+00	1.611423e+00	1.320446e+00	1.171508e+00
1.019562e+00	8.955747e-01	7.707557e-01	7.392339e-01	7.138578e-01	7.105496e-01
7.081115e-01	7.077786e-01	7.075524e-01	7.074292e-01	1.404465e+01	1.283259e+01
1.175220e+01	1.089377e+01	1.018201e+01	8.915755e+00	7.887892e+00	7.032305e+00
6.303631e+00	5.667668e+00	5.098245e+00	4.583508e+00	4.115977e+00	3.687974e+00
3.290857e+00	2.918180e+00	2.566779e+00	2.233259e+00	1.915217e+00	1.611934e+00
1.313846e+00	1.160582e+00	1.002553e+00	8.712651e-01	7.356224e-01	7.009708e-01
6.730273e-01	6.693829e-01	6.666797e-01	6.663092e-01	6.660589e-01	6.659889e-01
1.430418e+01	1.306391e+01	1.196150e+01	1.109131e+01	1.037119e+01	9.079819e+00
8.035018e+00	7.166952e+00	6.429685e+00	5.786671e+00	5.210763e+00	4.689572e+00
4.214989e+00	3.778966e+00	3.373111e+00	2.991204e+00	2.630059e+00	2.286033e+00
1.955671e+00	1.636604e+00	1.328967e+00	1.170798e+00	1.006582e+00	8.662282e-01
7.122917e-01	6.740862e-01	6.432607e-01	6.393557e-01	6.362409e-01	6.358425e-01
6.355360e-01	6.355524e-01	1.456180e+01	1.329936e+01	1.218025e+01	1.130175e+01
1.057522e+01	9.261404e+00	8.202239e+00	7.322663e+00	6.578187e+00	5.929844e+00
5.348863e+00	4.822282e+00	4.341738e+00	3.898826e+00	3.484634e+00	3.092786e+00
2.720710e+00	2.365729e+00	2.024327e+00	1.691568e+00	1.363886e+00	1.194870e+00
1.016682e+00	8.634341e-01	6.956209e-01	6.534882e-01	6.195474e-01	6.153558e-01
6.118236e-01	6.113955e-01	6.110268e-01	6.110948e-01	1.482127e+01	1.353057e+01
1.239146e+01	1.150587e+01	1.077747e+01	9.453074e+00	8.388386e+00	7.500900e+00
6.749147e+00	6.093960e+00	5.506470e+00	4.973420e+00	4.486134e+00	4.035874e+00
3.613286e+00	3.211749e+00	2.828845e+00	2.462135e+00	2.107630e+00	1.758252e+00
1.409359e+00	1.228708e+00	1.034799e+00	8.672329e-01	6.899630e-01	6.412093e-01
6.028893e-01	5.981382e-01	5.941904e-01	5.937237e-01	5.932690e-01	5.932962e-01
1.507306e+01	1.375331e+01	1.259495e+01	1.170578e+01	1.098138e+01	9.661151e+00
8.602376e+00	7.711925e+00	6.952928e+00	6.289084e+00	5.693589e+00	5.153290e+00
4.659193e+00	4.202203e+00	3.772331e+00	3.362435e+00	2.969805e+00	2.591501e+00
2.222804e+00	1.855369e+00	1.481434e+00	1.286900e+00	1.074868e+00	8.887255e-01
6.878605e-01	6.339504e-01	5.912690e-01	5.859327e-01	5.815985e-01	5.810805e-01
5.805483e-01	5.804497e-01	1.526103e+01	1.394093e+01	1.278716e+01	1.191105e+01
1.120213e+01	9.899613e+00	8.844652e+00	7.945888e+00	7.172862e+00	6.494703e+00
5.888722e+00	5.341679e+00	4.843378e+00	4.383350e+00	3.949895e+00	3.534553e+00
3.134112e+00	2.744898e+00	2.360990e+00	1.971920e+00	1.567192e+00	1.354710e+00
1.123276e+00	9.179046e-01	6.912162e-01	6.317585e-01	5.828056e-01	5.773181e-01
5.725072e-01	5.717864e-01	5.713446e-01	5.706147e-01	1.542009e+01	1.411033e+01
1.297197e+01	1.211839e+01	1.143307e+01	1.016049e+01	9.110095e+00	8.200716e+00
7.409626e+00	6.713563e+00	6.095576e+00	5.542279e+00	5.041790e+00	4.581696e+00
4.147872e+00	3.729919e+00	3.323855e+00	2.924893e+00	2.525347e+00	2.111795e+00
1.670597e+00	1.435937e+00	1.183662e+00	9.587894e-01	7.021631e-01	6.304774e-01
5.760044e-01	5.704773e-01	5.652044e-01	5.642564e-01	5.639380e-01	5.624675e-01
1.559312e+01	1.428003e+01	1.314521e+01	1.230745e+01	1.164348e+01	1.040194e+01
9.361786e+00	8.451324e+00	7.652248e+00	6.946274e+00	6.320606e+00	5.762413e+00
5.259140e+00	4.797346e+00	4.361491e+00	3.939937e+00	3.527980e+00	3.119667e+00
2.705328e+00	2.267940e+00	1.789463e+00	1.530550e+00	1.253116e+00	1.004893e+00
7.151122e-01	6.307336e-01	5.709371e-01	5.647569e-01	5.590335e-01	5.579672e-01
5.575074e-01	5.552560e-01	1.578833e+01	1.445160e+01	1.330500e+01	1.247433e+01
1.182793e+01	1.061690e+01	9.592942e+00	8.693339e+00	7.900538e+00	7.197267e+00
6.571279e+00	6.010477e+00	5.503072e+00	5.036264e+00	4.595008e+00	4.167724e+00
3.749077e+00	3.331991e+00	2.904700e+00	2.445910e+00	1.931467e+00	1.646160e+00
1.336643e+00	1.059029e+00	7.325477e-01	6.369976e-01	5.673220e-01	5.601259e-01
5.539938e-01	5.529053e-01	5.520878e-01	5.490193e-01	1.595501e+01	1.459711e+01
1.344225e+01	1.262390e+01	1.199954e+01	1.082222e+01	9.817605e+00	8.931352e+00
8.147169e+00	7.448786e+00	6.824588e+00	6.263249e+00	5.753687e+00	5.283690e+00
4.838682e+00	4.407090e+00	3.982985e+00	3.558143e+00	3.118679e+00	2.638846e+00
2.087855e+00	1.775193e+00	1.430202e+00	1.120897e+00	7.538425e-01	6.454852e-01
5.644226e-01	5.558206e-01	5.491577e-01	5.480763e-01	5.467400e-01	5.431638e-01
1.609638e+01	1.471977e+01	1.355990e+01	1.275866e+01	1.216048e+01	1.101858e+01
1.003603e+01	9.165198e+00	8.391579e+00	7.699955e+00	7.079553e+00	6.519810e+00
6.010254e+00	5.539150e+00	5.092277e+00	4.657988e+00	4.229790e+00	3.798337e+00
3.347619e+00	2.847383e+00	2.259818e+00	1.919270e+00	1.536120e+00	1.192194e+00
7.802429e-01	6.572557e-01	5.624707e-01	5.519886e-01	5.445957e-01	5.435398e-01
5.416841e-01	5.377796e-01	1.621955e+01	1.482470e+01	1.366177e+01	1.288185e+01
1.231335e+01	1.120627e+01	1.024807e+01	9.394769e+00	8.633920e+00	7.951204e+00
7.336760e+00	6.780671e+00	6.273059e+00	5.802637e+00	5.355488e+00	4.919918e+00
4.488892e+00	4.052039e+00	3.591211e+00	3.071671e+00	2.448186e+00	2.079439e+00
1.657331e+00	1.274018e+00	8.124323e-01	6.728713e-01	5.617053e-01	5.489007e-01
5.404413e-01	5.394064e-01	5.372506e-01	5.329910e-01	1.631645e+01	1.490525e+01
1.374172e+01	1.298623e+01	1.244973e+01	1.137775e+01	1.044616e+01	9.612746e+00
8.867070e+00	8.195701e+00	7.589623e+00	7.039555e+00	6.536158e+00	6.068577e+00
5.623181e+00	5.188207e+00	4.756138e+00	4.315631e+00	3.846502e+00	3.309569e+00
2.651783e+00	2.255102e+00	1.792958e+00	1.366300e+00	8.503083e-01	6.921774e-01
5.621629e-01	5.462406e-01	5.363324e-01	5.352992e-01	5.326110e-01	5.283699e-01
1.639259e+01	1.496821e+01	1.380661e+01	1.307671e+01	1.257262e+01	1.153644e+01
1.063269e+01	9.820873e+00	9.092167e+00	8.434081e+00	7.838382e+00	7.296384e+00
6.799248e+00	6.336518e+00	5.894808e+00	5.462303e+00	5.031047e+00	4.588779e+00
4.113347e+00	3.561168e+00	2.870930e+00	2.446633e+00	1.943568e+00	1.469850e+00
8.938789e-01	7.150948e-01	5.633094e-01	5.444277e-01	5.323815e-01	5.313057e-01
5.281929e-01	5.240639e-01	1.644778e+01	1.501425e+01	1.385685e+01	1.315219e+01
1.267944e+01	1.167925e+01	1.080387e+01	1.001490e+01	9.304639e+00	8.661581e+00
8.078198e+00	7.546331e+00	7.057606e+00	6.601895e+00	6.165996e+00	5.738057e+00
5.309749e+00	4.867989e+00	4.388816e+00	3.824505e+00	3.105280e+00	2.654819e+00
2.111360e+00	1.587703e+00	9.452152e-01	7.432670e-01	5.666311e-01	5.434890e-01
5.286677e-01	5.274756e-01	5.241563e-01	5.201889e-01	1.648616e+01	1.504854e+01
1.389746e+01	1.321598e+01	1.277145e+01	1.180700e+01	1.095974e+01	1.019399e+01
9.502992e+00	8.876140e+00	8.306517e+00	7.786479e+00	7.308028e+00	6.861328e+00
6.433314e+00	6.012065e+00	5.588956e+00	5.150220e+00	4.670286e+00	4.097521e+00
3.353603e+00	2.878972e+00	2.296217e+00	1.722423e+00	1.005028e+00	7.771944e-01
5.718784e-01	5.440859e-01	5.252453e-01	5.238417e-01	5.205425e-01	5.168296e-01
1.651515e+01	1.507532e+01	1.393130e+01	1.327177e+01	1.285374e+01	1.192462e+01
1.110530e+01	1.036308e+01	9.691987e+00	9.082283e+00	8.527588e+00	8.020756e+00
7.554124e+00	7.118124e+00	6.699802e+00	6.287161e+00	5.871335e+00	5.437966e+00
4.960010e+00	4.382091e+00	3.617184e+00	3.119987e+00	2.498553e+00	1.873374e+00
1.072858e+00	8.163709e-01	5.790910e-01	5.455391e-01	5.220506e-01	5.203488e-01
5.171786e-01	5.137672e-01	1.652898e+01	1.508964e+01	1.395418e+01	1.331537e+01
1.292199e+01	1.202745e+01	1.123545e+01	1.051668e+01	9.865799e+00	9.273946e+00
8.735176e+00	8.242802e+00	7.789479e+00	7.365887e+00	6.959149e+00	6.557202e+00
6.151016e+00	5.725748e+00	5.253069e+00	4.674151e+00	3.893317e+00	3.376105e+00
2.717787e+00	2.040355e+00	1.149335e+00	8.611408e-01	5.879304e-01	5.478289e-01
5.191586e-01	5.170023e-01	5.140331e-01	5.109884e-01	1.653575e+01	1.509727e+01
1.396929e+01	1.334867e+01	1.297733e+01	1.211534e+01	1.134931e+01	1.065329e+01
1.002239e+01	9.448612e+00	8.926344e+00	8.449323e+00	8.010498e+00	7.600774e+00
7.207320e+00	6.818021e+00	6.423764e+00	6.009375e+00	5.545500e+00	4.970338e+00
4.180013e+00	3.646561e+00	2.954971e+00	2.226352e+00	1.237341e+00	9.140056e-01
5.998863e-01	5.524321e-01	5.166537e-01	5.138644e-01	5.111650e-01	5.085364e-01
1.653597e+01	1.509738e+01	1.397687e+01	1.337354e+01	1.302280e+01	1.219057e+01
1.144895e+01	1.077468e+01	1.016332e+01	9.607559e+00	9.102128e+00	8.641126e+00
8.217742e+00	7.823031e+00	7.444140e+00	7.068891e+00	6.688227e+00	6.286855e+00
5.834838e+00	5.268234e+00	4.475604e+00	3.930016e+00	3.208592e+00	2.429799e+00
1.336169e+00	9.746168e-01	6.146072e-01	5.586757e-01	5.148132e-01	5.110411e-01
5.087265e-01	5.065164e-01	1.653582e+01	1.509666e+01	1.398210e+01	1.339402e+01
1.306239e+01	1.225789e+01	1.153946e+01	1.088609e+01	1.029382e+01	9.755901e+00
9.267410e+00	8.822797e+00	8.415482e+00	8.036659e+00	7.673459e+00	7.313662e+00
6.948352e+00	6.562248e+00	6.125087e+00	5.571254e+00	4.782280e+00	4.228133e+00
3.480273e+00	2.652484e+00	1.446950e+00	1.043517e+00	6.323243e-01	5.669852e-01
5.133194e-01	5.084735e-01	5.065427e-01	5.047410e-01	1.653478e+01	1.509510e+01
1.398429e+01	1.341145e+01	1.309728e+01	1.231791e+01	1.162027e+01	1.098555e+01
1.041018e+01	9.888033e+00	9.414670e+00	8.984985e+00	8.592890e+00	8.230052e+00
7.884102e+00	7.543108e+00	7.198126e+00	6.833470e+00	6.417494e+00	5.880325e+00
5.095482e+00	4.533987e+00	3.764836e+00	2.893200e+00	1.571888e+00	1.120615e+00
6.523884e-01	5.765126e-01	5.129459e-01	5.068537e-01	5.045411e-01	5.030756e-01
1.652528e+01	1.508866e+01	1.398514e+01	1.342595e+01	1.312732e+01	1.237004e+01
1.169040e+01	1.107158e+01	1.051043e+01	1.000144e+01	9.540812e+00	9.123971e+00
8.745596e+00	8.398198e+00	8.070541e+00	7.751525e+00	7.432205e+00	7.096190e+00
6.709061e+00	6.192636e+00	5.410457e+00	4.842202e+00	4.058801e+00	3.152539e+00
1.715412e+00	1.208577e+00	6.761081e-01	5.881023e-01	5.129889e-01	5.059552e-01
5.027150e-01	5.015150e-01	1.651175e+01	1.507997e+01	1.398463e+01	1.343769e+01
1.315269e+01	1.241574e+01	1.175311e+01	1.114982e+01	1.060301e+01	1.010765e+01
9.660429e+00	9.257224e+00	8.893215e+00	8.561548e+00	8.251723e+00	7.953247e+00
7.657444e+00	7.347826e+00	6.988654e+00	6.496728e+00	5.728008e+00	5.159864e+00
4.367762e+00	3.429851e+00	1.876317e+00	1.307019e+00	7.039634e-01	6.026189e-01
5.135870e-01	5.050869e-01	5.013749e-01	5.003110e-01	1.649102e+01	1.506744e+01
1.398169e+01	1.344599e+01	1.317256e+01	1.245389e+01	1.180689e+01	1.121835e+01
1.068544e+01	1.020370e+01	9.770045e+00	9.380767e+00	9.031387e+00	8.715470e+00
8.422965e+00	8.143840e+00	7.869933e+00	7.585238e+00	7.253907e+00	6.790234e+00
6.044865e+00	5.483449e+00	4.688603e+00	3.723259e+00	2.055800e+00	1.417697e+00
7.366779e-01	6.206251e-01	5.156436e-01	5.045033e-01	5.003034e-01	4.993000e-01
1.645957e+01	1.504947e+01	1.397608e+01	1.345125e+01	1.318736e+01	1.248481e+01
1.185161e+01	1.127614e+01	1.075553e+01	1.028598e+01	9.864626e+00	9.488148e+00
9.152551e+00	8.851813e+00	8.576511e+00	8.317163e+00	8.065984e+00	7.807176e+00
7.504958e+00	7.072727e+00	6.357485e+00	5.807487e+00	5.015204e+00	4.028431e+00
2.253058e+00	1.542363e+00	7.739752e-01	6.414461e-01	5.185386e-01	5.043802e-01
4.992833e-01	4.982965e-01	1.641991e+01	1.502950e+01	1.397316e+01	1.346089e+01
1.320679e+01	1.252136e+01	1.190120e+01	1.133675e+01	1.082577e+01	1.036535e+01
9.953486e+00	9.587362e+00	9.263793e+00	8.977751e+00	8.721108e+00	8.484828e+00
8.259202e+00	8.023677e+00	7.741143e+00	7.336639e+00	6.665149e+00	6.136462e+00
5.350755e+00	4.345822e+00	2.472608e+00	1.683348e+00	8.169583e-01	6.658546e-01
5.227617e-01	5.055149e-01	4.986773e-01	4.976535e-01	1.638279e+01	1.501168e+01
1.397165e+01	1.346980e+01	1.322291e+01	1.255123e+01	1.194213e+01	1.138753e+01
1.088556e+01	1.043404e+01	1.003145e+01	9.675488e+00	9.363452e+00	9.091071e+00
8.851165e+00	8.635242e+00	8.433006e+00	8.221855e+00	7.964414e+00	7.593025e+00
6.967765e+00	6.462253e+00	5.688230e+00	4.672472e+00	2.709965e+00	1.841084e+00
8.651545e-01	6.935348e-01	5.280416e-01	5.072115e-01	4.980619e-01	4.969751e-01
1.635144e+01	1.499771e+01	1.397105e+01	1.347716e+01	1.323496e+01	1.257315e+01
1.197280e+01	1.142673e+01	1.093314e+01	1.049033e+01	1.009680e+01	9.750748e+00
9.449547e+00	9.189287e+00	8.963204e+00	8.763439e+00	8.580916e+00	8.394916e+00
8.169841e+00	7.838253e+00	7.258619e+00	6.775955e+00	6.019167e+00	5.002070e+00
2.962719e+00	2.017931e+00	9.199583e-01	7.256111e-01	5.348823e-01	5.094421e-01
4.974482e-01	4.962177e-01	1.632526e+01	1.498921e+01	1.397491e+01	1.348872e+01
1.325053e+01	1.259716e+01	1.200408e+01	1.146509e+01	1.097850e+01	1.054282e+01
1.015684e+01	9.819071e+00	9.527142e+00	9.277549e+00	9.064067e+00	8.879518e+00
8.715746e+00	8.553269e+00	8.358315e+00	8.065966e+00	7.536346e+00	7.080918e+00
6.346919e+00	5.335197e+00	3.232560e+00	2.213895e+00	9.825519e-01	7.627246e-01
5.435844e-01	5.129012e-01	4.972133e-01	4.956977e-01	1.629880e+01	1.498158e+01
1.398267e+01	1.350264e+01	1.326718e+01	1.262103e+01	1.203425e+01	1.150147e+01
1.102109e+01	1.059174e+01	1.021253e+01	9.882216e+00	9.598726e+00	9.358963e+00
9.157259e+00	8.987140e+00	8.841336e+00	8.701545e+00	8.536006e+00	8.283186e+00
7.806504e+00	7.381492e+00	6.675245e+00	5.675317e+00	3.520828e+00	2.429464e+00
1.052653e+00	8.045121e-01	5.539013e-01	5.174529e-01	4.970680e-01	4.952582e-01
1.626060e+01	1.496938e+01	1.398962e+01	1.351660e+01	1.328243e+01	1.264257e+01
1.206127e+01	1.153391e+01	1.105886e+01	1.063499e+01	1.026172e+01	9.937960e+00
9.661950e+00	9.431014e+00	9.240014e+00	9.083184e+00	8.954098e+00	8.835572e+00
8.697959e+00	8.483881e+00	8.061732e+00	7.669914e+00	6.996789e+00	6.016225e+00
3.824072e+00	2.663117e+00	1.131086e+00	8.515298e-01	5.658575e-01	5.229655e-01
4.970963e-01	4.948388e-01	1.620248e+01	1.494934e+01	1.399632e+01	1.353107e+01
1.329624e+01	1.266166e+01	1.208499e+01	1.156221e+01	1.109162e+01	1.067238e+01
1.030422e+01	9.986073e+00	9.716541e+00	9.493338e+00	9.311831e+00	9.166933e+00
9.053002e+00	8.953899e+00	8.842119e+00	8.665012e+00	8.297493e+00	7.940822e+00
7.305629e+00	6.352093e+00	4.139396e+00	2.915293e+00	1.220253e+00	9.057282e-01
5.804608e-01	5.302508e-01	4.973689e-01	4.944739e-01	1.611965e+01	1.491891e+01
1.400118e+01	1.354542e+01	1.330712e+01	1.267718e+01	1.210460e+01	1.158578e+01
1.111919e+01	1.070408e+01	1.034044e+01	1.002733e+01	9.763578e+00	9.547233e+00
9.374145e+00	9.239808e+00	9.139330e+00	9.057617e+00	8.969298e+00	8.826449e+00
8.511547e+00	8.190885e+00	7.598294e+00	6.679820e+00	4.462672e+00	3.182591e+00
1.320447e+00	9.673250e-01	5.975716e-01	5.390930e-01	4.979261e-01	4.943082e-01
1.601103e+01	1.487699e+01	1.400517e+01	1.355968e+01	1.331641e+01	1.269066e+01
1.212180e+01	1.160654e+01	1.114360e+01	1.073225e+01	1.037275e+01	1.006425e+01
9.805807e+00	9.595738e+00	9.430369e+00	9.305715e+00	9.217614e+00	9.152003e+00
9.085633e+00	8.975345e+00	8.711921e+00	8.428011e+00	7.881544e+00	7.004605e+00
4.797283e+00	3.467561e+00	1.432482e+00	1.036748e+00	6.172781e-01	5.496056e-01
4.989343e-01	4.942005e-01	1.589513e+01	1.483164e+01	1.400721e+01	1.357286e+01
1.332329e+01	1.270139e+01	1.213594e+01	1.162390e+01	1.116425e+01	1.075632e+01
1.040057e+01	1.009621e+01	9.842530e+00	9.638140e+00	9.479713e+00	9.363730e+00
9.286721e+00	9.235684e+00	9.189414e+00	9.109303e+00	8.895042e+00	8.647978e+00
8.150528e+00	7.321167e+00	5.138800e+00	3.767680e+00	1.556797e+00	1.114285e+00
6.394865e-01	5.616356e-01	5.001055e-01	4.940536e-01	1.576660e+01	1.478024e+01
1.400800e+01	1.358466e+01	1.332794e+01	1.270949e+01	1.214713e+01	1.163797e+01
1.118118e+01	1.077619e+01	1.042370e+01	1.012286e+01	9.873298e+00	9.673945e+00
9.521643e+00	9.413233e+00	9.345875e+00	9.307641e+00	9.279218e+00	9.226118e+00
9.057457e+00	8.846578e+00	8.399947e+00	7.622855e+00	5.480571e+00	4.080005e+00
1.696315e+00	1.202515e+00	6.654734e-01	5.761533e-01	5.015866e-01	4.938321e-01
1.564348e+01	1.473159e+01	1.400950e+01	1.359683e+01	1.333281e+01	1.271652e+01
1.215578e+01	1.164870e+01	1.119445e+01	1.079264e+01	1.044395e+01	1.014730e+01
9.901717e+00	9.706223e+00	9.558509e+00	9.456334e+00	9.397416e+00	9.370568e+00
9.358464e+00	9.331807e+00	9.205949e+00	9.026417e+00	8.628603e+00	7.914277e+00
5.837906e+00	4.402082e+00	1.845409e+00	1.299726e+00	6.954949e-01	5.928202e-01
5.047515e-01	4.936334e-01	1.553137e+01	1.468829e+01	1.401244e+01	1.360970e+01
1.333864e+01	1.272369e+01	1.216381e+01	1.165835e+01	1.120630e+01	1.080743e+01
1.046214e+01	1.016930e+01	9.927403e+00	9.735456e+00	9.591752e+00	9.494776e+00
9.442896e+00	9.425989e+00	9.428773e+00	9.426122e+00	9.339316e+00	9.189753e+00
8.841017e+00	8.190946e+00	6.190753e+00	4.734879e+00	2.012653e+00	1.408706e+00
7.298823e-01	6.120739e-01	5.089250e-01	4.935516e-01	1.543652e+01	1.465218e+01
1.401604e+01	1.362134e+01	1.334477e+01	1.273137e+01	1.217324e+01	1.166949e+01
1.121927e+01	1.082233e+01	1.047868e+01	1.018773e+01	9.948820e+00	9.761165e+00
9.622253e+00	9.530062e+00	9.483877e+00	9.475598e+00	9.491875e+00	9.508267e+00
9.455952e+00	9.340160e+00	9.044314e+00	8.446856e+00	6.507811e+00	5.081157e+00
2.217729e+00	1.533907e+00	7.678528e-01	6.341056e-01	5.112249e-01	4.936657e-01
1.535097e+01	1.461488e+01	1.401113e+01	1.362372e+01	1.334256e+01	1.273233e+01
1.217714e+01	1.167577e+01	1.122745e+01	1.083185e+01	1.048949e+01	1.019983e+01
9.962897e+00	9.778095e+00	9.643025e+00	9.555867e+00	9.516171e+00	9.516129e+00
9.543402e+00	9.576716e+00	9.556797e+00	9.470107e+00	9.218990e+00	8.680750e+00
6.840731e+00	5.421595e+00	2.441452e+00	1.671110e+00	8.112683e-01	6.595841e-01
5.158123e-01	4.935763e-01	1.527735e+01	1.458424e+01	1.400938e+01	1.362757e+01
1.334228e+01	1.273439e+01	1.218182e+01	1.168237e+01	1.123565e+01	1.084138e+01
1.050023e+01	1.021201e+01	9.976881e+00	9.794541e+00	9.662711e+00	9.579783e+00
9.545645e+00	9.552901e+00	9.590233e+00	9.639175e+00	9.648531e+00	9.588052e+00
9.379218e+00	8.900779e+00	7.170160e+00	5.766618e+00	2.684359e+00	1.822139e+00
8.602180e-01	6.883293e-01	5.219892e-01	4.933751e-01	1.521596e+01	1.456100e+01
1.401191e+01	1.363589e+01	1.334675e+01	1.273987e+01	1.218799e+01	1.168949e+01
1.124398e+01	1.085116e+01	1.051133e+01	1.022489e+01	9.991531e+00	9.811318e+00
9.682024e+00	9.602211e+00	9.572267e+00	9.585594e+00	9.632065e+00	9.695292e+00
9.730025e+00	9.692312e+00	9.523247e+00	9.102924e+00	7.483858e+00	6.112190e+00
2.945083e+00	1.989220e+00	9.163321e-01	7.214093e-01	5.303477e-01	4.930624e-01
1.515635e+01	1.453718e+01	1.401242e+01	1.364145e+01	1.334872e+01	1.274209e+01
1.219032e+01	1.169243e+01	1.124796e+01	1.085666e+01	1.051853e+01	1.023390e+01
1.000247e+01	9.824150e+00	9.696879e+00	9.619432e+00	9.592647e+00	9.610797e+00
9.665120e+00	9.741755e+00	9.798936e+00	9.780027e+00	9.647682e+00	9.283753e+00
7.777701e+00	6.454102e+00	3.223283e+00	2.174494e+00	9.796465e-01	7.589955e-01
5.400702e-01	4.931586e-01	1.510054e+01	1.451482e+01	1.401279e+01	1.364652e+01
1.335040e+01	1.274390e+01	1.219216e+01	1.169477e+01	1.125119e+01	1.086126e+01
1.052475e+01	1.024180e+01	1.001217e+01	9.835575e+00	9.710082e+00	9.634689e+00
9.610645e+00	9.633044e+00	9.694425e+00	9.783440e+00	9.861221e+00	9.859341e+00
9.761444e+00	9.452154e+00	8.062335e+00	6.796645e+00	3.520577e+00	2.379892e+00
1.050212e+00	8.009896e-01	5.511734e-01	4.933108e-01	1.505380e+01	1.449750e+01
1.401450e+01	1.365284e+01	1.335349e+01	1.274745e+01	1.219599e+01	1.169920e+01
1.125648e+01	1.086759e+01	1.053224e+01	1.025049e+01	1.002224e+01	9.847103e+00
9.723252e+00	9.649861e+00	9.628489e+00	9.654783e+00	9.722189e+00	9.821434e+00
9.917594e+00	9.931883e+00	9.864532e+00	9.605286e+00	8.336270e+00	7.130762e+00
3.832576e+00	2.611747e+00	1.129233e+00	8.484357e-01	5.640281e-01	4.933531e-01
1.501489e+01	1.448395e+01	1.401836e+01	1.365991e+01	1.335794e+01	1.275284e+01
1.220216e+01	1.170592e+01	1.126369e+01	1.087518e+01	1.054035e+01	1.025929e+01
1.003198e+01	9.858031e+00	9.735636e+00	9.664113e+00	9.645227e+00	9.674950e+00
9.747324e+00	9.854813e+00	9.966951e+00	9.996030e+00	9.955172e+00	9.740834e+00
8.593559e+00	7.450316e+00	4.155922e+00	2.872675e+00	1.218968e+00	9.032080e-01
5.795253e-01	4.933629e-01	1.497968e+01	1.447069e+01	1.401902e+01	1.366427e+01
1.335965e+01	1.275536e+01	1.220545e+01	1.170985e+01	1.126818e+01	1.088024e+01
1.054600e+01	1.026561e+01	1.003916e+01	9.866175e+00	9.745005e+00	9.675068e+00
9.658272e+00	9.690838e+00	9.767410e+00	9.881896e+00	1.000772e+01	1.004955e+01
1.003183e+01	9.857864e+00	8.828620e+00	7.752839e+00	4.487094e+00	3.146129e+00
1.319254e+00	9.650837e-01	5.973397e-01	4.933483e-01	1.494722e+01	1.445788e+01
1.401931e+01	1.366761e+01	1.336073e+01	1.275709e+01	1.220785e+01	1.171283e+01
1.127165e+01	1.088425e+01	1.055053e+01	1.027075e+01	1.004507e+01	9.872920e+00
9.752829e+00	9.684301e+00	9.669358e+00	9.704423e+00	9.784701e+00	9.905376e+00
1.004343e+01	1.009676e+01	1.010002e+01	9.963418e+00	9.049848e+00	8.045339e+00
4.829546e+00	3.436857e+00	1.430944e+00	1.034548e+00	6.175676e-01	4.932904e-01
1.491665e+01	1.444463e+01	1.401888e+01	1.366824e+01	1.336056e+01	1.275717e+01
1.220817e+01	1.171337e+01	1.127239e+01	1.088521e+01	1.055206e+01	1.027306e+01
1.004817e+01	9.876853e+00	9.757772e+00	9.690532e+00	9.677254e+00	9.714524e+00
9.798040e+00	9.924064e+00	1.007279e+01	1.013630e+01	1.015817e+01	1.005531e+01
9.252538e+00	8.322303e+00	5.178384e+00	3.743220e+00	1.554133e+00	1.112048e+00
6.403760e-01	4.931055e-01	1.488769e+01	1.443022e+01	1.401463e+01	1.366660e+01
1.335697e+01	1.275437e+01	1.220598e+01	1.171170e+01	1.127138e+01	1.088485e+01
1.055228e+01	1.027374e+01	1.004940e+01	9.878694e+00	9.760386e+00	9.694166e+00
9.682238e+00	9.721311e+00	9.807490e+00	9.937917e+00	1.009559e+01	1.016777e+01
1.020559e+01	1.013227e+01	9.432640e+00	8.577658e+00	5.527166e+00	4.061964e+00
1.690294e+00	1.199990e+00	6.670958e-01	4.922325e-01	1.486771e+01	1.442327e+01
1.401517e+01	1.366823e+01	1.335766e+01	1.275522e+01	1.220696e+01	1.171290e+01
1.127277e+01	1.088647e+01	1.055440e+01	1.027654e+01	1.005276e+01	9.882724e+00
9.765173e+00	9.699927e+00	9.689257e+00	9.730008e+00	9.818662e+00	9.953056e+00
1.011859e+01	1.019842e+01	1.025034e+01	1.020318e+01	9.598848e+00	8.818691e+00
5.876838e+00	4.391870e+00	1.853412e+00	1.299019e+00	6.970433e-01	4.932435e-01
1.485287e+01	1.441933e+01	1.401904e+01	1.367383e+01	1.336164e+01	1.275917e+01
1.221094e+01	1.171713e+01	1.127723e+01	1.089129e+01	1.055953e+01	1.028197e+01
1.005845e+01	9.888803e+00	9.771728e+00	9.707194e+00	9.697511e+00	9.739669e+00
9.830460e+00	9.968255e+00	1.014048e+01	1.022694e+01	1.029116e+01	1.026681e+01
9.749490e+00	9.042645e+00	6.223695e+00	4.730719e+00	2.050525e+00	1.410234e+00
7.311531e-01	4.948738e-01	1.483838e+01	1.441479e+01	1.402096e+01	1.367696e+01
1.336371e+01	1.276116e+01	1.221293e+01	1.171924e+01	1.127959e+01	1.089402e+01
1.056257e+01	1.028523e+01	1.006212e+01	9.892836e+00	9.776226e+00	9.712337e+00
9.703521e+00	9.746918e+00	9.839555e+00	9.980278e+00	1.015823e+01	1.025039e+01
1.032525e+01	1.032072e+01	9.882194e+00	9.245964e+00	6.564279e+00	5.076781e+00
2.280079e+00	1.536597e+00	7.704212e-01	4.923262e-01	1.482299e+01	1.440838e+01
1.402032e+01	1.367753e+01	1.336329e+01	1.276097e+01	1.221286e+01	1.171946e+01
1.128012e+01	1.089473e+01	1.056344e+01	1.028632e+01	1.006355e+01	9.894893e+00
9.778848e+00	9.715557e+00	9.707115e+00	9.751405e+00	9.845757e+00	9.989186e+00
1.017184e+01	1.026852e+01	1.035264e+01	1.036655e+01	9.999911e+00	9.427019e+00
6.895915e+00	5.428267e+00	2.523014e+00	1.706285e+00	8.140483e-01	4.936221e-01
1.480838e+01	1.440152e+01	1.401902e+01	1.367749e+01	1.336240e+01	1.276047e+01
1.221261e+01	1.171942e+01	1.128018e+01	1.089487e+01	1.056386e+01	1.028705e+01
1.006426e+01	9.895365e+00	9.779439e+00	9.716537e+00	9.709470e+00	9.754915e+00
9.850243e+00	9.995212e+00	1.018256e+01	1.028434e+01	1.037640e+01	1.040286e+01
1.009886e+01	9.598839e+00	7.222597e+00	5.778248e+00	2.780076e+00	1.896546e+00
8.620060e-01	4.940093e-01	1.479503e+01	1.439456e+01	1.401639e+01	1.367592e+01
1.336044e+01	1.275899e+01	1.221163e+01	1.171867e+01	1.127961e+01	1.089464e+01
1.056406e+01	1.028759e+01	1.006460e+01	9.894997e+00	9.778686e+00	9.716631e+00
9.710962e+00	9.757738e+00	9.853390e+00	9.998959e+00	1.019079e+01	1.029829e+01
1.039698e+01	1.043007e+01	1.017849e+01	9.762778e+00	7.541553e+00	6.119826e+00
3.048709e+00	2.099994e+00	9.149666e-01	4.921491e-01	