1.265242e-01	1.311927e-01	1.358529e-01	1.404653e-01	1.450132e-01	1.538894e-01
1.624712e-01	1.707961e-01	1.790690e-01	1.876867e-01	1.973114e-01	2.084389e-01
2.217467e-01	2.384213e-01	2.603782e-01	2.888933e-01	3.212071e-01	3.465177e-01
3.533863e-01	3.493386e-01	3.491862e-01	3.574097e-01	3.832813e-01	4.149179e-01
3.949247e-01	3.758146e-01	3.819880e-01	3.857815e-01	3.849202e-01	3.841335e-01
3.861016e-01	3.847899e-01	1.444951e-01	1.496618e-01	1.548186e-01	1.599250e-01
1.649640e-01	1.748144e-01	1.843620e-01	1.936493e-01	2.028962e-01	2.125247e-01
2.232384e-01	2.355604e-01	2.502021e-01	2.684057e-01	2.921643e-01	3.227610e-01
3.572247e-01	3.842525e-01	3.919753e-01	3.882131e-01	3.883328e-01	3.969323e-01
4.237341e-01	4.563162e-01	4.358400e-01	4.162042e-01	4.225642e-01	4.264615e-01
4.255734e-01	4.247670e-01	4.267848e-01	4.254401e-01	1.650186e-01	1.707309e-01
1.764320e-01	1.820805e-01	1.876596e-01	1.985846e-01	2.092022e-01	2.195605e-01
2.298938e-01	2.406498e-01	2.525723e-01	2.662108e-01	2.823091e-01	3.021611e-01
3.278307e-01	3.605992e-01	3.972811e-01	4.260964e-01	4.347781e-01	4.314136e-01
4.318680e-01	4.408254e-01	4.684565e-01	5.018449e-01	4.809941e-01	4.609345e-01
4.674505e-01	4.714311e-01	4.705202e-01	4.696988e-01	4.717547e-01	4.703846e-01
1.884571e-01	1.947662e-01	2.010627e-01	2.073054e-01	2.134777e-01	2.255870e-01
2.373894e-01	2.489387e-01	2.604838e-01	2.724968e-01	2.857607e-01	3.008493e-01
3.185361e-01	3.401616e-01	3.678512e-01	4.028732e-01	4.418291e-01	4.724970e-01
4.822550e-01	4.794214e-01	4.802839e-01	4.895721e-01	5.178991e-01	5.519163e-01
5.308264e-01	5.104721e-01	5.171049e-01	5.211426e-01	5.202140e-01	5.193834e-01
5.214631e-01	5.200771e-01	2.152248e-01	2.221851e-01	2.291320e-01	2.360249e-01
2.428477e-01	2.562610e-01	2.693744e-01	2.822478e-01	2.951441e-01	3.085585e-01
3.233101e-01	3.399949e-01	3.594119e-01	3.829411e-01	4.127572e-01	4.501031e-01
4.913723e-01	5.239506e-01	5.349161e-01	5.327716e-01	5.341276e-01	5.437093e-01
5.725600e-01	6.069835e-01	5.858215e-01	5.653336e-01	5.720337e-01	5.760962e-01
5.751562e-01	5.743236e-01	5.764092e-01	5.750193e-01	2.457944e-01	2.534639e-01
2.611198e-01	2.687232e-01	2.762585e-01	2.911059e-01	3.056689e-01	3.200138e-01
3.344163e-01	3.493924e-01	3.657936e-01	3.842339e-01	4.055331e-01	4.311007e-01
4.631452e-01	5.028699e-01	5.464710e-01	5.810072e-01	5.933278e-01	5.920586e-01
5.940077e-01	6.038330e-01	6.329900e-01	6.675450e-01	6.465141e-01	6.260912e-01
6.327972e-01	6.368445e-01	6.359012e-01	6.350754e-01	6.371449e-01	6.357657e-01
2.807060e-01	2.891462e-01	2.975734e-01	3.059513e-01	3.142659e-01	3.306888e-01
3.468536e-01	3.628331e-01	3.789142e-01	3.956302e-01	4.138595e-01	4.342293e-01
4.575728e-01	4.853170e-01	5.196843e-01	5.618227e-01	6.077480e-01	6.442772e-01
6.581179e-01	6.579431e-01	6.606007e-01	6.706052e-01	6.997980e-01	7.341490e-01
7.134947e-01	6.933785e-01	7.000153e-01	7.039986e-01	7.030616e-01	7.022535e-01
7.042803e-01	7.029294e-01	3.205763e-01	3.298518e-01	3.391160e-01	3.483369e-01
3.575023e-01	3.756540e-01	3.935874e-01	4.113818e-01	4.293330e-01	4.479871e-01
4.682413e-01	4.907298e-01	5.162903e-01	5.463517e-01	5.831256e-01	6.276867e-01
6.758961e-01	7.144370e-01	7.299829e-01	7.311592e-01	7.346594e-01	7.447612e-01
7.736572e-01	8.073983e-01	7.874147e-01	7.678973e-01	7.743735e-01	7.782339e-01
7.773152e-01	7.765377e-01	7.784897e-01	7.771886e-01	3.661096e-01	3.762878e-01
3.864581e-01	3.965945e-01	4.066872e-01	4.267332e-01	4.466179e-01	4.664265e-01
4.864606e-01	5.072727e-01	5.297689e-01	5.545821e-01	5.825428e-01	6.150622e-01
6.543116e-01	7.012722e-01	7.516857e-01	7.922371e-01	8.096955e-01	8.125229e-01
8.170207e-01	8.271173e-01	8.553117e-01	8.879562e-01	8.689930e-01	8.504248e-01
8.566303e-01	8.602973e-01	8.594111e-01	8.586797e-01	8.605185e-01	8.592926e-01
4.181102e-01	4.292610e-01	4.404095e-01	4.515376e-01	4.626388e-01	4.847579e-01
5.067936e-01	5.288365e-01	5.511897e-01	5.744041e-01	5.993814e-01	6.267426e-01
6.572970e-01	6.924139e-01	7.341877e-01	7.834842e-01	8.359739e-01	8.785093e-01
8.981124e-01	9.029407e-01	9.086154e-01	9.185805e-01	9.455843e-01	9.765516e-01
9.590230e-01	9.418217e-01	9.476248e-01	9.510141e-01	9.501774e-01	9.495106e-01
9.511906e-01	9.500703e-01	4.774968e-01	4.896917e-01	5.018927e-01	5.140923e-01
5.262882e-01	5.506725e-01	5.750771e-01	5.995972e-01	6.245317e-01	6.504194e-01
6.781410e-01	7.082924e-01	7.416440e-01	7.794935e-01	8.238148e-01	8.753342e-01
9.297135e-01	9.741764e-01	9.961843e-01	1.003420e+00	1.010478e+00	1.020158e+00
1.045385e+00	1.073987e+00	1.058380e+00	1.043041e+00	1.048285e+00	1.051297e+00
1.050530e+00	1.049950e+00	1.051417e+00	1.050438e+00	5.453185e-01	5.586298e-01
5.719592e-01	5.853132e-01	5.986945e-01	6.255497e-01	6.525609e-01	6.798260e-01
7.076327e-01	7.364945e-01	7.672498e-01	8.004532e-01	8.368148e-01	8.775245e-01
9.243833e-01	9.779520e-01	1.033964e+00	1.080261e+00	1.104965e+00	1.115081e+00
1.123761e+00	1.132967e+00	1.155718e+00	1.181143e+00	1.168031e+00	1.155139e+00
1.159638e+00	1.162154e+00	1.161481e+00	1.161013e+00	1.162204e+00	1.161409e+00
6.227732e-01	6.372728e-01	6.518073e-01	6.664008e-01	6.810624e-01	7.106083e-01
7.404846e-01	7.707898e-01	8.017913e-01	8.339606e-01	8.680677e-01	9.046057e-01
9.441982e-01	9.878841e-01	1.037229e+00	1.092600e+00	1.149905e+00	1.197899e+00
1.225625e+00	1.239168e+00	1.249744e+00	1.258252e+00	1.277697e+00	1.298991e+00
1.289043e+00	1.279284e+00	1.282819e+00	1.284701e+00	1.284151e+00	1.283825e+00
1.284664e+00	1.284103e+00	7.112292e-01	7.269871e-01	7.428026e-01	7.587221e-01
7.747623e-01	8.072327e-01	8.402548e-01	8.739249e-01	9.084786e-01	9.443251e-01
9.821331e-01	1.022310e+00	1.065362e+00	1.112123e+00	1.163850e+00	1.220688e+00
1.278846e+00	1.328346e+00	1.359461e+00	1.377063e+00	1.389851e+00	1.397390e+00
1.412550e+00	1.428597e+00	1.422591e+00	1.416772e+00	1.419085e+00	1.420171e+00
1.419776e+00	1.419627e+00	1.420028e+00	1.419758e+00	8.122492e-01	8.293312e-01
8.465013e-01	8.638333e-01	8.813534e-01	9.169955e-01	9.534677e-01	9.908600e-01
1.029362e+00	1.069295e+00	1.111187e+00	1.155330e+00	1.202073e+00	1.251986e+00
1.305929e+00	1.363793e+00	1.422246e+00	1.472999e+00	1.507911e+00	1.530303e+00
1.545664e+00	1.551914e+00	1.561635e+00	1.571135e+00	1.569975e+00	1.569035e+00
1.569825e+00	1.569925e+00	1.569725e+00	1.569795e+00	1.569655e+00	1.569745e+00
9.278676e-01	9.462854e-01	9.648391e-01	9.836412e-01	1.002730e+00	1.041814e+00
1.082126e+00	1.123746e+00	1.166790e+00	1.211446e+00	1.258026e+00	1.306648e+00
1.357434e+00	1.410566e+00	1.466337e+00	1.524331e+00	1.582007e+00	1.633636e+00
1.673409e+00	1.702370e+00	1.721271e+00	1.725594e+00	1.727412e+00	1.727550e+00
1.732928e+00	1.738797e+00	1.737555e+00	1.736297e+00	1.736353e+00	1.736720e+00
1.735829e+00	1.736423e+00	1.059735e+00	1.079564e+00	1.099585e+00	1.119954e+00
1.140722e+00	1.183514e+00	1.227987e+00	1.274201e+00	1.322186e+00	1.371963e+00
1.423585e+00	1.476967e+00	1.531962e+00	1.588305e+00	1.645642e+00	1.703231e+00
1.759486e+00	1.811604e+00	1.856392e+00	1.892343e+00	1.914938e+00	1.917032e+00
1.910015e+00	1.899813e+00	1.912554e+00	1.926009e+00	1.922417e+00	1.919633e+00
1.919989e+00	1.920690e+00	1.918965e+00	1.920116e+00	1.209220e+00	1.230766e+00
1.252526e+00	1.274684e+00	1.297303e+00	1.343999e+00	1.392638e+00	1.443250e+00
1.495807e+00	1.550222e+00	1.606379e+00	1.664074e+00	1.722969e+00	1.782522e+00
1.841963e+00	1.900290e+00	1.956312e+00	2.008661e+00	2.055445e+00	2.094056e+00
2.117708e+00	2.118416e+00	2.106906e+00	2.091702e+00	2.109789e+00	2.127755e+00
2.122060e+00	2.118250e+00	2.118903e+00	2.119849e+00	2.117621e+00	2.119074e+00
1.377803e+00	1.401500e+00	1.425386e+00	1.449638e+00	1.474333e+00	1.525151e+00
1.577875e+00	1.632488e+00	1.688956e+00	1.747170e+00	1.806976e+00	1.868162e+00
1.930309e+00	1.992830e+00	2.054883e+00	2.115335e+00	2.172692e+00	2.225038e+00
2.270106e+00	2.306209e+00	2.327943e+00	2.328430e+00	2.317973e+00	2.304895e+00
2.325057e+00	2.343177e+00	2.336022e+00	2.331940e+00	2.332839e+00	2.333883e+00
2.331626e+00	2.333031e+00	1.564138e+00	1.590503e+00	1.617009e+00	1.643801e+00
1.670966e+00	1.726575e+00	1.783813e+00	1.842580e+00	1.902760e+00	1.964141e+00
2.026464e+00	2.089477e+00	2.152816e+00	2.216053e+00	2.278763e+00	2.340144e+00
2.398457e+00	2.451029e+00	2.494780e+00	2.528089e+00	2.547754e+00	2.549696e+00
2.544007e+00	2.536447e+00	2.553455e+00	2.566973e+00	2.561158e+00	2.558056e+00
2.558815e+00	2.559631e+00	2.557949e+00	2.558962e+00	1.770908e+00	1.800532e+00
1.830215e+00	1.860033e+00	1.890082e+00	1.951126e+00	2.013207e+00	2.076116e+00
2.139607e+00	2.203358e+00	2.267005e+00	2.330276e+00	2.392999e+00	2.455088e+00
2.516927e+00	2.578349e+00	2.637326e+00	2.690064e+00	2.732221e+00	2.761913e+00
2.779105e+00	2.783818e+00	2.786243e+00	2.787658e+00	2.797261e+00	2.802287e+00
2.799830e+00	2.798685e+00	2.799027e+00	2.799362e+00	2.798746e+00	2.799080e+00
1.995815e+00	2.029813e+00	2.063665e+00	2.097283e+00	2.130786e+00	2.197839e+00
2.264572e+00	2.330741e+00	2.396149e+00	2.460709e+00	2.524426e+00	2.587132e+00
2.648752e+00	2.709322e+00	2.769534e+00	2.829468e+00	2.887011e+00	2.938077e+00
2.978123e+00	3.005578e+00	3.021990e+00	3.028589e+00	3.036597e+00	3.044394e+00
3.050008e+00	3.049824e+00	3.048998e+00	3.048982e+00	3.049123e+00	3.049148e+00
3.049225e+00	3.049130e+00	2.236421e+00	2.276411e+00	2.315878e+00	2.354409e+00
2.392172e+00	2.465952e+00	2.536880e+00	2.604828e+00	2.669980e+00	2.733080e+00
2.795253e+00	2.856571e+00	2.916871e+00	2.975896e+00	3.033792e+00	3.090222e+00
3.143394e+00	3.190275e+00	3.227743e+00	3.255446e+00	3.273922e+00	3.280779e+00
3.289862e+00	3.299502e+00	3.306851e+00	3.307200e+00	3.305039e+00	3.304722e+00
3.305030e+00	3.305044e+00	3.305161e+00	3.305072e+00	2.496166e+00	2.542869e+00
2.588563e+00	2.632451e+00	2.674722e+00	2.755242e+00	2.829717e+00	2.898193e+00
2.961386e+00	3.021117e+00	3.079941e+00	3.138249e+00	3.195782e+00	3.251959e+00
3.306268e+00	3.357935e+00	3.405609e+00	3.447559e+00	3.482107e+00	3.509397e+00
3.529500e+00	3.537397e+00	3.547940e+00	3.559186e+00	3.568268e+00	3.568966e+00
3.565659e+00	3.565113e+00	3.565543e+00	3.565559e+00	3.565689e+00	3.565623e+00
2.774467e+00	2.828311e+00	2.880567e+00	2.929994e+00	2.976787e+00	3.063655e+00
3.140715e+00	3.208245e+00	3.267633e+00	3.321969e+00	3.375478e+00	3.428919e+00
3.481960e+00	3.533715e+00	3.583036e+00	3.628767e+00	3.670053e+00	3.706494e+00
3.737713e+00	3.763819e+00	3.785036e+00	3.794619e+00	3.807009e+00	3.819711e+00
3.830208e+00	3.830914e+00	3.826858e+00	3.826208e+00	3.826703e+00	3.826723e+00
3.826866e+00	3.826820e+00	3.070251e+00	3.130967e+00	3.189467e+00	3.244030e+00
3.294881e+00	3.386974e+00	3.465232e+00	3.530228e+00	3.584073e+00	3.631169e+00
3.677442e+00	3.724036e+00	3.770598e+00	3.816056e+00	3.858876e+00	3.897662e+00
3.932001e+00	3.962471e+00	3.989731e+00	4.014151e+00	4.036312e+00	4.047424e+00
4.061366e+00	4.075136e+00	4.086710e+00	4.087498e+00	4.083113e+00	4.082403e+00
4.082944e+00	4.082964e+00	4.083125e+00	4.083097e+00	3.381872e+00	3.448590e+00
3.512460e+00	3.571254e+00	3.625250e+00	3.720759e+00	3.798461e+00	3.859222e+00
3.905869e+00	3.944053e+00	3.981223e+00	4.018982e+00	4.056958e+00	4.094142e+00
4.128888e+00	4.159852e+00	4.186936e+00	4.211252e+00	4.234099e+00	4.256293e+00
4.279005e+00	4.291379e+00	4.306299e+00	4.320378e+00	4.332610e+00	4.333625e+00
4.329499e+00	4.328819e+00	4.329361e+00	4.329368e+00	4.329541e+00	4.329537e+00
3.710135e+00	3.781611e+00	3.849606e+00	3.911398e+00	3.967331e+00	4.063982e+00
4.139081e+00	4.193790e+00	4.231606e+00	4.259283e+00	4.285600e+00	4.312572e+00
4.339933e+00	4.366923e+00	4.392113e+00	4.414464e+00	4.434067e+00	4.452098e+00
4.470052e+00	4.489379e+00	4.512037e+00	4.525254e+00	4.540346e+00	4.553783e+00
4.566124e+00	4.567503e+00	4.564297e+00	4.563745e+00	4.564246e+00	4.564245e+00
4.564406e+00	4.564422e+00	4.050097e+00	4.124227e+00	4.194297e+00	4.257148e+00
4.313200e+00	4.407787e+00	4.477678e+00	4.524301e+00	4.551707e+00	4.567465e+00
4.581363e+00	4.595721e+00	4.610569e+00	4.625587e+00	4.639945e+00	4.653153e+00
4.665321e+00	4.677130e+00	4.689738e+00	4.705426e+00	4.727133e+00	4.740541e+00
4.754709e+00	4.766297e+00	4.777996e+00	4.779866e+00	4.778356e+00	4.778046e+00
4.778456e+00	4.778456e+00	4.778576e+00	4.778606e+00	4.400457e+00	4.474875e+00
4.544717e+00	4.606434e+00	4.660560e+00	4.749465e+00	4.811189e+00	4.847464e+00
4.862759e+00	4.865205e+00	4.865276e+00	4.865538e+00	4.866406e+00	4.868118e+00
4.870702e+00	4.874351e+00	4.879043e+00	4.884495e+00	4.891145e+00	4.902265e+00
4.921869e+00	4.934670e+00	4.946772e+00	4.955303e+00	4.965527e+00	4.967953e+00
4.968832e+00	4.968883e+00	4.969138e+00	4.969142e+00	4.969202e+00	4.969250e+00
4.765512e+00	4.838225e+00	4.905896e+00	4.964619e+00	5.015060e+00	5.095116e+00
5.145994e+00	5.169744e+00	5.171183e+00	5.158860e+00	5.143740e+00	5.128620e+00
5.114342e+00	5.101746e+00	5.091807e+00	5.085421e+00	5.082319e+00	5.081023e+00
5.081059e+00	5.086771e+00	5.103287e+00	5.114849e+00	5.124036e+00	5.128661e+00
5.136757e+00	5.139736e+00	5.143444e+00	5.143928e+00	5.143988e+00	5.143997e+00
5.143986e+00	5.144054e+00	5.140143e+00	5.208583e+00	5.271559e+00	5.324858e+00
5.369304e+00	5.436331e+00	5.472871e+00	5.481316e+00	5.466801e+00	5.438200e+00
5.406733e+00	5.375429e+00	5.345505e+00	5.318287e+00	5.295580e+00	5.278801e+00
5.267342e+00	5.258481e+00	5.250786e+00	5.249669e+00	5.261317e+00	5.270525e+00
5.275413e+00	5.274825e+00	5.279617e+00	5.283053e+00	5.290223e+00	5.291239e+00
5.291052e+00	5.291062e+00	5.290967e+00	5.291059e+00	5.518389e+00	5.579556e+00
5.634948e+00	5.680117e+00	5.716061e+00	5.765689e+00	5.784430e+00	5.774985e+00
5.742736e+00	5.696738e+00	5.648217e+00	5.600413e+00	5.554836e+00	5.513153e+00
5.477828e+00	5.450603e+00	5.430456e+00	5.413456e+00	5.397231e+00	5.388221e+00
5.393570e+00	5.399549e+00	5.399221e+00	5.392705e+00	5.393462e+00	5.397215e+00
5.408009e+00	5.409586e+00	5.409129e+00	5.409139e+00	5.408952e+00	5.409072e+00
5.898470e+00	5.949555e+00	5.994589e+00	6.028959e+00	6.053867e+00	6.081501e+00
6.078538e+00	6.048050e+00	5.995754e+00	5.930876e+00	5.864561e+00	5.800283e+00
5.739593e+00	5.684194e+00	5.636733e+00	5.598786e+00	5.568996e+00	5.542551e+00
5.516431e+00	5.497864e+00	5.494722e+00	5.496265e+00	5.489665e+00	5.476540e+00
5.472394e+00	5.476272e+00	5.490809e+00	5.492982e+00	5.492230e+00	5.492244e+00
5.491926e+00	5.492112e+00	6.284890e+00	6.323392e+00	6.355658e+00	6.376960e+00
6.388722e+00	6.390664e+00	6.362991e+00	6.309139e+00	6.235144e+00	6.150342e+00
6.065697e+00	5.984874e+00	5.909317e+00	5.840581e+00	5.781248e+00	5.732497e+00
5.692696e+00	5.656345e+00	5.619942e+00	5.591406e+00	5.579261e+00	5.576162e+00
5.563343e+00	5.543904e+00	5.535039e+00	5.538976e+00	5.556928e+00	5.559647e+00
5.558622e+00	5.558640e+00	5.558195e+00	5.558449e+00	6.674742e+00	6.698232e+00
6.715406e+00	6.721517e+00	6.718196e+00	6.691000e+00	6.635622e+00	6.555682e+00
6.457537e+00	6.350787e+00	6.246408e+00	6.148175e+00	6.057392e+00	5.975189e+00
5.903666e+00	5.843309e+00	5.792225e+00	5.744437e+00	5.696064e+00	5.655153e+00
5.629498e+00	5.618859e+00	5.597924e+00	5.571692e+00	5.555696e+00	5.557895e+00
5.575259e+00	5.577961e+00	5.576739e+00	5.576743e+00	5.576279e+00	5.576513e+00
7.061226e+00	7.066674e+00	7.066030e+00	7.054741e+00	7.034572e+00	6.975594e+00
6.890576e+00	6.782647e+00	6.658448e+00	6.528164e+00	6.403143e+00	6.287199e+00
6.181451e+00	6.086354e+00	6.003210e+00	5.931656e+00	5.869634e+00	5.810775e+00
5.750771e+00	5.698165e+00	5.658954e+00	5.640709e+00	5.612641e+00	5.581219e+00
5.559768e+00	5.560474e+00	5.576623e+00	5.579196e+00	5.577876e+00	5.577867e+00
5.577416e+00	5.577619e+00	7.443735e+00	7.437486e+00	7.423150e+00	7.394803e+00
7.355091e+00	7.254163e+00	7.128240e+00	6.986621e+00	6.836083e+00	6.684924e+00
6.542117e+00	6.410470e+00	6.290592e+00	6.181967e+00	6.084941e+00	5.998544e+00
5.921298e+00	5.848560e+00	5.775819e+00	5.709916e+00	5.659570e+00	5.637023e+00
5.606257e+00	5.574311e+00	5.550419e+00	5.550393e+00	5.564252e+00	5.566506e+00
5.565350e+00	5.565196e+00	5.564994e+00	5.565049e+00	7.820358e+00	7.805172e+00
7.778877e+00	7.733377e+00	7.672575e+00	7.524489e+00	7.352188e+00	7.173640e+00
6.995358e+00	6.822840e+00	6.662147e+00	6.514813e+00	6.380615e+00	6.257965e+00
6.146230e+00	6.043334e+00	5.948966e+00	5.861823e+00	5.782596e+00	5.710475e+00
5.643194e+00	5.609304e+00	5.572867e+00	5.541360e+00	5.512342e+00	5.509878e+00
5.515965e+00	5.517085e+00	5.516400e+00	5.515932e+00	5.516302e+00	5.516045e+00
8.191885e+00	8.161664e+00	8.118955e+00	8.054693e+00	7.973493e+00	7.783129e+00
7.569466e+00	7.354157e+00	7.144188e+00	6.944642e+00	6.761340e+00	6.595183e+00
6.444662e+00	6.306884e+00	6.179728e+00	6.063571e+00	5.956765e+00	5.857752e+00
5.765055e+00	5.677882e+00	5.594766e+00	5.555258e+00	5.515824e+00	5.484724e+00
5.455084e+00	5.448391e+00	5.445415e+00	5.445095e+00	5.444427e+00	5.444307e+00
5.444244e+00	5.444331e+00	8.556065e+00	8.511611e+00	8.452547e+00	8.368318e+00
8.264586e+00	8.026785e+00	7.767650e+00	7.514731e+00	7.274504e+00	7.049799e+00
6.844244e+00	6.658669e+00	6.490290e+00	6.330875e+00	6.183104e+00	6.053870e+00
5.934833e+00	5.823547e+00	5.718157e+00	5.617450e+00	5.519301e+00	5.473234e+00
5.431036e+00	5.401459e+00	5.370817e+00	5.360235e+00	5.347434e+00	5.345579e+00
5.345099e+00	5.345248e+00	5.344948e+00	5.345208e+00	8.908731e+00	8.850775e+00
8.775791e+00	8.671124e+00	8.543540e+00	8.254313e+00	7.945525e+00	7.652270e+00
7.380320e+00	7.130000e+00	6.900633e+00	6.691362e+00	6.502011e+00	6.333912e+00
6.178396e+00	6.030215e+00	5.892943e+00	5.765840e+00	5.647059e+00	5.532497e+00
5.420159e+00	5.367809e+00	5.322272e+00	5.293066e+00	5.261227e+00	5.247167e+00
5.225439e+00	5.222158e+00	5.221838e+00	5.222239e+00	5.221698e+00	5.222107e+00
9.247407e+00	9.171310e+00	9.075892e+00	8.947300e+00	8.793556e+00	8.451024e+00
8.093162e+00	7.760201e+00	7.456823e+00	7.180778e+00	6.929865e+00	6.702764e+00
6.495855e+00	6.305478e+00	6.128872e+00	5.964847e+00	5.812603e+00	5.670870e+00
5.537867e+00	5.409736e+00	5.284874e+00	5.226839e+00	5.176304e+00	5.144151e+00
5.110238e+00	5.093907e+00	5.066704e+00	5.062474e+00	5.062174e+00	5.062754e+00
5.061984e+00	5.062494e+00	9.626075e+00	9.484372e+00	9.329516e+00	9.154535e+00
8.966374e+00	8.579408e+00	8.197762e+00	7.843156e+00	7.506917e+00	7.196767e+00
6.923130e+00	6.682145e+00	6.457617e+00	6.243894e+00	6.046674e+00	5.864180e+00
5.696084e+00	5.541092e+00	5.397081e+00	5.257188e+00	5.116805e+00	5.050194e+00
4.992679e+00	4.956458e+00	4.917221e+00	4.900048e+00	4.872745e+00	4.868612e+00
4.868247e+00	4.868673e+00	4.868180e+00	4.868452e+00	1.000865e+01	9.785516e+00
9.561297e+00	9.336026e+00	9.112915e+00	8.683637e+00	8.279876e+00	7.903941e+00
7.541811e+00	7.206209e+00	6.905458e+00	6.633628e+00	6.382218e+00	6.148877e+00
5.932881e+00	5.733105e+00	5.550414e+00	5.383807e+00	5.230788e+00	5.080442e+00
4.924165e+00	4.848179e+00	4.782641e+00	4.741002e+00	4.694379e+00	4.677511e+00
4.654398e+00	4.651123e+00	4.650583e+00	4.650678e+00	4.650658e+00	4.650549e+00
1.032477e+01	1.004683e+01	9.773312e+00	9.508143e+00	9.253058e+00	8.774620e+00
8.328545e+00	7.910739e+00	7.536844e+00	7.190011e+00	6.864174e+00	6.562748e+00
6.287824e+00	6.036076e+00	5.803377e+00	5.587500e+00	5.389661e+00	5.209048e+00
5.043159e+00	4.879961e+00	4.709821e+00	4.626459e+00	4.552856e+00	4.503657e+00
4.448656e+00	4.432338e+00	4.416324e+00	4.414360e+00	4.413414e+00	4.413269e+00
4.413325e+00	4.413057e+00	1.058163e+01	1.026860e+01	9.961435e+00	9.664985e+00
9.380620e+00	8.848630e+00	8.356516e+00	7.899608e+00	7.485574e+00	7.104801e+00
6.756797e+00	6.439854e+00	6.151506e+00	5.887840e+00	5.643073e+00	5.413594e+00
5.200655e+00	5.003713e+00	4.820637e+00	4.642169e+00	4.461257e+00	4.372953e+00
4.291121e+00	4.231650e+00	4.167033e+00	4.151747e+00	4.146427e+00	4.146326e+00
4.144730e+00	4.144414e+00	4.144167e+00	4.143944e+00	1.077792e+01	1.045349e+01
1.013219e+01	9.814552e+00	9.502634e+00	8.896381e+00	8.346586e+00	7.858224e+00
7.407225e+00	7.004140e+00	6.642339e+00	6.314592e+00	6.012465e+00	5.730212e+00
5.466488e+00	5.220824e+00	4.993104e+00	4.780338e+00	4.579006e+00	4.386072e+00
4.198446e+00	4.106817e+00	4.018210e+00	3.950304e+00	3.880250e+00	3.865060e+00
3.862485e+00	3.862758e+00	3.860968e+00	3.860588e+00	3.860305e+00	3.859962e+00
1.094439e+01	1.061726e+01	1.028915e+01	9.954023e+00	9.615084e+00	8.933090e+00
8.313424e+00	7.772538e+00	7.297068e+00	6.881591e+00	6.513815e+00	6.180477e+00
5.865761e+00	5.562176e+00	5.276488e+00	5.013935e+00	4.772162e+00	4.544346e+00
4.324828e+00	4.118655e+00	3.927361e+00	3.833829e+00	3.739933e+00	3.665301e+00
3.592684e+00	3.577010e+00	3.572213e+00	3.571920e+00	3.570220e+00	3.569861e+00
3.569673e+00	3.569155e+00	1.113456e+01	1.077022e+01	1.039995e+01	1.002419e+01
9.649981e+00	8.939284e+00	8.280117e+00	7.702827e+00	7.202637e+00	6.766381e+00
6.381580e+00	6.033937e+00	5.705370e+00	5.387489e+00	5.087774e+00	4.811039e+00
4.554566e+00	4.312295e+00	4.079409e+00	3.862185e+00	3.663375e+00	3.567016e+00
3.469716e+00	3.392007e+00	3.317755e+00	3.300964e+00	3.292133e+00	3.291153e+00
3.289572e+00	3.289261e+00	3.289131e+00	3.288617e+00	1.136429e+01	1.091081e+01
1.046926e+01	1.005004e+01	9.652917e+00	8.911907e+00	8.246314e+00	7.653022e+00
7.127538e+00	6.660204e+00	6.242167e+00	5.865406e+00	5.520823e+00	5.200491e+00
4.898357e+00	4.610621e+00	4.337738e+00	4.080983e+00	3.840404e+00	3.614279e+00
3.402435e+00	3.301837e+00	3.203409e+00	3.127122e+00	3.052274e+00	3.033467e+00
3.017925e+00	3.016039e+00	3.014629e+00	3.014404e+00	3.014290e+00	3.013988e+00
1.154568e+01	1.103624e+01	1.054650e+01	1.009199e+01	9.668440e+00	8.896573e+00
8.207919e+00	7.593575e+00	7.045780e+00	6.555656e+00	6.114514e+00	5.716226e+00
5.355058e+00	5.023900e+00	4.712763e+00	4.414950e+00	4.131473e+00	3.865091e+00
3.617096e+00	3.383026e+00	3.161886e+00	3.057536e+00	2.956858e+00	2.879976e+00
2.803984e+00	2.784176e+00	2.765634e+00	2.763310e+00	2.761944e+00	2.761753e+00
2.761648e+00	2.761831e+00	1.169044e+01	1.114723e+01	1.062725e+01	1.014818e+01
9.704033e+00	8.889802e+00	8.169552e+00	7.530981e+00	6.964291e+00	6.457995e+00
6.000960e+00	5.586422e+00	5.208734e+00	4.861597e+00	4.537237e+00	4.230308e+00
3.940493e+00	3.667976e+00	3.412895e+00	3.171904e+00	2.944365e+00	2.836679e+00
2.732654e+00	2.653180e+00	2.575338e+00	2.555364e+00	2.537015e+00	2.534684e+00
2.533235e+00	2.533047e+00	2.532930e+00	2.533728e+00	1.182155e+01	1.124607e+01
1.069769e+01	1.019647e+01	9.734136e+00	8.887037e+00	8.142009e+00	7.483586e+00
6.900006e+00	6.378074e+00	5.905410e+00	5.475235e+00	5.082447e+00	4.721545e+00
4.386015e+00	4.071056e+00	3.775332e+00	3.497276e+00	3.235866e+00	2.989024e+00
2.755820e+00	2.644916e+00	2.536850e+00	2.453521e+00	2.373001e+00	2.353111e+00
2.336456e+00	2.334386e+00	2.332760e+00	2.332580e+00	2.332414e+00	2.333594e+00
1.193878e+01	1.133520e+01	1.076234e+01	1.024263e+01	9.765469e+00	8.892043e+00
8.124235e+00	7.448057e+00	6.850805e+00	6.315794e+00	5.829964e+00	5.386718e+00
4.981362e+00	4.608995e+00	4.263965e+00	3.941842e+00	3.640492e+00	3.357109e+00
3.089683e+00	2.837164e+00	2.597921e+00	2.483490e+00	2.371332e+00	2.284269e+00
2.200502e+00	2.180339e+00	2.164884e+00	2.163023e+00	2.161259e+00	2.161085e+00
2.160858e+00	2.161744e+00	1.204480e+01	1.141703e+01	1.082332e+01	1.028832e+01
9.799051e+00	8.902298e+00	8.120304e+00	7.433526e+00	6.823768e+00	6.277742e+00
5.781532e+00	5.328395e+00	4.913616e+00	4.532292e+00	4.178852e+00	3.849091e+00
3.541349e+00	3.251802e+00	2.977977e+00	2.718603e+00	2.471488e+00	2.352563e+00
2.235976e+00	2.145318e+00	2.057385e+00	2.036230e+00	2.020495e+00	2.018648e+00
2.016817e+00	2.016629e+00	2.016377e+00	2.016385e+00	1.213708e+01	1.149009e+01
1.088013e+01	1.033390e+01	9.836190e+00	8.923973e+00	8.127915e+00	7.430237e+00
6.813107e+00	6.260275e+00	5.757794e+00	5.298828e+00	4.878506e+00	4.491654e+00
4.132389e+00	3.796157e+00	3.480958e+00	3.184160e+00	2.903201e+00	2.635441e+00
2.378116e+00	2.253312e+00	2.131158e+00	2.036181e+00	1.942685e+00	1.919762e+00
1.902271e+00	1.900240e+00	1.898379e+00	1.898159e+00	1.897918e+00	1.896768e+00
1.221532e+01	1.155450e+01	1.093324e+01	1.037993e+01	9.877182e+00	8.954525e+00
8.149628e+00	7.444927e+00	6.824854e+00	6.269633e+00	5.765466e+00	5.305299e+00
4.883910e+00	4.495745e+00	4.134485e+00	3.794141e+00	3.467747e+00	3.159806e+00
2.867781e+00	2.586403e+00	2.311862e+00	2.181128e+00	2.051870e+00	1.950278e+00
1.849074e+00	1.823653e+00	1.803624e+00	1.801314e+00	1.799354e+00	1.799093e+00
1.798877e+00	1.797250e+00	1.228346e+01	1.161235e+01	1.098313e+01	1.042567e+01
9.920593e+00	8.993036e+00	8.186160e+00	7.477956e+00	6.852049e+00	6.291929e+00
5.784226e+00	5.321489e+00	4.897735e+00	4.506515e+00	4.140292e+00	3.793127e+00
3.460362e+00	3.145133e+00	2.845241e+00	2.553566e+00	2.265078e+00	2.126613e+00
1.988138e+00	1.877989e+00	1.767926e+00	1.739874e+00	1.717233e+00	1.714613e+00
1.712494e+00	1.712196e+00	1.711991e+00	1.710422e+00	1.233489e+01	1.165955e+01
1.102762e+01	1.047000e+01	9.965665e+00	9.037162e+00	8.229457e+00	7.518396e+00
6.888518e+00	6.324848e+00	5.814758e+00	5.350483e+00	4.925288e+00	4.531663e+00
4.160433e+00	3.805907e+00	3.470548e+00	3.152230e+00	2.848880e+00	2.552748e+00
2.257195e+00	2.101460e+00	1.943360e+00	1.819099e+00	1.697383e+00	1.666636e+00
1.641508e+00	1.638501e+00	1.636097e+00	1.635805e+00	1.635510e+00	1.635261e+00
1.237234e+01	1.169661e+01	1.106595e+01	1.051202e+01	1.001229e+01	9.090201e+00
8.287265e+00	7.577924e+00	6.948420e+00	6.385087e+00	5.876372e+00	5.414192e+00
4.991207e+00	4.599046e+00	4.227544e+00	3.870059e+00	3.526964e+00	3.199058e+00
2.884351e+00	2.573258e+00	2.256421e+00	2.089418e+00	1.914010e+00	1.773008e+00
1.637113e+00	1.603573e+00	1.576245e+00	1.572837e+00	1.569993e+00	1.569702e+00
1.569299e+00	1.571238e+00	1.239529e+01	1.172275e+01	1.109521e+01	1.054688e+01
1.005436e+01	9.144192e+00	8.350138e+00	7.646587e+00	7.020708e+00	6.459626e+00
5.952416e+00	5.491195e+00	5.068682e+00	4.676501e+00	4.304430e+00	3.945394e+00
3.598661e+00	3.264055e+00	2.938601e+00	2.611686e+00	2.270004e+00	2.096133e+00
1.911835e+00	1.741188e+00	1.583991e+00	1.548026e+00	1.519988e+00	1.516328e+00
1.512558e+00	1.512032e+00	1.511851e+00	1.516374e+00	1.241249e+01	1.174354e+01
1.111962e+01	1.057785e+01	1.009419e+01	9.200363e+00	8.419174e+00	7.725567e+00
7.106963e+00	6.550714e+00	6.045970e+00	5.585467e+00	5.162651e+00	4.770010e+00
4.398318e+00	4.040546e+00	3.694217e+00	3.356079e+00	3.020812e+00	2.678025e+00
2.313590e+00	2.119872e+00	1.911283e+00	1.716272e+00	1.536356e+00	1.497884e+00
1.469891e+00	1.466102e+00	1.461204e+00	1.460339e+00	1.460529e+00	1.467701e+00
1.241394e+01	1.174790e+01	1.113472e+01	1.060694e+01	1.013575e+01	9.262035e+00
8.494513e+00	7.810279e+00	7.197873e+00	6.645822e+00	6.144230e+00	5.686194e+00
5.265333e+00	4.874352e+00	4.504247e+00	4.147773e+00	3.801312e+00	3.459565e+00
3.115103e+00	2.756002e+00	2.365714e+00	2.151029e+00	1.913645e+00	1.710333e+00
1.497341e+00	1.451956e+00	1.425348e+00	1.422211e+00	1.415818e+00	1.414396e+00
1.415268e+00	1.424329e+00	1.238482e+01	1.173824e+01	1.114406e+01	1.063478e+01
1.018061e+01	9.332969e+00	8.580153e+00	7.903888e+00	7.295464e+00	6.746239e+00
6.248745e+00	5.796083e+00	5.381227e+00	4.995944e+00	4.629819e+00	4.274683e+00
3.927040e+00	3.581835e+00	3.230429e+00	2.856109e+00	2.437224e+00	2.202485e+00
1.942349e+00	1.713499e+00	1.466342e+00	1.410136e+00	1.386410e+00	1.384704e+00
1.376482e+00	1.374289e+00	1.376133e+00	1.386401e+00	1.235832e+01	1.172545e+01
1.114383e+01	1.065010e+01	1.021284e+01	9.391873e+00	8.657524e+00	7.994488e+00
7.395552e+00	6.853583e+00	6.362468e+00	5.915659e+00	5.506087e+00	5.125365e+00
4.762683e+00	4.409500e+00	4.062093e+00	3.714990e+00	3.357928e+00	2.969775e+00
2.523201e+00	2.267555e+00	1.980882e+00	1.722586e+00	1.442019e+00	1.375183e+00
1.352310e+00	1.351543e+00	1.341606e+00	1.338787e+00	1.341595e+00	1.352106e+00
1.233247e+01	1.170781e+01	1.113756e+01	1.065836e+01	1.023700e+01	9.442134e+00
8.728549e+00	8.082527e+00	7.497449e+00	6.966565e+00	6.483987e+00	6.043658e+00
5.638984e+00	5.262110e+00	4.902736e+00	4.552431e+00	4.206952e+00	3.859811e+00
3.498770e+00	3.098705e+00	2.626254e+00	2.349519e+00	2.033123e+00	1.744629e+00
1.424581e+00	1.346610e+00	1.322697e+00	1.322489e+00	1.310929e+00	1.307584e+00
1.311242e+00	1.321223e+00	1.229937e+01	1.168409e+01	1.112605e+01	1.066353e+01
1.025941e+01	9.491324e+00	8.799331e+00	8.170827e+00	7.599953e+00	7.080571e+00
6.607240e+00	6.174382e+00	5.775854e+00	5.404189e+00	5.049535e+00	4.703543e+00
4.361500e+00	4.015941e+00	3.652696e+00	3.242255e+00	2.744626e+00	2.446595e+00
2.099842e+00	1.778872e+00	1.415714e+00	1.324145e+00	1.297221e+00	1.297381e+00
1.284230e+00	1.280367e+00	1.284658e+00	1.293554e+00	1.225535e+01	1.165208e+01
1.110957e+01	1.066661e+01	1.028044e+01	9.540751e+00	8.871892e+00	8.262063e+00
7.706273e+00	7.198984e+00	6.735350e+00	6.310366e+00	5.918399e+00	5.552542e+00
5.203508e+00	4.863175e+00	4.526248e+00	4.184136e+00	3.820215e+00	3.399679e+00
2.876195e+00	2.557144e+00	2.181740e+00	1.829655e+00	1.416407e+00	1.305667e+00
1.275152e+00	1.276154e+00	1.261338e+00	1.256559e+00	1.262229e+00	1.268967e+00
1.224173e+01	1.164208e+01	1.110500e+01	1.067282e+01	1.030157e+01	9.583103e+00
8.932721e+00	8.339238e+00	7.798071e+00	7.303901e+00	6.852111e+00	6.437851e+00
6.055610e+00	5.698533e+00	5.357257e+00	5.023588e+00	4.692209e+00	4.354410e+00
3.993151e+00	3.572030e+00	3.034706e+00	2.693980e+00	2.275804e+00	1.874530e+00
1.417958e+00	1.301211e+00	1.257816e+00	1.255797e+00	1.240122e+00	1.236385e+00
1.239678e+00	1.246221e+00	1.224287e+01	1.164265e+01	1.110862e+01	1.068435e+01
1.032207e+01	9.617568e+00	8.980917e+00	8.401069e+00	7.873504e+00	7.392914e+00
6.954672e+00	6.553757e+00	6.184423e+00	5.839281e+00	5.508075e+00	5.182047e+00
4.856479e+00	4.523763e+00	4.169104e+00	3.760302e+00	3.229259e+00	2.867842e+00
2.385423e+00	1.911351e+00	1.422574e+00	1.306631e+00	1.244960e+00	1.236563e+00
1.220778e+00	1.219788e+00	1.217089e+00	1.225566e+00	1.221910e+01	1.162518e+01
1.109866e+01	1.068363e+01	1.033666e+01	9.654583e+00	9.037046e+00	8.474100e+00
7.961628e+00	7.494649e+00	7.068822e+00	6.679356e+00	6.320717e+00	5.985664e+00
5.664027e+00	5.347006e+00	5.029838e+00	4.704700e+00	4.356249e+00	3.950526e+00
3.411080e+00	3.032883e+00	2.513904e+00	1.990274e+00	1.443877e+00	1.312684e+00
1.232821e+00	1.222262e+00	1.205187e+00	1.204255e+00	1.200709e+00	1.208049e+00
1.217298e+01	1.159129e+01	1.107926e+01	1.068209e+01	1.034904e+01	9.691345e+00
9.094731e+00	8.549841e+00	8.052995e+00	7.599667e+00	7.185941e+00	6.807429e+00
6.458994e+00	6.133795e+00	5.822100e+00	5.515278e+00	5.208312e+00	4.892696e+00
4.551417e+00	4.146430e+00	3.594699e+00	3.201867e+00	2.658437e+00	2.102449e+00
1.483082e+00	1.320709e+00	1.222038e+00	1.210086e+00	1.191455e+00	1.189846e+00
1.186754e+00	1.192307e+00	1.213765e+01	1.156541e+01	1.106439e+01	1.068058e+01
1.036066e+01	9.724540e+00	9.146725e+00	8.618513e+00	8.136548e+00	7.696690e+00
7.295335e+00	6.928415e+00	6.591086e+00	6.276815e+00	5.976152e+00	5.680584e+00
5.384979e+00	5.080394e+00	4.748621e+00	4.348365e+00	3.790086e+00	3.385269e+00
2.817571e+00	2.224265e+00	1.527360e+00	1.333988e+00	1.214286e+00	1.199690e+00
1.179169e+00	1.177095e+00	1.174462e+00	1.178326e+00	1.210673e+01	1.154280e+01
1.105120e+01	1.067862e+01	1.037058e+01	9.754264e+00	9.193750e+00	8.681124e+00
8.213302e+00	7.786503e+00	7.397393e+00	7.042199e+00	6.716350e+00	6.413624e+00
6.124842e+00	5.841644e+00	5.558841e+00	5.267160e+00	4.947326e+00	4.554913e+00
3.994511e+00	3.581236e+00	2.994184e+00	2.365500e+00	1.585718e+00	1.359182e+00
1.208794e+00	1.190909e+00	1.168595e+00	1.166101e+00	1.163681e+00	1.166162e+00
1.205941e+01	1.150671e+01	1.102809e+01	1.067099e+01	1.037445e+01	9.780471e+00
9.238825e+00	8.742440e+00	8.288634e+00	7.874122e+00	7.496030e+00	7.151089e+00
6.835309e+00	6.543215e+00	6.266562e+00	5.997590e+00	5.730819e+00	5.456040e+00
5.151332e+00	4.765338e+00	4.195765e+00	3.772668e+00	3.173013e+00	2.519483e+00
1.661469e+00	1.397271e+00	1.204902e+00	1.180669e+00	1.160834e+00	1.157734e+00
1.151085e+00	1.155362e+00	1.200476e+01	1.146448e+01	1.099981e+01	1.065781e+01
1.037675e+01	9.804530e+00	9.282006e+00	8.801879e+00	8.361852e+00	7.959175e+00
7.591503e+00	7.256166e+00	6.949889e+00	6.668146e+00	6.403959e+00	6.150448e+00
5.901827e+00	5.646745e+00	5.359803e+00	4.980401e+00	4.398692e+00	3.965694e+00
3.358527e+00	2.687964e+00	1.755321e+00	1.450848e+00	1.201819e+00	1.170500e+00
1.154406e+00	1.150668e+00	1.137926e+00	1.145561e+00	1.198623e+01	1.145211e+01
1.099190e+01	1.065441e+01	1.038154e+01	9.827776e+00	9.319713e+00	8.852660e+00
8.424734e+00	8.033476e+00	7.676791e+00	7.352281e+00	7.057008e+00	6.786919e+00
6.535668e+00	6.296923e+00	6.065094e+00	5.828643e+00	5.560696e+00	5.195257e+00
4.614985e+00	4.177224e+00	3.561379e+00	2.868111e+00	1.854520e+00	1.508501e+00
1.202184e+00	1.167832e+00	1.147301e+00	1.143086e+00	1.128304e+00	1.137515e+00
1.198375e+01	1.145181e+01	1.099470e+01	1.066246e+01	1.039501e+01	9.849731e+00
9.350979e+00	8.893750e+00	8.476147e+00	8.095760e+00	7.750521e+00	7.438030e+00
7.155266e+00	6.898049e+00	6.659799e+00	6.434290e+00	6.216941e+00	5.997452e+00
5.750060e+00	5.408171e+00	4.848410e+00	4.413461e+00	3.785522e+00	3.059798e+00
1.959340e+00	1.571809e+00	1.214628e+00	1.168822e+00	1.138980e+00	1.134524e+00
1.121441e+00	1.131218e+00	1.198438e+01	1.145528e+01	1.100295e+01	1.067655e+01
1.041439e+01	9.876441e+00	9.384366e+00	8.933964e+00	8.523524e+00	8.150846e+00
7.814100e+00	7.511335e+00	7.240221e+00	6.997088e+00	6.775626e+00	6.568623e+00
6.368219e+00	6.161052e+00	5.922099e+00	5.595995e+00	5.073548e+00	4.663657e+00
4.047321e+00	3.286724e+00	2.067836e+00	1.636359e+00	1.228093e+00	1.171313e+00
1.133569e+00	1.129381e+00	1.119489e+00	1.125609e+00	1.198565e+01	1.146145e+01
1.101442e+01	1.069273e+01	1.043493e+01	9.903829e+00	9.417390e+00	8.972461e+00
8.567662e+00	8.201173e+00	7.871574e+00	7.577372e+00	7.316902e+00	7.087136e+00
6.882336e+00	6.694640e+00	6.512799e+00	6.318635e+00	6.086487e+00	5.774310e+00
5.291259e+00	4.912473e+00	4.323095e+00	3.542417e+00	2.192195e+00	1.707085e+00
1.242007e+00	1.176214e+00	1.130556e+00	1.125620e+00	1.118721e+00	1.120729e+00
1.198230e+01	1.146175e+01	1.101780e+01	1.069993e+01	1.044611e+01	9.922910e+00
9.444183e+00	9.006447e+00	8.608678e+00	8.249656e+00	7.928574e+00	7.643837e+00
7.393287e+00	7.173731e+00	6.979613e+00	6.804381e+00	6.639884e+00	6.467780e+00
6.260482e+00	5.973638e+00	5.508917e+00	5.135532e+00	4.558300e+00	3.792821e+00
2.359797e+00	1.797762e+00	1.256878e+00	1.181727e+00	1.128936e+00	1.121382e+00
1.117390e+00	1.116602e+00	1.197326e+01	1.145775e+01	1.101889e+01	1.070467e+01
1.045409e+01	9.937326e+00	9.464530e+00	9.032837e+00	8.641471e+00	8.289473e+00
7.976375e+00	7.700653e+00	7.460132e+00	7.251451e+00	7.068800e+00	6.905686e+00
6.755052e+00	6.600225e+00	6.415184e+00	6.155780e+00	5.723477e+00	5.367633e+00
4.805542e+00	4.036274e+00	2.527445e+00	1.909730e+00	1.280815e+00	1.189210e+00
1.125745e+00	1.119645e+00	1.111937e+00	1.112574e+00	1.196657e+01	1.145611e+01
1.102092e+01	1.071028e+01	1.046257e+01	9.951460e+00	9.484028e+00	9.057914e+00
8.672463e+00	8.326836e+00	8.020727e+00	7.752768e+00	7.520947e+00	7.322024e+00
7.150264e+00	6.999360e+00	6.862896e+00	6.725528e+00	6.562620e+00	6.330437e+00
5.931853e+00	5.596237e+00	5.054132e+00	4.287051e+00	2.710220e+00	2.034728e+00
1.309526e+00	1.199571e+00	1.124647e+00	1.118075e+00	1.106728e+00	1.109153e+00
1.196339e+01	1.145746e+01	1.102649e+01	1.071825e+01	1.047268e+01	9.966226e+00
9.503550e+00	9.082442e+00	8.702233e+00	8.362092e+00	8.061730e+00	7.799988e+00
7.575097e+00	7.384237e+00	7.222223e+00	7.083356e+00	6.961720e+00	6.842503e+00
6.701577e+00	6.495656e+00	6.129319e+00	5.814095e+00	5.296638e+00	4.544714e+00
2.914144e+00	2.172415e+00	1.343332e+00	1.215389e+00	1.124637e+00	1.116691e+00
1.103518e+00	1.106477e+00	1.196034e+01	1.145998e+01	1.103336e+01	1.072828e+01
1.048503e+01	9.982568e+00	9.523379e+00	9.105897e+00	8.729657e+00	8.394022e+00
8.098849e+00	7.842862e+00	7.624030e+00	7.439765e+00	7.286051e+00	7.158228e+00
7.050680e+00	6.948534e+00	6.828628e+00	6.651121e+00	6.320573e+00	6.023843e+00
5.526669e+00	4.796304e+00	3.142660e+00	2.324878e+00	1.381574e+00	1.235760e+00
1.126242e+00	1.116492e+00	1.102508e+00	1.104398e+00	1.195727e+01	1.146265e+01
1.104050e+01	1.073826e+01	1.049671e+01	9.997615e+00	9.541518e+00	9.127339e+00
8.754746e+00	8.423273e+00	8.132887e+00	7.882176e+00	7.668827e+00	7.490441e+00
7.344103e+00	7.226206e+00	7.131740e+00	7.046418e+00	6.948347e+00	6.800342e+00
6.506246e+00	6.228300e+00	5.752751e+00	5.048769e+00	3.387967e+00	2.492703e+00
1.424949e+00	1.260029e+00	1.129706e+00	1.116385e+00	1.101801e+00	1.102574e+00
1.195358e+01	1.146330e+01	1.104511e+01	1.074380e+01	1.050204e+01	1.000534e+01
9.552730e+00	9.142657e+00	8.774425e+00	8.447390e+00	8.161282e+00	7.914911e+00
7.706312e+00	7.533285e+00	7.392744e+00	7.281562e+00	7.196957e+00	7.129040e+00
7.058109e+00	6.940354e+00	6.676863e+00	6.420230e+00	5.977069e+00	5.302069e+00
3.626429e+00	2.680572e+00	1.477659e+00	1.287016e+00	1.133340e+00	1.116681e+00
1.100711e+00	1.100786e+00	1.194855e+01	1.146344e+01	1.104828e+01	1.074715e+01
1.050473e+01	1.000968e+01	9.560076e+00	9.153916e+00	8.789973e+00	8.467178e+00
8.184767e+00	7.941922e+00	7.737353e+00	7.569052e+00	7.433065e+00	7.326431e+00
7.249326e+00	7.197985e+00	7.156103e+00	7.068245e+00	6.831134e+00	6.597436e+00
6.194433e+00	5.550825e+00	3.858370e+00	2.890889e+00	1.543893e+00	1.319056e+00
1.138038e+00	1.118335e+00	1.099357e+00	1.099151e+00	1.193642e+01	1.146150e+01
1.105285e+01	1.075345e+01	1.051057e+01	1.001764e+01	9.570665e+00	9.167339e+00
8.806274e+00	8.486399e+00	8.206923e+00	7.967216e+00	7.766258e+00	7.602223e+00
7.471144e+00	7.370378e+00	7.301337e+00	7.262626e+00	7.239948e+00	7.177700e+00
6.975076e+00	6.765737e+00	6.395530e+00	5.785154e+00	4.109815e+00	3.107784e+00
1.618864e+00	1.360014e+00	1.144946e+00	1.120848e+00	1.098542e+00	1.098092e+00
1.191485e+01	1.145535e+01	1.105805e+01	1.076181e+01	1.051869e+01	1.002794e+01
9.582859e+00	9.181427e+00	8.822339e+00	8.504649e+00	8.227666e+00	7.990816e+00
7.793174e+00	7.633085e+00	7.506923e+00	7.412456e+00	7.351514e+00	7.323273e+00
7.315259e+00	7.276371e+00	7.111505e+00	6.927468e+00	6.587126e+00	6.011800e+00
4.376913e+00	3.335141e+00	1.703643e+00	1.409909e+00	1.154295e+00	1.124627e+00
1.097923e+00	1.097271e+00	1.189178e+01	1.144820e+01	1.106109e+01	1.076815e+01
1.052414e+01	1.003521e+01	9.591809e+00	9.192129e+00	8.834935e+00	8.519324e+00
8.244662e+00	8.010415e+00	7.815780e+00	7.659241e+00	7.537336e+00	7.448229e+00
7.394258e+00	7.375485e+00	7.381389e+00	7.364595e+00	7.235456e+00	7.076237e+00
6.766483e+00	6.228381e+00	4.645703e+00	3.573882e+00	1.798632e+00	1.466192e+00
1.165136e+00	1.129271e+00	1.097772e+00	1.096650e+00	1.186632e+01	1.143880e+01
1.106270e+01	1.077284e+01	1.052753e+01	1.003977e+01	9.597723e+00	9.199651e+00
8.844308e+00	8.530715e+00	8.258197e+00	8.026252e+00	7.834265e+00	7.680801e+00
7.562267e+00	7.477201e+00	7.428738e+00	7.418526e+00	7.438379e+00	7.442500e+00
7.345355e+00	7.209528e+00	6.930114e+00	6.429560e+00	4.910146e+00	3.824615e+00
1.908039e+00	1.531975e+00	1.178648e+00	1.135883e+00	1.097799e+00	1.096237e+00
1.182677e+01	1.141916e+01	1.105810e+01	1.077182e+01	1.052698e+01	1.004238e+01
9.602119e+00	9.205076e+00	8.850406e+00	8.537576e+00	8.266362e+00	8.036241e+00
7.846386e+00	7.695640e+00	7.581661e+00	7.503450e+00	7.462650e+00	7.457485e+00
7.479044e+00	7.496043e+00	7.435506e+00	7.324453e+00	7.079788e+00	6.634656e+00
5.187136e+00	4.049912e+00	2.030017e+00	1.615054e+00	1.194428e+00	1.136855e+00
1.099819e+00	1.095248e+00	1.178642e+01	1.139853e+01	1.105067e+01	1.076961e+01
1.052579e+01	1.004499e+01	9.606543e+00	9.210285e+00	8.855913e+00	8.543440e+00
8.273112e+00	8.044407e+00	7.856387e+00	7.708227e+00	7.598837e+00	7.527591e+00
7.494175e+00	7.492339e+00	7.512463e+00	7.538713e+00	7.513898e+00	7.430022e+00
7.220367e+00	6.823370e+00	5.451733e+00	4.283652e+00	2.167571e+00	1.708474e+00
1.213277e+00	1.138189e+00	1.102707e+00	1.094162e+00	1.176931e+01	1.139373e+01
1.105475e+01	1.077621e+01	1.053138e+01	1.005130e+01	9.613581e+00	9.218214e+00
8.864778e+00	8.553157e+00	8.283570e+00	8.055834e+00	7.869674e+00	7.724408e+00
7.618160e+00	7.549886e+00	7.519814e+00	7.522715e+00	7.550258e+00	7.587403e+00
7.591772e+00	7.538544e+00	7.358696e+00	6.969941e+00	5.668478e+00	4.600084e+00
2.324254e+00	1.792229e+00	1.236046e+00	1.158856e+00	1.099785e+00	1.093936e+00
1.175370e+01	1.138886e+01	1.105722e+01	1.078031e+01	1.053463e+01	1.005529e+01
9.618433e+00	9.223878e+00	8.871286e+00	8.560622e+00	8.292129e+00	8.065689e+00
7.881020e+00	7.737475e+00	7.633312e+00	7.567610e+00	7.540938e+00	7.548625e+00
7.583341e+00	7.631879e+00	7.657372e+00	7.623505e+00	7.476533e+00	7.129473e+00
5.901660e+00	4.864429e+00	2.500523e+00	1.903089e+00	1.262947e+00	1.170724e+00
1.102027e+00	1.093742e+00	1.173919e+01	1.138385e+01	1.105852e+01	1.078318e+01
1.053673e+01	1.005807e+01	9.621936e+00	9.228152e+00	8.876399e+00	8.566669e+00
8.299211e+00	8.073941e+00	7.890546e+00	7.748436e+00	7.646036e+00	7.582577e+00
7.558933e+00	7.570896e+00	7.612047e+00	7.670894e+00	7.714649e+00	7.697590e+00
7.582390e+00	7.280346e+00	6.129335e+00	5.122777e+00	2.693203e+00	2.028064e+00
1.293768e+00	1.183720e+00	1.105200e+00	1.093525e+00	1.172569e+01	1.137860e+01
1.105900e+01	1.078500e+01	1.053790e+01	1.005981e+01	9.624242e+00	9.231145e+00
8.880179e+00	8.571291e+00	8.304714e+00	8.080386e+00	7.898048e+00	7.757199e+00
7.656340e+00	7.594810e+00	7.573731e+00	7.589260e+00	7.635750e+00	7.703259e+00
7.762989e+00	7.761119e+00	7.675080e+00	7.414462e+00	6.341842e+00	5.377901e+00
2.902203e+00	2.166180e+00	1.330218e+00	1.200479e+00	1.108880e+00	1.093250e+00
1.171271e+01	1.137328e+01	1.105882e+01	1.078606e+01	1.053831e+01	1.006066e+01
9.625555e+00	9.233073e+00	8.882833e+00	8.574712e+00	8.308883e+00	8.085322e+00
7.903859e+00	7.764074e+00	7.664532e+00	7.604661e+00	7.585775e+00	7.604335e+00
7.655277e+00	7.730182e+00	7.803608e+00	7.814858e+00	7.755184e+00	7.534058e+00
6.541234e+00	5.625014e+00	3.126204e+00	2.319643e+00	1.373102e+00	1.221155e+00
1.113545e+00	1.092843e+00	1.170046e+01	1.136815e+01	1.105856e+01	1.078691e+01
1.053861e+01	1.006131e+01	9.626610e+00	9.234672e+00	8.885082e+00	8.577648e+00
8.312477e+00	8.089582e+00	7.908890e+00	7.770056e+00	7.671697e+00	7.613322e+00
7.596404e+00	7.617673e+00	7.672571e+00	7.754143e+00	7.839937e+00	7.863042e+00
7.827785e+00	7.644685e+00	6.733268e+00	5.868933e+00	3.365382e+00	2.487961e+00
1.421818e+00	1.245337e+00	1.119052e+00	1.092470e+00	1.168965e+01	1.136368e+01
1.105857e+01	1.078786e+01	1.053904e+01	1.006211e+01	9.627787e+00	9.236317e+00
8.887258e+00	8.580366e+00	8.315713e+00	8.093358e+00	7.913330e+00	7.775368e+00
7.678073e+00	7.620991e+00	7.605748e+00	7.629361e+00	7.687771e+00	7.775329e+00
7.871746e+00	7.904847e+00	7.891364e+00	7.744899e+00	6.914661e+00	6.102753e+00
3.617206e+00	2.672494e+00	1.477389e+00	1.273468e+00	1.125420e+00	1.092414e+00
1.168049e+01	1.136010e+01	1.105891e+01	1.078895e+01	1.053970e+01	1.006309e+01
9.629108e+00	9.238015e+00	8.889366e+00	8.582887e+00	8.318635e+00	8.096712e+00
7.917233e+00	7.780015e+00	7.683630e+00	7.627668e+00	7.613862e+00	7.639452e+00
7.700792e+00	7.793482e+00	7.899131e+00	7.940722e+00	7.945630e+00	7.831724e+00
7.082730e+00	6.325679e+00	3.878840e+00	2.873738e+00	1.543066e+00	1.308415e+00
1.133296e+00	1.092422e+00	1.167396e+01	1.135910e+01	1.106014e+01	1.079147e+01
1.054164e+01	1.006536e+01	9.631745e+00	9.240989e+00	8.892690e+00	8.586626e+00
8.322891e+00	8.101311e+00	7.922024e+00	7.784960e+00	7.689450e+00	7.635117e+00
7.623267e+00	7.650714e+00	7.711705e+00	7.807429e+00	7.925520e+00	7.979234e+00
7.992806e+00	7.889999e+00	7.240502e+00	6.578095e+00	4.132113e+00	3.069654e+00
1.619474e+00	1.355308e+00	1.143457e+00	1.092486e+00	1.166871e+01	1.135853e+01
1.106272e+01	1.079504e+01	1.054469e+01	1.006859e+01	9.635219e+00	9.244649e+00
8.896563e+00	8.590843e+00	8.327637e+00	8.106383e+00	7.927106e+00	7.789864e+00
7.695058e+00	7.642416e+00	7.632647e+00	7.661747e+00	7.721481e+00	7.819409e+00
7.950552e+00	8.017102e+00	8.035069e+00	7.936210e+00	7.390952e+00	6.843020e+00
4.385373e+00	3.268505e+00	1.706794e+00	1.413466e+00	1.155672e+00	1.092622e+00
1.166810e+01	1.135894e+01	1.106517e+01	1.079609e+01	1.054540e+01	1.006911e+01
9.635763e+00	9.245310e+00	8.897405e+00	8.591914e+00	8.328955e+00	8.108569e+00
7.930106e+00	7.793223e+00	7.697501e+00	7.643991e+00	7.634381e+00	7.664569e+00
7.733071e+00	7.836304e+00	7.970363e+00	8.036667e+00	8.067036e+00	7.992099e+00
7.528228e+00	7.022814e+00	4.657668e+00	3.500715e+00	1.802946e+00	1.471010e+00
1.167896e+00	1.092640e+00	1.167412e+01	1.136357e+01	1.106760e+01	1.079601e+01
1.054303e+01	1.006472e+01	9.631156e+00	9.241476e+00	8.894836e+00	8.590698e+00
8.328791e+00	8.109247e+00	7.931743e+00	7.795497e+00	7.698282e+00	7.640619e+00
7.627419e+00	7.663279e+00	7.748161e+00	7.863962e+00	7.985252e+00	8.044168e+00
8.089317e+00	8.065342e+00	7.650153e+00	7.124290e+00	4.954626e+00	3.785692e+00
1.910490e+00	1.525678e+00	1.179909e+00	1.092368e+00	1.167154e+01	1.136214e+01
1.106661e+01	1.079479e+01	1.054029e+01	1.006151e+01	9.628149e+00	9.238911e+00
8.892847e+00	8.589358e+00	8.328152e+00	8.108974e+00	7.931730e+00	7.795736e+00
7.698614e+00	7.640151e+00	7.626446e+00	7.663728e+00	7.754390e+00	7.874665e+00
7.995814e+00	8.054605e+00	8.110903e+00	8.114427e+00	7.755098e+00	7.255062e+00
5.230412e+00	4.052454e+00	2.036547e+00	1.595872e+00	1.194860e+00	1.092019e+00
1.166581e+01	1.135890e+01	1.106512e+01	1.079372e+01	1.053945e+01	1.006087e+01
9.627668e+00	9.238562e+00	8.892626e+00	8.589257e+00	8.328069e+00	8.109038e+00
7.932012e+00	7.796285e+00	7.699476e+00	7.641665e+00	7.628809e+00	7.667303e+00
7.758732e+00	7.880763e+00	8.005738e+00	8.069197e+00	8.133161e+00	8.150517e+00
7.847894e+00	7.408489e+00	5.487497e+00	4.305311e+00	2.183470e+00	1.685332e+00
1.213783e+00	1.091869e+00	1.166871e+01	1.136391e+01	1.107148e+01	1.080043e+01
1.054586e+01	1.006746e+01	9.634166e+00	9.244877e+00	8.898703e+00	8.595080e+00
8.333856e+00	8.114837e+00	7.937890e+00	7.802338e+00	7.706098e+00	7.648970e+00
7.636727e+00	7.675605e+00	7.766939e+00	7.890275e+00	8.018823e+00	8.086390e+00
8.157079e+00	8.187075e+00	7.935327e+00	7.544646e+00	5.739612e+00	4.567414e+00
2.346710e+00	1.789991e+00	1.236837e+00	1.092449e+00	1.164966e+01	1.135201e+01
1.106558e+01	1.079806e+01	1.054545e+01	1.006937e+01	9.636517e+00	9.246718e+00
8.899619e+00	8.595138e+00	8.333231e+00	8.113857e+00	7.936952e+00	7.802161e+00
7.708275e+00	7.655262e+00	7.646115e+00	7.681756e+00	7.761799e+00	7.879264e+00
8.021928e+00	8.099166e+00	8.176053e+00	8.214331e+00	8.010886e+00	7.656749e+00
5.976993e+00	4.831549e+00	2.523838e+00	1.910392e+00	1.263276e+00	1.092245e+00
1.164057e+01	1.134674e+01	1.106306e+01	1.079710e+01	1.054533e+01	1.007037e+01
9.637792e+00	9.247978e+00	8.900574e+00	8.595434e+00	8.333203e+00	8.113683e+00
7.936754e+00	7.802217e+00	7.709523e+00	7.658647e+00	7.651868e+00	7.686518e+00
7.759917e+00	7.874679e+00	8.025837e+00	8.111319e+00	8.193571e+00	8.232639e+00
8.066548e+00	7.775693e+00	6.206581e+00	5.081572e+00	2.714393e+00	2.050200e+00
1.291264e+00	1.092113e+00	1.164022e+01	1.134734e+01	1.106427e+01	1.079820e+01
1.054603e+01	1.007091e+01	9.638467e+00	9.248946e+00	8.901966e+00	8.597458e+00
8.335620e+00	8.116223e+00	7.938877e+00	7.803512e+00	7.710258e+00	7.659965e+00
7.654373e+00	7.690022e+00	7.763952e+00	7.877991e+00	8.032861e+00	8.123445e+00
8.210107e+00	8.243826e+00	8.103790e+00	7.911420e+00	6.427225e+00	5.309066e+00
2.918736e+00	2.216024e+00	1.320412e+00	1.092083e+00	