3.348297e-01	3.455566e-01	3.564824e-01	3.676811e-01	3.791339e-01	4.026402e-01
4.269128e-01	4.518308e-01	4.772279e-01	5.029173e-01	5.286819e-01	5.543079e-01
5.794786e-01	6.041223e-01	6.282854e-01	6.519763e-01	6.745886e-01	6.952216e-01
7.129170e-01	7.270751e-01	7.381087e-01	7.446247e-01	7.575851e-01	7.760534e-01
8.010911e-01	8.083799e-01	8.140369e-01	8.147076e-01	8.153463e-01	8.154598e-01
8.156198e-01	8.107441e-01	3.729852e-01	3.845299e-01	3.962741e-01	4.082934e-01
4.205685e-01	4.457188e-01	4.716265e-01	4.981590e-01	5.251367e-01	5.523600e-01
5.795990e-01	6.066304e-01	6.331286e-01	6.590276e-01	6.843970e-01	7.092661e-01
7.330179e-01	7.547380e-01	7.734617e-01	7.886168e-01	8.006506e-01	8.076841e-01
8.212268e-01	8.402466e-01	8.660191e-01	8.735399e-01	8.793413e-01	8.800253e-01
8.806826e-01	8.807978e-01	8.809632e-01	8.760822e-01	4.154886e-01	4.278987e-01
4.405074e-01	4.533915e-01	4.665314e-01	4.934064e-01	5.210233e-01	5.492374e-01
5.778551e-01	6.066636e-01	6.354198e-01	6.638918e-01	6.917458e-01	7.189230e-01
7.455199e-01	7.715900e-01	7.965081e-01	8.193495e-01	8.391481e-01	8.553674e-01
8.684919e-01	8.760836e-01	8.902148e-01	9.097497e-01	9.362094e-01	9.439523e-01
9.498845e-01	9.505797e-01	9.512546e-01	9.513710e-01	9.515417e-01	9.466860e-01
4.628356e-01	4.761588e-01	4.896782e-01	5.034710e-01	5.175174e-01	5.461962e-01
5.755939e-01	6.055531e-01	6.358658e-01	6.663057e-01	6.966168e-01	7.265582e-01
7.557899e-01	7.842619e-01	8.121016e-01	8.393905e-01	8.654975e-01	8.894922e-01
9.104130e-01	9.277681e-01	9.420816e-01	9.502757e-01	9.649982e-01	9.850020e-01
1.012089e+00	1.020040e+00	1.026087e+00	1.026791e+00	1.027482e+00	1.027599e+00
1.027775e+00	1.022980e+00	5.155780e-01	5.298619e-01	5.443376e-01	5.590819e-01
5.740756e-01	6.046339e-01	6.358800e-01	6.676430e-01	6.997003e-01	7.318115e-01
7.637076e-01	7.951399e-01	8.257634e-01	8.555391e-01	8.846297e-01	9.131486e-01
9.404624e-01	9.656396e-01	9.877300e-01	1.006297e+00	1.021907e+00	1.030751e+00
1.046064e+00	1.066479e+00	1.094118e+00	1.102261e+00	1.108403e+00	1.109112e+00
1.109817e+00	1.109934e+00	1.110115e+00	1.105422e+00	5.743306e-01	5.896219e-01
6.050982e-01	6.208355e-01	6.368149e-01	6.693239e-01	7.024804e-01	7.360993e-01
7.699431e-01	8.037572e-01	8.372599e-01	8.701951e-01	9.022153e-01	9.332943e-01
9.636352e-01	9.933879e-01	1.021920e+00	1.048306e+00	1.071613e+00	1.091473e+00
1.108496e+00	1.118041e+00	1.133940e+00	1.154695e+00	1.182796e+00	1.191110e+00
1.197322e+00	1.198033e+00	1.198751e+00	1.198867e+00	1.199052e+00	1.194508e+00
6.397784e-01	6.561219e-01	6.726411e-01	6.894100e-01	7.064108e-01	7.409351e-01
7.760563e-01	8.115748e-01	8.472375e-01	8.827760e-01	9.178959e-01	9.523351e-01
9.857453e-01	1.018116e+00	1.049697e+00	1.080678e+00	1.110434e+00	1.138049e+00
1.162620e+00	1.183858e+00	1.202421e+00	1.212724e+00	1.229197e+00	1.250209e+00
1.278660e+00	1.287120e+00	1.293374e+00	1.294083e+00	1.294810e+00	1.294925e+00
1.295114e+00	1.290774e+00	7.126843e-01	7.301219e-01	7.477234e-01	7.655589e-01
7.836126e-01	8.202081e-01	8.573383e-01	8.947890e-01	9.322915e-01	9.695633e-01
1.006298e+00	1.042228e+00	1.077009e+00	1.110647e+00	1.143444e+00	1.175638e+00
1.206614e+00	1.235475e+00	1.261356e+00	1.284063e+00	1.304306e+00	1.315424e+00
1.332457e+00	1.353623e+00	1.382295e+00	1.390870e+00	1.397133e+00	1.397833e+00
1.398568e+00	1.398680e+00	1.398872e+00	1.394798e+00	7.938981e-01	8.124680e-01
8.311866e-01	8.501188e-01	8.692517e-01	9.079624e-01	9.471336e-01	9.865356e-01
1.025884e+00	1.064883e+00	1.103214e+00	1.140607e+00	1.176722e+00	1.211588e+00
1.245564e+00	1.278943e+00	1.311124e+00	1.341241e+00	1.368477e+00	1.392749e+00
1.414823e+00	1.426822e+00	1.444392e+00	1.465591e+00	1.494329e+00	1.502982e+00
1.509215e+00	1.509902e+00	1.510640e+00	1.510748e+00	1.510943e+00	1.507206e+00
8.843667e-01	9.041015e-01	9.239662e-01	9.440189e-01	9.642500e-01	1.005106e+00
1.046334e+00	1.087689e+00	1.128872e+00	1.169573e+00	1.209464e+00	1.248272e+00
1.285667e+00	1.321702e+00	1.356804e+00	1.391325e+00	1.424687e+00	1.456062e+00
1.484695e+00	1.510636e+00	1.534705e+00	1.547654e+00	1.565729e+00	1.586822e+00
1.615444e+00	1.624131e+00	1.630288e+00	1.630956e+00	1.631692e+00	1.631795e+00
1.631993e+00	1.628672e+00	9.851446e-01	1.006070e+00	1.027102e+00	1.048291e+00
1.069630e+00	1.112642e+00	1.155924e+00	1.199215e+00	1.242200e+00	1.284556e+00
1.325947e+00	1.366099e+00	1.404698e+00	1.441825e+00	1.477979e+00	1.513582e+00
1.548086e+00	1.580712e+00	1.610783e+00	1.638500e+00	1.664745e+00	1.678719e+00
1.697260e+00	1.718079e+00	1.746375e+00	1.755045e+00	1.761075e+00	1.761715e+00
1.762445e+00	1.762541e+00	1.762740e+00	1.759927e+00	1.097407e+00	1.119538e+00
1.141750e+00	1.164080e+00	1.186528e+00	1.231684e+00	1.276992e+00	1.322175e+00
1.366904e+00	1.410843e+00	1.453648e+00	1.495049e+00	1.534749e+00	1.572864e+00
1.609976e+00	1.646582e+00	1.682173e+00	1.716033e+00	1.747580e+00	1.777187e+00
1.805803e+00	1.820883e+00	1.839840e+00	1.860195e+00	1.887918e+00	1.896512e+00
1.902353e+00	1.902957e+00	1.903676e+00	1.903764e+00	1.903962e+00	1.901760e+00
1.222462e+00	1.245804e+00	1.269196e+00	1.292658e+00	1.316200e+00	1.363463e+00
1.410741e+00	1.457744e+00	1.504127e+00	1.549546e+00	1.593648e+00	1.636170e+00
1.676842e+00	1.715813e+00	1.753762e+00	1.791269e+00	1.827874e+00	1.862939e+00
1.895993e+00	1.927613e+00	1.958813e+00	1.975087e+00	1.994398e+00	2.014065e+00
2.040932e+00	2.049382e+00	2.054965e+00	2.055523e+00	2.056223e+00	2.056301e+00
2.056498e+00	2.055024e+00	1.361767e+00	1.386311e+00	1.410868e+00	1.435439e+00
1.460044e+00	1.509340e+00	1.558498e+00	1.607213e+00	1.655126e+00	1.701885e+00
1.747132e+00	1.790613e+00	1.832089e+00	1.871754e+00	1.910389e+00	1.948669e+00
1.986195e+00	2.022421e+00	2.057011e+00	2.090771e+00	2.124789e+00	2.142349e+00
2.161939e+00	2.180664e+00	2.206349e+00	2.214574e+00	2.219821e+00	2.220321e+00
2.220995e+00	2.221060e+00	2.221255e+00	2.220639e+00	1.516947e+00	1.542665e+00
1.568353e+00	1.593991e+00	1.619609e+00	1.670825e+00	1.721731e+00	1.772007e+00
1.821284e+00	1.869200e+00	1.915397e+00	1.959633e+00	2.001710e+00	2.041867e+00
2.081004e+00	2.119901e+00	2.158229e+00	2.195556e+00	2.231703e+00	2.267740e+00
2.304828e+00	2.323776e+00	2.343555e+00	2.361043e+00	2.385172e+00	2.393081e+00
2.397901e+00	2.398331e+00	2.398971e+00	2.399021e+00	2.399211e+00	2.399601e+00
1.691096e+00	1.717750e+00	1.744345e+00	1.770847e+00	1.797300e+00	1.850154e+00
1.902624e+00	1.954365e+00	2.004974e+00	2.054032e+00	2.101113e+00	2.145975e+00
2.188464e+00	2.228889e+00	2.268317e+00	2.307671e+00	2.346706e+00	2.385115e+00
2.422923e+00	2.461656e+00	2.502696e+00	2.523450e+00	2.543272e+00	2.558798e+00
2.580761e+00	2.588310e+00	2.592519e+00	2.592841e+00	2.593440e+00	2.593470e+00
2.593660e+00	2.595433e+00	1.884192e+00	1.911815e+00	1.939332e+00	1.966683e+00
1.993928e+00	2.048273e+00	2.102068e+00	2.154954e+00	2.206506e+00	2.256284e+00
2.303839e+00	2.348943e+00	2.391502e+00	2.431888e+00	2.471328e+00	2.510887e+00
2.550419e+00	2.589769e+00	2.629186e+00	2.670595e+00	2.715512e+00	2.737996e+00
2.757755e+00	2.771175e+00	2.790594e+00	2.797625e+00	2.801156e+00	2.801368e+00
2.801913e+00	2.801921e+00	2.802104e+00	2.805314e+00	2.092389e+00	2.122007e+00
2.151351e+00	2.180238e+00	2.208754e+00	2.265012e+00	2.319831e+00	2.372908e+00
2.423969e+00	2.472861e+00	2.519536e+00	2.563884e+00	2.605894e+00	2.645903e+00
2.685090e+00	2.724502e+00	2.764134e+00	2.804102e+00	2.844807e+00	2.887650e+00
2.933407e+00	2.956017e+00	2.975824e+00	2.988944e+00	3.006241e+00	3.012224e+00
3.015405e+00	3.015624e+00	3.016076e+00	3.016070e+00	3.016205e+00	3.019962e+00
2.315352e+00	2.348164e+00	2.380399e+00	2.411646e+00	2.442017e+00	2.500727e+00
2.556255e+00	2.608443e+00	2.657384e+00	2.703567e+00	2.747815e+00	2.790235e+00
2.830908e+00	2.870034e+00	2.908541e+00	2.947304e+00	2.986486e+00	3.026542e+00
3.067927e+00	3.110676e+00	3.154135e+00	3.175303e+00	3.195230e+00	3.209774e+00
3.225502e+00	3.229996e+00	3.233163e+00	3.233501e+00	3.233828e+00	3.233818e+00
3.233868e+00	3.237158e+00	2.553682e+00	2.589484e+00	2.624451e+00	2.657963e+00
2.690163e+00	2.751393e+00	2.807794e+00	2.859235e+00	2.906070e+00	2.949301e+00
2.990447e+00	3.029827e+00	3.067644e+00	3.104165e+00	3.140385e+00	3.177220e+00
3.214798e+00	3.253336e+00	3.293078e+00	3.334169e+00	3.376212e+00	3.396848e+00
3.416376e+00	3.430610e+00	3.445194e+00	3.448962e+00	3.451909e+00	3.452261e+00
3.452539e+00	3.452535e+00	3.452565e+00	3.454748e+00	2.809530e+00	2.848400e+00
2.886174e+00	2.922007e+00	2.956084e+00	3.019868e+00	3.077069e+00	3.127550e+00
3.171885e+00	3.211566e+00	3.248743e+00	3.283967e+00	3.317580e+00	3.350051e+00
3.382629e+00	3.416395e+00	3.451311e+00	3.487013e+00	3.523391e+00	3.561536e+00
3.602233e+00	3.622667e+00	3.641421e+00	3.654412e+00	3.668117e+00	3.671580e+00
3.674206e+00	3.674516e+00	3.674786e+00	3.674799e+00	3.674844e+00	3.675381e+00
3.081655e+00	3.124224e+00	3.165257e+00	3.203560e+00	3.239387e+00	3.304907e+00
3.361627e+00	3.409829e+00	3.450466e+00	3.485603e+00	3.518107e+00	3.548678e+00
3.577591e+00	3.605303e+00	3.633124e+00	3.662218e+00	3.692594e+00	3.723946e+00
3.756269e+00	3.790793e+00	3.828498e+00	3.847729e+00	3.865347e+00	3.877419e+00
3.889957e+00	3.893097e+00	3.895458e+00	3.895727e+00	3.895976e+00	3.896016e+00
3.896066e+00	3.894864e+00	3.367776e+00	3.414671e+00	3.459397e+00	3.500273e+00
3.537641e+00	3.603852e+00	3.658519e+00	3.702781e+00	3.738205e+00	3.767624e+00
3.794822e+00	3.820519e+00	3.844536e+00	3.866936e+00	3.888768e+00	3.911169e+00
3.934568e+00	3.959731e+00	3.987444e+00	4.017805e+00	4.050497e+00	4.067228e+00
4.083343e+00	4.095079e+00	4.106114e+00	4.108913e+00	4.111109e+00	4.111344e+00
4.111549e+00	4.111629e+00	4.111675e+00	4.108686e+00	3.662343e+00	3.719284e+00
3.771995e+00	3.817171e+00	3.855629e+00	3.917824e+00	3.964482e+00	4.002407e+00
4.033400e+00	4.058909e+00	4.080973e+00	4.100141e+00	4.116862e+00	4.131758e+00
4.146004e+00	4.160882e+00	4.176998e+00	4.195398e+00	4.216992e+00	4.241255e+00
4.267548e+00	4.281462e+00	4.295566e+00	4.306422e+00	4.315956e+00	4.318304e+00
4.320272e+00	4.320473e+00	4.320656e+00	4.320793e+00	4.320710e+00	4.316160e+00
3.970054e+00	4.034965e+00	4.093901e+00	4.142451e+00	4.181857e+00	4.241116e+00
4.281090e+00	4.312593e+00	4.337681e+00	4.356879e+00	4.371195e+00	4.381383e+00
4.388796e+00	4.394830e+00	4.400867e+00	4.408257e+00	4.417355e+00	4.428426e+00
4.441760e+00	4.457503e+00	4.476304e+00	4.487259e+00	4.498846e+00	4.508063e+00
4.515936e+00	4.517818e+00	4.519493e+00	4.519651e+00	4.519808e+00	4.519971e+00
4.519807e+00	4.513988e+00	4.302473e+00	4.357914e+00	4.410007e+00	4.456188e+00
4.496912e+00	4.564621e+00	4.612618e+00	4.641619e+00	4.654634e+00	4.657287e+00
4.656831e+00	4.655156e+00	4.652800e+00	4.650506e+00	4.649285e+00	4.650080e+00
4.652551e+00	4.655361e+00	4.657833e+00	4.662609e+00	4.673244e+00	4.681100e+00
4.689604e+00	4.696260e+00	4.701924e+00	4.703445e+00	4.704757e+00	4.704851e+00
4.704935e+00	4.705031e+00	4.705094e+00	4.698459e+00	4.634090e+00	4.691194e+00
4.744473e+00	4.791008e+00	4.831341e+00	4.896375e+00	4.938857e+00	4.959537e+00
4.962095e+00	4.953224e+00	4.941438e+00	4.928954e+00	4.916285e+00	4.904174e+00
4.893404e+00	4.884773e+00	4.877784e+00	4.870839e+00	4.863078e+00	4.857625e+00
4.858748e+00	4.862312e+00	4.866829e+00	4.870623e+00	4.873599e+00	4.874478e+00
4.875285e+00	4.875327e+00	4.875368e+00	4.875431e+00	4.875597e+00	4.869128e+00
4.973124e+00	5.032223e+00	5.086684e+00	5.132939e+00	5.171712e+00	5.230912e+00
5.264605e+00	5.274747e+00	5.265596e+00	5.244502e+00	5.220699e+00	5.196609e+00
5.172801e+00	5.150034e+00	5.128858e+00	5.109869e+00	5.092481e+00	5.074932e+00
5.056280e+00	5.039976e+00	5.030798e+00	5.029526e+00	5.029256e+00	5.029370e+00
5.029111e+00	5.029196e+00	5.029342e+00	5.029312e+00	5.029301e+00	5.029349e+00
5.029455e+00	5.024191e+00	5.315344e+00	5.373992e+00	5.427429e+00	5.471657e+00
5.507526e+00	5.559033e+00	5.582512e+00	5.580422e+00	5.557653e+00	5.522495e+00
5.485217e+00	5.448458e+00	5.412790e+00	5.378861e+00	5.346943e+00	5.317294e+00
5.289205e+00	5.260597e+00	5.230408e+00	5.202619e+00	5.182680e+00	5.176220e+00
5.170401e+00	5.165911e+00	5.161911e+00	5.161081e+00	5.160411e+00	5.160291e+00
5.160211e+00	5.160251e+00	5.160171e+00	5.157181e+00	5.658603e+00	5.715094e+00
5.765806e+00	5.806313e+00	5.837638e+00	5.878395e+00	5.888975e+00	5.872334e+00
5.834049e+00	5.783318e+00	5.731391e+00	5.681045e+00	5.632904e+00	5.587393e+00
5.544452e+00	5.503929e+00	5.464952e+00	5.425118e+00	5.383193e+00	5.343720e+00
5.312747e+00	5.300807e+00	5.288829e+00	5.279041e+00	5.271000e+00	5.269167e+00
5.267578e+00	5.267373e+00	5.267217e+00	5.267202e+00	5.267153e+00	5.267053e+00
6.007875e+00	6.060740e+00	6.107256e+00	6.142572e+00	6.167911e+00	6.195200e+00
6.190426e+00	6.157072e+00	6.101440e+00	6.033638e+00	5.965858e+00	5.901000e+00
5.839731e+00	5.782177e+00	5.727910e+00	5.676299e+00	5.626287e+00	5.575123e+00
5.521369e+00	5.470092e+00	5.427840e+00	5.410173e+00	5.391615e+00	5.376093e+00
5.363830e+00	5.360945e+00	5.358371e+00	5.358078e+00	5.357849e+00	5.357769e+00
5.357778e+00	5.360922e+00	6.358571e+00	6.405818e+00	6.446138e+00	6.474266e+00
6.491656e+00	6.501767e+00	6.478255e+00	6.425219e+00	6.349736e+00	6.262838e+00
6.177608e+00	6.097122e+00	6.022035e+00	5.952078e+00	5.886428e+00	5.823854e+00
5.763093e+00	5.700976e+00	5.635788e+00	5.572967e+00	5.519337e+00	5.495692e+00
5.470160e+00	5.447844e+00	5.430479e+00	5.426312e+00	5.422488e+00	5.422082e+00
5.421785e+00	5.421640e+00	5.421595e+00	5.429051e+00	6.705104e+00	6.744469e+00
6.776362e+00	6.795139e+00	6.802508e+00	6.791678e+00	6.746201e+00	6.670850e+00
6.573480e+00	6.466013e+00	6.362306e+00	6.265625e+00	6.176520e+00	6.094242e+00
6.017535e+00	5.944483e+00	5.873598e+00	5.801266e+00	5.725448e+00	5.651798e+00
5.587216e+00	5.557662e+00	5.525176e+00	5.496477e+00	5.474661e+00	5.469382e+00
5.464462e+00	5.463956e+00	5.463609e+00	5.463411e+00	5.463285e+00	5.474588e+00
7.046605e+00	7.075441e+00	7.096281e+00	7.103134e+00	7.098008e+00	7.061654e+00
6.990187e+00	6.889084e+00	6.767027e+00	6.636838e+00	6.512971e+00	6.399086e+00
6.295458e+00	6.200909e+00	6.113791e+00	6.031522e+00	5.949104e+00	5.865375e+00
5.777710e+00	5.691437e+00	5.612617e+00	5.574593e+00	5.531595e+00	5.497665e+00
5.474428e+00	5.468775e+00	5.463490e+00	5.462947e+00	5.462574e+00	5.462360e+00
5.462270e+00	5.474414e+00	7.387597e+00	7.403711e+00	7.411376e+00	7.404285e+00
7.384773e+00	7.319572e+00	7.219430e+00	7.090536e+00	6.942388e+00	6.788652e+00
6.644240e+00	6.513189e+00	6.395365e+00	6.289115e+00	6.192352e+00	6.101827e+00
6.008664e+00	5.914544e+00	5.816320e+00	5.719100e+00	5.628555e+00	5.584114e+00
5.534046e+00	5.494126e+00	5.466445e+00	5.459659e+00	5.453284e+00	5.452626e+00
5.452176e+00	5.451911e+00	5.451959e+00	5.466389e+00	7.726140e+00	7.726664e+00
7.718343e+00	7.694647e+00	7.658256e+00	7.559745e+00	7.427141e+00	7.267324e+00
7.090460e+00	6.910849e+00	6.743714e+00	6.593172e+00	6.458386e+00	6.336413e+00
6.224936e+00	6.119528e+00	6.022823e+00	5.925205e+00	5.823440e+00	5.722558e+00
5.628107e+00	5.581598e+00	5.529416e+00	5.483467e+00	5.449596e+00	5.441315e+00
5.433550e+00	5.432747e+00	5.432195e+00	5.431864e+00	5.432078e+00	5.449152e+00
8.056353e+00	8.038244e+00	8.011059e+00	7.968160e+00	7.912584e+00	7.777002e+00
7.609279e+00	7.416946e+00	7.210692e+00	7.005327e+00	6.816382e+00	6.648133e+00
6.498143e+00	6.360721e+00	6.236102e+00	6.119366e+00	6.013250e+00	5.906412e+00
5.795586e+00	5.685236e+00	5.580202e+00	5.528039e+00	5.470316e+00	5.421003e+00
5.383646e+00	5.374472e+00	5.366055e+00	5.365171e+00	5.364539e+00	5.364157e+00
5.364387e+00	5.379893e+00	8.385222e+00	8.343361e+00	8.292922e+00	8.227554e+00
8.150479e+00	7.975130e+00	7.771408e+00	7.546026e+00	7.309457e+00	7.076313e+00
6.861648e+00	6.668937e+00	6.501379e+00	6.356873e+00	6.226242e+00	6.104107e+00
5.984845e+00	5.866966e+00	5.746133e+00	5.625960e+00	5.510693e+00	5.453513e+00
5.391508e+00	5.339764e+00	5.298650e+00	5.288529e+00	5.279507e+00	5.278537e+00
5.277805e+00	5.277450e+00	5.277623e+00	5.290087e+00	8.703247e+00	8.642226e+00
8.571095e+00	8.482727e+00	8.381274e+00	8.156713e+00	7.905930e+00	7.640057e+00
7.370633e+00	7.111826e+00	6.878753e+00	6.673986e+00	6.492516e+00	6.329727e+00
6.182147e+00	6.045107e+00	5.915791e+00	5.789121e+00	5.660992e+00	5.533643e+00
5.410132e+00	5.349232e+00	5.285523e+00	5.233635e+00	5.188545e+00	5.177437e+00
5.167984e+00	5.166903e+00	5.166062e+00	5.165825e+00	5.165853e+00	5.172858e+00
8.997186e+00	8.935527e+00	8.856923e+00	8.749128e+00	8.618999e+00	8.324927e+00
8.005311e+00	7.690344e+00	7.390912e+00	7.116374e+00	6.876182e+00	6.664689e+00
6.470513e+00	6.285494e+00	6.113435e+00	5.956938e+00	5.813393e+00	5.677906e+00
5.545448e+00	5.413327e+00	5.280781e+00	5.215797e+00	5.151818e+00	5.102180e+00
5.052786e+00	5.040653e+00	5.031001e+00	5.029730e+00	5.028801e+00	5.028685e+00
5.028595e+00	5.027750e+00	9.273408e+00	9.207371e+00	9.121365e+00	8.996632e+00
8.840494e+00	8.479536e+00	8.091494e+00	7.730555e+00	7.403642e+00	7.109155e+00
6.850269e+00	6.618965e+00	6.405340e+00	6.202680e+00	6.014874e+00	5.844934e+00
5.689822e+00	5.544382e+00	5.402875e+00	5.260434e+00	5.119603e+00	5.055012e+00
4.992205e+00	4.942461e+00	4.889297e+00	4.876861e+00	4.866812e+00	4.865310e+00
4.864305e+00	4.864351e+00	4.864423e+00	4.855653e+00	9.606096e+00	9.485055e+00
9.343090e+00	9.168728e+00	8.972619e+00	8.559102e+00	8.144876e+00	7.760941e+00
7.410997e+00	7.096890e+00	6.812319e+00	6.554832e+00	6.317911e+00	6.097125e+00
5.893508e+00	5.708975e+00	5.541146e+00	5.386068e+00	5.238391e+00	5.089657e+00
4.939828e+00	4.871367e+00	4.807504e+00	4.759073e+00	4.703897e+00	4.689971e+00
4.679734e+00	4.678307e+00	4.677121e+00	4.677190e+00	4.677443e+00	4.662596e+00
1.000974e+01	9.763949e+00	9.518946e+00	9.276144e+00	9.039012e+00	8.590522e+00
8.171136e+00	7.779443e+00	7.414394e+00	7.074869e+00	6.760436e+00	6.471948e+00
6.207542e+00	5.964890e+00	5.742100e+00	5.539263e+00	5.356068e+00	5.191886e+00
5.043266e+00	4.895316e+00	4.735075e+00	4.655004e+00	4.585825e+00	4.541079e+00
4.486382e+00	4.469059e+00	4.458968e+00	4.458088e+00	4.456578e+00	4.456438e+00
4.456778e+00	4.439805e+00	1.027893e+01	9.987486e+00	9.698561e+00	9.417084e+00
9.147402e+00	8.650946e+00	8.185332e+00	7.763409e+00	7.377134e+00	7.007971e+00
6.665980e+00	6.353977e+00	6.070129e+00	5.811344e+00	5.573813e+00	5.356278e+00
5.159249e+00	4.982192e+00	4.822345e+00	4.664953e+00	4.496120e+00	4.411633e+00
4.338976e+00	4.292467e+00	4.235933e+00	4.217871e+00	4.207429e+00	4.206593e+00
4.205052e+00	4.204884e+00	4.205055e+00	4.190837e+00	1.050762e+01	1.018731e+01
9.870858e+00	9.562407e+00	9.265394e+00	8.713090e+00	8.194605e+00	7.726705e+00
7.297594e+00	6.901602e+00	6.540187e+00	6.212256e+00	5.914703e+00	5.643374e+00
5.393664e+00	5.163362e+00	4.953368e+00	4.762129e+00	4.586943e+00	4.415960e+00
4.239757e+00	4.153928e+00	4.078309e+00	4.027440e+00	3.968303e+00	3.950846e+00
3.939826e+00	3.938813e+00	3.937388e+00	3.937251e+00	3.937152e+00	3.928797e+00
1.072203e+01	1.036618e+01	1.001588e+01	9.676161e+00	9.349868e+00	8.736924e+00
8.187799e+00	7.678429e+00	7.212521e+00	6.789080e+00	6.406277e+00	6.060825e+00
5.748477e+00	5.464133e+00	5.202010e+00	4.958850e+00	4.735771e+00	4.531002e+00
4.341888e+00	4.158703e+00	3.974560e+00	3.885954e+00	3.806259e+00	3.750812e+00
3.689489e+00	3.672895e+00	3.661222e+00	3.660032e+00	3.658746e+00	3.658568e+00
3.658305e+00	3.657834e+00	1.091571e+01	1.052187e+01	1.013582e+01	9.764261e+00
9.409516e+00	8.746199e+00	8.147123e+00	7.602120e+00	7.106903e+00	6.658658e+00
6.255661e+00	5.893478e+00	5.566774e+00	5.269689e+00	4.995235e+00	4.739174e+00
4.502590e+00	4.284194e+00	4.081289e+00	3.886164e+00	3.693835e+00	3.601801e+00
3.517023e+00	3.456113e+00	3.392883e+00	3.377579e+00	3.365155e+00	3.363752e+00
3.362644e+00	3.362374e+00	3.362049e+00	3.371254e+00	1.109877e+01	1.066047e+01
1.023304e+01	9.825684e+00	9.439059e+00	8.734867e+00	8.093450e+00	7.515574e+00
6.995997e+00	6.528581e+00	6.109297e+00	5.732613e+00	5.392339e+00	5.081979e+00
4.793700e+00	4.522690e+00	4.270297e+00	4.036845e+00	3.820359e+00	3.615071e+00
3.417675e+00	3.323907e+00	3.235087e+00	3.169271e+00	3.105344e+00	3.090201e+00
3.077433e+00	3.075968e+00	3.074877e+00	3.074580e+00	3.074365e+00	3.085497e+00
1.127384e+01	1.078807e+01	1.031764e+01	9.874840e+00	9.459073e+00	8.701354e+00
8.023473e+00	7.418883e+00	6.880052e+00	6.397755e+00	5.964959e+00	5.575443e+00
5.222437e+00	4.898960e+00	4.596609e+00	4.310280e+00	4.041686e+00	3.793273e+00
3.564139e+00	3.350242e+00	3.149687e+00	3.055176e+00	2.963252e+00	2.893352e+00
2.829441e+00	2.813925e+00	2.801075e+00	2.799625e+00	2.798469e+00	2.798182e+00
2.798158e+00	2.806833e+00	1.144206e+01	1.091028e+01	1.039844e+01	9.921974e+00
9.478655e+00	8.671393e+00	7.958779e+00	7.328163e+00	6.770212e+00	6.273042e+00
5.826767e+00	5.424515e+00	5.059274e+00	4.723830e+00	4.409595e+00	4.111316e+00
3.830519e+00	3.570196e+00	3.330106e+00	3.107134e+00	2.900788e+00	2.804406e+00
2.710599e+00	2.639132e+00	2.574278e+00	2.558404e+00	2.545556e+00	2.544094e+00
2.542873e+00	2.542636e+00	2.542651e+00	2.547413e+00	1.160093e+01	1.102536e+01
1.047430e+01	9.966412e+00	9.497450e+00	8.645223e+00	7.899836e+00	7.243688e+00
6.666506e+00	6.154236e+00	5.694285e+00	5.279160e+00	4.902016e+00	4.555700e+00
4.231862e+00	3.925191e+00	3.636272e+00	3.366881e+00	3.117103e+00	2.883966e+00
2.668473e+00	2.568809e+00	2.474410e+00	2.404121e+00	2.337125e+00	2.320866e+00
2.308099e+00	2.306592e+00	2.305295e+00	2.305159e+00	2.305044e+00	2.303925e+00
1.175638e+01	1.113947e+01	1.055179e+01	1.001525e+01	9.522659e+00	8.632683e+00
7.854919e+00	7.175230e+00	6.579779e+00	6.052843e+00	5.579728e+00	5.152250e+00
4.763707e+00	4.407030e+00	4.074080e+00	3.759487e+00	3.463171e+00	3.185943e+00
2.928129e+00	2.686782e+00	2.463066e+00	2.359683e+00	2.262935e+00	2.191772e+00
2.123009e+00	2.106501e+00	2.093722e+00	2.092194e+00	2.090852e+00	2.090750e+00
2.090598e+00	2.087162e+00	1.190887e+01	1.125344e+01	1.063208e+01	1.007013e+01
9.557143e+00	8.629512e+00	7.826115e+00	7.124540e+00	6.512181e+00	5.971357e+00
5.485728e+00	5.046510e+00	4.647074e+00	4.280464e+00	3.938712e+00	3.616445e+00
3.313165e+00	3.029032e+00	2.764423e+00	2.516420e+00	2.285114e+00	2.177557e+00
2.076871e+00	2.002981e+00	1.932607e+00	1.915901e+00	1.902981e+00	1.901432e+00
1.900068e+00	1.899955e+00	1.899812e+00	1.896898e+00	1.206053e+01	1.136949e+01
1.071749e+01	1.013317e+01	9.602695e+00	8.642285e+00	7.814634e+00	7.097389e+00
6.470504e+00	5.916596e+00	5.419051e+00	4.968661e+00	4.558752e+00	4.182487e+00
3.832125e+00	3.502297e+00	3.192239e+00	2.901757e+00	2.630928e+00	2.376939e+00
2.137947e+00	2.025672e+00	1.919914e+00	1.842059e+00	1.769671e+00	1.752625e+00
1.739356e+00	1.737759e+00	1.736374e+00	1.736241e+00	1.736080e+00	1.734964e+00
1.221605e+01	1.149215e+01	1.081236e+01	1.020858e+01	9.663494e+00	8.675920e+00
7.829282e+00	7.100359e+00	6.460933e+00	5.893706e+00	5.383318e+00	4.920474e+00
4.498578e+00	4.111354e+00	3.753987e+00	3.417493e+00	3.101230e+00	2.804928e+00
2.528195e+00	2.268215e+00	2.021238e+00	1.903964e+00	1.792832e+00	1.710706e+00
1.635594e+00	1.617943e+00	1.604110e+00	1.602463e+00	1.601038e+00	1.600874e+00
1.600708e+00	1.601181e+00	1.237283e+01	1.161882e+01	1.091390e+01	1.029318e+01
9.735784e+00	8.725227e+00	7.858928e+00	7.112319e+00	6.464161e+00	5.892435e+00
5.377387e+00	4.909887e+00	4.483492e+00	4.091143e+00	3.722370e+00	3.375892e+00
3.050614e+00	2.746019e+00	2.460940e+00	2.191589e+00	1.934974e+00	1.811937e+00
1.694858e+00	1.607960e+00	1.528659e+00	1.509938e+00	1.495209e+00	1.493472e+00
1.491969e+00	1.491784e+00	1.491609e+00	1.492602e+00	1.252808e+01	1.174837e+01
1.102251e+01	1.038882e+01	9.822777e+00	8.796224e+00	7.919567e+00	7.166425e+00
6.511059e+00	5.930711e+00	5.406416e+00	4.929157e+00	4.492680e+00	4.090469e+00
3.715229e+00	3.362027e+00	3.030000e+00	2.718730e+00	2.426564e+00	2.148559e+00
1.880002e+00	1.749932e+00	1.625636e+00	1.532804e+00	1.447468e+00	1.427132e+00
1.411090e+00	1.409208e+00	1.407587e+00	1.407387e+00	1.407197e+00	1.407797e+00
1.267593e+01	1.187631e+01	1.113478e+01	1.049231e+01	9.921036e+00	8.883812e+00
8.000588e+00	7.241455e+00	6.580419e+00	5.994068e+00	5.463168e+00	4.978619e+00
4.534003e+00	4.123049e+00	3.743389e+00	3.385348e+00	3.048177e+00	2.731609e+00
2.433866e+00	2.149529e+00	1.860255e+00	1.717480e+00	1.579021e+00	1.479631e+00
1.386165e+00	1.363518e+00	1.345503e+00	1.343402e+00	1.341646e+00	1.341416e+00
1.341220e+00	1.341262e+00	1.281661e+01	1.200144e+01	1.124831e+01	1.060054e+01
1.002708e+01	8.984661e+00	8.099623e+00	7.337335e+00	6.672714e+00	6.082463e+00
5.547638e+00	5.059200e+00	4.610733e+00	4.195534e+00	3.806922e+00	3.438818e+00
3.090705e+00	2.762605e+00	2.452300e+00	2.152316e+00	1.848379e+00	1.696405e+00
1.546846e+00	1.438519e+00	1.335606e+00	1.310409e+00	1.290223e+00	1.287868e+00
1.285940e+00	1.285676e+00	1.285474e+00	1.285089e+00	1.294033e+01	1.211683e+01
1.135814e+01	1.070960e+01	1.013728e+01	9.094411e+00	8.209708e+00	7.445102e+00
6.777059e+00	6.182991e+00	5.644555e+00	5.152582e+00	4.700318e+00	4.280515e+00
3.884826e+00	3.507834e+00	3.149345e+00	2.809804e+00	2.486410e+00	2.168227e+00
1.854317e+00	1.697682e+00	1.542533e+00	1.412464e+00	1.295734e+00	1.267295e+00
1.244257e+00	1.241523e+00	1.239329e+00	1.239047e+00	1.238798e+00	1.238635e+00
1.304699e+01	1.222138e+01	1.146306e+01	1.081894e+01	1.025226e+01	9.216767e+00
8.337207e+00	7.573098e+00	6.903303e+00	6.306921e+00	5.766881e+00	5.273826e+00
4.820407e+00	4.398566e+00	3.998896e+00	3.615399e+00	3.248314e+00	2.898812e+00
2.564076e+00	2.231933e+00	1.892953e+00	1.719822e+00	1.543228e+00	1.396684e+00
1.264802e+00	1.232779e+00	1.206723e+00	1.203563e+00	1.200980e+00	1.200667e+00
1.200378e+00	1.200835e+00	1.314631e+01	1.231584e+01	1.155780e+01	1.091960e+01
1.036124e+01	9.339310e+00	8.469291e+00	7.710517e+00	7.043150e+00	6.447230e+00
5.906357e+00	5.411487e+00	4.955495e+00	4.530499e+00	4.127166e+00	3.739168e+00
3.365848e+00	3.007086e+00	2.659069e+00	2.309074e+00	1.944806e+00	1.754816e+00
1.554378e+00	1.397663e+00	1.238885e+00	1.203162e+00	1.175120e+00	1.171550e+00
1.168011e+00	1.167505e+00	1.167366e+00	1.168794e+00	1.323657e+01	1.240220e+01
1.164585e+01	1.101536e+01	1.046765e+01	9.464459e+00	8.607698e+00	7.858031e+00
7.196316e+00	6.603169e+00	6.062536e+00	5.566000e+00	5.107196e+00	4.679081e+00
4.273217e+00	3.883210e+00	3.506579e+00	3.140149e+00	2.778096e+00	2.408273e+00
2.017098e+00	1.809237e+00	1.587628e+00	1.403539e+00	1.216496e+00	1.176881e+00
1.147375e+00	1.143453e+00	1.138736e+00	1.137965e+00	1.138072e+00	1.140563e+00
1.326964e+01	1.245907e+01	1.172125e+01	1.110848e+01	1.057755e+01	9.599352e+00
8.756422e+00	8.013599e+00	7.354122e+00	6.761078e+00	6.220467e+00	5.724243e+00
5.265867e+00	4.838062e+00	4.432096e+00	4.040996e+00	3.661090e+00	3.287147e+00
2.911520e+00	2.521213e+00	2.100375e+00	1.872606e+00	1.627134e+00	1.413704e+00
1.200561e+00	1.152281e+00	1.122293e+00	1.118699e+00	1.112400e+00	1.111135e+00
1.111864e+00	1.114908e+00	1.327562e+01	1.249201e+01	1.178367e+01	1.119947e+01
1.069381e+01	9.750293e+00	8.921545e+00	8.181068e+00	7.517645e+00	6.920005e+00
6.378673e+00	5.885531e+00	5.432622e+00	5.010849e+00	4.609031e+00	4.218414e+00
3.835229e+00	3.454211e+00	3.066550e+00	2.655796e+00	2.201976e+00	1.951915e+00
1.680425e+00	1.442233e+00	1.189533e+00	1.129225e+00	1.099973e+00	1.097412e+00
1.089145e+00	1.087148e+00	1.088886e+00	1.091988e+00	1.329382e+01	1.252602e+01
1.183365e+01	1.126955e+01	1.078479e+01	9.873060e+00	9.063803e+00	8.335233e+00
7.678557e+00	7.085095e+00	6.547715e+00	6.058778e+00	5.610082e+00	5.192034e+00
4.792621e+00	4.402382e+00	4.017181e+00	3.631106e+00	3.233667e+00	2.804433e+00
2.318155e+00	2.044605e+00	1.743294e+00	1.476329e+00	1.183828e+00	1.110725e+00
1.079963e+00	1.077963e+00	1.067934e+00	1.065339e+00	1.067903e+00	1.070694e+00
1.331888e+01	1.255418e+01	1.187067e+01	1.132262e+01	1.085629e+01	9.973766e+00
9.186987e+00	8.476603e+00	7.834553e+00	7.252454e+00	6.723342e+00	6.240076e+00
5.795068e+00	5.379352e+00	4.981457e+00	4.592081e+00	4.206489e+00	3.817639e+00
3.412954e+00	2.967709e+00	2.450352e+00	2.152613e+00	1.818062e+00	1.517968e+00
1.182086e+00	1.096135e+00	1.062132e+00	1.060283e+00	1.048498e+00	1.045394e+00
1.048802e+00	1.050818e+00	1.332607e+01	1.256748e+01	1.189499e+01	1.136518e+01
1.091903e+01	1.006640e+01	9.303146e+00	8.611499e+00	7.984418e+00	7.414165e+00
6.894369e+00	6.418417e+00	5.979176e+00	5.568087e+00	5.174044e+00	4.787742e+00
4.403863e+00	4.014296e+00	3.604266e+00	3.144449e+00	2.596391e+00	2.273999e+00
1.905340e+00	1.569671e+00	1.186223e+00	1.086817e+00	1.045580e+00	1.043684e+00
1.031280e+00	1.027827e+00	1.030989e+00	1.032245e+00	1.332379e+01	1.257347e+01
1.191509e+01	1.140473e+01	1.098014e+01	1.015847e+01	9.419955e+00	8.748043e+00
8.136699e+00	7.578885e+00	7.068919e+00	6.600772e+00	6.167908e+00	5.762334e+00
5.373585e+00	4.992467e+00	4.612968e+00	4.225537e+00	3.812513e+00	3.338261e+00
2.756194e+00	2.406620e+00	2.001783e+00	1.630375e+00	1.205203e+00	1.090280e+00
1.025018e+00	1.023426e+00	1.020123e+00	1.017172e+00	1.011314e+00	1.015897e+00
1.331647e+01	1.257307e+01	1.192434e+01	1.143446e+01	1.103133e+01	1.024024e+01
9.526744e+00	8.875216e+00	8.280541e+00	7.736351e+00	7.237587e+00	6.778769e+00
6.353907e+00	5.955563e+00	5.573866e+00	5.199766e+00	4.826620e+00	4.443538e+00
4.030001e+00	3.543998e+00	2.930065e+00	2.553536e+00	2.111386e+00	1.701178e+00
1.229489e+00	1.095324e+00	1.008820e+00	1.006593e+00	1.008697e+00	1.005952e+00
9.940444e-01	1.000499e+00	1.330037e+01	1.256417e+01	1.192769e+01	1.145546e+01
1.107166e+01	1.030855e+01	9.618746e+00	8.987241e+00	8.409642e+00	7.880136e+00
7.394121e+00	6.946558e+00	6.531833e+00	6.142926e+00	5.770303e+00	5.405012e+00
5.039951e+00	4.663297e+00	4.252284e+00	3.759738e+00	3.120962e+00	2.720101e+00
2.240298e+00	1.786343e+00	1.255567e+00	1.101664e+00	9.992859e-01	9.949547e-01
9.955849e-01	9.925070e-01	9.804347e-01	9.861122e-01	1.330882e+01	1.257370e+01
1.194346e+01	1.148322e+01	1.111236e+01	1.036884e+01	9.696809e+00	9.081970e+00
8.520125e+00	8.005669e+00	7.534091e+00	7.100420e+00	6.698997e+00	6.322622e+00
5.961328e+00	5.605841e+00	5.249160e+00	4.879566e+00	4.474270e+00	3.985267e+00
3.337837e+00	2.916905e+00	2.393061e+00	1.883695e+00	1.283934e+00	1.110885e+00
9.980392e-01	9.887381e-01	9.812656e-01	9.784426e-01	9.705825e-01	9.734962e-01
1.332165e+01	1.258816e+01	1.196258e+01	1.151030e+01	1.115039e+01	1.042430e+01
9.768465e+00	9.169360e+00	8.622882e+00	8.123592e+00	7.667023e+00	7.248216e+00
6.861391e+00	6.499015e+00	6.150469e+00	5.806003e+00	5.458869e+00	5.097780e+00
4.700675e+00	4.220398e+00	3.572718e+00	3.134874e+00	2.565234e+00	1.994459e+00
1.316815e+00	1.123566e+00	9.972615e-01	9.837840e-01	9.674250e-01	9.649684e-01
9.621042e-01	9.620414e-01	1.331905e+01	1.258771e+01	1.196515e+01	1.152652e+01
1.118011e+01	1.047521e+01	9.837738e+00	9.255565e+00	8.724888e+00	8.240587e+00
7.798431e+00	7.393649e+00	7.020601e+00	6.671807e+00	6.336525e+00	6.004844e+00
5.669990e+00	5.320486e+00	4.933642e+00	4.460227e+00	3.807508e+00	3.354484e+00
2.749602e+00	2.126535e+00	1.363546e+00	1.143057e+00	9.952836e-01	9.775602e-01
9.573084e-01	9.548138e-01	9.537648e-01	9.520977e-01	1.329554e+01	1.257291e+01
1.196175e+01	1.153594e+01	1.120286e+01	1.052069e+01	9.902793e+00	9.338219e+00
8.823463e+00	8.353815e+00	7.925426e+00	7.533854e+00	7.173829e+00	6.838238e+00
6.516684e+00	6.199405e+00	5.879445e+00	5.544659e+00	5.170505e+00	4.702907e+00
4.041783e+00	3.576126e+00	2.948288e+00	2.286462e+00	1.433354e+00	1.176929e+00
9.922603e-01	9.705559e-01	9.497894e-01	9.470792e-01	9.456866e-01	9.436204e-01
1.326455e+01	1.255091e+01	1.195127e+01	1.153605e+01	1.121828e+01	1.055990e+01
9.962021e+00	9.415111e+00	8.916053e+00	8.460652e+00	8.045476e+00	7.666520e+00
7.319018e+00	6.996401e+00	6.688938e+00	6.387243e+00	6.084183e+00	5.766869e+00
5.408626e+00	4.949516e+00	4.281247e+00	3.803297e+00	3.153354e+00	2.455106e+00
1.516638e+00	1.223095e+00	9.931654e-01	9.646366e-01	9.431539e-01	9.403742e-01
9.362404e-01	9.363271e-01	1.322716e+01	1.252273e+01	1.193351e+01	1.153537e+01
1.123042e+01	1.059520e+01	1.001711e+01	9.487668e+00	9.004066e+00	8.562645e+00
8.160395e+00	7.793793e+00	7.458647e+00	7.149035e+00	6.856088e+00	6.570960e+00
6.286409e+00	5.988821e+00	5.649236e+00	5.201119e+00	4.527418e+00	4.038200e+00
3.368257e+00	2.636556e+00	1.615484e+00	1.283468e+00	9.968964e-01	9.594659e-01
9.371422e-01	9.343436e-01	9.262988e-01	9.298000e-01	1.320877e+01	1.250934e+01
1.192744e+01	1.153566e+01	1.124289e+01	1.062544e+01	1.006309e+01	9.548335e+00
9.078608e+00	8.650569e+00	8.261395e+00	7.907855e+00	7.586053e+00	7.290447e+00
7.012574e+00	6.743964e+00	6.477648e+00	6.200073e+00	5.881419e+00	5.451131e+00
4.783995e+00	4.289322e+00	3.601719e+00	2.834199e+00	1.721765e+00	1.347759e+00
1.003039e+00	9.584716e-01	9.306069e-01	9.276815e-01	9.192545e-01	9.239419e-01
1.320289e+01	1.250516e+01	1.192697e+01	1.154191e+01	1.125556e+01	1.064968e+01
1.009885e+01	9.595848e+00	9.138233e+00	8.722780e+00	8.346613e+00	8.006616e+00
7.698916e+00	7.418030e+00	7.155313e+00	6.902430e+00	6.653223e+00	6.395381e+00
6.100124e+00	5.696002e+00	5.051239e+00	4.559258e+00	3.856853e+00	3.049831e+00
1.836073e+00	1.416616e+00	1.018201e+00	9.619599e-01	9.227961e-01	9.195633e-01
9.144535e-01	9.187680e-01	1.319362e+01	1.250183e+01	1.192976e+01	1.155412e+01
1.127558e+01	1.068203e+01	1.014126e+01	9.647087e+00	9.197653e+00	8.790578e+00
8.423926e+00	8.094961e+00	7.800095e+00	7.534124e+00	7.288680e+00	7.055125e+00
6.825846e+00	6.585490e+00	6.304801e+00	5.921447e+00	5.311236e+00	4.837971e+00
4.142695e+00	3.305369e+00	1.965499e+00	1.490425e+00	1.030129e+00	9.643256e-01
9.216524e-01	9.186590e-01	9.130285e-01	9.146052e-01	1.318014e+01	1.249757e+01
1.193405e+01	1.156587e+01	1.129493e+01	1.071339e+01	1.018180e+01	9.695294e+00
9.252610e+00	8.852269e+00	8.493357e+00	8.173618e+00	7.889974e+00	7.637814e+00
7.409665e+00	7.196915e+00	6.989870e+00	6.768358e+00	6.501276e+00	6.136948e+00
5.563124e+00	5.114635e+00	4.441083e+00	3.588903e+00	2.116516e+00	1.573485e+00
1.041478e+00	9.668827e-01	9.216632e-01	9.188099e-01	9.122562e-01	9.110080e-01
1.316868e+01	1.249026e+01	1.193136e+01	1.156823e+01	1.130203e+01	1.072948e+01
1.020681e+01	9.729611e+00	9.296375e+00	8.905447e+00	8.555626e+00	8.244985e+00
7.971048e+00	7.730049e+00	7.515681e+00	7.320366e+00	7.134946e+00	6.939361e+00
6.701468e+00	6.364703e+00	5.812410e+00	5.373990e+00	4.711779e+00	3.857867e+00
2.295831e+00	1.675978e+00	1.060830e+00	9.756442e-01	9.203064e-01	9.140766e-01
9.101118e-01	9.074473e-01	1.317208e+01	1.249741e+01	1.194187e+01	1.157971e+01
1.131515e+01	1.074711e+01	1.023059e+01	9.761043e+00	9.336642e+00	8.955411e+00
8.615770e+00	8.315663e+00	8.052441e+00	7.822085e+00	7.617701e+00	7.432562e+00
7.261268e+00	7.090904e+00	6.892647e+00	6.595045e+00	6.066922e+00	5.639138e+00
4.992490e+00	4.136034e+00	2.481845e+00	1.799559e+00	1.088424e+00	9.864989e-01
9.191802e-01	9.129546e-01	9.073873e-01	9.047874e-01	1.316986e+01	1.249855e+01
1.194634e+01	1.158919e+01	1.132778e+01	1.076617e+01	1.025630e+01	9.793926e+00
9.376950e+00	9.003316e+00	8.671363e+00	8.379272e+00	8.124758e+00	7.904317e+00
7.711646e+00	7.540605e+00	7.386530e+00	7.237846e+00	7.066614e+00	6.802404e+00
6.312884e+00	5.904461e+00	5.276292e+00	4.421273e+00	2.687489e+00	1.934388e+00
1.121235e+00	1.001661e+00	9.189957e-01	9.118357e-01	9.039013e-01	9.025485e-01
1.314597e+01	1.248710e+01	1.194519e+01	1.159451e+01	1.133840e+01	1.078660e+01
1.028438e+01	9.828417e+00	9.416742e+00	9.047842e+00	8.720437e+00	8.433349e+00
8.185176e+00	7.973690e+00	7.794614e+00	7.642577e+00	7.510044e+00	7.378430e+00
7.218267e+00	6.978611e+00	6.541775e+00	6.163148e+00	5.556102e+00	4.707991e+00
2.917332e+00	2.079737e+00	1.160231e+00	1.024269e+00	9.203257e-01	9.107091e-01
9.001648e-01	9.006836e-01	1.313352e+01	1.248395e+01	1.194803e+01	1.160274e+01
1.135041e+01	1.080532e+01	1.030826e+01	9.856613e+00	9.448896e+00	9.084249e+00
8.761836e+00	8.480718e+00	8.239706e+00	8.036831e+00	7.868197e+00	7.728771e+00
7.611344e+00	7.497631e+00	7.359443e+00	7.150737e+00	6.760486e+00	6.410041e+00
5.826696e+00	4.990158e+00	3.158026e+00	2.251242e+00	1.206308e+00	1.047293e+00
9.226597e-01	9.111528e-01	8.995546e-01	8.990817e-01	1.312348e+01	1.248206e+01
1.195417e+01	1.161229e+01	1.136227e+01	1.082209e+01	1.032913e+01	9.881129e+00
9.477034e+00	9.116508e+00	8.799092e+00	8.523988e+00	8.290029e+00	8.095175e+00
7.935389e+00	7.805982e+00	7.701222e+00	7.605445e+00	7.493122e+00	7.318120e+00
6.972310e+00	6.650078e+00	6.094157e+00	5.274699e+00	3.412194e+00	2.443999e+00
1.259082e+00	1.072662e+00	9.261162e-01	9.121459e-01	8.991600e-01	8.976448e-01
1.311525e+01	1.248252e+01	1.196134e+01	1.162152e+01	1.137153e+01	1.083350e+01
1.034358e+01	9.899404e+00	9.499828e+00	9.144328e+00	8.832277e+00	8.562888e+00
8.334981e+00	8.146452e+00	7.993040e+00	7.870632e+00	7.776124e+00	7.698921e+00
7.616739e+00	7.477683e+00	7.170958e+00	6.874502e+00	6.353935e+00	5.562075e+00
3.674698e+00	2.650865e+00	1.320147e+00	1.104260e+00	9.305036e-01	9.133168e-01
8.983032e-01	8.963870e-01	1.310797e+01	1.248481e+01	1.197002e+01	1.163051e+01
1.137878e+01	1.084147e+01	1.035378e+01	9.913096e+00	9.518065e+00	9.167728e+00
8.860954e+00	8.596803e+00	8.374025e+00	8.190445e+00	8.041548e+00	7.923950e+00
7.837665e+00	7.778320e+00	7.727834e+00	7.625410e+00	7.353068e+00	7.080258e+00
6.600855e+00	5.846150e+00	3.943498e+00	2.873603e+00	1.393159e+00	1.145009e+00
9.368365e-01	9.150497e-01	8.969837e-01	8.953207e-01	1.308693e+01	1.248007e+01
1.197433e+01	1.163822e+01	1.138543e+01	1.085023e+01	1.036494e+01	9.927036e+00
9.535125e+00	9.188162e+00	8.884992e+00	8.624738e+00	8.406269e+00	8.227539e+00
8.084175e+00	7.973194e+00	7.895919e+00	7.850458e+00	7.821187e+00	7.748173e+00
7.516540e+00	7.271949e+00	6.831009e+00	6.115155e+00	4.225224e+00	3.108494e+00
1.476597e+00	1.192887e+00	9.449418e-01	9.175089e-01	8.963825e-01	8.945096e-01
1.304795e+01	1.246512e+01	1.197735e+01	1.164515e+01	1.139143e+01	1.085888e+01
1.037599e+01	9.940429e+00	9.550914e+00	9.206495e+00	8.906167e+00	8.649159e+00
8.434513e+00	8.260383e+00	8.122722e+00	8.018891e+00	7.950724e+00	7.917058e+00
7.904262e+00	7.857185e+00	7.668264e+00	7.454004e+00	7.050974e+00	6.376532e+00
4.520007e+00	3.357711e+00	1.571256e+00	1.248529e+00	9.550431e-01	9.208303e-01
8.959736e-01	8.938253e-01	1.300697e+01	1.244906e+01	1.197802e+01	1.165020e+01
1.139450e+01	1.086426e+01	1.038348e+01	9.950075e+00	9.562814e+00	9.220785e+00
8.923121e+00	8.669124e+00	8.457956e+00	8.287935e+00	8.155225e+00	8.057537e+00
7.997270e+00	7.974262e+00	7.976986e+00	7.954291e+00	7.805278e+00	7.620364e+00
7.256390e+00	6.627579e+00	4.818862e+00	3.619325e+00	1.677157e+00	1.311420e+00
9.668591e-01	9.248490e-01	8.958942e-01	8.930862e-01	1.296257e+01	1.243078e+01
1.197741e+01	1.165350e+01	1.139563e+01	1.086688e+01	1.038769e+01	9.956090e+00
9.570867e+00	9.231062e+00	8.935885e+00	8.684650e+00	8.476564e+00	8.310036e+00
8.181262e+00	8.088326e+00	8.034410e+00	8.020992e+00	8.039081e+00	8.039533e+00
7.925559e+00	7.767356e+00	7.442416e+00	6.862958e+00	5.116514e+00	3.891067e+00
1.798257e+00	1.385014e+00	9.816950e-01	9.302167e-01	8.961281e-01	8.922433e-01
1.290878e+01	1.240663e+01	1.197503e+01	1.165711e+01	1.139839e+01	1.087273e+01
1.039549e+01	9.965226e+00	9.580986e+00	9.242054e+00	8.948026e+00	8.698460e+00
8.492804e+00	8.329898e+00	8.206715e+00	8.121458e+00	8.075839e+00	8.067813e+00
8.087392e+00	8.099768e+00	8.029192e+00	7.906312e+00	7.622494e+00	7.086733e+00
5.410352e+00	4.174759e+00	1.933942e+00	1.468294e+00	9.994187e-01	9.372593e-01
8.966788e-01	8.917098e-01	1.285881e+01	1.238549e+01	1.197296e+01	1.166229e+01
1.140401e+01	1.088213e+01	1.040635e+01	9.976751e+00	9.592704e+00	9.253923e+00
8.960414e+00	8.711985e+00	8.508312e+00	8.348699e+00	8.231022e+00	8.153568e+00
8.116054e+00	8.111676e+00	8.129349e+00	8.150268e+00	8.120853e+00	8.033452e+00
7.791373e+00	7.298593e+00	5.698113e+00	4.467775e+00	2.087311e+00	1.563220e+00
1.020952e+00	9.464973e-01	8.979752e-01	8.915179e-01	1.283074e+01	1.237710e+01
1.197829e+01	1.166994e+01	1.140967e+01	1.088837e+01	1.041340e+01	9.984976e+00
9.602274e+00	9.264980e+00	8.973037e+00	8.726291e+00	8.524491e+00	8.367034e+00
8.251856e+00	8.177510e+00	8.144286e+00	8.146424e+00	8.174403e+00	8.210754e+00
8.206791e+00	8.142261e+00	7.939602e+00	7.498387e+00	5.978862e+00	4.764514e+00
2.261334e+00	1.670990e+00	1.046839e+00	9.577758e-01	9.002409e-01	8.915591e-01
1.279876e+01	1.236246e+01	1.197557e+01	1.167025e+01	1.140848e+01	1.088845e+01
1.041446e+01	9.987085e+00	9.605557e+00	9.269548e+00	8.978995e+00	8.733782e+00
8.533718e+00	8.378243e+00	8.265433e+00	8.194066e+00	8.164752e+00	8.172396e+00
8.208473e+00	8.257872e+00	8.277487e+00	8.234071e+00	8.068516e+00	7.677861e+00
6.246707e+00	5.059370e+00	2.455137e+00	1.791304e+00	1.076731e+00	9.710363e-01
9.024423e-01	8.909186e-01	1.277256e+01	1.235148e+01	1.197485e+01	1.167150e+01
1.140865e+01	1.088937e+01	1.041657e+01	9.990255e+00	9.609794e+00	9.274896e+00
8.985552e+00	8.741685e+00	8.543143e+00	8.389399e+00	8.278655e+00	8.209917e+00
8.184065e+00	8.196546e+00	8.239763e+00	8.300818e+00	8.341560e+00	8.317204e+00
8.186370e+00	7.845170e+00	6.507346e+00	5.355881e+00	2.667229e+00	1.925018e+00
1.111257e+00	9.869307e-01	9.052439e-01	8.905420e-01	1.275305e+01	1.234498e+01
1.197729e+01	1.167629e+01	1.141227e+01	1.089393e+01	1.042178e+01	9.996098e+00
9.616255e+00	9.282059e+00	8.993588e+00	8.750773e+00	8.553454e+00	8.401121e+00
8.292085e+00	8.225565e+00	8.202662e+00	8.219207e+00	8.268482e+00	8.339600e+00
8.398632e+00	8.390904e+00	8.291515e+00	7.997346e+00	6.755750e+00	5.648533e+00
2.897494e+00	2.074908e+00	1.152623e+00	1.007138e+00	9.092337e-01	8.904715e-01
1.273257e+01	1.233647e+01	1.197691e+01	1.167764e+01	1.141259e+01	1.089511e+01
1.042382e+01	9.998826e+00	9.619592e+00	9.286058e+00	8.998366e+00	8.756479e+00
8.560231e+00	8.409154e+00	8.301642e+00	8.237033e+00	8.216648e+00	8.236608e+00
8.290952e+00	8.370689e+00	8.445522e+00	8.452244e+00	8.380973e+00	8.130980e+00
6.987865e+00	5.932076e+00	3.143254e+00	2.241323e+00	1.200900e+00	1.031657e+00
9.138818e-01	8.902610e-01	1.271313e+01	1.232808e+01	1.197634e+01	1.167866e+01
1.141279e+01	1.089599e+01	1.042543e+01	1.000104e+01	9.622342e+00	9.289387e+00
9.002380e+00	8.761312e+00	8.566015e+00	8.416064e+00	8.309927e+00	8.247033e+00
8.228905e+00	8.251903e+00	8.310760e+00	8.398249e+00	8.487396e+00	8.507278e+00
8.461960e+00	8.254138e+00	7.211346e+00	6.212577e+00	3.405653e+00	2.424513e+00
1.255709e+00	1.060208e+00	9.192231e-01	8.900339e-01	1.269792e+01	1.232284e+01
1.197700e+01	1.168096e+01	1.141400e+01	1.089804e+01	1.042816e+01	1.000427e+01
9.626063e+00	9.293591e+00	9.007160e+00	8.766772e+00	8.572292e+00	8.423309e+00
8.318371e+00	8.256986e+00	8.240834e+00	8.266468e+00	8.329263e+00	8.423512e+00
8.525287e+00	8.556849e+00	8.534433e+00	8.365446e+00	7.423001e+00	6.484735e+00
3.681348e+00	2.625914e+00	1.318411e+00	1.093735e+00	9.255611e-01	8.900302e-01
1.268593e+01	1.231940e+01	1.197977e+01	1.168485e+01	1.141716e+01	1.090147e+01
1.043188e+01	1.000824e+01	9.630404e+00	9.298266e+00	9.012255e+00	8.772372e+00
8.578542e+00	8.430347e+00	8.326409e+00	8.266301e+00	8.251816e+00	8.279665e+00
8.345789e+00	8.445762e+00	8.558386e+00	8.600048e+00	8.597320e+00	8.463228e+00
7.618789e+00	6.743193e+00	3.967950e+00	2.847436e+00	1.392292e+00	1.134942e+00
9.334807e-01	8.901375e-01	1.267418e+01	1.231511e+01	1.198047e+01	1.168662e+01
1.141816e+01	1.090274e+01	1.043341e+01	1.001019e+01	9.632708e+00	9.300953e+00
9.015324e+00	8.775885e+00	8.582600e+00	8.435110e+00	8.332036e+00	8.273015e+00
8.259942e+00	8.289786e+00	8.358921e+00	8.463513e+00	8.584565e+00	8.634702e+00
8.650480e+00	8.552261e+00	7.794543e+00	6.977498e+00	4.264029e+00	3.085849e+00
1.476139e+00	1.182183e+00	9.429359e-01	8.900671e-01	1.266304e+01	1.231063e+01
1.198082e+01	1.168780e+01	1.141870e+01	1.090349e+01	1.043439e+01	1.001152e+01
9.634348e+00	9.302940e+00	9.017648e+00	8.778596e+00	8.585782e+00	8.438918e+00
8.336603e+00	8.278539e+00	8.266708e+00	8.298345e+00	8.370183e+00	8.478807e+00
8.607198e+00	8.664895e+00	8.697524e+00	8.633118e+00	7.958557e+00	7.200368e+00
4.569946e+00	3.340670e+00	1.570890e+00	1.236676e+00	9.538905e-01	8.898844e-01
1.265416e+01	1.230791e+01	1.198150e+01	1.168944e+01	1.141968e+01	1.090473e+01
1.043581e+01	1.001322e+01	9.636317e+00	9.305193e+00	9.020290e+00	8.781705e+00
8.589340e+00	8.442932e+00	8.341279e+00	8.284135e+00	8.273351e+00	8.305990e+00
8.378844e+00	8.491726e+00	8.631729e+00	8.698153e+00	8.734148e+00	8.673916e+00
8.120274e+00	7.460527e+00	4.855721e+00	3.581130e+00	1.679038e+00	1.305929e+00
9.657569e-01	8.899095e-01	1.264685e+01	1.230636e+01	1.198334e+01	1.169199e+01
1.142180e+01	1.090711e+01	1.043823e+01	1.001567e+01	9.638952e+00	9.307914e+00
9.023456e+00	8.785466e+00	8.593499e+00	8.447294e+00	8.346346e+00	8.290291e+00
8.280395e+00	8.313093e+00	8.384643e+00	8.501581e+00	8.659926e+00	8.738207e+00
8.760445e+00	8.688179e+00	8.281334e+00	7.793790e+00	5.105369e+00	3.790903e+00
1.806603e+00	1.404322e+00	9.788414e-01	8.906369e-01	1.265099e+01	1.231066e+01
1.198852e+01	1.169573e+01	1.142316e+01	1.090663e+01	1.043751e+01	1.001520e+01
9.639219e+00	9.309690e+00	9.026288e+00	8.788965e+00	8.597415e+00	8.451082e+00
8.348347e+00	8.289673e+00	8.278526e+00	8.315151e+00	8.399234e+00	8.524143e+00
8.674819e+00	8.747172e+00	8.789508e+00	8.744118e+00	8.397372e+00	7.906833e+00
5.418598e+00	4.089799e+00	1.948030e+00	1.482625e+00	9.967729e-01	8.905703e-01
1.265891e+01	1.231772e+01	1.199345e+01	1.169819e+01	1.142357e+01	1.090455e+01
1.043513e+01	1.001349e+01	9.638840e+00	9.310371e+00	9.027809e+00	8.791016e+00
8.599860e+00	8.453522e+00	8.349337e+00	8.287265e+00	8.273930e+00	8.316205e+00
8.416199e+00	8.549089e+00	8.684157e+00	8.750471e+00	8.817728e+00	8.832677e+00
8.488757e+00	7.968258e+00	5.763646e+00	4.449559e+00	2.107332e+00	1.556951e+00
1.019915e+00	8.901512e-01	1.264973e+01	1.231285e+01	1.199162e+01	1.169711e+01
1.142231e+01	1.090394e+01	1.043464e+01	1.001325e+01	9.638708e+00	9.310378e+00
9.027947e+00	8.791309e+00	8.600338e+00	8.454239e+00	8.350622e+00	8.289361e+00
8.276809e+00	8.319734e+00	8.419484e+00	8.553784e+00	8.693522e+00	8.765770e+00
8.838813e+00	8.866180e+00	8.581878e+00	8.129505e+00	6.043903e+00	4.738287e+00
2.290097e+00	1.672251e+00	1.044861e+00	8.900727e-01	1.262650e+01	1.229835e+01
1.198414e+01	1.169365e+01	1.142097e+01	1.090506e+01	1.043630e+01	1.001452e+01
9.639277e+00	9.310204e+00	9.027024e+00	8.789920e+00	8.598889e+00	8.453582e+00
8.352312e+00	8.295435e+00	8.286579e+00	8.326286e+00	8.413847e+00	8.541740e+00
8.696401e+00	8.779715e+00	8.861631e+00	8.896401e+00	8.658719e+00	8.264857e+00
6.318021e+00	5.033288e+00	2.487947e+00	1.809753e+00	1.074394e+00	8.899802e-01
1.261254e+01	1.229028e+01	1.198064e+01	1.169236e+01	1.142059e+01	1.090624e+01
1.043784e+01	1.001591e+01	9.640094e+00	9.310223e+00	9.026694e+00	8.789383e+00
8.598347e+00	8.453433e+00	8.353968e+00	8.299627e+00	8.292728e+00	8.330977e+00
8.411701e+00	8.536865e+00	8.700290e+00	8.791421e+00	8.879849e+00	8.922662e+00
8.729721e+00	8.385997e+00	6.582027e+00	5.331199e+00	2.701652e+00	1.960915e+00
1.108909e+00	8.898636e-01	1.260822e+01	1.228835e+01	1.198029e+01	1.169262e+01
1.142085e+01	1.090701e+01	1.043866e+01	1.001690e+01	9.641035e+00	9.311151e+00
9.027502e+00	8.790198e+00	8.599369e+00	8.454835e+00	8.355465e+00	8.301291e+00
8.294642e+00	8.333288e+00	8.415329e+00	8.541825e+00	8.707747e+00	8.800507e+00
8.892787e+00	8.945081e+00	8.796227e+00	8.491930e+00	6.832272e+00	5.629374e+00
2.931719e+00	2.123058e+00	1.150264e+00	8.897036e-01	