9.447595e-02	9.529292e-02	9.633595e-02	9.776277e-02	9.954480e-02	1.039691e-01
1.093679e-01	1.154128e-01	1.220163e-01	1.290648e-01	1.364493e-01	1.445238e-01
1.541815e-01	1.665595e-01	1.828321e-01	2.038205e-01	2.278841e-01	2.481616e-01
2.566893e-01	2.567378e-01	2.653329e-01	2.800910e-01	2.901516e-01	2.888302e-01
2.846650e-01	2.852430e-01	2.838867e-01	2.832399e-01	2.831586e-01	2.833012e-01
2.828967e-01	2.832270e-01	1.083051e-01	1.093275e-01	1.105933e-01	1.122736e-01
1.143383e-01	1.194003e-01	1.255196e-01	1.323422e-01	1.397749e-01	1.476987e-01
1.560021e-01	1.650673e-01	1.758505e-01	1.895614e-01	2.074342e-01	2.303013e-01
2.563629e-01	2.783264e-01	2.877934e-01	2.881711e-01	2.973308e-01	3.128162e-01
3.233825e-01	3.220699e-01	3.176889e-01	3.182662e-01	3.168593e-01	3.161885e-01
3.161011e-01	3.162484e-01	3.158286e-01	3.161715e-01	1.241585e-01	1.254292e-01
1.269608e-01	1.289384e-01	1.313303e-01	1.371218e-01	1.440567e-01	1.517549e-01
1.601181e-01	1.690229e-01	1.783568e-01	1.885311e-01	2.005649e-01	2.157400e-01
2.353468e-01	2.602226e-01	2.884008e-01	3.121580e-01	3.226665e-01	3.234529e-01
3.331875e-01	3.493648e-01	3.604192e-01	3.591349e-01	3.545439e-01	3.551126e-01
3.536617e-01	3.529699e-01	3.528761e-01	3.530273e-01	3.525940e-01	3.529480e-01
1.423325e-01	1.439022e-01	1.457506e-01	1.480766e-01	1.508475e-01	1.574735e-01
1.653313e-01	1.740151e-01	1.834221e-01	1.934259e-01	2.039149e-01	2.153301e-01
2.287527e-01	2.455338e-01	2.670154e-01	2.940313e-01	3.244425e-01	3.501019e-01
3.617653e-01	3.630543e-01	3.733684e-01	3.901837e-01	4.016978e-01	4.004655e-01
3.956745e-01	3.962248e-01	3.947385e-01	3.940299e-01	3.939295e-01	3.940835e-01
3.936394e-01	3.940023e-01	1.631667e-01	1.650959e-01	1.673212e-01	1.700555e-01
1.732652e-01	1.808458e-01	1.897479e-01	1.995406e-01	2.101178e-01	2.213520e-01
2.331355e-01	2.459385e-01	2.609021e-01	2.794421e-01	3.029453e-01	3.322325e-01
3.649884e-01	3.926580e-01	4.056019e-01	4.075043e-01	4.183949e-01	4.357717e-01
4.477040e-01	4.465526e-01	4.415766e-01	4.420966e-01	4.405864e-01	4.398664e-01
4.397590e-01	4.399144e-01	4.394627e-01	4.398320e-01	1.870506e-01	1.894111e-01
1.920841e-01	1.952968e-01	1.990144e-01	2.076870e-01	2.177703e-01	2.288102e-01
2.406989e-01	2.533100e-01	2.665432e-01	2.808978e-01	2.975698e-01	3.180332e-01
3.437100e-01	3.753968e-01	4.106014e-01	4.403869e-01	4.547503e-01	4.573964e-01
4.688513e-01	4.866861e-01	4.989792e-01	4.979436e-01	4.928038e-01	4.932791e-01
4.917593e-01	4.910348e-01	4.909203e-01	4.910753e-01	4.906204e-01	4.909926e-01
2.144305e-01	2.173073e-01	2.205119e-01	2.242845e-01	2.285902e-01	2.385121e-01
2.499312e-01	2.623734e-01	2.757308e-01	2.898820e-01	3.047382e-01	3.208265e-01
3.393909e-01	3.619537e-01	3.899600e-01	4.241692e-01	4.619146e-01	4.939174e-01
5.098543e-01	5.133970e-01	5.253926e-01	5.435493e-01	5.561270e-01	5.552489e-01
5.499739e-01	5.503871e-01	5.488758e-01	5.481556e-01	5.480337e-01	5.481861e-01
5.477333e-01	5.481040e-01	2.458183e-01	2.493120e-01	2.531470e-01	2.575750e-01
2.625613e-01	2.739122e-01	2.868416e-01	3.008597e-01	3.158614e-01	3.317342e-01
3.484064e-01	3.664309e-01	3.870897e-01	4.119397e-01	4.424335e-01	4.792782e-01
5.196404e-01	5.539548e-01	5.716354e-01	5.762539e-01	5.887525e-01	6.070562e-01
6.198199e-01	6.191491e-01	6.137763e-01	6.141066e-01	6.126263e-01	6.119211e-01
6.117916e-01	6.119387e-01	6.114947e-01	6.118585e-01	2.818005e-01	2.860304e-01
2.906119e-01	2.958067e-01	3.015810e-01	3.145664e-01	3.292031e-01	3.449914e-01
3.618327e-01	3.796288e-01	3.983322e-01	4.185178e-01	4.414921e-01	4.688288e-01
5.019679e-01	5.415470e-01	5.845804e-01	6.212899e-01	6.409028e-01	6.468066e-01
6.597534e-01	6.779830e-01	6.908074e-01	6.904031e-01	6.849804e-01	6.852031e-01
6.837812e-01	6.831043e-01	6.829671e-01	6.831056e-01	6.826785e-01	6.830289e-01
3.230496e-01	3.281566e-01	3.336214e-01	3.397131e-01	3.463994e-01	3.612546e-01
3.778206e-01	3.955966e-01	4.144947e-01	4.344383e-01	4.554123e-01	4.780086e-01
5.035404e-01	5.335742e-01	5.695133e-01	6.119060e-01	6.576359e-01	6.968098e-01
7.185636e-01	7.259973e-01	7.393165e-01	7.571968e-01	7.699251e-01	7.698573e-01
7.644448e-01	7.645305e-01	7.632005e-01	7.625680e-01	7.624230e-01	7.625490e-01
7.621488e-01	7.624777e-01	3.703368e-01	3.764871e-01	3.829963e-01	3.901365e-01
3.978783e-01	4.148722e-01	4.336181e-01	4.536249e-01	4.748213e-01	4.971610e-01
5.206718e-01	5.459559e-01	5.743090e-01	6.072611e-01	6.461477e-01	6.914062e-01
7.398213e-01	7.815095e-01	8.056349e-01	8.148836e-01	8.284747e-01	8.456657e-01
8.581042e-01	8.584554e-01	8.531279e-01	8.530419e-01	8.518442e-01	8.512755e-01
8.511229e-01	8.512315e-01	8.508703e-01	8.511678e-01	4.245456e-01	4.319356e-01
4.396785e-01	4.480442e-01	4.570076e-01	4.764479e-01	4.976559e-01	5.201650e-01
5.439280e-01	5.689393e-01	5.952828e-01	6.235616e-01	6.550236e-01	6.911242e-01
7.330941e-01	7.812352e-01	8.322774e-01	8.765046e-01	9.032569e-01	9.146526e-01
9.283849e-01	9.444711e-01	9.563823e-01	9.572498e-01	9.520991e-01	9.518005e-01
9.507836e-01	9.503021e-01	9.501420e-01	9.502276e-01	9.499197e-01	9.501742e-01
4.866894e-01	4.955505e-01	5.047494e-01	5.145471e-01	5.249242e-01	5.471626e-01
5.711509e-01	5.964656e-01	6.230927e-01	6.510808e-01	6.805854e-01	7.121988e-01
7.470821e-01	7.865687e-01	8.317401e-01	8.827349e-01	9.362878e-01	9.830468e-01
1.012708e+00	1.026637e+00	1.040344e+00	1.054821e+00	1.065916e+00	1.067414e+00
1.062552e+00	1.061992e+00	1.061215e+00	1.060848e+00	1.060681e+00	1.060737e+00
1.060499e+00	1.060697e+00	5.579297e-01	5.685346e-01	5.794506e-01	5.909210e-01
6.029340e-01	6.283728e-01	6.554999e-01	6.839584e-01	7.137792e-01	7.450815e-01
7.781116e-01	8.134354e-01	8.520786e-01	8.951942e-01	9.436600e-01	9.974218e-01
1.053297e+00	1.102540e+00	1.135422e+00	1.152331e+00	1.165804e+00	1.178063e+00
1.187995e+00	1.190256e+00	1.185818e+00	1.184942e+00	1.184472e+00	1.184254e+00
1.184080e+00	1.184098e+00	1.183952e+00	1.184075e+00	6.395979e-01	6.522676e-01
6.652074e-01	6.786311e-01	6.925369e-01	7.216363e-01	7.523057e-01	7.842851e-01
8.176645e-01	8.526538e-01	8.896131e-01	9.290624e-01	9.718316e-01	1.018821e+00
1.070640e+00	1.127009e+00	1.184928e+00	1.236557e+00	1.273006e+00	1.293415e+00
1.306395e+00	1.315705e+00	1.324055e+00	1.327235e+00	1.323385e+00	1.322125e+00
1.322045e+00	1.322015e+00	1.321835e+00	1.321805e+00	1.321775e+00	1.321805e+00
7.330632e-01	7.482709e-01	7.636789e-01	7.794484e-01	7.955909e-01	8.289268e-01
8.636019e-01	8.995212e-01	9.368749e-01	9.760221e-01	1.017507e+00	1.061770e+00
1.109318e+00	1.160625e+00	1.215832e+00	1.274317e+00	1.333536e+00	1.387348e+00
1.428381e+00	1.453695e+00	1.465552e+00	1.470224e+00	1.476062e+00	1.480562e+00
1.477637e+00	1.475740e+00	1.476227e+00	1.476493e+00	1.476305e+00	1.476193e+00
1.476356e+00	1.476236e+00	8.403183e-01	8.584561e-01	8.767080e-01	8.951689e-01
9.138668e-01	9.520140e-01	9.912008e-01	1.031528e+00	1.073294e+00	1.117019e+00
1.163441e+00	1.212896e+00	1.265502e+00	1.321247e+00	1.379780e+00	1.440149e+00
1.500349e+00	1.556132e+00	1.601803e+00	1.632259e+00	1.642779e+00	1.642241e+00
1.645225e+00	1.651127e+00	1.649277e+00	1.646755e+00	1.647877e+00	1.648458e+00
1.648264e+00	1.648072e+00	1.648433e+00	1.648155e+00	9.644731e-01	9.854483e-01
1.006495e+00	1.027678e+00	1.049043e+00	1.092412e+00	1.136689e+00	1.182027e+00
1.228706e+00	1.277212e+00	1.328237e+00	1.382029e+00	1.438558e+00	1.497755e+00
1.559462e+00	1.622870e+00	1.685777e+00	1.743569e+00	1.790383e+00	1.821829e+00
1.832380e+00	1.830321e+00	1.832349e+00	1.838521e+00	1.837043e+00	1.834903e+00
1.836352e+00	1.836939e+00	1.836757e+00	1.836609e+00	1.836904e+00	1.836639e+00
1.107966e+00	1.131548e+00	1.155222e+00	1.179074e+00	1.203158e+00	1.252096e+00
1.302015e+00	1.352928e+00	1.404931e+00	1.458242e+00	1.513225e+00	1.570104e+00
1.629031e+00	1.690404e+00	1.754998e+00	1.822653e+00	1.890133e+00	1.949838e+00
1.993698e+00	2.021537e+00	2.033743e+00	2.034548e+00	2.037986e+00	2.043109e+00
2.041319e+00	2.040715e+00	2.042035e+00	2.042257e+00	2.042111e+00	2.042148e+00
2.042082e+00	2.042026e+00	1.270155e+00	1.296966e+00	1.323821e+00	1.350770e+00
1.377876e+00	1.432670e+00	1.488110e+00	1.544146e+00	1.600816e+00	1.658313e+00
1.716992e+00	1.777048e+00	1.838634e+00	1.902198e+00	1.968705e+00	2.038096e+00
2.106848e+00	2.166824e+00	2.209805e+00	2.237071e+00	2.250821e+00	2.253033e+00
2.257164e+00	2.262247e+00	2.262191e+00	2.262353e+00	2.262985e+00	2.263003e+00
2.262963e+00	2.263030e+00	2.262920e+00	2.262893e+00	1.454017e+00	1.484607e+00
1.515131e+00	1.545565e+00	1.575978e+00	1.636929e+00	1.697836e+00	1.758632e+00
1.819395e+00	1.880472e+00	1.942446e+00	2.005484e+00	2.069622e+00	2.135079e+00
2.202502e+00	2.271599e+00	2.339113e+00	2.397953e+00	2.441020e+00	2.469440e+00
2.484908e+00	2.488002e+00	2.492600e+00	2.498251e+00	2.501495e+00	2.502012e+00
2.501442e+00	2.501319e+00	2.501443e+00	2.501445e+00	2.501486e+00	2.501385e+00
1.659832e+00	1.694486e+00	1.728929e+00	1.763019e+00	1.796841e+00	1.863976e+00
1.930121e+00	1.995204e+00	2.059389e+00	2.123258e+00	2.187729e+00	2.252949e+00
2.318806e+00	2.385199e+00	2.452303e+00	2.519531e+00	2.584147e+00	2.640749e+00
2.683905e+00	2.714070e+00	2.731760e+00	2.735921e+00	2.741125e+00	2.747432e+00
2.754306e+00	2.755484e+00	2.753674e+00	2.753274e+00	2.753523e+00	2.753557e+00
2.753573e+00	2.753519e+00	1.888165e+00	1.927090e+00	1.965610e+00	2.003410e+00
2.040609e+00	2.113636e+00	2.184409e+00	2.252876e+00	2.319368e+00	2.384813e+00
2.450615e+00	2.516916e+00	2.583408e+00	2.649534e+00	2.714772e+00	2.778162e+00
2.837836e+00	2.890951e+00	2.934438e+00	2.967333e+00	2.987976e+00	2.993403e+00
2.999324e+00	3.006282e+00	3.017013e+00	3.019369e+00	3.016365e+00	3.015469e+00
3.015769e+00	3.016000e+00	3.015681e+00	3.015882e+00	2.139541e+00	2.182624e+00
2.225080e+00	2.266421e+00	2.306795e+00	2.385211e+00	2.459977e+00	2.531036e+00
2.598838e+00	2.664598e+00	2.730145e+00	2.795618e+00	2.860670e+00	2.924547e+00
2.986546e+00	3.045699e+00	3.100727e+00	3.150222e+00	3.192540e+00	3.226260e+00
3.249175e+00	3.256427e+00	3.264572e+00	3.273818e+00	3.287692e+00	3.290320e+00
3.286310e+00	3.285166e+00	3.285561e+00	3.285899e+00	3.285477e+00	3.285769e+00
2.413225e+00	2.460236e+00	2.506367e+00	2.550945e+00	2.594143e+00	2.677127e+00
2.754894e+00	2.827374e+00	2.895107e+00	2.959571e+00	3.022983e+00	3.085535e+00
3.146963e+00	3.206568e+00	3.263887e+00	3.318242e+00	3.368655e+00	3.414200e+00
3.453879e+00	3.486873e+00	3.511922e+00	3.521647e+00	3.532985e+00	3.545221e+00
3.561525e+00	3.563986e+00	3.559267e+00	3.558053e+00	3.558564e+00	3.558936e+00
3.558567e+00	3.558835e+00	2.706897e+00	2.757632e+00	2.807187e+00	2.854645e+00
2.900200e+00	2.986610e+00	3.065913e+00	3.138054e+00	3.203751e+00	3.264875e+00
3.324155e+00	3.381954e+00	3.438022e+00	3.491775e+00	3.542925e+00	3.591084e+00
3.635568e+00	3.676105e+00	3.712511e+00	3.744934e+00	3.773249e+00	3.785937e+00
3.799758e+00	3.813272e+00	3.831718e+00	3.834876e+00	3.829900e+00	3.828537e+00
3.829121e+00	3.829544e+00	3.829100e+00	3.829425e+00	3.020378e+00	3.073839e+00
3.125913e+00	3.175519e+00	3.222846e+00	3.311689e+00	3.391459e+00	3.461640e+00
3.523152e+00	3.578481e+00	3.631172e+00	3.681874e+00	3.730533e+00	3.776788e+00
3.820522e+00	3.861616e+00	3.899719e+00	3.935039e+00	3.967991e+00	3.999436e+00
4.030289e+00	4.045625e+00	4.061779e+00	4.076434e+00	4.095971e+00	4.099695e+00
4.095249e+00	4.093905e+00	4.094508e+00	4.094950e+00	4.094467e+00	4.094851e+00
3.349060e+00	3.407520e+00	3.463645e+00	3.515650e+00	3.563910e+00	3.651430e+00
3.726814e+00	3.791479e+00	3.846775e+00	3.895281e+00	3.940581e+00	3.983250e+00
4.023132e+00	4.060037e+00	4.094416e+00	4.126832e+00	4.157386e+00	4.186867e+00
4.216360e+00	4.247165e+00	4.280209e+00	4.297250e+00	4.314750e+00	4.329976e+00
4.350061e+00	4.353977e+00	4.350750e+00	4.349787e+00	4.350361e+00	4.350695e+00
4.350388e+00	4.350678e+00	3.684819e+00	3.751287e+00	3.813496e+00	3.868195e+00
3.916204e+00	3.997352e+00	4.062121e+00	4.116999e+00	4.163908e+00	4.204767e+00
4.242187e+00	4.276196e+00	4.306125e+00	4.331885e+00	4.355054e+00	4.377404e+00
4.399543e+00	4.422833e+00	4.448962e+00	4.479291e+00	4.513631e+00	4.531070e+00
4.548650e+00	4.563700e+00	4.583359e+00	4.587049e+00	4.585879e+00	4.585669e+00
4.586159e+00	4.586259e+00	4.586329e+00	4.586369e+00	4.031227e+00	4.102186e+00
4.167539e+00	4.222997e+00	4.269680e+00	4.343947e+00	4.398229e+00	4.441978e+00
4.477710e+00	4.507446e+00	4.533790e+00	4.556420e+00	4.574099e+00	4.586910e+00
4.598091e+00	4.610924e+00	4.626113e+00	4.644410e+00	4.666765e+00	4.694081e+00
4.726384e+00	4.743751e+00	4.761716e+00	4.776503e+00	4.792321e+00	4.796212e+00
4.798476e+00	4.798719e+00	4.799049e+00	4.799119e+00	4.799116e+00	4.799204e+00
4.392881e+00	4.465637e+00	4.531832e+00	4.586435e+00	4.630773e+00	4.697235e+00
4.740516e+00	4.771611e+00	4.793667e+00	4.809332e+00	4.821865e+00	4.830856e+00
4.834689e+00	4.833680e+00	4.832545e+00	4.835821e+00	4.844144e+00	4.857338e+00
4.875257e+00	4.898216e+00	4.926816e+00	4.943525e+00	4.961403e+00	4.975383e+00
4.985946e+00	4.989980e+00	4.996250e+00	4.996972e+00	4.997105e+00	4.997157e+00
4.997029e+00	4.997195e+00	4.766084e+00	4.834343e+00	4.896192e+00	4.946839e+00
4.987567e+00	5.047060e+00	5.081574e+00	5.099700e+00	5.105146e+00	5.102277e+00
5.096546e+00	5.088548e+00	5.077532e+00	5.064221e+00	5.052634e+00	5.046619e+00
5.046846e+00	5.053045e+00	5.064924e+00	5.082495e+00	5.106347e+00	5.121079e+00
5.136692e+00	5.147900e+00	5.153163e+00	5.156537e+00	5.166743e+00	5.168484e+00
5.168415e+00	5.168157e+00	5.168437e+00	5.168327e+00	5.143346e+00	5.200955e+00
5.253541e+00	5.297289e+00	5.333102e+00	5.385938e+00	5.413244e+00	5.417838e+00
5.404012e+00	5.378918e+00	5.351522e+00	5.324217e+00	5.297877e+00	5.273601e+00
5.253159e+00	5.238313e+00	5.229794e+00	5.227734e+00	5.232258e+00	5.243322e+00
5.261217e+00	5.272886e+00	5.284726e+00	5.291907e+00	5.291624e+00	5.293856e+00
5.307824e+00	5.310803e+00	5.310509e+00	5.309843e+00	5.310727e+00	5.310201e+00
5.512880e+00	5.564247e+00	5.610507e+00	5.647791e+00	5.677024e+00	5.716166e+00
5.727778e+00	5.713630e+00	5.678952e+00	5.632553e+00	5.585169e+00	5.540051e+00
5.498498e+00	5.461677e+00	5.430858e+00	5.407062e+00	5.390587e+00	5.380429e+00
5.375698e+00	5.376852e+00	5.385052e+00	5.392224e+00	5.400015e+00	5.403284e+00
5.394141e+00	5.395318e+00	5.413728e+00	5.417250e+00	5.416437e+00	5.416095e+00
5.416352e+00	5.416154e+00	5.883031e+00	5.929928e+00	5.970870e+00	6.001348e+00
6.022543e+00	6.043252e+00	6.033973e+00	5.997767e+00	5.940825e+00	5.873011e+00
5.806012e+00	5.743505e+00	5.686670e+00	5.636591e+00	5.594756e+00	5.561933e+00
5.537739e+00	5.519411e+00	5.504546e+00	5.494455e+00	5.491696e+00	5.493936e+00
5.497610e+00	5.497070e+00	5.478556e+00	5.478743e+00	5.501453e+00	5.505283e+00
5.503900e+00	5.504066e+00	5.503396e+00	5.503709e+00	6.259142e+00	6.299136e+00
6.332415e+00	6.353918e+00	6.365090e+00	6.363889e+00	6.330832e+00	6.270136e+00
6.188970e+00	6.098309e+00	6.010809e+00	5.930449e+00	5.858236e+00	5.794878e+00
5.741567e+00	5.698463e+00	5.664619e+00	5.636094e+00	5.609541e+00	5.586891e+00
5.571574e+00	5.567633e+00	5.565073e+00	5.559143e+00	5.533501e+00	5.532357e+00
5.555356e+00	5.559125e+00	5.557484e+00	5.557816e+00	5.556839e+00	5.557305e+00
6.634977e+00	6.665075e+00	6.687912e+00	6.698025e+00	6.697112e+00	6.670711e+00
6.611456e+00	6.524375e+00	6.417590e+00	6.303229e+00	6.194931e+00	6.096828e+00
6.009717e+00	5.933621e+00	5.868913e+00	5.814828e+00	5.770111e+00	5.730342e+00
5.691843e+00	5.656953e+00	5.629618e+00	5.619737e+00	5.611079e+00	5.600283e+00
5.569316e+00	5.567042e+00	5.588403e+00	5.591958e+00	5.590245e+00	5.590543e+00
5.589619e+00	5.590030e+00	7.009382e+00	7.029810e+00	7.042601e+00	7.041649e+00
7.028807e+00	6.976880e+00	6.889557e+00	6.772611e+00	6.635941e+00	6.494032e+00
6.362443e+00	6.245173e+00	6.142445e+00	6.053409e+00	5.977293e+00	5.912351e+00
5.857140e+00	5.806734e+00	5.755113e+00	5.704801e+00	5.662178e+00	5.644263e+00
5.626153e+00	5.607409e+00	5.576243e+00	5.572226e+00	5.590946e+00	5.594100e+00
5.592482e+00	5.592757e+00	5.591875e+00	5.592283e+00	7.430577e+00	7.424167e+00
7.410236e+00	7.383608e+00	7.346546e+00	7.251447e+00	7.129242e+00	6.985933e+00
6.829469e+00	6.670924e+00	6.523144e+00	6.389821e+00	6.271297e+00	6.166417e+00
6.073857e+00	5.991489e+00	5.917716e+00	5.848284e+00	5.782641e+00	5.723581e+00
5.672923e+00	5.651313e+00	5.629558e+00	5.609749e+00	5.576124e+00	5.569907e+00
5.580755e+00	5.583072e+00	5.581671e+00	5.581645e+00	5.581342e+00	5.581487e+00
7.980846e+00	7.896609e+00	7.810977e+00	7.723367e+00	7.635617e+00	7.465353e+00
7.300406e+00	7.140909e+00	6.986336e+00	6.835839e+00	6.689292e+00	6.547629e+00
6.411851e+00	6.282250e+00	6.160344e+00	6.047429e+00	5.944563e+00	5.854893e+00
5.778158e+00	5.712095e+00	5.657792e+00	5.638807e+00	5.628290e+00	5.617801e+00
5.556696e+00	5.525802e+00	5.541225e+00	5.548329e+00	5.545501e+00	5.543359e+00
5.547119e+00	5.544764e+00	8.393648e+00	8.277659e+00	8.163854e+00	8.052116e+00
7.943265e+00	7.736931e+00	7.541649e+00	7.354378e+00	7.173480e+00	6.997173e+00
6.824843e+00	6.657683e+00	6.496887e+00	6.343563e+00	6.199997e+00	6.068939e+00
5.948805e+00	5.847874e+00	5.762623e+00	5.688608e+00	5.625515e+00	5.601928e+00
5.587092e+00	5.572144e+00	5.504119e+00	5.469562e+00	5.480198e+00	5.486302e+00
5.482742e+00	5.480610e+00	5.484128e+00	5.482164e+00	8.716069e+00	8.616600e+00
8.511047e+00	8.396366e+00	8.276144e+00	8.032517e+00	7.788962e+00	7.554157e+00
7.329788e+00	7.115963e+00	6.913382e+00	6.723530e+00	6.544206e+00	6.376315e+00
6.220051e+00	6.076304e+00	5.948804e+00	5.835130e+00	5.737049e+00	5.650302e+00
5.571815e+00	5.537981e+00	5.509503e+00	5.486356e+00	5.427513e+00	5.399953e+00
5.397610e+00	5.399615e+00	5.396511e+00	5.395420e+00	5.397042e+00	5.396410e+00
8.968543e+00	8.919512e+00	8.851091e+00	8.749269e+00	8.621506e+00	8.326761e+00
8.010555e+00	7.712919e+00	7.439484e+00	7.189139e+00	6.960824e+00	6.753670e+00
6.564487e+00	6.390143e+00	6.228250e+00	6.077857e+00	5.938495e+00	5.809462e+00
5.690120e+00	5.579248e+00	5.473626e+00	5.421475e+00	5.370904e+00	5.335983e+00
5.315073e+00	5.305922e+00	5.278652e+00	5.273252e+00	5.272872e+00	5.273812e+00
5.272482e+00	5.273482e+00	9.305453e+00	9.247755e+00	9.165030e+00	9.042180e+00
8.888780e+00	8.537611e+00	8.166782e+00	7.825373e+00	7.519613e+00	7.240750e+00
6.986492e+00	6.754869e+00	6.556213e+00	6.370512e+00	6.196305e+00	6.034230e+00
5.878882e+00	5.731566e+00	5.592708e+00	5.463596e+00	5.341617e+00	5.280448e+00
5.219348e+00	5.176492e+00	5.159182e+00	5.153804e+00	5.120336e+00	5.113736e+00
5.114033e+00	5.115160e+00	5.113636e+00	5.114600e+00	9.683769e+00	9.580791e+00
9.457932e+00	9.299818e+00	9.114663e+00	8.708094e+00	8.291781e+00	7.913979e+00
7.579680e+00	7.277241e+00	7.003317e+00	6.755472e+00	6.534759e+00	6.323742e+00
6.124105e+00	5.938625e+00	5.766371e+00	5.604949e+00	5.453015e+00	5.312134e+00
5.180646e+00	5.115456e+00	5.049761e+00	5.001199e+00	4.969491e+00	4.958490e+00
4.932194e+00	4.928032e+00	4.927874e+00	4.928188e+00	4.927916e+00	4.927946e+00
1.006806e+01	9.889423e+00	9.698526e+00	9.488169e+00	9.265275e+00	8.812300e+00
8.374561e+00	7.968198e+00	7.600383e+00	7.278293e+00	6.993871e+00	6.735658e+00
6.487639e+00	6.252735e+00	6.032493e+00	5.828239e+00	5.639849e+00	5.464201e+00
5.299343e+00	5.144150e+00	4.995773e+00	4.922906e+00	4.851744e+00	4.799127e+00
4.753671e+00	4.739284e+00	4.721151e+00	4.718984e+00	4.718281e+00	4.718172e+00
4.718248e+00	4.717883e+00	1.044531e+01	1.016762e+01	9.894036e+00	9.627095e+00
9.368146e+00	8.877656e+00	8.426139e+00	8.000090e+00	7.608070e+00	7.254541e+00
6.933516e+00	6.640180e+00	6.371080e+00	6.123524e+00	5.892905e+00	5.676203e+00
5.474555e+00	5.287177e+00	5.112199e+00	4.941977e+00	4.770724e+00	4.687758e+00
4.612080e+00	4.557940e+00	4.494802e+00	4.477161e+00	4.471643e+00	4.471822e+00
4.470176e+00	4.469847e+00	4.469604e+00	4.469232e+00	1.068913e+01	1.038522e+01
1.008340e+01	9.786497e+00	9.497544e+00	8.948038e+00	8.428015e+00	7.982458e+00
7.576389e+00	7.196519e+00	6.850876e+00	6.538711e+00	6.252414e+00	5.986157e+00
5.737138e+00	5.503917e+00	5.287118e+00	5.085047e+00	4.894605e+00	4.709375e+00
4.525219e+00	4.436659e+00	4.355502e+00	4.295816e+00	4.222717e+00	4.204329e+00
4.202570e+00	4.203249e+00	4.201338e+00	4.200942e+00	4.200643e+00	4.200072e+00
1.088022e+01	1.057214e+01	1.026274e+01	9.948382e+00	9.632723e+00	9.014449e+00
8.426925e+00	7.927355e+00	7.484191e+00	7.088992e+00	6.737493e+00	6.419971e+00
6.121609e+00	5.834613e+00	5.563548e+00	5.312355e+00	5.080019e+00	4.862067e+00
4.653573e+00	4.454446e+00	4.264700e+00	4.173698e+00	4.086878e+00	4.019645e+00
3.942126e+00	3.924514e+00	3.920760e+00	3.920695e+00	3.918948e+00	3.918609e+00
3.918381e+00	3.917553e+00	1.108396e+01	1.074048e+01	1.039348e+01	1.004375e+01
9.696757e+00	9.031373e+00	8.423081e+00	7.876967e+00	7.401431e+00	6.984581e+00
6.616783e+00	6.285160e+00	5.972448e+00	5.670012e+00	5.383755e+00	5.117697e+00
4.870205e+00	4.637114e+00	4.414090e+00	4.203186e+00	4.006026e+00	3.911792e+00
3.819672e+00	3.746860e+00	3.668391e+00	3.650810e+00	3.642983e+00	3.642111e+00
3.640525e+00	3.640238e+00	3.640078e+00	3.639259e+00	1.130849e+01	1.088876e+01
1.047933e+01	1.008897e+01	9.717303e+00	9.023711e+00	8.397739e+00	7.833830e+00
7.332065e+00	6.884051e+00	6.482675e+00	6.120816e+00	5.789955e+00	5.482565e+00
5.192550e+00	4.915963e+00	4.653167e+00	4.405225e+00	4.171975e+00	3.951618e+00
3.744151e+00	3.645435e+00	3.548195e+00	3.472157e+00	3.397490e+00	3.378953e+00
3.363834e+00	3.361993e+00	3.360583e+00	3.360348e+00	3.360261e+00	3.359780e+00
1.148542e+01	1.101645e+01	1.056431e+01	1.014197e+01	9.746534e+00	9.017332e+00
8.364537e+00	7.777736e+00	7.251600e+00	6.779134e+00	6.353324e+00	5.968859e+00
5.620470e+00	5.301403e+00	5.001875e+00	4.715147e+00	4.441797e+00	4.183740e+00
3.941927e+00	3.713310e+00	3.497485e+00	3.394742e+00	3.293058e+00	3.213857e+00
3.139733e+00	3.120625e+00	3.101961e+00	3.099589e+00	3.098226e+00	3.098016e+00
3.097947e+00	3.098220e+00	1.162388e+01	1.112342e+01	1.064267e+01	1.019621e+01
9.779543e+00	9.011050e+00	8.325430e+00	7.712955e+00	7.166046e+00	6.675554e+00
6.232447e+00	5.830778e+00	5.465276e+00	5.129875e+00	4.816898e+00	4.520849e+00
4.241043e+00	3.976835e+00	3.727919e+00	3.492084e+00	3.269242e+00	3.162803e+00
3.057291e+00	2.974944e+00	2.897996e+00	2.878511e+00	2.859769e+00	2.857323e+00
2.855829e+00	2.855616e+00	2.855515e+00	2.856736e+00	1.174053e+01	1.121045e+01
1.070331e+01	1.023585e+01	9.801628e+00	9.001251e+00	8.290427e+00	7.657552e+00
7.092830e+00	6.585610e+00	6.125689e+00	5.707183e+00	5.325439e+00	4.975419e+00
4.650913e+00	4.347146e+00	4.062200e+00	3.793215e+00	3.538265e+00	3.296065e+00
3.066311e+00	2.956207e+00	2.847216e+00	2.761747e+00	2.679633e+00	2.659509e+00
2.642504e+00	2.640339e+00	2.638550e+00	2.638303e+00	2.638156e+00	2.639942e+00
1.184005e+01	1.128429e+01	1.075437e+01	1.026910e+01	9.820015e+00	8.992147e+00
8.258928e+00	7.608034e+00	7.027702e+00	6.506287e+00	6.032997e+00	5.601926e+00
5.208459e+00	4.847782e+00	4.514055e+00	4.202678e+00	3.911356e+00	3.636613e+00
3.375861e+00	3.128067e+00	2.891803e+00	2.777940e+00	2.665066e+00	2.576127e+00
2.489284e+00	2.468100e+00	2.451941e+00	2.450068e+00	2.448168e+00	2.447836e+00
2.447772e+00	2.449090e+00	1.192653e+01	1.134740e+01	1.079704e+01	1.029631e+01
9.834762e+00	8.984016e+00	8.232383e+00	7.567448e+00	6.975342e+00	6.443514e+00
5.960696e+00	5.520821e+00	5.119181e+00	4.750823e+00	4.409851e+00	4.091604e+00
3.793687e+00	3.512582e+00	3.245385e+00	2.990683e+00	2.746345e+00	2.627984e+00
2.510960e+00	2.418680e+00	2.326692e+00	2.304082e+00	2.287362e+00	2.285503e+00
2.283573e+00	2.283247e+00	2.283163e+00	2.283193e+00	1.199706e+01	1.139790e+01
1.083037e+01	1.031727e+01	9.846202e+00	8.978261e+00	8.214162e+00	7.539515e+00
6.939642e+00	6.401185e+00	5.912498e+00	5.467256e+00	5.060577e+00	4.687157e+00
4.340773e+00	4.016553e+00	3.712164e+00	3.424344e+00	3.150043e+00	2.886878e+00
2.632338e+00	2.508235e+00	2.385934e+00	2.289557e+00	2.191479e+00	2.167015e+00
2.148354e+00	2.146222e+00	2.144291e+00	2.144051e+00	2.143841e+00	2.142160e+00
1.204845e+01	1.143443e+01	1.085448e+01	1.033330e+01	9.856682e+00	8.979818e+00
8.212149e+00	7.531553e+00	6.926862e+00	6.384456e+00	5.892680e+00	5.444892e+00
5.035716e+00	4.659231e+00	4.308391e+00	3.977905e+00	3.665829e+00	3.369540e+00
3.085884e+00	2.811681e+00	2.547168e+00	2.416304e+00	2.286173e+00	2.182695e+00
2.077307e+00	2.050431e+00	2.029235e+00	2.026831e+00	2.024837e+00	2.024554e+00
2.024350e+00	2.021898e+00	1.208835e+01	1.146284e+01	1.087360e+01	1.034690e+01
9.866883e+00	8.983793e+00	8.211089e+00	7.526921e+00	6.919142e+00	6.374163e+00
5.880398e+00	5.430998e+00	5.020228e+00	4.641720e+00	4.287799e+00	3.952805e+00
3.635020e+00	3.332286e+00	3.041371e+00	2.757766e+00	2.481422e+00	2.342638e+00
2.202807e+00	2.090294e+00	1.976655e+00	1.947321e+00	1.923597e+00	1.920902e+00
1.918766e+00	1.918423e+00	1.918236e+00	1.915795e+00	1.210873e+01	1.147814e+01
1.088595e+01	1.035883e+01	9.878495e+00	8.991720e+00	8.215830e+00	7.531445e+00
6.923318e+00	6.378059e+00	5.884246e+00	5.434947e+00	5.024269e+00	4.645631e+00
4.291062e+00	3.954754e+00	3.635115e+00	3.330201e+00	3.036751e+00	2.746700e+00
2.447341e+00	2.294271e+00	2.139068e+00	2.012499e+00	1.887948e+00	1.856305e+00
1.830380e+00	1.827274e+00	1.824810e+00	1.824510e+00	1.824186e+00	1.823585e+00
1.211922e+01	1.148634e+01	1.089352e+01	1.036835e+01	9.891231e+00	9.010421e+00
8.239985e+00	7.557456e+00	6.950144e+00	6.405523e+00	5.912917e+00	5.465179e+00
5.055956e+00	4.678045e+00	4.322595e+00	3.983298e+00	3.658806e+00	3.347609e+00
3.046092e+00	2.744687e+00	2.429525e+00	2.264177e+00	2.092517e+00	1.949182e+00
1.811051e+00	1.777081e+00	1.749322e+00	1.745760e+00	1.742758e+00	1.742520e+00
1.742030e+00	1.744558e+00	1.211597e+01	1.148374e+01	1.089225e+01	1.037172e+01
9.901550e+00	9.030904e+00	8.268197e+00	7.590884e+00	6.987165e+00	6.445092e+00
5.954477e+00	5.508288e+00	5.100196e+00	4.722971e+00	4.367653e+00	4.027587e+00
3.700776e+00	3.384733e+00	3.074526e+00	2.759866e+00	2.435610e+00	2.264212e+00
2.069146e+00	1.902215e+00	1.743975e+00	1.707695e+00	1.679179e+00	1.675290e+00
1.671196e+00	1.670675e+00	1.670569e+00	1.676642e+00	1.210316e+01	1.147366e+01
1.088686e+01	1.037379e+01	9.910850e+00	9.054869e+00	8.303775e+00	7.635638e+00
7.038896e+00	6.501850e+00	6.014462e+00	5.570159e+00	5.163187e+00	4.786945e+00
4.433263e+00	4.095527e+00	3.770423e+00	3.452996e+00	3.136208e+00	2.808639e+00
2.458403e+00	2.269076e+00	2.052938e+00	1.864183e+00	1.684135e+00	1.645326e+00
1.616646e+00	1.612546e+00	1.607131e+00	1.606178e+00	1.606686e+00	1.616371e+00
1.208246e+01	1.145839e+01	1.087897e+01	1.037425e+01	9.922559e+00	9.084067e+00
8.345405e+00	7.686175e+00	7.095752e+00	6.563479e+00	6.080151e+00	5.639435e+00
5.235621e+00	4.862166e+00	4.510981e+00	4.175229e+00	3.850793e+00	3.531258e+00
3.207859e+00	2.866842e+00	2.489695e+00	2.279275e+00	2.050515e+00	1.847266e+00
1.634892e+00	1.589162e+00	1.561665e+00	1.558102e+00	1.550944e+00	1.549366e+00
1.550695e+00	1.563368e+00	1.203270e+01	1.142550e+01	1.086273e+01	1.037417e+01
9.939025e+00	9.123522e+00	8.398331e+00	7.746919e+00	7.161133e+00	6.632889e+00
6.155088e+00	5.721312e+00	5.324988e+00	4.958410e+00	4.611721e+00	4.277090e+00
3.950988e+00	3.628115e+00	3.299293e+00	2.946457e+00	2.546214e+00	2.319180e+00
2.067512e+00	1.840590e+00	1.595507e+00	1.539050e+00	1.514157e+00	1.511854e+00
1.502583e+00	1.500197e+00	1.502536e+00	1.517679e+00	1.198945e+01	1.139346e+01
1.084334e+01	1.037093e+01	9.947366e+00	9.155948e+00	8.447535e+00	7.808502e+00
7.232015e+00	6.711400e+00	6.240775e+00	5.813921e+00	5.424063e+00	5.063130e+00
4.720645e+00	4.388334e+00	4.062669e+00	3.738372e+00	3.405175e+00	3.041088e+00
2.617423e+00	2.372302e+00	2.094843e+00	1.843141e+00	1.564461e+00	1.497401e+00
1.473494e+00	1.472035e+00	1.460741e+00	1.457686e+00	1.460936e+00	1.477226e+00
1.194971e+01	1.136099e+01	1.082017e+01	1.036001e+01	9.951655e+00	9.183437e+00
8.494002e+00	7.870937e+00	7.307832e+00	6.798257e+00	6.336517e+00	5.916747e+00
5.532607e+00	5.176438e+00	4.838164e+00	4.509570e+00	4.186636e+00	3.863139e+00
3.527059e+00	3.152941e+00	2.706634e+00	2.442745e+00	2.138477e+00	1.857691e+00
1.541253e+00	1.463083e+00	1.439128e+00	1.438215e+00	1.424735e+00	1.421072e+00
1.425373e+00	1.441570e+00	1.190306e+01	1.132308e+01	1.079344e+01	1.034801e+01
9.955095e+00	9.211311e+00	8.541935e+00	7.935480e+00	7.386238e+00	6.888198e+00
6.436097e+00	6.024448e+00	5.647232e+00	5.297106e+00	4.964268e+00	4.640525e+00
4.321449e+00	4.000032e+00	3.662515e+00	3.279630e+00	2.811261e+00	2.528346e+00
2.196572e+00	1.885790e+00	1.528176e+00	1.436970e+00	1.409338e+00	1.408982e+00
1.394622e+00	1.390468e+00	1.394699e+00	1.410280e+00	1.185039e+01	1.128090e+01
1.076408e+01	1.033491e+01	9.959049e+00	9.241187e+00	8.593265e+00	8.004534e+00
7.469931e+00	6.983990e+00	6.541943e+00	6.138734e+00	5.768814e+00	5.425262e+00
5.098783e+00	4.781305e+00	4.467925e+00	4.150608e+00	3.813344e+00	3.421829e+00
2.928980e+00	2.625311e+00	2.265024e+00	1.925031e+00	1.532031e+00	1.425557e+00
1.376305e+00	1.377322e+00	1.373711e+00	1.370022e+00	1.364839e+00	1.383057e+00
1.179315e+01	1.123465e+01	1.073098e+01	1.031849e+01	9.959848e+00	9.267855e+00
8.641754e+00	8.071237e+00	7.551883e+00	7.078723e+00	6.647466e+00	6.253510e+00
5.891741e+00	5.555703e+00	5.236615e+00	4.926569e+00	4.620249e+00	4.308619e+00
3.973475e+00	3.575361e+00	3.059727e+00	2.735555e+00	2.345937e+00	1.974517e+00
1.539171e+00	1.417508e+00	1.349611e+00	1.351252e+00	1.354345e+00	1.350729e+00
1.339159e+00	1.358713e+00	1.173910e+01	1.119068e+01	1.069914e+01	1.030166e+01
9.957955e+00	9.290831e+00	8.685697e+00	8.133066e+00	7.629129e+00	7.169298e+00
6.749674e+00	6.366068e+00	6.013663e+00	5.686419e+00	5.375909e+00	5.074377e+00
4.776253e+00	4.471772e+00	4.141109e+00	3.740649e+00	3.208161e+00	2.865642e+00
2.445978e+00	2.038450e+00	1.551787e+00	1.412353e+00	1.332528e+00	1.332988e+00
1.335278e+00	1.331299e+00	1.318783e+00	1.337457e+00	1.172365e+01	1.117920e+01
1.069357e+01	1.030467e+01	9.969271e+00	9.319592e+00	8.729778e+00	8.191508e+00
7.701201e+00	7.254419e+00	6.847341e+00	6.475825e+00	6.135012e+00	5.818695e+00
5.518042e+00	5.225069e+00	4.934412e+00	4.636667e+00	4.312607e+00	3.919241e+00
3.386018e+00	3.028832e+00	2.570263e+00	2.112111e+00	1.566201e+00	1.413388e+00
1.329075e+00	1.324005e+00	1.315898e+00	1.313084e+00	1.303845e+00	1.319557e+00
1.171231e+01	1.117091e+01	1.068978e+01	1.030925e+01	9.986467e+00	9.349192e+00
8.772825e+00	8.247907e+00	7.770749e+00	7.336995e+00	6.942839e+00	6.584108e+00
6.255831e+00	5.951471e+00	5.661553e+00	5.377726e+00	5.094982e+00	4.804648e+00
4.488889e+00	4.107288e+00	3.581809e+00	3.213073e+00	2.712934e+00	2.197147e+00
1.584572e+00	1.416184e+00	1.326791e+00	1.317035e+00	1.297744e+00	1.296286e+00
1.291097e+00	1.303457e+00	1.168715e+01	1.115152e+01	1.067809e+01	1.030667e+01
9.989216e+00	9.372153e+00	8.812071e+00	8.302057e+00	7.838766e+00	7.418134e+00
7.036523e+00	6.689901e+00	6.373409e+00	6.080494e+00	5.801547e+00	5.528092e+00
5.255244e+00	4.974496e+00	4.668194e+00	4.295742e+00	3.772721e+00	3.394361e+00
2.864618e+00	2.302118e+00	1.615118e+00	1.423499e+00	1.322118e+00	1.308452e+00
1.283860e+00	1.282476e+00	1.279333e+00	1.288671e+00	1.163922e+01	1.111332e+01
1.065046e+01	1.029117e+01	9.988167e+00	9.390440e+00	8.847993e+00	8.353824e+00
7.904771e+00	7.497129e+00	7.127547e+00	6.792278e+00	6.486780e+00	6.204771e+00
5.936972e+00	5.675040e+00	5.414060e+00	5.145215e+00	4.849874e+00	4.484565e+00
3.959722e+00	3.574094e+00	3.028065e+00	2.435062e+00	1.670683e+00	1.446413e+00
1.314629e+00	1.298648e+00	1.273417e+00	1.271401e+00	1.268590e+00	1.275520e+00
1.158460e+01	1.107006e+01	1.061912e+01	1.027399e+01	9.985990e+00	9.409243e+00
8.885551e+00	8.407705e+00	7.972778e+00	7.577439e+00	7.218686e+00	6.893258e+00
6.597193e+00	6.324927e+00	6.068124e+00	5.819044e+00	5.572696e+00	5.319718e+00
5.039206e+00	4.680717e+00	4.147537e+00	3.752125e+00	3.192708e+00	2.576513e+00
1.743167e+00	1.482906e+00	1.308472e+00	1.287222e+00	1.266898e+00	1.263843e+00
1.255303e+00	1.264756e+00	1.152598e+01	1.102398e+01	1.058590e+01	1.025569e+01
9.982846e+00	9.428087e+00	8.923521e+00	8.462018e+00	8.040946e+00	7.657393e+00
7.308772e+00	6.992413e+00	6.705054e+00	6.442073e+00	6.196395e+00	5.961165e+00
5.731334e+00	5.496859e+00	5.233852e+00	4.882648e+00	4.338348e+00	3.932533e+00
3.363048e+00	2.730044e+00	1.834467e+00	1.536932e+00	1.303057e+00	1.275632e+00
1.261967e+00	1.257846e+00	1.241411e+00	1.255364e+00	1.149463e+01	1.100185e+01
1.057399e+01	1.025118e+01	9.983228e+00	9.448362e+00	8.958290e+00	8.508950e+00
8.098587e+00	7.725026e+00	7.386303e+00	7.080020e+00	6.803159e+00	6.551431e+00
6.318194e+00	6.096838e+00	5.881969e+00	5.662474e+00	5.413733e+00	5.077118e+00
4.544008e+00	4.138040e+00	3.558980e+00	2.898452e+00	1.923269e+00	1.591134e+00
1.302830e+00	1.272570e+00	1.255689e+00	1.251216e+00	1.235377e+00	1.247203e+00
1.148154e+01	1.099424e+01	1.057213e+01	1.025670e+01	9.996458e+00	9.471060e+00
8.989343e+00	8.547545e+00	8.144487e+00	7.778838e+00	7.449459e+00	7.154021e+00
6.889397e+00	6.650980e+00	6.431470e+00	6.223525e+00	6.021017e+00	5.811433e+00
5.572417e+00	5.259056e+00	4.770452e+00	4.382893e+00	3.794436e+00	3.085329e+00
2.005044e+00	1.644279e+00	1.315555e+00	1.273745e+00	1.246878e+00	1.243559e+00
1.233724e+00	1.240301e+00	1.147116e+01	1.098763e+01	1.056983e+01	1.025992e+01
1.000579e+01	9.489470e+00	9.016596e+00	8.583428e+00	8.188860e+00	7.831717e+00
7.511062e+00	7.224870e+00	6.970393e+00	6.743586e+00	6.537822e+00	6.345868e+00
6.160220e+00	5.965290e+00	5.737645e+00	5.438876e+00	4.975146e+00	4.604580e+00
4.030644e+00	3.303601e+00	2.110901e+00	1.702762e+00	1.327823e+00	1.276547e+00
1.241523e+00	1.237016e+00	1.231632e+00	1.234390e+00	1.146032e+01	1.098028e+01
1.056641e+01	1.026113e+01	1.001177e+01	9.504398e+00	9.040313e+00	8.615953e+00
8.230131e+00	7.881481e+00	7.568934e+00	7.290866e+00	7.045117e+00	6.828533e+00
6.635712e+00	6.460092e+00	6.293255e+00	6.116952e+00	5.904959e+00	5.618104e+00
5.167045e+00	4.810125e+00	4.261674e+00	3.541441e+00	2.245345e+00	1.772023e+00
1.340183e+00	1.281385e+00	1.238209e+00	1.231731e+00	1.228647e+00	1.229326e+00
1.144474e+01	1.097067e+01	1.056221e+01	1.026152e+01	1.001702e+01	9.518234e+00
9.061775e+00	8.644604e+00	8.265848e+00	7.924363e+00	7.619361e+00	7.349417e+00
7.112575e+00	6.905874e+00	6.724171e+00	6.561283e+00	6.409550e+00	6.251677e+00
6.061791e+00	5.798618e+00	5.370360e+00	5.024462e+00	4.485828e+00	3.763009e+00
2.396645e+00	1.863476e+00	1.356099e+00	1.285739e+00	1.235512e+00	1.228148e+00
1.224123e+00	1.225039e+00	1.143411e+01	1.096718e+01	1.056422e+01	1.026802e+01
1.002803e+01	9.536993e+00	9.086787e+00	8.675184e+00	8.301888e+00	7.966277e+00
7.668131e+00	7.406089e+00	7.178243e+00	6.981538e+00	6.810625e+00	6.659324e+00
6.520511e+00	6.377849e+00	6.207118e+00	5.969339e+00	5.574054e+00	5.245724e+00
4.719146e+00	3.990294e+00	2.557304e+00	1.972568e+00	1.379427e+00	1.292747e+00
1.233076e+00	1.227306e+00	1.218962e+00	1.222064e+00	1.143288e+01	1.096782e+01
1.056812e+01	1.027477e+01	1.003607e+01	9.548838e+00	9.103545e+00	8.697799e+00
8.330967e+00	8.002182e+00	7.711067e+00	7.456338e+00	7.236168e+00	7.047497e+00
6.884927e+00	6.742860e+00	6.616291e+00	6.492704e+00	6.349428e+00	6.140695e+00
5.770438e+00	5.456036e+00	4.948897e+00	4.228161e+00	2.733407e+00	2.092641e+00
1.405782e+00	1.302202e+00	1.232332e+00	1.225763e+00	1.216069e+00	1.219005e+00
1.144072e+01	1.097489e+01	1.057401e+01	1.027958e+01	1.004052e+01	9.554791e+00
9.113151e+00	8.712878e+00	8.352732e+00	8.031094e+00	7.746725e+00	7.498346e+00
7.284227e+00	7.101480e+00	6.944999e+00	6.810275e+00	6.695450e+00	6.594057e+00
6.485519e+00	6.308609e+00	5.953530e+00	5.648313e+00	5.168025e+00	4.474407e+00
2.928932e+00	2.223381e+00	1.435178e+00	1.315885e+00	1.232302e+00	1.222908e+00
1.214842e+00	1.215742e+00	1.143308e+01	1.097185e+01	1.057608e+01	1.028540e+01
1.004877e+01	9.567543e+00	9.129799e+00	8.733049e+00	8.376141e+00	8.057936e+00
7.777753e+00	7.534441e+00	7.326143e+00	7.150207e+00	7.002479e+00	6.879062e+00
6.777709e+00	6.690690e+00	6.597666e+00	6.445440e+00	6.128686e+00	5.844066e+00
5.384355e+00	4.710561e+00	3.144287e+00	2.367813e+00	1.471512e+00	1.334810e+00
1.233461e+00	1.222938e+00	1.212298e+00	1.213475e+00	1.141858e+01	1.096648e+01
1.057764e+01	1.029148e+01	1.005837e+01	9.582927e+00	9.148684e+00	8.754183e+00
8.399024e+00	8.082940e+00	7.805963e+00	7.567001e+00	7.364070e+00	7.194838e+00
7.056225e+00	6.944865e+00	6.857130e+00	6.781941e+00	6.699478e+00	6.569897e+00
6.297958e+00	6.038952e+00	5.599656e+00	4.945523e+00	3.375053e+00	2.526159e+00
1.513911e+00	1.357956e+00	1.236088e+00	1.223023e+00	1.209535e+00	1.211576e+00
1.140846e+01	1.096373e+01	1.058005e+01	1.029692e+01	1.006542e+01	9.593739e+00
9.162741e+00	8.771175e+00	8.418711e+00	8.105298e+00	7.831158e+00	7.595532e+00
7.396827e+00	7.233187e+00	7.101820e+00	6.999666e+00	6.923246e+00	6.861356e+00
6.794991e+00	6.688851e+00	6.455316e+00	6.222412e+00	5.810016e+00	5.179660e+00
3.607586e+00	2.702914e+00	1.563773e+00	1.383416e+00	1.239335e+00	1.223421e+00
1.208315e+00	1.209905e+00	1.140034e+01	1.096216e+01	1.058345e+01	1.030192e+01
1.007084e+01	9.601669e+00	9.173499e+00	8.784955e+00	8.435492e+00	8.124880e+00
7.853164e+00	7.620061e+00	7.424668e+00	7.265666e+00	7.140074e+00	7.045002e+00
6.977918e+00	6.929291e+00	6.881542e+00	6.798541e+00	6.598620e+00	6.392289e+00
6.011897e+00	5.408920e+00	3.840683e+00	2.899991e+00	1.625139e+00	1.413660e+00
1.244329e+00	1.224933e+00	1.207721e+00	1.208505e+00	1.138794e+01	1.095927e+01
1.058725e+01	1.030771e+01	1.007650e+01	9.609338e+00	9.183386e+00	8.797222e+00
8.450220e+00	8.142135e+00	7.873007e+00	7.642706e+00	7.450606e+00	7.295664e+00
7.175042e+00	7.086156e+00	7.027049e+00	6.989007e+00	6.955818e+00	6.893626e+00
6.727323e+00	6.547435e+00	6.203253e+00	5.636387e+00	4.079287e+00	3.098519e+00
1.697396e+00	1.454156e+00	1.250918e+00	1.226651e+00	1.206139e+00	1.207479e+00
1.137162e+01	1.095501e+01	1.059132e+01	1.031393e+01	1.008211e+01	9.616575e+00
9.192461e+00	8.808322e+00	8.463494e+00	8.157756e+00	7.891203e+00	7.663723e+00
7.474799e+00	7.323526e+00	7.207338e+00	7.124008e+00	7.072016e+00	7.043188e+00
7.022701e+00	6.980064e+00	6.846987e+00	6.693420e+00	6.387706e+00	5.862256e+00
4.324601e+00	3.303981e+00	1.780728e+00	1.504580e+00	1.259367e+00	1.228883e+00
1.203912e+00	1.206637e+00	1.135220e+01	1.094910e+01	1.059438e+01	1.031958e+01
1.008710e+01	9.622786e+00	9.199843e+00	8.817112e+00	8.473970e+00	8.170206e+00
7.905862e+00	7.680830e+00	7.494723e+00	7.346743e+00	7.234556e+00	7.156235e+00
7.110602e+00	7.089943e+00	7.081206e+00	7.058600e+00	6.960077e+00	6.830972e+00
6.555657e+00	6.064466e+00	4.575369e+00	3.529041e+00	1.870890e+00	1.558492e+00
1.269282e+00	1.232509e+00	1.203317e+00	1.205898e+00	1.132637e+01	1.093917e+01
1.059636e+01	1.032464e+01	1.009176e+01	9.628365e+00	9.206082e+00	8.824148e+00
8.482038e+00	8.179713e+00	7.917072e+00	7.693994e+00	7.510267e+00	7.365196e+00
7.256694e+00	7.183080e+00	7.143200e+00	7.129200e+00	7.130243e+00	7.127500e+00
7.065449e+00	6.958742e+00	6.703270e+00	6.235918e+00	4.829410e+00	3.779740e+00
1.969338e+00	1.616658e+00	1.281847e+00	1.240392e+00	1.204059e+00	1.205275e+00
1.131384e+01	1.093689e+01	1.060003e+01	1.032856e+01	1.009234e+01	9.628430e+00
9.206578e+00	8.826094e+00	8.486237e+00	8.186440e+00	7.926408e+00	7.705869e+00
7.524467e+00	7.381224e+00	7.273585e+00	7.200283e+00	7.162744e+00	7.158537e+00
7.180656e+00	7.202079e+00	7.158435e+00	7.064967e+00	6.837616e+00	6.411019e+00
5.074732e+00	4.028336e+00	2.083460e+00	1.685302e+00	1.296651e+00	1.247353e+00
1.205067e+00	1.204533e+00	1.130183e+01	1.093453e+01	1.060217e+01	1.033024e+01
1.009232e+01	9.627764e+00	9.206598e+00	8.827635e+00	8.489832e+00	8.192189e+00
7.934271e+00	7.715778e+00	7.536281e+00	7.394687e+00	7.288174e+00	7.215524e+00
7.180264e+00	7.184653e+00	7.221908e+00	7.259713e+00	7.236020e+00	7.158891e+00
6.964433e+00	6.582376e+00	5.309129e+00	4.274596e+00	2.215384e+00	1.766711e+00
1.314414e+00	1.254233e+00	1.206003e+00	1.203835e+00	1.126320e+01	1.091375e+01
1.059585e+01	1.033001e+01	1.009437e+01	9.633976e+00	9.214367e+00	8.835656e+00
8.497358e+00	8.199197e+00	7.941185e+00	7.723126e+00	7.544786e+00	7.405602e+00
7.304153e+00	7.239556e+00	7.212077e+00	7.216439e+00	7.244462e+00	7.283461e+00
7.296975e+00	7.253794e+00	7.091444e+00	6.735030e+00	5.533699e+00	4.524447e+00
2.362855e+00	1.860362e+00	1.335748e+00	1.263641e+00	1.206481e+00	1.203395e+00
1.124715e+01	1.090702e+01	1.059604e+01	1.033159e+01	1.009546e+01	9.635918e+00
9.217102e+00	8.839185e+00	8.501711e+00	8.204439e+00	7.947453e+00	7.730577e+00
7.553578e+00	7.415962e+00	7.316452e+00	7.254317e+00	7.230038e+00	7.238695e+00
7.272763e+00	7.321709e+00	7.354972e+00	7.329995e+00	7.198577e+00	6.881388e+00
5.749726e+00	4.770873e+00	2.529688e+00	1.966470e+00	1.360929e+00	1.274349e+00
1.208509e+00	1.202543e+00	1.123572e+01	1.090349e+01	1.059691e+01	1.033440e+01
1.009731e+01	9.638479e+00	9.220377e+00	8.843178e+00	8.506470e+00	8.210053e+00
7.954038e+00	7.738264e+00	7.562475e+00	7.426204e+00	7.328178e+00	7.267870e+00
7.246134e+00	7.258793e+00	7.299672e+00	7.358782e+00	7.407588e+00	7.397830e+00
7.296109e+00	7.019450e+00	5.958524e+00	5.016275e+00	2.712788e+00	2.084671e+00
1.390024e+00	1.287003e+00	1.211390e+00	1.202284e+00	1.122689e+01	1.090155e+01
1.060010e+01	1.033845e+01	1.010089e+01	9.642563e+00	9.224988e+00	8.848295e+00
8.512106e+00	8.216269e+00	7.960914e+00	7.745943e+00	7.571124e+00	7.436048e+00
7.339426e+00	7.280836e+00	7.261330e+00	7.277187e+00	7.322929e+00	7.389937e+00
7.453095e+00	7.457204e+00	7.383168e+00	7.145380e+00	6.155778e+00	5.256089e+00
2.912568e+00	2.217583e+00	1.424865e+00	1.302917e+00	1.215202e+00	1.202425e+00
1.121843e+01	1.089931e+01	1.060212e+01	1.034163e+01	1.010341e+01	9.645690e+00
9.228677e+00	8.852539e+00	8.516916e+00	8.221643e+00	7.966776e+00	7.752412e+00
7.578383e+00	7.444278e+00	7.348855e+00	7.291686e+00	7.274049e+00	7.292576e+00
7.342410e+00	7.416201e+00	7.491541e+00	7.507493e+00	7.458515e+00	7.258051e+00
6.341030e+00	5.488046e+00	3.126776e+00	2.365169e+00	1.465778e+00	1.322357e+00
1.219857e+00	1.202373e+00	1.121002e+01	1.089675e+01	1.060359e+01	1.034403e+01
1.010527e+01	9.648031e+00	9.231462e+00	8.855767e+00	8.520597e+00	8.225788e+00
7.971406e+00	7.757613e+00	7.584316e+00	7.451105e+00	7.356778e+00	7.300895e+00
7.284942e+00	7.305853e+00	7.359344e+00	7.439274e+00	7.525584e+00	7.552170e+00
7.526351e+00	7.361975e+00	6.519351e+00	5.716456e+00	3.355191e+00	2.526663e+00
1.512124e+00	1.344942e+00	1.225255e+00	1.202253e+00	1.120002e+01	1.089240e+01
1.060281e+01	1.034372e+01	1.010475e+01	9.647728e+00	9.231384e+00	8.855917e+00
8.520979e+00	8.226473e+00	7.972709e+00	7.759567e+00	7.587005e+00	7.454684e+00
7.361368e+00	7.306695e+00	7.292272e+00	7.315284e+00	7.371954e+00	7.457329e+00
7.553359e+00	7.589052e+00	7.583225e+00	7.452533e+00	6.687263e+00	5.935956e+00
3.593686e+00	2.701636e+00	1.564637e+00	1.371143e+00	1.231383e+00	1.202077e+00
1.118895e+01	1.088591e+01	1.059954e+01	1.034156e+01	1.010217e+01	9.645634e+00
9.229819e+00	8.854891e+00	8.520499e+00	8.226523e+00	7.973110e+00	7.760395e+00
7.588353e+00	7.456707e+00	7.364179e+00	7.310492e+00	7.297330e+00	7.322076e+00
7.381381e+00	7.471380e+00	7.575730e+00	7.619018e+00	7.629972e+00	7.529730e+00
6.842292e+00	6.142963e+00	3.840837e+00	2.891892e+00	1.626263e+00	1.403188e+00
1.238751e+00	1.201803e+00	1.118123e+01	1.088271e+01	1.059947e+01	1.034173e+01
1.010219e+01	9.645740e+00	9.230017e+00	8.855198e+00	8.520932e+00	8.227166e+00
7.974242e+00	7.761983e+00	7.590424e+00	7.459344e+00	7.367497e+00	7.314652e+00
7.302583e+00	7.328806e+00	7.390338e+00	7.484309e+00	7.595865e+00	7.645530e+00
7.670100e+00	7.596620e+00	6.986184e+00	6.338528e+00	4.093450e+00	3.093655e+00
1.697202e+00	1.441674e+00	1.247681e+00	1.201617e+00	1.117503e+01	1.088047e+01
1.059989e+01	1.034274e+01	1.010284e+01	9.646549e+00	9.231027e+00	8.856453e+00
8.522480e+00	8.229016e+00	7.976281e+00	7.764273e+00	7.593026e+00	7.462338e+00
7.371044e+00	7.318909e+00	7.307798e+00	7.335310e+00	7.398793e+00	7.496300e+00
7.614336e+00	7.669629e+00	7.705966e+00	7.656889e+00	7.122544e+00	6.526817e+00
4.353585e+00	3.308239e+00	1.777771e+00	1.486844e+00	1.258149e+00	1.201466e+00
1.117291e+01	1.088011e+01	1.060091e+01	1.034466e+01	1.010427e+01	9.648172e+00
9.232857e+00	8.858535e+00	8.524853e+00	8.231682e+00	7.979171e+00	7.767369e+00
7.596400e+00	7.466123e+00	7.375411e+00	7.323947e+00	7.313733e+00	7.342452e+00
7.407257e+00	7.507707e+00	7.631696e+00	7.692350e+00	7.738702e+00	7.710469e+00
7.248546e+00	6.705139e+00	4.615705e+00	3.532897e+00	1.868452e+00	1.538794e+00
1.270091e+00	1.201469e+00	1.117245e+01	1.088237e+01	1.060530e+01	1.034998e+01
1.010917e+01	9.653049e+00	9.237680e+00	8.863370e+00	8.529754e+00	8.236667e+00
7.984266e+00	7.772384e+00	7.601472e+00	7.471590e+00	7.381537e+00	7.330652e+00
7.321245e+00	7.351092e+00	7.415627e+00	7.518058e+00	7.647800e+00	7.714049e+00
7.768762e+00	7.757292e+00	7.362179e+00	6.870626e+00	4.875707e+00	3.766535e+00
1.973708e+00	1.601633e+00	1.284526e+00	1.201825e+00	1.117696e+01	1.088729e+01
1.060895e+01	1.035082e+01	1.010871e+01	9.651462e+00	9.235994e+00	8.862056e+00
8.529075e+00	8.236719e+00	7.984980e+00	7.773981e+00	7.603595e+00	7.473391e+00
7.381871e+00	7.329143e+00	7.318496e+00	7.350924e+00	7.426726e+00	7.536099e+00
7.662581e+00	7.726956e+00	7.786220e+00	7.792069e+00	7.463959e+00	7.018599e+00
5.124954e+00	4.005880e+00	2.094526e+00	1.673631e+00	1.299747e+00	1.201815e+00
1.118417e+01	1.089146e+01	1.061084e+01	1.035066e+01	1.010653e+01	9.647480e+00
9.231897e+00	8.858587e+00	8.526645e+00	8.235497e+00	7.984853e+00	7.774700e+00
7.604742e+00	7.474280e+00	7.380948e+00	7.325109e+00	7.312298e+00	7.348690e+00
7.436796e+00	7.554197e+00	7.674934e+00	7.736394e+00	7.799156e+00	7.820180e+00
7.552574e+00	7.151303e+00	5.363972e+00	4.248597e+00	2.232596e+00	1.757628e+00
1.316738e+00	1.201686e+00	1.118048e+01	1.089013e+01	1.061104e+01	1.035128e+01
1.010708e+01	9.648272e+00	9.232838e+00	8.859622e+00	8.527752e+00	8.236653e+00
7.986044e+00	7.775895e+00	7.606059e+00	7.475853e+00	7.383175e+00	7.327846e+00
7.315632e+00	7.352603e+00	7.440101e+00	7.558580e+00	7.682875e+00	7.748364e+00
7.816912e+00	7.848275e+00	7.627041e+00	7.273456e+00	5.597837e+00	4.492102e+00
2.385207e+00	1.856739e+00	1.337842e+00	1.201684e+00	1.116296e+01	1.087906e+01
1.060550e+01	1.034910e+01	1.010684e+01	9.650178e+00	9.235295e+00	8.861798e+00
8.529165e+00	8.237166e+00	7.985893e+00	7.775261e+00	7.605385e+00	7.475930e+00
7.385365e+00	7.333952e+00	7.324918e+00	7.358883e+00	7.435440e+00	7.547968e+00
7.685347e+00	7.760579e+00	7.835568e+00	7.871866e+00	7.690716e+00	7.382121e+00
5.820543e+00	4.735766e+00	2.552037e+00	1.971606e+00	1.362428e+00	1.201505e+00
1.115476e+01	1.087441e+01	1.060313e+01	1.034826e+01	1.010687e+01	9.651882e+00
9.237373e+00	8.863690e+00	8.530532e+00	8.237862e+00	7.985980e+00	7.775152e+00
7.605280e+00	7.476251e+00	7.387389e+00	7.338181e+00	7.330882e+00	7.363529e+00
7.433762e+00	7.543781e+00	7.688778e+00	7.770457e+00	7.850911e+00	7.894467e+00
7.750444e+00	7.478249e+00	6.033315e+00	4.980991e+00	2.733343e+00	2.099226e+00
1.390415e+00	1.201437e+00	1.115401e+01	1.087448e+01	1.060415e+01	1.034952e+01
1.010810e+01	9.653008e+00	9.238603e+00	8.864922e+00	8.531716e+00	8.239104e+00
7.987457e+00	7.776834e+00	7.607166e+00	7.478232e+00	7.389142e+00	7.340007e+00
7.332946e+00	7.366019e+00	7.437697e+00	7.549189e+00	7.695625e+00	7.777654e+00
7.862253e+00	7.916679e+00	7.807287e+00	7.561281e+00	6.233637e+00	5.225977e+00
2.930628e+00	2.240663e+00	1.422764e+00	1.201550e+00	