8.100808e-02	8.241590e-02	8.387382e-02	8.541911e-02	8.705965e-02	9.065425e-02
9.482875e-02	9.979764e-02	1.055915e-01	1.122562e-01	1.197536e-01	1.281039e-01
1.374078e-01	1.479659e-01	1.605835e-01	1.759304e-01	1.933809e-01	2.101461e-01
2.227381e-01	2.313463e-01	2.399169e-01	2.460636e-01	2.512400e-01	2.534085e-01
2.537501e-01	2.526791e-01	2.499414e-01	2.495623e-01	2.495513e-01	2.495581e-01
2.495744e-01	2.495581e-01	9.325671e-02	9.489770e-02	9.659519e-02	9.839142e-02
1.002948e-01	1.044512e-01	1.092453e-01	1.149039e-01	1.214591e-01	1.289605e-01
1.373686e-01	1.467081e-01	1.570930e-01	1.688497e-01	1.828327e-01	1.997365e-01
2.188536e-01	2.371545e-01	2.508840e-01	2.602384e-01	2.694333e-01	2.759847e-01
2.815025e-01	2.838153e-01	2.841416e-01	2.830166e-01	2.801714e-01	2.797771e-01
2.797636e-01	2.797703e-01	2.797869e-01	2.797703e-01	1.073574e-01	1.092699e-01
1.112461e-01	1.133338e-01	1.155421e-01	1.203480e-01	1.258536e-01	1.322968e-01
1.397112e-01	1.481504e-01	1.575747e-01	1.680141e-01	1.795983e-01	1.926810e-01
2.081646e-01	2.267639e-01	2.476817e-01	2.676340e-01	2.825864e-01	2.927388e-01
3.025811e-01	3.095442e-01	3.154101e-01	3.178707e-01	3.181729e-01	3.169966e-01
3.140576e-01	3.136500e-01	3.136335e-01	3.136401e-01	3.136569e-01	3.136401e-01
1.235901e-01	1.258187e-01	1.281190e-01	1.305454e-01	1.331073e-01	1.386641e-01
1.449867e-01	1.523224e-01	1.607061e-01	1.701960e-01	1.807530e-01	1.924143e-01
2.053279e-01	2.198759e-01	2.370062e-01	2.574486e-01	2.803071e-01	3.020309e-01
3.182948e-01	3.292980e-01	3.398069e-01	3.471845e-01	3.534021e-01	3.560124e-01
3.562802e-01	3.550563e-01	3.520424e-01	3.516240e-01	3.516039e-01	3.516102e-01
3.516270e-01	3.516102e-01	1.422772e-01	1.448737e-01	1.475512e-01	1.503709e-01
1.533429e-01	1.597678e-01	1.670287e-01	1.753793e-01	1.848560e-01	1.955220e-01
2.073406e-01	2.203582e-01	2.347434e-01	2.509090e-01	2.698440e-01	2.922854e-01
3.172300e-01	3.408485e-01	3.585154e-01	3.704230e-01	3.816126e-01	3.894018e-01
3.959702e-01	3.987308e-01	3.989516e-01	3.976855e-01	3.946213e-01	3.941955e-01
3.941713e-01	3.941771e-01	3.941937e-01	3.941771e-01	1.637899e-01	1.668147e-01
1.699307e-01	1.732072e-01	1.766547e-01	1.840834e-01	1.924216e-01	2.019263e-01
2.126350e-01	2.246166e-01	2.378392e-01	2.523603e-01	2.683731e-01	2.863221e-01
3.072315e-01	3.318361e-01	3.590165e-01	3.846550e-01	4.038184e-01	4.166840e-01
4.285615e-01	4.367527e-01	4.436658e-01	4.465750e-01	4.467337e-01	4.454330e-01
4.423501e-01	4.419212e-01	4.418921e-01	4.418973e-01	4.419133e-01	4.418973e-01
1.885554e-01	1.920786e-01	1.957046e-01	1.995116e-01	2.035106e-01	2.120996e-01
2.216749e-01	2.324917e-01	2.445884e-01	2.580407e-01	2.728239e-01	2.890099e-01
3.068206e-01	3.267334e-01	3.497991e-01	3.767387e-01	4.063072e-01	4.340916e-01
4.548460e-01	4.687224e-01	4.812864e-01	4.898614e-01	4.971065e-01	5.001601e-01
5.002386e-01	4.989133e-01	4.958516e-01	4.954251e-01	4.953904e-01	4.953946e-01
4.954096e-01	4.953946e-01	2.170654e-01	2.211687e-01	2.253876e-01	2.298108e-01
2.344491e-01	2.443797e-01	2.553755e-01	2.676837e-01	2.813435e-01	2.964384e-01
3.129546e-01	3.309821e-01	3.507762e-01	3.728483e-01	3.982645e-01	4.277173e-01
4.598273e-01	4.898819e-01	5.123217e-01	5.272597e-01	5.404979e-01	5.494281e-01
5.569842e-01	5.601750e-01	5.601517e-01	5.588145e-01	5.558240e-01	5.554068e-01
5.553654e-01	5.553685e-01	5.553821e-01	5.553685e-01	2.498863e-01	2.546645e-01
2.595728e-01	2.647113e-01	2.700911e-01	2.815727e-01	2.941995e-01	3.082027e-01
3.236220e-01	3.405499e-01	3.589884e-01	3.790497e-01	4.010289e-01	4.254718e-01
4.534449e-01	4.855941e-01	5.203971e-01	5.528425e-01	5.770601e-01	5.931076e-01
6.069941e-01	6.162381e-01	6.240743e-01	6.273911e-01	6.272405e-01	6.259077e-01
6.230499e-01	6.226505e-01	6.226014e-01	6.226029e-01	6.226145e-01	6.226029e-01
2.876697e-01	2.932331e-01	2.989429e-01	3.049122e-01	3.111515e-01	3.244261e-01
3.389259e-01	3.548550e-01	3.722538e-01	3.912254e-01	4.117934e-01	4.340982e-01
4.584809e-01	4.855226e-01	5.162707e-01	5.513025e-01	5.889454e-01	6.238949e-01
6.499790e-01	6.671789e-01	6.816711e-01	6.911721e-01	6.992456e-01	7.026726e-01
7.023646e-01	7.010564e-01	6.984068e-01	6.980355e-01	6.979774e-01	6.979769e-01
6.979859e-01	6.979769e-01	3.311662e-01	3.376430e-01	3.442844e-01	3.512181e-01
3.584542e-01	3.738015e-01	3.904518e-01	4.085691e-01	4.281937e-01	4.494417e-01
4.723657e-01	4.971412e-01	5.241635e-01	5.540489e-01	5.878012e-01	6.259023e-01
6.665231e-01	7.040791e-01	7.321122e-01	7.505009e-01	7.655355e-01	7.752180e-01
7.834715e-01	7.869871e-01	7.864862e-01	7.852277e-01	7.828779e-01	7.825475e-01
7.824789e-01	7.824759e-01	7.824815e-01	7.824759e-01	3.812393e-01	3.887786e-01
3.965029e-01	4.045564e-01	4.129479e-01	4.306916e-01	4.498111e-01	4.704137e-01
4.925399e-01	5.163208e-01	5.418479e-01	5.693397e-01	5.992559e-01	6.322469e-01
6.692424e-01	7.105965e-01	7.543196e-01	7.945688e-01	8.246240e-01	8.442286e-01
8.597175e-01	8.694838e-01	8.778426e-01	8.814187e-01	8.806829e-01	8.795048e-01
8.775657e-01	8.772914e-01	8.772107e-01	8.772046e-01	8.772058e-01	8.772046e-01
4.388837e-01	4.476587e-01	4.566416e-01	4.659951e-01	4.757261e-01	4.962399e-01
5.181947e-01	5.416198e-01	5.665556e-01	5.931519e-01	6.215504e-01	6.520235e-01
6.851062e-01	7.214817e-01	7.619674e-01	8.067513e-01	8.536809e-01	8.966883e-01
9.288258e-01	9.496617e-01	9.654865e-01	9.752123e-01	9.835809e-01	9.871813e-01
9.861615e-01	9.851012e-01	9.837058e-01	9.835061e-01	9.834113e-01	9.834015e-01
9.833970e-01	9.834015e-01	5.052441e-01	5.154561e-01	5.259017e-01	5.367641e-01
5.480480e-01	5.717642e-01	5.969743e-01	6.236042e-01	6.516939e-01	6.814158e-01
7.129767e-01	7.467152e-01	7.832555e-01	8.233111e-01	8.675397e-01	9.159172e-01
9.661303e-01	1.011932e+00	1.046195e+00	1.068262e+00	1.084268e+00	1.093797e+00
1.102056e+00	1.105634e+00	1.104273e+00	1.103376e+00	1.102683e+00	1.102580e+00
1.102469e+00	1.102455e+00	1.102443e+00	1.102455e+00	5.816383e-01	5.935214e-01
6.056666e-01	6.182807e-01	6.313647e-01	6.587828e-01	6.877307e-01	7.179985e-01
7.496262e-01	7.828139e-01	8.178513e-01	8.551587e-01	8.954658e-01	9.395126e-01
9.877392e-01	1.039855e+00	1.093392e+00	1.141988e+00	1.178395e+00	1.201674e+00
1.217663e+00	1.226802e+00	1.234801e+00	1.238301e+00	1.236531e+00	1.235851e+00
1.236051e+00	1.236071e+00	1.235941e+00	1.235921e+00	1.235901e+00	1.235921e+00
6.695515e-01	6.833351e-01	6.974288e-01	7.120770e-01	7.272731e-01	7.590718e-01
7.924397e-01	8.269325e-01	8.625825e-01	8.996266e-01	9.384762e-01	9.796874e-01
1.024175e+00	1.072726e+00	1.125407e+00	1.181503e+00	1.238411e+00	1.289804e+00
1.328424e+00	1.352770e+00	1.368247e+00	1.376757e+00	1.384248e+00	1.387435e+00
1.384992e+00	1.384633e+00	1.386131e+00	1.386328e+00	1.386173e+00	1.386140e+00
1.386113e+00	1.386143e+00	7.707795e-01	7.868022e-01	8.031783e-01	8.201866e-01
8.378132e-01	8.746056e-01	9.129604e-01	9.521825e-01	9.923013e-01	1.033597e+00
1.076621e+00	1.122069e+00	1.171030e+00	1.224319e+00	1.281585e+00	1.341666e+00
1.401842e+00	1.455891e+00	1.496629e+00	1.522025e+00	1.536815e+00	1.544404e+00
1.551200e+00	1.554082e+00	1.550981e+00	1.550999e+00	1.553958e+00	1.554356e+00
1.554174e+00	1.554130e+00	1.554092e+00	1.554135e+00	8.876352e-01	9.065917e-01
9.258387e-01	9.456139e-01	9.659141e-01	1.007844e+00	1.051103e+00	1.095098e+00
1.139910e+00	1.185852e+00	1.233542e+00	1.283603e+00	1.336921e+00	1.394155e+00
1.455031e+00	1.518441e+00	1.581508e+00	1.637789e+00	1.680093e+00	1.707076e+00
1.722275e+00	1.728465e+00	1.734616e+00	1.738113e+00	1.735319e+00	1.735554e+00
1.739256e+00	1.739772e+00	1.739573e+00	1.739563e+00	1.739481e+00	1.739544e+00
1.022362e+00	1.045042e+00	1.067816e+00	1.090777e+00	1.113959e+00	1.161005e+00
1.208873e+00	1.257518e+00	1.307126e+00	1.358024e+00	1.410791e+00	1.465720e+00
1.523036e+00	1.583057e+00	1.646200e+00	1.711994e+00	1.777367e+00	1.835293e+00
1.878511e+00	1.907685e+00	1.924670e+00	1.929132e+00	1.934832e+00	1.940024e+00
1.938841e+00	1.939103e+00	1.942529e+00	1.943037e+00	1.942845e+00	1.942916e+00
1.942760e+00	1.942849e+00	1.176244e+00	1.202395e+00	1.228536e+00	1.254676e+00
1.280872e+00	1.333574e+00	1.386676e+00	1.440286e+00	1.494614e+00	1.550002e+00
1.607055e+00	1.665926e+00	1.726582e+00	1.789164e+00	1.854253e+00	1.921540e+00
1.987961e+00	2.046668e+00	2.090802e+00	2.121673e+00	2.140320e+00	2.144661e+00
2.150600e+00	2.156928e+00	2.158251e+00	2.158834e+00	2.161312e+00	2.161668e+00
2.161582e+00	2.161657e+00	2.161534e+00	2.161604e+00	1.352047e+00	1.381579e+00
1.411059e+00	1.440444e+00	1.469812e+00	1.528640e+00	1.587458e+00	1.646248e+00
1.705186e+00	1.764637e+00	1.825290e+00	1.887287e+00	1.950590e+00	2.015264e+00
2.081700e+00	2.149467e+00	2.215697e+00	2.274303e+00	2.319205e+00	2.351459e+00
2.371881e+00	2.377330e+00	2.384092e+00	2.391283e+00	2.396080e+00	2.397195e+00
2.398022e+00	2.398095e+00	2.398199e+00	2.398226e+00	2.398213e+00	2.398228e+00
1.549657e+00	1.582824e+00	1.615855e+00	1.648630e+00	1.681245e+00	1.746196e+00
1.810514e+00	1.874098e+00	1.937114e+00	2.000029e+00	2.063663e+00	2.128127e+00
2.193276e+00	2.259022e+00	2.325606e+00	2.392565e+00	2.457374e+00	2.515005e+00
2.560370e+00	2.593875e+00	2.616316e+00	2.623525e+00	2.631475e+00	2.639528e+00
2.648365e+00	2.649975e+00	2.648930e+00	2.648714e+00	2.648992e+00	2.649007e+00
2.649073e+00	2.649041e+00	1.769800e+00	1.806789e+00	1.843489e+00	1.879678e+00
1.915466e+00	1.986176e+00	2.055354e+00	2.122900e+00	2.189009e+00	2.254394e+00
2.320085e+00	2.386114e+00	2.452053e+00	2.517537e+00	2.582741e+00	2.647310e+00
2.709250e+00	2.764935e+00	2.810505e+00	2.845092e+00	2.869818e+00	2.879705e+00
2.889337e+00	2.898176e+00	2.911624e+00	2.913616e+00	2.910523e+00	2.910043e+00
2.910449e+00	2.910517e+00	2.910600e+00	2.910540e+00	2.012563e+00	2.053890e+00
2.094636e+00	2.134373e+00	2.173251e+00	2.249079e+00	2.322113e+00	2.392590e+00
2.460824e+00	2.527661e+00	2.594319e+00	2.660630e+00	2.725813e+00	2.789258e+00
2.851425e+00	2.912387e+00	2.970618e+00	3.023565e+00	3.068432e+00	3.104167e+00
3.131868e+00	3.143996e+00	3.155435e+00	3.165739e+00	3.183544e+00	3.185900e+00
3.180911e+00	3.180175e+00	3.180711e+00	3.180824e+00	3.180926e+00	3.180847e+00
2.277403e+00	2.323483e+00	2.368544e+00	2.411830e+00	2.453570e+00	2.533568e+00
2.609111e+00	2.681141e+00	2.750156e+00	2.817062e+00	2.883214e+00	2.948191e+00
3.010841e+00	3.070385e+00	3.127861e+00	3.184000e+00	3.237678e+00	3.287100e+00
3.330380e+00	3.367175e+00	3.398291e+00	3.412271e+00	3.425614e+00	3.437884e+00
3.459449e+00	3.462157e+00	3.455674e+00	3.454724e+00	3.455377e+00	3.455522e+00
3.455648e+00	3.455554e+00	2.562573e+00	2.613368e+00	2.662624e+00	2.709184e+00
2.753369e+00	2.836406e+00	2.912974e+00	2.984891e+00	3.052842e+00	3.117903e+00
3.181532e+00	3.243213e+00	3.301512e+00	3.355623e+00	3.407105e+00	3.457249e+00
3.505390e+00	3.550505e+00	3.591623e+00	3.628933e+00	3.663073e+00	3.679022e+00
3.694350e+00	3.708360e+00	3.732648e+00	3.735716e+00	3.728567e+00	3.727518e+00
3.728241e+00	3.728402e+00	3.728553e+00	3.728442e+00	2.866635e+00	2.922075e+00
2.975345e+00	3.024811e+00	3.070909e+00	3.155552e+00	3.231377e+00	3.301211e+00
3.366015e+00	3.427013e+00	3.485899e+00	3.542117e+00	3.594209e+00	3.641451e+00
3.685812e+00	3.729061e+00	3.770949e+00	3.811156e+00	3.849520e+00	3.886695e+00
3.923221e+00	3.940924e+00	3.958139e+00	3.973612e+00	3.999017e+00	4.002451e+00
3.995861e+00	3.994888e+00	3.995625e+00	3.995792e+00	3.995935e+00	3.995824e+00
3.189195e+00	3.249105e+00	3.306109e+00	3.358009e+00	3.405377e+00	3.489977e+00
3.563046e+00	3.628622e+00	3.687999e+00	3.742591e+00	3.794387e+00	3.842946e+00
3.886984e+00	3.926027e+00	3.962281e+00	3.997853e+00	4.032867e+00	4.067606e+00
4.102598e+00	4.138832e+00	4.176795e+00	4.195853e+00	4.214680e+00	4.231171e+00
4.255846e+00	4.259629e+00	4.254951e+00	4.254240e+00	4.254920e+00	4.255069e+00
4.255191e+00	4.255103e+00	3.523659e+00	3.587593e+00	3.647776e+00	3.701370e+00
3.749103e+00	3.831518e+00	3.899362e+00	3.958106e+00	4.009439e+00	4.055032e+00
4.097214e+00	4.135867e+00	4.170089e+00	4.199831e+00	4.227292e+00	4.254704e+00
4.282486e+00	4.311367e+00	4.342359e+00	4.376612e+00	4.414594e+00	4.434335e+00
4.454236e+00	4.471067e+00	4.492769e+00	4.496839e+00	4.495579e+00	4.495339e+00
4.495879e+00	4.495979e+00	4.496069e+00	4.496029e+00	3.866930e+00	3.934282e+00
3.996921e+00	4.051281e+00	4.098288e+00	4.176038e+00	4.235957e+00	4.285169e+00
4.325806e+00	4.359884e+00	4.390163e+00	4.416915e+00	4.439849e+00	4.459355e+00
4.477456e+00	4.496306e+00	4.516542e+00	4.539165e+00	4.565428e+00	4.596515e+00
4.632836e+00	4.652401e+00	4.672606e+00	4.688990e+00	4.705735e+00	4.709980e+00
4.713236e+00	4.713639e+00	4.713972e+00	4.714013e+00	4.714050e+00	4.714070e+00
4.224439e+00	4.294698e+00	4.359163e+00	4.413446e+00	4.458712e+00	4.529470e+00
4.578931e+00	4.616119e+00	4.643684e+00	4.664057e+00	4.680486e+00	4.693684e+00
4.704051e+00	4.712400e+00	4.720480e+00	4.730240e+00	4.742483e+00	4.758357e+00
4.779208e+00	4.806150e+00	4.839511e+00	4.858211e+00	4.878077e+00	4.893413e+00
4.904005e+00	4.908314e+00	4.916616e+00	4.917745e+00	4.917832e+00	4.917806e+00
4.917778e+00	4.917866e+00	4.589957e+00	4.662282e+00	4.727614e+00	4.780656e+00
4.822855e+00	4.883718e+00	4.919729e+00	4.942094e+00	4.954130e+00	4.958722e+00
4.959653e+00	4.958076e+00	4.954964e+00	4.951437e+00	4.948966e+00	4.949210e+00
4.953056e+00	4.961598e+00	4.976075e+00	4.997356e+00	5.025627e+00	5.042213e+00
5.060481e+00	5.073748e+00	5.076951e+00	5.081064e+00	5.094534e+00	5.096410e+00
5.096212e+00	5.096111e+00	5.096009e+00	5.096169e+00	4.956471e+00	5.029786e+00
5.094813e+00	5.145277e+00	5.182944e+00	5.230867e+00	5.250461e+00	5.255374e+00
5.249712e+00	5.236827e+00	5.221041e+00	5.203914e+00	5.186821e+00	5.171056e+00
5.157808e+00	5.148376e+00	5.143647e+00	5.144474e+00	5.151808e+00	5.166153e+00
5.187525e+00	5.200932e+00	5.216512e+00	5.226901e+00	5.222135e+00	5.225829e+00
5.244164e+00	5.246750e+00	5.246256e+00	5.246080e+00	5.245901e+00	5.246131e+00
5.322804e+00	5.395712e+00	5.458941e+00	5.505184e+00	5.536585e+00	5.568100e+00
5.568079e+00	5.552929e+00	5.527593e+00	5.495927e+00	5.462677e+00	5.429706e+00
5.398428e+00	5.370040e+00	5.345587e+00	5.326057e+00	5.312236e+00	5.304590e+00
5.303586e+00	5.309290e+00	5.321389e+00	5.330128e+00	5.341371e+00	5.347803e+00
5.335245e+00	5.338131e+00	5.359920e+00	5.363038e+00	5.362290e+00	5.362047e+00
5.361826e+00	5.362092e+00	5.694253e+00	5.765572e+00	5.825737e+00	5.866354e+00
5.890000e+00	5.902138e+00	5.879794e+00	5.842385e+00	5.795710e+00	5.744116e+00
5.692679e+00	5.643473e+00	5.597732e+00	5.556397e+00	5.520431e+00	5.490526e+00
5.467311e+00	5.450790e+00	5.440862e+00	5.437160e+00	5.439026e+00	5.442546e+00
5.448873e+00	5.451040e+00	5.431076e+00	5.433039e+00	5.457576e+00	5.461129e+00
5.460155e+00	5.459851e+00	5.459600e+00	5.459890e+00	6.072240e+00	6.140168e+00
6.195417e+00	6.228481e+00	6.242437e+00	6.231541e+00	6.183718e+00	6.121605e+00
6.051829e+00	5.979081e+00	5.908619e+00	5.842528e+00	5.781705e+00	5.726681e+00
5.678362e+00	5.637163e+00	5.603520e+00	5.576945e+00	5.556752e+00	5.542133e+00
5.531978e+00	5.529106e+00	5.529006e+00	5.526057e+00	5.500588e+00	5.501261e+00
5.525439e+00	5.528976e+00	5.527887e+00	5.527546e+00	5.527280e+00	5.527590e+00
6.450205e+00	6.512622e+00	6.560843e+00	6.584259e+00	6.586506e+00	6.548979e+00
6.472826e+00	6.384011e+00	6.289905e+00	6.195333e+00	6.105560e+00	6.022449e+00
5.946416e+00	5.877445e+00	5.816433e+00	5.763557e+00	5.719059e+00	5.681963e+00
5.651049e+00	5.625138e+00	5.602741e+00	5.593397e+00	5.586810e+00	5.578997e+00
5.549364e+00	5.548762e+00	5.571735e+00	5.575161e+00	5.574002e+00	5.573628e+00
5.573345e+00	5.573690e+00	6.835678e+00	6.890134e+00	6.928914e+00	6.940346e+00
6.928677e+00	6.860660e+00	6.753198e+00	6.635654e+00	6.515894e+00	6.398598e+00
6.288808e+00	6.187976e+00	6.095996e+00	6.012251e+00	5.937552e+00	5.871894e+00
5.815325e+00	5.766476e+00	5.723710e+00	5.685606e+00	5.650325e+00	5.634119e+00
5.619950e+00	5.605986e+00	5.576353e+00	5.573949e+00	5.589084e+00	5.591327e+00
5.590334e+00	5.590042e+00	5.589835e+00	5.590063e+00	7.227887e+00	7.272321e+00
7.299668e+00	7.297090e+00	7.269459e+00	7.167062e+00	7.025048e+00	6.876585e+00
6.729826e+00	6.588947e+00	6.458495e+00	6.339367e+00	6.230845e+00	6.131706e+00
6.042597e+00	5.963442e+00	5.894111e+00	5.832884e+00	5.777086e+00	5.725991e+00
5.677296e+00	5.653601e+00	5.631710e+00	5.614460e+00	5.585693e+00	5.582321e+00
5.592764e+00	5.594344e+00	5.593462e+00	5.593224e+00	5.593054e+00	5.593220e+00
7.640501e+00	7.666508e+00	7.674622e+00	7.651942e+00	7.604026e+00	7.462786e+00
7.285591e+00	7.106554e+00	6.933370e+00	6.769216e+00	6.617759e+00	6.479425e+00
6.352928e+00	6.236646e+00	6.130976e+00	6.035886e+00	5.950872e+00	5.874592e+00
5.807406e+00	5.745524e+00	5.686445e+00	5.657386e+00	5.628800e+00	5.606329e+00
5.582331e+00	5.576850e+00	5.575144e+00	5.575065e+00	5.574497e+00	5.574381e+00
5.574345e+00	5.574374e+00	8.194147e+00	8.120335e+00	8.045451e+00	7.963673e+00
7.875715e+00	7.690733e+00	7.498859e+00	7.310615e+00	7.128261e+00	6.952367e+00
6.783960e+00	6.623818e+00	6.472363e+00	6.329904e+00	6.197573e+00	6.076739e+00
5.968132e+00	5.872674e+00	5.794821e+00	5.726125e+00	5.664197e+00	5.637153e+00
5.613024e+00	5.592784e+00	5.548734e+00	5.527323e+00	5.528968e+00	5.531262e+00
5.528954e+00	5.527978e+00	5.529462e+00	5.528615e+00	8.606176e+00	8.513083e+00
8.411971e+00	8.301441e+00	8.186161e+00	7.955124e+00	7.726476e+00	7.505816e+00
7.294338e+00	7.092288e+00	6.900514e+00	6.720149e+00	6.550727e+00	6.389543e+00
6.239407e+00	6.101994e+00	5.977805e+00	5.869154e+00	5.775947e+00	5.694511e+00
5.622944e+00	5.593769e+00	5.570996e+00	5.552346e+00	5.491801e+00	5.462338e+00
5.460702e+00	5.463553e+00	5.460470e+00	5.459117e+00	5.461416e+00	5.460052e+00
8.857057e+00	8.820226e+00	8.763314e+00	8.671762e+00	8.553028e+00	8.273340e+00
7.969710e+00	7.683932e+00	7.422044e+00	7.183167e+00	6.966210e+00	6.769214e+00
6.587359e+00	6.417314e+00	6.259459e+00	6.114905e+00	5.982851e+00	5.861317e+00
5.748663e+00	5.644640e+00	5.546617e+00	5.497446e+00	5.446854e+00	5.410843e+00
5.396783e+00	5.387263e+00	5.358102e+00	5.353942e+00	5.354232e+00	5.354462e+00
5.354652e+00	5.354322e+00	9.206495e+00	9.160520e+00	9.088561e+00	8.975500e+00
8.831106e+00	8.496141e+00	8.139995e+00	7.812324e+00	7.519044e+00	7.256652e+00
7.013658e+00	6.792955e+00	6.586656e+00	6.407082e+00	6.238184e+00	6.082559e+00
5.939944e+00	5.803451e+00	5.670439e+00	5.547588e+00	5.432466e+00	5.373864e+00
5.312801e+00	5.269185e+00	5.257866e+00	5.252563e+00	5.217361e+00	5.211796e+00
5.212658e+00	5.213193e+00	5.212913e+00	5.212822e+00	9.600990e+00	9.506958e+00
9.392860e+00	9.243538e+00	9.067193e+00	8.677893e+00	8.278274e+00	7.916019e+00
7.595327e+00	7.310900e+00	7.047321e+00	6.808109e+00	6.584589e+00	6.381128e+00
6.188179e+00	6.009694e+00	5.845753e+00	5.692015e+00	5.546235e+00	5.411297e+00
5.285805e+00	5.223355e+00	5.159654e+00	5.112272e+00	5.082980e+00	5.072259e+00
5.046179e+00	5.042355e+00	5.042326e+00	5.042498e+00	5.042522e+00	5.042320e+00
9.996287e+00	9.826977e+00	9.645563e+00	9.444861e+00	9.231562e+00	8.796981e+00
8.375605e+00	7.986612e+00	7.633554e+00	7.317145e+00	7.043524e+00	6.793975e+00
6.560039e+00	6.330646e+00	6.116470e+00	5.918657e+00	5.736766e+00	5.567316e+00
5.408145e+00	5.258442e+00	5.115596e+00	5.045494e+00	4.977064e+00	4.926409e+00
4.882242e+00	4.868354e+00	4.850823e+00	4.848623e+00	4.847897e+00	4.847838e+00
4.847817e+00	4.847715e+00	1.038064e+01	1.011490e+01	9.852708e+00	9.596490e+00
9.347632e+00	8.875823e+00	8.440154e+00	8.031515e+00	7.652920e+00	7.307880e+00
6.998235e+00	6.714643e+00	6.454726e+00	6.214715e+00	5.991080e+00	5.780952e+00
5.585407e+00	5.403705e+00	5.234078e+00	5.069178e+00	4.903417e+00	4.823198e+00
4.750089e+00	4.697885e+00	4.637083e+00	4.620053e+00	4.614350e+00	4.614449e+00
4.612866e+00	4.612550e+00	4.612309e+00	4.612440e+00	1.063719e+01	1.034261e+01
1.005023e+01	9.763044e+00	9.483883e+00	8.955082e+00	8.455724e+00	8.019567e+00
7.627517e+00	7.266109e+00	6.928326e+00	6.623724e+00	6.345248e+00	6.087485e+00
5.846526e+00	5.620107e+00	5.409038e+00	5.212276e+00	5.027260e+00	4.847552e+00
4.668746e+00	4.582637e+00	4.503848e+00	4.446139e+00	4.375583e+00	4.357813e+00
4.355868e+00	4.356483e+00	4.354644e+00	4.354255e+00	4.353961e+00	4.354133e+00
1.084156e+01	1.053938e+01	1.023617e+01	9.929379e+00	9.622712e+00	9.028194e+00
8.464130e+00	7.978525e+00	7.550821e+00	7.169416e+00	6.824273e+00	6.511501e+00
6.219500e+00	5.941685e+00	5.679844e+00	5.435879e+00	5.209159e+00	4.996436e+00
4.793756e+00	4.600730e+00	4.416421e+00	4.327496e+00	4.242717e+00	4.177363e+00
4.102347e+00	4.085328e+00	4.081624e+00	4.081546e+00	4.079866e+00	4.079528e+00
4.079295e+00	4.079380e+00	1.105365e+01	1.071596e+01	1.037615e+01	1.003555e+01
9.698981e+00	9.053132e+00	8.464598e+00	7.938747e+00	7.478550e+00	7.072909e+00
6.711401e+00	6.383516e+00	6.076177e+00	5.782335e+00	5.504917e+00	5.246012e+00
5.004409e+00	4.776992e+00	4.560213e+00	4.355622e+00	4.163631e+00	4.071153e+00
3.980761e+00	3.909600e+00	3.833281e+00	3.816260e+00	3.808774e+00	3.807940e+00
3.806410e+00	3.806125e+00	3.805950e+00	3.805963e+00	1.127943e+01	1.087095e+01
1.047257e+01	1.009296e+01	9.731668e+00	9.057736e+00	8.448472e+00	7.901188e+00
7.412866e+00	6.975598e+00	6.582121e+00	6.226180e+00	5.900699e+00	5.599061e+00
5.315245e+00	5.045222e+00	4.789332e+00	4.548474e+00	4.322183e+00	4.107967e+00
3.904875e+00	3.807655e+00	3.711868e+00	3.637149e+00	3.563990e+00	3.545948e+00
3.531475e+00	3.529717e+00	3.528346e+00	3.528128e+00	3.528010e+00	3.527965e+00
1.145594e+01	1.100151e+01	1.056308e+01	1.015308e+01	9.768705e+00	9.057869e+00
8.422524e+00	7.849498e+00	7.335015e+00	6.872280e+00	6.454497e+00	6.076628e+00
5.733797e+00	5.419746e+00	5.125567e+00	4.845070e+00	4.578728e+00	4.327994e+00
4.093229e+00	3.870461e+00	3.658292e+00	3.556684e+00	3.456105e+00	3.377898e+00
3.304752e+00	3.286001e+00	3.267966e+00	3.265686e+00	3.264334e+00	3.264138e+00
3.264059e+00	3.263988e+00	1.159235e+01	1.110810e+01	1.064237e+01	1.020898e+01
9.803728e+00	9.055453e+00	8.385470e+00	7.785981e+00	7.249632e+00	6.767835e+00
6.332156e+00	5.937012e+00	5.577474e+00	5.247805e+00	4.940665e+00	4.650764e+00
4.377439e+00	4.119863e+00	3.877367e+00	3.646815e+00	3.427165e+00	3.321600e+00
3.216805e+00	3.135004e+00	3.058583e+00	3.039308e+00	3.020944e+00	3.018551e+00
3.017049e+00	3.016852e+00	3.016753e+00	3.016709e+00	1.170431e+01	1.119210e+01
1.070119e+01	1.024738e+01	9.824756e+00	9.044304e+00	8.348838e+00	7.728015e+00
7.172918e+00	6.673763e+00	6.221168e+00	5.809568e+00	5.434456e+00	5.090878e+00
4.772695e+00	4.475102e+00	4.196223e+00	3.932980e+00	3.683248e+00	3.445342e+00
3.218627e+00	3.109464e+00	3.000844e+00	2.915261e+00	2.833276e+00	2.813277e+00
2.796284e+00	2.794084e+00	2.792304e+00	2.792108e+00	2.791910e+00	2.791937e+00
1.179758e+01	1.126055e+01	1.074757e+01	1.027634e+01	9.839442e+00	9.030571e+00
8.312509e+00	7.673228e+00	7.102094e+00	6.588507e+00	6.122650e+00	5.698793e+00
5.312429e+00	4.958633e+00	4.631495e+00	4.326244e+00	4.040605e+00	3.770976e+00
3.514627e+00	3.270347e+00	3.036563e+00	2.923438e+00	2.810707e+00	2.721419e+00
2.634220e+00	2.612963e+00	2.596549e+00	2.594610e+00	2.592700e+00	2.592404e+00
2.592308e+00	2.592249e+00	1.187600e+01	1.131584e+01	1.078251e+01	1.029568e+01
9.844887e+00	9.014534e+00	8.277872e+00	7.624141e+00	7.041022e+00	6.517011e+00
6.041829e+00	5.609519e+00	5.215365e+00	4.854223e+00	4.519953e+00	4.207672e+00
3.915078e+00	3.638679e+00	3.375510e+00	3.123992e+00	2.881823e+00	2.764058e+00
2.647029e+00	2.554234e+00	2.461505e+00	2.438648e+00	2.421533e+00	2.419605e+00
2.417654e+00	2.417339e+00	2.417233e+00	2.417114e+00	1.193644e+01	1.135601e+01
1.080530e+01	1.030582e+01	9.845887e+00	8.997027e+00	8.247565e+00	7.584230e+00
6.993587e+00	6.463268e+00	5.982526e+00	5.545189e+00	5.146254e+00	4.780268e+00
4.440636e+00	4.122286e+00	3.823058e+00	3.539828e+00	3.269565e+00	3.009618e+00
2.757186e+00	2.633616e+00	2.511227e+00	2.414202e+00	2.315107e+00	2.290273e+00
2.271172e+00	2.268980e+00	2.267029e+00	2.266779e+00	2.266539e+00	2.266399e+00
1.197587e+01	1.137883e+01	1.081442e+01	1.030587e+01	9.843184e+00	8.981966e+00
8.226058e+00	7.557521e+00	6.962709e+00	6.428879e+00	5.945086e+00	5.504925e+00
5.103118e+00	4.733824e+00	4.389969e+00	4.066191e+00	3.760409e+00	3.469736e+00
3.192090e+00	2.924692e+00	2.661424e+00	2.530723e+00	2.400238e+00	2.296039e+00
2.189659e+00	2.162359e+00	2.140779e+00	2.138329e+00	2.136316e+00	2.136037e+00
2.135798e+00	2.135449e+00	1.200333e+01	1.139411e+01	1.082004e+01	1.030589e+01
9.837959e+00	8.970434e+00	8.210673e+00	7.538793e+00	6.941270e+00	6.405154e+00
5.919385e+00	5.477381e+00	5.073660e+00	4.702082e+00	4.355205e+00	4.027430e+00
3.716721e+00	3.420345e+00	3.136234e+00	2.860475e+00	2.585186e+00	2.446441e+00
2.306152e+00	2.192891e+00	2.078276e+00	2.048545e+00	2.024548e+00	2.021826e+00
2.019668e+00	2.019334e+00	2.019122e+00	2.018668e+00	1.200603e+01	1.139452e+01
1.081878e+01	1.030415e+01	9.833566e+00	8.969022e+00	8.209715e+00	7.537949e+00
6.940350e+00	6.404010e+00	5.917934e+00	5.475568e+00	5.071444e+00	4.699424e+00
4.352064e+00	4.023693e+00	3.712090e+00	3.414240e+00	3.124394e+00	2.833401e+00
2.538015e+00	2.387077e+00	2.232649e+00	2.105435e+00	1.979606e+00	1.947964e+00
1.921945e+00	1.918837e+00	1.916341e+00	1.915977e+00	1.915710e+00	1.915531e+00
1.199937e+01	1.138514e+01	1.080850e+01	1.029609e+01	9.829991e+00	8.970612e+00
8.216644e+00	7.547830e+00	6.951712e+00	6.415854e+00	5.929703e+00	5.486926e+00
5.082203e+00	4.709619e+00	4.361982e+00	4.033436e+00	3.720727e+00	3.419030e+00
3.122095e+00	2.821348e+00	2.509913e+00	2.347567e+00	2.177440e+00	2.033616e+00
1.893664e+00	1.860165e+00	1.832582e+00	1.829067e+00	1.826004e+00	1.825587e+00
1.825271e+00	1.825865e+00	1.197883e+01	1.136712e+01	1.079482e+01	1.028898e+01
9.830894e+00	8.979266e+00	8.232289e+00	7.566809e+00	6.972107e+00	6.437022e+00
5.951995e+00	5.510696e+00	5.107552e+00	4.736374e+00	4.389605e+00	4.060940e+00
3.746580e+00	3.440559e+00	3.137304e+00	2.832033e+00	2.512198e+00	2.339621e+00
2.144451e+00	1.981154e+00	1.819834e+00	1.782627e+00	1.755176e+00	1.751650e+00
1.747335e+00	1.746604e+00	1.746652e+00	1.749925e+00	1.193633e+01	1.133653e+01
1.077588e+01	1.028140e+01	9.833447e+00	8.999349e+00	8.260716e+00	7.599327e+00
7.006344e+00	6.472862e+00	5.991120e+00	5.554605e+00	5.156947e+00	4.790840e+00
4.447163e+00	4.118743e+00	3.802520e+00	3.493920e+00	3.186359e+00	2.868477e+00
2.524427e+00	2.335615e+00	2.120053e+00	1.938760e+00	1.754454e+00	1.712789e+00
1.686196e+00	1.682833e+00	1.677003e+00	1.675855e+00	1.676442e+00	1.683080e+00
1.189355e+01	1.130345e+01	1.075322e+01	1.027027e+01	9.833250e+00	9.016342e+00
8.289317e+00	7.635260e+00	7.046842e+00	6.517012e+00	6.039624e+00	5.608193e+00
5.215782e+00	4.854317e+00	4.513625e+00	4.185934e+00	3.868555e+00	3.557633e+00
3.245442e+00	2.914842e+00	2.544361e+00	2.337649e+00	2.114849e+00	1.912677e+00
1.700029e+00	1.651808e+00	1.626082e+00	1.623091e+00	1.615527e+00	1.613837e+00
1.615222e+00	1.625200e+00	1.185014e+01	1.126587e+01	1.072316e+01	1.025034e+01
9.824221e+00	9.028936e+00	8.317919e+00	7.677260e+00	7.099909e+00	6.579045e+00
6.108691e+00	5.682688e+00	5.294412e+00	4.936118e+00	4.597884e+00	4.272025e+00
3.955524e+00	3.643859e+00	3.327794e+00	2.986816e+00	2.595104e+00	2.371641e+00
2.123852e+00	1.897363e+00	1.656054e+00	1.599133e+00	1.574603e+00	1.572299e+00
1.562785e+00	1.560406e+00	1.562875e+00	1.576171e+00	1.180466e+01	1.122810e+01
1.069480e+01	1.023416e+01	9.821843e+00	9.047195e+00	8.353055e+00	7.725860e+00
7.159096e+00	6.646359e+00	6.182015e+00	5.760505e+00	5.375909e+00	5.021289e+00
4.687721e+00	4.367663e+00	4.056722e+00	3.747834e+00	3.429172e+00	3.078048e+00
2.663860e+00	2.420744e+00	2.141978e+00	1.889618e+00	1.618776e+00	1.559524e+00
1.531652e+00	1.528282e+00	1.517415e+00	1.514908e+00	1.517649e+00	1.533559e+00
1.175438e+01	1.118760e+01	1.066568e+01	1.021908e+01	9.821015e+00	9.069978e+00
8.393448e+00	7.779911e+00	7.223637e+00	6.718889e+00	6.260645e+00	5.844012e+00
5.463821e+00	5.114021e+00	4.786879e+00	4.475041e+00	4.172417e+00	3.868672e+00
3.548939e+00	3.189071e+00	2.753348e+00	2.489697e+00	2.177699e+00	1.888245e+00
1.589724e+00	1.528049e+00	1.495770e+00	1.490993e+00	1.478797e+00	1.476242e+00
1.479092e+00	1.496054e+00	1.169524e+01	1.113937e+01	1.063011e+01	1.019898e+01
9.816495e+00	9.089994e+00	8.432581e+00	7.834221e+00	7.290325e+00	6.796027e+00
6.347179e+00	5.939140e+00	5.566793e+00	5.224075e+00	4.903020e+00	4.596135e+00
4.297173e+00	3.995486e+00	3.675003e+00	3.308399e+00	2.853828e+00	2.572178e+00
2.231930e+00	1.911035e+00	1.572296e+00	1.500079e+00	1.464981e+00	1.460204e+00
1.446403e+00	1.443387e+00	1.447046e+00	1.462384e+00	1.163718e+01	1.109177e+01
1.059503e+01	1.017952e+01	9.812629e+00	9.110895e+00	8.473362e+00	7.891278e+00
7.360911e+00	6.878152e+00	6.439565e+00	6.040784e+00	5.676859e+00	5.341826e+00
5.027711e+00	4.726926e+00	4.433015e+00	4.134821e+00	3.814973e+00	3.442917e+00
2.970276e+00	2.670438e+00	2.300831e+00	1.946732e+00	1.566586e+00	1.480158e+00
1.437098e+00	1.432379e+00	1.419661e+00	1.416964e+00	1.421612e+00	1.434472e+00
1.158219e+01	1.104704e+01	1.056261e+01	1.016245e+01	9.811578e+00	9.133474e+00
8.516007e+00	7.950660e+00	7.434440e+00	6.963907e+00	6.536252e+00	6.147390e+00
5.792541e+00	5.465850e+00	5.159347e+00	4.865351e+00	4.577287e+00	4.283571e+00
3.965628e+00	3.589788e+00	3.100785e+00	2.783097e+00	2.383333e+00	1.993783e+00
1.566394e+00	1.467886e+00	1.414527e+00	1.409422e+00	1.397192e+00	1.394633e+00
1.399500e+00	1.410109e+00	1.153068e+01	1.100570e+01	1.053325e+01	1.014785e+01
9.811900e+00	9.157505e+00	8.559910e+00	8.011471e+00	7.509807e+00	7.052076e+00
6.636016e+00	6.257817e+00	5.912835e+00	5.595288e+00	5.297151e+00	5.010620e+00
4.729102e+00	4.440730e+00	4.126054e+00	3.749145e+00	3.247991e+00	2.914275e+00
2.484469e+00	2.056644e+00	1.576431e+00	1.462030e+00	1.397967e+00	1.391793e+00
1.378746e+00	1.376005e+00	1.380247e+00	1.389162e+00	1.147409e+01	1.096033e+01
1.050027e+01	1.012909e+01	9.808617e+00	9.176400e+00	8.597942e+00	8.065865e+00
7.578477e+00	7.133717e+00	6.730028e+00	6.363741e+00	6.030153e+00	5.723249e+00
5.434522e+00	5.155764e+00	4.880324e+00	4.596224e+00	4.284379e+00	3.910465e+00
3.407797e+00	3.063266e+00	2.603850e+00	2.132751e+00	1.591536e+00	1.464210e+00
1.387016e+00	1.378264e+00	1.361899e+00	1.358687e+00	1.362075e+00	1.370463e+00
1.141929e+01	1.091661e+01	1.046857e+01	1.011092e+01	9.803637e+00	9.194122e+00
8.634219e+00	8.118179e+00	7.644960e+00	7.213276e+00	6.822274e+00	6.468404e+00
6.146871e+00	5.851359e+00	5.572782e+00	5.302446e+00	5.033607e+00	4.754203e+00
4.445910e+00	4.077391e+00	3.578541e+00	3.226292e+00	2.738542e+00	2.221959e+00
1.613537e+00	1.469702e+00	1.378288e+00	1.366719e+00	1.346779e+00	1.343069e+00
1.345568e+00	1.353628e+00	1.137837e+01	1.088467e+01	1.044680e+01	1.010114e+01
9.804297e+00	9.215125e+00	8.672841e+00	8.172374e+00	7.713165e+00	7.294409e+00
6.915675e+00	6.573616e+00	6.263513e+00	5.979040e+00	5.710933e+00	5.450293e+00
5.190257e+00	4.918455e+00	4.616521e+00	4.253864e+00	3.756475e+00	3.396742e+00
2.885285e+00	2.327798e+00	1.645883e+00	1.479633e+00	1.371097e+00	1.356777e+00
1.334896e+00	1.330935e+00	1.332969e+00	1.339771e+00	1.134731e+01	1.086083e+01
1.043134e+01	1.009550e+01	9.809709e+00	9.238567e+00	8.712464e+00	8.226886e+00
7.781371e+00	7.375284e+00	7.008333e+00	6.677448e+00	6.378143e+00	6.104350e+00
5.847005e+00	5.597303e+00	5.348300e+00	5.087217e+00	4.794931e+00	4.439296e+00
3.941997e+00	3.575898e+00	3.047303e+00	2.457100e+00	1.699216e+00	1.502410e+00
1.365500e+00	1.348366e+00	1.325647e+00	1.321612e+00	1.323260e+00	1.328474e+00
1.131630e+01	1.083592e+01	1.041356e+01	1.008686e+01	9.810948e+00	9.256219e+00
8.745309e+00	8.273959e+00	7.841690e+00	7.447903e+00	7.092314e+00	6.772135e+00
6.483224e+00	6.219894e+00	5.973522e+00	5.735617e+00	5.499352e+00	5.251846e+00
4.973055e+00	4.627856e+00	4.132375e+00	3.760437e+00	3.215886e+00	2.595653e+00
1.764204e+00	1.533332e+00	1.361802e+00	1.339286e+00	1.317992e+00	1.314348e+00
1.313768e+00	1.318343e+00	1.128687e+01	1.081184e+01	1.039578e+01	1.007732e+01
9.811495e+00	9.271403e+00	8.774825e+00	8.317109e+00	7.897681e+00	7.515880e+00
7.171356e+00	6.861593e+00	6.582848e+00	6.329902e+00	6.094708e+00	5.869256e+00
5.646978e+00	5.415118e+00	5.152683e+00	4.820646e+00	4.328765e+00	3.951939e+00
3.393373e+00	2.746134e+00	1.843197e+00	1.574955e+00	1.358945e+00	1.330543e+00
1.311334e+00	1.308218e+00	1.304745e+00	1.309136e+00	1.126647e+01	1.079654e+01
1.038677e+01	1.007498e+01	9.813585e+00	9.288917e+00	8.805279e+00	8.359740e+00
7.951865e+00	7.581078e+00	7.247070e+00	6.947552e+00	6.679079e+00	6.436765e+00
6.212941e+00	5.999941e+00	5.791425e+00	5.574755e+00	5.328541e+00	5.011890e+00
4.530108e+00	4.152852e+00	3.584083e+00	2.910332e+00	1.930467e+00	1.622894e+00
1.359009e+00	1.327760e+00	1.305478e+00	1.302538e+00	1.296837e+00	1.301449e+00
1.125353e+01	1.078797e+01	1.038324e+01	1.007803e+01	9.824052e+00	9.310474e+00
8.837480e+00	8.402161e+00	8.004182e+00	7.643159e+00	7.318951e+00	7.029423e+00
6.771282e+00	6.539788e+00	6.327324e+00	6.126373e+00	5.930819e+00	5.728239e+00
5.497666e+00	5.199081e+00	4.736159e+00	4.364602e+00	3.790670e+00	3.091202e+00
2.029289e+00	1.681772e+00	1.367676e+00	1.327404e+00	1.300454e+00	1.297408e+00
1.289947e+00	1.295315e+00	1.124415e+01	1.078112e+01	1.037978e+01	1.007944e+01
9.830782e+00	9.326281e+00	8.862801e+00	8.437168e+00	8.048798e+00	7.697139e+00
7.381906e+00	7.101291e+00	6.852521e+00	6.631529e+00	6.431553e+00	6.245389e+00
6.066024e+00	5.878795e+00	5.661115e+00	5.374691e+00	4.927558e+00	4.568674e+00
4.010764e+00	3.302900e+00	2.139975e+00	1.741147e+00	1.378050e+00	1.328998e+00
1.296010e+00	1.291564e+00	1.285935e+00	1.289723e+00	1.123647e+01	1.077650e+01
1.037819e+01	1.008090e+01	9.836569e+00	9.339820e+00	8.884234e+00	8.467018e+00
8.087394e+00	7.744535e+00	7.437848e+00	7.165707e+00	6.925734e+00	6.714562e+00
6.526661e+00	6.355465e+00	6.193137e+00	6.022590e+00	5.818979e+00	5.544500e+00
5.112231e+00	4.768416e+00	4.236973e+00	3.534799e+00	2.267257e+00	1.806970e+00
1.390580e+00	1.334226e+00	1.292430e+00	1.286323e+00	1.282998e+00	1.284824e+00
1.122866e+01	1.077426e+01	1.038117e+01	1.008861e+01	9.847709e+00	9.356941e+00
8.906885e+00	8.495977e+00	8.123494e+00	7.788541e+00	7.490385e+00	7.227139e+00
6.996098e+00	6.793862e+00	6.615567e+00	6.455507e+00	6.306754e+00	6.153532e+00
5.971577e+00	5.720385e+00	5.309361e+00	4.975608e+00	4.454903e+00	3.752314e+00
2.416365e+00	1.895959e+00	1.406189e+00	1.339048e+00	1.290008e+00	1.283648e+00
1.279083e+00	1.280887e+00	1.122133e+01	1.077152e+01	1.038224e+01	1.009283e+01
9.855576e+00	9.372694e+00	8.930083e+00	8.525774e+00	8.159336e+00	7.830214e+00
7.538120e+00	7.281564e+00	7.058386e+00	6.865467e+00	6.697670e+00	6.549155e+00
6.413284e+00	6.274689e+00	6.110422e+00	5.882932e+00	5.504323e+00	5.188525e+00
4.679938e+00	3.971884e+00	2.572659e+00	2.002604e+00	1.428489e+00	1.345264e+00
1.287856e+00	1.282585e+00	1.273950e+00	1.277706e+00	1.122172e+01	1.077302e+01
1.038569e+01	1.009870e+01	9.863476e+00	9.385134e+00	8.947910e+00	8.549594e+00
8.189468e+00	7.866726e+00	7.580904e+00	7.330770e+00	7.114534e+00	6.929284e+00
6.769708e+00	6.630396e+00	6.506594e+00	6.386317e+00	6.247902e+00	6.047686e+00
5.693257e+00	5.391420e+00	4.902107e+00	4.202710e+00	2.744718e+00	2.120063e+00
1.453946e+00	1.353968e+00	1.287299e+00	1.280990e+00	1.271546e+00	1.274932e+00
1.123385e+01	1.078431e+01	1.039586e+01	1.010766e+01	9.871800e+00	9.394516e+00
8.960507e+00	8.567172e+00	8.213203e+00	7.897130e+00	7.617693e+00	7.373634e+00
7.163231e+00	6.983738e+00	6.830065e+00	6.697873e+00	6.585425e+00	6.486632e+00
6.381770e+00	6.211803e+00	5.870839e+00	5.577598e+00	5.115359e+00	4.444277e+00
2.936964e+00	2.247929e+00	1.483002e+00	1.367794e+00	1.287814e+00	1.278647e+00
1.270860e+00	1.272539e+00	1.122758e+01	1.078111e+01	1.039719e+01	1.011233e+01
9.878746e+00	9.405882e+00	8.976103e+00	8.586954e+00	8.236992e+00	7.924690e+00
7.648874e+00	7.408628e+00	7.202782e+00	7.029323e+00	6.884272e+00	6.763888e+00
6.665748e+00	6.581710e+00	6.491417e+00	6.343201e+00	6.037021e+00	5.764765e+00
5.327107e+00	4.677591e+00	3.143089e+00	2.388446e+00	1.519670e+00	1.386895e+00
1.289061e+00	1.278662e+00	1.267386e+00	1.270302e+00	1.121551e+01	1.077622e+01
1.039807e+01	1.011632e+01	9.885453e+00	9.417938e+00	8.992410e+00	8.606697e+00
8.259628e+00	7.949972e+00	7.676897e+00	7.439825e+00	7.238125e+00	7.070559e+00
6.934417e+00	6.826541e+00	6.742932e+00	6.671289e+00	6.590833e+00	6.462453e+00
6.197200e+00	5.950762e+00	5.537723e+00	4.909504e+00	3.362850e+00	2.542350e+00
1.562463e+00	1.410082e+00	1.291218e+00	1.278705e+00	1.263137e+00	1.268346e+00
1.120675e+01	1.077529e+01	1.040111e+01	1.012269e+01	9.893821e+00	9.430100e+00
9.007448e+00	8.624116e+00	8.279195e+00	7.971878e+00	7.701691e+00	7.468261e+00
7.271100e+00	7.109204e+00	6.980150e+00	6.881035e+00	6.808034e+00	6.748978e+00
6.684154e+00	6.578872e+00	6.351213e+00	6.129352e+00	5.740257e+00	5.134971e+00
3.592266e+00	2.716449e+00	1.610669e+00	1.434414e+00	1.294480e+00	1.279390e+00
1.262956e+00	1.267158e+00	1.119932e+01	1.077524e+01	1.040769e+01	1.013149e+01
9.903312e+00	9.441841e+00	9.020902e+00	8.639081e+00	8.295687e+00	7.990367e+00
7.722997e+00	7.493330e+00	7.300760e+00	7.144116e+00	7.020628e+00	6.927534e+00
6.862276e+00	6.815161e+00	6.768829e+00	6.688224e+00	6.495248e+00	6.297049e+00
5.931946e+00	5.351705e+00	3.829446e+00	2.911697e+00	1.667921e+00	1.462325e+00
1.300031e+00	1.281480e+00	1.264652e+00	1.266399e+00	1.118679e+01	1.077318e+01
1.041125e+01	1.013780e+01	9.909321e+00	9.449580e+00	9.030159e+00	8.649984e+00
8.308488e+00	8.005481e+00	7.741026e+00	7.514780e+00	7.325911e+00	7.173200e+00
7.054235e+00	6.966800e+00	6.909140e+00	6.872978e+00	6.842497e+00	6.783465e+00
6.620112e+00	6.444061e+00	6.115026e+00	5.576337e+00	4.064621e+00	3.096079e+00
1.739383e+00	1.504393e+00	1.305527e+00	1.280786e+00	1.264240e+00	1.265499e+00
1.116908e+01	1.076681e+01	1.041388e+01	1.014299e+01	9.913966e+00	9.455632e+00
9.037524e+00	8.658890e+00	8.319275e+00	8.018573e+00	7.756956e+00	7.533894e+00
7.348273e+00	7.198850e+00	7.083807e+00	7.001596e+00	6.951132e+00	6.925201e+00
6.909260e+00	6.870243e+00	6.733976e+00	6.579255e+00	6.292108e+00	5.805149e+00
4.302273e+00	3.279168e+00	1.824554e+00	1.560458e+00	1.311469e+00	1.278850e+00
1.263026e+00	1.264539e+00	1.114773e+01	1.075818e+01	1.041413e+01	1.014432e+01
9.915016e+00	9.458218e+00	9.041854e+00	8.664897e+00	8.327081e+00	8.028447e+00
7.769251e+00	7.548885e+00	7.366121e+00	7.219773e+00	7.108383e+00	7.030882e+00
6.986749e+00	6.969558e+00	6.966224e+00	6.946154e+00	6.838349e+00	6.705085e+00
6.454443e+00	6.014877e+00	4.545015e+00	3.478756e+00	1.915666e+00	1.618945e+00
1.319350e+00	1.278511e+00	1.262872e+00	1.263477e+00	1.111857e+01	1.074343e+01
1.041075e+01	1.014433e+01	9.914128e+00	9.459180e+00	9.044305e+00	8.668703e+00
8.332308e+00	8.035316e+00	7.778022e+00	7.559811e+00	7.379451e+00	7.235884e+00
7.127886e+00	7.054720e+00	7.016193e+00	7.005990e+00	7.012525e+00	7.009424e+00
6.930918e+00	6.818998e+00	6.598603e+00	6.201426e+00	4.791042e+00	3.697739e+00
2.013838e+00	1.680361e+00	1.331347e+00	1.282335e+00	1.264944e+00	1.262206e+00
1.110726e+01	1.074151e+01	1.041294e+01	1.014652e+01	9.914437e+00	9.459271e+00
9.045051e+00	8.671119e+00	8.336938e+00	8.042369e+00	7.787269e+00	7.571092e+00
7.392945e+00	7.251700e+00	7.145275e+00	7.072877e+00	7.036381e+00	7.034056e+00
7.058577e+00	7.078968e+00	7.026395e+00	6.931353e+00	6.727255e+00	6.347033e+00
5.026137e+00	3.963863e+00	2.119672e+00	1.738144e+00	1.347072e+00	1.293079e+00
1.264000e+00	1.261742e+00	1.109768e+01	1.074075e+01	1.041697e+01	1.015054e+01
9.916396e+00	9.459844e+00	9.046210e+00	8.674046e+00	8.342122e+00	8.049639e+00
7.796214e+00	7.581587e+00	7.405275e+00	7.266179e+00	7.161579e+00	7.090273e+00
7.055638e+00	7.059766e+00	7.096449e+00	7.134027e+00	7.112226e+00	7.038058e+00
6.848101e+00	6.475680e+00	5.250120e+00	4.251457e+00	2.238970e+00	1.801422e+00
1.366519e+00	1.309802e+00	1.261874e+00	1.261499e+00	1.106091e+01	1.072139e+01
1.041152e+01	1.015106e+01	9.919200e+00	9.467134e+00	9.054880e+00	8.682560e+00
8.349861e+00	8.056720e+00	7.803384e+00	7.589520e+00	7.414503e+00	7.277678e+00
7.177812e+00	7.114160e+00	7.087074e+00	7.091362e+00	7.119012e+00	7.157703e+00
7.171802e+00	7.130218e+00	6.972452e+00	6.626631e+00	5.467763e+00	4.491275e+00
2.383583e+00	1.894751e+00	1.387102e+00	1.318379e+00	1.262987e+00	1.261030e+00
1.104669e+01	1.071580e+01	1.041246e+01	1.015333e+01	9.921035e+00	9.469731e+00
9.058205e+00	8.686686e+00	8.354846e+00	8.062604e+00	7.810189e+00	7.597338e+00
7.423564e+00	7.288293e+00	7.190335e+00	7.129086e+00	7.105066e+00	7.113520e+00
7.147083e+00	7.195500e+00	7.228933e+00	7.205093e+00	7.077173e+00	6.769063e+00
5.677636e+00	4.730613e+00	2.546635e+00	1.998942e+00	1.411630e+00	1.328622e+00
1.264747e+00	1.260477e+00	1.103706e+01	1.071360e+01	1.041468e+01	1.015714e+01
9.923914e+00	9.473180e+00	9.062248e+00	8.691437e+00	8.360401e+00	8.069015e+00
7.817407e+00	7.605405e+00	7.432705e+00	7.298779e+00	7.202342e+00	7.142877e+00
7.121282e+00	7.133621e+00	7.173897e+00	7.232241e+00	7.280787e+00	7.271808e+00
7.172866e+00	6.904159e+00	5.880364e+00	4.968520e+00	2.725998e+00	2.115181e+00
1.439967e+00	1.340746e+00	1.267215e+00	1.260244e+00	1.102976e+01	1.071274e+01
1.041833e+01	1.016172e+01	9.928004e+00	9.477621e+00	9.067160e+00	8.696892e+00
8.366435e+00	8.075630e+00	7.824567e+00	7.613177e+00	7.441308e+00	7.308501e+00
7.213496e+00	7.155763e+00	7.136392e+00	7.151843e+00	7.196845e+00	7.262899e+00
7.325602e+00	7.330232e+00	7.257999e+00	7.027067e+00	6.072878e+00	5.201154e+00
2.921098e+00	2.245714e+00	1.473955e+00	1.355969e+00	1.271125e+00	1.260194e+00
1.101922e+01	1.070826e+01	1.041748e+01	1.016162e+01	9.927492e+00	9.477541e+00
9.067672e+00	8.698016e+00	8.368198e+00	8.078079e+00	7.827791e+00	7.617167e+00
7.445910e+00	7.313652e+00	7.219597e+00	7.163593e+00	7.146621e+00	7.164736e+00
7.212949e+00	7.285670e+00	7.362431e+00	7.378623e+00	7.325918e+00	7.129431e+00
6.264811e+00	5.427907e+00	3.120391e+00	2.387722e+00	1.514286e+00	1.373278e+00
1.279293e+00	1.259987e+00	1.100834e+01	1.070242e+01	1.041620e+01	1.016148e+01
9.926715e+00	9.477421e+00	9.068000e+00	8.698790e+00	8.369471e+00	8.079919e+00
7.830305e+00	7.620365e+00	7.449627e+00	7.317794e+00	7.224532e+00	7.170081e+00
7.155319e+00	7.175805e+00	7.226701e+00	7.305338e+00	7.395264e+00	7.422100e+00
7.386411e+00	7.221652e+00	6.451984e+00	5.654070e+00	3.329344e+00	2.541186e+00
1.560137e+00	1.393353e+00	1.289730e+00	1.259745e+00	1.100143e+01	1.070069e+01
1.041678e+01	1.016242e+01	9.927437e+00	9.478302e+00	9.069454e+00	8.700795e+00
8.371989e+00	8.082966e+00	7.833917e+00	7.624546e+00	7.454297e+00	7.322951e+00
7.230490e+00	7.177385e+00	7.164447e+00	7.186981e+00	7.240347e+00	7.323736e+00
7.425032e+00	7.462634e+00	7.443399e+00	7.303521e+00	6.618144e+00	5.883940e+00
3.553003e+00	2.705070e+00	1.612013e+00	1.419811e+00	1.297377e+00	1.259752e+00
1.099681e+01	1.070019e+01	1.041976e+01	1.016616e+01	9.930678e+00	9.481774e+00
9.072992e+00	8.704458e+00	8.375832e+00	8.087052e+00	7.838274e+00	7.629258e+00
7.459457e+00	7.328686e+00	7.236993e+00	7.184900e+00	7.173286e+00	7.197512e+00
7.253168e+00	7.340310e+00	7.450887e+00	7.498450e+00	7.494951e+00	7.375248e+00
6.763296e+00	6.109039e+00	3.791167e+00	2.881723e+00	1.672689e+00	1.455851e+00
1.303312e+00	1.259905e+00	1.099155e+01	1.069896e+01	1.042083e+01	1.016796e+01
9.932086e+00	9.483405e+00	9.074765e+00	8.706384e+00	8.377926e+00	8.089291e+00
7.840643e+00	7.631881e+00	7.462687e+00	7.332867e+00	7.242023e+00	7.190447e+00
7.179373e+00	7.205054e+00	7.263787e+00	7.355135e+00	7.470171e+00	7.522672e+00
7.537836e+00	7.449339e+00	6.892120e+00	6.287899e+00	4.046171e+00	3.081372e+00
1.740954e+00	1.493640e+00	1.309384e+00	1.259905e+00	1.098611e+01	1.069704e+01
1.042149e+01	1.016923e+01	9.933038e+00	9.484545e+00	9.076030e+00	8.707775e+00
8.379455e+00	8.090923e+00	7.842354e+00	7.633792e+00	7.465176e+00	7.336339e+00
7.246324e+00	7.195066e+00	7.184258e+00	7.211219e+00	7.273131e+00	7.368682e+00
7.486216e+00	7.541881e+00	7.575652e+00	7.522579e+00	7.010804e+00	6.444628e+00
4.316631e+00	3.301890e+00	1.817321e+00	1.534661e+00	1.315618e+00	1.259875e+00
1.098095e+01	1.069501e+01	1.042161e+01	1.016963e+01	9.933261e+00	9.484926e+00
9.076601e+00	8.708536e+00	8.380410e+00	8.092068e+00	7.843708e+00	7.635360e+00
7.467163e+00	7.338942e+00	7.249569e+00	7.198774e+00	7.188510e+00	7.216622e+00
7.280441e+00	7.379166e+00	7.500621e+00	7.560253e+00	7.607081e+00	7.579885e+00
7.125084e+00	6.602071e+00	4.580823e+00	3.526988e+00	1.903904e+00	1.582882e+00
1.324219e+00	1.259834e+00	1.097573e+01	1.069267e+01	1.042123e+01	1.016971e+01
9.933198e+00	9.485013e+00	9.076843e+00	8.708953e+00	8.381026e+00	8.092910e+00
7.844847e+00	7.636637e+00	7.468697e+00	7.340836e+00	7.252098e+00	7.201891e+00
7.192449e+00	7.221654e+00	7.285535e+00	7.386237e+00	7.513161e+00	7.578124e+00
7.632639e+00	7.621728e+00	7.233931e+00	6.760741e+00	4.830965e+00	3.752160e+00
2.005614e+00	1.643072e+00	1.338071e+00	1.259757e+00	1.097970e+01	1.069536e+01
1.042247e+01	1.016961e+01	9.931782e+00	9.482584e+00	9.074370e+00	8.706909e+00
8.379659e+00	8.092309e+00	7.844911e+00	7.637476e+00	7.469929e+00	7.341875e+00
7.251816e+00	7.199825e+00	7.189198e+00	7.220924e+00	7.294870e+00	7.402085e+00
7.526425e+00	7.589864e+00	7.648715e+00	7.655004e+00	7.334487e+00	6.904527e+00
5.072761e+00	3.984842e+00	2.122790e+00	1.712457e+00	1.352884e+00	1.259542e+00
1.098725e+01	1.070027e+01	1.042511e+01	1.016954e+01	9.929708e+00	9.478697e+00
9.070388e+00	8.703586e+00	8.377395e+00	8.091254e+00	7.844891e+00	7.638301e+00
7.471153e+00	7.342803e+00	7.250937e+00	7.195918e+00	7.183188e+00	7.218790e+00
7.305224e+00	7.420272e+00	7.538547e+00	7.599070e+00	7.661605e+00	7.683717e+00
7.423461e+00	7.034544e+00	5.306615e+00	4.222567e+00	2.257102e+00	1.793833e+00
1.369546e+00	1.259319e+00	1.098408e+01	1.069936e+01	1.042545e+01	1.017042e+01
9.930469e+00	9.479675e+00	9.071484e+00	8.704751e+00	8.378606e+00	8.092504e+00
7.846129e+00	7.639518e+00	7.472471e+00	7.344370e+00	7.253133e+00	7.198649e+00
7.186515e+00	7.222732e+00	7.308521e+00	7.424520e+00	7.546083e+00	7.610517e+00
7.679281e+00	7.712319e+00	7.497212e+00	7.154070e+00	5.535252e+00	4.460495e+00
2.405603e+00	1.890011e+00	1.390253e+00	1.259304e+00	1.096717e+01	1.068897e+01
1.042055e+01	1.016881e+01	9.930649e+00	9.481779e+00	9.073969e+00	8.706886e+00
8.380002e+00	8.093062e+00	7.846081e+00	7.638982e+00	7.471890e+00	7.344497e+00
7.255316e+00	7.204666e+00	7.195670e+00	7.228856e+00	7.303808e+00	7.414111e+00
7.548921e+00	7.622825e+00	7.696683e+00	7.734401e+00	7.562054e+00	7.258061e+00
5.751442e+00	4.697967e+00	2.567903e+00	2.001406e+00	1.413949e+00	1.259188e+00
1.095934e+01	1.068457e+01	1.041852e+01	1.016828e+01	9.931084e+00	9.483769e+00
9.076167e+00	8.708840e+00	8.381455e+00	8.093870e+00	7.846251e+00	7.638946e+00
7.471848e+00	7.344906e+00	7.257427e+00	7.208951e+00	7.201636e+00	7.233474e+00
7.302124e+00	7.410021e+00	7.552600e+00	7.632738e+00	7.711654e+00	7.755264e+00
7.616987e+00	7.349870e+00	5.956032e+00	4.934407e+00	2.744066e+00	2.125622e+00
1.441228e+00	1.259151e+00	1.095873e+01	1.068513e+01	1.042012e+01	1.017012e+01
9.932802e+00	9.485242e+00	9.077613e+00	8.710266e+00	8.382899e+00	8.095442e+00
7.848077e+00	7.640903e+00	7.473949e+00	7.347076e+00	7.259375e+00	7.210904e+00
7.203773e+00	7.236054e+00	7.306216e+00	7.415498e+00	7.559111e+00	7.639813e+00
7.723684e+00	7.775786e+00	7.661893e+00	7.429418e+00	6.146391e+00	5.167120e+00
2.935493e+00	2.264148e+00	1.473421e+00	1.259247e+00	