1.163677e-01	1.206710e-01	1.249629e-01	1.291941e-01	1.333570e-01	1.414734e-01
1.493056e-01	1.569162e-01	1.645064e-01	1.725196e-01	1.816513e-01	1.923971e-01
2.054554e-01	2.219565e-01	2.437433e-01	2.720236e-01	3.039929e-01	3.286667e-01
3.343939e-01	3.290579e-01	3.279234e-01	3.357173e-01	3.611384e-01	3.927146e-01
3.737396e-01	3.547620e-01	3.596514e-01	3.632129e-01	3.625291e-01	3.618035e-01
3.637533e-01	3.624607e-01	1.332344e-01	1.380102e-01	1.427730e-01	1.474717e-01
1.520989e-01	1.611360e-01	1.698808e-01	1.784025e-01	1.869174e-01	1.958988e-01
2.060875e-01	2.180081e-01	2.323955e-01	2.504345e-01	2.740438e-01	3.044355e-01
3.385857e-01	3.649875e-01	3.715359e-01	3.664231e-01	3.655085e-01	3.736688e-01
4.000403e-01	4.325932e-01	4.131051e-01	3.935677e-01	3.986122e-01	4.022778e-01
4.015701e-01	4.008248e-01	4.028276e-01	4.015000e-01	1.525457e-01	1.578409e-01
1.631215e-01	1.683351e-01	1.734748e-01	1.835313e-01	1.932914e-01	2.028308e-01
2.123813e-01	2.224464e-01	2.338111e-01	2.470284e-01	2.628682e-01	2.825665e-01
3.081111e-01	3.407094e-01	3.771149e-01	4.053222e-01	4.128035e-01	4.080313e-01
4.074014e-01	4.159106e-01	4.431327e-01	4.765212e-01	4.566168e-01	4.366183e-01
4.417936e-01	4.455442e-01	4.448155e-01	4.440548e-01	4.460993e-01	4.447440e-01
1.746562e-01	1.805211e-01	1.863701e-01	1.921501e-01	1.978548e-01	2.090393e-01
2.199280e-01	2.306040e-01	2.413143e-01	2.525916e-01	2.652640e-01	2.799118e-01
2.973366e-01	3.188211e-01	3.464134e-01	3.813053e-01	4.200285e-01	4.501143e-01
4.586547e-01	4.543641e-01	4.540958e-01	4.629277e-01	4.908670e-01	5.249101e-01
5.047115e-01	4.843779e-01	4.896528e-01	4.934641e-01	4.927180e-01	4.919471e-01
4.940192e-01	4.926457e-01	1.999714e-01	2.064601e-01	2.129322e-01	2.193344e-01
2.256612e-01	2.380925e-01	2.502354e-01	2.621801e-01	2.741889e-01	2.868219e-01
3.009481e-01	3.171724e-01	3.363247e-01	3.597273e-01	3.894772e-01	4.267382e-01
4.678254e-01	4.998563e-01	5.095988e-01	5.059581e-01	5.061422e-01	5.152598e-01
5.437433e-01	5.782126e-01	5.578721e-01	5.373617e-01	5.426965e-01	5.465380e-01
5.457792e-01	5.450048e-01	5.470867e-01	5.457067e-01	2.289558e-01	2.361264e-01
2.432800e-01	2.503645e-01	2.573754e-01	2.711836e-01	2.847192e-01	2.980799e-01
3.115419e-01	3.256911e-01	3.414326e-01	3.593930e-01	3.804250e-01	4.058820e-01
4.378944e-01	4.775846e-01	5.210614e-01	5.550953e-01	5.662013e-01	5.634108e-01
5.641539e-01	5.735079e-01	6.023154e-01	6.369277e-01	6.166319e-01	5.961411e-01
6.014865e-01	6.053201e-01	6.045546e-01	6.037849e-01	6.058547e-01	6.044827e-01
2.621414e-01	2.700555e-01	2.779531e-01	2.857846e-01	2.935468e-01	3.088739e-01
3.239552e-01	3.388954e-01	3.539837e-01	3.698276e-01	3.873631e-01	4.072339e-01
4.303079e-01	4.579586e-01	4.923304e-01	5.344893e-01	5.803553e-01	6.164387e-01
6.290909e-01	6.273873e-01	6.288146e-01	6.383407e-01	6.671969e-01	7.016052e-01
6.815808e-01	6.613502e-01	6.666451e-01	6.704245e-01	6.696595e-01	6.689046e-01
6.709356e-01	6.695892e-01	3.001370e-01	3.088598e-01	3.175679e-01	3.262157e-01
3.348016e-01	3.518025e-01	3.685981e-01	3.852996e-01	4.022073e-01	4.199454e-01
4.394724e-01	4.614431e-01	4.867317e-01	5.167169e-01	5.535336e-01	5.981743e-01
6.463966e-01	6.845612e-01	6.989658e-01	6.986284e-01	7.008864e-01	7.105027e-01
7.390675e-01	7.728503e-01	7.533707e-01	7.336921e-01	7.388623e-01	7.425311e-01
7.417756e-01	7.410475e-01	7.430074e-01	7.417081e-01	3.436397e-01	3.532399e-01
3.628287e-01	3.723667e-01	3.818544e-01	4.006975e-01	4.193930e-01	4.380580e-01
4.570005e-01	4.768550e-01	4.985915e-01	5.228683e-01	5.505540e-01	5.830141e-01
6.223452e-01	6.694475e-01	7.199530e-01	7.602119e-01	7.766018e-01	7.779592e-01
7.812188e-01	7.908222e-01	8.186799e-01	8.513302e-01	8.327221e-01	8.139473e-01
8.189027e-01	8.223930e-01	8.216580e-01	8.209713e-01	8.228212e-01	8.215947e-01
3.934479e-01	4.039969e-01	4.145403e-01	4.250469e-01	4.355200e-01	4.563882e-01
4.771878e-01	4.980404e-01	5.192582e-01	5.414768e-01	5.656636e-01	5.924703e-01
6.227449e-01	6.578175e-01	6.997110e-01	7.492129e-01	8.018797e-01	8.442228e-01
8.628612e-01	8.662982e-01	8.707584e-01	8.802216e-01	9.068683e-01	9.377793e-01
9.204314e-01	9.029811e-01	9.076138e-01	9.108444e-01	9.101429e-01	9.095150e-01
9.112085e-01	9.100855e-01	4.504755e-01	4.620473e-01	4.736220e-01	4.851800e-01
4.967276e-01	5.198190e-01	5.429470e-01	5.662360e-01	5.899974e-01	6.148559e-01
6.417583e-01	6.713374e-01	7.044019e-01	7.422186e-01	7.866943e-01	8.384824e-01
8.931292e-01	9.375176e-01	9.587016e-01	9.646682e-01	9.705607e-01	9.797272e-01
1.004556e+00	1.033007e+00	1.017379e+00	1.001754e+00	1.005935e+00	1.008809e+00
1.008157e+00	1.007608e+00	1.009090e+00	1.008107e+00	5.157687e-01	5.284389e-01
5.411241e-01	5.538204e-01	5.665373e-01	5.920657e-01	6.177683e-01	6.437696e-01
6.703735e-01	6.981791e-01	7.280896e-01	7.607029e-01	7.967660e-01	8.374488e-01
8.844908e-01	9.383886e-01	9.947625e-01	1.041122e+00	1.065187e+00	1.074208e+00
1.081802e+00	1.090481e+00	1.112767e+00	1.137905e+00	1.124538e+00	1.111331e+00
1.114907e+00	1.117310e+00	1.116726e+00	1.116281e+00	1.117487e+00	1.116687e+00
5.905258e-01	6.043704e-01	6.182469e-01	6.321716e-01	6.461581e-01	6.743536e-01
7.029003e-01	7.319197e-01	7.616993e-01	7.927940e-01	8.260344e-01	8.619643e-01
9.012413e-01	9.448974e-01	9.944447e-01	1.050199e+00	1.107961e+00	1.156177e+00
1.183501e+00	1.196187e+00	1.205793e+00	1.213756e+00	1.232635e+00	1.253454e+00
1.242984e+00	1.232894e+00	1.235684e+00	1.237481e+00	1.236987e+00	1.236675e+00
1.237527e+00	1.236961e+00	6.761184e-01	6.912124e-01	7.063615e-01	7.216074e-01
7.369687e-01	7.680782e-01	7.997640e-01	8.321399e-01	8.654665e-01	9.002308e-01
9.371551e-01	9.767053e-01	1.019416e+00	1.066132e+00	1.118067e+00	1.175331e+00
1.234041e+00	1.283945e+00	1.314955e+00	1.332017e+00	1.343995e+00	1.350967e+00
1.365414e+00	1.380738e+00	1.373906e+00	1.367755e+00	1.369545e+00	1.370577e+00
1.370199e+00	1.370053e+00	1.370462e+00	1.370189e+00	7.741171e-01	7.905328e-01
8.070345e-01	8.236961e-01	8.405417e-01	8.748290e-01	9.099761e-01	9.460832e-01
9.833701e-01	1.022227e+00	1.063224e+00	1.106720e+00	1.153086e+00	1.202922e+00
1.257058e+00	1.315373e+00	1.374468e+00	1.425834e+00	1.461011e+00	1.483270e+00
1.498038e+00	1.503688e+00	1.512497e+00	1.520946e+00	1.518617e+00	1.517367e+00
1.517907e+00	1.517987e+00	1.517757e+00	1.517817e+00	1.517677e+00	1.517767e+00
8.866751e-01	9.044317e-01	9.223223e-01	9.404679e-01	9.588975e-01	9.966519e-01
1.035672e+00	1.076034e+00	1.117894e+00	1.161490e+00	1.207156e+00	1.255088e+00
1.305416e+00	1.358385e+00	1.414274e+00	1.472694e+00	1.531081e+00	1.583575e+00
1.624125e+00	1.653555e+00	1.672202e+00	1.675884e+00	1.676484e+00	1.675092e+00
1.678849e+00	1.684452e+00	1.683346e+00	1.682113e+00	1.682073e+00	1.682413e+00
1.681506e+00	1.682106e+00	1.015302e+00	1.034484e+00	1.053857e+00	1.073594e+00
1.093730e+00	1.135243e+00	1.178484e+00	1.223497e+00	1.270357e+00	1.319117e+00
1.369823e+00	1.422480e+00	1.476934e+00	1.533014e+00	1.590375e+00	1.648346e+00
1.705371e+00	1.758627e+00	1.804772e+00	1.841878e+00	1.864605e+00	1.866001e+00
1.857393e+00	1.845101e+00	1.855762e+00	1.869039e+00	1.866002e+00	1.863288e+00
1.863476e+00	1.864133e+00	1.862373e+00	1.863538e+00	1.160735e+00	1.181668e+00
1.202818e+00	1.224382e+00	1.246413e+00	1.291930e+00	1.339437e+00	1.388953e+00
1.440491e+00	1.493986e+00	1.549314e+00	1.606350e+00	1.664760e+00	1.724087e+00
1.783600e+00	1.842374e+00	1.899277e+00	1.952976e+00	2.001476e+00	2.041605e+00
2.065541e+00	2.065473e+00	2.052106e+00	2.034457e+00	2.050318e+00	2.068263e+00
2.063320e+00	2.059586e+00	2.060040e+00	2.060932e+00	2.058667e+00	2.060152e+00
1.324331e+00	1.347465e+00	1.370797e+00	1.394504e+00	1.418669e+00	1.468459e+00
1.520197e+00	1.573882e+00	1.629504e+00	1.686982e+00	1.746174e+00	1.806917e+00
1.868834e+00	1.931365e+00	1.993740e+00	2.054869e+00	2.113302e+00	2.167119e+00
2.213928e+00	2.251472e+00	2.273352e+00	2.272957e+00	2.260526e+00	2.244956e+00
2.263156e+00	2.281453e+00	2.274958e+00	2.270916e+00	2.271636e+00	2.272627e+00
2.270349e+00	2.271812e+00	1.506193e+00	1.531970e+00	1.557904e+00	1.584145e+00
1.610794e+00	1.665445e+00	1.721819e+00	1.779854e+00	1.839441e+00	1.900413e+00
1.962523e+00	2.025556e+00	2.089185e+00	2.152960e+00	2.216487e+00	2.278927e+00
2.338541e+00	2.392592e+00	2.437831e+00	2.472085e+00	2.491375e+00	2.492351e+00
2.484903e+00	2.475304e+00	2.490858e+00	2.504562e+00	2.499153e+00	2.496053e+00
2.496686e+00	2.497469e+00	2.495772e+00	2.496836e+00	1.708808e+00	1.737759e+00
1.766796e+00	1.796015e+00	1.825529e+00	1.885633e+00	1.946975e+00	2.009397e+00
2.072648e+00	2.136462e+00	2.200470e+00	2.264427e+00	2.328166e+00	2.391536e+00
2.454858e+00	2.517838e+00	2.578368e+00	2.632504e+00	2.675649e+00	2.705434e+00
2.721433e+00	2.725121e+00	2.726308e+00	2.726605e+00	2.735426e+00	2.740447e+00
2.738026e+00	2.736857e+00	2.737150e+00	2.737483e+00	2.736859e+00	2.737211e+00
1.929625e+00	1.962834e+00	1.995948e+00	2.028929e+00	2.061899e+00	2.128137e+00
2.194437e+00	2.260590e+00	2.326354e+00	2.391634e+00	2.456348e+00	2.520310e+00
2.583450e+00	2.645744e+00	2.707835e+00	2.769685e+00	2.829038e+00	2.881541e+00
2.922287e+00	2.949366e+00	2.964218e+00	2.969834e+00	2.977029e+00	2.984385e+00
2.989644e+00	2.989322e+00	2.988325e+00	2.988281e+00	2.988419e+00	2.988455e+00
2.988535e+00	2.988436e+00	2.166273e+00	2.205318e+00	2.243930e+00	2.281810e+00
2.319081e+00	2.392347e+00	2.463433e+00	2.532174e+00	2.598628e+00	2.663339e+00
2.727160e+00	2.790084e+00	2.851984e+00	2.912646e+00	2.972338e+00	3.030807e+00
3.086058e+00	3.134626e+00	3.172883e+00	3.200414e+00	3.217753e+00	3.223791e+00
3.232207e+00	3.241566e+00	3.248631e+00	3.248888e+00	3.246594e+00	3.246263e+00
3.246564e+00	3.246581e+00	3.246706e+00	3.246615e+00	2.422273e+00	2.467941e+00
2.512731e+00	2.555992e+00	2.597871e+00	2.678269e+00	2.753534e+00	2.823604e+00
2.889009e+00	2.951203e+00	3.012304e+00	3.072588e+00	3.131851e+00	3.189624e+00
3.245681e+00	3.299454e+00	3.349379e+00	3.393192e+00	3.428679e+00	3.456056e+00
3.475526e+00	3.482874e+00	3.492981e+00	3.504098e+00	3.513018e+00	3.513658e+00
3.510254e+00	3.509694e+00	3.510117e+00	3.510133e+00	3.510278e+00	3.510212e+00
2.696745e+00	2.749551e+00	2.800934e+00	2.849809e+00	2.896362e+00	2.983556e+00
3.062013e+00	3.131864e+00	3.194250e+00	3.251780e+00	3.308115e+00	3.363895e+00
3.418836e+00	3.472214e+00	3.523277e+00	3.571141e+00	3.614761e+00	3.653172e+00
3.685510e+00	3.711999e+00	3.733133e+00	3.742527e+00	3.754800e+00	3.767540e+00
3.778047e+00	3.778721e+00	3.774589e+00	3.773920e+00	3.774416e+00	3.774436e+00
3.774600e+00	3.774552e+00	2.988234e+00	3.047993e+00	3.105737e+00	3.159888e+00
3.210668e+00	3.303526e+00	3.383705e+00	3.451634e+00	3.509071e+00	3.559904e+00
3.609408e+00	3.658624e+00	3.707222e+00	3.754371e+00	3.798938e+00	3.839890e+00
3.876628e+00	3.909180e+00	3.937736e+00	3.962901e+00	3.985595e+00	3.996904e+00
4.011081e+00	4.025081e+00	4.036841e+00	4.037644e+00	4.033191e+00	4.032482e+00
4.033034e+00	4.033054e+00	4.033225e+00	4.033186e+00	3.297608e+00	3.363619e+00
3.426983e+00	3.485616e+00	3.539790e+00	3.636559e+00	3.716644e+00	3.780741e+00
3.831324e+00	3.873509e+00	3.914162e+00	3.954738e+00	3.994943e+00	4.033984e+00
4.070611e+00	4.103818e+00	4.133367e+00	4.159878e+00	4.184263e+00	4.207633e+00
4.231557e+00	4.244541e+00	4.260074e+00	4.274605e+00	4.287215e+00	4.288291e+00
4.284114e+00	4.283436e+00	4.283995e+00	4.284008e+00	4.284190e+00	4.284168e+00
3.624931e+00	3.696101e+00	3.763970e+00	3.825954e+00	3.882380e+00	3.980794e+00
4.058604e+00	4.116802e+00	4.158584e+00	4.190232e+00	4.220083e+00	4.249997e+00
4.279804e+00	4.308903e+00	4.336203e+00	4.360925e+00	4.383058e+00	4.403398e+00
4.423175e+00	4.444154e+00	4.468714e+00	4.482954e+00	4.499038e+00	4.513173e+00
4.526098e+00	4.527582e+00	4.524362e+00	4.523813e+00	4.524331e+00	4.524343e+00
4.524515e+00	4.524512e+00	3.965196e+00	4.039572e+00	4.110028e+00	4.173515e+00
4.230422e+00	4.327217e+00	4.399934e+00	4.449881e+00	4.480889e+00	4.500248e+00
4.517488e+00	4.534847e+00	4.552386e+00	4.569865e+00	4.586664e+00	4.602433e+00
4.617202e+00	4.631442e+00	4.646191e+00	4.664030e+00	4.688289e+00	4.703098e+00
4.718607e+00	4.731137e+00	4.743626e+00	4.745646e+00	4.744186e+00	4.743886e+00
4.744306e+00	4.744326e+00	4.744456e+00	4.744476e+00	4.316074e+00	4.391381e+00
4.462189e+00	4.525012e+00	4.580343e+00	4.671817e+00	4.736307e+00	4.775491e+00
4.793752e+00	4.799190e+00	4.802251e+00	4.805497e+00	4.809313e+00	4.813928e+00
4.819359e+00	4.825783e+00	4.833145e+00	4.841150e+00	4.850276e+00	4.864040e+00
4.886768e+00	4.901288e+00	4.915030e+00	4.924717e+00	4.935912e+00	4.938546e+00
4.939556e+00	4.939615e+00	4.939884e+00	4.939904e+00	4.939977e+00	4.940019e+00
4.682171e+00	4.756471e+00	4.825730e+00	4.886041e+00	4.938025e+00	5.020950e+00
5.074425e+00	5.100526e+00	5.104146e+00	5.094083e+00	5.081527e+00	5.069342e+00
5.058276e+00	5.049057e+00	5.042403e+00	5.039014e+00	5.038658e+00	5.040043e+00
5.042901e+00	5.051738e+00	5.071892e+00	5.085448e+00	5.096543e+00	5.102522e+00
5.111752e+00	5.115003e+00	5.118930e+00	5.119421e+00	5.119501e+00	5.119520e+00
5.119522e+00	5.119589e+00	5.059068e+00	5.129206e+00	5.193928e+00	5.249069e+00
5.295374e+00	5.365928e+00	5.405471e+00	5.416033e+00	5.402942e+00	5.375658e+00
5.346037e+00	5.317355e+00	5.290833e+00	5.267618e+00	5.248827e+00	5.235345e+00
5.226683e+00	5.220599e+00	5.216105e+00	5.218487e+00	5.234024e+00	5.245490e+00
5.252522e+00	5.253406e+00	5.259445e+00	5.263233e+00	5.270708e+00	5.271740e+00
5.271563e+00	5.271604e+00	5.271490e+00	5.271595e+00	5.440022e+00	5.503128e+00
5.560506e+00	5.607767e+00	5.645815e+00	5.699384e+00	5.721279e+00	5.713658e+00
5.682226e+00	5.636860e+00	5.589719e+00	5.544383e+00	5.502401e+00	5.465176e+00
5.434219e+00	5.410524e+00	5.393264e+00	5.379162e+00	5.366452e+00	5.361234e+00
5.370614e+00	5.378965e+00	5.380909e+00	5.375960e+00	5.378025e+00	5.382195e+00
5.393386e+00	5.394998e+00	5.394539e+00	5.394596e+00	5.394362e+00	5.394505e+00
5.815723e+00	5.877053e+00	5.930400e+00	5.969647e+00	5.996424e+00	6.022102e+00
6.014114e+00	5.981527e+00	5.930784e+00	5.870396e+00	5.810198e+00	5.752256e+00
5.696019e+00	5.642428e+00	5.596292e+00	5.561020e+00	5.535031e+00	5.512346e+00
5.489238e+00	5.474955e+00	5.477191e+00	5.479948e+00	5.475053e+00	5.464102e+00
5.461229e+00	5.465306e+00	5.480296e+00	5.482532e+00	5.481855e+00	5.481719e+00
5.481565e+00	5.481670e+00	6.193722e+00	6.255592e+00	6.306068e+00	6.336412e+00
6.349388e+00	6.339764e+00	6.294611e+00	6.233182e+00	6.162282e+00	6.087956e+00
6.016477e+00	5.947591e+00	5.877579e+00	5.806632e+00	5.744132e+00	5.696753e+00
5.661926e+00	5.630409e+00	5.596228e+00	5.572490e+00	5.567281e+00	5.563876e+00
5.551998e+00	5.535383e+00	5.527681e+00	5.531547e+00	5.550009e+00	5.552825e+00
5.551962e+00	5.551600e+00	5.551567e+00	5.551619e+00	6.580964e+00	6.634916e+00
6.675417e+00	6.692522e+00	6.689862e+00	6.646017e+00	6.566992e+00	6.477096e+00
6.383284e+00	6.290276e+00	6.202564e+00	6.118935e+00	6.034528e+00	5.948952e+00
5.872598e+00	5.812653e+00	5.766177e+00	5.723255e+00	5.677662e+00	5.642649e+00
5.624391e+00	5.613151e+00	5.593226e+00	5.570232e+00	5.555776e+00	5.558055e+00
5.576214e+00	5.579042e+00	5.578027e+00	5.577579e+00	5.577576e+00	5.577619e+00
6.972744e+00	7.007657e+00	7.029539e+00	7.028677e+00	7.008861e+00	6.933410e+00
6.825568e+00	6.708501e+00	6.589243e+00	6.472963e+00	6.364660e+00	6.263498e+00
6.165041e+00	6.068087e+00	5.980778e+00	5.908422e+00	5.848655e+00	5.793431e+00
5.737710e+00	5.692576e+00	5.660579e+00	5.641651e+00	5.614487e+00	5.586079e+00
5.565905e+00	5.566665e+00	5.583599e+00	5.586287e+00	5.585178e+00	5.584710e+00
5.584701e+00	5.584750e+00	7.372942e+00	7.375370e+00	7.368378e+00	7.344783e+00
7.307546e+00	7.207416e+00	7.080372e+00	6.939418e+00	6.791521e+00	6.644845e+00
6.508266e+00	6.383143e+00	6.267622e+00	6.160536e+00	6.065040e+00	5.982364e+00
5.910479e+00	5.843147e+00	5.773075e+00	5.710021e+00	5.662968e+00	5.641206e+00
5.611609e+00	5.581390e+00	5.559134e+00	5.558970e+00	5.573767e+00	5.576145e+00
5.575012e+00	5.574676e+00	5.574556e+00	5.574648e+00	7.765511e+00	7.739511e+00
7.706022e+00	7.659910e+00	7.603876e+00	7.473448e+00	7.319849e+00	7.150510e+00
6.973250e+00	6.797708e+00	6.634472e+00	6.486463e+00	6.354041e+00	6.235852e+00
6.130260e+00	6.034811e+00	5.947218e+00	5.863872e+00	5.785522e+00	5.713198e+00
5.650592e+00	5.621634e+00	5.586940e+00	5.553989e+00	5.527458e+00	5.524574e+00
5.531883e+00	5.533148e+00	5.532074e+00	5.532066e+00	5.531720e+00	5.531899e+00
8.127636e+00	8.105269e+00	8.069055e+00	8.008980e+00	7.930073e+00	7.741253e+00
7.528479e+00	7.317170e+00	7.113727e+00	6.921399e+00	6.743992e+00	6.582251e+00
6.435165e+00	6.300378e+00	6.176301e+00	6.061928e+00	5.958551e+00	5.863642e+00
5.774816e+00	5.691386e+00	5.611341e+00	5.573235e+00	5.535285e+00	5.505361e+00
5.476586e+00	5.470260e+00	5.467708e+00	5.467452e+00	5.466819e+00	5.466662e+00
5.466622e+00	5.466702e+00	8.497503e+00	8.458497e+00	8.404166e+00	8.323544e+00
8.222505e+00	7.988591e+00	7.733186e+00	7.485741e+00	7.252315e+00	7.034528e+00
6.834699e+00	6.653405e+00	6.489876e+00	6.335199e+00	6.190690e+00	6.058965e+00
5.943564e+00	5.836490e+00	5.734970e+00	5.638237e+00	5.543136e+00	5.498215e+00
5.457354e+00	5.428959e+00	5.399066e+00	5.388824e+00	5.376231e+00	5.374406e+00
5.373982e+00	5.374101e+00	5.373855e+00	5.374083e+00	8.857718e+00	8.800471e+00
8.726830e+00	8.624680e+00	8.500551e+00	8.219591e+00	7.919632e+00	7.634102e+00
7.368711e+00	7.123882e+00	6.900307e+00	6.695491e+00	6.508328e+00	6.342237e+00
6.189774e+00	6.046819e+00	5.911568e+00	5.786986e+00	5.671213e+00	5.559999e+00
5.450915e+00	5.399942e+00	5.355646e+00	5.327310e+00	5.296325e+00	5.282433e+00
5.260743e+00	5.257456e+00	5.257154e+00	5.257587e+00	5.257040e+00	5.257471e+00
9.202362e+00	9.124318e+00	9.028474e+00	8.902058e+00	8.752521e+00	8.421315e+00
8.075529e+00	7.751814e+00	7.455050e+00	7.183937e+00	6.937266e+00	6.714045e+00
6.510746e+00	6.323747e+00	6.150139e+00	5.988671e+00	5.838654e+00	5.699218e+00
5.568921e+00	5.443896e+00	5.322250e+00	5.265617e+00	5.216285e+00	5.184903e+00
5.151772e+00	5.135561e+00	5.108230e+00	5.103950e+00	5.103660e+00	5.104260e+00
5.103500e+00	5.104080e+00	9.581644e+00	9.441015e+00	9.288579e+00	9.117798e+00
8.934997e+00	8.559856e+00	8.189313e+00	7.845929e+00	7.516645e+00	7.212531e+00
6.935115e+00	6.698870e+00	6.481310e+00	6.271565e+00	6.076643e+00	5.896251e+00
5.730016e+00	5.576949e+00	5.435224e+00	5.298108e+00	5.160873e+00	5.095722e+00
5.039313e+00	5.003648e+00	4.965158e+00	4.948145e+00	4.920522e+00	4.916303e+00
4.915963e+00	4.916408e+00	4.915928e+00	4.916246e+00	9.962908e+00	9.745989e+00
9.528053e+00	9.309077e+00	9.092143e+00	8.674402e+00	8.280442e+00	7.915818e+00
7.560679e+00	7.230870e+00	6.929024e+00	6.661986e+00	6.414584e+00	6.183975e+00
5.970034e+00	5.772123e+00	5.591177e+00	5.426368e+00	5.275377e+00	5.127538e+00
4.974284e+00	4.899780e+00	4.835193e+00	4.793837e+00	4.747921e+00	4.731323e+00
4.707783e+00	4.704405e+00	4.703909e+00	4.704025e+00	4.704021e+00	4.703896e+00
1.027756e+01	1.001033e+01	9.746622e+00	9.489765e+00	9.241694e+00	8.774551e+00
8.338700e+00	7.925438e+00	7.558804e+00	7.217833e+00	6.900776e+00	6.602061e+00
6.329188e+00	6.078630e+00	5.846917e+00	5.632271e+00	5.435902e+00	5.256907e+00
5.092796e+00	4.931967e+00	4.764921e+00	4.683009e+00	4.610081e+00	4.560776e+00
4.506477e+00	4.490555e+00	4.474077e+00	4.471986e+00	4.471094e+00	4.470968e+00
4.471058e+00	4.470726e+00	1.053574e+01	1.023531e+01	9.939475e+00	9.652352e+00
9.375653e+00	8.855643e+00	8.374092e+00	7.923478e+00	7.516736e+00	7.141557e+00
6.798336e+00	6.484525e+00	6.197933e+00	5.934860e+00	5.690504e+00	5.461892e+00
5.250278e+00	5.054946e+00	4.873716e+00	4.697606e+00	4.519509e+00	4.432360e+00
4.350907e+00	4.291143e+00	4.227190e+00	4.212375e+00	4.206767e+00	4.206551e+00
4.204995e+00	4.204698e+00	4.204499e+00	4.204184e+00	1.077119e+01	1.043334e+01
1.010195e+01	9.782543e+00	9.476293e+00	8.901189e+00	8.371084e+00	7.901830e+00
7.455249e+00	7.050853e+00	6.684371e+00	6.352187e+00	6.050156e+00	5.773624e+00
5.516406e+00	5.274409e+00	5.048551e+00	4.838376e+00	4.641416e+00	4.449922e+00
4.258313e+00	4.165108e+00	4.077661e+00	4.012786e+00	3.942744e+00	3.927179e+00
3.924697e+00	3.925105e+00	3.923268e+00	3.922917e+00	3.922578e+00	3.922187e+00
1.098981e+01	1.061365e+01	1.024634e+01	9.894957e+00	9.560083e+00	8.934346e+00
8.355752e+00	7.841834e+00	7.367544e+00	6.938522e+00	6.551311e+00	6.201971e+00
5.885567e+00	5.596513e+00	5.327401e+00	5.073159e+00	4.834167e+00	4.610399e+00
4.398908e+00	4.192683e+00	3.987469e+00	3.888532e+00	3.797126e+00	3.730434e+00
3.656902e+00	3.639595e+00	3.635321e+00	3.635515e+00	3.633652e+00	3.633334e+00
3.632932e+00	3.632448e+00	1.118761e+01	1.077133e+01	1.036655e+01	9.982360e+00
9.618126e+00	8.941489e+00	8.332720e+00	7.776500e+00	7.275815e+00	6.824807e+00
6.419138e+00	6.054063e+00	5.723875e+00	5.422072e+00	5.140113e+00	4.872176e+00
4.618610e+00	4.380339e+00	4.155201e+00	3.937297e+00	3.723827e+00	3.621790e+00
3.526906e+00	3.457162e+00	3.381843e+00	3.363326e+00	3.355094e+00	3.354633e+00
3.352879e+00	3.352603e+00	3.352247e+00	3.351786e+00	1.136039e+01	1.090350e+01
1.046150e+01	1.004602e+01	9.655023e+00	8.932062e+00	8.283943e+00	7.699575e+00
7.176615e+00	6.707892e+00	6.286927e+00	5.907923e+00	5.564563e+00	5.249433e+00
4.952886e+00	4.668584e+00	4.397597e+00	4.142681e+00	3.904400e+00	3.678457e+00
3.463520e+00	3.361659e+00	3.263688e+00	3.189078e+00	3.114045e+00	3.094893e+00
3.079554e+00	3.077799e+00	3.076344e+00	3.076126e+00	3.075965e+00	3.075656e+00
1.152632e+01	1.102900e+01	1.055041e+01	1.010472e+01	9.688265e+00	8.921504e+00
8.237704e+00	7.627170e+00	7.083226e+00	6.596964e+00	6.159690e+00	5.764996e+00
5.406589e+00	5.077123e+00	4.767196e+00	4.470649e+00	4.188421e+00	3.922992e+00
3.675557e+00	3.442170e+00	3.221910e+00	3.117745e+00	3.016768e+00	2.939317e+00
2.863254e+00	2.843520e+00	2.824979e+00	2.822647e+00	2.821275e+00	2.821087e+00
2.820986e+00	2.821209e+00	1.168112e+01	1.114527e+01	1.063217e+01	1.015860e+01
9.718930e+00	8.911912e+00	8.197261e+00	7.562771e+00	6.999291e+00	6.495882e+00
6.041842e+00	5.630472e+00	5.255944e+00	4.911720e+00	4.589625e+00	4.284113e+00
3.995187e+00	3.723570e+00	3.469638e+00	3.229543e+00	3.002082e+00	2.894173e+00
2.789872e+00	2.710145e+00	2.631862e+00	2.611766e+00	2.593361e+00	2.591035e+00
2.589567e+00	2.589387e+00	2.589247e+00	2.590156e+00	1.181647e+01	1.124699e+01
1.070403e+01	1.020704e+01	9.748084e+00	8.907015e+00	8.166038e+00	7.511152e+00
6.930578e+00	6.411609e+00	5.942247e+00	5.515635e+00	5.126400e+00	4.768755e+00
4.435603e+00	4.121949e+00	3.826898e+00	3.549647e+00	3.289564e+00	3.043821e+00
2.810788e+00	2.699651e+00	2.591268e+00	2.507584e+00	2.426352e+00	2.406245e+00
2.389463e+00	2.387371e+00	2.385735e+00	2.385554e+00	2.385360e+00	2.386618e+00
1.193462e+01	1.133614e+01	1.076782e+01	1.025153e+01	9.777083e+00	8.909186e+00
8.143562e+00	7.471825e+00	6.877325e+00	6.345300e+00	5.862919e+00	5.423405e+00
5.021784e+00	4.652790e+00	4.310190e+00	3.989336e+00	3.688622e+00	3.406035e+00
3.140001e+00	2.888659e+00	2.649710e+00	2.535106e+00	2.422645e+00	2.335178e+00
2.250503e+00	2.230058e+00	2.214404e+00	2.212505e+00	2.210727e+00	2.210545e+00
2.210314e+00	2.211267e+00	1.203772e+01	1.141498e+01	1.082569e+01	1.029395e+01
9.807272e+00	8.915009e+00	8.137812e+00	7.453030e+00	6.846457e+00	6.303547e+00
5.810686e+00	5.361036e+00	4.949706e+00	4.571511e+00	4.220508e+00	3.892810e+00
3.585890e+00	3.297247e+00	3.024716e+00	2.766437e+00	2.519757e+00	2.400794e+00
2.284001e+00	2.192949e+00	2.104020e+00	2.082543e+00	2.066546e+00	2.064661e+00
2.062807e+00	2.062608e+00	2.062371e+00	2.062385e+00	1.212335e+01	1.148200e+01
1.087696e+01	1.033437e+01	9.839595e+00	8.932798e+00	8.141154e+00	7.447173e+00
6.833317e+00	6.283615e+00	5.784252e+00	5.328382e+00	4.911053e+00	4.526952e+00
4.169976e+00	3.835513e+00	3.521661e+00	3.226069e+00	2.946285e+00	2.679469e+00
2.422708e+00	2.298030e+00	2.175813e+00	2.080491e+00	1.986009e+00	1.962746e+00
1.944946e+00	1.942885e+00	1.940994e+00	1.940764e+00	1.940544e+00	1.939293e+00
1.219324e+01	1.153872e+01	1.092299e+01	1.037382e+01	9.874475e+00	8.958104e+00
8.157943e+00	7.459333e+00	6.842899e+00	6.290993e+00	5.789931e+00	5.332708e+00
4.914132e+00	4.528633e+00	4.169586e+00	3.826433e+00	3.502622e+00	3.196691e+00
2.906095e+00	2.625775e+00	2.353311e+00	2.222544e+00	2.093170e+00	1.991221e+00
1.889106e+00	1.863362e+00	1.843051e+00	1.840710e+00	1.838722e+00	1.838456e+00
1.838255e+00	1.836464e+00	1.225275e+01	1.158838e+01	1.096510e+01	1.041215e+01
9.910848e+00	8.990477e+00	8.189533e+00	7.486842e+00	6.865301e+00	6.308843e+00
5.804138e+00	5.343890e+00	4.922367e+00	4.533334e+00	4.169394e+00	3.821526e+00
3.491520e+00	3.178522e+00	2.880060e+00	2.589398e+00	2.303361e+00	2.164823e+00
2.026197e+00	1.915676e+00	1.804809e+00	1.776471e+00	1.753600e+00	1.750946e+00
1.748804e+00	1.748505e+00	1.748306e+00	1.746556e+00	1.229636e+01	1.162754e+01
1.100152e+01	1.044848e+01	9.948092e+00	9.027301e+00	8.226295e+00	7.521154e+00
6.896321e+00	6.336683e+00	5.829504e+00	5.367245e+00	4.943569e+00	4.551353e+00
4.182038e+00	3.832459e+00	3.499973e+00	3.184077e+00	2.882340e+00	2.587375e+00
2.290857e+00	2.135650e+00	1.978181e+00	1.853464e+00	1.731164e+00	1.700219e+00
1.674942e+00	1.671912e+00	1.669495e+00	1.669203e+00	1.668897e+00	1.668560e+00
1.232718e+01	1.165723e+01	1.103186e+01	1.048208e+01	9.986048e+00	9.071527e+00
8.275648e+00	7.572912e+00	6.949247e+00	6.390710e+00	5.885441e+00	5.425669e+00
5.004446e+00	4.613941e+00	4.244602e+00	3.890298e+00	3.550597e+00	3.225857e+00
2.913606e+00	2.604308e+00	2.287607e+00	2.120680e+00	1.945837e+00	1.804188e+00
1.667926e+00	1.634311e+00	1.606925e+00	1.603509e+00	1.600663e+00	1.600372e+00
1.599938e+00	1.601980e+00	1.234447e+01	1.167685e+01	1.105495e+01	1.050971e+01
1.002033e+01	9.117127e+00	8.330034e+00	7.633395e+00	7.013923e+00	6.458285e+00
5.955071e+00	5.496694e+00	5.076269e+00	4.686010e+00	4.316299e+00	3.960402e+00
3.617309e+00	3.286337e+00	2.964001e+00	2.639297e+00	2.300078e+00	2.126265e+00
1.939396e+00	1.768950e+00	1.612170e+00	1.576334e+00	1.548259e+00	1.544572e+00
1.540806e+00	1.540281e+00	1.540086e+00	1.545044e+00	1.235698e+01	1.169202e+01
1.107405e+01	1.053412e+01	1.005285e+01	9.165167e+00	8.390556e+00	7.703889e+00
7.092057e+00	6.541802e+00	6.041693e+00	5.584658e+00	5.164532e+00	4.774334e+00
4.405371e+00	4.050970e+00	3.708508e+00	3.374434e+00	3.042989e+00	2.703086e+00
2.340533e+00	2.146893e+00	1.936163e+00	1.740960e+00	1.562149e+00	1.524032e+00
1.495997e+00	1.492151e+00	1.487258e+00	1.486396e+00	1.486603e+00	1.494583e+00
1.235610e+01	1.169412e+01	1.108251e+01	1.055761e+01	1.008843e+01	9.220114e+00
8.458657e+00	7.780983e+00	7.175135e+00	6.629083e+00	6.132440e+00	5.678431e+00
5.260969e+00	4.873136e+00	4.506334e+00	4.153604e+00	3.811285e+00	3.473937e+00
3.133781e+00	2.778086e+00	2.389456e+00	2.174801e+00	1.937721e+00	1.734067e+00
1.521054e+00	1.476174e+00	1.449534e+00	1.446324e+00	1.439928e+00	1.438523e+00
1.439432e+00	1.449505e+00	1.231641e+01	1.167648e+01	1.108577e+01	1.058085e+01
1.012938e+01	9.287213e+00	8.539706e+00	7.868718e+00	7.265493e+00	6.721307e+00
6.228529e+00	5.780349e+00	5.369813e+00	4.988796e+00	4.627016e+00	4.276307e+00
3.933182e+00	3.592518e+00	3.245456e+00	2.874751e+00	2.458092e+00	2.223795e+00
1.963938e+00	1.735201e+00	1.488268e+00	1.432628e+00	1.408896e+00	1.407115e+00
1.398871e+00	1.396724e+00	1.398628e+00	1.409919e+00	1.228609e+01	1.165956e+01
1.108420e+01	1.059348e+01	1.015853e+01	9.342446e+00	8.612690e+00	7.954171e+00
7.359710e+00	6.822280e+00	6.335797e+00	5.893757e+00	5.489059e+00	5.113265e+00
4.755542e+00	4.407259e+00	4.064697e+00	3.722349e+00	3.369794e+00	2.985479e+00
2.541523e+00	2.286589e+00	2.000202e+00	1.741794e+00	1.462622e+00	1.396461e+00
1.373594e+00	1.372735e+00	1.362761e+00	1.359982e+00	1.362683e+00	1.374591e+00
1.226042e+01	1.164155e+01	1.107604e+01	1.059953e+01	1.017987e+01	9.389005e+00
8.679376e+00	8.037536e+00	7.456820e+00	6.930487e+00	6.452652e+00	6.017228e+00
5.617604e+00	5.245873e+00	4.891673e+00	4.546532e+00	4.206164e+00	3.864055e+00
3.507816e+00	3.111880e+00	2.642361e+00	2.366528e+00	2.050675e+00	1.762517e+00
1.444051e+00	1.366955e+00	1.343097e+00	1.342778e+00	1.331176e+00	1.327847e+00
1.331324e+00	1.342971e+00	1.222570e+01	1.161616e+01	1.106240e+01	1.060200e+01
1.019909e+01	9.434305e+00	8.745780e+00	8.121130e+00	7.554456e+00	7.039560e+00
6.571021e+00	6.143194e+00	5.749884e+00	5.383581e+00	5.034313e+00	4.693668e+00
4.356921e+00	4.016601e+00	3.658388e+00	3.252418e+00	2.758194e+00	2.461334e+00
2.115411e+00	1.795086e+00	1.434226e+00	1.343596e+00	1.316815e+00	1.316846e+00
1.303658e+00	1.299807e+00	1.304225e+00	1.314364e+00	1.218898e+01	1.158890e+01
1.104735e+01	1.060277e+01	1.021808e+01	9.479426e+00	8.812503e+00	8.205629e+00
7.653670e+00	7.150890e+00	6.692389e+00	6.272946e+00	5.886808e+00	5.526859e+00
5.183551e+00	4.848593e+00	4.516847e+00	4.179911e+00	3.821528e+00	3.407368e+00
2.889846e+00	2.572063e+00	2.195182e+00	1.840431e+00	1.434088e+00	1.326187e+00
1.294561e+00	1.294627e+00	1.279917e+00	1.275614e+00	1.280489e+00	1.288897e+00
1.214620e+01	1.155625e+01	1.102744e+01	1.060148e+01	1.023224e+01	9.520143e+00
8.875330e+00	8.286853e+00	7.750269e+00	7.260341e+00	6.812661e+00	6.402438e+00
6.024369e+00	5.671752e+00	5.335512e+00	5.007500e+00	4.682197e+00	4.350310e+00
3.993596e+00	3.573107e+00	3.033791e+00	2.695506e+00	2.287553e+00	1.896857e+00
1.435844e+00	1.315647e+00	1.275008e+00	1.274803e+00	1.258688e+00	1.253943e+00
1.259315e+00	1.265804e+00	1.210203e+01	1.152199e+01	1.100554e+01	1.059439e+01
1.024232e+01	9.555606e+00	8.932351e+00	8.362221e+00	7.841296e+00	7.364836e+00
6.928822e+00	6.528854e+00	6.160013e+00	5.815979e+00	5.488093e+00	5.168327e+00
4.850890e+00	4.525804e+00	4.173131e+00	3.749816e+00	3.192874e+00	2.835522e+00
2.396298e+00	1.967433e+00	1.451487e+00	1.310792e+00	1.258798e+00	1.257448e+00
1.240100e+00	1.235140e+00	1.240620e+00	1.245349e+00	1.209057e+01	1.151470e+01
1.100470e+01	1.060185e+01	1.026129e+01	9.592392e+00	8.985249e+00	8.430159e+00
7.923381e+00	7.460354e+00	7.037141e+00	6.649420e+00	6.292243e+00	5.959163e+00
5.641144e+00	5.329967e+00	5.020073e+00	4.701887e+00	4.356118e+00	3.940339e+00
3.381808e+00	3.007086e+00	2.523207e+00	2.040551e+00	1.472730e+00	1.318364e+00
1.248285e+00	1.242286e+00	1.224215e+00	1.220632e+00	1.222557e+00	1.227810e+00
1.208225e+01	1.150957e+01	1.100419e+01	1.061319e+01	1.028202e+01	9.628159e+00
9.035566e+00	8.494600e+00	8.001555e+00	7.551987e+00	7.141990e+00	6.767271e+00
6.422760e+00	6.101757e+00	5.794616e+00	5.492816e+00	5.191177e+00	4.880874e+00
4.544064e+00	4.140817e+00	3.588958e+00	3.198982e+00	2.665739e+00	2.122007e+00
1.501659e+00	1.334835e+00	1.239841e+00	1.228741e+00	1.209958e+00	1.207894e+00
1.205813e+00	1.211959e+00	1.206203e+01	1.149538e+01	1.099863e+01	1.061365e+01
1.029265e+01	9.658655e+00	9.082910e+00	8.557325e+00	8.078526e+00	7.642353e+00
7.245096e+00	6.882646e+00	6.550046e+00	6.240656e+00	5.944754e+00	5.653749e+00
5.362573e+00	5.062511e+00	4.735798e+00	4.341988e+00	3.791430e+00	3.389711e+00
2.822547e+00	2.228795e+00	1.540660e+00	1.352267e+00	1.232492e+00	1.217719e+00
1.197279e+00	1.195478e+00	1.192477e+00	1.197634e+00	1.202066e+01	1.146375e+01
1.097725e+01	1.060654e+01	1.029837e+01	9.684826e+00	9.127176e+00	8.617714e+00
8.153357e+00	7.730308e+00	7.345186e+00	6.994207e+00	6.672735e+00	6.374485e+00
6.090142e+00	5.811300e+00	5.532825e+00	5.245551e+00	4.930454e+00	4.543541e+00
3.989746e+00	3.580081e+00	2.996554e+00	2.371388e+00	1.599001e+00	1.375249e+00
1.226514e+00	1.208753e+00	1.186447e+00	1.184030e+00	1.181652e+00	1.185042e+00
1.197237e+01	1.142714e+01	1.095308e+01	1.059725e+01	1.030279e+01	9.711647e+00
9.173073e+00	8.679945e+00	8.229590e+00	7.818711e+00	7.444402e+00	7.103391e+00
6.791644e+00	6.503627e+00	6.231017e+00	5.966015e+00	5.703206e+00	5.432477e+00
5.132166e+00	4.751349e+00	4.188284e+00	3.769103e+00	3.173893e+00	2.524961e+00
1.674418e+00	1.412644e+00	1.222610e+00	1.198649e+00	1.179034e+00	1.175954e+00
1.169325e+00	1.174625e+00	1.192024e+01	1.138771e+01	1.092703e+01	1.058647e+01
1.030649e+01	9.738181e+00	9.218930e+00	8.742080e+00	8.305396e+00	7.906145e+00
7.541967e+00	7.210196e+00	6.907537e+00	6.629418e+00	6.368835e+00	6.118866e+00
5.873804e+00	5.622375e+00	5.339451e+00	4.964839e+00	4.389428e+00	3.960547e+00
3.358550e+00	2.693420e+00	1.768401e+00	1.466173e+00	1.219603e+00	1.188795e+00
1.173115e+00	1.169372e+00	1.156655e+00	1.165483e+00	1.189681e+01	1.137084e+01
1.091806e+01	1.058369e+01	1.031189e+01	9.761063e+00	9.256266e+00	8.792573e+00
8.368034e+00	7.980183e+00	7.626885e+00	7.305750e+00	7.013852e+00	6.747104e+00
6.499166e+00	6.263658e+00	6.035043e+00	5.801911e+00	5.537717e+00	5.176859e+00
4.602953e+00	4.169639e+00	3.559602e+00	2.872338e+00	1.867047e+00	1.523549e+00
1.219972e+00	1.186197e+00	1.166178e+00	1.161977e+00	1.146863e+00	1.157327e+00
1.188878e+01	1.136564e+01	1.091668e+01	1.058753e+01	1.032115e+01	9.779312e+00
9.284093e+00	8.830430e+00	8.416359e+00	8.039452e+00	7.697548e+00	7.388267e+00
7.108691e+00	6.854662e+00	6.619613e+00	6.397219e+00	6.182777e+00	5.966289e+00
5.722483e+00	5.385049e+00	4.832016e+00	4.402123e+00	3.780444e+00	3.060513e+00
1.970012e+00	1.586333e+00	1.232026e+00	1.186818e+00	1.157372e+00	1.153150e+00
1.139169e+00	1.150169e+00	1.188889e+01	1.136867e+01	1.092286e+01	1.059960e+01
1.033919e+01	9.805953e+00	9.318186e+00	8.871422e+00	8.464125e+00	8.094477e+00
7.760929e+00	7.461442e+00	7.193373e+00	6.952844e+00	6.733595e+00	6.528855e+00
6.331926e+00	6.128645e+00	5.893043e+00	5.571456e+00	5.054289e+00	4.646572e+00
4.036809e+00	3.291276e+00	2.080592e+00	1.647085e+00	1.244106e+00	1.189231e+00
1.152740e+00	1.147438e+00	1.139183e+00	1.144391e+00	1.188978e+01	1.137403e+01
1.093296e+01	1.061468e+01	1.035893e+01	9.833328e+00	9.351653e+00	8.910350e+00
8.508359e+00	8.144529e+00	7.817996e+00	7.527117e+00	7.269591e+00	7.042015e+00
6.838709e+00	6.652620e+00	6.474572e+00	6.284886e+00	6.055912e+00	5.748308e+00
5.269341e+00	4.890477e+00	4.307882e+00	3.550373e+00	2.206984e+00	1.713829e+00
1.256888e+00	1.194490e+00	1.149898e+00	1.143300e+00	1.140591e+00	1.139463e+00
1.187906e+01	1.136829e+01	1.093185e+01	1.061758e+01	1.036558e+01	9.847227e+00
9.372623e+00	8.938629e+00	8.544263e+00	8.188433e+00	7.870370e+00	7.588558e+00
7.340804e+00	7.123938e+00	6.932368e+00	6.759502e+00	6.597219e+00	6.427494e+00
6.223187e+00	5.940431e+00	5.482237e+00	5.114013e+00	4.543978e+00	3.785865e+00
2.365132e+00	1.808878e+00	1.273841e+00	1.199262e+00	1.146785e+00	1.139371e+00
1.135121e+00	1.134724e+00	1.187152e+01	1.136608e+01	1.093405e+01	1.062339e+01
1.037456e+01	9.862384e+00	9.393722e+00	8.965824e+00	8.577932e+00	8.229145e+00
7.918957e+00	7.645910e+00	7.407864e+00	7.201544e+00	7.021135e+00	6.860195e+00
6.711575e+00	6.558943e+00	6.376701e+00	6.121114e+00	5.695066e+00	5.344333e+00
4.789218e+00	4.026900e+00	2.531560e+00	1.920527e+00	1.297777e+00	1.206727e+00
1.143775e+00	1.137825e+00	1.129630e+00	1.130805e+00	1.186772e+01	1.136614e+01
1.093819e+01	1.063088e+01	1.038473e+01	9.877980e+00	9.414646e+00	8.992298e+00
8.610298e+00	8.267832e+00	7.964545e+00	7.699096e+00	7.469499e+00	7.272593e+00
7.102701e+00	6.953686e+00	6.819144e+00	6.683915e+00	6.523582e+00	6.295028e+00
5.902216e+00	5.571026e+00	5.035529e+00	4.276657e+00	2.714019e+00	2.044469e+00
1.326156e+00	1.217199e+00	1.142915e+00	1.136473e+00	1.125151e+00	1.127606e+00
1.186612e+01	1.136899e+01	1.094474e+01	1.063984e+01	1.039573e+01	9.893599e+00
9.434947e+00	9.017570e+00	8.640780e+00	8.303726e+00	8.006058e+00	7.746647e+00
7.523794e+00	7.334749e+00	7.174434e+00	7.037271e+00	6.917392e+00	6.800162e+00
6.661640e+00	6.459060e+00	6.098034e+00	5.787051e+00	5.276066e+00	4.532372e+00
2.916527e+00	2.181450e+00	1.359853e+00	1.232956e+00	1.143077e+00	1.135180e+00
1.122264e+00	1.125103e+00	1.186177e+01	1.136893e+01	1.094888e+01	1.064669e+01
1.040484e+01	9.907434e+00	9.453187e+00	9.040117e+00	8.667568e+00	8.334812e+00
8.041592e+00	7.787013e+00	7.569673e+00	7.387307e+00	7.235537e+00	7.109492e+00
7.003803e+00	6.904168e+00	6.787338e+00	6.611596e+00	6.283994e+00	5.992895e+00
5.504232e+00	4.781786e+00	3.139556e+00	2.334388e+00	1.398112e+00	1.252100e+00
1.144716e+00	1.134277e+00	1.121552e+00	1.122901e+00	1.185598e+01	1.136884e+01
1.095258e+01	1.065289e+01	1.041292e+01	9.919650e+00	9.469364e+00	9.060236e+00
8.691592e+00	8.362796e+00	8.073650e+00	7.823466e+00	7.611105e+00	7.434740e+00
7.290617e+00	7.174592e+00	7.082077e+00	6.999756e+00	6.905424e+00	6.757522e+00
6.463845e+00	6.193022e+00	5.728226e+00	5.031785e+00	3.378138e+00	2.502821e+00
1.441458e+00	1.274670e+00	1.147996e+00	1.133633e+00	1.121055e+00	1.120918e+00
1.185174e+01	1.136951e+01	1.095749e+01	1.065911e+01	1.041937e+01	9.928011e+00
9.480506e+00	9.074959e+00	8.710415e+00	8.386044e+00	8.101438e+00	7.855946e+00
7.648493e+00	7.477323e+00	7.338760e+00	7.229267e+00	7.146372e+00	7.080913e+00
7.013092e+00	6.895758e+00	6.633228e+00	6.382812e+00	5.949319e+00	5.281940e+00
3.615476e+00	2.688676e+00	1.493545e+00	1.301355e+00	1.151497e+00	1.134023e+00
1.119894e+00	1.119203e+00	1.184812e+01	1.137179e+01	1.096326e+01	1.066516e+01
1.042453e+01	9.933919e+00	9.488409e+00	9.085900e+00	8.725158e+00	8.405099e+00
8.124984e+00	7.884075e+00	7.681215e+00	7.514464e+00	7.379901e+00	7.274573e+00
7.198752e+00	7.148833e+00	7.108637e+00	7.022848e+00	6.789383e+00	6.559403e+00
6.162502e+00	5.526933e+00	3.851049e+00	2.894027e+00	1.558309e+00	1.334823e+00
1.156051e+00	1.136397e+00	1.117889e+00	1.117764e+00	1.183604e+01	1.136911e+01
1.096656e+01	1.067074e+01	1.042968e+01	9.940897e+00	9.497527e+00	9.097490e+00
8.739449e+00	8.422313e+00	8.145306e+00	7.907767e+00	7.708635e+00	7.546085e+00
7.416295e+00	7.316733e+00	7.248804e+00	7.211117e+00	7.189606e+00	7.129609e+00
6.931153e+00	6.724820e+00	6.359645e+00	5.757293e+00	4.101208e+00	3.107647e+00
1.632049e+00	1.375797e+00	1.162700e+00	1.139092e+00	1.116669e+00	1.116648e+00
1.181241e+01	1.136072e+01	1.096901e+01	1.067603e+01	1.043468e+01	9.948233e+00
9.506979e+00	9.108985e+00	8.753002e+00	8.438084e+00	8.163526e+00	7.928771e+00
7.732904e+00	7.574311e+00	7.449419e+00	7.356097e+00	7.296178e+00	7.268904e+00
7.261957e+00	7.224951e+00	7.063705e+00	6.882662e+00	6.547379e+00	5.979827e+00
4.364053e+00	3.332528e+00	1.715678e+00	1.424590e+00	1.171683e+00	1.142457e+00
1.115729e+00	1.115701e+00	1.178878e+01	1.135251e+01	1.097156e+01	1.068125e+01
1.043908e+01	9.954469e+00	9.514936e+00	9.118689e+00	8.764553e+00	8.451649e+00
8.179342e+00	7.947128e+00	7.754213e+00	7.599106e+00	7.478423e+00	7.390395e+00
7.337360e+00	7.319447e+00	7.326289e+00	7.311099e+00	7.184939e+00	7.028388e+00
6.723643e+00	6.193626e+00	4.629662e+00	3.567931e+00	1.809547e+00	1.480126e+00
1.182247e+00	1.146545e+00	1.115514e+00	1.114798e+00	1.176541e+01	1.134473e+01
1.097449e+01	1.068639e+01	1.044274e+01	9.959308e+00	9.521070e+00	9.126287e+00
8.773835e+00	8.462808e+00	8.192615e+00	7.962736e+00	7.772448e+00	7.620259e+00
7.502868e+00	7.418851e+00	7.371285e+00	7.361789e+00	7.382455e+00	7.388224e+00
7.293134e+00	7.158893e+00	6.884611e+00	6.394630e+00	4.893499e+00	3.812307e+00
1.918009e+00	1.546162e+00	1.195714e+00	1.152021e+00	1.115723e+00	1.113907e+00
1.173242e+01	1.133138e+01	1.097430e+01	1.069145e+01	1.044814e+01	9.967543e+00
9.530537e+00	9.136458e+00	8.784556e+00	8.474086e+00	8.204718e+00	7.976119e+00
7.787865e+00	7.638881e+00	7.526499e+00	7.449339e+00	7.409005e+00	7.403776e+00
7.424935e+00	7.441561e+00	7.386894e+00	7.283464e+00	7.040294e+00	6.583489e+00
5.154211e+00	4.065419e+00	2.039156e+00	1.621528e+00	1.211736e+00	1.158852e+00
1.115953e+00	1.113492e+00	1.169606e+01	1.131428e+01	1.097174e+01	1.069393e+01
1.045157e+01	9.973515e+00	9.537706e+00	9.144325e+00	8.792769e+00	8.482656e+00
8.213921e+00	7.986410e+00	7.799934e+00	7.653871e+00	7.546306e+00	7.475964e+00
7.442644e+00	7.440329e+00	7.459397e+00	7.483905e+00	7.467339e+00	7.395320e+00
7.184752e+00	6.760405e+00	5.406114e+00	4.324191e+00	2.175699e+00	1.707580e+00
1.230783e+00	1.167079e+00	1.116362e+00	1.113147e+00	1.167343e+01	1.130361e+01
1.096896e+01	1.069301e+01	1.044981e+01	9.973056e+00	9.538481e+00	9.146169e+00
8.795629e+00	8.486682e+00	8.219352e+00	7.993502e+00	7.808857e+00	7.664774e+00
7.559466e+00	7.491876e+00	7.462298e+00	7.465559e+00	7.493490e+00	7.531381e+00
7.537377e+00	7.485785e+00	7.309490e+00	6.927767e+00	5.643273e+00	4.583471e+00
2.330519e+00	1.804283e+00	1.252814e+00	1.176135e+00	1.117892e+00	1.112361e+00
1.165886e+01	1.129918e+01	1.097155e+01	1.069702e+01	1.045312e+01	9.977194e+00
9.543502e+00	9.152044e+00	8.802344e+00	8.494290e+00	8.228038e+00	8.003469e+00
7.820286e+00	7.677889e+00	7.574589e+00	7.509524e+00	7.483277e+00	7.491256e+00
7.526268e+00	7.575421e+00	7.602034e+00	7.569350e+00	7.425755e+00	7.086265e+00
5.874592e+00	4.843642e+00	2.505270e+00	1.914922e+00	1.279527e+00	1.187698e+00
1.120176e+00	1.112154e+00	1.164580e+01	1.129506e+01	1.097366e+01	1.070078e+01
1.045608e+01	9.981037e+00	9.548119e+00	9.157346e+00	8.808382e+00	8.501123e+00
8.235790e+00	8.012278e+00	7.830328e+00	7.689387e+00	7.587846e+00	7.524985e+00
7.501675e+00	7.513796e+00	7.555008e+00	7.614110e+00	7.659024e+00	7.643468e+00
7.531144e+00	7.233902e+00	6.098030e+00	5.102888e+00	2.696357e+00	2.037788e+00
1.310196e+00	1.201295e+00	1.123091e+00	1.111928e+00	1.163327e+01	1.129049e+01
1.097441e+01	1.070273e+01	1.045744e+01	9.983003e+00	9.550810e+00	9.160744e+00
8.812506e+00	8.506026e+00	8.241522e+00	8.018906e+00	7.837998e+00	7.698296e+00
7.598273e+00	7.537286e+00	7.516498e+00	7.532137e+00	7.578574e+00	7.646160e+00
7.706746e+00	7.706126e+00	7.622681e+00	7.366537e+00	6.308144e+00	5.355304e+00
2.903628e+00	2.174963e+00	1.346385e+00	1.217913e+00	1.126909e+00	1.111620e+00
1.162108e+01	1.128558e+01	1.097437e+01	1.070382e+01	1.045794e+01	9.984096e+00
9.552491e+00	9.163075e+00	8.815503e+00	8.509688e+00	8.245837e+00	8.023949e+00
7.843929e+00	7.705367e+00	7.606698e+00	7.547266e+00	7.528490e+00	7.547098e+00
7.598188e+00	7.673169e+00	7.746388e+00	7.758209e+00	7.702178e+00	7.487757e+00
6.503458e+00	5.595643e+00	3.127994e+00	2.328931e+00	1.388797e+00	1.238078e+00
1.131329e+00	1.111367e+00	1.160958e+01	1.128081e+01	1.097430e+01	1.070471e+01
1.045831e+01	9.984973e+00	9.553869e+00	9.165031e+00	8.818064e+00	8.512860e+00
8.249605e+00	8.028372e+00	7.849112e+00	7.711500e+00	7.614010e+00	7.556032e+00
7.539140e+00	7.560393e+00	7.615470e+00	7.697034e+00	7.782116e+00	7.805441e+00
7.773906e+00	7.597931e+00	6.692700e+00	5.835547e+00	3.366009e+00	2.496595e+00
1.437081e+00	1.261888e+00	1.136700e+00	1.111150e+00	1.159995e+01	1.127723e+01
1.097458e+01	1.070609e+01	1.045908e+01	9.986150e+00	9.555452e+00	9.167084e+00
8.820658e+00	8.516072e+00	8.253503e+00	8.032925e+00	7.854132e+00	7.716840e+00
7.620116e+00	7.563783e+00	7.549165e+00	7.572682e+00	7.629983e+00	7.716759e+00
7.815938e+00	7.851281e+00	7.834523e+00	7.682535e+00	6.881848e+00	6.090151e+00
3.602806e+00	2.670064e+00	1.493201e+00	1.291715e+00	1.145096e+00	1.111020e+00
1.159188e+01	1.127445e+01	1.097556e+01	1.070777e+01	1.046017e+01	9.987419e+00
9.557004e+00	9.168987e+00	8.823023e+00	8.519022e+00	8.257164e+00	8.037205e+00
7.858656e+00	7.721294e+00	7.625066e+00	7.570365e+00	7.558118e+00	7.583521e+00
7.641879e+00	7.732740e+00	7.846488e+00	7.893628e+00	7.884820e+00	7.747647e+00
7.064267e+00	6.352051e+00	3.837995e+00	2.850641e+00	1.560497e+00	1.330998e+00
1.157884e+00	1.110935e+00	1.158271e+01	1.127066e+01	1.097533e+01	1.070813e+01
1.046019e+01	9.987679e+00	9.557526e+00	9.169725e+00	8.824038e+00	8.520373e+00
8.258905e+00	8.039371e+00	7.861239e+00	7.724323e+00	7.628853e+00	7.575796e+00
7.565269e+00	7.591982e+00	7.651139e+00	7.745296e+00	7.869132e+00	7.926659e+00
7.929896e+00	7.809477e+00	7.213884e+00	6.590466e+00	4.091465e+00	3.046389e+00
1.635788e+00	1.377046e+00	1.167170e+00	1.110766e+00	1.157366e+01	1.126661e+01
1.097466e+01	1.070829e+01	1.046008e+01	9.987795e+00	9.557836e+00	9.170175e+00
8.824680e+00	8.521254e+00	8.260062e+00	8.040858e+00	7.863126e+00	7.726743e+00
7.632048e+00	7.580447e+00	7.571301e+00	7.599106e+00	7.659127e+00	7.756222e+00
7.888006e+00	7.954676e+00	7.970960e+00	7.868364e+00	7.346808e+00	6.814110e+00
4.361081e+00	3.258108e+00	1.719873e+00	1.429922e+00	1.175208e+00	1.110553e+00
1.157269e+01	1.126676e+01	1.097546e+01	1.070926e+01	1.046038e+01	9.987984e+00
9.557976e+00	9.170697e+00	8.825675e+00	8.522744e+00	8.262025e+00	8.043305e+00
7.866134e+00	7.730323e+00	7.635637e+00	7.582202e+00	7.572503e+00	7.603053e+00
7.670506e+00	7.773122e+00	7.906517e+00	7.973111e+00	8.004191e+00	7.933011e+00
7.475538e+00	6.977183e+00	4.643185e+00	3.498442e+00	1.813843e+00	1.484302e+00
1.184936e+00	1.110525e+00	1.158537e+01	1.127774e+01	1.098422e+01	1.071490e+01
1.046327e+01	9.988337e+00	9.558041e+00	9.171368e+00	8.827456e+00	8.525725e+00
8.265970e+00	8.048065e+00	7.871804e+00	7.736528e+00	7.640055e+00	7.582587e+00
7.569566e+00	7.604873e+00	7.689390e+00	7.804507e+00	7.925103e+00	7.983831e+00
8.029592e+00	8.007955e+00	7.599854e+00	7.081404e+00	4.938536e+00	3.781241e+00
1.921443e+00	1.539248e+00	1.197512e+00	1.110812e+00	1.158497e+01	1.127798e+01
1.098462e+01	1.071491e+01	1.046267e+01	9.987390e+00	9.557171e+00	9.170718e+00
8.827107e+00	8.525705e+00	8.266232e+00	8.048581e+00	7.872596e+00	7.737553e+00
7.641137e+00	7.583164e+00	7.569484e+00	7.606932e+00	7.696648e+00	7.816189e+00
7.936890e+00	7.995834e+00	8.052332e+00	8.057086e+00	7.705253e+00	7.212855e+00
5.211934e+00	4.045408e+00	2.046828e+00	1.609256e+00	1.212784e+00	1.110707e+00
1.157760e+01	1.127361e+01	1.098244e+01	1.071317e+01	1.046078e+01	9.985774e+00
9.555768e+00	9.169518e+00	8.826085e+00	8.524879e+00	8.265602e+00	8.048154e+00
7.872384e+00	7.737609e+00	7.641557e+00	7.584182e+00	7.571363e+00	7.609439e+00
7.700086e+00	7.821231e+00	7.945383e+00	8.008695e+00	8.072740e+00	8.091126e+00
7.795297e+00	7.362848e+00	5.465241e+00	4.294826e+00	2.191824e+00	1.697651e+00
1.231406e+00	1.110426e+00	1.157363e+01	1.127197e+01	1.098241e+01	1.071354e+01
1.046096e+01	9.986109e+00	9.556239e+00	9.170123e+00	8.826817e+00	8.525733e+00
8.266597e+00	8.049313e+00	7.873769e+00	7.739266e+00	7.643552e+00	7.586630e+00
7.574362e+00	7.613051e+00	7.703806e+00	7.826204e+00	7.954115e+00	8.021093e+00
8.091747e+00	8.122635e+00	7.877053e+00	7.492992e+00	5.711262e+00	4.551482e+00
2.352075e+00	1.800505e+00	1.253443e+00	1.110417e+00	1.155954e+01	1.126522e+01
1.098150e+01	1.071594e+01	1.046535e+01	9.992554e+00	9.562765e+00	9.175920e+00
8.831533e+00	8.529338e+00	8.269397e+00	8.051690e+00	7.876170e+00	7.742492e+00
7.649266e+00	7.596272e+00	7.586990e+00	7.622450e+00	7.702302e+00	7.818895e+00
7.960464e+00	8.037074e+00	8.113833e+00	8.152999e+00	7.954916e+00	7.606441e+00
5.948212e+00	4.814612e+00	2.528402e+00	1.920397e+00	1.280777e+00	1.110712e+00
1.155421e+01	1.126266e+01	1.098118e+01	1.071743e+01	1.046753e+01	9.995930e+00
9.566696e+00	9.179860e+00	8.835118e+00	8.532438e+00	8.272106e+00	8.054130e+00
7.878412e+00	7.744732e+00	7.652410e+00	7.601829e+00	7.595050e+00	7.629429e+00
7.702051e+00	7.815967e+00	7.966682e+00	8.051568e+00	8.133554e+00	8.172857e+00
8.011449e+00	7.726233e+00	6.176947e+00	5.063106e+00	2.717975e+00	2.059586e+00
1.309438e+00	1.110804e+00	1.155422e+01	1.126318e+01	1.098194e+01	1.071781e+01
1.046768e+01	9.996289e+00	9.567497e+00	9.181046e+00	8.836585e+00	8.534155e+00
8.274076e+00	8.056209e+00	7.880121e+00	7.745745e+00	7.653159e+00	7.603174e+00
7.597542e+00	7.632799e+00	7.706105e+00	7.819291e+00	7.973208e+00	8.063352e+00
8.149675e+00	8.183612e+00	8.047424e+00	7.860202e+00	6.394896e+00	5.287408e+00
2.920366e+00	2.224121e+00	1.338313e+00	1.110410e+00	