7.108032e-01	7.365885e-01	7.621351e-01	7.868160e-01	8.105567e-01	8.552349e-01
8.956921e-01	9.319354e-01	9.649320e-01	9.967344e-01	1.030515e+00	1.067316e+00
1.107461e+00	1.151388e+00	1.199597e+00	1.251974e+00	1.306739e+00	1.359174e+00
1.402565e+00	1.430925e+00	1.439184e+00	1.440107e+00	1.454407e+00	1.482404e+00
1.515521e+00	1.522428e+00	1.531711e+00	1.533226e+00	1.534031e+00	1.534208e+00
1.533936e+00	1.534156e+00	7.776670e-01	8.045232e-01	8.310937e-01	8.567340e-01
8.813753e-01	9.277087e-01	9.696345e-01	1.007182e+00	1.041347e+00	1.074217e+00
1.108997e+00	1.146731e+00	1.187736e+00	1.232453e+00	1.281406e+00	1.334501e+00
1.389957e+00	1.443075e+00	1.487201e+00	1.516410e+00	1.525642e+00	1.527030e+00
1.541631e+00	1.569676e+00	1.602850e+00	1.609807e+00	1.619063e+00	1.620566e+00
1.621372e+00	1.621547e+00	1.621283e+00	1.621498e+00	8.508205e-01	8.787235e-01
9.062918e-01	9.328650e-01	9.583813e-01	1.006324e+00	1.049681e+00	1.088504e+00
1.123814e+00	1.157722e+00	1.193456e+00	1.232055e+00	1.273831e+00	1.319226e+00
1.368794e+00	1.422469e+00	1.478475e+00	1.532156e+00	1.576944e+00	1.607002e+00
1.617294e+00	1.619198e+00	1.634086e+00	1.662086e+00	1.695211e+00	1.702201e+00
1.711395e+00	1.712882e+00	1.713686e+00	1.713859e+00	1.713603e+00	1.713813e+00
9.308554e-01	9.597671e-01	9.882939e-01	1.015761e+00	1.042115e+00	1.091601e+00
1.136336e+00	1.176392e+00	1.212812e+00	1.247719e+00	1.284347e+00	1.323727e+00
1.366166e+00	1.412108e+00	1.462141e+00	1.516235e+00	1.572630e+00	1.626736e+00
1.672103e+00	1.703007e+00	1.714451e+00	1.716930e+00	1.732086e+00	1.759937e+00
1.792894e+00	1.799899e+00	1.808993e+00	1.810457e+00	1.811255e+00	1.811425e+00
1.811180e+00	1.811383e+00	1.018419e+00	1.048285e+00	1.077716e+00	1.106024e+00
1.133165e+00	1.184105e+00	1.230144e+00	1.271377e+00	1.308857e+00	1.344712e+00
1.382161e+00	1.422220e+00	1.465194e+00	1.511530e+00	1.561855e+00	1.616182e+00
1.672782e+00	1.727154e+00	1.773004e+00	1.804747e+00	1.817446e+00	1.820561e+00
1.835963e+00	1.863548e+00	1.896206e+00	1.903204e+00	1.912158e+00	1.913590e+00
1.914380e+00	1.914546e+00	1.914313e+00	1.914508e+00	1.114220e+00	1.144968e+00
1.175228e+00	1.204307e+00	1.232170e+00	1.284448e+00	1.331696e+00	1.374031e+00
1.412508e+00	1.449245e+00	1.487423e+00	1.528042e+00	1.571400e+00	1.617951e+00
1.668368e+00	1.722717e+00	1.779311e+00	1.833771e+00	1.879994e+00	1.912564e+00
1.926627e+00	1.930446e+00	1.946069e+00	1.973260e+00	2.005471e+00	2.012438e+00
2.021205e+00	2.022598e+00	2.023376e+00	2.023537e+00	2.023320e+00	2.023504e+00
1.219032e+00	1.250567e+00	1.281564e+00	1.311324e+00	1.339826e+00	1.393293e+00
1.441632e+00	1.484973e+00	1.524368e+00	1.561903e+00	1.600702e+00	1.641738e+00
1.685305e+00	1.731866e+00	1.782146e+00	1.836275e+00	1.892625e+00	1.946969e+00
1.993440e+00	2.026823e+00	2.042368e+00	2.046964e+00	2.062779e+00	2.089430e+00
2.121032e+00	2.127941e+00	2.136471e+00	2.137815e+00	2.138578e+00	2.138733e+00
2.138533e+00	2.138705e+00	1.333704e+00	1.365905e+00	1.397521e+00	1.427851e+00
1.456887e+00	1.511363e+00	1.560644e+00	1.604873e+00	1.645087e+00	1.683319e+00
1.722609e+00	1.763893e+00	1.807466e+00	1.853801e+00	1.903682e+00	1.957318e+00
2.013155e+00	2.067155e+00	2.113731e+00	2.147908e+00	2.165062e+00	2.170515e+00
2.186488e+00	2.212439e+00	2.243253e+00	2.250074e+00	2.258311e+00	2.259596e+00
2.260339e+00	2.260486e+00	2.260307e+00	2.260465e+00	1.459163e+00	1.491881e+00
1.523970e+00	1.554732e+00	1.584175e+00	1.639438e+00	1.689480e+00	1.734454e+00
1.775365e+00	1.814174e+00	1.853799e+00	1.895137e+00	1.938482e+00	1.984320e+00
2.033507e+00	2.086340e+00	2.141361e+00	2.194761e+00	2.241282e+00	2.276227e+00
2.295127e+00	2.301523e+00	2.317617e+00	2.342690e+00	2.372515e+00	2.379216e+00
2.387099e+00	2.388315e+00	2.389033e+00	2.389171e+00	2.389015e+00	2.389157e+00
1.596423e+00	1.629475e+00	1.661860e+00	1.692889e+00	1.722585e+00	1.778366e+00
1.828952e+00	1.874498e+00	1.915960e+00	1.955201e+00	1.994981e+00	2.036147e+00
2.078995e+00	2.124029e+00	2.172186e+00	2.223867e+00	2.277731e+00	2.330243e+00
2.376529e+00	2.412212e+00	2.433005e+00	2.440439e+00	2.456609e+00	2.480610e+00
2.509227e+00	2.515771e+00	2.523231e+00	2.524366e+00	2.525054e+00	2.525182e+00
2.525051e+00	2.525176e+00	1.746595e+00	1.779760e+00	1.812227e+00	1.843322e+00
1.873088e+00	1.929067e+00	1.979938e+00	2.025849e+00	2.067690e+00	2.107191e+00
2.146915e+00	2.187649e+00	2.229693e+00	2.273575e+00	2.320322e+00	2.370459e+00
2.422786e+00	2.474088e+00	2.519938e+00	2.556321e+00	2.579166e+00	2.587739e+00
2.603937e+00	2.626648e+00	2.653816e+00	2.660163e+00	2.667127e+00	2.668167e+00
2.668819e+00	2.668935e+00	2.668835e+00	2.668938e+00	1.910894e+00	1.943905e+00
1.976198e+00	2.007123e+00	2.036741e+00	2.092539e+00	2.143389e+00	2.189421e+00
2.231435e+00	2.270996e+00	2.310419e+00	2.350423e+00	2.391315e+00	2.433650e+00
2.478561e+00	2.526715e+00	2.577079e+00	2.626814e+00	2.672000e+00	2.709038e+00
2.734107e+00	2.743930e+00	2.760101e+00	2.781285e+00	2.806737e+00	2.812842e+00
2.819230e+00	2.820159e+00	2.820770e+00	2.820872e+00	2.820805e+00	2.820885e+00
2.090648e+00	2.123189e+00	2.155007e+00	2.185480e+00	2.214691e+00	2.269863e+00
2.320333e+00	2.366199e+00	2.408148e+00	2.447534e+00	2.486376e+00	2.525309e+00
2.564652e+00	2.604994e+00	2.647591e+00	2.693270e+00	2.741198e+00	2.788966e+00
2.833239e+00	2.870880e+00	2.898357e+00	2.909549e+00	2.925630e+00	2.945025e+00
2.968469e+00	2.974285e+00	2.980006e+00	2.980810e+00	2.981372e+00	2.981459e+00
2.981430e+00	2.981483e+00	2.287310e+00	2.319008e+00	2.349994e+00	2.379686e+00
2.408190e+00	2.462215e+00	2.511884e+00	2.557252e+00	2.598855e+00	2.637796e+00
2.675734e+00	2.713207e+00	2.750553e+00	2.788403e+00	2.828148e+00	2.870805e+00
2.915768e+00	2.961129e+00	3.004207e+00	3.042390e+00	3.072473e+00	3.085163e+00
3.101086e+00	3.118406e+00	3.139521e+00	3.144993e+00	3.149951e+00	3.150613e+00
3.151118e+00	3.151187e+00	3.151200e+00	3.151224e+00	2.502473e+00	2.532888e+00
2.562623e+00	2.591149e+00	2.618594e+00	2.670866e+00	2.719248e+00	2.763730e+00
2.804664e+00	2.842848e+00	2.879512e+00	2.915086e+00	2.949930e+00	2.984725e+00
3.021019e+00	3.060042e+00	3.101456e+00	3.143919e+00	3.185492e+00	3.224146e+00
3.257050e+00	3.271378e+00	3.287065e+00	3.301993e+00	3.320430e+00	3.325499e+00
3.329588e+00	3.330088e+00	3.330528e+00	3.330578e+00	3.330638e+00	3.330628e+00
2.740835e+00	2.768834e+00	2.796281e+00	2.822747e+00	2.848381e+00	2.897768e+00
2.944207e+00	2.987562e+00	3.027886e+00	3.065489e+00	3.100913e+00	3.134406e+00
3.166334e+00	3.197422e+00	3.229403e+00	3.263781e+00	3.300619e+00	3.339435e+00
3.379350e+00	3.419028e+00	3.456020e+00	3.472632e+00	3.488004e+00	3.499719e+00
3.514933e+00	3.519638e+00	3.522627e+00	3.522912e+00	3.523278e+00	3.523301e+00
3.523434e+00	3.523374e+00	2.999535e+00	3.024892e+00	3.049818e+00	3.073978e+00
3.097539e+00	3.143496e+00	3.187400e+00	3.228983e+00	3.267997e+00	3.304268e+00
3.337684e+00	3.368327e+00	3.396596e+00	3.423281e+00	3.450319e+00	3.479507e+00
3.511289e+00	3.545991e+00	3.583741e+00	3.623934e+00	3.664584e+00	3.683322e+00
3.698278e+00	3.706709e+00	3.718381e+00	3.722583e+00	3.724419e+00	3.724488e+00
3.724771e+00	3.724766e+00	3.724966e+00	3.724859e+00	3.267009e+00	3.292510e+00
3.317375e+00	3.341144e+00	3.364034e+00	3.408044e+00	3.449161e+00	3.487174e+00
3.521923e+00	3.553408e+00	3.581780e+00	3.607251e+00	3.630371e+00	3.652093e+00
3.674556e+00	3.699709e+00	3.727913e+00	3.759151e+00	3.793379e+00	3.830626e+00
3.869737e+00	3.888226e+00	3.902755e+00	3.910138e+00	3.918586e+00	3.921611e+00
3.922763e+00	3.922768e+00	3.922951e+00	3.922946e+00	3.923100e+00	3.923014e+00
3.541231e+00	3.569926e+00	3.597487e+00	3.623066e+00	3.646930e+00	3.690806e+00
3.728954e+00	3.761437e+00	3.788697e+00	3.811695e+00	3.831854e+00	3.849777e+00
3.866224e+00	3.882357e+00	3.900474e+00	3.922532e+00	3.948378e+00	3.976579e+00
4.005797e+00	4.036656e+00	4.069324e+00	4.085374e+00	4.099308e+00	4.107471e+00
4.113132e+00	4.114466e+00	4.115367e+00	4.115443e+00	4.115519e+00	4.115537e+00
4.115553e+00	4.115544e+00	3.825245e+00	3.856574e+00	3.886363e+00	3.913449e+00
3.938141e+00	3.981886e+00	4.017298e+00	4.044451e+00	4.064282e+00	4.078692e+00
4.090275e+00	4.099981e+00	4.108693e+00	4.117667e+00	4.129217e+00	4.145264e+00
4.165483e+00	4.187947e+00	4.210978e+00	4.235682e+00	4.263111e+00	4.277079e+00
4.288925e+00	4.295309e+00	4.298930e+00	4.299494e+00	4.299992e+00	4.300047e+00
4.300069e+00	4.300085e+00	4.300071e+00	4.300082e+00	4.121016e+00	4.155122e+00
4.187265e+00	4.215947e+00	4.241526e+00	4.285153e+00	4.317657e+00	4.339085e+00
4.350892e+00	4.355985e+00	4.358170e+00	4.358741e+00	4.358639e+00	4.359143e+00
4.362481e+00	4.370509e+00	4.382942e+00	4.397859e+00	4.413696e+00	4.431926e+00
4.454188e+00	4.465953e+00	4.474763e+00	4.478089e+00	4.480077e+00	4.480326e+00
4.480370e+00	4.480365e+00	4.480362e+00	4.480361e+00	4.480371e+00	4.480374e+00
4.425273e+00	4.464367e+00	4.500487e+00	4.531393e+00	4.557647e+00	4.599197e+00
4.625964e+00	4.639587e+00	4.642207e+00	4.637428e+00	4.629851e+00	4.620955e+00
4.611637e+00	4.603086e+00	4.597211e+00	4.595692e+00	4.598475e+00	4.604248e+00
4.612075e+00	4.623388e+00	4.639028e+00	4.647093e+00	4.652215e+00	4.652948e+00
4.653148e+00	4.653002e+00	4.652667e+00	4.652616e+00	4.652586e+00	4.652574e+00
4.652592e+00	4.652594e+00	4.733295e+00	4.780458e+00	4.822859e+00	4.856888e+00
4.883514e+00	4.920252e+00	4.937508e+00	4.940825e+00	4.933161e+00	4.918275e+00
4.900910e+00	4.882535e+00	4.863935e+00	4.846075e+00	4.830121e+00	4.817348e+00
4.808275e+00	4.803124e+00	4.802317e+00	4.806583e+00	4.814057e+00	4.816671e+00
4.817483e+00	4.816380e+00	4.814646e+00	4.813996e+00	4.813393e+00	4.813316e+00
4.813258e+00	4.813240e+00	4.813245e+00	4.813254e+00	5.045783e+00	5.102282e+00
5.151878e+00	5.189346e+00	5.216140e+00	5.246620e+00	5.252236e+00	5.243330e+00
5.223915e+00	5.198073e+00	5.170744e+00	5.142732e+00	5.113550e+00	5.083737e+00
5.055594e+00	5.031471e+00	5.011783e+00	4.996223e+00	4.984884e+00	4.979316e+00
4.977432e+00	4.974862e+00	4.971164e+00	4.967493e+00	4.963784e+00	4.962667e+00
4.961745e+00	4.961637e+00	4.961551e+00	4.961527e+00	4.961522e+00	4.961532e+00
5.361103e+00	5.427350e+00	5.484336e+00	5.525062e+00	5.551525e+00	5.574154e+00
5.566170e+00	5.543277e+00	5.510698e+00	5.472948e+00	5.435216e+00	5.397213e+00
5.356414e+00	5.312807e+00	5.271086e+00	5.235540e+00	5.205990e+00	5.180220e+00
5.156885e+00	5.139337e+00	5.127000e+00	5.119397e+00	5.111035e+00	5.104270e+00
5.098426e+00	5.096837e+00	5.095544e+00	5.095392e+00	5.095275e+00	5.095242e+00
5.095233e+00	5.095243e+00	5.679467e+00	5.753910e+00	5.816818e+00	5.859464e+00
5.884405e+00	5.897230e+00	5.874091e+00	5.835839e+00	5.788844e+00	5.737975e+00
5.688640e+00	5.639679e+00	5.586930e+00	5.529813e+00	5.474766e+00	5.427403e+00
5.387085e+00	5.350229e+00	5.314463e+00	5.284311e+00	5.260470e+00	5.247519e+00
5.234326e+00	5.224368e+00	5.215929e+00	5.213768e+00	5.212044e+00	5.211827e+00
5.211672e+00	5.211621e+00	5.211621e+00	5.211631e+00	6.000802e+00	6.080906e+00
6.147424e+00	6.190081e+00	6.211966e+00	6.212832e+00	6.173199e+00	6.118400e+00
6.055816e+00	5.990689e+00	5.928582e+00	5.867753e+00	5.802827e+00	5.732766e+00
5.664961e+00	5.605729e+00	5.554107e+00	5.505583e+00	5.457129e+00	5.413913e+00
5.377811e+00	5.359473e+00	5.341459e+00	5.328209e+00	5.316666e+00	5.313812e+00
5.311568e+00	5.311289e+00	5.311081e+00	5.311031e+00	5.311011e+00	5.311038e+00
6.325339e+00	6.408117e+00	6.475509e+00	6.515919e+00	6.532964e+00	6.519405e+00
6.461775e+00	6.389123e+00	6.309670e+00	6.228943e+00	6.152695e+00	6.078862e+00
6.001459e+00	5.919062e+00	5.839186e+00	5.768122e+00	5.704710e+00	5.644057e+00
5.582823e+00	5.526259e+00	5.477282e+00	5.453492e+00	5.430613e+00	5.413889e+00
5.398647e+00	5.394955e+00	5.392055e+00	5.391694e+00	5.391421e+00	5.391368e+00
5.391338e+00	5.391364e+00	6.648111e+00	6.729429e+00	6.793990e+00	6.829205e+00
6.839173e+00	6.808318e+00	6.731159e+00	6.639393e+00	6.541827e+00	6.444162e+00
6.352375e+00	6.264389e+00	6.174352e+00	6.080526e+00	5.989629e+00	5.907102e+00
5.831753e+00	5.758894e+00	5.685235e+00	5.615535e+00	5.553504e+00	5.524269e+00
5.496463e+00	5.476026e+00	5.456529e+00	5.451849e+00	5.448160e+00	5.447690e+00
5.447340e+00	5.447280e+00	5.447250e+00	5.447260e+00	6.966985e+00	7.045309e+00
7.105421e+00	7.133310e+00	7.133600e+00	7.079857e+00	6.978385e+00	6.864793e+00
6.748096e+00	6.633458e+00	6.526165e+00	6.424035e+00	6.321841e+00	6.217322e+00
6.115780e+00	6.021548e+00	5.933826e+00	5.849214e+00	5.765681e+00	5.682480e+00
5.604505e+00	5.568232e+00	5.533679e+00	5.507855e+00	5.482308e+00	5.476147e+00
5.471288e+00	5.470653e+00	5.470182e+00	5.470117e+00	5.470076e+00	5.470075e+00
7.288851e+00	7.359586e+00	7.411182e+00	7.428846e+00	7.417677e+00	7.339734e+00
7.213871e+00	7.077580e+00	6.940014e+00	6.806144e+00	6.681068e+00	6.562902e+00
6.447533e+00	6.332376e+00	6.220900e+00	6.115798e+00	6.016500e+00	5.920491e+00
5.826406e+00	5.731233e+00	5.640362e+00	5.598488e+00	5.558644e+00	5.528678e+00
5.498627e+00	5.491388e+00	5.485686e+00	5.484932e+00	5.484375e+00	5.484305e+00
5.484256e+00	5.484247e+00	7.614233e+00	7.661765e+00	7.692254e+00	7.693517e+00
7.670484e+00	7.577640e+00	7.439520e+00	7.283071e+00	7.118216e+00	6.954057e+00
6.800742e+00	6.658681e+00	6.526294e+00	6.401337e+00	6.281455e+00	6.168156e+00
6.059787e+00	5.951869e+00	5.840774e+00	5.736501e+00	5.641588e+00	5.597875e+00
5.555779e+00	5.523656e+00	5.492277e+00	5.484777e+00	5.478565e+00	5.477725e+00
5.477152e+00	5.477091e+00	5.477016e+00	5.477019e+00	7.942184e+00	7.951201e+00
7.949282e+00	7.928398e+00	7.891880e+00	7.787499e+00	7.643221e+00	7.468027e+00
7.273087e+00	7.074563e+00	6.890340e+00	6.723740e+00	6.574974e+00	6.441252e+00
6.315473e+00	6.196781e+00	6.082421e+00	5.966200e+00	5.844083e+00	5.726394e+00
5.619927e+00	5.571149e+00	5.522147e+00	5.483004e+00	5.447025e+00	5.438365e+00
5.430894e+00	5.429941e+00	5.429257e+00	5.429182e+00	5.429082e+00	5.429099e+00
8.318611e+00	8.274796e+00	8.225313e+00	8.165242e+00	8.096763e+00	7.943722e+00
7.765850e+00	7.568341e+00	7.361387e+00	7.157194e+00	6.956120e+00	6.769649e+00
6.597847e+00	6.441281e+00	6.308091e+00	6.181054e+00	6.058919e+00	5.937863e+00
5.815264e+00	5.690188e+00	5.575633e+00	5.523629e+00	5.471731e+00	5.429162e+00
5.379514e+00	5.364369e+00	5.360912e+00	5.361521e+00	5.360040e+00	5.359494e+00
5.360113e+00	5.359744e+00	8.720350e+00	8.615261e+00	8.509464e+00	8.400752e+00
8.291030e+00	8.075109e+00	7.857937e+00	7.639765e+00	7.425832e+00	7.222471e+00
7.009314e+00	6.805981e+00	6.613354e+00	6.434966e+00	6.277905e+00	6.127259e+00
5.984676e+00	5.851291e+00	5.727219e+00	5.607765e+00	5.494925e+00	5.443107e+00
5.394080e+00	5.352504e+00	5.279334e+00	5.252160e+00	5.258385e+00	5.262327e+00
5.259331e+00	5.257834e+00	5.259955e+00	5.258781e+00	8.998652e+00	8.878426e+00
8.753714e+00	8.622814e+00	8.489606e+00	8.228499e+00	7.972629e+00	7.723030e+00
7.478297e+00	7.237864e+00	7.017586e+00	6.807032e+00	6.607537e+00	6.416158e+00
6.232571e+00	6.062800e+00	5.906721e+00	5.764198e+00	5.634360e+00	5.512684e+00
5.395926e+00	5.341498e+00	5.290819e+00	5.247295e+00	5.162586e+00	5.131538e+00
5.139941e+00	5.144912e+00	5.141378e+00	5.139562e+00	5.142176e+00	5.140732e+00
9.158179e+00	9.057689e+00	8.949348e+00	8.827140e+00	8.695418e+00	8.420543e+00
8.129427e+00	7.828805e+00	7.523868e+00	7.226412e+00	6.962054e+00	6.721930e+00
6.506899e+00	6.312490e+00	6.135051e+00	5.972404e+00	5.821291e+00	5.675845e+00
5.531399e+00	5.390132e+00	5.255797e+00	5.191347e+00	5.125536e+00	5.071307e+00
5.012973e+00	4.995949e+00	4.990410e+00	4.990763e+00	4.989144e+00	4.988556e+00
4.989184e+00	4.988794e+00	9.378473e+00	9.270150e+00	9.150866e+00	9.013844e+00
8.864567e+00	8.550364e+00	8.216103e+00	7.871011e+00	7.527045e+00	7.203449e+00
6.904791e+00	6.640983e+00	6.409568e+00	6.205187e+00	6.022830e+00	5.856529e+00
5.701564e+00	5.549422e+00	5.393776e+00	5.239912e+00	5.094279e+00	5.023932e+00
4.950759e+00	4.891812e+00	4.843483e+00	4.832427e+00	4.820590e+00	4.818937e+00
4.818123e+00	4.818061e+00	4.817825e+00	4.817894e+00	9.651340e+00	9.505392e+00
9.350701e+00	9.181269e+00	9.002533e+00	8.637602e+00	8.261552e+00	7.881006e+00
7.511342e+00	7.159414e+00	6.841409e+00	6.559310e+00	6.311324e+00	6.091292e+00
5.893198e+00	5.711483e+00	5.541907e+00	5.378319e+00	5.215985e+00	5.057555e+00
4.907177e+00	4.835053e+00	4.761852e+00	4.703638e+00	4.651167e+00	4.638300e+00
4.627650e+00	4.626396e+00	4.625365e+00	4.625202e+00	4.625126e+00	4.625108e+00
9.895925e+00	9.719583e+00	9.534444e+00	9.334868e+00	9.126965e+00	8.708128e+00
8.285578e+00	7.872446e+00	7.470478e+00	7.094917e+00	6.757140e+00	6.458144e+00
6.194505e+00	5.959105e+00	5.745225e+00	5.548025e+00	5.363534e+00	5.187497e+00
5.016500e+00	4.851470e+00	4.695236e+00	4.621370e+00	4.548517e+00	4.491872e+00
4.438004e+00	4.424829e+00	4.414267e+00	4.412991e+00	4.411921e+00	4.411803e+00
4.411691e+00	4.411682e+00	1.008397e+01	9.920842e+00	9.743676e+00	9.535076e+00
9.299750e+00	8.782144e+00	8.272462e+00	7.810288e+00	7.384156e+00	7.001404e+00
6.660403e+00	6.356186e+00	6.078924e+00	5.820680e+00	5.582030e+00	5.364754e+00
5.165046e+00	4.977922e+00	4.798876e+00	4.626125e+00	4.462953e+00	4.388331e+00
4.316468e+00	4.261162e+00	4.205861e+00	4.192892e+00	4.182427e+00	4.181033e+00
4.180016e+00	4.179900e+00	4.179782e+00	4.179775e+00	1.033109e+01	1.012553e+01
9.896699e+00	9.634197e+00	9.353660e+00	8.795768e+00	8.249344e+00	7.751039e+00
7.307475e+00	6.910812e+00	6.555910e+00	6.237021e+00	5.942106e+00	5.663635e+00
5.405022e+00	5.170293e+00	4.956306e+00	4.758731e+00	4.573111e+00	4.393731e+00
4.220960e+00	4.142119e+00	4.069820e+00	4.017352e+00	3.961746e+00	3.948039e+00
3.937854e+00	3.936594e+00	3.935542e+00	3.935393e+00	3.935296e+00	3.935280e+00
1.066237e+01	1.032679e+01	9.993607e+00	9.665708e+00	9.348192e+00	8.755909e+00
8.211078e+00	7.709947e+00	7.249446e+00	6.826714e+00	6.439881e+00	6.089377e+00
5.770910e+00	5.479350e+00	5.210365e+00	4.962885e+00	4.735801e+00	4.527701e+00
4.336134e+00	4.150960e+00	3.965625e+00	3.878014e+00	3.802746e+00	3.754214e+00
3.699671e+00	3.684057e+00	3.674335e+00	3.673525e+00	3.672315e+00	3.672105e+00
3.672054e+00	3.672014e+00	1.080357e+01	1.046794e+01	1.012753e+01	9.775654e+00
9.414469e+00	8.762611e+00	8.160725e+00	7.621432e+00	7.134807e+00	6.695374e+00
6.297959e+00	5.938622e+00	5.608075e+00	5.299352e+00	5.012541e+00	4.749838e+00
4.510242e+00	4.289524e+00	4.084431e+00	3.888435e+00	3.697321e+00	3.607345e+00
3.528636e+00	3.476686e+00	3.421625e+00	3.406740e+00	3.397011e+00	3.396077e+00
3.394942e+00	3.394755e+00	3.394694e+00	3.394655e+00	1.091524e+01	1.059025e+01
1.025828e+01	9.901152e+00	9.515934e+00	8.772791e+00	8.100785e+00	7.507946e+00
6.992379e+00	6.541642e+00	6.142531e+00	5.782161e+00	5.443844e+00	5.118878e+00
4.814302e+00	4.536872e+00	4.285267e+00	4.051624e+00	3.831404e+00	3.623687e+00
3.429163e+00	3.338757e+00	3.256149e+00	3.198104e+00	3.142209e+00	3.128901e+00
3.118993e+00	3.117770e+00	3.116779e+00	3.116639e+00	3.116553e+00	3.116522e+00
1.108799e+01	1.071394e+01	1.032278e+01	9.916679e+00	9.517686e+00	8.755033e+00
8.035792e+00	7.414045e+00	6.873464e+00	6.400605e+00	5.983921e+00	5.609761e+00
5.261181e+00	4.928669e+00	4.616039e+00	4.327154e+00	4.062184e+00	3.815738e+00
3.584623e+00	3.368087e+00	3.166829e+00	3.073146e+00	2.985301e+00	2.922029e+00
2.866203e+00	2.853600e+00	2.843570e+00	2.842292e+00	2.841356e+00	2.841222e+00
2.841139e+00	2.841106e+00	1.132251e+01	1.083441e+01	1.035731e+01	9.900697e+00
9.464098e+00	8.672465e+00	7.961964e+00	7.330319e+00	6.767673e+00	6.266064e+00
5.820309e+00	5.422045e+00	5.061618e+00	4.729692e+00	4.417162e+00	4.119578e+00
3.840368e+00	3.581282e+00	3.342234e+00	3.118586e+00	2.907810e+00	2.808633e+00
2.714305e+00	2.646092e+00	2.590704e+00	2.578162e+00	2.567991e+00	2.566814e+00
2.565867e+00	2.565709e+00	2.565648e+00	2.565608e+00	1.150520e+01	1.094905e+01
1.041123e+01	9.910036e+00	9.455693e+00	8.613127e+00	7.878611e+00	7.227433e+00
6.647402e+00	6.129805e+00	5.668872e+00	5.256908e+00	4.885595e+00	4.545938e+00
4.226363e+00	3.920338e+00	3.631541e+00	3.363805e+00	3.116734e+00	2.884663e+00
2.664517e+00	2.560467e+00	2.461601e+00	2.390438e+00	2.333853e+00	2.321100e+00
2.310739e+00	2.309562e+00	2.308605e+00	2.308440e+00	2.308376e+00	2.308341e+00
1.166704e+01	1.106033e+01	1.047832e+01	9.941593e+00	9.452298e+00	8.561088e+00
7.789855e+00	7.114491e+00	6.521182e+00	5.995274e+00	5.526010e+00	5.104993e+00
4.723535e+00	4.373119e+00	4.043872e+00	3.730214e+00	3.434681e+00	3.160805e+00
2.906527e+00	2.666277e+00	2.437544e+00	2.329277e+00	2.227237e+00	2.154435e+00
2.096027e+00	2.082915e+00	2.072362e+00	2.071151e+00	2.070179e+00	2.070015e+00
2.069937e+00	2.069912e+00	1.183230e+01	1.117432e+01	1.054761e+01	9.975672e+00
9.452789e+00	8.521126e+00	7.716494e+00	7.018617e+00	6.412040e+00	5.877489e+00
5.399675e+00	4.969528e+00	4.578468e+00	4.218427e+00	3.880714e+00	3.560311e+00
3.258766e+00	2.979023e+00	2.718633e+00	2.471365e+00	2.234986e+00	2.122995e+00
2.018326e+00	1.944099e+00	1.883147e+00	1.869468e+00	1.858607e+00	1.857351e+00
1.856330e+00	1.856174e+00	1.856077e+00	1.856059e+00	1.200159e+01	1.129145e+01
1.061961e+01	1.001466e+01	9.467627e+00	8.489487e+00	7.657546e+00	6.939697e+00
6.320048e+00	5.776438e+00	5.289743e+00	4.850313e+00	4.450192e+00	4.081711e+00
3.736709e+00	3.410271e+00	3.103156e+00	2.817497e+00	2.551771e+00	2.298217e+00
2.054652e+00	1.939206e+00	1.832308e+00	1.756823e+00	1.692484e+00	1.678001e+00
1.666702e+00	1.665390e+00	1.664285e+00	1.664144e+00	1.664021e+00	1.664010e+00
1.217472e+01	1.141463e+01	1.070004e+01	1.006437e+01	9.493583e+00	8.485397e+00
7.620916e+00	6.883474e+00	6.250842e+00	5.697589e+00	5.201711e+00	4.752855e+00
4.343626e+00	3.966793e+00	3.614662e+00	3.282430e+00	2.970205e+00	2.679288e+00
2.408896e+00	2.150369e+00	1.900608e+00	1.781666e+00	1.671450e+00	1.593168e+00
1.525172e+00	1.509824e+00	1.497913e+00	1.496526e+00	1.495340e+00	1.495194e+00
1.495062e+00	1.495050e+00	1.235311e+01	1.154593e+01	1.079181e+01	1.012921e+01
9.538988e+00	8.488895e+00	7.607495e+00	6.853436e+00	6.206937e+00	5.642860e+00
5.136998e+00	4.678703e+00	4.260461e+00	3.875406e+00	3.516245e+00	3.178272e+00
2.861097e+00	2.565281e+00	2.290366e+00	2.027651e+00	1.772189e+00	1.649577e+00
1.535025e+00	1.452596e+00	1.380570e+00	1.364247e+00	1.351530e+00	1.350044e+00
1.348775e+00	1.348611e+00	1.348483e+00	1.348459e+00	1.253896e+01	1.168816e+01
1.089805e+01	1.021192e+01	9.605115e+00	8.523722e+00	7.615512e+00	6.846504e+00
6.189828e+00	5.616855e+00	5.102664e+00	4.634634e+00	4.207201e+00	3.813880e+00
3.447531e+00	3.103433e+00	2.780849e+00	2.479826e+00	2.199688e+00	1.932562e+00
1.671089e+00	1.544412e+00	1.424619e+00	1.336978e+00	1.260184e+00	1.242632e+00
1.228848e+00	1.227230e+00	1.225855e+00	1.225673e+00	1.225552e+00	1.225509e+00
1.273158e+01	1.184121e+01	1.101893e+01	1.031297e+01	9.692591e+00	8.583525e+00
7.654990e+00	6.873225e+00	6.206765e+00	5.625208e+00	5.103687e+00	4.625263e+00
4.187601e+00	3.784870e+00	3.409830e+00	3.057653e+00	2.727369e+00	2.418701e+00
2.133803e+00	1.862325e+00	1.594738e+00	1.463851e+00	1.338585e+00	1.245425e+00
1.163110e+00	1.144045e+00	1.128964e+00	1.127188e+00	1.125680e+00	1.125483e+00
1.125354e+00	1.125293e+00	1.293029e+01	1.200397e+01	1.115276e+01	1.042963e+01
9.797896e+00	8.664596e+00	7.718284e+00	6.922565e+00	6.242617e+00	5.647957e+00
5.113015e+00	4.629385e+00	4.188118e+00	3.781876e+00	3.403426e+00	3.047918e+00
2.714384e+00	2.402543e+00	2.106874e+00	1.824196e+00	1.545878e+00	1.408641e+00
1.276799e+00	1.177311e+00	1.087831e+00	1.066745e+00	1.049991e+00	1.048013e+00
1.046342e+00	1.046122e+00	1.045973e+00	1.045898e+00	1.313513e+01	1.217789e+01
1.130252e+01	1.056610e+01	9.926350e+00	8.775017e+00	7.815523e+00	7.009680e+00
6.320912e+00	5.718068e+00	5.176125e+00	4.683970e+00	4.234358e+00	3.820060e+00
3.433279e+00	3.068831e+00	2.725803e+00	2.403816e+00	2.100558e+00	1.809071e+00
1.521458e+00	1.378527e+00	1.238859e+00	1.131624e+00	1.033087e+00	1.009434e+00
9.905850e-01	9.883528e-01	9.864810e-01	9.862307e-01	9.860506e-01	9.859705e-01
1.334284e+01	1.235824e+01	1.146186e+01	1.071469e+01	1.006911e+01	8.904143e+00
7.936268e+00	7.121994e+00	6.425136e+00	5.814313e+00	5.264852e+00	4.765635e+00
4.309200e+00	3.887943e+00	3.493545e+00	3.120457e+00	2.767709e+00	2.434588e+00
2.123821e+00	1.824128e+00	1.527542e+00	1.379859e+00	1.226593e+00	1.104553e+00
9.944621e-01	9.677266e-01	9.462963e-01	9.437373e-01	9.416162e-01	9.413519e-01
9.411052e-01	9.410623e-01	1.355258e+01	1.254289e+01	1.162776e+01	1.087193e+01
1.022257e+01	9.048374e+00	8.076802e+00	7.256706e+00	6.553683e+00	5.936576e+00
5.381117e+00	4.876102e+00	4.413868e+00	3.986511e+00	3.585310e+00	3.204514e+00
2.843333e+00	2.501442e+00	2.176871e+00	1.859519e+00	1.542808e+00	1.383575e+00
1.219355e+00	1.086478e+00	9.644765e-01	9.344221e-01	9.102439e-01	9.073382e-01
9.049407e-01	9.046557e-01	9.043530e-01	9.043472e-01	1.376074e+01	1.272861e+01
1.179708e+01	1.103459e+01	1.038324e+01	9.203126e+00	8.230147e+00	7.406294e+00
6.698760e+00	6.076610e+00	5.515833e+00	5.005160e+00	4.536754e+00	4.102543e+00
3.693649e+00	3.304219e+00	2.933489e+00	2.581151e+00	2.243410e+00	1.908740e+00
1.570092e+00	1.397170e+00	1.223710e+00	1.085057e+00	9.450569e-01	9.106196e-01
8.828969e-01	8.795729e-01	8.767912e-01	8.764484e-01	8.761238e-01	8.761550e-01
1.396643e+01	1.291379e+01	1.196790e+01	1.120130e+01	1.055102e+01	9.371903e+00
8.403023e+00	7.579807e+00	6.871104e+00	6.246444e+00	5.681943e+00	5.166402e+00
4.692092e+00	4.251069e+00	3.834566e+00	3.436761e+00	3.056777e+00	2.694059e+00
2.343976e+00	1.992914e+00	1.630971e+00	1.444637e+00	1.250831e+00	1.091067e+00
9.327759e-01	8.938599e-01	8.624394e-01	8.586683e-01	8.554569e-01	8.550350e-01
8.547314e-01	8.547670e-01	1.417083e+01	1.308763e+01	1.212081e+01	1.134987e+01
1.070553e+01	9.542669e+00	8.588784e+00	7.772450e+00	7.064338e+00	6.435945e+00
5.864892e+00	5.341657e+00	4.860438e+00	4.413888e+00	3.991976e+00	3.587719e+00
3.199451e+00	2.825514e+00	2.461159e+00	2.094490e+00	1.708377e+00	1.502869e+00
1.286182e+00	1.104312e+00	9.281942e-01	8.822468e-01	8.465214e-01	8.420878e-01
8.382933e-01	8.377271e-01	8.376785e-01	8.374486e-01	1.437345e+01	1.325443e+01
1.226375e+01	1.148878e+01	1.085332e+01	9.716739e+00	8.786387e+00	7.982660e+00
7.277424e+00	6.645020e+00	6.065606e+00	5.532729e+00	5.044103e+00	4.593416e+00
4.168285e+00	3.759576e+00	3.364274e+00	2.978854e+00	2.599057e+00	2.218390e+00
1.808296e+00	1.578257e+00	1.334658e+00	1.129402e+00	9.253266e-01	8.731362e-01
8.332005e-01	8.280667e-01	8.236576e-01	8.229284e-01	8.232097e-01	8.226240e-01
1.456767e+01	1.341282e+01	1.239612e+01	1.161888e+01	1.099460e+01	9.887935e+00
8.983997e+00	8.196388e+00	7.497268e+00	6.862921e+00	6.275549e+00	5.732893e+00
5.237725e+00	4.784926e+00	4.358149e+00	3.945297e+00	3.542717e+00	3.146129e+00
2.752022e+00	2.357914e+00	1.922488e+00	1.665688e+00	1.391303e+00	1.159065e+00
9.251041e-01	8.673525e-01	8.215806e-01	8.156749e-01	8.105443e-01	8.096114e-01
8.103117e-01	8.092087e-01	1.476584e+01	1.356995e+01	1.251485e+01	1.173478e+01
1.112342e+01	1.005085e+01	9.178230e+00	8.413144e+00	7.726109e+00	7.093349e+00
6.497933e+00	5.944207e+00	5.443231e+00	4.991508e+00	4.565635e+00	4.148844e+00
3.738199e+00	3.330936e+00	2.925207e+00	2.520219e+00	2.059347e+00	1.772945e+00
1.461850e+00	1.197585e+00	9.304490e-01	8.641419e-01	8.117709e-01	8.049425e-01
7.990345e-01	7.978592e-01	7.990397e-01	7.973017e-01	1.473947e+01	1.361431e+01
1.264214e+01	1.190913e+01	1.132945e+01	1.028523e+01	9.407819e+00	8.629057e+00
7.928239e+00	7.288305e+00	6.696502e+00	6.151600e+00	5.657039e+00	5.207012e+00
4.781240e+00	4.364669e+00	3.953303e+00	3.542417e+00	3.125381e+00	2.690488e+00
2.187197e+00	1.882941e+00	1.546761e+00	1.254187e+00	9.407421e-01	8.588185e-01
8.018132e-01	7.955500e-01	7.883831e-01	7.869724e-01	7.888948e-01	7.860533e-01
1.465535e+01	1.363775e+01	1.275773e+01	1.209315e+01	1.155664e+01	1.053715e+01
9.640455e+00	8.837280e+00	8.117437e+00	7.470453e+00	6.888149e+00	6.360878e+00
5.878404e+00	5.430110e+00	5.003953e+00	4.590006e+00	4.182476e+00	3.772859e+00
3.345992e+00	2.872399e+00	2.318983e+00	2.001839e+00	1.646113e+00	1.327239e+00
9.581176e-01	8.551844e-01	7.923621e-01	7.868595e-01	7.784042e-01	7.768281e-01
7.795033e-01	7.754585e-01	1.473907e+01	1.371460e+01	1.283220e+01	1.218505e+01
1.167133e+01	1.068340e+01	9.811552e+00	9.028031e+00	8.323235e+00	7.686629e+00
7.110155e+00	6.585669e+00	6.104798e+00	5.657794e+00	5.232543e+00	4.818758e+00
4.410213e+00	3.997504e+00	3.563737e+00	3.075770e+00	2.491312e+00	2.146732e+00
1.753072e+00	1.395700e+00	9.778300e-01	8.590667e-01	7.846867e-01	7.779309e-01
7.688665e-01	7.672833e-01	7.702610e-01	7.655727e-01	1.479497e+01	1.376883e+01
1.289366e+01	1.226781e+01	1.177931e+01	1.082307e+01	9.975842e+00	9.211186e+00
8.520922e+00	7.895291e+00	7.327044e+00	6.808649e+00	6.332282e+00	5.888719e+00
5.466278e+00	5.054761e+00	4.647439e+00	4.233861e+00	3.794958e+00	3.292781e+00
2.677074e+00	2.306235e+00	1.874671e+00	1.475882e+00	1.003610e+00	8.669387e-01
7.780850e-01	7.697869e-01	7.600578e-01	7.584683e-01	7.613511e-01	7.563943e-01
1.483471e+01	1.380861e+01	1.294209e+01	1.233825e+01	1.187521e+01	1.095103e+01
1.012942e+01	9.384947e+00	8.710747e+00	8.097805e+00	7.539590e+00	7.029162e+00
6.559192e+00	6.120965e+00	5.703188e+00	5.295766e+00	4.891506e+00	4.478983e+00
4.037014e+00	3.522818e+00	2.877627e+00	2.480715e+00	2.010199e+00	1.566755e+00
1.034844e+00	8.783229e-01	7.726655e-01	7.623294e-01	7.518370e-01	7.502933e-01
7.530277e-01	7.477265e-01	1.485924e+01	1.383490e+01	1.297774e+01	1.239523e+01
1.195670e+01	1.106434e+01	1.026867e+01	9.545304e+00	8.888438e+00	8.289793e+00
7.743410e+00	7.242909e+00	6.781393e+00	6.350591e+00	5.939546e+00	5.538250e+00
5.139114e+00	4.729869e+00	4.287409e+00	3.764332e+00	3.093089e+00	2.671456e+00
2.162276e+00	1.671684e+00	1.074139e+00	8.953878e-01	7.689078e-01	7.557899e-01
7.443418e-01	7.429090e-01	7.454566e-01	7.397505e-01	1.487219e+01	1.385356e+01
1.300638e+01	1.244311e+01	1.202664e+01	1.116531e+01	1.039489e+01	9.692829e+00
9.053928e+00	8.470630e+00	7.937466e+00	7.448497e+00	6.997231e+00	6.575740e+00
6.173319e+00	5.780002e+00	5.387929e+00	4.984135e+00	4.543822e+00	4.015371e+00
3.322417e+00	2.878096e+00	2.331339e+00	1.792992e+00	1.122573e+00	9.187245e-01
7.679602e-01	7.503792e-01	7.377823e-01	7.365077e-01	7.385418e-01	7.330889e-01
1.488065e+01	1.386676e+01	1.302936e+01	1.248428e+01	1.208851e+01	1.125750e+01
1.051194e+01	9.831343e+00	9.210918e+00	8.643795e+00	8.124941e+00	7.648796e+00
7.209247e+00	6.798650e+00	6.406504e+00	6.022860e+00	5.639671e+00	5.243388e+00
4.807697e+00	4.277035e+00	3.566113e+00	3.100742e+00	2.517039e+00	1.929606e+00
1.179276e+00	9.478239e-01	7.674187e-01	7.458378e-01	7.317927e-01	7.306837e-01
7.320592e-01	7.270742e-01	1.488009e+01	1.386820e+01	1.304174e+01	1.251455e+01
1.213799e+01	1.133626e+01	1.061491e+01	9.955592e+00	9.353958e+00	8.803703e+00
8.300166e+00	7.838122e+00	7.411787e+00	7.013720e+00	6.633571e+00	6.261376e+00
5.889000e+00	5.502463e+00	5.074219e+00	4.545242e+00	3.821467e+00	3.337696e+00
2.718895e+00	2.081559e+00	1.244505e+00	9.823213e-01	7.682220e-01	7.427618e-01
7.264181e-01	7.254598e-01	7.260242e-01	7.214969e-01	1.487151e+01	1.386587e+01
1.304837e+01	1.253611e+01	1.217650e+01	1.140185e+01	1.070332e+01	1.006453e+01
9.481474e+00	8.948323e+00	8.460722e+00	8.013734e+00	7.601842e+00	7.217740e+00
6.851147e+00	6.492049e+00	6.132323e+00	5.757750e+00	5.339921e+00	4.817065e+00
4.087002e+00	3.588815e+00	2.938728e+00	2.252630e+00	1.322263e+00	1.025816e+00
7.728491e-01	7.408051e-01	7.217108e-01	7.208655e-01	7.204938e-01	7.164730e-01
1.485968e+01	1.385898e+01	1.304649e+01	1.254764e+01	1.220417e+01	1.145442e+01
1.077732e+01	1.015805e+01	9.593080e+00	9.076927e+00	8.605525e+00	8.174194e+00
7.777607e+00	7.408579e+00	7.056809e+00	6.712243e+00	6.366847e+00	6.006373e+00
5.601858e+00	5.089425e+00	4.359465e+00	3.850849e+00	3.173476e+00	2.440300e+00
1.411013e+00	1.076998e+00	7.795645e-01	7.412131e-01	7.176335e-01	7.167360e-01
7.153919e-01	7.121367e-01	1.484430e+01	1.384620e+01	1.304137e+01	1.255571e+01
1.222664e+01	1.149979e+01	1.084287e+01	1.024228e+01	9.694881e+00	9.195527e+00
8.740411e+00	8.325094e+00	7.944401e+00	7.591264e+00	7.255308e+00	6.926450e+00
6.596813e+00	6.252278e+00	5.863608e+00	5.365381e+00	4.641250e+00	4.125855e+00
3.424915e+00	2.646163e+00	1.511831e+00	1.136621e+00	7.895636e-01	7.429441e-01
7.139948e-01	7.129532e-01	7.106309e-01	7.082457e-01	1.483291e+01	1.383742e+01
1.303974e+01	1.256480e+01	1.224861e+01	1.154207e+01	1.090333e+01	1.031994e+01
9.789000e+00	9.305727e+00	8.866532e+00	8.467176e+00	8.102587e+00	7.765744e+00
7.446098e+00	7.133544e+00	6.820572e+00	6.493499e+00	6.123205e+00	5.642979e+00
4.930260e+00	4.411737e+00	3.691190e+00	2.868992e+00	1.625734e+00	1.204614e+00
8.020224e-01	7.457388e-01	7.112824e-01	7.097805e-01	7.065419e-01	7.050236e-01
1.482608e+01	1.383295e+01	1.303998e+01	1.257579e+01	1.227037e+01	1.158101e+01
1.095804e+01	1.039009e+01	9.874256e+00	9.406192e+00	8.982488e+00	8.599020e+00
8.250704e+00	7.930376e+00	7.627035e+00	7.330538e+00	7.034223e+00	6.725595e+00
6.376364e+00	5.918489e+00	5.223572e+00	4.706321e+00	3.971512e+00	3.110081e+00
1.757459e+00	1.285032e+00	8.196297e-01	7.526389e-01	7.093273e-01	7.072294e-01
7.030672e-01	7.024943e-01	1.481010e+01	1.382221e+01	1.303703e+01	1.258095e+01
1.228694e+01	1.161540e+01	1.100791e+01	1.045430e+01	9.951583e+00	9.495730e+00
9.083399e+00	8.711182e+00	8.375015e+00	8.069147e+00	7.784502e+00	7.511553e+00
7.241296e+00	6.956240e+00	6.625205e+00	6.185470e+00	5.511303e+00	5.001172e+00
4.261684e+00	3.370015e+00	1.907675e+00	1.375232e+00	8.390322e-01	7.607043e-01
7.082340e-01	7.049785e-01	7.010500e-01	6.999963e-01	1.478073e+01	1.380296e+01
1.302822e+01	1.258404e+01	1.230029e+01	1.164573e+01	1.105240e+01	1.051129e+01
1.001966e+01	9.573915e+00	9.171131e+00	8.808655e+00	8.483528e+00	8.191563e+00
7.926004e+00	7.678283e+00	7.436730e+00	7.177487e+00	6.865239e+00	6.443994e+00
5.793720e+00	5.295050e+00	4.559059e+00	3.646607e+00	2.077744e+00	1.477183e+00
8.617461e-01	7.708235e-01	7.077142e-01	7.031383e-01	6.994746e-01	6.976619e-01
1.475319e+01	1.378765e+01	1.302334e+01	1.258871e+01	1.231343e+01	1.167257e+01
1.109040e+01	1.055922e+01	1.007716e+01	9.641334e+00	9.249982e+00	8.900539e+00
8.590032e+00	8.313989e+00	8.065086e+00	7.834715e+00	7.612388e+00	7.376064e+00
7.091341e+00	6.699477e+00	6.076659e+00	5.589827e+00	4.860591e+00	3.933535e+00
2.264201e+00	1.593282e+00	8.912795e-01	7.849709e-01	7.075705e-01	7.018642e-01
6.971526e-01	6.957601e-01	1.474460e+01	1.378637e+01	1.302802e+01	1.259793e+01
1.232650e+01	1.169379e+01	1.112016e+01	1.059852e+01	1.012683e+01	9.702359e+00
9.323050e+00	8.986322e+00	8.689029e+00	8.426368e+00	8.190421e+00	7.973098e+00
7.767376e+00	7.557748e+00	7.312308e+00	6.958413e+00	6.358602e+00	5.881038e+00
5.165150e+00	4.233091e+00	2.465830e+00	1.726241e+00	9.265292e-01	8.026777e-01
7.085385e-01	7.008994e-01	6.952207e-01	6.941937e-01	1.473438e+01	1.378444e+01
1.303389e+01	1.260864e+01	1.234060e+01	1.171573e+01	1.115013e+01	1.063723e+01
1.017477e+01	9.760196e+00	9.391255e+00	9.065466e+00	8.779722e+00	8.529261e+00
8.306062e+00	8.102612e+00	7.914289e+00	7.730077e+00	7.520210e+00	7.203771e+00
6.634673e+00	6.171970e+00	5.473743e+00	4.541634e+00	2.685423e+00	1.875190e+00
9.670922e-01	8.237040e-01	7.103092e-01	7.005566e-01	6.936784e-01	6.928868e-01
1.471727e+01	1.377925e+01	1.303850e+01	1.261958e+01	1.235593e+01	1.173975e+01
1.118185e+01	1.067645e+01	1.022124e+01	9.814055e+00	9.452904e+00	9.135585e+00
8.859318e+00	8.619834e+00	8.409665e+00	8.221891e+00	8.052393e+00	7.890564e+00
7.707640e+00	7.424694e+00	6.897115e+00	6.457550e+00	5.780470e+00	4.852328e+00
2.924218e+00	2.042098e+00	1.014765e+00	8.494568e-01	7.134430e-01	7.005055e-01
6.925360e-01	6.918231e-01	1.469272e+01	1.376905e+01	1.303949e+01	1.262820e+01
1.236973e+01	1.176315e+01	1.121250e+01	1.071297e+01	1.026286e+01	9.860607e+00
9.504921e+00	9.194087e+00	8.925792e+00	8.696457e+00	8.499550e+00	8.328624e+00
8.178639e+00	8.036536e+00	7.873759e+00	7.621505e+00	7.144312e+00	6.733890e+00
6.079076e+00	5.158929e+00	3.181513e+00	2.226239e+00	1.069841e+00	8.796250e-01
7.175959e-01	7.013337e-01	6.915885e-01	6.908371e-01	1.466323e+01	1.375578e+01
1.304020e+01	1.263628e+01	1.238263e+01	1.178526e+01	1.124127e+01	1.074688e+01
1.030112e+01	9.902989e+00	9.551974e+00	9.246842e+00	8.985754e+00	8.765842e+00
8.581591e+00	8.427067e+00	8.296105e+00	8.172654e+00	8.028269e+00	7.806203e+00
7.383002e+00	7.005258e+00	6.376240e+00	5.469581e+00	3.456993e+00	2.427293e+00
1.132111e+00	9.143219e-01	7.228915e-01	7.029314e-01	6.908043e-01	6.899284e-01
1.463436e+01	1.374525e+01	1.304272e+01	1.264554e+01	1.239413e+01	1.180300e+01
1.126423e+01	1.077474e+01	1.033382e+01	9.940513e+00	9.594620e+00	9.295207e+00
9.040770e+00	8.828924e+00	8.654802e+00	8.513048e+00	8.397711e+00	8.292607e+00
8.170455e+00	7.980623e+00	7.607758e+00	7.262821e+00	6.668658e+00	5.787180e+00
3.743361e+00	2.640915e+00	1.203127e+00	9.557962e-01	7.298394e-01	7.040617e-01
6.903032e-01	6.891370e-01	1.460332e+01	1.373592e+01	1.304894e+01	1.265594e+01
1.240422e+01	1.181721e+01	1.128250e+01	1.079742e+01	1.036129e+01	9.972913e+00
9.632133e+00	9.338140e+00	9.089646e+00	8.884569e+00	8.718443e+00	8.586548e+00
8.483973e+00	8.396182e+00	8.298003e+00	8.141062e+00	7.814989e+00	7.502537e+00
6.950216e+00	6.104785e+00	4.038316e+00	2.867842e+00	1.285977e+00	1.006916e+00
7.397115e-01	7.050391e-01	6.899982e-01	6.884734e-01	1.455624e+01	1.371995e+01
1.305434e+01	1.266696e+01	1.241372e+01	1.183040e+01	1.129920e+01	1.081775e+01
1.038529e+01	1.000084e+01	9.664180e+00	9.374714e+00	9.131387e+00	8.932317e+00
8.773448e+00	8.650592e+00	8.559775e+00	8.487888e+00	8.411832e+00	8.286276e+00
8.006420e+00	7.725729e+00	7.213160e+00	6.406100e+00	4.343975e+00	3.114713e+00
1.379013e+00	1.063530e+00	7.515190e-01	7.079514e-01	6.903510e-01	6.880366e-01
1.449381e+01	1.369734e+01	1.305938e+01	1.267829e+01	1.242257e+01	1.184256e+01
1.131450e+01	1.083622e+01	1.040688e+01	1.002582e+01	9.692767e+00	9.407322e+00
9.168667e+00	8.975077e+00	8.822886e+00	8.708400e+00	8.628558e+00	8.571632e+00
8.516636e+00	8.421538e+00	8.187407e+00	7.938304e+00	7.465346e+00	6.699490e+00
4.661740e+00	3.382163e+00	1.483271e+00	1.126493e+00	7.654829e-01	7.138143e-01
6.912261e-01	6.876947e-01	1.442613e+01	1.367181e+01	1.306160e+01	1.268782e+01
1.242861e+01	1.185169e+01	1.132647e+01	1.085102e+01	1.042442e+01	1.004618e+01
9.716156e+00	9.434085e+00	9.199435e+00	9.010727e+00	8.864732e+00	8.758272e+00
8.688885e+00	8.645697e+00	8.609607e+00	8.542973e+00	8.354270e+00	8.137228e+00
7.703886e+00	6.978090e+00	4.980660e+00	3.669039e+00	1.600319e+00	1.195966e+00
7.812026e-01	7.213664e-01	6.915056e-01	6.872657e-01	1.434924e+01	1.364082e+01
1.306219e+01	1.269523e+01	1.243218e+01	1.185793e+01	1.133522e+01	1.086225e+01
1.043798e+01	1.006195e+01	9.734278e+00	9.454814e+00	9.223404e+00	9.038903e+00
8.898537e+00	8.799646e+00	8.740066e+00	8.709187e+00	8.689443e+00	8.648508e+00
8.504089e+00	8.319190e+00	7.924078e+00	7.233926e+00	5.292116e+00	3.976895e+00
1.734540e+00	1.273698e+00	7.996281e-01	7.329678e-01	6.914668e-01	6.866608e-01
1.427683e+01	1.361308e+01	1.306436e+01	1.270432e+01	1.243714e+01	1.186441e+01
1.134292e+01	1.087144e+01	1.044909e+01	1.007564e+01	9.751193e+00	9.475399e+00
9.247586e+00	9.066508e+00	8.930244e+00	8.836969e+00	8.785045e+00	8.764589e+00
8.760062e+00	8.744485e+00	8.639217e+00	8.480552e+00	8.126907e+00	7.494039e+00
5.624026e+00	4.277688e+00	1.877619e+00	1.365243e+00	8.230174e-01	7.431650e-01
6.937837e-01	6.865236e-01	1.421184e+01	1.358888e+01	1.306786e+01	1.271372e+01
1.244273e+01	1.187124e+01	1.135076e+01	1.088051e+01	1.045979e+01	1.008863e+01
9.766970e+00	9.494384e+00	9.269836e+00	9.092022e+00	8.959451e+00	8.870872e+00
8.825221e+00	8.813574e+00	8.822312e+00	8.828701e+00	8.759100e+00	8.626910e+00
8.316855e+00	7.744917e+00	5.952719e+00	4.581772e+00	2.037739e+00	1.470889e+00
8.512935e-01	7.543904e-01	6.973502e-01	6.865275e-01	1.415665e+01	1.356734e+01
1.306914e+01	1.271991e+01	1.244599e+01	1.187727e+01	1.135953e+01	1.089146e+01
1.047228e+01	1.010200e+01	9.780848e+00	9.509026e+00	9.286481e+00	9.112438e+00
8.984609e+00	8.901321e+00	8.861749e+00	8.857803e+00	8.876951e+00	8.898513e+00
8.863531e+00	8.766393e+00	8.500479e+00	7.963670e+00	6.238040e+00	4.915740e+00
2.233414e+00	1.585185e+00	8.813175e-01	7.737591e-01	6.955039e-01	6.866840e-01
1.410528e+01	1.354554e+01	1.306737e+01	1.272261e+01	1.244622e+01	1.187880e+01
1.136251e+01	1.089583e+01	1.047806e+01	1.010937e+01	9.790004e+00	9.520106e+00
9.299761e+00	9.128325e+00	9.003607e+00	8.924208e+00	8.889658e+00	8.892573e+00
8.921788e+00	8.959448e+00	8.953878e+00	8.882499e+00	8.658045e+00	8.174820e+00
6.537883e+00	5.234073e+00	2.443053e+00	1.715335e+00	9.181092e-01	7.926970e-01
6.977610e-01	6.864251e-01	1.406101e+01	1.352743e+01	1.306681e+01	1.272590e+01
1.244698e+01	1.188094e+01	1.136585e+01	1.090036e+01	1.048391e+01	1.011662e+01
9.798866e+00	9.530723e+00	9.312290e+00	9.143036e+00	9.020926e+00	8.944867e+00
8.914712e+00	8.923744e+00	8.962031e+00	9.014253e+00	9.034965e+00	8.986825e+00
8.802056e+00	8.374045e+00	6.833904e+00	5.553170e+00	2.670388e+00	1.859701e+00
9.602916e-01	8.142728e-01	7.010576e-01	6.861733e-01	1.402446e+01	1.351345e+01
1.306811e+01	1.273064e+01	1.244974e+01	1.188465e+01	1.137033e+01	1.090580e+01
1.049056e+01	1.012439e+01	9.807857e+00	9.541075e+00	9.324144e+00	9.156695e+00
9.036789e+00	8.963566e+00	8.937156e+00	8.951461e+00	8.997564e+00	9.062120e+00
9.105694e+00	9.078744e+00	8.931038e+00	8.555616e+00	7.115553e+00	5.869820e+00
2.915552e+00	2.020090e+00	1.009410e+00	8.405581e-01	7.051247e-01	6.860277e-01
1.398996e+01	1.349963e+01	1.306828e+01	1.273375e+01	1.245092e+01	1.188670e+01
1.137328e+01	1.090968e+01	1.049534e+01	1.013019e+01	9.814691e+00	9.549056e+00
9.333400e+00	9.167467e+00	9.049432e+00	8.978570e+00	8.955346e+00	8.974161e+00
9.027027e+00	9.102139e+00	9.165386e+00	9.157211e+00	9.043501e+00	8.718464e+00
7.381896e+00	6.179229e+00	3.176847e+00	2.198767e+00	1.065989e+00	8.716015e-01
7.106308e-01	6.858944e-01	1.395784e+01	1.348673e+01	1.306839e+01	1.273654e+01
1.245192e+01	1.188848e+01	1.137591e+01	1.091316e+01	1.049960e+01	1.013538e+01
9.820786e+00	9.556166e+00	9.341646e+00	9.177063e+00	9.060701e+00	8.991937e+00
8.971569e+00	8.994445e+00	9.053437e+00	9.138060e+00	9.219105e+00	9.228188e+00
9.146377e+00	8.870157e+00	7.640153e+00	6.487133e+00	3.455702e+00	2.396320e+00
1.129734e+00	9.070380e-01	7.173887e-01	6.857817e-01	1.393014e+01	1.347636e+01
1.306922e+01	1.274022e+01	1.245383e+01	1.189125e+01	1.137946e+01	1.091742e+01
1.050452e+01	1.014100e+01	9.827112e+00	9.563291e+00	9.349746e+00	9.186374e+00
9.071508e+00	9.004551e+00	8.986655e+00	9.013139e+00	9.077643e+00	9.170579e+00
9.266907e+00	9.291130e+00	9.238353e+00	9.009086e+00	7.885972e+00	6.785200e+00
3.748818e+00	2.616188e+00	1.201853e+00	9.474077e-01	7.253648e-01	6.857153e-01
1.390651e+01	1.346798e+01	1.307154e+01	1.274456e+01	1.245673e+01	1.189480e+01
1.138347e+01	1.092190e+01	1.050953e+01	1.014653e+01	9.833209e+00	9.570043e+00
9.357319e+00	9.194958e+00	9.081349e+00	9.015913e+00	9.000117e+00	9.029667e+00
9.098847e+00	9.198884e+00	9.308397e+00	9.345713e+00	9.318217e+00	9.131352e+00
8.114320e+00	7.071493e+00	4.052648e+00	2.858716e+00	1.285217e+00	9.954307e-01
7.354713e-01	6.856774e-01	1.388456e+01	1.345947e+01	1.307224e+01	1.274715e+01
1.245792e+01	1.189597e+01	1.138464e+01	1.092323e+01	1.051139e+01	1.014923e+01
9.837055e+00	9.575041e+00	9.363140e+00	9.201250e+00	9.088380e+00	9.024380e+00
9.010650e+00	9.042347e+00	9.113991e+00	9.220145e+00	9.345339e+00	9.396011e+00
9.384663e+00	9.219786e+00	8.318644e+00	7.386188e+00	4.354644e+00	3.094957e+00
1.379125e+00	1.055684e+00	7.477735e-01	6.857347e-01	1.386420e+01	1.345130e+01
1.307261e+01	1.274912e+01	1.245867e+01	1.189662e+01	1.138524e+01	1.092392e+01
1.051249e+01	1.015106e+01	9.840020e+00	9.579218e+00	9.368101e+00	9.206486e+00
9.094148e+00	9.031465e+00	9.019663e+00	9.053080e+00	9.126363e+00	9.237982e+00
9.379001e+00	9.442487e+00	9.443298e+00	9.292831e+00	8.508746e+00	7.713918e+00
4.661785e+00	3.335219e+00	1.484365e+00	1.127609e+00	7.623886e-01	6.858773e-01
1.384824e+01	1.344600e+01	1.307364e+01	1.275195e+01	1.246023e+01	1.189814e+01
1.138670e+01	1.092552e+01	1.051449e+01	1.015366e+01	9.843387e+00	9.583379e+00
9.373058e+00	9.212166e+00	9.100560e+00	9.038753e+00	9.028041e+00	9.063150e+00
9.139298e+00	9.256498e+00	9.406558e+00	9.476814e+00	9.495662e+00	9.376331e+00
8.688729e+00	7.961795e+00	4.988801e+00	3.612654e+00	1.600782e+00	1.201023e+00
7.793357e-01	6.859286e-01	1.383667e+01	1.344311e+01	1.307724e+01	1.275666e+01
1.246431e+01	1.190247e+01	1.139098e+01	1.092996e+01	1.051886e+01	1.015785e+01
9.847504e+00	9.587673e+00	9.378184e+00	9.218694e+00	9.108153e+00	9.046534e+00
9.035849e+00	9.072623e+00	9.153317e+00	9.276394e+00	9.427998e+00	9.499861e+00
9.541435e+00	9.477925e+00	8.856277e+00	8.126205e+00	5.338873e+00	3.945629e+00
1.730569e+00	1.273610e+00	8.002279e-01	6.859325e-01	1.382494e+01	1.343922e+01
1.307790e+01	1.275856e+01	1.246514e+01	1.190321e+01	1.139171e+01	1.093076e+01
1.052004e+01	1.015954e+01	9.849639e+00	9.590261e+00	9.381357e+00	9.222567e+00
9.112675e+00	9.051641e+00	9.041661e+00	9.079895e+00	9.163341e+00	9.290326e+00
9.446854e+00	9.523369e+00	9.579720e+00	9.548535e+00	9.006876e+00	8.315447e+00
5.672718e+00	4.267323e+00	1.884684e+00	1.362077e+00	8.237144e-01	6.858609e-01
1.381251e+01	1.343370e+01	1.307754e+01	1.275882e+01	1.246490e+01	1.190267e+01
1.139121e+01	1.093049e+01	1.051999e+01	1.015980e+01	9.850200e+00	9.591123e+00
9.382490e+00	9.224015e+00	9.114629e+00	9.054281e+00	9.045249e+00	9.084762e+00
9.169940e+00	9.299666e+00	9.462467e+00	9.545344e+00	9.610971e+00	9.598313e+00
9.140114e+00	8.518489e+00	5.989750e+00	4.578630e+00	2.066668e+00	1.468007e+00
8.506293e-01	6.856260e-01	1.379973e+01	1.342699e+01	1.307478e+01	1.275703e+01
1.246236e+01	1.190025e+01	1.138881e+01	1.092817e+01	1.051813e+01	1.015848e+01
9.849229e+00	9.590515e+00	9.382235e+00	9.224151e+00	9.115181e+00	9.055357e+00
9.047071e+00	9.087656e+00	9.174381e+00	9.306517e+00	9.474361e+00	9.562344e+00
9.636472e+00	9.641036e+00	9.257201e+00	8.697119e+00	6.300128e+00	4.898283e+00
2.270559e+00	1.587032e+00	8.821878e-01	6.854570e-01	1.379054e+01	1.342316e+01
1.307511e+01	1.275791e+01	1.246277e+01	1.190077e+01	1.138945e+01	1.092894e+01
1.051904e+01	1.015949e+01	9.850355e+00	9.591763e+00	9.383681e+00	9.225928e+00
9.117355e+00	9.057956e+00	9.050176e+00	9.091531e+00	9.179545e+00	9.313958e+00
9.486306e+00	9.578261e+00	9.659942e+00	9.679898e+00	9.361799e+00	8.861080e+00
6.603668e+00	5.221949e+00	2.489699e+00	1.740884e+00	9.189954e-01	6.854639e-01
1.378534e+01	1.342219e+01	1.307592e+01	1.275951e+01	1.246380e+01	1.190225e+01
1.139138e+01	1.093118e+01	1.052145e+01	1.016193e+01	9.852748e+00	9.594084e+00
9.386035e+00	9.228506e+00	9.120296e+00	9.061441e+00	9.054395e+00	9.096741e+00
9.186016e+00	9.321644e+00	9.497135e+00	9.593801e+00	9.682928e+00	9.716316e+00
9.457222e+00	9.009482e+00	6.895765e+00	5.551850e+00	2.726428e+00	1.909499e+00
9.612647e-01	6.855524e-01	1.378287e+01	1.342226e+01	1.307815e+01	1.276225e+01
1.246666e+01	1.190718e+01	1.139822e+01	1.093877e+01	1.052884e+01	1.016843e+01
9.858018e+00	9.598215e+00	9.389389e+00	9.231679e+00	9.123885e+00	9.065957e+00
9.060345e+00	9.104319e+00	9.194747e+00	9.329590e+00	9.506586e+00	9.609139e+00
9.705800e+00	9.750424e+00	9.543408e+00	9.140770e+00	7.171225e+00	5.885718e+00
2.981376e+00	2.085992e+00	1.010621e+00	6.862527e-01	