9.279244e-01	9.590030e-01	9.894552e-01	1.018311e+00	1.045451e+00	1.094895e+00
1.137386e+00	1.173399e+00	1.204765e+00	1.235106e+00	1.269499e+00	1.309724e+00
1.356266e+00	1.409574e+00	1.469615e+00	1.535503e+00	1.604347e+00	1.668602e+00
1.719243e+00	1.753560e+00	1.770819e+00	1.776731e+00	1.794512e+00	1.822599e+00
1.851254e+00	1.856009e+00	1.864028e+00	1.865451e+00	1.866096e+00	1.866276e+00
1.865812e+00	1.866198e+00	1.006997e+00	1.039089e+00	1.070494e+00	1.100224e+00
1.128168e+00	1.179057e+00	1.222793e+00	1.259881e+00	1.292182e+00	1.323348e+00
1.358479e+00	1.399344e+00	1.446409e+00	1.500109e+00	1.560423e+00	1.626484e+00
1.695405e+00	1.759717e+00	1.810543e+00	1.845251e+00	1.863105e+00	1.869299e+00
1.887103e+00	1.914906e+00	1.943309e+00	1.948066e+00	1.955979e+00	1.957378e+00
1.958017e+00	1.958193e+00	1.957742e+00	1.958118e+00	1.092807e+00	1.125862e+00
1.158170e+00	1.188726e+00	1.217430e+00	1.269689e+00	1.314613e+00	1.352738e+00
1.385943e+00	1.417895e+00	1.453696e+00	1.495096e+00	1.542544e+00	1.596460e+00
1.656843e+00	1.722855e+00	1.791630e+00	1.855808e+00	1.906691e+00	1.941737e+00
1.960199e+00	1.966691e+00	1.984470e+00	2.011888e+00	2.039941e+00	2.044689e+00
2.052465e+00	2.053835e+00	2.054466e+00	2.054638e+00	2.054202e+00	2.054567e+00
1.185930e+00	1.219882e+00	1.253027e+00	1.284347e+00	1.313754e+00	1.367287e+00
1.413329e+00	1.452437e+00	1.486506e+00	1.519197e+00	1.555587e+00	1.597401e+00
1.645068e+00	1.698998e+00	1.759220e+00	1.824937e+00	1.893317e+00	1.957146e+00
2.007946e+00	2.043268e+00	2.062354e+00	2.069156e+00	2.086862e+00	2.113781e+00
2.141378e+00	2.146105e+00	2.153712e+00	2.155045e+00	2.155666e+00	2.155832e+00
2.155415e+00	2.155765e+00	1.286988e+00	1.321754e+00	1.355653e+00	1.387660e+00
1.417700e+00	1.472388e+00	1.519457e+00	1.559485e+00	1.594367e+00	1.627737e+00
1.664620e+00	1.706706e+00	1.754406e+00	1.808123e+00	1.867924e+00	1.933066e+00
2.000776e+00	2.064017e+00	2.114577e+00	2.150108e+00	2.169832e+00	2.176960e+00
2.194536e+00	2.220836e+00	2.247859e+00	2.252551e+00	2.259953e+00	2.261242e+00
2.261850e+00	2.262011e+00	2.261615e+00	2.261949e+00	1.396658e+00	1.432132e+00
1.466685e+00	1.499283e+00	1.529869e+00	1.585567e+00	1.633554e+00	1.674423e+00
1.710053e+00	1.744031e+00	1.781295e+00	1.823490e+00	1.871012e+00	1.924257e+00
1.983344e+00	2.047603e+00	2.114333e+00	2.176724e+00	2.226871e+00	2.262534e+00
2.282912e+00	2.290381e+00	2.307766e+00	2.333312e+00	2.359635e+00	2.364276e+00
2.371435e+00	2.372673e+00	2.373265e+00	2.373419e+00	2.373047e+00	2.373362e+00
1.515673e+00	1.551729e+00	1.586810e+00	1.619885e+00	1.650914e+00	1.707446e+00
1.756218e+00	1.797832e+00	1.834134e+00	1.868634e+00	1.906147e+00	1.948266e+00
1.995368e+00	2.047850e+00	2.105896e+00	2.168926e+00	2.234335e+00	2.295586e+00
2.345129e+00	2.380840e+00	2.401885e+00	2.409711e+00	2.426839e+00	2.451484e+00
2.476969e+00	2.481543e+00	2.488416e+00	2.489595e+00	2.490168e+00	2.490314e+00
2.489969e+00	2.490263e+00	1.644830e+00	1.681312e+00	1.716774e+00	1.750188e+00
1.781536e+00	1.838693e+00	1.888094e+00	1.930336e+00	1.967218e+00	2.002139e+00
2.039751e+00	2.081579e+00	2.127989e+00	2.179381e+00	2.236021e+00	2.297438e+00
2.361149e+00	2.420938e+00	2.469666e+00	2.505331e+00	2.527058e+00	2.535259e+00
2.552055e+00	2.575641e+00	2.600138e+00	2.604626e+00	2.611167e+00	2.612278e+00
2.612830e+00	2.612966e+00	2.612652e+00	2.612922e+00	1.784993e+00	1.821717e+00
1.857382e+00	1.890973e+00	1.922492e+00	1.980030e+00	2.029872e+00	2.072606e+00
2.109959e+00	2.145182e+00	2.182719e+00	2.224015e+00	2.269424e+00	2.319361e+00
2.374186e+00	2.433564e+00	2.495160e+00	2.553134e+00	2.600818e+00	2.636331e+00
2.658754e+00	2.667347e+00	2.683731e+00	2.706087e+00	2.729431e+00	2.733814e+00
2.739974e+00	2.741008e+00	2.741534e+00	2.741660e+00	2.741380e+00	2.741623e+00
1.937100e+00	1.973848e+00	2.009506e+00	2.043083e+00	2.074602e+00	2.132230e+00
2.182297e+00	2.225362e+00	2.263057e+00	2.298445e+00	2.335708e+00	2.376197e+00
2.420260e+00	2.468331e+00	2.520888e+00	2.577756e+00	2.636777e+00	2.692550e+00
2.738933e+00	2.774182e+00	2.797313e+00	2.806317e+00	2.822202e+00	2.843139e+00
2.865154e+00	2.869410e+00	2.875135e+00	2.876080e+00	2.876577e+00	2.876691e+00
2.876451e+00	2.876663e+00	2.102168e+00	2.138682e+00	2.174090e+00	2.207428e+00
2.238746e+00	2.296130e+00	2.346167e+00	2.389376e+00	2.427264e+00	2.462658e+00
2.499420e+00	2.538792e+00	2.581121e+00	2.626869e+00	2.676656e+00	2.730491e+00
2.786432e+00	2.839579e+00	2.884384e+00	2.919241e+00	2.943094e+00	2.952528e+00
2.967818e+00	2.987132e+00	3.007625e+00	3.011731e+00	3.016963e+00	3.017810e+00
3.018273e+00	3.018373e+00	3.018177e+00	3.018355e+00	2.281303e+00	2.317282e+00
2.352153e+00	2.384994e+00	2.415877e+00	2.472629e+00	2.522343e+00	2.565478e+00
2.603385e+00	2.638603e+00	2.674607e+00	2.712514e+00	2.752674e+00	2.795590e+00
2.842048e+00	2.892276e+00	2.944580e+00	2.994636e+00	3.037558e+00	3.071884e+00
3.096472e+00	3.106356e+00	3.120946e+00	3.138417e+00	3.157181e+00	3.161112e+00
3.165787e+00	3.166523e+00	3.166948e+00	3.167033e+00	3.166885e+00	3.167026e+00
2.475703e+00	2.510797e+00	2.544800e+00	2.576842e+00	2.607024e+00	2.662694e+00
2.711747e+00	2.754560e+00	2.792286e+00	2.827119e+00	2.862073e+00	2.898122e+00
2.935628e+00	2.975147e+00	3.017660e+00	3.063647e+00	3.111705e+00	3.158160e+00
3.198867e+00	3.232509e+00	3.257843e+00	3.268199e+00	3.281976e+00	3.297365e+00
3.314173e+00	3.317901e+00	3.321953e+00	3.322564e+00	3.322946e+00	3.323015e+00
3.322921e+00	3.323019e+00	2.686668e+00	2.720471e+00	2.753226e+00	2.784123e+00
2.813294e+00	2.867370e+00	2.915374e+00	2.957577e+00	2.994893e+00	3.029103e+00
3.062678e+00	3.096431e+00	3.130743e+00	3.166238e+00	3.204123e+00	3.245172e+00
3.288315e+00	3.330614e+00	3.368743e+00	3.401533e+00	3.427623e+00	3.438474e+00
3.451314e+00	3.464363e+00	3.478972e+00	3.482467e+00	3.485822e+00	3.486295e+00
3.486629e+00	3.486680e+00	3.486644e+00	3.486696e+00	2.915610e+00	2.947656e+00
2.978722e+00	3.008078e+00	3.035884e+00	3.087778e+00	3.134292e+00	3.175557e+00
3.212202e+00	3.245518e+00	3.277344e+00	3.308310e+00	3.338826e+00	3.369602e+00
3.402108e+00	3.437453e+00	3.474949e+00	3.512484e+00	3.547639e+00	3.579395e+00
3.606252e+00	3.617620e+00	3.629389e+00	3.639818e+00	3.651966e+00	3.655196e+00
3.657775e+00	3.658095e+00	3.658375e+00	3.658405e+00	3.658435e+00	3.658435e+00
3.166592e+00	3.195950e+00	3.224472e+00	3.251548e+00	3.277365e+00	3.326133e+00
3.370599e+00	3.410696e+00	3.446667e+00	3.479148e+00	3.509134e+00	3.537015e+00
3.563232e+00	3.588590e+00	3.614859e+00	3.643545e+00	3.674442e+00	3.706474e+00
3.738342e+00	3.769181e+00	3.797301e+00	3.809463e+00	3.820104e+00	3.827497e+00
3.836774e+00	3.839692e+00	3.841358e+00	3.841498e+00	3.841712e+00	3.841717e+00
3.841828e+00	3.841765e+00	3.437173e+00	3.463467e+00	3.489086e+00	3.513540e+00
3.537046e+00	3.582098e+00	3.623976e+00	3.662390e+00	3.697158e+00	3.728224e+00
3.755693e+00	3.779714e+00	3.800779e+00	3.819818e+00	3.838951e+00	3.860123e+00
3.883639e+00	3.909493e+00	3.937522e+00	3.967013e+00	3.996080e+00	4.008894e+00
4.018189e+00	4.022292e+00	4.028472e+00	4.031046e+00	4.031742e+00	4.031691e+00
4.031837e+00	4.031816e+00	4.032009e+00	4.031881e+00	3.718241e+00	3.742684e+00
3.766467e+00	3.789114e+00	3.810887e+00	3.852766e+00	3.891750e+00	3.927403e+00
3.959264e+00	3.986859e+00	4.009784e+00	4.028060e+00	4.042313e+00	4.053681e+00
4.064722e+00	4.077853e+00	4.093736e+00	4.113025e+00	4.136235e+00	4.162763e+00
4.190602e+00	4.202940e+00	4.210271e+00	4.211201e+00	4.214581e+00	4.216897e+00
4.216763e+00	4.216543e+00	4.216646e+00	4.216607e+00	4.216851e+00	4.216681e+00
4.007416e+00	4.031784e+00	4.055310e+00	4.077373e+00	4.098293e+00	4.137864e+00
4.173588e+00	4.205026e+00	4.231689e+00	4.253145e+00	4.269062e+00	4.279503e+00
4.285283e+00	4.287804e+00	4.290070e+00	4.294921e+00	4.303161e+00	4.315601e+00
4.332898e+00	4.354588e+00	4.378747e+00	4.389411e+00	4.394250e+00	4.392319e+00
4.393232e+00	4.395286e+00	4.394501e+00	4.394150e+00	4.394231e+00	4.394181e+00
4.394438e+00	4.394254e+00	4.300193e+00	4.327786e+00	4.353984e+00	4.377762e+00
4.399511e+00	4.438470e+00	4.470279e+00	4.494542e+00	4.511411e+00	4.521710e+00
4.526702e+00	4.526982e+00	4.523517e+00	4.517836e+00	4.512839e+00	4.511196e+00
4.513360e+00	4.519233e+00	4.528715e+00	4.542028e+00	4.558555e+00	4.566154e+00
4.568710e+00	4.565541e+00	4.564163e+00	4.565122e+00	4.564042e+00	4.563718e+00
4.563726e+00	4.563683e+00	4.563866e+00	4.563731e+00	4.600472e+00	4.633826e+00
4.664956e+00	4.692183e+00	4.715963e+00	4.755292e+00	4.782272e+00	4.796791e+00
4.800243e+00	4.795621e+00	4.786780e+00	4.775078e+00	4.761536e+00	4.747689e+00
4.735992e+00	4.728588e+00	4.725285e+00	4.724450e+00	4.724710e+00	4.727335e+00
4.733717e+00	4.737309e+00	4.737557e+00	4.733981e+00	4.730407e+00	4.729833e+00
4.728654e+00	4.728443e+00	4.728353e+00	4.728327e+00	4.728386e+00	4.728336e+00
4.908682e+00	4.949160e+00	4.985999e+00	5.016450e+00	5.041220e+00	5.077524e+00
5.096071e+00	5.099033e+00	5.089028e+00	5.070400e+00	5.048558e+00	5.025204e+00
5.001214e+00	4.977956e+00	4.957399e+00	4.941276e+00	4.929258e+00	4.919506e+00
4.910562e+00	4.903904e+00	4.900866e+00	4.899822e+00	4.896724e+00	4.891830e+00
4.886076e+00	4.884425e+00	4.883030e+00	4.882857e+00	4.882703e+00	4.882683e+00
4.882670e+00	4.882668e+00	5.220716e+00	5.270008e+00	5.313451e+00	5.346637e+00
5.370800e+00	5.399272e+00	5.404754e+00	5.394383e+00	5.371746e+00	5.341233e+00
5.308238e+00	5.274231e+00	5.239742e+00	5.205772e+00	5.173753e+00	5.145208e+00
5.120482e+00	5.099356e+00	5.081711e+00	5.068018e+00	5.056884e+00	5.050600e+00
5.043040e+00	5.035804e+00	5.027951e+00	5.025802e+00	5.024056e+00	5.023829e+00
5.023651e+00	5.023625e+00	5.023604e+00	5.023604e+00	5.535739e+00	5.594852e+00
5.645623e+00	5.681654e+00	5.704755e+00	5.723455e+00	5.713296e+00	5.687291e+00
5.650199e+00	5.606687e+00	5.562284e+00	5.517616e+00	5.471619e+00	5.424636e+00
5.379316e+00	5.338344e+00	5.302122e+00	5.270203e+00	5.242405e+00	5.219683e+00
5.199760e+00	5.188290e+00	5.176152e+00	5.166274e+00	5.156255e+00	5.153589e+00
5.151472e+00	5.151197e+00	5.150987e+00	5.150949e+00	5.150930e+00	5.150937e+00
5.856347e+00	5.918945e+00	5.971984e+00	6.008371e+00	6.030190e+00	6.042594e+00
6.021362e+00	5.980720e+00	5.926808e+00	5.866052e+00	5.805891e+00	5.746957e+00
5.687412e+00	5.627383e+00	5.570006e+00	5.518326e+00	5.472244e+00	5.429948e+00
5.390328e+00	5.355804e+00	5.326110e+00	5.310604e+00	5.294144e+00	5.280702e+00
5.268573e+00	5.265457e+00	5.262889e+00	5.262568e+00	5.262321e+00	5.262268e+00
5.262264e+00	5.262269e+00	6.188025e+00	6.237336e+00	6.279951e+00	6.310772e+00
6.331040e+00	6.346521e+00	6.327552e+00	6.277702e+00	6.204117e+00	6.118056e+00
6.032849e+00	5.952018e+00	5.876266e+00	5.806383e+00	5.741864e+00	5.682517e+00
5.627571e+00	5.574452e+00	5.521577e+00	5.472538e+00	5.431947e+00	5.414292e+00
5.394013e+00	5.375654e+00	5.361439e+00	5.358007e+00	5.354840e+00	5.354463e+00
5.354179e+00	5.354118e+00	5.354138e+00	5.354117e+00	6.509098e+00	6.557035e+00
6.597538e+00	6.624959e+00	6.640739e+00	6.644891e+00	6.611274e+00	6.543914e+00
6.451134e+00	6.345806e+00	6.242931e+00	6.146421e+00	6.056932e+00	5.974937e+00
5.899241e+00	5.828959e+00	5.763063e+00	5.698598e+00	5.633798e+00	5.573021e+00
5.521998e+00	5.499834e+00	5.475378e+00	5.453977e+00	5.436981e+00	5.432899e+00
5.429241e+00	5.428799e+00	5.428478e+00	5.428409e+00	5.428430e+00	5.428409e+00
6.828847e+00	6.874158e+00	6.911094e+00	6.933283e+00	6.942472e+00	6.930974e+00
6.879087e+00	6.792007e+00	6.679007e+00	6.554134e+00	6.433618e+00	6.321484e+00
6.218180e+00	6.123758e+00	6.036615e+00	5.955316e+00	5.878545e+00	5.802776e+00
5.725915e+00	5.653276e+00	5.591883e+00	5.564680e+00	5.535627e+00	5.510998e+00
5.490280e+00	5.485299e+00	5.480994e+00	5.480471e+00	5.480076e+00	5.480009e+00
5.480006e+00	5.479986e+00	7.142612e+00	7.182061e+00	7.212350e+00	7.226570e+00
7.226800e+00	7.195841e+00	7.122872e+00	7.014225e+00	6.880078e+00	6.735312e+00
6.596986e+00	6.469079e+00	6.351952e+00	6.245194e+00	6.146777e+00	6.054629e+00
5.967161e+00	5.880303e+00	5.791676e+00	5.707298e+00	5.635049e+00	5.603540e+00
5.570781e+00	5.543452e+00	5.519512e+00	5.513763e+00	5.508893e+00	5.508303e+00
5.507833e+00	5.507773e+00	5.507743e+00	5.507723e+00	7.441478e+00	7.483494e+00
7.512738e+00	7.519558e+00	7.507266e+00	7.443077e+00	7.333846e+00	7.196333e+00
7.041473e+00	6.881959e+00	6.731917e+00	6.593414e+00	6.465273e+00	6.345790e+00
6.234520e+00	6.125690e+00	6.022487e+00	5.921558e+00	5.820854e+00	5.724335e+00
5.636806e+00	5.601616e+00	5.566753e+00	5.538197e+00	5.512169e+00	5.505893e+00
5.500671e+00	5.500025e+00	5.499519e+00	5.499452e+00	5.499418e+00	5.499395e+00
7.736879e+00	7.782342e+00	7.810582e+00	7.808610e+00	7.781354e+00	7.678076e+00
7.527779e+00	7.359222e+00	7.183172e+00	7.009064e+00	6.847218e+00	6.697612e+00
6.557669e+00	6.424642e+00	6.299670e+00	6.176714e+00	6.060662e+00	5.948832e+00
5.839318e+00	5.734416e+00	5.637692e+00	5.596234e+00	5.556020e+00	5.524469e+00
5.493557e+00	5.486074e+00	5.480048e+00	5.479275e+00	5.478687e+00	5.478605e+00
5.478560e+00	5.478533e+00	8.033840e+00	8.072559e+00	8.091349e+00	8.075516e+00
8.031217e+00	7.890325e+00	7.703070e+00	7.504342e+00	7.304499e+00	7.110871e+00
6.931264e+00	6.760553e+00	6.601218e+00	6.450671e+00	6.308887e+00	6.181862e+00
6.061654e+00	5.945913e+00	5.832908e+00	5.724648e+00	5.624432e+00	5.576028e+00
5.529545e+00	5.494375e+00	5.458462e+00	5.449757e+00	5.442892e+00	5.441992e+00
5.441322e+00	5.441224e+00	5.441167e+00	5.441142e+00	8.328122e+00	8.349645e+00
8.350824e+00	8.316531e+00	8.253506e+00	8.076757e+00	7.856572e+00	7.628875e+00
7.403706e+00	7.187655e+00	6.987626e+00	6.797211e+00	6.622168e+00	6.459812e+00
6.308782e+00	6.169473e+00	6.037164e+00	5.909776e+00	5.785810e+00	5.666985e+00
5.556097e+00	5.504101e+00	5.453631e+00	5.414892e+00	5.376363e+00	5.366930e+00
5.359438e+00	5.358465e+00	5.357738e+00	5.357631e+00	5.357563e+00	5.357559e+00
8.622977e+00	8.612631e+00	8.584206e+00	8.525048e+00	8.441783e+00	8.234628e+00
7.990106e+00	7.735379e+00	7.480325e+00	7.226208e+00	6.989334e+00	6.790091e+00
6.607287e+00	6.439010e+00	6.283521e+00	6.130841e+00	5.987561e+00	5.849938e+00
5.715409e+00	5.586414e+00	5.466896e+00	5.411098e+00	5.355883e+00	5.312676e+00
5.271438e+00	5.261309e+00	5.253116e+00	5.252077e+00	5.251286e+00	5.251166e+00
5.251100e+00	5.251105e+00	8.918777e+00	8.867244e+00	8.802495e+00	8.715237e+00
8.611001e+00	8.375666e+00	8.110222e+00	7.829307e+00	7.543911e+00	7.253077e+00
6.986553e+00	6.761238e+00	6.557077e+00	6.372564e+00	6.204970e+00	6.046906e+00
5.898723e+00	5.754639e+00	5.610799e+00	5.472365e+00	5.346374e+00	5.288028e+00
5.228493e+00	5.180493e+00	5.137396e+00	5.126816e+00	5.117986e+00	5.116910e+00
5.116063e+00	5.115930e+00	5.115881e+00	5.115883e+00	9.201694e+00	9.114244e+00
9.016441e+00	8.901017e+00	8.773040e+00	8.499198e+00	8.199942e+00	7.883325e+00
7.559840e+00	7.256786e+00	6.977561e+00	6.721550e+00	6.496043e+00	6.295413e+00
6.115216e+00	5.949164e+00	5.793725e+00	5.641809e+00	5.488779e+00	5.341414e+00
5.208385e+00	5.146944e+00	5.083229e+00	5.031194e+00	4.986268e+00	4.975255e+00
4.965893e+00	4.964781e+00	4.963889e+00	4.963745e+00	4.963706e+00	4.963706e+00
9.465343e+00	9.349875e+00	9.224169e+00	9.081165e+00	8.926552e+00	8.604228e+00
8.263324e+00	7.913200e+00	7.556304e+00	7.225580e+00	6.922354e+00	6.649274e+00
6.408179e+00	6.193289e+00	5.999729e+00	5.821304e+00	5.654412e+00	5.492770e+00
5.332135e+00	5.177923e+00	5.037267e+00	4.971826e+00	4.904516e+00	4.850223e+00
4.803689e+00	4.792317e+00	4.782664e+00	4.781524e+00	4.780611e+00	4.780462e+00
4.780415e+00	4.780415e+00	9.721552e+00	9.575490e+00	9.419570e+00	9.247156e+00
9.064519e+00	8.691729e+00	8.307566e+00	7.916382e+00	7.541500e+00	7.180735e+00
6.854078e+00	6.563256e+00	6.306429e+00	6.077134e+00	5.869734e+00	5.678181e+00
5.498801e+00	5.326363e+00	5.157269e+00	4.995532e+00	4.846945e+00	4.777700e+00
4.707585e+00	4.652049e+00	4.604153e+00	4.592510e+00	4.582732e+00	4.581573e+00
4.580640e+00	4.580491e+00	4.580439e+00	4.580439e+00	9.967035e+00	9.788172e+00
9.600207e+00	9.397163e+00	9.185826e+00	8.762597e+00	8.333186e+00	7.911933e+00
7.501315e+00	7.116784e+00	6.769553e+00	6.461044e+00	6.188843e+00	5.945365e+00
5.723790e+00	5.518302e+00	5.325182e+00	5.140551e+00	4.961784e+00	4.791598e+00
4.634797e+00	4.562095e+00	4.490194e+00	4.434617e+00	4.385635e+00	4.373833e+00
4.364131e+00	4.362972e+00	4.362020e+00	4.361885e+00	4.361819e+00	4.361819e+00
1.020475e+01	9.989039e+00	9.765315e+00	9.528692e+00	9.286353e+00	8.807974e+00
8.341253e+00	7.883011e+00	7.445396e+00	7.038269e+00	6.671756e+00	6.346493e+00
6.058850e+00	5.800566e+00	5.563738e+00	5.343154e+00	5.135219e+00	4.937660e+00
4.748926e+00	4.569878e+00	4.403865e+00	4.327412e+00	4.254390e+00	4.200052e+00
4.150231e+00	4.138278e+00	4.128825e+00	4.127706e+00	4.126743e+00	4.126631e+00
4.126545e+00	4.126531e+00	1.049278e+01	1.021043e+01	9.925280e+00	9.636615e+00
9.351160e+00	8.808651e+00	8.303026e+00	7.822748e+00	7.373855e+00	6.958371e+00
6.579239e+00	6.237071e+00	5.928320e+00	5.646700e+00	5.387166e+00	5.147808e+00
4.925911e+00	4.720331e+00	4.528777e+00	4.344221e+00	4.162986e+00	4.077773e+00
4.002460e+00	3.952357e+00	3.902298e+00	3.889543e+00	3.880386e+00	3.879454e+00
3.878460e+00	3.878284e+00	3.878287e+00	3.878206e+00	1.073775e+01	1.040180e+01
1.006682e+01	9.735017e+00	9.412915e+00	8.812054e+00	8.261998e+00	7.755721e+00
7.290666e+00	6.862463e+00	6.468691e+00	6.110108e+00	5.783077e+00	5.482607e+00
5.205098e+00	4.950168e+00	4.715659e+00	4.500497e+00	4.301995e+00	4.109016e+00
3.914423e+00	3.822455e+00	3.744910e+00	3.697182e+00	3.646675e+00	3.633230e+00
3.624365e+00	3.623587e+00	3.622572e+00	3.622360e+00	3.622390e+00	3.622281e+00
1.092045e+01	1.055116e+01	1.018406e+01	9.822348e+00	9.472523e+00	8.824038e+00
8.230937e+00	7.688330e+00	7.192166e+00	6.738633e+00	6.325202e+00	5.952111e+00
5.613899e+00	5.304085e+00	5.017188e+00	4.751666e+00	4.505889e+00	4.277808e+00
4.065000e+00	3.858534e+00	3.654099e+00	3.558843e+00	3.478901e+00	3.429888e+00
3.378294e+00	3.364540e+00	3.355878e+00	3.355148e+00	3.354138e+00	3.353948e+00
3.353898e+00	3.353828e+00	1.109079e+01	1.068588e+01	1.028524e+01	9.893765e+00
9.513939e+00	8.814315e+00	8.181857e+00	7.604694e+00	7.079711e+00	6.603159e+00
6.172278e+00	5.785432e+00	5.436250e+00	5.117200e+00	4.821459e+00	4.546302e+00
4.290924e+00	4.051987e+00	3.826859e+00	3.607755e+00	3.391808e+00	3.291519e+00
3.207452e+00	3.155818e+00	3.102295e+00	3.088924e+00	3.080079e+00	3.079253e+00
3.078297e+00	3.078142e+00	3.078027e+00	3.077996e+00	1.125183e+01	1.080956e+01
1.037392e+01	9.951497e+00	9.543554e+00	8.790949e+00	8.118887e+00	7.509831e+00
6.958207e+00	6.460709e+00	6.014525e+00	5.615509e+00	5.256586e+00	4.929237e+00
4.625385e+00	4.341101e+00	4.076631e+00	3.827797e+00	3.591776e+00	3.361755e+00
3.135811e+00	3.030724e+00	2.941709e+00	2.886063e+00	2.830611e+00	2.817845e+00
2.808663e+00	2.807694e+00	2.806799e+00	2.806675e+00	2.806517e+00	2.806520e+00
1.140240e+01	1.091604e+01	1.043870e+01	9.978292e+00	9.543867e+00	8.753475e+00
8.040726e+00	7.402738e+00	6.829645e+00	6.316260e+00	5.858776e+00	5.450570e+00
5.083350e+00	4.747774e+00	4.434449e+00	4.138588e+00	3.861990e+00	3.602129e+00
3.356789e+00	3.119863e+00	2.889251e+00	2.781084e+00	2.685547e+00	2.622591e+00
2.566192e+00	2.553755e+00	2.544222e+00	2.543161e+00	2.542281e+00	2.542151e+00
2.542018e+00	2.542025e+00	1.154314e+01	1.100794e+01	1.048678e+01	9.991779e+00
9.526739e+00	8.684749e+00	7.940172e+00	7.280136e+00	6.692634e+00	6.169116e+00
5.704292e+00	5.289494e+00	4.915107e+00	4.571280e+00	4.247441e+00	3.938266e+00
3.647369e+00	3.375941e+00	3.122849e+00	2.882177e+00	2.650538e+00	2.540273e+00
2.436867e+00	2.364038e+00	2.307062e+00	2.294651e+00	2.284675e+00	2.283551e+00
2.282642e+00	2.282476e+00	2.282419e+00	2.282409e+00	1.169644e+01	1.110725e+01
1.053810e+01	1.000580e+01	9.509659e+00	8.620544e+00	7.843810e+00	7.162414e+00
6.562191e+00	6.030090e+00	5.557372e+00	5.134612e+00	4.751858e+00	4.399508e+00
4.067194e+00	3.749618e+00	3.450390e+00	3.172220e+00	2.913080e+00	2.666543e+00
2.428717e+00	2.314623e+00	2.206104e+00	2.128443e+00	2.068901e+00	2.055920e+00
2.045384e+00	2.044187e+00	2.043221e+00	2.043047e+00	2.042996e+00	2.042995e+00
1.185758e+01	1.121041e+01	1.059043e+01	1.001969e+01	9.492432e+00	8.557333e+00
7.749554e+00	7.048125e+00	6.436896e+00	5.897678e+00	5.417308e+00	4.986306e+00
4.594923e+00	4.234232e+00	3.894809e+00	3.571631e+00	3.267320e+00	2.985085e+00
2.721351e+00	2.468868e+00	2.223528e+00	2.105360e+00	1.993540e+00	1.913695e+00
1.850957e+00	1.837163e+00	1.826057e+00	1.824792e+00	1.823757e+00	1.823586e+00
1.823511e+00	1.823527e+00	1.202208e+01	1.131768e+01	1.064793e+01	1.003911e+01
9.488256e+00	8.508546e+00	7.671586e+00	6.950986e+00	6.328869e+00	5.782790e+00
5.295170e+00	4.856177e+00	4.456623e+00	4.088156e+00	3.742137e+00	3.413756e+00
3.104757e+00	2.818271e+00	2.550628e+00	2.293225e+00	2.041762e+00	1.920339e+00
1.805930e+00	1.724119e+00	1.657625e+00	1.642845e+00	1.631067e+00	1.629715e+00
1.628595e+00	1.628425e+00	1.628327e+00	1.628346e+00	1.219001e+01	1.143001e+01
1.071297e+01	1.007098e+01	9.495517e+00	8.470180e+00	7.608076e+00	6.869852e+00
6.237307e+00	5.684823e+00	5.190520e+00	4.743924e+00	4.336732e+00	3.961041e+00
3.608832e+00	3.275457e+00	2.961916e+00	2.670741e+00	2.399620e+00	2.137966e+00
1.881347e+00	1.757259e+00	1.640777e+00	1.557110e+00	1.486174e+00	1.470206e+00
1.457633e+00	1.456172e+00	1.454948e+00	1.454778e+00	1.454656e+00	1.454667e+00
1.236777e+01	1.155378e+01	1.079099e+01	1.011705e+01	9.515872e+00	8.465221e+00
7.572014e+00	6.815017e+00	6.171764e+00	5.611824e+00	5.110144e+00	4.655485e+00
4.240238e+00	3.857077e+00	3.498519e+00	3.160035e+00	2.842035e+00	2.546343e+00
2.271789e+00	2.006746e+00	1.745733e+00	1.619001e+00	1.499603e+00	1.412871e+00
1.337264e+00	1.320034e+00	1.306513e+00	1.304935e+00	1.303598e+00	1.303425e+00
1.303290e+00	1.303262e+00	1.255679e+01	1.169128e+01	1.088571e+01	1.018384e+01
9.563740e+00	8.469383e+00	7.559910e+00	6.790081e+00	6.134307e+00	5.565097e+00
5.054764e+00	4.591268e+00	4.167714e+00	3.777022e+00	3.412001e+00	3.068240e+00
2.745689e+00	2.445489e+00	2.167087e+00	1.899058e+00	1.633921e+00	1.504380e+00
1.381220e+00	1.290340e+00	1.209720e+00	1.191125e+00	1.176492e+00	1.174780e+00
1.173323e+00	1.173139e+00	1.172998e+00	1.172918e+00	1.275738e+01	1.184342e+01
1.099842e+01	1.027184e+01	9.635011e+00	8.508616e+00	7.573030e+00	6.787543e+00
6.122915e+00	5.545943e+00	5.028151e+00	4.557264e+00	4.125324e+00	3.726639e+00
3.354725e+00	3.005128e+00	2.677404e+00	2.372132e+00	2.088568e+00	1.816971e+00
1.547166e+00	1.414349e+00	1.286550e+00	1.190566e+00	1.104222e+00	1.084038e+00
1.068061e+00	1.066178e+00	1.064590e+00	1.064386e+00	1.064235e+00	1.064124e+00
1.297119e+01	1.201276e+01	1.113222e+01	1.038454e+01	9.733839e+00	8.578306e+00
7.621676e+00	6.823026e+00	6.148527e+00	5.562619e+00	5.036807e+00	4.559106e+00
4.118414e+00	3.710467e+00	3.330131e+00	2.972738e+00	2.637537e+00	2.324615e+00
2.032499e+00	1.757625e+00	1.483052e+00	1.346773e+00	1.214028e+00	1.112586e+00
1.019850e+00	9.978015e-01	9.802724e-01	9.781982e-01	9.764493e-01	9.762249e-01
9.760591e-01	9.759466e-01	1.319402e+01	1.219511e+01	1.128248e+01	1.051643e+01
9.854063e+00	8.672593e+00	7.696867e+00	6.885026e+00	6.197047e+00	5.598278e+00
5.060028e+00	4.570048e+00	4.123242e+00	3.712056e+00	3.328523e+00	2.967970e+00
2.629595e+00	2.313364e+00	2.017636e+00	1.730431e+00	1.445643e+00	1.303435e+00
1.163439e+00	1.055653e+00	9.548778e-01	9.304867e-01	9.110384e-01	9.087270e-01
9.067827e-01	9.065326e-01	9.063402e-01	9.062546e-01	1.342563e+01	1.239196e+01
1.145240e+01	1.067199e+01	1.000130e+01	8.799764e+00	7.808994e+00	6.985205e+00
6.286506e+00	5.677648e+00	5.130625e+00	4.633523e+00	4.179005e+00	3.759793e+00
3.368240e+00	2.999249e+00	2.651812e+00	2.325535e+00	2.018049e+00	1.722284e+00
1.429102e+00	1.281660e+00	1.134859e+00	1.018940e+00	9.082055e-01	8.809474e-01
8.591650e-01	8.565623e-01	8.543801e-01	8.540998e-01	8.538695e-01	8.538295e-01
1.366361e+01	1.259876e+01	1.163535e+01	1.084302e+01	1.016596e+01	8.948494e+00
7.947538e+00	7.113129e+00	6.404096e+00	5.785212e+00	5.229134e+00	4.723970e+00
4.262108e+00	3.835829e+00	3.436883e+00	3.059747e+00	2.703213e+00	2.366455e+00
2.045964e+00	1.741372e+00	1.439157e+00	1.286714e+00	1.133177e+00	1.001225e+00
8.761115e-01	8.455348e-01	8.210133e-01	8.180566e-01	8.155768e-01	8.152708e-01
8.149878e-01	8.150257e-01	1.390522e+01	1.281152e+01	1.182651e+01	1.102439e+01
1.034296e+01	9.114011e+00	8.107624e+00	7.264870e+00	6.546998e+00	5.919358e+00
5.355358e+00	4.843029e+00	4.374469e+00	3.941597e+00	3.535624e+00	3.150668e+00
2.785471e+00	2.439117e+00	2.108126e+00	1.785372e+00	1.463228e+00	1.299429e+00
1.132321e+00	9.899436e-01	8.518693e-01	8.177227e-01	7.902859e-01	7.869574e-01
7.841641e-01	7.838277e-01	7.834986e-01	7.835831e-01	1.414443e+01	1.302404e+01
1.201948e+01	1.120952e+01	1.052570e+01	9.289229e+00	8.280273e+00	7.431661e+00
6.706904e+00	6.071939e+00	5.500797e+00	4.981484e+00	4.505883e+00	4.065686e+00
3.651840e+00	3.258223e+00	2.883443e+00	2.526322e+00	2.182750e+00	1.842369e+00
1.498829e+00	1.322531e+00	1.139007e+00	9.908488e-01	8.380949e-01	7.989461e-01
7.677082e-01	7.639279e-01	7.607275e-01	7.603356e-01	7.599773e-01	7.600255e-01
1.437923e+01	1.323402e+01	1.221197e+01	1.139679e+01	1.071377e+01	9.477201e+00
8.471573e+00	7.621890e+00	6.893979e+00	6.254547e+00	5.678058e+00	5.152598e+00
4.670130e+00	4.222414e+00	3.800500e+00	3.398187e+00	3.013870e+00	2.646004e+00
2.289615e+00	1.932240e+00	1.564541e+00	1.374419e+00	1.173174e+00	1.003710e+00
8.303840e-01	7.865006e-01	7.513175e-01	7.470603e-01	7.434477e-01	7.429887e-01
7.426208e-01	7.425459e-01	1.462983e+01	1.343447e+01	1.238172e+01	1.155893e+01
1.088094e+01	9.659302e+00	8.668607e+00	7.826868e+00	7.101017e+00	6.458740e+00
5.875167e+00	5.340446e+00	4.849183e+00	4.394199e+00	3.965605e+00	3.556164e+00
3.163270e+00	2.783940e+00	2.413040e+00	2.040283e+00	1.648446e+00	1.438523e+00
1.214231e+00	1.022880e+00	8.306547e-01	7.801517e-01	7.391422e-01	7.340002e-01
7.301078e-01	7.295472e-01	7.292392e-01	7.285682e-01	1.487612e+01	1.362511e+01
1.253910e+01	1.170927e+01	1.103934e+01	9.842304e+00	8.874261e+00	8.046607e+00
7.326375e+00	6.682474e+00	6.091042e+00	5.545538e+00	5.044791e+00	4.583321e+00
4.149644e+00	3.734828e+00	3.334655e+00	2.943775e+00	2.557315e+00	2.170706e+00
1.754634e+00	1.519369e+00	1.267577e+00	1.052233e+00	8.328007e-01	7.758000e-01
7.291994e-01	7.231288e-01	7.190005e-01	7.183308e-01	7.181080e-01	7.167032e-01
1.496330e+01	1.375355e+01	1.268877e+01	1.187683e+01	1.122586e+01	1.005750e+01
9.102336e+00	8.276256e+00	7.550423e+00	6.898604e+00	6.300916e+00	5.751167e+00
5.247650e+00	4.784352e+00	4.348625e+00	3.930359e+00	3.524347e+00	3.123640e+00
2.722130e+00	2.315143e+00	1.867380e+00	1.608855e+00	1.330650e+00	1.090041e+00
8.368736e-01	7.721837e-01	7.202629e-01	7.140575e-01	7.093119e-01	7.084817e-01
7.085106e-01	7.060786e-01	1.497563e+01	1.382796e+01	1.283017e+01	1.207376e+01
1.146255e+01	1.033008e+01	9.366924e+00	8.519444e+00	7.769782e+00	7.100523e+00
6.498312e+00	5.953368e+00	5.457288e+00	4.999774e+00	4.567180e+00	4.148829e+00
3.739632e+00	3.332723e+00	2.917933e+00	2.478116e+00	1.986137e+00	1.709891e+00
1.410494e+00	1.146346e+00	8.502838e-01	7.689417e-01	7.123335e-01	7.068089e-01
7.010972e-01	7.000510e-01	7.004950e-01	6.967783e-01	1.503261e+01	1.391897e+01
1.294674e+01	1.221966e+01	1.163731e+01	1.054038e+01	9.589404e+00	8.744401e+00
7.992240e+00	7.319910e+00	6.717868e+00	6.175679e+00	5.682479e+00	5.226514e+00
4.794032e+00	4.374202e+00	3.961664e+00	3.548922e+00	3.122783e+00	2.657926e+00
2.126623e+00	1.827696e+00	1.498829e+00	1.205723e+00	8.663171e-01	7.698749e-01
7.054576e-01	6.995592e-01	6.932874e-01	6.921701e-01	6.928265e-01	6.878736e-01
1.515041e+01	1.401655e+01	1.304160e+01	1.233034e+01	1.177089e+01	1.070756e+01
9.780364e+00	8.953548e+00	8.214965e+00	7.551880e+00	6.954737e+00	6.414082e+00
5.920391e+00	5.462948e+00	5.028585e+00	4.606563e+00	4.190896e+00	3.772882e+00
3.337292e+00	2.855016e+00	2.290204e+00	1.963964e+00	1.597777e+00	1.269891e+00
8.860657e-01	7.754519e-01	6.995501e-01	6.924462e-01	6.858767e-01	6.847962e-01
6.854343e-01	6.795894e-01	1.523129e+01	1.409056e+01	1.311962e+01	1.242960e+01
1.189702e+01	1.086791e+01	9.965425e+00	9.156802e+00	8.431644e+00	7.778157e+00
7.187639e+00	6.651311e+00	6.160279e+00	5.704289e+00	5.270635e+00	4.848583e+00
4.431594e+00	4.009955e+00	3.566230e+00	3.066640e+00	2.467941e+00	2.114731e+00
1.711132e+00	1.344809e+00	9.112835e-01	7.842973e-01	6.945686e-01	6.859117e-01
6.789186e-01	6.778984e-01	6.782992e-01	6.722444e-01	1.529419e+01	1.414751e+01
1.318178e+01	1.251466e+01	1.201031e+01	1.101536e+01	1.013925e+01	9.350636e+00
8.640893e+00	7.999078e+00	7.417338e+00	6.887515e+00	6.401268e+00	5.948832e+00
5.517854e+00	5.097646e+00	4.681174e+00	4.257684e+00	3.807643e+00	3.292591e+00
2.661331e+00	2.281147e+00	1.838803e+00	1.430323e+00	9.421898e-01	7.969043e-01
6.905355e-01	6.799225e-01	6.723327e-01	6.714076e-01	6.715375e-01	6.649763e-01
1.533788e+01	1.418738e+01	1.322876e+01	1.258557e+01	1.210972e+01	1.114942e+01
1.030074e+01	9.533694e+00	8.841062e+00	8.212781e+00	7.641764e+00	7.120468e+00
6.641052e+00	6.194200e+00	5.767896e+00	5.351477e+00	4.937461e+00	4.514125e+00
4.059887e+00	3.531594e+00	2.869606e+00	2.462683e+00	1.980596e+00	1.526554e+00
9.784717e-01	8.129215e-01	6.877661e-01	6.744862e-01	6.660053e-01	6.651706e-01
6.650404e-01	6.583076e-01	1.536364e+01	1.421180e+01	1.326132e+01	1.264133e+01
1.219280e+01	1.126693e+01	1.044599e+01	9.701595e+00	9.027456e+00	8.414405e+00
7.855990e+00	7.345269e+00	6.874840e+00	6.435761e+00	6.016327e+00	5.605856e+00
5.196485e+00	4.775671e+00	4.319916e+00	3.781597e+00	3.092433e+00	2.660186e+00
2.138752e+00	1.636543e+00	1.022392e+00	8.341764e-01	6.862927e-01	6.698578e-01
6.600049e-01	6.592447e-01	6.588556e-01	6.524147e-01	1.537491e+01	1.422540e+01
1.328449e+01	1.268589e+01	1.226198e+01	1.136992e+01	1.057628e+01	9.854694e+00
9.199746e+00	8.603002e+00	8.058586e+00	7.560044e+00	7.100383e+00	6.670999e+00
6.260395e+00	5.857885e+00	5.455327e+00	5.039441e+00	4.585053e+00	4.040445e+00
3.328587e+00	2.873125e+00	2.313505e+00	1.762709e+00	1.074951e+00	8.613411e-01
6.871796e-01	6.661398e-01	6.544802e-01	6.538073e-01	6.530166e-01	6.469644e-01
1.538197e+01	1.423489e+01	1.330314e+01	1.272440e+01	1.232342e+01	1.146426e+01
1.069744e+01	9.998720e+00	9.363407e+00	8.783733e+00	8.254340e+00	7.769207e+00
7.321721e+00	6.903588e+00	6.503467e+00	6.110675e+00	5.716857e+00	5.308084e+00
4.857672e+00	4.310047e+00	3.579269e+00	3.102235e+00	2.505043e+00	1.904326e+00
1.135502e+00	8.938852e-01	6.893604e-01	6.633900e-01	6.493392e-01	6.487256e-01
6.474921e-01	6.419167e-01	1.538258e+01	1.423901e+01	1.331711e+01	1.275666e+01
1.237676e+01	1.154886e+01	1.080770e+01	1.013136e+01	9.515657e+00	8.953439e+00
8.439783e+00	7.969075e+00	7.535014e+00	7.129562e+00	6.741505e+00	6.360145e+00
5.976990e+00	5.577638e+00	5.134135e+00	4.587404e+00	3.842697e+00	3.346616e+00
2.713530e+00	2.061894e+00	1.204828e+00	9.320709e-01	6.929355e-01	6.630497e-01
6.447988e-01	6.441482e-01	6.425017e-01	6.375297e-01	1.538092e+01	1.424091e+01
1.332716e+01	1.278285e+01	1.242180e+01	1.162284e+01	1.090569e+01	1.025080e+01
9.654272e+00	9.109531e+00	8.612011e+00	8.156468e+00	7.736857e+00	7.345335e+00
6.970774e+00	6.602449e+00	6.231815e+00	5.844208e+00	5.410741e+00	4.869417e+00
4.117244e+00	3.605961e+00	2.940588e+00	2.238973e+00	1.286558e+00	9.791021e-01
7.003850e-01	6.633729e-01	6.408839e-01	6.400920e-01	6.380585e-01	6.337892e-01
1.537872e+01	1.424043e+01	1.333340e+01	1.280417e+01	1.246028e+01	1.168746e+01
1.099243e+01	1.035764e+01	9.779405e+00	9.251757e+00	8.770381e+00	8.330332e+00
7.925811e+00	7.549128e+00	7.189182e+00	6.835242e+00	6.478830e+00	6.105188e+00
5.684797e+00	5.153278e+00	4.399970e+00	3.877337e+00	3.183470e+00	2.433373e+00
1.379458e+00	1.033982e+00	7.102803e-01	6.651583e-01	6.377008e-01	6.365293e-01
6.341476e-01	6.307016e-01	1.537543e+01	1.423845e+01	1.333809e+01	1.282244e+01
1.249441e+01	1.174583e+01	1.107163e+01	1.045603e+01	9.895498e+00	9.384684e+00
8.919478e+00	8.495200e+00	8.106294e+00	7.745200e+00	7.400826e+00	7.062449e+00
6.721758e+00	6.364046e+00	5.959439e+00	5.441673e+00	4.693014e+00	4.162627e+00
3.443867e+00	2.646652e+00	1.484562e+00	1.097351e+00	7.233810e-01	6.698684e-01
6.349461e-01	6.332841e-01	6.305828e-01	6.279909e-01	1.536997e+01	1.423486e+01
1.333872e+01	1.283422e+01	1.252084e+01	1.179432e+01	1.113927e+01	1.054162e+01
9.998021e+00	9.503545e+00	9.054359e+00	8.645996e+00	8.273094e+00	7.928187e+00
7.600114e+00	7.278192e+00	6.954461e+00	6.614600e+00	6.228737e+00	5.729025e+00
4.991252e+00	4.457186e+00	3.717898e+00	2.876071e+00	1.602456e+00	1.168788e+00
7.388976e-01	6.757284e-01	6.326873e-01	6.302441e-01	6.272857e-01	6.254250e-01
1.535721e+01	1.422434e+01	1.333402e+01	1.284079e+01	1.253974e+01	1.183232e+01
1.119422e+01	1.061286e+01	1.008505e+01	9.606130e+00	9.172616e+00	8.780174e+00
8.423515e+00	8.095124e+00	7.783538e+00	7.478115e+00	7.171657e+00	6.850992e+00
6.486874e+00	6.009903e+00	5.290111e+00	4.757398e+00	4.003440e+00	3.121630e+00
1.736992e+00	1.251602e+00	7.588190e-01	6.843624e-01	6.307649e-01	6.274104e-01
6.242427e-01	6.230037e-01	1.534255e+01	1.421461e+01	1.333219e+01	1.284906e+01
1.255949e+01	1.187019e+01	1.124807e+01	1.068161e+01	1.016758e+01	9.701449e+00
9.279813e+00	8.898952e+00	8.554588e+00	8.240592e+00	7.947426e+00	7.665113e+00
7.384450e+00	7.087800e+00	6.743491e+00	6.287334e+00	5.588073e+00	5.059616e+00
4.299554e+00	3.387659e+00	1.891396e+00	1.343251e+00	7.813576e-01	6.956848e-01
6.303637e-01	6.248579e-01	6.219523e-01	6.209387e-01	1.532431e+01	1.420521e+01
1.333200e+01	1.286003e+01	1.258105e+01	1.190876e+01	1.130102e+01	1.074735e+01
1.024472e+01	9.788986e+00	9.377052e+00	9.005949e+00	8.672498e+00	8.372154e+00
8.097707e+00	7.840185e+00	7.588095e+00	7.318052e+00	6.994659e+00	6.559672e+00
5.883600e+00	5.363538e+00	4.604895e+00	3.671642e+00	2.066822e+00	1.447555e+00
8.078798e-01	7.095448e-01	6.303599e-01	6.236497e-01	6.204267e-01	6.192898e-01
1.529959e+01	1.419458e+01	1.333465e+01	1.287395e+01	1.260458e+01	1.194759e+01
1.135146e+01	1.080756e+01	1.031387e+01	9.867251e+00	9.465775e+00	9.106815e+00
8.787214e+00	8.502408e+00	8.244882e+00	8.005803e+00	7.774515e+00	7.528753e+00
7.233086e+00	6.825502e+00	6.177123e+00	5.671797e+00	4.918092e+00	3.965393e+00
2.258622e+00	1.571071e+00	8.407621e-01	7.241511e-01	6.312082e-01	6.239034e-01
6.194966e-01	6.180642e-01	1.527428e+01	1.418424e+01	1.333763e+01	1.288642e+01
1.262447e+01	1.198027e+01	1.139409e+01	1.085881e+01	1.037302e+01	9.934786e+00
9.543031e+00	9.195448e+00	8.888961e+00	8.619030e+00	8.378052e+00	8.157283e+00
7.946639e+00	7.724541e+00	7.456216e+00	7.080067e+00	6.466467e+00	5.977853e+00
5.234523e+00	4.270655e+00	2.468670e+00	1.707088e+00	8.790151e-01	7.444531e-01
6.331824e-01	6.235280e-01	6.181813e-01	6.169135e-01	1.525265e+01	1.417715e+01
1.334201e+01	1.289919e+01	1.264315e+01	1.200975e+01	1.143230e+01	1.090492e+01
1.042666e+01	9.996396e+00	9.613669e+00	9.276448e+00	8.981838e+00	8.725467e+00
8.499858e+00	8.296557e+00	8.106110e+00	7.907710e+00	7.667543e+00	7.325173e+00
6.750830e+00	6.282129e+00	5.554051e+00	4.585546e+00	2.696586e+00	1.859019e+00
9.226666e-01	7.683832e-01	6.360668e-01	6.234295e-01	6.170500e-01	6.159222e-01
1.523519e+01	1.417282e+01	1.334854e+01	1.291205e+01	1.266016e+01	1.203538e+01
1.146539e+01	1.094520e+01	1.047412e+01	1.005133e+01	9.676729e+00	9.348508e+00
9.064065e+00	8.819382e+00	8.607388e+00	8.420173e+00	8.248997e+00	8.073932e+00
7.862308e+00	7.555056e+00	7.023380e+00	6.577903e+00	5.869972e+00	4.903978e+00
2.941661e+00	2.030045e+00	9.735437e-01	7.967385e-01	6.403527e-01	6.241132e-01
6.162214e-01	6.150954e-01	1.521734e+01	1.416751e+01	1.335278e+01	1.292136e+01
1.267235e+01	1.205450e+01	1.149097e+01	1.097744e+01	1.051315e+01	1.009733e+01
9.729979e+00	9.409501e+00	9.133677e+00	8.898980e+00	8.698988e+00	8.526542e+00
8.373677e+00	8.221353e+00	8.038177e+00	7.766968e+00	7.280833e+00	6.861249e+00
6.177671e+00	5.221073e+00	3.201847e+00	2.219213e+00	1.031840e+00	8.296626e-01
6.459664e-01	6.255235e-01	6.154017e-01	6.142264e-01	1.519792e+01	1.416135e+01
1.335663e+01	1.292980e+01	1.268294e+01	1.207110e+01	1.151336e+01	1.100600e+01
1.054809e+01	1.013884e+01	9.778209e+00	9.464812e+00	9.196820e+00	8.971209e+00
8.782264e+00	8.623629e+00	8.488184e+00	8.357907e+00	8.202894e+00	7.968241e+00
7.529920e+00	7.138786e+00	6.484084e+00	5.543525e+00	3.479126e+00	2.426233e+00
1.097401e+00	8.671710e-01	6.529197e-01	6.276479e-01	6.147537e-01	6.134123e-01
1.517176e+01	1.415328e+01	1.336185e+01	1.293981e+01	1.269381e+01	1.208689e+01
1.153412e+01	1.103223e+01	1.058008e+01	1.017685e+01	9.822377e+00	9.515519e+00
9.254723e+00	9.037338e+00	8.858220e+00	8.711702e+00	8.591632e+00	8.481394e+00
8.352984e+00	8.154008e+00	7.764679e+00	7.405058e+00	6.786401e+00	5.871655e+00
3.770886e+00	2.646680e+00	1.171573e+00	9.111499e-01	6.616467e-01	6.299632e-01
6.146460e-01	6.128272e-01	1.513353e+01	1.414140e+01	1.336833e+01	1.295130e+01
1.270442e+01	1.210139e+01	1.155273e+01	1.105558e+01	1.060846e+01	1.021057e+01
9.861571e+00	9.560548e+00	9.306151e+00	9.096006e+00	8.925430e+00	8.789357e+00
8.682659e+00	8.590338e+00	8.486560e+00	8.321667e+00	7.981277e+00	7.655157e+00
7.078237e+00	6.198600e+00	4.074570e+00	2.881110e+00	1.257143e+00	9.641301e-01
6.733734e-01	6.329489e-01	6.146385e-01	6.124057e-01	1.507624e+01	1.412144e+01
1.337325e+01	1.296291e+01	1.271363e+01	1.211434e+01	1.156931e+01	1.107599e+01
1.063290e+01	1.023924e+01	9.894684e+00	9.598542e+00	9.349596e+00	9.145786e+00
8.982831e+00	8.856278e+00	8.761915e+00	8.686226e+00	8.605514e+00	8.473245e+00
8.180715e+00	7.887341e+00	7.351105e+00	6.509862e+00	4.387896e+00	3.134868e+00
1.353124e+00	1.022967e+00	6.872068e-01	6.379955e-01	6.149117e-01	6.120728e-01
1.499883e+01	1.409234e+01	1.337745e+01	1.297469e+01	1.272198e+01	1.212625e+01
1.158450e+01	1.109450e+01	1.065486e+01	1.026483e+01	9.924122e+00	9.632294e+00
9.388218e+00	9.190158e+00	9.034199e+00	8.916500e+00	8.833704e+00	8.773696e+00
8.714906e+00	8.614200e+00	8.368976e+00	8.108311e+00	7.613136e+00	6.813666e+00
4.713177e+00	3.408893e+00	1.460513e+00	1.088458e+00	7.033440e-01	6.455396e-01
6.156730e-01	6.117919e-01	1.491595e+01	1.406071e+01	1.338044e+01	1.298591e+01
1.272907e+01	1.213664e+01	1.159791e+01	1.111081e+01	1.067404e+01	1.028698e+01
9.949363e+00	9.661031e+00	9.421033e+00	9.227992e+00	9.078461e+00	8.969173e+00
8.897389e+00	8.851901e+00	8.812980e+00	8.741710e+00	8.542923e+00	8.315298e+00
7.861830e+00	7.104459e+00	5.040847e+00	3.701555e+00	1.580885e+00	1.161197e+00
7.215467e-01	6.547729e-01	6.162510e-01	6.115568e-01	1.482364e+01	1.402463e+01
1.338250e+01	1.299649e+01	1.273491e+01	1.214552e+01	1.160960e+01	1.112500e+01
1.069051e+01	1.030570e+01	9.970315e+00	9.684553e+00	9.447757e+00	9.258957e+00
9.115230e+00	9.013818e+00	8.952378e+00	8.920055e+00	8.898562e+00	8.853826e+00
8.699624e+00	8.504876e+00	8.092481e+00	7.374681e+00	5.362591e+00	4.013147e+00
1.718411e+00	1.243376e+00	7.429289e-01	6.674497e-01	6.165776e-01	6.113630e-01
1.473317e+01	1.398876e+01	1.338356e+01	1.300588e+01	1.273929e+01	1.215195e+01
1.161757e+01	1.113457e+01	1.070218e+01	1.031990e+01	9.987732e+00	9.705589e+00
9.472327e+00	9.286986e+00	9.147561e+00	9.052152e+00	8.998933e+00	8.977646e+00
8.971947e+00	8.953272e+00	8.839982e+00	8.673155e+00	8.303662e+00	7.643148e+00
5.702612e+00	4.323874e+00	1.864340e+00	1.336869e+00	7.688519e-01	6.804188e-01
6.190079e-01	6.112446e-01	1.464896e+01	1.395529e+01	1.338441e+01	1.301452e+01
1.274323e+01	1.215742e+01	1.162395e+01	1.114216e+01	1.071150e+01	1.033155e+01
1.000243e+01	9.723792e+00	9.494034e+00	9.312072e+00	9.176406e+00	9.085742e+00
9.038899e+00	9.026706e+00	9.034966e+00	9.039646e+00	8.963917e+00	8.824534e+00
8.500006e+00	7.900864e+00	6.038406e+00	4.639348e+00	2.027028e+00	1.443408e+00
7.995453e-01	6.949090e-01	6.221181e-01	6.111210e-01	1.457696e+01	1.392682e+01
1.338556e+01	1.302206e+01	1.274710e+01	1.216272e+01	1.163042e+01	1.115010e+01
1.072079e+01	1.034257e+01	1.001507e+01	9.738340e+00	9.511413e+00	9.333445e+00
9.202233e+00	9.116024e+00	9.074351e+00	9.069793e+00	9.090056e+00	9.112795e+00
9.072027e+00	8.965899e+00	8.688904e+00	8.132973e+00	6.332862e+00	4.976016e+00
2.226158e+00	1.562826e+00	8.331519e-01	7.141514e-01	6.215617e-01	6.108183e-01
1.451133e+01	1.389752e+01	1.338178e+01	1.302398e+01	1.274591e+01	1.216316e+01
1.163211e+01	1.115309e+01	1.072541e+01	1.034884e+01	1.002323e+01	9.748472e+00
9.523817e+00	9.348424e+00	9.220350e+00	9.138075e+00	9.101584e+00	9.104174e+00
9.135054e+00	9.174727e+00	9.164717e+00	9.085434e+00	8.851812e+00	8.351506e+00
6.640893e+00	5.304145e+00	2.441231e+00	1.695000e+00	8.725670e-01	7.355651e-01
6.247246e-01	6.106124e-01	1.445901e+01	1.387711e+01	1.338136e+01	1.302811e+01
1.274687e+01	1.216535e+01	1.163582e+01	1.115824e+01	1.073215e+01	1.035711e+01
1.003320e+01	9.760179e+00	9.537472e+00	9.364300e+00	9.238935e+00	9.160141e+00
9.128265e+00	9.137236e+00	9.177544e+00	9.232450e+00	9.250238e+00	9.195442e+00
9.003100e+00	8.559261e+00	6.946964e+00	5.635821e+00	2.675178e+00	1.841370e+00
9.174985e-01	7.601884e-01	6.292907e-01	6.106089e-01	1.441943e+01	1.386451e+01
1.338750e+01	1.303808e+01	1.275417e+01	1.217365e+01	1.164483e+01	1.116821e+01
1.074300e+01	1.036888e+01	1.004607e+01	9.774212e+00	9.552943e+00	9.381627e+00
9.258513e+00	9.182600e+00	9.154519e+00	9.168859e+00	9.217181e+00	9.285174e+00
9.327325e+00	9.294674e+00	9.140878e+00	8.751184e+00	7.240728e+00	5.966691e+00
2.927698e+00	2.004514e+00	9.696959e-01	7.896412e-01	6.347285e-01	6.108626e-01
1.437781e+01	1.384779e+01	1.338676e+01	1.304088e+01	1.275425e+01	1.217483e+01
1.164724e+01	1.117173e+01	1.074755e+01	1.037449e+01	1.005266e+01	9.781850e+00
9.561964e+00	9.392426e+00	9.271398e+00	9.197886e+00	9.172920e+00	9.191798e+00
9.247192e+00	9.326580e+00	9.389088e+00	9.375500e+00	9.258311e+00	8.923713e+00
7.515746e+00	6.283312e+00	3.197411e+00	2.187473e+00	1.028871e+00	8.231761e-01
6.414393e-01	6.106681e-01	1.433768e+01	1.383055e+01	1.338563e+01	1.304288e+01
1.275430e+01	1.217560e+01	1.164893e+01	1.117431e+01	1.075101e+01	1.037887e+01
1.005790e+01	9.788023e+00	9.569339e+00	9.401309e+00	9.282101e+00	9.210770e+00
9.188662e+00	9.211585e+00	9.273135e+00	9.362657e+00	9.444091e+00	9.448306e+00
9.364626e+00	9.081507e+00	7.782449e+00	6.601204e+00	3.483699e+00	2.388546e+00
1.095141e+00	8.613368e-01	6.493899e-01	6.103378e-01	1.430372e+01	1.381729e+01
1.338605e+01	1.304622e+01	1.275516e+01	1.217743e+01	1.165168e+01	1.117789e+01
1.075533e+01	1.038406e+01	1.006404e+01	9.795147e+00	9.577307e+00	9.410027e+00
9.292083e+00	9.223053e+00	9.204145e+00	9.230637e+00	9.296270e+00	9.393836e+00
9.495640e+00	9.518132e+00	9.458409e+00	9.209631e+00	8.041294e+00	6.940117e+00
3.773817e+00	2.601191e+00	1.170391e+00	9.076445e-01	6.591044e-01	6.101842e-01
1.427501e+01	1.380683e+01	1.338807e+01	1.305060e+01	1.275772e+01	1.218037e+01
1.165515e+01	1.118195e+01	1.075992e+01	1.038940e+01	1.007034e+01	9.802431e+00
9.585103e+00	9.417992e+00	9.300885e+00	9.234091e+00	9.218427e+00	9.247969e+00
9.316152e+00	9.420016e+00	9.541783e+00	9.581909e+00	9.538966e+00	9.313173e+00
8.285521e+00	7.289104e+00	4.065617e+00	2.826694e+00	1.257310e+00	9.650524e-01
6.715647e-01	6.101134e-01	1.424795e+01	1.379571e+01	1.338781e+01	1.305246e+01
1.275793e+01	1.218115e+01	1.165643e+01	1.118364e+01	1.076211e+01	1.039210e+01
1.007367e+01	9.806519e+00	9.589900e+00	9.423514e+00	9.307398e+00	9.242162e+00
9.228669e+00	9.260833e+00	9.332274e+00	9.441849e+00	9.577250e+00	9.630771e+00
9.608083e+00	9.412778e+00	8.499510e+00	7.593544e+00	4.376808e+00	3.075437e+00
1.354022e+00	1.026793e+00	6.854081e-01	6.101346e-01	1.422261e+01	1.378474e+01
1.338693e+01	1.305364e+01	1.275797e+01	1.218153e+01	1.165718e+01	1.118470e+01
1.076357e+01	1.039396e+01	1.007603e+01	9.809494e+00	9.593550e+00	9.427973e+00
9.312834e+00	9.248848e+00	9.237059e+00	9.271547e+00	9.346325e+00	9.461158e+00
9.607263e+00	9.672014e+00	9.670013e+00	9.508324e+00	8.696500e+00	7.874285e+00
4.706406e+00	3.348101e+00	1.461565e+00	1.094043e+00	7.009579e-01	6.102140e-01
1.420226e+01	1.377722e+01	1.338702e+01	1.305581e+01	1.275849e+01	1.218266e+01
1.165876e+01	1.118660e+01	1.076585e+01	1.039655e+01	1.007894e+01	9.812861e+00
9.597647e+00	9.433108e+00	9.319003e+00	9.255886e+00	9.245090e+00	9.281532e+00
9.360111e+00	9.480421e+00	9.633326e+00	9.704688e+00	9.724618e+00	9.605280e+00
8.883110e+00	8.108215e+00	5.049614e+00	3.648834e+00	1.580607e+00	1.166052e+00
7.194969e-01	6.103294e-01	1.418699e+01	1.377277e+01	1.339027e+01	1.306065e+01
1.276233e+01	1.218672e+01	1.166285e+01	1.119067e+01	1.077001e+01	1.040060e+01
1.008291e+01	9.816936e+00	9.602549e+00	9.439475e+00	9.326515e+00	9.263634e+00
9.252871e+00	9.290854e+00	9.373875e+00	9.500066e+00	9.655339e+00	9.729029e+00
9.771523e+00	9.705977e+00	9.057046e+00	8.288694e+00	5.404492e+00	3.984824e+00
1.713265e+00	1.242786e+00	7.432701e-01	6.105497e-01	1.417211e+01	1.376730e+01
1.339072e+01	1.306216e+01	1.276296e+01	1.218737e+01	1.166352e+01	1.119142e+01
1.077100e+01	1.040205e+01	1.008485e+01	9.819359e+00	9.605594e+00	9.443229e+00
9.330894e+00	9.268611e+00	9.258601e+00	9.298006e+00	9.383718e+00	9.513916e+00
9.674587e+00	9.753306e+00	9.810776e+00	9.777363e+00	9.213153e+00	8.489542e+00
5.745812e+00	4.312391e+00	1.870933e+00	1.334712e+00	7.697106e-01	6.104255e-01
1.415685e+01	1.376006e+01	1.338952e+01	1.306215e+01	1.276203e+01	1.218652e+01
1.166293e+01	1.119119e+01	1.077088e+01	1.040218e+01	1.008529e+01	9.820132e+00
9.606662e+00	9.444539e+00	9.332704e+00	9.271108e+00	9.262074e+00	9.302752e+00
9.390190e+00	9.523230e+00	9.690371e+00	9.775562e+00	9.842824e+00	9.828918e+00
9.351121e+00	8.699722e+00	6.072733e+00	4.632512e+00	2.058186e+00	1.443104e+00
7.995607e-01	6.101658e-01	1.414216e+01	1.375281e+01	1.338645e+01	1.305993e+01
1.275918e+01	1.218389e+01	1.166048e+01	1.118907e+01	1.076906e+01	1.040073e+01
1.008420e+01	9.819496e+00	9.606391e+00	9.444639e+00	9.333242e+00	9.272208e+00
9.263948e+00	9.305709e+00	9.394733e+00	9.530288e+00	9.702707e+00	9.793153e+00
9.869318e+00	9.873381e+00	9.472940e+00	8.886203e+00	6.393774e+00	4.961431e+00
2.270713e+00	1.564950e+00	8.340184e-01	6.102569e-01	1.413659e+01	1.375316e+01
1.339159e+01	1.306597e+01	1.276427e+01	1.218897e+01	1.166537e+01	1.119359e+01
1.077376e+01	1.040562e+01	1.008945e+01	9.824957e+00	9.611995e+00	9.450544e+00
9.339593e+00	9.278840e+00	9.270874e+00	9.313313e+00	9.403681e+00	9.541926e+00
9.719190e+00	9.813537e+00	9.897356e+00	9.917303e+00	9.585855e+00	9.061402e+00
6.711118e+00	5.296942e+00	2.499004e+00	1.725070e+00	8.738312e-01	6.111642e-01
1.412992e+01	1.375254e+01	1.339344e+01	1.306831e+01	1.276619e+01	1.219109e+01
1.166811e+01	1.119704e+01	1.077747e+01	1.040908e+01	1.009230e+01	9.827359e+00
9.614399e+00	9.453086e+00	9.342261e+00	9.282259e+00	9.275484e+00	9.319198e+00
9.410844e+00	9.549807e+00	9.729946e+00	9.829462e+00	9.920893e+00	9.954657e+00
9.686016e+00	9.217696e+00	7.015392e+00	5.637230e+00	2.743925e+00	1.900507e+00
9.189485e-01	6.114503e-01	1.411942e+01	1.374504e+01	1.338916e+01	1.306489e+01
1.276262e+01	1.218959e+01	1.166848e+01	1.119827e+01	1.077888e+01	1.041010e+01
1.009263e+01	9.826911e+00	9.613354e+00	9.452098e+00	9.341894e+00	9.282761e+00
9.277150e+00	9.322320e+00	9.415160e+00	9.553591e+00	9.735151e+00	9.840184e+00
9.938976e+00	9.984436e+00	9.772059e+00	9.352236e+00	7.299873e+00	5.978291e+00
3.004694e+00	2.082980e+00	9.706734e-01	6.104869e-01	