4.118802e-01	4.217804e-01	4.319852e-01	4.427269e-01	4.539479e-01	4.777024e-01
5.033007e-01	5.306176e-01	5.594518e-01	5.892365e-01	6.192822e-01	6.491423e-01
6.783797e-01	7.068377e-01	7.343490e-01	7.607942e-01	7.857732e-01	8.091299e-01
8.303784e-01	8.474748e-01	8.588870e-01	8.645777e-01	8.770203e-01	8.962300e-01
9.253369e-01	9.339207e-01	9.404944e-01	9.412592e-01	9.420659e-01	9.421948e-01
9.422606e-01	9.422713e-01	4.559174e-01	4.665975e-01	4.775856e-01	4.891175e-01
5.011336e-01	5.264892e-01	5.536925e-01	5.826009e-01	6.129958e-01	6.442894e-01
6.757771e-01	7.070028e-01	7.375235e-01	7.671907e-01	7.958612e-01	8.234411e-01
8.495347e-01	8.739966e-01	8.963424e-01	9.144956e-01	9.268841e-01	9.330531e-01
9.460616e-01	9.658353e-01	9.956317e-01	1.004404e+00	1.011119e+00	1.011899e+00
1.012721e+00	1.012853e+00	1.012919e+00	1.012931e+00	5.046630e-01	5.161768e-01
5.279995e-01	5.403691e-01	5.532241e-01	5.802585e-01	6.091298e-01	6.396768e-01
6.716644e-01	7.044860e-01	7.374258e-01	7.700205e-01	8.018237e-01	8.326968e-01
8.625259e-01	8.912466e-01	9.184702e-01	9.440634e-01	9.675464e-01	9.868166e-01
1.000264e+00	1.006952e+00	1.020538e+00	1.040846e+00	1.071266e+00	1.080207e+00
1.087046e+00	1.087840e+00	1.088675e+00	1.088810e+00	1.088876e+00	1.088889e+00
5.586204e-01	5.710242e-01	5.837351e-01	5.969910e-01	6.107292e-01	6.395192e-01
6.701176e-01	7.023444e-01	7.359480e-01	7.703068e-01	8.046985e-01	8.386553e-01
8.717298e-01	9.037962e-01	9.347748e-01	9.646354e-01	9.929994e-01	1.019747e+00
1.044407e+00	1.064857e+00	1.079454e+00	1.086703e+00	1.100877e+00	1.121683e+00
1.152647e+00	1.161731e+00	1.168675e+00	1.169480e+00	1.170326e+00	1.170463e+00
1.170529e+00	1.170543e+00	6.183468e-01	6.316996e-01	6.453542e-01	6.595460e-01
6.742117e-01	7.048320e-01	7.372116e-01	7.711514e-01	8.063841e-01	8.422772e-01
8.781082e-01	9.134077e-01	9.477306e-01	9.809663e-01	1.013076e+00	1.044067e+00
1.073576e+00	1.101499e+00	1.127373e+00	1.149069e+00	1.164913e+00	1.172771e+00
1.187541e+00	1.208798e+00	1.240210e+00	1.249407e+00	1.256434e+00	1.257247e+00
1.258101e+00	1.258239e+00	1.258305e+00	1.258320e+00	6.844589e-01	6.988221e-01
7.134777e-01	7.286558e-01	7.442929e-01	7.768151e-01	8.110233e-01	8.466992e-01
8.835615e-01	9.209720e-01	9.582148e-01	9.948231e-01	1.030357e+00	1.064726e+00
1.097935e+00	1.130040e+00	1.160692e+00	1.189804e+00	1.216929e+00	1.239941e+00
1.257138e+00	1.265656e+00	1.281027e+00	1.302679e+00	1.334424e+00	1.343701e+00
1.350783e+00	1.351601e+00	1.352459e+00	1.352598e+00	1.352663e+00	1.352680e+00
7.576397e-01	7.730769e-01	7.887924e-01	8.050071e-01	8.216586e-01	8.561497e-01
8.922253e-01	9.296482e-01	9.681254e-01	1.007019e+00	1.045629e+00	1.083495e+00
1.120188e+00	1.155637e+00	1.189903e+00	1.223092e+00	1.254876e+00	1.285189e+00
1.313600e+00	1.337999e+00	1.356664e+00	1.365897e+00	1.381873e+00	1.403851e+00
1.435796e+00	1.445111e+00	1.452217e+00	1.453035e+00	1.453894e+00	1.454034e+00
1.454096e+00	1.454115e+00	8.386447e-01	8.552218e-01	8.720574e-01	8.893588e-01
9.070662e-01	9.435866e-01	9.815574e-01	1.020724e+00	1.060783e+00	1.101106e+00
1.141018e+00	1.180071e+00	1.217850e+00	1.254310e+00	1.289574e+00	1.323807e+00
1.356703e+00	1.388220e+00	1.417951e+00	1.443812e+00	1.464070e+00	1.474077e+00
1.490657e+00	1.512881e+00	1.544869e+00	1.554174e+00	1.561267e+00	1.562083e+00
1.562936e+00	1.563076e+00	1.563136e+00	1.563157e+00	9.283106e-01	9.460951e-01
9.641117e-01	9.825492e-01	1.001352e+00	1.039953e+00	1.079834e+00	1.120721e+00
1.162308e+00	1.203983e+00	1.245109e+00	1.285255e+00	1.324027e+00	1.361409e+00
1.397594e+00	1.432814e+00	1.466792e+00	1.499512e+00	1.530591e+00	1.557993e+00
1.579979e+00	1.590825e+00	1.608006e+00	1.630378e+00	1.662227e+00	1.671468e+00
1.678507e+00	1.679314e+00	1.680156e+00	1.680296e+00	1.680353e+00	1.680376e+00
1.027563e+00	1.046624e+00	1.065883e+00	1.085504e+00	1.105437e+00	1.146162e+00
1.187950e+00	1.230516e+00	1.273550e+00	1.316473e+00	1.358696e+00	1.399815e+00
1.439461e+00	1.477652e+00	1.514663e+00	1.550798e+00	1.585815e+00	1.619725e+00
1.652178e+00	1.681204e+00	1.705064e+00	1.716820e+00	1.734592e+00	1.757001e+00
1.788501e+00	1.797615e+00	1.804550e+00	1.805343e+00	1.806168e+00	1.806306e+00
1.806360e+00	1.806385e+00	1.137428e+00	1.157836e+00	1.178398e+00	1.199248e+00
1.220342e+00	1.263217e+00	1.306890e+00	1.351066e+00	1.395439e+00	1.439472e+00
1.482645e+00	1.524585e+00	1.564959e+00	1.603820e+00	1.641538e+00	1.678497e+00
1.714496e+00	1.749576e+00	1.783425e+00	1.814158e+00	1.840052e+00	1.852794e+00
1.871143e+00	1.893457e+00	1.924368e+00	1.933282e+00	1.940059e+00	1.940830e+00
1.941631e+00	1.941766e+00	1.941816e+00	1.941843e+00	1.259039e+00	1.280864e+00
1.302790e+00	1.324909e+00	1.347191e+00	1.392227e+00	1.437740e+00	1.483427e+00
1.528994e+00	1.573963e+00	1.617901e+00	1.660477e+00	1.701398e+00	1.740761e+00
1.779040e+00	1.816711e+00	1.853619e+00	1.889836e+00	1.925097e+00	1.957627e+00
1.985727e+00	1.999537e+00	2.018444e+00	2.040512e+00	2.070556e+00	2.079187e+00
2.085743e+00	2.086485e+00	2.087254e+00	2.087385e+00	2.087429e+00	2.087459e+00
1.393653e+00	1.416965e+00	1.440312e+00	1.463738e+00	1.487226e+00	1.534412e+00
1.581691e+00	1.628755e+00	1.675331e+00	1.721020e+00	1.765496e+00	1.808482e+00
1.849732e+00	1.889395e+00	1.928060e+00	1.966306e+00	2.004031e+00	2.041341e+00
2.078024e+00	2.112442e+00	2.142934e+00	2.157902e+00	2.177341e+00	2.198987e+00
2.227849e+00	2.236105e+00	2.242366e+00	2.243072e+00	2.243799e+00	2.243924e+00
2.243961e+00	2.243995e+00	1.542659e+00	1.567527e+00	1.592351e+00	1.617115e+00
1.641816e+00	1.691118e+00	1.740054e+00	1.788320e+00	1.835673e+00	1.881816e+00
1.926556e+00	1.969678e+00	2.010999e+00	2.050720e+00	2.089562e+00	2.128220e+00
2.166647e+00	2.204992e+00	2.243099e+00	2.279500e+00	2.312588e+00	2.328810e+00
2.348747e+00	2.369771e+00	2.397091e+00	2.404865e+00	2.410751e+00	2.411410e+00
2.412084e+00	2.412203e+00	2.412232e+00	2.412269e+00	1.707596e+00	1.734088e+00
1.760440e+00	1.786562e+00	1.812475e+00	1.863829e+00	1.914273e+00	1.963517e+00
2.011362e+00	2.057636e+00	2.102309e+00	2.145243e+00	2.186326e+00	2.225820e+00
2.264593e+00	2.303466e+00	2.342460e+00	2.381763e+00	2.421287e+00	2.459770e+00
2.495673e+00	2.513254e+00	2.533646e+00	2.553818e+00	2.579190e+00	2.586361e+00
2.591781e+00	2.592381e+00	2.592991e+00	2.593101e+00	2.593121e+00	2.593161e+00
1.890480e+00	1.919201e+00	1.947566e+00	1.975300e+00	2.002470e+00	2.055533e+00
2.106808e+00	2.156375e+00	2.204208e+00	2.250376e+00	2.295106e+00	2.338123e+00
2.378855e+00	2.417400e+00	2.455418e+00	2.494359e+00	2.534119e+00	2.574663e+00
2.615807e+00	2.656647e+00	2.695923e+00	2.715186e+00	2.736072e+00	2.754996e+00
2.777738e+00	2.784127e+00	2.788931e+00	2.789448e+00	2.789973e+00	2.790074e+00
2.790077e+00	2.790125e+00	2.092699e+00	2.123385e+00	2.153538e+00	2.182738e+00
2.211094e+00	2.265865e+00	2.318006e+00	2.367778e+00	2.415270e+00	2.460776e+00
2.504779e+00	2.547019e+00	2.586815e+00	2.624256e+00	2.661426e+00	2.700111e+00
2.740212e+00	2.781641e+00	2.824238e+00	2.867429e+00	2.910135e+00	2.931071e+00
2.952329e+00	2.969788e+00	2.989514e+00	2.994994e+00	2.999093e+00	2.999521e+00
2.999950e+00	3.000038e+00	3.000027e+00	3.000080e+00	2.316232e+00	2.345137e+00
2.374078e+00	2.403086e+00	2.432152e+00	2.490040e+00	2.546007e+00	2.598166e+00
2.645958e+00	2.689338e+00	2.728703e+00	2.765466e+00	2.802359e+00	2.840882e+00
2.879542e+00	2.917266e+00	2.955310e+00	2.995317e+00	3.038285e+00	3.083257e+00
3.128112e+00	3.149727e+00	3.170799e+00	3.187241e+00	3.204543e+00	3.209152e+00
3.212653e+00	3.213048e+00	3.213400e+00	3.213466e+00	3.213469e+00	3.213507e+00
2.560765e+00	2.584320e+00	2.609262e+00	2.636571e+00	2.665935e+00	2.728266e+00
2.790780e+00	2.847268e+00	2.895768e+00	2.935383e+00	2.966235e+00	2.993063e+00
3.025117e+00	3.066413e+00	3.108394e+00	3.144286e+00	3.177919e+00	3.214208e+00
3.256209e+00	3.301978e+00	3.347420e+00	3.368704e+00	3.389037e+00	3.404876e+00
3.420452e+00	3.424286e+00	3.427323e+00	3.427737e+00	3.428036e+00	3.428071e+00
3.428115e+00	3.428120e+00	2.809803e+00	2.836687e+00	2.864452e+00	2.893877e+00
2.924756e+00	2.988691e+00	3.050845e+00	3.105287e+00	3.150524e+00	3.186401e+00
3.213822e+00	3.237303e+00	3.265542e+00	3.302409e+00	3.340231e+00	3.373247e+00
3.404857e+00	3.438979e+00	3.478021e+00	3.521009e+00	3.565249e+00	3.586475e+00
3.606110e+00	3.620517e+00	3.634626e+00	3.638016e+00	3.640663e+00	3.641026e+00
3.641292e+00	3.641314e+00	3.641372e+00	3.641366e+00	3.069271e+00	3.105295e+00
3.140682e+00	3.174972e+00	3.208226e+00	3.271568e+00	3.328310e+00	3.376180e+00
3.415276e+00	3.447060e+00	3.473890e+00	3.497969e+00	3.522718e+00	3.550082e+00
3.578744e+00	3.607884e+00	3.638502e+00	3.670983e+00	3.705462e+00	3.743164e+00
3.784760e+00	3.805882e+00	3.824714e+00	3.837208e+00	3.850017e+00	3.853156e+00
3.855464e+00	3.855739e+00	3.855986e+00	3.856006e+00	3.856062e+00	3.856059e+00
3.346398e+00	3.390663e+00	3.432815e+00	3.471212e+00	3.506196e+00	3.568010e+00
3.618897e+00	3.660124e+00	3.692993e+00	3.719915e+00	3.744068e+00	3.766173e+00
3.786420e+00	3.805525e+00	3.825807e+00	3.849298e+00	3.875721e+00	3.903934e+00
3.933290e+00	3.965763e+00	4.003112e+00	4.022602e+00	4.039908e+00	4.050982e+00
4.062271e+00	4.065068e+00	4.067080e+00	4.067301e+00	4.067519e+00	4.067540e+00
4.067585e+00	4.067586e+00	3.640247e+00	3.690808e+00	3.737941e+00	3.778991e+00
3.814603e+00	3.873611e+00	3.918503e+00	3.953692e+00	3.980942e+00	4.002409e+00
4.020961e+00	4.037358e+00	4.052028e+00	4.065563e+00	4.079360e+00	4.094839e+00
4.112478e+00	4.132903e+00	4.156872e+00	4.184812e+00	4.216089e+00	4.231946e+00
4.246880e+00	4.257362e+00	4.266902e+00	4.269240e+00	4.271031e+00	4.271249e+00
4.271425e+00	4.271454e+00	4.271471e+00	4.271480e+00	3.949503e+00	4.001889e+00
4.050613e+00	4.092880e+00	4.129349e+00	4.188866e+00	4.231822e+00	4.261938e+00
4.281525e+00	4.293899e+00	4.303421e+00	4.311312e+00	4.318137e+00	4.324477e+00
4.331251e+00	4.339472e+00	4.349608e+00	4.362238e+00	4.378091e+00	4.397851e+00
4.421657e+00	4.434425e+00	4.446653e+00	4.455323e+00	4.463155e+00	4.465097e+00
4.466600e+00	4.466779e+00	4.466927e+00	4.466953e+00	4.466962e+00	4.466972e+00
4.270828e+00	4.322471e+00	4.370833e+00	4.413374e+00	4.450585e+00	4.511798e+00
4.554329e+00	4.579177e+00	4.589302e+00	4.590047e+00	4.588295e+00	4.585865e+00
4.583251e+00	4.581013e+00	4.579936e+00	4.580815e+00	4.583650e+00	4.587961e+00
4.593694e+00	4.602818e+00	4.617811e+00	4.627401e+00	4.636438e+00	4.642498e+00
4.648456e+00	4.649991e+00	4.651143e+00	4.651264e+00	4.651387e+00	4.651406e+00
4.651415e+00	4.651425e+00	4.598353e+00	4.652434e+00	4.702594e+00	4.745795e+00
4.782641e+00	4.840758e+00	4.877224e+00	4.893653e+00	4.893677e+00	4.883591e+00
4.871369e+00	4.859056e+00	4.847063e+00	4.835817e+00	4.825601e+00	4.816855e+00
4.809648e+00	4.803711e+00	4.799215e+00	4.798109e+00	4.803012e+00	4.807894e+00
4.812907e+00	4.816469e+00	4.819919e+00	4.820868e+00	4.821604e+00	4.821689e+00
4.821763e+00	4.821782e+00	4.821782e+00	4.821792e+00	4.931168e+00	4.986655e+00
5.037619e+00	5.080584e+00	5.116272e+00	5.169968e+00	5.199153e+00	5.205919e+00
5.194547e+00	5.172380e+00	5.148514e+00	5.125281e+00	5.102961e+00	5.081895e+00
5.061878e+00	5.042977e+00	5.025231e+00	5.008326e+00	4.992500e+00	4.979973e+00
4.973903e+00	4.973704e+00	4.974060e+00	4.974397e+00	4.974841e+00	4.975071e+00
4.975269e+00	4.975290e+00	4.975303e+00	4.975319e+00	4.975313e+00	4.975322e+00
5.270850e+00	5.326314e+00	5.376768e+00	5.418374e+00	5.451958e+00	5.499722e+00
5.520387e+00	5.516107e+00	5.491847e+00	5.456106e+00	5.419280e+00	5.383989e+00
5.350458e+00	5.318862e+00	5.288516e+00	5.259053e+00	5.230363e+00	5.201917e+00
5.173877e+00	5.148990e+00	5.131244e+00	5.125636e+00	5.120705e+00	5.117024e+00
5.113882e+00	5.113252e+00	5.112752e+00	5.112692e+00	5.112640e+00	5.112643e+00
5.112631e+00	5.112643e+00	5.610278e+00	5.665290e+00	5.714571e+00	5.753762e+00
5.783893e+00	5.822604e+00	5.831704e+00	5.814204e+00	5.775813e+00	5.725791e+00
5.675390e+00	5.627329e+00	5.581878e+00	5.538977e+00	5.497685e+00	5.457314e+00
5.417493e+00	5.377292e+00	5.336621e+00	5.298960e+00	5.269139e+00	5.257739e+00
5.246889e+00	5.238489e+00	5.231188e+00	5.229548e+00	5.228198e+00	5.228038e+00
5.227918e+00	5.227898e+00	5.227878e+00	5.227898e+00	5.935756e+00	6.002548e+00
6.059471e+00	6.098917e+00	6.123098e+00	6.139000e+00	6.120364e+00	6.082519e+00
6.031439e+00	5.972878e+00	5.913584e+00	5.854874e+00	5.796988e+00	5.740167e+00
5.684966e+00	5.631872e+00	5.580335e+00	5.528696e+00	5.476264e+00	5.426999e+00
5.385118e+00	5.366806e+00	5.349423e+00	5.336487e+00	5.324574e+00	5.321781e+00
5.319558e+00	5.319281e+00	5.319068e+00	5.319026e+00	5.319002e+00	5.319029e+00
6.262219e+00	6.342811e+00	6.408495e+00	6.447713e+00	6.464178e+00	6.451984e+00
6.400435e+00	6.339358e+00	6.274463e+00	6.207099e+00	6.138682e+00	6.068949e+00
5.998080e+00	5.926657e+00	5.856961e+00	5.790748e+00	5.727306e+00	5.664261e+00
5.600337e+00	5.539812e+00	5.485803e+00	5.460202e+00	5.435890e+00	5.418140e+00
5.401406e+00	5.397379e+00	5.394223e+00	5.393821e+00	5.393510e+00	5.393448e+00
5.393420e+00	5.393448e+00	6.601698e+00	6.680013e+00	6.741444e+00	6.773689e+00
6.781240e+00	6.748275e+00	6.673999e+00	6.591205e+00	6.506261e+00	6.420499e+00
6.335624e+00	6.251396e+00	6.167582e+00	6.084028e+00	6.002649e+00	5.924641e+00
5.849366e+00	5.774736e+00	5.699817e+00	5.628905e+00	5.562853e+00	5.528923e+00
5.495854e+00	5.471284e+00	5.448703e+00	5.443083e+00	5.438641e+00	5.438082e+00
5.437661e+00	5.437582e+00	5.437548e+00	5.437553e+00	6.947812e+00	7.008371e+00
7.053982e+00	7.073488e+00	7.070936e+00	7.022575e+00	6.933557e+00	6.830053e+00
6.719845e+00	6.608440e+00	6.502057e+00	6.401112e+00	6.304419e+00	6.210409e+00
6.119452e+00	6.031170e+00	5.945072e+00	5.859650e+00	5.774498e+00	5.693732e+00
5.616489e+00	5.575338e+00	5.534579e+00	5.504012e+00	5.476646e+00	5.469723e+00
5.464221e+00	5.463536e+00	5.463030e+00	5.462940e+00	5.462901e+00	5.462882e+00
7.286268e+00	7.325772e+00	7.352324e+00	7.356362e+00	7.341538e+00	7.274704e+00
7.168956e+00	7.042997e+00	6.905575e+00	6.765858e+00	6.633971e+00	6.511849e+00
6.398753e+00	6.293388e+00	6.191193e+00	6.093661e+00	5.999401e+00	5.904466e+00
5.806159e+00	5.708904e+00	5.618126e+00	5.575400e+00	5.532189e+00	5.498839e+00
5.469790e+00	5.462475e+00	5.456498e+00	5.455764e+00	5.455224e+00	5.455121e+00
5.455091e+00	5.455058e+00	7.623199e+00	7.638154e+00	7.642657e+00	7.629021e+00
7.600365e+00	7.513132e+00	7.389520e+00	7.239945e+00	7.074115e+00	6.904993e+00
6.746638e+00	6.602845e+00	6.473564e+00	6.357783e+00	6.245373e+00	6.139980e+00
6.039129e+00	5.936317e+00	5.826919e+00	5.716967e+00	5.615404e+00	5.568052e+00
5.517610e+00	5.476160e+00	5.442464e+00	5.434093e+00	5.426796e+00	5.425928e+00
5.425291e+00	5.425149e+00	5.425149e+00	5.425077e+00	7.954479e+00	7.946776e+00
7.929944e+00	7.897279e+00	7.851724e+00	7.735045e+00	7.583724e+00	7.404456e+00
7.208115e+00	7.009854e+00	6.825606e+00	6.658886e+00	6.509188e+00	6.374410e+00
6.257815e+00	6.149506e+00	6.046173e+00	5.940608e+00	5.827665e+00	5.713863e+00
5.605653e+00	5.551613e+00	5.492045e+00	5.441596e+00	5.402762e+00	5.393227e+00
5.384567e+00	5.383557e+00	5.382818e+00	5.382638e+00	5.382661e+00	5.382553e+00
8.273583e+00	8.246798e+00	8.210510e+00	8.157786e+00	8.092040e+00	7.936295e+00
7.748269e+00	7.535642e+00	7.309663e+00	7.085718e+00	6.880160e+00	6.693431e+00
6.524902e+00	6.374921e+00	6.246549e+00	6.127556e+00	6.014775e+00	5.900707e+00
5.779667e+00	5.657373e+00	5.540021e+00	5.481567e+00	5.417921e+00	5.364539e+00
5.322107e+00	5.311644e+00	5.302317e+00	5.301220e+00	5.300411e+00	5.300221e+00
5.300223e+00	5.300118e+00	8.590834e+00	8.539264e+00	8.478631e+00	8.402274e+00
8.313853e+00	8.116289e+00	7.890802e+00	7.644444e+00	7.388310e+00	7.133335e+00
6.898892e+00	6.694425e+00	6.517084e+00	6.360136e+00	6.216227e+00	6.084687e+00
5.961205e+00	5.837796e+00	5.708383e+00	5.577852e+00	5.451939e+00	5.389495e+00
5.322630e+00	5.267209e+00	5.221213e+00	5.209834e+00	5.199931e+00	5.198770e+00
5.197877e+00	5.197696e+00	5.197676e+00	5.197584e+00	8.897142e+00	8.824743e+00
8.741773e+00	8.640863e+00	8.526669e+00	8.277741e+00	8.003732e+00	7.716000e+00
7.425382e+00	7.150709e+00	6.901928e+00	6.678864e+00	6.482037e+00	6.307255e+00
6.150059e+00	6.005845e+00	5.870912e+00	5.738423e+00	5.602819e+00	5.466669e+00
5.333621e+00	5.267901e+00	5.199570e+00	5.144112e+00	5.094688e+00	5.082449e+00
5.072182e+00	5.070961e+00	5.069990e+00	5.069834e+00	5.069785e+00	5.069723e+00
9.179112e+00	9.104703e+00	9.012742e+00	8.890609e+00	8.745880e+00	8.424344e+00
8.080106e+00	7.744070e+00	7.427296e+00	7.134623e+00	6.874804e+00	6.644915e+00
6.436440e+00	6.242223e+00	6.062830e+00	5.898685e+00	5.747369e+00	5.604808e+00
5.466334e+00	5.327458e+00	5.186486e+00	5.117315e+00	5.049043e+00	4.995880e+00
4.942942e+00	4.929922e+00	4.919541e+00	4.918189e+00	4.917196e+00	4.917058e+00
4.916954e+00	4.916938e+00	9.439946e+00	9.362558e+00	9.264458e+00	9.125666e+00
8.954072e+00	8.561496e+00	8.142957e+00	7.758238e+00	7.414279e+00	7.104315e+00
6.828509e+00	6.582018e+00	6.355302e+00	6.141841e+00	5.944448e+00	5.765907e+00
5.603191e+00	5.451135e+00	5.303875e+00	5.155917e+00	5.008666e+00	4.940126e+00
4.873214e+00	4.820325e+00	4.764502e+00	4.751356e+00	4.740728e+00	4.739249e+00
4.738245e+00	4.738133e+00	4.738000e+00	4.738019e+00	9.758716e+00	9.625209e+00
9.468929e+00	9.277753e+00	9.063810e+00	8.616545e+00	8.173201e+00	7.764881e+00
7.398387e+00	7.068419e+00	6.770484e+00	6.500803e+00	6.251983e+00	6.019278e+00
5.804872e+00	5.611494e+00	5.436398e+00	5.274937e+00	5.121322e+00	4.967532e+00
4.812847e+00	4.741072e+00	4.673608e+00	4.622405e+00	4.565322e+00	4.551012e+00
4.540331e+00	4.538996e+00	4.537871e+00	4.537717e+00	4.537637e+00	4.537663e+00
1.015255e+01	9.888014e+00	9.624429e+00	9.363304e+00	9.108660e+00	8.628947e+00
8.182430e+00	7.767279e+00	7.382052e+00	7.025291e+00	6.696284e+00	6.395692e+00
6.121185e+00	5.869832e+00	5.639112e+00	5.428716e+00	5.238203e+00	5.066833e+00
4.911296e+00	4.757360e+00	4.592881e+00	4.511067e+00	4.439475e+00	4.392137e+00
4.335947e+00	4.318854e+00	4.308412e+00	4.307602e+00	4.306202e+00	4.305912e+00
4.305982e+00	4.305982e+00	1.040899e+01	1.009712e+01	9.787864e+00	9.486489e+00
9.198078e+00	8.669434e+00	8.178439e+00	7.739762e+00	7.324036e+00	6.937614e+00
6.582782e+00	6.260180e+00	5.967722e+00	5.701778e+00	5.457792e+00	5.233975e+00
5.030620e+00	4.846802e+00	4.679748e+00	4.515726e+00	4.342371e+00	4.256527e+00
4.182432e+00	4.134440e+00	4.076872e+00	4.059262e+00	4.048674e+00	4.047890e+00
4.046468e+00	4.046191e+00	4.046188e+00	4.046213e+00	1.062378e+01	1.028207e+01
9.944517e+00	9.615760e+00	9.299811e+00	8.714294e+00	8.168119e+00	7.680129e+00
7.229678e+00	6.817927e+00	6.444159e+00	6.106419e+00	5.801082e+00	5.523332e+00
5.267839e+00	5.031912e+00	4.816182e+00	4.618552e+00	4.436266e+00	4.258765e+00
4.078185e+00	3.991146e+00	3.914713e+00	3.863315e+00	3.803817e+00	3.786819e+00
3.775898e+00	3.774920e+00	3.773592e+00	3.773384e+00	3.773236e+00	3.773291e+00
1.081717e+01	1.044031e+01	1.006931e+01	9.709636e+00	9.364648e+00	8.720458e+00
8.146101e+00	7.613603e+00	7.130805e+00	6.694094e+00	6.301537e+00	5.949110e+00
5.631517e+00	5.342366e+00	5.074287e+00	4.823212e+00	4.590973e+00	4.377156e+00
4.180624e+00	3.993213e+00	3.809227e+00	3.721436e+00	3.640507e+00	3.582598e+00
3.522481e+00	3.506406e+00	3.495009e+00	3.493844e+00	3.492601e+00	3.492413e+00
3.492247e+00	3.492261e+00	1.098710e+01	1.057382e+01	1.016860e+01	9.778426e+00
9.406322e+00	8.714038e+00	8.091584e+00	7.526858e+00	7.016753e+00	6.558058e+00
6.148970e+00	5.783764e+00	5.455231e+00	5.155206e+00	4.873641e+00	4.604911e+00
4.352573e+00	4.120194e+00	3.909430e+00	3.714195e+00	3.529753e+00	3.441795e+00
3.354508e+00	3.287072e+00	3.227250e+00	3.212501e+00	3.200475e+00	3.199092e+00
3.197943e+00	3.197743e+00	3.197655e+00	3.197568e+00	1.116516e+01	1.070628e+01
1.025881e+01	9.832571e+00	9.428814e+00	8.694539e+00	8.028608e+00	7.433629e+00
6.901122e+00	6.424780e+00	6.000256e+00	5.620860e+00	5.278796e+00	4.965568e+00
4.670708e+00	4.388299e+00	4.121978e+00	3.876460e+00	3.653329e+00	3.447727e+00
3.256278e+00	3.165579e+00	3.074723e+00	3.003964e+00	2.943340e+00	2.928763e+00
2.916480e+00	2.915030e+00	2.913894e+00	2.913696e+00	2.913624e+00	2.913493e+00
1.134550e+01	1.083566e+01	1.034221e+01	9.878600e+00	9.444575e+00	8.656653e+00
7.955759e+00	7.334774e+00	6.784056e+00	6.293275e+00	5.854487e+00	5.460640e+00
5.104079e+00	4.776796e+00	4.469222e+00	4.175843e+00	3.899330e+00	3.644031e+00
3.410200e+00	3.193752e+00	2.992674e+00	2.898196e+00	2.805514e+00	2.734788e+00
2.672982e+00	2.658034e+00	2.645721e+00	2.644283e+00	2.643123e+00	2.642932e+00
2.642849e+00	2.642706e+00	1.151743e+01	1.095898e+01	1.042206e+01	9.923673e+00
9.461546e+00	8.624774e+00	7.890833e+00	7.245019e+00	6.676501e+00	6.171627e+00
5.719121e+00	5.311527e+00	4.941484e+00	4.601455e+00	4.282668e+00	3.979894e+00
3.694751e+00	3.430595e+00	3.187047e+00	2.960527e+00	2.750413e+00	2.652468e+00
2.558413e+00	2.488038e+00	2.424710e+00	2.409407e+00	2.397103e+00	2.395670e+00
2.394479e+00	2.394307e+00	2.394195e+00	2.394078e+00	1.167767e+01	1.107404e+01
1.049703e+01	9.967177e+00	9.479888e+00	8.598789e+00	7.834181e+00	7.164770e+00
6.578802e+00	6.060110e+00	5.594371e+00	5.173665e+00	4.791082e+00	4.439519e+00
4.110889e+00	3.800109e+00	3.507646e+00	3.235179e+00	2.982460e+00	2.746136e+00
2.527116e+00	2.425852e+00	2.330846e+00	2.261191e+00	2.195820e+00	2.180134e+00
2.167865e+00	2.166428e+00	2.165194e+00	2.165056e+00	2.164897e+00	2.164845e+00
1.183494e+01	1.118890e+01	1.057468e+01	1.001621e+01	9.505733e+00	8.589904e+00
7.792824e+00	7.101597e+00	6.498777e+00	5.966407e+00	5.487841e+00	5.054576e+00
4.660104e+00	4.297727e+00	3.959909e+00	3.641670e+00	3.342577e+00	3.062960e+00
2.802655e+00	2.558395e+00	2.331250e+00	2.226176e+00	2.128517e+00	2.057618e+00
1.990438e+00	1.974492e+00	1.962173e+00	1.960723e+00	1.959454e+00	1.959328e+00
1.959154e+00	1.959183e+00	1.199067e+01	1.130531e+01	1.065708e+01	1.007338e+01
9.543127e+00	8.588938e+00	7.770091e+00	7.057797e+00	6.438658e+00	5.893046e+00
5.402163e+00	4.957018e+00	4.551361e+00	4.178842e+00	3.832325e+00	3.506902e+00
3.201526e+00	2.915572e+00	2.648791e+00	2.398021e+00	2.163196e+00	2.053800e+00
1.951956e+00	1.878057e+00	1.809082e+00	1.792908e+00	1.780408e+00	1.778930e+00
1.777634e+00	1.777502e+00	1.777333e+00	1.777436e+00	1.214806e+01	1.142659e+01
1.074749e+01	1.014185e+01	9.594597e+00	8.609028e+00	7.764465e+00	7.037253e+00
6.405122e+00	5.846536e+00	5.343849e+00	4.887632e+00	4.471597e+00	4.089578e+00
3.734644e+00	3.402013e+00	3.090238e+00	2.798211e+00	2.525323e+00	2.268625e+00
2.025977e+00	1.911714e+00	1.804546e+00	1.726377e+00	1.655104e+00	1.638529e+00
1.625622e+00	1.624093e+00	1.622766e+00	1.622614e+00	1.622455e+00	1.622583e+00
1.230722e+01	1.155251e+01	1.084563e+01	1.022100e+01	9.659747e+00	8.647470e+00
7.783436e+00	7.044179e+00	6.401960e+00	5.830095e+00	5.315029e+00	4.847142e+00
4.420096e+00	4.027625e+00	3.662943e+00	3.324589e+00	3.007181e+00	2.709669e+00
2.431072e+00	2.168554e+00	1.917932e+00	1.798573e+00	1.685803e+00	1.603044e+00
1.528714e+00	1.511455e+00	1.497920e+00	1.496318e+00	1.494931e+00	1.494762e+00
1.494612e+00	1.494699e+00	1.246955e+01	1.168427e+01	1.095207e+01	1.031068e+01
9.737419e+00	8.701852e+00	7.819370e+00	7.063076e+00	6.407238e+00	5.831059e+00
5.311596e+00	4.839449e+00	4.408344e+00	4.011991e+00	3.643372e+00	3.294029e+00
2.966645e+00	2.660190e+00	2.373002e+00	2.100950e+00	1.839842e+00	1.714619e+00
1.595591e+00	1.507635e+00	1.428694e+00	1.410248e+00	1.395723e+00	1.394006e+00
1.392533e+00	1.392349e+00	1.392195e+00	1.392172e+00	1.263351e+01	1.182202e+01
1.106857e+01	1.041411e+01	9.832115e+00	8.779744e+00	7.885769e+00	7.121565e+00
6.459228e+00	5.874168e+00	5.346056e+00	4.865474e+00	4.426008e+00	4.021002e+00
3.643178e+00	3.287554e+00	2.953258e+00	2.639879e+00	2.345608e+00	2.064927e+00
1.792504e+00	1.660041e+00	1.533422e+00	1.439062e+00	1.353619e+00	1.333421e+00
1.317468e+00	1.315586e+00	1.313995e+00	1.313794e+00	1.313624e+00	1.313464e+00
1.279014e+01	1.195814e+01	1.118859e+01	1.052530e+01	9.938062e+00	8.874517e+00
7.973388e+00	7.202432e+00	6.533777e+00	5.942464e+00	5.408168e+00	4.921340e+00
4.475289e+00	4.062865e+00	3.676150e+00	3.315519e+00	2.975719e+00	2.656714e+00
2.356596e+00	2.068984e+00	1.781503e+00	1.635774e+00	1.494522e+00	1.391553e+00
1.297660e+00	1.275033e+00	1.257008e+00	1.254899e+00	1.253153e+00	1.252924e+00
1.252740e+00	1.252509e+00	1.294024e+01	1.209201e+01	1.131037e+01	1.064177e+01
1.005239e+01	8.983283e+00	8.079975e+00	7.305233e+00	6.632375e+00	6.036763e+00
5.498475e+00	5.007851e+00	4.557950e+00	4.141355e+00	3.749659e+00	3.378692e+00
3.027342e+00	2.696294e+00	2.383327e+00	2.079689e+00	1.775312e+00	1.620571e+00
1.468174e+00	1.355700e+00	1.251992e+00	1.226694e+00	1.206403e+00	1.204033e+00
1.202094e+00	1.201833e+00	1.201633e+00	1.201402e+00	1.307508e+01	1.221754e+01
1.142980e+01	1.076044e+01	1.017251e+01	9.103072e+00	8.200229e+00	7.422924e+00
6.746219e+00	6.146307e+00	5.603972e+00	5.109433e+00	4.655404e+00	4.233996e+00
3.836125e+00	3.456137e+00	3.094232e+00	2.751636e+00	2.425707e+00	2.104700e+00
1.783375e+00	1.623970e+00	1.465713e+00	1.336089e+00	1.217031e+00	1.188289e+00
1.165025e+00	1.162266e+00	1.160038e+00	1.159752e+00	1.159501e+00	1.159473e+00
1.319372e+01	1.233326e+01	1.154562e+01	1.088100e+01	1.029949e+01	9.238387e+00
8.341659e+00	7.565286e+00	6.886770e+00	6.283957e+00	5.738864e+00	5.241673e+00
4.784747e+00	4.359688e+00	3.956785e+00	3.569902e+00	3.199436e+00	2.846787e+00
2.508989e+00	2.172951e+00	1.828434e+00	1.652373e+00	1.472543e+00	1.325413e+00
1.190687e+00	1.158170e+00	1.131768e+00	1.128572e+00	1.125946e+00	1.125621e+00
1.125329e+00	1.125620e+00	1.330437e+01	1.243907e+01	1.165215e+01	1.099433e+01
1.042222e+01	9.376242e+00	8.489983e+00	7.719163e+00	7.042684e+00	6.439403e+00
5.892008e+00	5.391191e+00	4.929775e+00	4.499838e+00	4.092116e+00	3.700286e+00
3.323578e+00	2.961645e+00	2.610228e+00	2.255810e+00	1.885823e+00	1.692916e+00
1.490548e+00	1.328345e+00	1.169273e+00	1.132728e+00	1.103981e+00	1.100348e+00
1.096794e+00	1.096290e+00	1.096167e+00	1.096909e+00	1.340529e+01	1.253665e+01
1.175237e+01	1.110367e+01	1.054369e+01	9.518756e+00	8.646903e+00	7.885421e+00
7.214032e+00	6.612314e+00	6.063344e+00	5.558692e+00	5.092192e+00	4.657098e+00
4.245411e+00	3.850926e+00	3.470732e+00	3.101019e+00	2.735199e+00	2.360467e+00
1.962999e+00	1.751890e+00	1.527673e+00	1.339798e+00	1.151132e+00	1.110370e+00
1.079705e+00	1.075685e+00	1.071003e+00	1.070257e+00	1.070402e+00	1.071618e+00
1.344431e+01	1.260218e+01	1.183877e+01	1.121023e+01	1.066921e+01	9.672264e+00
8.815513e+00	8.060934e+00	7.390938e+00	6.787872e+00	6.237113e+00	5.730770e+00
5.262624e+00	4.825887e+00	4.412498e+00	4.015830e+00	3.631659e+00	3.253971e+00
2.874240e+00	2.478792e+00	2.051440e+00	1.820255e+00	1.571791e+00	1.356341e+00
1.139432e+00	1.089412e+00	1.057684e+00	1.053923e+00	1.047728e+00	1.046527e+00
1.047293e+00	1.048652e+00	1.345245e+01	1.264072e+01	1.191044e+01	1.131430e+01
1.080177e+01	9.843654e+00	9.002509e+00	8.249963e+00	7.574630e+00	6.965088e+00
6.411801e+00	5.906838e+00	5.442480e+00	5.010061e+00	4.598979e+00	4.200886e+00
3.811712e+00	3.425757e+00	3.033612e+00	2.617913e+00	2.158088e+00	1.904757e+00
1.630082e+00	1.389256e+00	1.131808e+00	1.069686e+00	1.038008e+00	1.035184e+00
1.027101e+00	1.025222e+00	1.026977e+00	1.028158e+00	1.347637e+01	1.268344e+01
1.197164e+01	1.139811e+01	1.090884e+01	9.985687e+00	9.165272e+00	8.424712e+00
7.755343e+00	7.148616e+00	6.597648e+00	6.095086e+00	5.633017e+00	5.202357e+00
4.791839e+00	4.392488e+00	3.999985e+00	3.608129e+00	3.205889e+00	2.771729e+00
2.279545e+00	2.002650e+00	1.697812e+00	1.427721e+00	1.130827e+00	1.054413e+00
1.020338e+00	1.017956e+00	1.008235e+00	1.005806e+00	1.008334e+00	1.009095e+00
1.351342e+01	1.272314e+01	1.202075e+01	1.146467e+01	1.099561e+01	1.010409e+01
9.307344e+00	8.585360e+00	7.930322e+00	7.334061e+00	6.789953e+00	6.291264e+00
5.830862e+00	5.400473e+00	4.989693e+00	4.589839e+00	4.195999e+00	3.800808e+00
3.391041e+00	2.940695e+00	2.417127e+00	2.115748e+00	1.777189e+00	1.473582e+00
1.131298e+00	1.042971e+00	1.004559e+00	1.002193e+00	9.908862e-01	9.880010e-01
9.912995e-01	9.913232e-01	1.353132e+01	1.274724e+01	1.205632e+01	1.151994e+01
1.107276e+01	1.021309e+01	9.440992e+00	8.738061e+00	8.097739e+00	7.512591e+00
6.976671e+00	6.483814e+00	6.027517e+00	5.600038e+00	5.191493e+00	4.793408e+00
4.400296e+00	4.003704e+00	3.588205e+00	3.123043e+00	2.568520e+00	2.242231e+00
1.869066e+00	1.529326e+00	1.139320e+00	1.036141e+00	9.898490e-01	9.872796e-01
9.754511e-01	9.722707e-01	9.753353e-01	9.747937e-01	1.353997e+01	1.276505e+01
1.208600e+01	1.157069e+01	1.114671e+01	1.031947e+01	9.573122e+00	8.890299e+00
8.265588e+00	7.692353e+00	7.165367e+00	6.679153e+00	6.227859e+00	5.804455e+00
5.399867e+00	5.005872e+00	4.616291e+00	4.221246e+00	3.802370e+00	3.322521e+00
2.733594e+00	2.379743e+00	1.969722e+00	1.593480e+00	1.161034e+00	1.041833e+00
9.713207e-01	9.687454e-01	9.654685e-01	9.627345e-01	9.571915e-01	9.601276e-01
1.354062e+01	1.276982e+01	1.210422e+01	1.160998e+01	1.120866e+01	1.041319e+01
9.692648e+00	9.030624e+00	8.422664e+00	7.862823e+00	7.346521e+00	6.868895e+00
6.424664e+00	6.007437e+00	5.608862e+00	5.220954e+00	4.836931e+00	4.445603e+00
4.025767e+00	3.533887e+00	2.912775e+00	2.531636e+00	2.083628e+00	1.667709e+00
1.187575e+00	1.049517e+00	9.568670e-01	9.533840e-01	9.551047e-01	9.526195e-01
9.413135e-01	9.463396e-01	1.353356e+01	1.276969e+01	1.211471e+01	1.163893e+01
1.125775e+01	1.049118e+01	9.794817e+00	9.153183e+00	8.562517e+00	8.017379e+00
7.513679e+00	7.046998e+00	6.612455e+00	6.204071e+00	5.813907e+00	5.434102e+00
5.057477e+00	4.671913e+00	4.254059e+00	3.755199e+00	3.108875e+00	2.703122e+00
2.216931e+00	1.756430e+00	1.216101e+00	1.057918e+00	9.487220e-01	9.429422e-01
9.430722e-01	9.404223e-01	9.290398e-01	9.335566e-01	1.355091e+01	1.278720e+01
1.214131e+01	1.167757e+01	1.130971e+01	1.056313e+01	9.884789e+00	9.259942e+00
8.685038e+00	8.154830e+00	7.665329e+00	7.212181e+00	6.790488e+00	6.394132e+00
6.014842e+00	5.644501e+00	5.276031e+00	4.897331e+00	4.484831e+00	3.988482e+00
3.331644e+00	2.905031e+00	2.374681e+00	1.858651e+00	1.247688e+00	1.069471e+00
9.485168e-01	9.378768e-01	9.304984e-01	9.279207e-01	9.208137e-01	9.226710e-01
1.357728e+01	1.281381e+01	1.216932e+01	1.171405e+01	1.135761e+01	1.062885e+01
9.966959e+00	9.358024e+00	8.798590e+00	8.283582e+00	7.809056e+00	7.370657e+00
6.963380e+00	6.580819e+00	6.214119e+00	5.854754e+00	5.495872e+00	5.125706e+00
4.721138e+00	4.232317e+00	3.572790e+00	3.128230e+00	2.552170e+00	1.974973e+00
1.284205e+00	1.084595e+00	9.483957e-01	9.339231e-01	9.184654e-01	9.159969e-01
9.138464e-01	9.128345e-01	1.357752e+01	1.281555e+01	1.217299e+01	1.173071e+01
1.138904e+01	1.068219e+01	1.003919e+01	9.447767e+00	8.904733e+00	8.405386e+00
7.945981e+00	7.522333e+00	7.129537e+00	6.761195e+00	6.408265e+00	6.062047e+00
5.715623e+00	5.357012e+00	4.962328e+00	4.479310e+00	3.812920e+00	3.352397e+00
2.741028e+00	2.111638e+00	1.334174e+00	1.106559e+00	9.475347e-01	9.284976e-01
9.094022e-01	9.068946e-01	9.064729e-01	9.039797e-01	1.355664e+01	1.280133e+01
1.216854e+01	1.173843e+01	1.140962e+01	1.072476e+01	1.010126e+01	9.527909e+00
9.001601e+00	8.518030e+00	8.073724e+00	7.664763e+00	7.286499e+00	6.932774e+00
6.594686e+00	6.263593e+00	5.932327e+00	5.588281e+00	5.205725e+00	4.727596e+00
4.051621e+00	3.577891e+00	2.943145e+00	2.274487e+00	1.405799e+00	1.142031e+00
9.454331e-01	9.221136e-01	9.024784e-01	8.998708e-01	8.988935e-01	8.962196e-01
1.352902e+01	1.278029e+01	1.215703e+01	1.173700e+01	1.142166e+01	1.075956e+01
1.015570e+01	9.600316e+00	9.090593e+00	8.622636e+00	8.193293e+00	7.798954e+00
7.435298e+00	7.096503e+00	6.773966e+00	6.459203e+00	6.144874e+00	5.817751e+00
5.450219e+00	4.980064e+00	4.297059e+00	3.810816e+00	3.152780e+00	2.446025e+00
1.490426e+00	1.189669e+00	9.470996e-01	9.178111e-01	8.961177e-01	8.935555e-01
8.902002e-01	8.897561e-01	1.349595e+01	1.275350e+01	1.213843e+01	1.173288e+01
1.143041e+01	1.078975e+01	1.020495e+01	9.667142e+00	9.173743e+00	8.721230e+00
8.306779e+00	7.927100e+00	7.578236e+00	7.254754e+00	6.948456e+00	6.651098e+00
6.355252e+00	6.047114e+00	5.697168e+00	5.237744e+00	4.550292e+00	4.052818e+00
3.373068e+00	2.630274e+00	1.589972e+00	1.251055e+00	9.530964e-01	9.143992e-01
8.902297e-01	8.877636e-01	8.811430e-01	8.840596e-01	1.348141e+01	1.274140e+01
1.213116e+01	1.173220e+01	1.144065e+01	1.081621e+01	1.024636e+01	9.723261e+00
9.244452e+00	8.806632e+00	8.407123e+00	8.042735e+00	7.709492e+00	7.402039e+00
7.112401e+00	6.832540e+00	6.555299e+00	6.266951e+00	5.937281e+00	5.495320e+00
4.814680e+00	4.311480e+00	3.612549e+00	2.831811e+00	1.697760e+00	1.316778e+00
9.617432e-01	9.140448e-01	8.841874e-01	8.816083e-01	8.751559e-01	8.789580e-01
1.347778e+01	1.273837e+01	1.213020e+01	1.173784e+01	1.145396e+01	1.083889e+01
1.027936e+01	9.767697e+00	9.301436e+00	8.877426e+00	8.493007e+00	8.144719e+00
7.827801e+00	7.536477e+00	7.263034e+00	6.999780e+00	6.740364e+00	6.472119e+00
6.165742e+00	5.749723e+00	5.090981e+00	4.589643e+00	3.874568e+00	3.053088e+00
1.814762e+00	1.387687e+00	9.784723e-01	9.189796e-01	8.774510e-01	8.744501e-01
8.715655e-01	8.744961e-01	1.347214e+01	1.273110e+01	1.212297e+01	1.173518e+01
1.145597e+01	1.085648e+01	1.031246e+01	9.814214e+00	9.358649e+00	8.942756e+00
8.564575e+00	8.223503e+00	7.919091e+00	7.647270e+00	7.397215e+00	7.157966e+00
6.921169e+00	6.671858e+00	6.380604e+00	5.982349e+00	5.352126e+00	4.868724e+00
4.163408e+00	3.312393e+00	1.949990e+00	1.463203e+00	9.892654e-01	9.219551e-01
8.769042e-01	8.738479e-01	8.696756e-01	8.704078e-01	1.345911e+01	1.271793e+01
1.211393e+01	1.173031e+01	1.145761e+01	1.087390e+01	1.034349e+01	9.855812e+00
9.408713e+00	8.999853e+00	8.627781e+00	8.293731e+00	8.000914e+00	7.746973e+00
7.518988e+00	7.303820e+00	7.090918e+00	6.861375e+00	6.584454e+00	6.203671e+00
5.606211e+00	5.147332e+00	4.465098e+00	3.597670e+00	2.105404e+00	1.548988e+00
9.996196e-01	9.247275e-01	8.774906e-01	8.745020e-01	8.679848e-01	8.668999e-01
1.342884e+01	1.270738e+01	1.211838e+01	1.174631e+01	1.148048e+01	1.089960e+01
1.036903e+01	9.884068e+00	9.443741e+00	9.046721e+00	8.692063e+00	8.377472e+00
8.099879e+00	7.854947e+00	7.635630e+00	7.433834e+00	7.240198e+00	7.034558e+00
6.785099e+00	6.437345e+00	5.874275e+00	5.427044e+00	4.747881e+00	3.869291e+00
2.278261e+00	1.657638e+00	1.025744e+00	9.341302e-01	8.757473e-01	8.722515e-01
8.643505e-01	8.642443e-01	1.342573e+01	1.270862e+01	1.212400e+01	1.175501e+01
1.149216e+01	1.091794e+01	1.039485e+01	9.918349e+00	9.487200e+00	9.099600e+00
8.754155e+00	8.448721e+00	8.180737e+00	7.946716e+00	7.741015e+00	7.556678e+00
7.384524e+00	7.203769e+00	6.982063e+00	6.665129e+00	6.133539e+00	5.700801e+00
5.035061e+00	4.154820e+00	2.477009e+00	1.778079e+00	1.053379e+00	9.484922e-01
8.760097e-01	8.704375e-01	8.621555e-01	8.621664e-01	1.342040e+01	1.270826e+01
1.212741e+01	1.176179e+01	1.150178e+01	1.093410e+01	1.041833e+01	9.949739e+00
9.526621e+00	9.146892e+00	8.808992e+00	8.511374e+00	8.252267e+00	8.028888e+00
7.836211e+00	7.667884e+00	7.515252e+00	7.358065e+00	7.164578e+00	6.880794e+00
6.385407e+00	5.970898e+00	5.323394e+00	4.447156e+00	2.691893e+00	1.912857e+00
1.085927e+00	9.658843e-01	8.765552e-01	8.688359e-01	8.600015e-01	8.601416e-01
1.340708e+01	1.270297e+01	1.212903e+01	1.176763e+01	1.151060e+01	1.094916e+01
1.043920e+01	9.976459e+00	9.559275e+00	9.185899e+00	8.854890e+00	8.564921e+00
8.314421e+00	8.100830e+00	7.919400e+00	7.764313e+00	7.628001e+00	7.491879e+00
7.325995e+00	7.077364e+00	6.624110e+00	6.232229e+00	5.606663e+00	4.739064e+00
2.919319e+00	2.065976e+00	1.126457e+00	9.866160e-01	8.778262e-01	8.677060e-01
8.579767e-01	8.581596e-01	1.339667e+01	1.270146e+01	1.213392e+01	1.177711e+01
1.152312e+01	1.096755e+01	1.046237e+01	1.000405e+01	9.591097e+00	9.222325e+00
8.896654e+00	8.612980e+00	8.369863e+00	8.164872e+00	7.993391e+00	7.850043e+00
7.728458e+00	7.612056e+00	7.472923e+00	7.258930e+00	6.850725e+00	6.485283e+00
5.882907e+00	5.025676e+00	3.161904e+00	2.242871e+00	1.174110e+00	1.009956e+00
8.802487e-01	8.686078e-01	8.574107e-01	8.567202e-01	1.338609e+01	1.270031e+01
1.214100e+01	1.178838e+01	1.153698e+01	1.098670e+01	1.048562e+01	1.003096e+01
9.621456e+00	9.256519e+00	8.935454e+00	8.657357e+00	8.420894e+00	8.223748e+00
8.061414e+00	7.928936e+00	7.821121e+00	7.723409e+00	7.610068e+00	7.430281e+00
7.069107e+00	6.733075e+00	6.157685e+00	5.315461e+00	3.419989e+00	2.439051e+00
1.228799e+00	1.036802e+00	8.838895e-01	8.699818e-01	8.569997e-01	8.554977e-01
1.337211e+01	1.269802e+01	1.214797e+01	1.179912e+01	1.154933e+01	1.100352e+01
1.050621e+01	1.005507e+01	9.649083e+00	9.287870e+00	8.970967e+00	8.697652e+00
8.466780e+00	8.276294e+00	8.122016e+00	7.999513e+00	7.904419e+00	7.823458e+00
7.732851e+00	7.584755e+00	7.270522e+00	6.966718e+00	6.428538e+00	5.613710e+00
3.689010e+00	2.642660e+00	1.292745e+00	1.071567e+00	8.887090e-01	8.702252e-01
8.559202e-01	8.544338e-01	1.335224e+01	1.269330e+01	1.215442e+01	1.180921e+01
1.155997e+01	1.101785e+01	1.052390e+01	1.007599e+01	9.673352e+00	9.315575e+00
9.002305e+00	8.732986e+00	8.506712e+00	8.321772e+00	8.174430e+00	8.060818e+00
7.977151e+00	7.910930e+00	7.840138e+00	7.720966e+00	7.452445e+00	7.182424e+00
6.689287e+00	5.913436e+00	3.966983e+00	2.854929e+00	1.369714e+00	1.118150e+00
8.959251e-01	8.702297e-01	8.541698e-01	8.535302e-01	1.332004e+01	1.268246e+01
1.215561e+01	1.181558e+01	1.156544e+01	1.102665e+01	1.053573e+01	1.009065e+01
9.690877e+00	9.336048e+00	9.025970e+00	8.760212e+00	8.538053e+00	8.358062e+00
8.216817e+00	8.110936e+00	8.037364e+00	7.984748e+00	7.933010e+00	7.842016e+00
7.617549e+00	7.379261e+00	6.927448e+00	6.192627e+00	4.255190e+00	3.087292e+00
1.455483e+00	1.169180e+00	9.046433e-01	8.712315e-01	8.541884e-01	8.526612e-01
1.327486e+01	1.266358e+01	1.215612e+01	1.182050e+01	1.156923e+01	1.103328e+01
1.054503e+01	1.010247e+01	9.705231e+00	9.353025e+00	9.045818e+00	8.783284e+00
8.564862e+00	8.389371e+00	8.253650e+00	8.154759e+00	8.090397e+00	8.050465e+00
8.016897e+00	7.953182e+00	7.771656e+00	7.564259e+00	7.152805e+00	6.461789e+00
4.555131e+00	3.339148e+00	1.551285e+00	1.226045e+00	9.151539e-01	8.744413e-01
8.545715e-01	8.518451e-01	1.322850e+01	1.264482e+01	1.215694e+01	1.182591e+01
1.157301e+01	1.103951e+01	1.055351e+01	1.011320e+01	9.718212e+00	9.368362e+00
9.063757e+00	8.804177e+00	8.589191e+00	8.417816e+00	8.287039e+00	8.194265e+00
8.137900e+00	8.109066e+00	8.091698e+00	8.052992e+00	7.912538e+00	7.735890e+00
7.365926e+00	6.721880e+00	4.860215e+00	3.605206e+00	1.658772e+00	1.290475e+00
9.276268e-01	8.784206e-01	8.551535e-01	8.512682e-01	1.318008e+01	1.262612e+01
1.215847e+01	1.183208e+01	1.157687e+01	1.104542e+01	1.056134e+01	1.012299e+01
9.729969e+00	9.382150e+00	9.079800e+00	8.822826e+00	8.610942e+00	8.443308e+00
8.316873e+00	8.229245e+00	8.179493e+00	8.159958e+00	8.156517e+00	8.139895e+00
8.037733e+00	7.891327e+00	7.563219e+00	6.967834e+00	5.164895e+00	3.884245e+00
1.782195e+00	1.365982e+00	9.436254e-01	8.843234e-01	8.564831e-01	8.509023e-01
1.313399e+01	1.260861e+01	1.216028e+01	1.183810e+01	1.158017e+01	1.104973e+01
1.056653e+01	1.012946e+01	9.738078e+00	9.392398e+00	9.092701e+00	8.838640e+00
8.629456e+00	8.464318e+00	8.341125e+00	8.258329e+00	8.215302e+00	8.204629e+00
8.213820e+00	8.219222e+00	8.152078e+00	8.029376e+00	7.740533e+00	7.202659e+00
5.477868e+00	4.166544e+00	1.918165e+00	1.452437e+00	9.622717e-01	8.909158e-01
8.595638e-01	8.505491e-01	1.308977e+01	1.259134e+01	1.216116e+01	1.184277e+01
1.158213e+01	1.105216e+01	1.056935e+01	1.013331e+01	9.743478e+00	9.399808e+00
9.102455e+00	8.850901e+00	8.644148e+00	8.481372e+00	8.361153e+00	8.282631e+00
8.245467e+00	8.242469e+00	8.262565e+00	8.286995e+00	8.252429e+00	8.153651e+00
7.903338e+00	7.417152e+00	5.776755e+00	4.463612e+00	2.071891e+00	1.548429e+00
9.841541e-01	9.002140e-01	8.619006e-01	8.501498e-01	1.304773e+01	1.257352e+01
1.215969e+01	1.184538e+01	1.158277e+01	1.105318e+01	1.057065e+01	1.013569e+01
9.747533e+00	9.405640e+00	9.109738e+00	8.859648e+00	8.655134e+00	8.495656e+00
8.379042e+00	8.303964e+00	8.270712e+00	8.273386e+00	8.302279e+00	8.339560e+00
8.335563e+00	8.269352e+00	8.060472e+00	7.602783e+00	6.032402e+00	4.796647e+00
2.252328e+00	1.649124e+00	1.009716e+00	9.175791e-01	8.584674e-01	8.496745e-01
1.301623e+01	1.256155e+01	1.216099e+01	1.184969e+01	1.158545e+01	1.105651e+01
1.057459e+01	1.014060e+01	9.753660e+00	9.413182e+00	9.118751e+00	8.870215e+00
8.667412e+00	8.509867e+00	8.395596e+00	8.323500e+00	8.294237e+00	8.302469e+00
8.339611e+00	8.390214e+00	8.410705e+00	8.366677e+00	8.196350e+00	7.790444e+00
6.308886e+00	5.099959e+00	2.450539e+00	1.771633e+00	1.041053e+00	9.321775e-01
8.608830e-01	8.495138e-01	1.298979e+01	1.255197e+01	1.216288e+01	1.185417e+01
1.158855e+01	1.106043e+01	1.057929e+01	1.014611e+01	9.760096e+00	9.420664e+00
9.127416e+00	8.880192e+00	8.678823e+00	8.522864e+00	8.410586e+00	8.341117e+00
8.315410e+00	8.328577e+00	8.373021e+00	8.435708e+00	8.477781e+00	8.453048e+00
8.318784e+00	7.966142e+00	6.580988e+00	5.401388e+00	2.666549e+00	1.908667e+00
1.077212e+00	9.488475e-01	8.642182e-01	8.494093e-01	1.296743e+01	1.254402e+01
1.216459e+01	1.185785e+01	1.159090e+01	1.106380e+01	1.058369e+01	1.015127e+01
9.765954e+00	9.427208e+00	9.134784e+00	8.888560e+00	8.688408e+00	8.533888e+00
8.423389e+00	8.356172e+00	8.333436e+00	8.350723e+00	8.401303e+00	8.474279e+00
8.535128e+00	8.527529e+00	8.425858e+00	8.122416e+00	6.836790e+00	5.700106e+00
2.900219e+00	2.060568e+00	1.119867e+00	9.700456e-01	8.679230e-01	8.493255e-01
1.294481e+01	1.253431e+01	1.216373e+01	1.185872e+01	1.159066e+01	1.106466e+01
1.058573e+01	1.015409e+01	9.769314e+00	9.431036e+00	9.139217e+00	8.893804e+00
8.694733e+00	8.541580e+00	8.432692e+00	8.367338e+00	8.346985e+00	8.367708e+00
8.423696e+00	8.505653e+00	8.581842e+00	8.588497e+00	8.517190e+00	8.263182e+00
7.075156e+00	5.984690e+00	3.151813e+00	2.231402e+00	1.169472e+00	9.952795e-01
8.724381e-01	8.490824e-01	1.292354e+01	1.252484e+01	1.216242e+01	1.185934e+01
1.159029e+01	1.106528e+01	1.058738e+01	1.015643e+01	9.772125e+00	9.434248e+00
9.142959e+00	8.898265e+00	8.700137e+00	8.548155e+00	8.440687e+00	8.377046e+00
8.358893e+00	8.382670e+00	8.443320e+00	8.533228e+00	8.623766e+00	8.643703e+00
8.599523e+00	8.390538e+00	7.305725e+00	6.270199e+00	3.418948e+00	2.418104e+00
1.225830e+00	1.024980e+00	8.778459e-01	8.488149e-01	1.290685e+01	1.251884e+01
1.216296e+01	1.186122e+01	1.159098e+01	1.106697e+01	1.059002e+01	1.015973e+01
9.775903e+00	9.438507e+00	9.147845e+00	8.903872e+00	8.706364e+00	8.554907e+00
8.448424e+00	8.386654e+00	8.371058e+00	8.397491e+00	8.460937e+00	8.556902e+00
8.663939e+00	8.698380e+00	8.671436e+00	8.488788e+00	7.531373e+00	6.578539e+00
3.686494e+00	2.611000e+00	1.291043e+00	1.062876e+00	8.851020e-01	8.487969e-01
1.289364e+01	1.251484e+01	1.216562e+01	1.186506e+01	1.159380e+01	1.107011e+01
1.059350e+01	1.016368e+01	9.780282e+00	9.443412e+00	9.153426e+00	8.910109e+00
8.712861e+00	8.561371e+00	8.455511e+00	8.395615e+00	8.382691e+00	8.411339e+00
8.476200e+00	8.576708e+00	8.700597e+00	8.749698e+00	8.732724e+00	8.564836e+00
7.745198e+00	6.899507e+00	3.953258e+00	2.811472e+00	1.368535e+00	1.112996e+00
8.950650e-01	8.488791e-01	1.287860e+01	1.250934e+01	1.216610e+01	1.186680e+01
1.159478e+01	1.107153e+01	1.059526e+01	1.016582e+01	9.782809e+00	9.446143e+00
9.156536e+00	8.913682e+00	8.716897e+00	8.565947e+00	8.461045e+00	8.403136e+00
8.392005e+00	8.422373e+00	8.488100e+00	8.592475e+00	8.728070e+00	8.789170e+00
8.786697e+00	8.639747e+00	7.925838e+00	7.178662e+00	4.240853e+00	3.034602e+00
1.455328e+00	1.167706e+00	9.042988e-01	8.488690e-01	1.286384e+01	1.250350e+01
1.216628e+01	1.186797e+01	1.159537e+01	1.107251e+01	1.059649e+01	1.016736e+01
9.784689e+00	9.448135e+00	9.158804e+00	8.916323e+00	8.719997e+00	8.569694e+00
8.465762e+00	8.409634e+00	8.399899e+00	8.431750e+00	8.498375e+00	8.606289e+00
8.751084e+00	8.822438e+00	8.835471e+00	8.712482e+00	8.088726e+00	7.434782e+00
4.547178e+00	3.280314e+00	1.552408e+00	1.227968e+00	9.135887e-01	8.488232e-01
1.286045e+01	1.250271e+01	1.216737e+01	1.186988e+01	1.159601e+01	1.107252e+01
1.059650e+01	1.016754e+01	9.785120e+00	9.449611e+00	9.160992e+00	8.919109e+00
8.723431e+00	8.573732e+00	8.469607e+00	8.411240e+00	8.401417e+00	8.435828e+00
8.511556e+00	8.625894e+00	8.772300e+00	8.843779e+00	8.874050e+00	8.788965e+00
8.243786e+00	7.628117e+00	4.866445e+00	3.556846e+00	1.660268e+00	1.290882e+00
9.252174e-01	8.487684e-01	1.286557e+01	1.250977e+01	1.217402e+01	1.187358e+01
1.159673e+01	1.107066e+01	1.059405e+01	1.016579e+01	9.784870e+00	9.450595e+00
9.163080e+00	8.922118e+00	8.727403e+00	8.578249e+00	8.472535e+00	8.410620e+00
8.397060e+00	8.436977e+00	8.530442e+00	8.658288e+00	8.791678e+00	8.855570e+00
8.902448e+00	8.872349e+00	8.389799e+00	7.758122e+00	5.197561e+00	3.876521e+00
1.781773e+00	1.355606e+00	9.412213e-01	8.486909e-01	1.286478e+01	1.251074e+01
1.217712e+01	1.187649e+01	1.159795e+01	1.107088e+01	1.059414e+01	1.016608e+01
9.785597e+00	9.452362e+00	9.165644e+00	8.925267e+00	8.731103e+00	8.582299e+00
8.475918e+00	8.411875e+00	8.397746e+00	8.440249e+00	8.542328e+00	8.675766e+00
8.808952e+00	8.871578e+00	8.930527e+00	8.930879e+00	8.517487e+00	7.918689e+00
5.512247e+00	4.181164e+00	1.926749e+00	1.437068e+00	9.600719e-01	8.487345e-01
1.285378e+01	1.250674e+01	1.217711e+01	1.187754e+01	1.159951e+01	1.107339e+01
1.059670e+01	1.016860e+01	9.788099e+00	9.454448e+00	9.167393e+00	8.926920e+00
8.732877e+00	8.584569e+00	8.479726e+00	8.417983e+00	8.405404e+00	8.447854e+00
8.545848e+00	8.679482e+00	8.819784e+00	8.891501e+00	8.959568e+00	8.973399e+00
8.625075e+00	8.099690e+00	5.811003e+00	4.472365e+00	2.097033e+00	1.537504e+00
9.824412e-01	8.488505e-01	1.282548e+01	1.249027e+01	1.216999e+01	1.187596e+01
1.160064e+01	1.107730e+01	1.060085e+01	1.017197e+01	9.790348e+00	9.455614e+00
9.167690e+00	8.926660e+00	8.732478e+00	8.585042e+00	8.483459e+00	8.427640e+00
8.419927e+00	8.457923e+00	8.538795e+00	8.663443e+00	8.823444e+00	8.909957e+00
8.989205e+00	9.011013e+00	8.713874e+00	8.257644e+00	6.103731e+00	4.769763e+00
2.283620e+00	1.651170e+00	1.008647e+00	8.488707e-01	1.282219e+01	1.249012e+01
1.217212e+01	1.187858e+01	1.160288e+01	1.107974e+01	1.060312e+01	1.017427e+01
9.792634e+00	9.457887e+00	9.170069e+00	8.929355e+00	8.735408e+00	8.588248e+00
8.487055e+00	8.431425e+00	8.424010e+00	8.462491e+00	8.543917e+00	8.670492e+00
8.834219e+00	8.923921e+00	9.009206e+00	9.043144e+00	8.799665e+00	8.398492e+00
6.386101e+00	5.073383e+00	2.486456e+00	1.793794e+00	1.039581e+00	8.488519e-01
1.281936e+01	1.248964e+01	1.217290e+01	1.187960e+01	1.160350e+01	1.108086e+01
1.060523e+01	1.017674e+01	9.795126e+00	9.460188e+00	9.172065e+00	8.930787e+00
8.736674e+00	8.589511e+00	8.488313e+00	8.433349e+00	8.426750e+00	8.466196e+00
8.549495e+00	8.676635e+00	8.842565e+00	8.935514e+00	9.025765e+00	9.070009e+00
8.878265e+00	8.521331e+00	6.653795e+00	5.383401e+00	2.706955e+00	1.948550e+00
1.075498e+00	8.488520e-01	1.281605e+01	1.248713e+01	1.217132e+01	1.187812e+01
1.160212e+01	1.108124e+01	1.060737e+01	1.017972e+01	9.797930e+00	9.462200e+00
9.173058e+00	8.930932e+00	8.736223e+00	8.589100e+00	8.488455e+00	8.434275e+00
8.428843e+00	8.469518e+00	8.553478e+00	8.679522e+00	8.846882e+00	8.945077e+00
9.039760e+00	9.091739e+00	8.948368e+00	8.625203e+00	6.901801e+00	5.697483e+00
2.946456e+00	2.109759e+00	1.118077e+00	8.489345e-01	