4.119080e-02	4.347701e-02	4.582370e-02	4.825206e-02	5.075324e-02	5.593069e-02
6.132482e-02	6.684000e-02	7.239408e-02	7.790319e-02	8.322997e-02	8.829994e-02
9.303908e-02	9.750141e-02	1.018858e-01	1.064390e-01	1.111713e-01	1.161758e-01
1.216641e-01	1.283339e-01	1.362412e-01	1.390595e-01	1.377658e-01	1.340099e-01
1.401757e-01	1.468050e-01	1.487771e-01	1.485111e-01	1.488440e-01	1.488578e-01
1.488003e-01	1.619374e-01	4.856998e-02	5.117087e-02	5.383672e-02	5.659144e-02
5.942527e-02	6.528237e-02	7.137370e-02	7.759496e-02	8.385719e-02	9.006982e-02
9.608467e-02	1.018215e-01	1.072006e-01	1.122809e-01	1.172784e-01	1.224601e-01
1.278350e-01	1.335018e-01	1.396922e-01	1.471801e-01	1.560487e-01	1.592730e-01
1.580534e-01	1.541153e-01	1.609004e-01	1.680769e-01	1.702186e-01	1.699346e-01
1.702980e-01	1.703146e-01	1.702541e-01	1.841827e-01	5.727112e-02	6.022628e-02
6.325095e-02	6.637212e-02	6.957907e-02	7.619767e-02	8.306922e-02	9.008045e-02
9.713541e-02	1.041366e-01	1.109248e-01	1.174137e-01	1.235177e-01	1.293006e-01
1.349966e-01	1.408927e-01	1.469964e-01	1.534117e-01	1.603918e-01	1.687939e-01
1.787360e-01	1.824247e-01	1.813286e-01	1.772371e-01	1.846892e-01	1.924311e-01
1.947502e-01	1.944486e-01	1.948444e-01	1.948644e-01	1.948012e-01	2.094839e-01
6.753103e-02	7.088417e-02	7.431142e-02	7.784319e-02	8.146781e-02	8.893802e-02
9.668120e-02	1.045749e-01	1.125162e-01	1.204003e-01	1.280569e-01	1.353935e-01
1.423184e-01	1.489002e-01	1.553915e-01	1.620998e-01	1.690299e-01	1.762908e-01
1.841587e-01	1.935817e-01	2.047216e-01	2.089417e-01	2.080314e-01	2.038279e-01
2.119952e-01	2.203142e-01	2.228174e-01	2.224989e-01	2.229288e-01	2.229528e-01
2.228874e-01	2.382606e-01	7.962897e-02	8.342813e-02	8.730599e-02	9.129680e-02
9.538794e-02	1.038086e-01	1.125237e-01	1.214017e-01	1.303323e-01	1.392039e-01
1.478350e-01	1.561266e-01	1.639807e-01	1.714708e-01	1.788676e-01	1.864990e-01
1.943661e-01	2.025821e-01	2.114473e-01	2.220096e-01	2.344853e-01	2.393131e-01
2.386664e-01	2.344080e-01	2.433383e-01	2.522376e-01	2.549295e-01	2.545956e-01
2.550612e-01	2.550899e-01	2.550231e-01	2.709904e-01	9.389422e-02	9.819191e-02
1.025729e-01	1.070756e-01	1.116866e-01	1.211655e-01	1.309622e-01	1.409359e-01
1.509696e-01	1.609443e-01	1.706679e-01	1.800347e-01	1.889403e-01	1.974627e-01
2.058905e-01	2.145708e-01	2.235000e-01	2.327943e-01	2.427796e-01	2.546123e-01
2.685761e-01	2.740993e-01	2.738128e-01	2.695761e-01	2.793154e-01	2.887866e-01
2.916695e-01	2.913225e-01	2.918251e-01	2.918595e-01	2.917920e-01	3.082164e-01
1.107150e-01	1.155684e-01	1.205094e-01	1.255814e-01	1.307701e-01	1.414245e-01
1.524221e-01	1.636133e-01	1.748746e-01	1.860799e-01	1.970272e-01	2.076038e-01
2.176990e-01	2.273945e-01	2.369959e-01	2.468679e-01	2.570008e-01	2.675123e-01
2.787546e-01	2.920027e-01	3.076233e-01	3.139420e-01	3.141350e-01	3.100204e-01
3.206117e-01	3.306316e-01	3.337045e-01	3.333474e-01	3.338881e-01	3.339291e-01
3.338622e-01	3.505560e-01	1.305492e-01	1.360198e-01	1.415825e-01	1.472856e-01
1.531143e-01	1.650709e-01	1.773984e-01	1.899397e-01	2.025648e-01	2.151412e-01
2.274577e-01	2.393946e-01	2.508351e-01	2.618634e-01	2.728006e-01	2.840263e-01
2.955230e-01	3.074080e-01	3.200605e-01	3.348840e-01	3.523473e-01	3.595762e-01
3.603950e-01	3.565325e-01	3.680136e-01	3.785399e-01	3.817975e-01	3.814346e-01
3.820139e-01	3.820627e-01	3.819981e-01	3.987118e-01	1.539367e-01	1.600904e-01
1.663405e-01	1.727409e-01	1.792764e-01	1.926710e-01	2.064675e-01	2.205021e-01
2.346396e-01	2.487411e-01	2.625881e-01	2.760537e-01	2.890149e-01	3.015571e-01
3.140146e-01	3.267778e-01	3.398195e-01	3.532535e-01	3.674871e-01	3.840626e-01
4.035736e-01	4.118437e-01	4.134674e-01	4.100228e-01	4.224237e-01	4.333900e-01
4.368216e-01	4.364587e-01	4.370765e-01	4.371345e-01	4.370742e-01	4.534828e-01
1.815138e-01	1.884207e-01	1.954279e-01	2.025957e-01	2.099088e-01	2.248858e-01
2.402999e-01	2.559822e-01	2.717932e-01	2.875886e-01	3.031443e-01	3.183264e-01
3.330060e-01	3.472677e-01	3.614552e-01	3.759643e-01	3.907555e-01	4.059362e-01
4.219413e-01	4.404631e-01	4.622475e-01	4.717087e-01	4.743553e-01	4.715383e-01
4.848783e-01	4.961879e-01	4.997756e-01	4.994203e-01	5.000756e-01	5.001446e-01
5.000910e-01	5.157776e-01	2.140314e-01	2.217644e-01	2.296016e-01	2.376102e-01
2.457752e-01	2.624870e-01	2.796762e-01	2.971713e-01	3.148298e-01	3.325031e-01
3.499643e-01	3.670725e-01	3.836930e-01	3.999073e-01	4.160629e-01	4.325542e-01
4.493265e-01	4.664759e-01	4.844645e-01	5.051462e-01	5.294518e-01	5.402756e-01
5.442096e-01	5.422828e-01	5.565666e-01	5.680851e-01	5.718025e-01	5.714644e-01
5.721553e-01	5.722371e-01	5.721936e-01	5.866299e-01	2.523744e-01	2.610087e-01
2.697512e-01	2.786763e-01	2.877700e-01	3.063752e-01	3.255048e-01	3.449879e-01
3.646810e-01	3.844322e-01	4.040157e-01	4.232832e-01	4.420951e-01	4.605260e-01
4.789206e-01	4.976621e-01	5.166768e-01	5.360441e-01	5.562525e-01	5.793281e-01
6.064265e-01	6.188093e-01	6.243509e-01	6.236411e-01	6.388540e-01	6.504002e-01
6.542099e-01	6.539014e-01	6.546244e-01	6.547213e-01	6.546918e-01	6.672152e-01
2.975863e-01	3.071979e-01	3.169217e-01	3.268398e-01	3.369403e-01	3.576016e-01
3.788431e-01	4.004985e-01	4.224257e-01	4.444714e-01	4.664151e-01	4.881015e-01
5.093867e-01	5.303334e-01	5.512747e-01	5.725700e-01	5.941224e-01	6.159875e-01
6.386780e-01	6.644039e-01	6.945924e-01	7.087586e-01	7.162938e-01	7.172056e-01
7.333074e-01	7.446427e-01	7.484936e-01	7.482303e-01	7.489804e-01	7.490951e-01
7.490845e-01	7.588704e-01	3.508978e-01	3.615609e-01	3.723406e-01	3.833275e-01
3.945121e-01	4.173930e-01	4.409215e-01	4.649411e-01	4.893140e-01	5.138872e-01
5.384520e-01	5.628456e-01	5.869207e-01	6.107223e-01	6.345598e-01	6.587529e-01
6.831764e-01	7.078532e-01	7.333173e-01	7.619732e-01	7.955763e-01	8.117827e-01
8.217764e-01	8.248074e-01	8.417255e-01	8.525409e-01	8.563654e-01	8.561667e-01
8.569367e-01	8.570722e-01	8.570867e-01	8.631163e-01	4.137599e-01	4.255442e-01
4.374505e-01	4.495778e-01	4.619211e-01	4.871817e-01	5.131723e-01	5.397529e-01
5.667936e-01	5.941442e-01	6.216149e-01	6.490355e-01	6.762562e-01	7.032968e-01
7.304275e-01	7.579081e-01	7.855788e-01	8.134195e-01	8.419802e-01	8.738709e-01
9.112418e-01	9.297823e-01	9.427926e-01	9.485527e-01	9.661731e-01	9.760734e-01
9.797835e-01	9.796735e-01	9.804535e-01	9.806135e-01	9.806605e-01	9.816825e-01
4.884175e-01	5.013362e-01	5.143847e-01	5.276710e-01	5.411966e-01	5.689063e-01
5.974582e-01	6.267423e-01	6.566455e-01	6.870253e-01	7.177278e-01	7.485745e-01
7.794175e-01	8.102371e-01	8.412342e-01	8.725664e-01	9.040298e-01	9.355388e-01
9.676471e-01	1.003169e+00	1.044750e+00	1.066042e+00	1.082971e+00	1.092489e+00
1.110524e+00	1.118772e+00	1.122185e+00	1.122203e+00	1.122977e+00	1.123165e+00
1.123276e+00	1.116765e+00	5.760860e-01	5.902094e-01	6.044726e-01	6.189927e-01
6.337794e-01	6.641124e-01	6.954213e-01	7.276328e-01	7.606534e-01	7.943504e-01
8.286124e-01	8.632523e-01	8.981240e-01	9.331581e-01	9.684674e-01	1.004085e+00
1.039754e+00	1.075313e+00	1.111313e+00	1.150787e+00	1.196960e+00	1.221344e+00
1.242867e+00	1.256900e+00	1.275179e+00	1.281274e+00	1.284283e+00	1.284461e+00
1.285213e+00	1.285434e+00	1.285608e+00	1.270245e+00	6.762698e-01	6.919350e-01
7.077476e-01	7.238313e-01	7.402032e-01	7.737886e-01	8.084517e-01	8.441390e-01
8.807542e-01	9.181686e-01	9.562788e-01	9.948957e-01	1.033858e+00	1.073059e+00
1.112557e+00	1.152322e+00	1.192045e+00	1.231524e+00	1.271333e+00	1.314791e+00
1.365709e+00	1.393172e+00	1.418898e+00	1.436879e+00	1.455838e+00	1.460405e+00
1.463247e+00	1.463573e+00	1.464298e+00	1.464571e+00	1.464668e+00	1.444104e+00
7.898103e-01	8.074784e-01	8.252970e-01	8.433921e-01	8.617867e-01	8.994621e-01
9.382580e-01	9.781100e-01	1.018886e+00	1.060449e+00	1.102654e+00	1.145319e+00
1.188250e+00	1.231329e+00	1.274623e+00	1.318138e+00	1.361519e+00	1.404572e+00
1.447930e+00	1.495278e+00	1.550981e+00	1.581366e+00	1.610526e+00	1.631446e+00
1.651699e+00	1.655730e+00	1.658748e+00	1.659198e+00	1.659893e+00	1.660230e+00
1.660097e+00	1.639763e+00	9.177565e-01	9.377978e-01	9.579839e-01	9.784319e-01
9.991767e-01	1.041554e+00	1.085021e+00	1.129478e+00	1.174751e+00	1.220673e+00
1.267034e+00	1.313647e+00	1.360287e+00	1.406847e+00	1.453481e+00	1.500279e+00
1.546885e+00	1.593127e+00	1.639727e+00	1.690747e+00	1.751006e+00	1.784041e+00
1.815940e+00	1.838971e+00	1.860837e+00	1.864997e+00	1.868399e+00	1.868933e+00
1.869608e+00	1.869914e+00	1.869743e+00	1.852921e+00	1.062443e+00	1.085286e+00
1.108258e+00	1.131456e+00	1.154932e+00	1.202721e+00	1.251483e+00	1.301054e+00
1.351209e+00	1.401721e+00	1.452297e+00	1.502732e+00	1.552779e+00	1.602372e+00
1.651833e+00	1.701404e+00	1.750771e+00	1.799796e+00	1.849326e+00	1.903807e+00
1.968424e+00	2.003857e+00	2.037825e+00	2.062167e+00	2.085983e+00	2.090938e+00
2.094942e+00	2.095526e+00	2.096187e+00	2.096386e+00	2.096310e+00	2.086542e+00
1.225132e+00	1.251115e+00	1.277196e+00	1.303448e+00	1.329931e+00	1.383623e+00
1.438075e+00	1.493037e+00	1.548214e+00	1.603294e+00	1.657906e+00	1.711803e+00
1.764738e+00	1.816717e+00	1.868310e+00	1.919994e+00	1.971521e+00	2.022814e+00
2.074860e+00	2.132414e+00	2.200874e+00	2.238279e+00	2.273584e+00	2.298476e+00
2.324318e+00	2.330514e+00	2.335216e+00	2.335817e+00	2.336461e+00	2.336546e+00
2.336598e+00	2.335157e+00	1.405864e+00	1.435353e+00	1.464883e+00	1.494509e+00
1.524279e+00	1.584348e+00	1.644831e+00	1.705365e+00	1.765560e+00	1.824986e+00
1.883214e+00	1.939915e+00	1.994883e+00	2.048245e+00	2.100920e+00	2.153740e+00
2.206548e+00	2.259354e+00	2.313306e+00	2.373335e+00	2.444829e+00	2.483555e+00
2.519129e+00	2.543482e+00	2.571415e+00	2.579446e+00	2.584949e+00	2.585522e+00
2.586149e+00	2.586118e+00	2.586335e+00	2.594281e+00	1.606647e+00	1.639585e+00
1.672521e+00	1.705483e+00	1.738532e+00	1.805023e+00	1.871618e+00	1.937825e+00
2.003088e+00	2.066766e+00	2.128191e+00	2.186917e+00	2.242823e+00	2.296229e+00
2.348619e+00	2.401351e+00	2.454385e+00	2.507813e+00	2.562916e+00	2.624819e+00
2.698854e+00	2.738493e+00	2.773353e+00	2.795967e+00	2.825854e+00	2.836123e+00
2.842319e+00	2.842792e+00	2.843430e+00	2.843362e+00	2.843746e+00	2.860849e+00
1.825349e+00	1.863087e+00	1.900616e+00	1.937815e+00	1.974781e+00	2.048241e+00
2.120482e+00	2.190969e+00	2.259195e+00	2.324776e+00	2.387437e+00	2.446868e+00
2.503030e+00	2.556289e+00	2.608318e+00	2.660675e+00	2.713486e+00	2.767165e+00
2.823119e+00	2.885635e+00	2.958846e+00	2.997384e+00	3.031026e+00	3.052944e+00
3.084124e+00	3.096029e+00	3.103138e+00	3.103628e+00	3.104159e+00	3.103974e+00
3.104281e+00	3.129516e+00	2.057738e+00	2.104139e+00	2.149705e+00	2.193796e+00
2.236535e+00	2.318465e+00	2.394888e+00	2.465565e+00	2.530910e+00	2.592322e+00
2.651924e+00	2.710108e+00	2.766742e+00	2.821753e+00	2.875666e+00	2.929104e+00
2.982408e+00	3.036841e+00	3.093945e+00	3.154707e+00	3.219625e+00	3.252981e+00
3.285824e+00	3.311448e+00	3.342447e+00	3.353791e+00	3.362463e+00	3.363358e+00
3.363466e+00	3.362839e+00	3.362532e+00	3.393171e+00	2.315152e+00	2.367340e+00
2.418296e+00	2.467067e+00	2.513800e+00	2.601867e+00	2.681803e+00	2.753490e+00
2.817749e+00	2.876802e+00	2.933881e+00	2.989685e+00	3.044164e+00	3.097211e+00
3.149318e+00	3.201015e+00	3.252626e+00	3.305329e+00	3.360459e+00	3.418628e+00
3.479846e+00	3.510997e+00	3.541771e+00	3.566159e+00	3.596788e+00	3.608332e+00
3.617349e+00	3.618240e+00	3.618247e+00	3.617630e+00	3.617289e+00	3.646336e+00
2.593715e+00	2.651328e+00	2.707267e+00	2.760231e+00	2.810386e+00	2.903257e+00
2.985135e+00	3.056069e+00	3.117371e+00	3.172172e+00	3.224921e+00	3.276639e+00
3.327384e+00	3.377063e+00	3.426131e+00	3.475012e+00	3.523906e+00	3.573606e+00
3.625092e+00	3.679242e+00	3.736395e+00	3.765419e+00	3.793695e+00	3.815789e+00
3.845003e+00	3.856924e+00	3.865156e+00	3.865748e+00	3.865909e+00	3.865589e+00
3.865431e+00	3.886986e+00	2.889149e+00	2.952040e+00	3.012690e+00	3.069372e+00
3.122264e+00	3.218090e+00	3.299468e+00	3.366748e+00	3.421959e+00	3.469472e+00
3.515335e+00	3.560979e+00	3.606542e+00	3.651905e+00	3.697218e+00	3.742612e+00
3.788055e+00	3.833718e+00	3.880071e+00	3.928534e+00	3.980256e+00	4.006712e+00
4.032378e+00	4.052105e+00	4.078661e+00	4.090670e+00	4.097079e+00	4.097169e+00
4.097679e+00	4.097859e+00	4.098019e+00	4.106317e+00	3.204082e+00	3.270721e+00
3.334554e+00	3.393418e+00	3.447543e+00	3.543438e+00	3.621640e+00	3.682871e+00
3.729874e+00	3.768167e+00	3.805214e+00	3.842851e+00	3.881349e+00	3.920694e+00
3.960933e+00	4.002040e+00	4.043512e+00	4.084263e+00	4.123795e+00	4.164752e+00
4.210020e+00	4.233796e+00	4.256878e+00	4.274665e+00	4.298224e+00	4.307676e+00
4.312915e+00	4.313013e+00	4.313498e+00	4.313821e+00	4.314381e+00	4.305931e+00
3.541772e+00	3.610948e+00	3.676740e+00	3.736521e+00	3.790606e+00	3.884049e+00
3.956633e+00	4.009519e+00	4.046202e+00	4.073340e+00	4.099745e+00	4.127656e+00
4.157496e+00	4.189400e+00	4.223372e+00	4.259255e+00	4.295957e+00	4.330857e+00
4.362311e+00	4.394531e+00	4.432580e+00	4.453503e+00	4.473881e+00	4.489754e+00
4.509999e+00	4.515908e+00	4.520124e+00	4.520399e+00	4.520736e+00	4.521080e+00
4.521931e+00	4.496072e+00	3.898692e+00	3.968715e+00	4.034770e+00	4.093771e+00
4.146143e+00	4.233946e+00	4.298024e+00	4.340033e+00	4.364230e+00	4.378344e+00
4.392380e+00	4.408946e+00	4.428588e+00	4.451540e+00	4.477761e+00	4.506919e+00
4.537383e+00	4.565134e+00	4.587515e+00	4.610298e+00	4.640687e+00	4.658628e+00
4.676157e+00	4.689892e+00	4.706662e+00	4.709405e+00	4.712510e+00	4.712904e+00
4.713136e+00	4.713500e+00	4.713848e+00	4.675652e+00	4.270424e+00	4.339009e+00
4.403094e+00	4.459166e+00	4.507783e+00	4.586245e+00	4.638696e+00	4.667293e+00
4.677000e+00	4.676466e+00	4.676638e+00	4.680438e+00	4.688508e+00	4.701137e+00
4.718246e+00	4.739303e+00	4.762202e+00	4.781703e+00	4.794288e+00	4.807228e+00
4.829756e+00	4.844674e+00	4.859298e+00	4.870764e+00	4.884051e+00	4.884030e+00
4.886043e+00	4.886525e+00	4.886677e+00	4.887031e+00	4.886384e+00	4.841037e+00
4.654978e+00	4.719548e+00	4.779142e+00	4.829918e+00	4.872585e+00	4.937898e+00
4.975701e+00	4.988660e+00	4.982318e+00	4.965992e+00	4.951185e+00	4.941091e+00
4.936342e+00	4.937236e+00	4.943637e+00	4.954800e+00	4.968337e+00	4.978261e+00
4.980582e+00	4.983679e+00	4.998249e+00	5.010010e+00	5.021520e+00	5.030429e+00
5.040604e+00	5.039035e+00	5.040235e+00	5.040738e+00	5.040847e+00	5.041093e+00
5.040629e+00	4.996286e+00	5.056324e+00	5.114510e+00	5.167329e+00	5.210674e+00
5.245413e+00	5.294137e+00	5.314526e+00	5.309727e+00	5.285752e+00	5.252399e+00
5.221471e+00	5.196398e+00	5.177737e+00	5.165764e+00	5.160275e+00	5.160308e+00
5.163304e+00	5.162784e+00	5.154477e+00	5.147643e+00	5.154137e+00	5.162645e+00
5.170918e+00	5.177116e+00	5.184344e+00	5.181825e+00	5.182349e+00	5.182840e+00
5.182924e+00	5.183018e+00	5.183219e+00	5.144469e+00	5.469028e+00	5.519376e+00
5.564019e+00	5.598565e+00	5.624045e+00	5.653602e+00	5.654078e+00	5.629088e+00
5.585205e+00	5.532826e+00	5.484152e+00	5.442759e+00	5.409125e+00	5.383347e+00
5.365079e+00	5.353036e+00	5.344549e+00	5.332777e+00	5.313288e+00	5.296021e+00
5.293693e+00	5.298413e+00	5.302750e+00	5.305632e+00	5.310113e+00	5.307419e+00
5.307266e+00	5.307642e+00	5.307713e+00	5.307731e+00	5.308071e+00	5.279386e+00
5.881381e+00	5.923908e+00	5.960454e+00	5.986169e+00	6.002210e+00	6.011713e+00
5.990472e+00	5.942586e+00	5.875604e+00	5.801167e+00	5.732481e+00	5.673197e+00
5.623670e+00	5.583595e+00	5.552360e+00	5.528192e+00	5.508307e+00	5.485321e+00
5.454441e+00	5.426425e+00	5.414950e+00	5.415481e+00	5.414868e+00	5.413371e+00
5.416053e+00	5.414519e+00	5.413478e+00	5.413506e+00	5.413592e+00	5.413652e+00
5.413481e+00	5.398890e+00	6.372599e+00	6.378820e+00	6.380687e+00	6.375189e+00
6.363673e+00	6.328474e+00	6.276727e+00	6.211086e+00	6.135748e+00	6.056928e+00
5.981815e+00	5.912665e+00	5.849962e+00	5.793405e+00	5.742925e+00	5.697455e+00
5.655808e+00	5.614701e+00	5.572611e+00	5.535977e+00	5.514242e+00	5.511049e+00
5.512028e+00	5.514759e+00	5.507781e+00	5.499906e+00	5.500527e+00	5.501883e+00
5.501832e+00	5.501480e+00	5.502127e+00	5.499669e+00	6.890919e+00	6.849665e+00
6.807212e+00	6.762997e+00	6.718279e+00	6.631321e+00	6.546556e+00	6.463903e+00
6.383001e+00	6.303170e+00	6.223904e+00	6.145612e+00	6.068931e+00	5.993890e+00
5.921489e+00	5.852134e+00	5.786804e+00	5.727046e+00	5.674654e+00	5.630511e+00
5.598708e+00	5.591713e+00	5.594591e+00	5.601752e+00	5.581958e+00	5.566382e+00
5.569940e+00	5.573053e+00	5.572618e+00	5.571688e+00	5.573523e+00	5.580141e+00
7.312606e+00	7.259399e+00	7.204923e+00	7.148427e+00	7.091251e+00	6.979162e+00
6.868585e+00	6.759644e+00	6.652452e+00	6.547060e+00	6.443798e+00	6.343281e+00
6.246059e+00	6.152219e+00	6.062867e+00	5.978716e+00	5.900761e+00	5.830420e+00
5.769092e+00	5.716709e+00	5.676172e+00	5.664169e+00	5.660936e+00	5.661778e+00
5.632494e+00	5.614468e+00	5.620873e+00	5.624767e+00	5.623624e+00	5.622308e+00
5.624528e+00	5.635916e+00	7.750560e+00	7.676528e+00	7.602166e+00	7.527057e+00
7.452455e+00	7.308547e+00	7.169580e+00	7.035171e+00	6.904966e+00	6.778153e+00
6.653676e+00	6.531696e+00	6.412561e+00	6.296958e+00	6.187140e+00	6.085146e+00
5.992319e+00	5.910700e+00	5.842016e+00	5.784629e+00	5.739737e+00	5.722421e+00
5.711517e+00	5.704429e+00	5.662329e+00	5.640780e+00	5.650444e+00	5.655254e+00
5.653298e+00	5.651649e+00	5.654123e+00	5.665693e+00	8.132816e+00	8.058533e+00
7.981655e+00	7.900648e+00	7.817338e+00	7.650060e+00	7.480805e+00	7.311047e+00
7.142691e+00	6.978387e+00	6.821851e+00	6.674994e+00	6.537988e+00	6.410451e+00
6.291921e+00	6.182350e+00	6.080033e+00	5.986915e+00	5.903069e+00	5.827329e+00
5.760900e+00	5.737677e+00	5.722418e+00	5.711281e+00	5.667932e+00	5.646748e+00
5.655882e+00	5.660396e+00	5.658402e+00	5.656823e+00	5.659120e+00	5.670324e+00
8.449490e+00	8.394109e+00	8.332089e+00	8.258618e+00	8.176107e+00	7.994565e+00
7.792023e+00	7.575201e+00	7.353098e+00	7.137816e+00	6.942654e+00	6.770562e+00
6.619670e+00	6.486809e+00	6.366768e+00	6.255417e+00	6.150495e+00	6.047884e+00
5.945133e+00	5.847492e+00	5.762961e+00	5.727281e+00	5.694421e+00	5.670610e+00
5.646670e+00	5.638780e+00	5.633810e+00	5.633580e+00	5.633220e+00	5.633010e+00
5.633240e+00	5.642030e+00	8.833871e+00	8.758794e+00	8.676703e+00	8.583484e+00
8.481780e+00	8.263654e+00	8.026836e+00	7.776265e+00	7.520923e+00	7.274345e+00
7.052207e+00	6.857592e+00	6.683206e+00	6.529047e+00	6.387884e+00	6.255084e+00
6.143738e+00	6.034630e+00	5.926019e+00	5.822592e+00	5.731495e+00	5.687071e+00
5.643674e+00	5.612803e+00	5.591938e+00	5.588771e+00	5.577006e+00	5.574943e+00
5.575092e+00	5.575407e+00	5.574796e+00	5.580250e+00	9.240900e+00	9.131061e+00
9.016513e+00	8.894015e+00	8.765810e+00	8.501251e+00	8.225511e+00	7.941548e+00
7.657143e+00	7.385021e+00	7.139974e+00	6.924353e+00	6.729548e+00	6.557134e+00
6.400177e+00	6.254093e+00	6.125934e+00	6.001856e+00	5.880512e+00	5.764970e+00
5.660453e+00	5.612880e+00	5.567455e+00	5.533831e+00	5.501750e+00	5.491977e+00
5.483734e+00	5.482955e+00	5.482469e+00	5.482402e+00	5.482271e+00	5.483966e+00
9.601582e+00	9.477264e+00	9.345149e+00	9.198918e+00	9.042017e+00	8.713385e+00
8.374687e+00	8.043086e+00	7.727526e+00	7.433086e+00	7.168210e+00	6.933460e+00
6.731665e+00	6.550543e+00	6.385107e+00	6.231624e+00	6.083937e+00	5.945233e+00
5.812257e+00	5.686403e+00	5.571046e+00	5.518367e+00	5.467952e+00	5.430029e+00
5.391343e+00	5.378797e+00	5.370618e+00	5.370053e+00	5.369329e+00	5.369167e+00
5.369112e+00	5.367841e+00	9.923565e+00	9.794386e+00	9.651068e+00	9.482151e+00
9.293656e+00	8.891109e+00	8.483101e+00	8.105715e+00	7.764434e+00	7.454711e+00
7.177799e+00	6.930153e+00	6.705933e+00	6.495749e+00	6.302240e+00	6.127952e+00
5.971323e+00	5.826224e+00	5.687386e+00	5.556277e+00	5.434665e+00	5.377373e+00
5.322115e+00	5.280315e+00	5.237198e+00	5.223515e+00	5.214463e+00	5.213743e+00
5.212944e+00	5.212757e+00	5.212715e+00	5.210220e+00	1.026840e+01	1.008478e+01
9.889112e+00	9.676123e+00	9.452444e+00	8.998837e+00	8.558223e+00	8.149391e+00
7.774288e+00	7.448847e+00	7.160900e+00	6.899052e+00	6.648687e+00	6.414504e+00
6.200899e+00	6.010187e+00	5.841008e+00	5.687588e+00	5.544303e+00	5.408211e+00
5.276371e+00	5.212513e+00	5.152053e+00	5.107462e+00	5.060092e+00	5.045658e+00
5.035901e+00	5.035057e+00	5.034146e+00	5.033950e+00	5.033932e+00	5.030547e+00
1.062067e+01	1.035683e+01	1.009335e+01	9.831691e+00	9.574424e+00	9.079554e+00
8.617483e+00	8.183630e+00	7.779842e+00	7.425659e+00	7.105723e+00	6.813912e+00
6.544198e+00	6.297112e+00	6.071992e+00	5.868252e+00	5.686232e+00	5.524617e+00
5.379040e+00	5.238954e+00	5.094694e+00	5.023238e+00	4.957744e+00	4.911481e+00
4.860390e+00	4.845675e+00	4.835463e+00	4.834524e+00	4.833480e+00	4.833287e+00
4.833305e+00	4.829687e+00	1.090642e+01	1.058571e+01	1.027241e+01	9.972204e+00
9.685209e+00	9.145766e+00	8.645383e+00	8.190071e+00	7.775921e+00	7.389964e+00
7.038140e+00	6.719580e+00	6.431789e+00	6.171814e+00	5.935204e+00	5.719259e+00
5.525228e+00	5.354391e+00	5.203248e+00	5.056639e+00	4.900836e+00	4.822815e+00
4.752285e+00	4.703424e+00	4.648962e+00	4.634143e+00	4.623751e+00	4.622708e+00
4.621520e+00	4.621354e+00	4.621336e+00	4.617903e+00	1.112253e+01	1.077015e+01
1.042667e+01	1.009929e+01	9.787176e+00	9.202318e+00	8.657540e+00	8.165767e+00
7.719168e+00	7.310180e+00	6.939508e+00	6.605071e+00	6.303792e+00	6.031988e+00
5.784446e+00	5.557803e+00	5.353026e+00	5.171261e+00	5.009206e+00	4.851655e+00
4.685402e+00	4.602287e+00	4.526654e+00	4.473807e+00	4.416524e+00	4.401855e+00
4.391752e+00	4.390595e+00	4.389244e+00	4.389149e+00	4.388969e+00	4.386442e+00
1.129723e+01	1.091270e+01	1.053924e+01	1.018565e+01	9.850187e+00	9.219087e+00
8.650945e+00	8.129008e+00	7.655327e+00	7.226946e+00	6.839712e+00	6.490338e+00
6.175489e+00	5.891255e+00	5.632296e+00	5.394800e+00	5.178544e+00	4.982571e+00
4.803840e+00	4.632934e+00	4.462484e+00	4.378635e+00	4.297117e+00	4.235048e+00
4.174963e+00	4.161915e+00	4.152169e+00	4.150769e+00	4.149187e+00	4.149073e+00
4.148829e+00	4.147615e+00	1.144061e+01	1.102381e+01	1.062092e+01	1.024262e+01
9.885368e+00	9.221218e+00	8.618786e+00	8.073646e+00	7.581881e+00	7.138040e+00
6.736745e+00	6.374127e+00	6.046704e+00	5.750389e+00	5.479612e+00	5.230190e+00
5.001056e+00	4.789723e+00	4.593918e+00	4.409918e+00	4.235377e+00	4.150562e+00
4.062199e+00	3.989462e+00	3.926181e+00	3.915609e+00	3.905613e+00	3.903765e+00
3.902057e+00	3.901949e+00	3.901701e+00	3.902011e+00	1.156036e+01	1.111167e+01
1.067962e+01	1.027697e+01	9.900401e+00	9.199880e+00	8.569414e+00	8.003046e+00
7.494637e+00	7.037500e+00	6.625046e+00	6.252643e+00	5.915990e+00	5.610082e+00
5.328054e+00	5.065285e+00	4.822182e+00	4.599423e+00	4.396130e+00	4.203536e+00
4.013412e+00	3.918912e+00	3.822925e+00	3.746114e+00	3.678351e+00	3.668697e+00
3.656756e+00	3.654309e+00	3.652820e+00	3.652912e+00	3.652622e+00	3.654066e+00
1.164802e+01	1.117230e+01	1.071239e+01	1.028546e+01	9.892795e+00	9.164388e+00
8.510967e+00	7.927137e+00	7.404788e+00	6.935886e+00	6.512786e+00	6.130447e+00
5.784368e+00	5.469316e+00	5.178262e+00	4.906414e+00	4.653934e+00	4.421176e+00
4.206794e+00	4.002168e+00	3.798230e+00	3.696215e+00	3.593005e+00	3.511052e+00
3.437383e+00	3.424046e+00	3.410083e+00	3.407663e+00	3.406032e+00	3.406016e+00
3.405764e+00	3.407589e+00	1.169531e+01	1.119414e+01	1.071938e+01	1.028415e+01
9.876306e+00	9.120200e+00	8.447718e+00	7.848928e+00	7.314169e+00	6.834378e+00
6.401226e+00	6.009530e+00	5.654805e+00	5.331901e+00	5.034084e+00	4.756448e+00
4.498014e+00	4.257063e+00	4.030844e+00	3.812831e+00	3.595686e+00	3.486987e+00
3.377049e+00	3.289606e+00	3.207646e+00	3.188967e+00	3.171998e+00	3.169637e+00
3.167910e+00	3.167759e+00	3.167529e+00	3.168908e+00	1.171361e+01	1.119777e+01
1.070614e+01	1.025654e+01	9.839754e+00	9.067447e+00	8.380850e+00	7.769948e+00
7.224406e+00	6.734740e+00	6.292496e+00	5.892591e+00	5.530654e+00	5.201782e+00
4.899723e+00	4.619383e+00	4.358023e+00	4.110768e+00	3.872909e+00	3.640751e+00
3.410195e+00	3.294782e+00	3.177828e+00	3.083934e+00	2.990771e+00	2.965910e+00
2.944920e+00	2.942509e+00	2.940778e+00	2.940528e+00	2.940288e+00	2.940448e+00
1.169656e+01	1.117619e+01	1.067453e+01	1.021727e+01	9.794841e+00	9.011331e+00
8.314849e+00	7.694091e+00	7.139192e+00	6.641103e+00	6.191958e+00	5.786601e+00
5.420426e+00	5.088276e+00	4.783666e+00	4.501053e+00	4.236876e+00	3.984867e+00
3.739035e+00	3.495312e+00	3.249769e+00	3.125497e+00	2.999538e+00	2.897864e+00
2.793075e+00	2.763493e+00	2.739250e+00	2.736687e+00	2.734900e+00	2.734615e+00
2.734394e+00	2.733265e+00	1.165741e+01	1.112835e+01	1.062437e+01	1.016597e+01
9.742086e+00	8.952941e+00	8.250286e+00	7.622114e+00	7.059710e+00	6.554825e+00
6.100420e+00	5.691226e+00	5.322322e+00	4.988199e+00	4.682013e+00	4.397782e+00
4.131410e+00	3.875764e+00	3.623766e+00	3.370019e+00	3.109610e+00	2.975860e+00
2.839660e+00	2.728911e+00	2.612813e+00	2.579975e+00	2.553513e+00	2.550770e+00
2.548822e+00	2.548510e+00	2.548310e+00	2.546516e+00	1.160519e+01	1.107156e+01
1.056590e+01	1.010756e+01	9.684190e+00	8.894309e+00	8.190417e+00	7.559278e+00
6.992999e+00	6.484110e+00	6.026406e+00	5.614694e+00	5.243993e+00	4.908745e+00
4.602085e+00	4.317780e+00	4.050981e+00	3.793400e+00	3.536674e+00	3.274012e+00
2.998500e+00	2.854038e+00	2.704004e+00	2.580019e+00	2.453414e+00	2.420431e+00
2.393721e+00	2.390684e+00	2.388324e+00	2.387981e+00	2.387709e+00	2.386902e+00
1.152197e+01	1.099164e+01	1.048984e+01	1.003635e+01	9.617805e+00	8.834622e+00
8.135017e+00	7.505168e+00	6.938381e+00	6.428200e+00	5.969278e+00	5.556589e+00
5.185175e+00	4.849518e+00	4.542815e+00	4.258736e+00	3.991879e+00	3.733085e+00
3.472852e+00	3.202686e+00	2.912786e+00	2.757222e+00	2.591395e+00	2.451306e+00
2.313823e+00	2.282534e+00	2.257361e+00	2.254083e+00	2.251040e+00	2.250606e+00
2.250286e+00	2.252233e+00	1.143307e+01	1.090466e+01	1.040586e+01	9.957235e+00
9.544343e+00	8.771134e+00	8.079891e+00	7.456751e+00	6.895442e+00	6.390918e+00
5.937980e+00	5.530052e+00	5.161774e+00	4.827128e+00	4.518763e+00	4.230556e+00
3.958616e+00	3.696040e+00	3.433574e+00	3.157647e+00	2.852264e+00	2.686685e+00
2.505529e+00	2.348438e+00	2.194296e+00	2.162520e+00	2.142484e+00	2.139918e+00
2.135407e+00	2.134458e+00	2.134548e+00	2.144442e+00	1.133547e+01	1.080936e+01
1.031416e+01	9.871484e+00	9.465749e+00	8.706185e+00	8.026589e+00	7.413189e+00
6.859572e+00	6.361987e+00	5.915493e+00	5.512221e+00	5.146800e+00	4.813054e+00
4.503268e+00	4.211337e+00	3.934534e+00	3.668333e+00	3.404186e+00	3.123623e+00
2.804494e+00	2.629997e+00	2.434626e+00	2.261115e+00	2.088921e+00	2.055812e+00
2.042190e+00	2.040677e+00	2.034461e+00	2.032849e+00	2.033560e+00	2.052968e+00
1.123030e+01	1.070971e+01	1.022129e+01	9.787520e+00	9.391632e+00	8.650331e+00
7.986098e+00	7.386005e+00	6.845140e+00	6.355096e+00	5.910859e+00	5.509180e+00
5.144730e+00	4.811367e+00	4.501355e+00	4.208605e+00	3.930638e+00	3.663516e+00
3.398799e+00	3.116471e+00	2.791489e+00	2.600251e+00	2.385193e+00	2.193445e+00
2.001112e+00	1.965187e+00	1.957746e+00	1.957478e+00	1.949545e+00	1.947167e+00
1.949313e+00	1.978982e+00	1.111258e+01	1.060286e+01	1.012614e+01	9.705378e+00
9.322677e+00	8.604070e+00	7.956856e+00	7.369292e+00	6.840529e+00	6.358739e+00
5.920514e+00	5.523054e+00	5.161365e+00	4.829823e+00	4.521330e+00	4.230153e+00
3.953513e+00	3.686837e+00	3.420366e+00	3.131157e+00	2.790603e+00	2.585128e+00
2.349841e+00	2.141790e+00	1.929466e+00	1.889745e+00	1.888119e+00	1.889196e+00
1.879598e+00	1.876386e+00	1.880747e+00	1.921148e+00	1.099970e+01	1.050116e+01
1.003663e+01	9.629631e+00	9.260931e+00	8.566228e+00	7.937779e+00	7.367505e+00
6.844611e+00	6.370562e+00	5.939996e+00	5.547766e+00	5.189643e+00	4.860613e+00
4.554251e+00	4.265192e+00	3.990353e+00	3.724523e+00	3.456582e+00	3.160313e+00
2.801021e+00	2.589114e+00	2.343646e+00	2.109780e+00	1.873184e+00	1.827860e+00
1.831606e+00	1.834134e+00	1.822845e+00	1.818875e+00	1.823691e+00	1.871423e+00
1.089292e+01	1.040554e+01	9.953411e+00	9.560714e+00	9.206542e+00	8.536095e+00
7.927392e+00	7.370145e+00	6.862641e+00	6.399050e+00	5.975883e+00	5.589406e+00
5.235671e+00	4.910068e+00	4.606690e+00	4.320458e+00	4.048063e+00	3.783797e+00
3.515440e+00	3.214216e+00	2.841680e+00	2.614067e+00	2.344568e+00	2.097360e+00
1.830383e+00	1.777958e+00	1.786690e+00	1.790661e+00	1.777423e+00	1.772734e+00
1.777923e+00	1.828821e+00	1.079289e+01	1.031649e+01	9.876889e+00	9.498932e+00
9.159694e+00	8.513595e+00	7.924108e+00	7.384052e+00	6.889619e+00	6.436761e+00
6.022159e+00	5.642468e+00	5.294114e+00	4.972899e+00	4.673409e+00	4.390820e+00
4.121641e+00	3.859681e+00	3.591587e+00	3.285923e+00	2.899691e+00	2.659301e+00
2.370664e+00	2.097299e+00	1.802820e+00	1.740643e+00	1.750664e+00	1.756140e+00
1.742616e+00	1.737444e+00	1.743014e+00	1.792806e+00	1.069883e+01	1.023384e+01
9.807171e+00	9.444484e+00	9.120583e+00	8.498458e+00	7.930695e+00	7.407266e+00
6.926769e+00	6.485284e+00	6.079912e+00	5.707675e+00	5.365404e+00	5.049342e+00
4.754592e+00	4.476590e+00	4.211618e+00	3.952880e+00	3.685603e+00	3.374972e+00
2.973069e+00	2.718932e+00	2.410966e+00	2.116841e+00	1.795350e+00	1.720474e+00
1.713275e+00	1.721525e+00	1.720648e+00	1.716292e+00	1.712821e+00	1.763096e+00
1.061456e+01	1.016048e+01	9.746227e+00	9.398236e+00	9.089133e+00	8.492304e+00
7.942243e+00	7.436129e+00	6.969658e+00	6.539856e+00	6.144193e+00	5.780022e+00
5.444542e+00	5.134402e+00	4.845183e+00	4.572571e+00	4.312658e+00	4.058104e+00
3.792798e+00	3.478585e+00	3.062167e+00	2.794190e+00	2.465648e+00	2.149293e+00
1.794321e+00	1.706804e+00	1.686420e+00	1.696362e+00	1.702834e+00	1.698676e+00
1.689388e+00	1.737816e+00	1.054343e+01	1.009939e+01	9.696566e+00	9.362086e+00
9.066640e+00	8.490840e+00	7.961073e+00	7.470990e+00	7.018360e+00	6.600413e+00
6.214909e+00	5.859507e+00	5.531688e+00	5.228442e+00	4.945747e+00	4.679503e+00
4.425701e+00	4.176629e+00	3.915146e+00	3.600298e+00	3.173200e+00	2.892535e+00
2.542004e+00	2.198014e+00	1.800729e+00	1.698830e+00	1.670157e+00	1.680578e+00
1.688339e+00	1.683709e+00	1.672508e+00	1.716952e+00	1.048099e+01	1.004564e+01
9.655147e+00	9.335049e+00	9.054404e+00	8.496718e+00	7.986791e+00	7.513693e+00
7.074956e+00	6.668004e+00	6.291169e+00	5.943287e+00	5.622854e+00	5.327351e+00
5.052714e+00	4.794785e+00	4.549315e+00	4.307877e+00	4.051529e+00	3.735434e+00
3.296899e+00	3.004490e+00	2.633986e+00	2.264242e+00	1.820668e+00	1.701625e+00
1.656732e+00	1.666942e+00	1.678676e+00	1.673754e+00	1.656745e+00	1.699765e+00
1.043189e+01	1.000481e+01	9.624209e+00	9.315519e+00	9.046311e+00	8.509836e+00
8.015757e+00	7.557476e+00	7.131798e+00	6.736236e+00	6.369387e+00	6.030557e+00
5.718678e+00	5.431537e+00	5.165212e+00	4.915664e+00	4.678566e+00	4.445161e+00
4.195443e+00	3.881766e+00	3.436250e+00	3.133173e+00	2.741965e+00	2.343792e+00
1.850389e+00	1.708444e+00	1.646871e+00	1.656434e+00	1.670164e+00	1.665115e+00
1.644441e+00	1.684610e+00	1.041795e+01	1.000016e+01	9.623846e+00	9.318954e+00
9.051952e+00	8.525991e+00	8.039161e+00	7.587846e+00	7.172067e+00	6.790491e+00
6.441659e+00	6.121457e+00	5.824075e+00	5.545295e+00	5.283516e+00	5.036758e+00
4.801791e+00	4.571943e+00	4.330898e+00	4.036453e+00	3.607247e+00	3.295178e+00
2.871603e+00	2.425092e+00	1.871071e+00	1.719408e+00	1.648996e+00	1.653565e+00
1.658135e+00	1.653942e+00	1.641878e+00	1.671241e+00	1.041369e+01	1.000405e+01
9.637120e+00	9.339303e+00	9.076411e+00	8.548820e+00	8.059538e+00	7.610645e+00
7.202679e+00	6.835767e+00	6.509578e+00	6.215112e+00	5.937385e+00	5.667328e+00
5.407208e+00	5.158872e+00	4.921351e+00	4.691885e+00	4.461214e+00	4.200736e+00
3.814529e+00	3.498101e+00	3.030466e+00	2.513711e+00	1.887733e+00	1.741364e+00
1.660627e+00	1.652711e+00	1.644014e+00	1.641658e+00	1.641413e+00	1.659837e+00
1.040871e+01	1.000020e+01	9.633658e+00	9.338814e+00	9.082898e+00	8.569337e+00
8.091389e+00	7.653420e+00	7.257004e+00	6.901789e+00	6.585849e+00	6.299732e+00
6.030996e+00	5.772330e+00	5.524090e+00	5.286534e+00	5.058646e+00	4.838140e+00
4.617047e+00	4.367984e+00	3.991847e+00	3.675695e+00	3.190817e+00	2.633817e+00
1.931665e+00	1.768200e+00	1.660494e+00	1.650143e+00	1.639506e+00	1.637234e+00
1.638901e+00	1.650859e+00	1.040373e+01	9.990130e+00	9.623594e+00	9.334901e+00
9.086094e+00	8.589383e+00	8.132272e+00	7.712872e+00	7.330072e+00	6.982021e+00
6.666629e+00	6.379616e+00	6.115379e+00	5.869260e+00	5.637849e+00	5.418127e+00
5.207985e+00	5.002911e+00	4.791116e+00	4.539412e+00	4.157744e+00	3.844787e+00
3.357674e+00	2.783438e+00	2.010500e+00	1.801697e+00	1.658605e+00	1.646076e+00
1.636990e+00	1.634622e+00	1.633426e+00	1.643200e+00	1.039829e+01	9.985819e+00
9.620692e+00	9.334577e+00	9.092459e+00	8.611247e+00	8.169453e+00	7.763359e+00
7.391119e+00	7.050572e+00	6.739755e+00	6.456874e+00	6.200015e+00	5.966148e+00
5.749700e+00	5.545677e+00	5.351240e+00	5.160308e+00	4.958801e+00	4.710837e+00
4.331529e+00	4.022576e+00	3.533426e+00	2.940709e+00	2.093787e+00	1.841481e+00
1.658472e+00	1.643235e+00	1.633945e+00	1.631576e+00	1.627780e+00	1.636437e+00
1.039176e+01	9.984933e+00	9.625090e+00	9.345251e+00	9.108581e+00	8.635897e+00
8.201713e+00	7.802840e+00	7.437818e+00	7.105106e+00	6.803357e+00	6.530751e+00
6.285069e+00	6.062918e+00	5.858634e+00	5.667035e+00	5.485036e+00	5.305924e+00
5.115569e+00	4.880083e+00	4.514690e+00	4.210504e+00	3.718850e+00	3.105362e+00
2.182418e+00	1.892562e+00	1.664084e+00	1.641394e+00	1.630046e+00	1.627847e+00
1.621756e+00	1.630577e+00	1.039161e+01	9.987108e+00	9.632602e+00	9.358358e+00
9.126440e+00	8.661256e+00	8.233727e+00	7.841249e+00	7.482717e+00	7.157145e+00
6.863722e+00	6.600677e+00	6.365629e+00	6.155001e+00	5.963024e+00	5.784338e+00
5.615554e+00	5.449135e+00	5.270660e+00	5.048073e+00	4.697591e+00	4.400250e+00
3.910707e+00	3.281318e+00	2.282510e+00	1.951571e+00	1.671997e+00	1.641448e+00
1.626566e+00	1.624524e+00	1.616650e+00	1.625682e+00	1.039576e+01	9.995969e+00
9.645054e+00	9.374568e+00	9.146330e+00	8.687544e+00	8.265770e+00	7.878885e+00
7.526114e+00	7.206940e+00	6.920974e+00	6.666591e+00	6.441443e+00	6.241961e+00
6.062249e+00	5.896739e+00	5.741718e+00	5.588707e+00	5.422802e+00	5.213524e+00
4.878978e+00	4.590632e+00	4.107937e+00	3.468293e+00	2.395765e+00	2.020394e+00
1.683463e+00	1.642993e+00	1.623638e+00	1.621696e+00	1.612166e+00	1.621852e+00
1.040325e+01	1.000679e+01	9.659117e+00	9.391664e+00	9.166264e+00	8.712759e+00
8.295955e+00	7.914030e+00	7.566487e+00	7.253147e+00	6.973899e+00	6.727344e+00
6.511227e+00	6.322121e+00	6.154254e+00	6.001979e+00	5.861165e+00	5.722205e+00
5.569407e+00	5.373409e+00	5.054862e+00	4.777535e+00	4.308119e+00	3.666375e+00
2.522247e+00	2.098155e+00	1.698334e+00	1.647198e+00	1.621319e+00	1.619096e+00
1.608683e+00	1.618941e+00	1.040546e+01	1.001095e+01	9.665130e+00	9.399395e+00
9.175757e+00	8.726431e+00	8.314474e+00	7.938010e+00	7.596335e+00	7.289080e+00
7.015861e+00	6.775629e+00	6.566705e+00	6.386523e+00	6.230525e+00	6.093695e+00
5.970689e+00	5.848700e+00	5.708442e+00	5.518580e+00	5.204770e+00	4.940497e+00
4.507557e+00	3.894708e+00	2.666449e+00	2.172155e+00	1.711580e+00	1.653318e+00
1.619064e+00	1.613669e+00	1.609003e+00	1.614947e+00	1.040720e+01	1.001530e+01
9.671549e+00	9.407602e+00	9.185687e+00	8.740327e+00	8.332778e+00	7.961174e+00
7.624688e+00	7.322838e+00	7.055073e+00	6.820604e+00	6.618217e+00	6.446015e+00
6.300364e+00	6.176853e+00	6.069636e+00	5.964154e+00	5.838777e+00	5.659851e+00
5.355718e+00	5.104256e+00	4.702239e+00	4.116610e+00	2.823764e+00	2.260871e+00
1.727959e+00	1.660262e+00	1.618040e+00	1.610415e+00	1.608909e+00	1.612297e+00
1.040853e+01	1.001965e+01	9.678842e+00	9.417107e+00	9.197048e+00	8.755591e+00
8.351912e+00	7.984311e+00	7.652019e+00	7.354626e+00	7.091641e+00	6.862405e+00
6.665949e+00	6.500662e+00	6.363297e+00	6.249884e+00	6.154994e+00	6.064364e+00
5.956299e+00	5.795811e+00	5.510973e+00	5.271641e+00	4.887096e+00	4.317760e+00
2.994039e+00	2.376380e+00	1.751052e+00	1.668169e+00	1.617785e+00	1.609328e+00
1.607149e+00	1.610928e+00	1.040553e+01	1.001915e+01	9.681627e+00	9.422277e+00
9.204236e+00	8.766774e+00	8.366715e+00	8.002635e+00	7.673892e+00	7.380201e+00
7.121228e+00	6.896434e+00	6.705102e+00	6.545874e+00	6.415934e+00	6.311730e+00
6.228072e+00	6.150654e+00	6.058171e+00	5.916582e+00	5.655240e+00	5.430519e+00
5.064135e+00	4.514369e+00	3.176228e+00	2.503118e+00	1.779006e+00	1.679219e+00
1.618101e+00	1.608814e+00	1.605642e+00	1.609279e+00	1.040015e+01	1.001840e+01
9.683659e+00	9.426234e+00	9.209740e+00	8.775616e+00	8.378792e+00	8.017991e+00
7.692619e+00	7.402444e+00	7.147259e+00	6.926618e+00	6.740001e+00	6.586216e+00
6.462749e+00	6.366427e+00	6.292625e+00	6.227815e+00	6.151562e+00	6.030209e+00
5.794080e+00	5.584971e+00	5.237838e+00	4.709649e+00	3.367623e+00	2.642523e+00
1.811749e+00	1.692862e+00	1.618793e+00	1.608490e+00	1.604093e+00	1.607653e+00
1.039726e+01	1.001860e+01	9.686428e+00	9.429505e+00	9.212867e+00	8.779981e+00
8.385538e+00	8.027976e+00	7.706450e+00	7.420428e+00	7.169542e+00	6.953309e+00
6.771169e+00	6.621791e+00	6.502380e+00	6.410106e+00	6.342501e+00	6.290541e+00
6.236079e+00	6.139042e+00	5.925375e+00	5.730890e+00	5.408224e+00	4.904063e+00
3.557654e+00	2.797316e+00	1.850863e+00	1.708936e+00	1.619527e+00	1.608928e+00
1.602382e+00	1.606384e+00	1.039544e+01	1.001970e+01	9.689296e+00	9.432098e+00
9.214730e+00	8.782332e+00	8.389552e+00	8.034669e+00	7.716678e+00	7.434692e+00
7.188021e+00	6.976025e+00	6.797918e+00	6.652053e+00	6.535078e+00	6.444594e+00
6.380944e+00	6.340953e+00	6.310262e+00	6.239772e+00	6.047033e+00	5.866616e+00
5.571925e+00	5.093608e+00	3.746374e+00	2.969989e+00	1.899746e+00	1.729542e+00
1.620570e+00	1.611085e+00	1.600557e+00	1.605379e+00	1.038656e+01	1.001656e+01
9.689322e+00	9.434006e+00	9.216511e+00	8.785538e+00	8.394563e+00	8.041808e+00
7.726136e+00	7.446579e+00	7.202452e+00	6.993168e+00	6.818003e+00	6.675376e+00
6.561971e+00	6.475665e+00	6.417839e+00	6.387519e+00	6.372324e+00	6.323191e+00
6.158234e+00	5.995517e+00	5.723788e+00	5.270849e+00	3.948583e+00	3.147826e+00
1.955078e+00	1.756453e+00	1.623071e+00	1.612822e+00	1.599092e+00	1.604297e+00
1.036781e+01	1.000799e+01	9.689058e+00	9.435608e+00	9.218218e+00	8.789267e+00
8.400058e+00	8.048963e+00	7.734915e+00	7.457036e+00	7.214743e+00	7.007529e+00
6.834787e+00	6.695120e+00	6.585483e+00	6.504098e+00	6.452727e+00	6.430792e+00
6.427379e+00	6.397205e+00	6.262796e+00	6.119654e+00	5.868661e+00	5.441293e+00
4.161839e+00	3.333614e+00	2.017524e+00	1.790048e+00	1.627742e+00	1.614540e+00
1.597820e+00	1.603241e+00	1.035159e+01	1.000234e+01	9.689578e+00	9.438517e+00
9.221082e+00	8.793971e+00	8.406273e+00	8.056587e+00	7.743930e+00	7.467511e+00
7.226830e+00	7.021445e+00	6.850836e+00	6.713752e+00	6.607349e+00	6.530139e+00
6.484306e+00	6.469871e+00	6.477514e+00	6.465715e+00	6.361423e+00	6.237660e+00
6.007226e+00	5.605925e+00	4.377335e+00	3.527848e+00	2.088323e+00	1.829283e+00
1.633567e+00	1.616878e+00	1.596991e+00	1.602703e+00	1.033886e+01	9.999713e+00
9.694801e+00	9.445200e+00	9.227076e+00	8.800742e+00	8.413904e+00	8.065164e+00
7.753550e+00	7.478295e+00	7.238955e+00	7.035117e+00	6.866307e+00	6.731370e+00
6.627578e+00	6.553671e+00	6.512319e+00	6.504425e+00	6.522367e+00	6.528148e+00
6.452953e+00	6.347958e+00	6.137507e+00	5.762168e+00	4.592211e+00	3.730367e+00
2.172009e+00	1.878296e+00	1.641990e+00	1.620564e+00	1.596527e+00	1.602507e+00
1.032453e+01	9.995186e+00	9.695780e+00	9.447839e+00	9.228799e+00	8.803318e+00
8.417346e+00	8.069542e+00	7.758984e+00	7.484957e+00	7.247004e+00	7.044748e+00
6.877705e+00	6.744735e+00	6.643144e+00	6.571917e+00	6.534282e+00	6.532315e+00
6.560656e+00	6.583640e+00	6.534459e+00	6.446761e+00	6.256447e+00	5.908933e+00
4.803131e+00	3.935018e+00	2.265675e+00	1.935040e+00	1.651870e+00	1.624119e+00
1.595752e+00	1.602051e+00	1.030606e+01	9.986890e+00	9.695252e+00	9.449204e+00
9.229861e+00	8.805637e+00	8.420711e+00	8.073815e+00	7.764083e+00	7.490885e+00
7.253826e+00	7.052654e+00	6.887032e+00	6.756019e+00	6.657167e+00	6.589509e+00
6.556037e+00	6.558271e+00	6.590835e+00	6.625209e+00	6.605583e+00	6.538509e+00
6.368798e+00	6.045490e+00	5.005777e+00	4.143161e+00	2.372832e+00	2.001019e+00
1.663487e+00	1.628553e+00	1.595297e+00	1.601730e+00	1.028154e+01	9.974739e+00
9.692511e+00	9.451179e+00	9.233999e+00	8.814057e+00	8.431381e+00	8.085141e+00
7.774937e+00	7.500796e+00	7.263013e+00	7.061658e+00	6.896778e+00	6.768003e+00
6.673846e+00	6.613272e+00	6.586528e+00	6.588768e+00	6.612966e+00	6.649857e+00
6.666557e+00	6.628584e+00	6.481498e+00	6.172941e+00	5.194913e+00	4.357410e+00
2.498179e+00	2.076827e+00	1.677063e+00	1.636798e+00	1.596287e+00	1.602370e+00
1.026913e+01	9.969002e+00	9.691309e+00	9.451350e+00	9.233789e+00	8.814706e+00
8.433072e+00	8.087807e+00	7.778449e+00	7.505108e+00	7.268145e+00	7.067753e+00
6.904074e+00	6.776935e+00	6.684902e+00	6.627015e+00	6.603518e+00	6.609524e+00
6.638390e+00	6.683626e+00	6.719068e+00	6.698403e+00	6.576936e+00	6.295218e+00
5.368791e+00	4.564647e+00	2.639939e+00	2.165211e+00	1.693876e+00	1.645592e+00
1.596302e+00	1.601382e+00	1.025850e+01	9.964451e+00	9.691020e+00	9.451751e+00
9.233795e+00	8.815081e+00	8.433519e+00	8.088670e+00	7.780161e+00	7.507995e+00
7.272473e+00	7.073621e+00	6.911333e+00	6.785383e+00	6.694644e+00	6.638562e+00
6.617633e+00	6.627352e+00	6.662167e+00	6.716757e+00	6.765431e+00	6.755786e+00
6.658888e+00	6.417190e+00	5.549870e+00	4.749266e+00	2.791247e+00	2.271022e+00
1.715571e+00	1.647306e+00	1.598635e+00	1.600503e+00	1.024877e+01	9.960575e+00
9.691063e+00	9.452879e+00	9.234377e+00	8.815396e+00	8.433600e+00	8.088919e+00
7.781093e+00	7.510162e+00	7.276397e+00	7.079436e+00	6.918611e+00	6.793451e+00
6.703508e+00	6.648830e+00	6.630117e+00	6.643052e+00	6.682766e+00	6.745711e+00
6.804947e+00	6.802328e+00	6.727858e+00	6.535275e+00	5.736078e+00	4.909831e+00
2.952150e+00	2.399483e+00	1.744927e+00	1.642768e+00	1.609881e+00	1.600065e+00
1.024038e+01	9.956575e+00	9.690760e+00	9.453214e+00	9.234530e+00	8.816083e+00
8.434819e+00	8.090840e+00	7.783761e+00	7.513438e+00	7.280050e+00	7.083422e+00
6.923283e+00	6.799418e+00	6.711198e+00	6.658519e+00	6.642123e+00	6.657756e+00
6.700616e+00	6.767333e+00	6.836788e+00	6.847758e+00	6.797690e+00	6.629897e+00
5.875010e+00	5.102967e+00	3.139286e+00	2.523999e+00	1.774192e+00	1.657109e+00
1.607605e+00	1.599545e+00	1.023334e+01	9.953376e+00	9.690301e+00	9.453493e+00
9.234657e+00	8.817208e+00	8.437248e+00	8.094195e+00	7.787542e+00	7.517274e+00
7.283701e+00	7.087030e+00	6.927391e+00	6.804793e+00	6.718340e+00	6.667652e+00
6.653440e+00	6.671445e+00	6.716812e+00	6.786241e+00	6.865516e+00	6.891038e+00
6.864107e+00	6.714017e+00	6.001261e+00	5.311048e+00	3.342193e+00	2.652957e+00
1.806187e+00	1.684949e+00	1.604158e+00	1.599114e+00	1.022953e+01	9.953512e+00
9.691925e+00	9.455842e+00	9.236582e+00	8.819784e+00	8.440245e+00	8.097510e+00
7.791288e+00	7.521566e+00	7.288536e+00	7.092377e+00	6.933273e+00	6.811289e+00
6.725676e+00	6.676268e+00	6.663755e+00	6.683642e+00	6.731268e+00	6.804897e+00
6.894802e+00	6.930820e+00	6.918371e+00	6.788119e+00	6.143476e+00	5.515956e+00
3.538323e+00	2.795184e+00	1.847893e+00	1.705369e+00	1.608924e+00	1.599428e+00
1.022727e+01	9.955497e+00	9.697538e+00	9.462080e+00	9.242216e+00	8.824268e+00
8.443661e+00	8.100587e+00	7.794678e+00	7.525741e+00	7.293782e+00	7.098654e+00
6.940097e+00	6.818072e+00	6.732510e+00	6.683755e+00	6.672447e+00	6.693845e+00
6.743623e+00	6.822285e+00	6.922599e+00	6.965698e+00	6.962318e+00	6.852479e+00
6.293950e+00	5.713962e+00	3.730180e+00	2.952234e+00	1.903083e+00	1.722542e+00
1.627719e+00	1.600672e+00	1.022226e+01	9.953851e+00	9.697120e+00	9.461987e+00
9.242010e+00	8.824162e+00	8.443621e+00	8.100601e+00	7.794758e+00	7.525904e+00
7.294136e+00	7.099415e+00	6.941527e+00	6.820350e+00	6.735371e+00	6.686754e+00
6.675717e+00	6.698747e+00	6.752293e+00	6.835689e+00	6.939887e+00	6.987234e+00
7.000569e+00	6.922090e+00	6.412444e+00	5.869944e+00	3.951841e+00	3.128454e+00
1.960162e+00	1.747696e+00	1.631008e+00	1.600518e+00	1.021525e+01	9.949512e+00
9.695363e+00	9.460938e+00	9.240765e+00	8.823342e+00	8.443119e+00	8.100285e+00
7.794568e+00	7.525822e+00	7.294183e+00	7.099645e+00	6.942164e+00	6.821654e+00
6.737185e+00	6.688603e+00	6.677662e+00	6.702025e+00	6.759267e+00	6.847028e+00
6.953098e+00	7.003578e+00	7.034902e+00	6.991296e+00	6.516040e+00	6.006815e+00
4.194898e+00	3.320798e+00	2.021342e+00	1.780793e+00	1.632228e+00	1.599983e+00
1.021093e+01	9.947677e+00	9.694862e+00	9.460757e+00	9.240485e+00	8.823210e+00
8.443108e+00	8.100355e+00	7.794704e+00	7.526032e+00	7.294576e+00	7.100387e+00
6.943324e+00	6.823163e+00	6.739046e+00	6.690895e+00	6.680559e+00	6.706212e+00
6.765085e+00	6.855418e+00	6.967315e+00	7.023803e+00	7.064387e+00	7.030220e+00
6.617619e+00	6.172975e+00	4.417886e+00	3.500928e+00	2.092782e+00	1.823520e+00
1.635735e+00	1.599836e+00	1.020857e+01	9.947317e+00	9.695728e+00	9.462123e+00
9.241551e+00	8.824362e+00	8.444409e+00	8.101841e+00	7.796406e+00	7.528076e+00
7.297097e+00	7.103189e+00	6.945792e+00	6.824998e+00	6.741140e+00	6.694062e+00
6.685485e+00	6.712219e+00	6.769499e+00	6.860713e+00	6.983258e+00	7.051879e+00
7.089392e+00	7.046488e+00	6.716990e+00	6.395955e+00	4.608913e+00	3.658052e+00
2.181007e+00	1.886912e+00	1.649221e+00	1.600065e+00	1.021260e+01	9.950052e+00
9.697623e+00	9.462368e+00	9.240675e+00	8.822533e+00	8.442536e+00	8.100358e+00
7.795530e+00	7.527845e+00	7.297350e+00	7.103853e+00	6.947027e+00	6.826422e+00
6.741423e+00	6.692625e+00	6.682743e+00	6.711775e+00	6.778666e+00	6.876062e+00
6.994988e+00	7.056888e+00	7.104553e+00	7.084297e+00	6.807603e+00	6.483117e+00
4.828682e+00	3.869646e+00	2.278646e+00	1.937784e+00	1.660026e+00	1.599949e+00
1.021954e+01	9.954595e+00	9.699989e+00	9.462446e+00	9.239007e+00	8.819276e+00
8.439162e+00	8.097565e+00	7.793663e+00	7.526929e+00	7.297102e+00	7.104138e+00
6.947983e+00	6.827885e+00	6.741569e+00	6.689677e+00	6.677193e+00	6.709755e+00
6.789704e+00	6.895809e+00	7.003972e+00	7.058070e+00	7.116313e+00	7.135772e+00
6.887437e+00	6.534091e+00	5.059319e+00	4.116038e+00	2.388588e+00	1.987603e+00
1.670269e+00	1.599539e+00	1.021777e+01	9.954500e+00	9.700670e+00	9.463541e+00
9.240063e+00	8.820496e+00	8.440473e+00	8.098967e+00	7.795147e+00	7.528499e+00
7.298785e+00	7.105940e+00	6.949827e+00	6.829942e+00	6.744374e+00	6.693073e+00
6.681218e+00	6.714286e+00	6.793307e+00	6.900144e+00	7.011492e+00	7.070406e+00
7.132925e+00	7.159910e+00	6.953141e+00	6.650295e+00	5.254218e+00	4.314861e+00
2.514523e+00	2.070170e+00	1.685668e+00	1.599321e+00	1.020332e+01	9.945821e+00
9.696594e+00	9.462339e+00	9.240418e+00	8.822563e+00	8.442951e+00	8.101194e+00
7.796794e+00	7.529531e+00	7.299426e+00	7.106349e+00	6.950045e+00	6.830246e+00
6.746288e+00	6.698955e+00	6.690979e+00	6.721547e+00	6.788715e+00	6.888688e+00
7.014416e+00	7.086500e+00	7.153003e+00	7.171315e+00	6.998097e+00	6.797001e+00
5.438261e+00	4.482236e+00	2.650401e+00	2.183434e+00	1.698175e+00	1.598607e+00
1.019726e+01	9.942072e+00	9.695003e+00	9.462067e+00	9.241154e+00	8.824797e+00
8.445419e+00	8.103406e+00	7.798508e+00	7.530715e+00	7.300264e+00	7.106988e+00
6.950537e+00	6.830909e+00	6.748346e+00	6.703024e+00	6.696211e+00	6.725013e+00
6.786809e+00	6.884036e+00	7.017925e+00	7.095498e+00	7.167925e+00	7.189223e+00
7.051492e+00	6.873937e+00	5.611027e+00	4.674035e+00	2.801865e+00	2.294983e+00
1.716215e+00	1.598483e+00	1.019732e+01	9.943403e+00	9.697256e+00	9.464621e+00
9.243538e+00	8.826946e+00	8.447460e+00	8.105299e+00	7.800223e+00	7.532253e+00
7.301719e+00	7.108510e+00	6.952447e+00	6.833369e+00	6.750767e+00	6.704920e+00
6.697439e+00	6.725743e+00	6.788262e+00	6.888607e+00	7.023467e+00	7.098619e+00
7.177000e+00	7.229058e+00	7.126203e+00	6.897979e+00	5.770520e+00	4.917563e+00
2.974053e+00	2.393117e+00	1.748061e+00	1.599849e+00	