2.284649e-01	2.377501e-01	2.471584e-01	2.567018e-01	2.663432e-01	2.858250e-01
3.054274e-01	3.249604e-01	3.442715e-01	3.633433e-01	3.822309e-01	4.009345e-01
4.196248e-01	4.388056e-01	4.597072e-01	4.831079e-01	5.078950e-01	5.305149e-01
5.469759e-01	5.569871e-01	5.625762e-01	5.673453e-01	5.822380e-01	6.033330e-01
6.154422e-01	6.164519e-01	6.166564e-01	6.175463e-01	6.209628e-01	6.220192e-01
6.214617e-01	6.171798e-01	2.573554e-01	2.674189e-01	2.776039e-01	2.879237e-01
2.983397e-01	3.193634e-01	3.404909e-01	3.615247e-01	3.823065e-01	4.028181e-01
4.231165e-01	4.432008e-01	4.632459e-01	4.837721e-01	5.060528e-01	5.308842e-01
5.570968e-01	5.810145e-01	5.985322e-01	6.093723e-01	6.156227e-01	6.207527e-01
6.362730e-01	6.580921e-01	6.707326e-01	6.718518e-01	6.721610e-01	6.730707e-01
6.765233e-01	6.775910e-01	6.770280e-01	6.727107e-01	2.898993e-01	3.007901e-01
3.117998e-01	3.229430e-01	3.341799e-01	3.568371e-01	3.795797e-01	4.022032e-01
4.245435e-01	4.465816e-01	4.683755e-01	4.899229e-01	5.114016e-01	5.333466e-01
5.570709e-01	5.833853e-01	6.110650e-01	6.363210e-01	6.549481e-01	6.666845e-01
6.736712e-01	6.791877e-01	6.953228e-01	7.178212e-01	7.309903e-01	7.322304e-01
7.326614e-01	7.335873e-01	7.370550e-01	7.381275e-01	7.375625e-01	7.332380e-01
3.265585e-01	3.383256e-01	3.502080e-01	3.622215e-01	3.743258e-01	3.987080e-01
4.231560e-01	4.474588e-01	4.714469e-01	4.950996e-01	5.184756e-01	5.415704e-01
5.645631e-01	5.880013e-01	6.132323e-01	6.410783e-01	6.702613e-01	6.968922e-01
7.166815e-01	7.293870e-01	7.371931e-01	7.431234e-01	7.598527e-01	7.829714e-01
7.966615e-01	7.980353e-01	7.986074e-01	7.995451e-01	8.030028e-01	8.040725e-01
8.035096e-01	7.992113e-01	3.678534e-01	3.805452e-01	3.933474e-01	4.062774e-01
4.192944e-01	4.454919e-01	4.717349e-01	4.978066e-01	5.235321e-01	5.488888e-01
5.739348e-01	5.986625e-01	6.232509e-01	6.482567e-01	6.750557e-01	7.044769e-01
7.351921e-01	7.632291e-01	7.842338e-01	7.979867e-01	8.067046e-01	8.130778e-01
8.303714e-01	8.540347e-01	8.682325e-01	8.697539e-01	8.704891e-01	8.714332e-01
8.748512e-01	8.759091e-01	8.753531e-01	8.711206e-01	4.143703e-01	4.280335e-01
4.418008e-01	4.556917e-01	4.696652e-01	4.977654e-01	5.258907e-01	5.538194e-01
5.813716e-01	6.085219e-01	6.353262e-01	6.617733e-01	6.880395e-01	7.146868e-01
7.431119e-01	7.741452e-01	8.064130e-01	8.358806e-01	8.581533e-01	8.730382e-01
8.827705e-01	8.896174e-01	9.074346e-01	9.315477e-01	9.462333e-01	9.479179e-01
9.488408e-01	9.497849e-01	9.531282e-01	9.541636e-01	9.536204e-01	9.494998e-01
4.667695e-01	4.814477e-01	4.962228e-01	5.111161e-01	5.260873e-01	5.561726e-01
5.862637e-01	6.161348e-01	6.456013e-01	6.746337e-01	7.032844e-01	7.315372e-01
7.595630e-01	7.879242e-01	8.180292e-01	8.507032e-01	8.845335e-01	9.154478e-01
9.390403e-01	9.551485e-01	9.660089e-01	9.733621e-01	9.916498e-01	1.016096e+00
1.031242e+00	1.033106e+00	1.034245e+00	1.035181e+00	1.038409e+00	1.039409e+00
1.038886e+00	1.034931e+00	5.257948e-01	5.415276e-01	5.573487e-01	5.732816e-01
5.892874e-01	6.214333e-01	6.535676e-01	6.854619e-01	7.169270e-01	7.479281e-01
7.785117e-01	8.086555e-01	8.385215e-01	8.686667e-01	9.004993e-01	9.348323e-01
9.702217e-01	1.002589e+00	1.027551e+00	1.044981e+00	1.057096e+00	1.064990e+00
1.083681e+00	1.108318e+00	1.123887e+00	1.125951e+00	1.127336e+00	1.128256e+00
1.131320e+00	1.132271e+00	1.131775e+00	1.128050e+00	5.922841e-01	6.091047e-01
6.260041e-01	6.430081e-01	6.600799e-01	6.943515e-01	7.285980e-01	7.625895e-01
7.961327e-01	8.291854e-01	8.617859e-01	8.939037e-01	9.256880e-01	9.576833e-01
9.912838e-01	1.027281e+00	1.064211e+00	1.098025e+00	1.124405e+00	1.143263e+00
1.156772e+00	1.165244e+00	1.184252e+00	1.208910e+00	1.224855e+00	1.227139e+00
1.228806e+00	1.229699e+00	1.232545e+00	1.233429e+00	1.232969e+00	1.229546e+00
6.671814e-01	6.851149e-01	7.031167e-01	7.212152e-01	7.393769e-01	7.758259e-01
8.122421e-01	8.483956e-01	8.840891e-01	9.192708e-01	9.539675e-01	9.881386e-01
1.021916e+00	1.055822e+00	1.091221e+00	1.128873e+00	1.167305e+00	1.202546e+00
1.230389e+00	1.250788e+00	1.265846e+00	1.274935e+00	1.294158e+00	1.318632e+00
1.334895e+00	1.337420e+00	1.339410e+00	1.340263e+00	1.342826e+00	1.343625e+00
1.343212e+00	1.340175e+00	7.515497e-01	7.706103e-01	7.897283e-01	8.089344e-01
8.282000e-01	8.668605e-01	9.054887e-01	9.438565e-01	9.817628e-01	1.019143e+00
1.056009e+00	1.092308e+00	1.128147e+00	1.164017e+00	1.201233e+00	1.240511e+00
1.280387e+00	1.317016e+00	1.346361e+00	1.368426e+00	1.385206e+00	1.394951e+00
1.414263e+00	1.438312e+00	1.454820e+00	1.457613e+00	1.459968e+00	1.460767e+00
1.462975e+00	1.463666e+00	1.463311e+00	1.460757e+00	8.465869e-01	8.667747e-01
8.870088e-01	9.073226e-01	9.276936e-01	9.685769e-01	1.009440e+00	1.050059e+00
1.090227e+00	1.129866e+00	1.168966e+00	1.207458e+00	1.245420e+00	1.283300e+00
1.322336e+00	1.363190e+00	1.404423e+00	1.442382e+00	1.473265e+00	1.497128e+00
1.515820e+00	1.526266e+00	1.545515e+00	1.568855e+00	1.585519e+00	1.588607e+00
1.591378e+00	1.592107e+00	1.593875e+00	1.594431e+00	1.594149e+00	1.592189e+00
9.536420e-01	9.749395e-01	9.962725e-01	1.017677e+00	1.039140e+00	1.082229e+00
1.125325e+00	1.168210e+00	1.210675e+00	1.252619e+00	1.294006e+00	1.334748e+00
1.374885e+00	1.414806e+00	1.455648e+00	1.498000e+00	1.540475e+00	1.579682e+00
1.612131e+00	1.637935e+00	1.658750e+00	1.669942e+00	1.688947e+00	1.711246e+00
1.727960e+00	1.731374e+00	1.734616e+00	1.735255e+00	1.736486e+00	1.736879e+00
1.736685e+00	1.735447e+00	1.074235e+00	1.096602e+00	1.118996e+00	1.141454e+00
1.163974e+00	1.209216e+00	1.254514e+00	1.299657e+00	1.344430e+00	1.388707e+00
1.432420e+00	1.475457e+00	1.517808e+00	1.559788e+00	1.602400e+00	1.646143e+00
1.689706e+00	1.730051e+00	1.764086e+00	1.791985e+00	1.815157e+00	1.827143e+00
1.845691e+00	1.866560e+00	1.883197e+00	1.886971e+00	1.890747e+00	1.891274e+00
1.891858e+00	1.892053e+00	1.891966e+00	1.891594e+00	1.210077e+00	1.233447e+00
1.256836e+00	1.280286e+00	1.303805e+00	1.351104e+00	1.398534e+00	1.445893e+00
1.492962e+00	1.539581e+00	1.585640e+00	1.630999e+00	1.675588e+00	1.719627e+00
1.763947e+00	1.808936e+00	1.853395e+00	1.894734e+00	1.930363e+00	1.960523e+00
1.986312e+00	1.999142e+00	2.016982e+00	2.035971e+00	2.052381e+00	2.056551e+00
2.060931e+00	2.061321e+00	2.061131e+00	2.061091e+00	2.061131e+00	2.061791e+00
1.364340e+00	1.388494e+00	1.412670e+00	1.436916e+00	1.461256e+00	1.510313e+00
1.559653e+00	1.609095e+00	1.658414e+00	1.707407e+00	1.755910e+00	1.803745e+00
1.850757e+00	1.897028e+00	1.943127e+00	1.989274e+00	2.034443e+00	2.076690e+00
2.114118e+00	2.146971e+00	2.175826e+00	2.189512e+00	2.206102e+00	2.222365e+00
2.238392e+00	2.243086e+00	2.248290e+00	2.248488e+00	2.247212e+00	2.246840e+00
2.247062e+00	2.249170e+00	1.537246e+00	1.562106e+00	1.586993e+00	1.611960e+00
1.637049e+00	1.687734e+00	1.738874e+00	1.790303e+00	1.841788e+00	1.893074e+00
1.943930e+00	1.994136e+00	2.043442e+00	2.091778e+00	2.139425e+00	2.186430e+00
2.231972e+00	2.274842e+00	2.313922e+00	2.349506e+00	2.381645e+00	2.396268e+00
2.411412e+00	2.424543e+00	2.439966e+00	2.445175e+00	2.451203e+00	2.451191e+00
2.448770e+00	2.448049e+00	2.448460e+00	2.452090e+00	1.725189e+00	1.751212e+00
1.777244e+00	1.803323e+00	1.829508e+00	1.882398e+00	1.935744e+00	1.989351e+00
2.042958e+00	2.096249e+00	2.148913e+00	2.200683e+00	2.251272e+00	2.300536e+00
2.348674e+00	2.395712e+00	2.440964e+00	2.483642e+00	2.523165e+00	2.560317e+00
2.595383e+00	2.611340e+00	2.626054e+00	2.637114e+00	2.651513e+00	2.656818e+00
2.663014e+00	2.662896e+00	2.660046e+00	2.659204e+00	2.659658e+00	2.663829e+00
1.927933e+00	1.955790e+00	1.983604e+00	2.011360e+00	2.039136e+00	2.095024e+00
2.151081e+00	2.207036e+00	2.262580e+00	2.317364e+00	2.371017e+00	2.423241e+00
2.473794e+00	2.522571e+00	2.569933e+00	2.616064e+00	2.660309e+00	2.701938e+00
2.740604e+00	2.777972e+00	2.815275e+00	2.832822e+00	2.848208e+00	2.858550e+00
2.871588e+00	2.876505e+00	2.882085e+00	2.881988e+00	2.879571e+00	2.878876e+00
2.879211e+00	2.882754e+00	2.146452e+00	2.176921e+00	2.207219e+00	2.237234e+00
2.267064e+00	2.326520e+00	2.385271e+00	2.442931e+00	2.499232e+00	2.554020e+00
2.607181e+00	2.658494e+00	2.707774e+00	2.755001e+00	2.800781e+00	2.845533e+00
2.888666e+00	2.929435e+00	2.967476e+00	3.004464e+00	3.041645e+00	3.059271e+00
3.074907e+00	3.085470e+00	3.097893e+00	3.102221e+00	3.106606e+00	3.106628e+00
3.105181e+00	3.104741e+00	3.104977e+00	3.107235e+00	2.382842e+00	2.416747e+00
2.450275e+00	2.483147e+00	2.515492e+00	2.579048e+00	2.640436e+00	2.699180e+00
2.755140e+00	2.808555e+00	2.859831e+00	2.908909e+00	2.955691e+00	3.000281e+00
3.043597e+00	3.086348e+00	3.128013e+00	3.167774e+00	3.205073e+00	3.241015e+00
3.276311e+00	3.293012e+00	3.308714e+00	3.320245e+00	3.332491e+00	3.336016e+00
3.338696e+00	3.338921e+00	3.338929e+00	3.338856e+00	3.338981e+00	3.339342e+00
2.634810e+00	2.673739e+00	2.711782e+00	2.748272e+00	2.783430e+00	2.850706e+00
2.913578e+00	2.972222e+00	3.026759e+00	3.077754e+00	3.126084e+00	3.171896e+00
3.215332e+00	3.256624e+00	3.296622e+00	3.336025e+00	3.374511e+00	3.411665e+00
3.447176e+00	3.481388e+00	3.514446e+00	3.530292e+00	3.545949e+00	3.558158e+00
3.570157e+00	3.572779e+00	3.573737e+00	3.574197e+00	3.575715e+00	3.576069e+00
3.575973e+00	3.574337e+00	2.899082e+00	2.945501e+00	2.990053e+00	3.031296e+00
3.069629e+00	3.139776e+00	3.202184e+00	3.259037e+00	3.310882e+00	3.358387e+00
3.402683e+00	3.444165e+00	3.483468e+00	3.520952e+00	3.556750e+00	3.591069e+00
3.624023e+00	3.656433e+00	3.688940e+00	3.720777e+00	3.751396e+00	3.766621e+00
3.782132e+00	3.794583e+00	3.806283e+00	3.807865e+00	3.807222e+00	3.807958e+00
3.810960e+00	3.811816e+00	3.811325e+00	3.807677e+00	3.179729e+00	3.231662e+00
3.281306e+00	3.326897e+00	3.368831e+00	3.444046e+00	3.508155e+00	3.563082e+00
3.609990e+00	3.650820e+00	3.688379e+00	3.723460e+00	3.756663e+00	3.788317e+00
3.818664e+00	3.847975e+00	3.876241e+00	3.903846e+00	3.931185e+00	3.958354e+00
3.985930e+00	4.000347e+00	4.015466e+00	4.027758e+00	4.038751e+00	4.040123e+00
4.037397e+00	4.038257e+00	4.042871e+00	4.044046e+00	4.043580e+00	4.037858e+00
3.475497e+00	3.531642e+00	3.585400e+00	3.634915e+00	3.680478e+00	3.761529e+00
3.827999e+00	3.880246e+00	3.920196e+00	3.951807e+00	3.980410e+00	4.007267e+00
4.032645e+00	4.056783e+00	4.080461e+00	4.104297e+00	4.127853e+00	4.150173e+00
4.170758e+00	4.191603e+00	4.215284e+00	4.228511e+00	4.242829e+00	4.254559e+00
4.264515e+00	4.266068e+00	4.261295e+00	4.262180e+00	4.268216e+00	4.269573e+00
4.269323e+00	4.261732e+00	3.784377e+00	3.846259e+00	3.905061e+00	3.958371e+00
4.006575e+00	4.089954e+00	4.154792e+00	4.201947e+00	4.234047e+00	4.256236e+00
4.275352e+00	4.293070e+00	4.309755e+00	4.325729e+00	4.341664e+00	4.358088e+00
4.374554e+00	4.389953e+00	4.403700e+00	4.418195e+00	4.436699e+00	4.448014e+00
4.460774e+00	4.471498e+00	4.480263e+00	4.481374e+00	4.475697e+00	4.476634e+00
4.483247e+00	4.484768e+00	4.484403e+00	4.475778e+00	4.105462e+00	4.171881e+00
4.234558e+00	4.290573e+00	4.340377e+00	4.424195e+00	4.485689e+00	4.526088e+00
4.548772e+00	4.560081e+00	4.568315e+00	4.575581e+00	4.582290e+00	4.588894e+00
4.596010e+00	4.604135e+00	4.612759e+00	4.620439e+00	4.626449e+00	4.633687e+00
4.646162e+00	4.655038e+00	4.665404e+00	4.674261e+00	4.681401e+00	4.682147e+00
4.676436e+00	4.677308e+00	4.683642e+00	4.685102e+00	4.684698e+00	4.676434e+00
4.439794e+00	4.509140e+00	4.574136e+00	4.631415e+00	4.681499e+00	4.763443e+00
4.819633e+00	4.851512e+00	4.863173e+00	4.862136e+00	4.858086e+00	4.853571e+00
4.849099e+00	4.845299e+00	4.842679e+00	4.841686e+00	4.841695e+00	4.840907e+00
4.838370e+00	4.837512e+00	4.843117e+00	4.849026e+00	4.856102e+00	4.862095e+00
4.867133e+00	4.867582e+00	4.862758e+00	4.863447e+00	4.868597e+00	4.869784e+00
4.869440e+00	4.862781e+00	4.782256e+00	4.852776e+00	4.918287e+00	4.974930e+00
5.023363e+00	5.099683e+00	5.147296e+00	5.168274e+00	5.167374e+00	5.153036e+00
5.135928e+00	5.118860e+00	5.102372e+00	5.087214e+00	5.073906e+00	5.062958e+00
5.053609e+00	5.043730e+00	5.032082e+00	5.022623e+00	5.020633e+00	5.022863e+00
5.025643e+00	5.027812e+00	5.030222e+00	5.030432e+00	5.027492e+00	5.027872e+00
5.030872e+00	5.031552e+00	5.031392e+00	5.027582e+00	5.127629e+00	5.202979e+00
5.271183e+00	5.326755e+00	5.370908e+00	5.432667e+00	5.461881e+00	5.466452e+00
5.451964e+00	5.426191e+00	5.398674e+00	5.371206e+00	5.343256e+00	5.315096e+00
5.288585e+00	5.265419e+00	5.245007e+00	5.225213e+00	5.204838e+00	5.187792e+00
5.177716e+00	5.174634e+00	5.171997e+00	5.170260e+00	5.169424e+00	5.169315e+00
5.169068e+00	5.169062e+00	5.169170e+00	5.169119e+00	5.169228e+00	5.169076e+00
5.482575e+00	5.562957e+00	5.633494e+00	5.686675e+00	5.724485e+00	5.766582e+00
5.772540e+00	5.757645e+00	5.728129e+00	5.690504e+00	5.652511e+00	5.614547e+00
5.574670e+00	5.532521e+00	5.491766e+00	5.455582e+00	5.423540e+00	5.393374e+00
5.363883e+00	5.339097e+00	5.320565e+00	5.311471e+00	5.302774e+00	5.296805e+00
5.292400e+00	5.291930e+00	5.294714e+00	5.294277e+00	5.291154e+00	5.290271e+00
5.290713e+00	5.294554e+00	5.843272e+00	5.923625e+00	5.992350e+00	6.040513e+00
6.070666e+00	6.092881e+00	6.076232e+00	6.040535e+00	5.992726e+00	5.939030e+00
5.886609e+00	5.835094e+00	5.781496e+00	5.725066e+00	5.670930e+00	5.623224e+00
5.581117e+00	5.541011e+00	5.500929e+00	5.467244e+00	5.440601e+00	5.424744e+00
5.408248e+00	5.396309e+00	5.388878e+00	5.388760e+00	5.394692e+00	5.393565e+00
5.386868e+00	5.385101e+00	5.385889e+00	5.393946e+00	6.208864e+00	6.281884e+00
6.342619e+00	6.381492e+00	6.401397e+00	6.401894e+00	6.362901e+00	6.305683e+00
6.237699e+00	6.165477e+00	6.096290e+00	6.029501e+00	5.961447e+00	5.891136e+00
5.824619e+00	5.766407e+00	5.714982e+00	5.664994e+00	5.613537e+00	5.570107e+00
5.535185e+00	5.512857e+00	5.488954e+00	5.471263e+00	5.460392e+00	5.460200e+00
5.469148e+00	5.467447e+00	5.457350e+00	5.454706e+00	5.455939e+00	5.467882e+00
6.627552e+00	6.665480e+00	6.693054e+00	6.703330e+00	6.699330e+00	6.663816e+00
6.601065e+00	6.526214e+00	6.444538e+00	6.360542e+00	6.278996e+00	6.199603e+00
6.119942e+00	6.039300e+00	5.962016e+00	5.890836e+00	5.824558e+00	5.759578e+00
5.694435e+00	5.634824e+00	5.583575e+00	5.558149e+00	5.535320e+00	5.519094e+00
5.494924e+00	5.487168e+00	5.499512e+00	5.499161e+00	5.486384e+00	5.482517e+00
5.485390e+00	5.500031e+00	7.085276e+00	7.067506e+00	7.045273e+00	7.015545e+00
6.980343e+00	6.901995e+00	6.814852e+00	6.723852e+00	6.630894e+00	6.537575e+00
6.445154e+00	6.353965e+00	6.263614e+00	6.173863e+00	6.086331e+00	6.001346e+00
5.918766e+00	5.838073e+00	5.759674e+00	5.684167e+00	5.617598e+00	5.590035e+00
5.569348e+00	5.555645e+00	5.518647e+00	5.504143e+00	5.519149e+00	5.520047e+00
5.505227e+00	5.500372e+00	5.504641e+00	5.521300e+00	7.496989e+00	7.441311e+00
7.384014e+00	7.324350e+00	7.264104e+00	7.147276e+00	7.032886e+00	6.919835e+00
6.807842e+00	6.696720e+00	6.585943e+00	6.476317e+00	6.368553e+00	6.262573e+00
6.158889e+00	6.056925e+00	5.958441e+00	5.864585e+00	5.776497e+00	5.696074e+00
5.625020e+00	5.596591e+00	5.576007e+00	5.562369e+00	5.520807e+00	5.504263e+00
5.520240e+00	5.521561e+00	5.506222e+00	5.501107e+00	5.505736e+00	5.522777e+00
7.842925e+00	7.772473e+00	7.700205e+00	7.625133e+00	7.549256e+00	7.401402e+00
7.256399e+00	7.113800e+00	6.973637e+00	6.836046e+00	6.700790e+00	6.568839e+00
6.441222e+00	6.318154e+00	6.199402e+00	6.082190e+00	5.971960e+00	5.869924e+00
5.776801e+00	5.692593e+00	5.615779e+00	5.582988e+00	5.556101e+00	5.534742e+00
5.480447e+00	5.460417e+00	5.479598e+00	5.482053e+00	5.466720e+00	5.461501e+00
5.466186e+00	5.481784e+00	8.192456e+00	8.101123e+00	8.008641e+00	7.914048e+00
7.819374e+00	7.636191e+00	7.458369e+00	7.285511e+00	7.117637e+00	6.954896e+00
6.797065e+00	6.639494e+00	6.486627e+00	6.339819e+00	6.202895e+00	6.077897e+00
5.961200e+00	5.855378e+00	5.760882e+00	5.672319e+00	5.588878e+00	5.551504e+00
5.518495e+00	5.489814e+00	5.421609e+00	5.396565e+00	5.418465e+00	5.422500e+00
5.408486e+00	5.403502e+00	5.408109e+00	5.420558e+00	8.501435e+00	8.401362e+00
8.298270e+00	8.190747e+00	8.081561e+00	7.866895e+00	7.654777e+00	7.445534e+00
7.240122e+00	7.040044e+00	6.847430e+00	6.668838e+00	6.501881e+00	6.343866e+00
6.194433e+00	6.055156e+00	5.927898e+00	5.812478e+00	5.708863e+00	5.613343e+00
5.523035e+00	5.481488e+00	5.442803e+00	5.408502e+00	5.337450e+00	5.312329e+00
5.328281e+00	5.332416e+00	5.322987e+00	5.319460e+00	5.322895e+00	5.329672e+00
8.724143e+00	8.646649e+00	8.560991e+00	8.461371e+00	8.351501e+00	8.116329e+00
7.862242e+00	7.598672e+00	7.335245e+00	7.083092e+00	6.854031e+00	6.650936e+00
6.471622e+00	6.312453e+00	6.168073e+00	6.033232e+00	5.905173e+00	5.780021e+00
5.655394e+00	5.534378e+00	5.421095e+00	5.367774e+00	5.313898e+00	5.271005e+00
5.232330e+00	5.223476e+00	5.214048e+00	5.212723e+00	5.212176e+00	5.212246e+00
5.211967e+00	5.211862e+00	9.011116e+00	8.944689e+00	8.861345e+00	8.748363e+00
8.612710e+00	8.308253e+00	7.982894e+00	7.670594e+00	7.379626e+00	7.112420e+00
6.864854e+00	6.646095e+00	6.451629e+00	6.274063e+00	6.110660e+00	5.959005e+00
5.816813e+00	5.681312e+00	5.549764e+00	5.419002e+00	5.292403e+00	5.236040e+00
5.181439e+00	5.138713e+00	5.097000e+00	5.086781e+00	5.068242e+00	5.067335e+00
5.073590e+00	5.075546e+00	5.074424e+00	5.065983e+00	9.308911e+00	9.234929e+00
9.138108e+00	9.002573e+00	8.838097e+00	8.470090e+00	8.085787e+00	7.731572e+00
7.409544e+00	7.119295e+00	6.863969e+00	6.631786e+00	6.416684e+00	6.216637e+00
6.030406e+00	5.858312e+00	5.699412e+00	5.553179e+00	5.416499e+00	5.278037e+00
5.140118e+00	5.081833e+00	5.027628e+00	4.985283e+00	4.936582e+00	4.922669e+00
4.898748e+00	4.898906e+00	4.910491e+00	4.913804e+00	4.912443e+00	4.896823e+00
9.599804e+00	9.496386e+00	9.370906e+00	9.207694e+00	9.016739e+00	8.600166e+00
8.173083e+00	7.780703e+00	7.427426e+00	7.109831e+00	6.824569e+00	6.568609e+00
6.335401e+00	6.119324e+00	5.917849e+00	5.730574e+00	5.557431e+00	5.398658e+00
5.251497e+00	5.102235e+00	4.953734e+00	4.892329e+00	4.835575e+00	4.791021e+00
4.738817e+00	4.723636e+00	4.696034e+00	4.696404e+00	4.710515e+00	4.714565e+00
4.713135e+00	4.693964e+00	9.868179e+00	9.735930e+00	9.583076e+00	9.393496e+00
9.176848e+00	8.709806e+00	8.229326e+00	7.788530e+00	7.413142e+00	7.074044e+00
6.763086e+00	6.485729e+00	6.232696e+00	5.997467e+00	5.778176e+00	5.574892e+00
5.387757e+00	5.215657e+00	5.055560e+00	4.895723e+00	4.738792e+00	4.672108e+00
4.609781e+00	4.561070e+00	4.505649e+00	4.489705e+00	4.464006e+00	4.464095e+00
4.476048e+00	4.479516e+00	4.478151e+00	4.461530e+00	1.013294e+01	9.963806e+00
9.776214e+00	9.555103e+00	9.309845e+00	8.792526e+00	8.268529e+00	7.792782e+00
7.380590e+00	7.011144e+00	6.679874e+00	6.382708e+00	6.110176e+00	5.855612e+00
5.618518e+00	5.399586e+00	5.198907e+00	5.013342e+00	4.839530e+00	4.669855e+00
4.506018e+00	4.433021e+00	4.363442e+00	4.309311e+00	4.251054e+00	4.235139e+00
4.214734e+00	4.214189e+00	4.221012e+00	4.223053e+00	4.221976e+00	4.211813e+00
1.042416e+01	1.018172e+01	9.926914e+00	9.653020e+00	9.368423e+00	8.802761e+00
8.269252e+00	7.784444e+00	7.339630e+00	6.941723e+00	6.585648e+00	6.264764e+00
5.970865e+00	5.697884e+00	5.444161e+00	5.209208e+00	4.993553e+00	4.794283e+00
4.608556e+00	4.430300e+00	4.258803e+00	4.179200e+00	4.101711e+00	4.041083e+00
3.980004e+00	3.966049e+00	3.951772e+00	3.950217e+00	3.950543e+00	3.950787e+00
3.950484e+00	3.948801e+00	1.072640e+01	1.038318e+01	1.004495e+01	9.715456e+00
9.396954e+00	8.796907e+00	8.244243e+00	7.737915e+00	7.274553e+00	6.852320e+00
6.469426e+00	6.122157e+00	5.805999e+00	5.516220e+00	5.247439e+00	4.996427e+00
4.764571e+00	4.551225e+00	4.354741e+00	4.168801e+00	3.989058e+00	3.902383e+00
3.816168e+00	3.747996e+00	3.684185e+00	3.673850e+00	3.666796e+00	3.663885e+00
3.656248e+00	3.654295e+00	3.655214e+00	3.664114e+00	1.093081e+01	1.054774e+01
1.017041e+01	9.804953e+00	9.455360e+00	8.795024e+00	8.205084e+00	7.667420e+00
7.178876e+00	6.735556e+00	6.334244e+00	5.970107e+00	5.637312e+00	5.330753e+00
5.046335e+00	4.781514e+00	4.536643e+00	4.309898e+00	4.098870e+00	3.901751e+00
3.714667e+00	3.622826e+00	3.531351e+00	3.459713e+00	3.393670e+00	3.382402e+00
3.377737e+00	3.374598e+00	3.364743e+00	3.362208e+00	3.363346e+00	3.374807e+00
1.109552e+01	1.069298e+01	1.029538e+01	9.905720e+00	9.528673e+00	8.794002e+00
8.146995e+00	7.567364e+00	7.053734e+00	6.595692e+00	6.183910e+00	5.810034e+00
5.464786e+00	5.142488e+00	4.843053e+00	4.566282e+00	4.310505e+00	4.071246e+00
3.844552e+00	3.635005e+00	3.441379e+00	3.345893e+00	3.251592e+00	3.179029e+00
3.111251e+00	3.096800e+00	3.091440e+00	3.088730e+00	3.080133e+00	3.077965e+00
3.078775e+00	3.088025e+00	1.127861e+01	1.083339e+01	1.039344e+01	9.964907e+00
9.550643e+00	8.787343e+00	8.087359e+00	7.474954e+00	6.938271e+00	6.463162e+00
6.037256e+00	5.651007e+00	5.294269e+00	4.960862e+00	4.650396e+00	4.362223e+00
4.094391e+00	3.842987e+00	3.604587e+00	3.384398e+00	3.182674e+00	3.084588e+00
2.988855e+00	2.915964e+00	2.846490e+00	2.829857e+00	2.821332e+00	2.819132e+00
2.813472e+00	2.812103e+00	2.812460e+00	2.817714e+00	1.149075e+01	1.096795e+01
1.046333e+01	9.991414e+00	9.551033e+00	8.741902e+00	8.024544e+00	7.392028e+00
6.834364e+00	6.338683e+00	5.893332e+00	5.490712e+00	5.123558e+00	4.784950e+00
4.468163e+00	4.168780e+00	3.886848e+00	3.623090e+00	3.377184e+00	3.147823e+00
2.935576e+00	2.835996e+00	2.740403e+00	2.667834e+00	2.596535e+00	2.578716e+00
2.563822e+00	2.562269e+00	2.561774e+00	2.561773e+00	2.561489e+00	2.560307e+00
1.167421e+01	1.109409e+01	1.053974e+01	1.003058e+01	9.560245e+00	8.711819e+00
7.968259e+00	7.313977e+00	6.738050e+00	6.226613e+00	5.766683e+00	5.350790e+00
4.972671e+00	4.625274e+00	4.299819e+00	3.990606e+00	3.698293e+00	3.425005e+00
3.171770e+00	2.934691e+00	2.713992e+00	2.611498e+00	2.514136e+00	2.440770e+00
2.367985e+00	2.349609e+00	2.332025e+00	2.330723e+00	2.332391e+00	2.332960e+00
2.332509e+00	2.328692e+00	1.183396e+01	1.121252e+01	1.062164e+01	1.008389e+01
9.591163e+00	8.701234e+00	7.925146e+00	7.248432e+00	6.656295e+00	6.132044e+00
5.660395e+00	5.233044e+00	4.843624e+00	4.485255e+00	4.149772e+00	3.831870e+00
3.531846e+00	3.251144e+00	2.990829e+00	2.747108e+00	2.519222e+00	2.412762e+00
2.311942e+00	2.236475e+00	2.162352e+00	2.143894e+00	2.126673e+00	2.125302e+00
2.126573e+00	2.127049e+00	2.126715e+00	2.123441e+00	1.198371e+01	1.132564e+01
1.070272e+01	1.014099e+01	9.629039e+00	8.702236e+00	7.904292e+00	7.209800e+00
6.602166e+00	6.064705e+00	5.580732e+00	5.141563e+00	4.741030e+00	4.372310e+00
4.027575e+00	3.701708e+00	3.394663e+00	3.107422e+00	2.840599e+00	2.590654e+00
2.355384e+00	2.244591e+00	2.139254e+00	2.060369e+00	1.984591e+00	1.966183e+00
1.950731e+00	1.949136e+00	1.948664e+00	1.948737e+00	1.948485e+00	1.947313e+00
1.212138e+01	1.143359e+01	1.078533e+01	1.020534e+01	9.679300e+00	8.726187e+00
7.910875e+00	7.201773e+00	6.577948e+00	6.025576e+00	5.527237e+00	5.074279e+00
4.664584e+00	4.286867e+00	3.933951e+00	3.601021e+00	3.287782e+00	2.994675e+00
2.721639e+00	2.465463e+00	2.222527e+00	2.107148e+00	1.997015e+00	1.914449e+00
1.836375e+00	1.817736e+00	1.803630e+00	1.801809e+00	1.799790e+00	1.799509e+00
1.799339e+00	1.799954e+00	1.224900e+01	1.153815e+01	1.087043e+01	1.027691e+01
9.740533e+00	8.767374e+00	7.929148e+00	7.205528e+00	6.576033e+00	6.018044e+00
5.514239e+00	5.056194e+00	4.633439e+00	4.244388e+00	3.881578e+00	3.540007e+00
3.218978e+00	2.918346e+00	2.637243e+00	2.373333e+00	2.121324e+00	2.000619e+00
1.885148e+00	1.798420e+00	1.716681e+00	1.697206e+00	1.683034e+00	1.681068e+00
1.678389e+00	1.677961e+00	1.677825e+00	1.679015e+00	1.236488e+01	1.163857e+01
1.095849e+01	1.035767e+01	9.816412e+00	8.832221e+00	7.985276e+00	7.252642e+00
6.611572e+00	6.041802e+00	5.526160e+00	5.056330e+00	4.626378e+00	4.230040e+00
3.860240e+00	3.512106e+00	3.184796e+00	2.877820e+00	2.589698e+00	2.316036e+00
2.052721e+00	1.925522e+00	1.803476e+00	1.711411e+00	1.624200e+00	1.603206e+00
1.587555e+00	1.585503e+00	1.582961e+00	1.582571e+00	1.582421e+00	1.583131e+00
1.247195e+01	1.173539e+01	1.104755e+01	1.044320e+01	9.900046e+00	8.909460e+00
8.056861e+00	7.317264e+00	6.668463e+00	6.090314e+00	5.565874e+00	5.086399e+00
4.652625e+00	4.252534e+00	3.878761e+00	3.526334e+00	3.194486e+00	2.882899e+00
2.590226e+00	2.300169e+00	2.016601e+00	1.877675e+00	1.746231e+00	1.647252e+00
1.552266e+00	1.528977e+00	1.510786e+00	1.508600e+00	1.506497e+00	1.506206e+00
1.506017e+00	1.506009e+00	1.257344e+01	1.182941e+01	1.113657e+01	1.053127e+01
9.988621e+00	8.996313e+00	8.142573e+00	7.399346e+00	6.745954e+00	6.163073e+00
5.634716e+00	5.152524e+00	4.711582e+00	4.304011e+00	3.922024e+00	3.560393e+00
3.218478e+00	2.896175e+00	2.591772e+00	2.291018e+00	1.993095e+00	1.845077e+00
1.703723e+00	1.595805e+00	1.491731e+00	1.465911e+00	1.445020e+00	1.442652e+00
1.440901e+00	1.440694e+00	1.440465e+00	1.439901e+00	1.266892e+01	1.191922e+01
1.122314e+01	1.061836e+01	1.007764e+01	9.086277e+00	8.233326e+00	7.488067e+00
6.831390e+00	6.244871e+00	5.713328e+00	5.228326e+00	4.783141e+00	4.370496e+00
3.981866e+00	3.611649e+00	3.259467e+00	2.925476e+00	2.606870e+00	2.299611e+00
1.994627e+00	1.842194e+00	1.684916e+00	1.558386e+00	1.441797e+00	1.412906e+00
1.389216e+00	1.386481e+00	1.384533e+00	1.384322e+00	1.384040e+00	1.383754e+00
1.275685e+01	1.200330e+01	1.130587e+01	1.070351e+01	1.016680e+01	9.180871e+00
8.332647e+00	7.589046e+00	6.932653e+00	6.346204e+00	5.815356e+00	5.331346e+00
4.886832e+00	4.473665e+00	4.082141e+00	3.706092e+00	3.345799e+00	3.002474e+00
2.673828e+00	2.349550e+00	2.019907e+00	1.851545e+00	1.676190e+00	1.532664e+00
1.401278e+00	1.369011e+00	1.342736e+00	1.339534e+00	1.336900e+00	1.336583e+00
1.336284e+00	1.336848e+00	1.283665e+01	1.207785e+01	1.137830e+01	1.077892e+01
1.024793e+01	9.272564e+00	8.433330e+00	7.696311e+00	7.044584e+00	6.461223e+00
5.932115e+00	5.448702e+00	5.003794e+00	4.589300e+00	4.195486e+00	3.815817e+00
3.449823e+00	3.097665e+00	2.756248e+00	2.414176e+00	2.059510e+00	1.873942e+00
1.682276e+00	1.524650e+00	1.366204e+00	1.330301e+00	1.303512e+00	1.299908e+00
1.295287e+00	1.294461e+00	1.294492e+00	1.296522e+00	1.291057e+01	1.214624e+01
1.144453e+01	1.084866e+01	1.032451e+01	9.363152e+00	8.536166e+00	7.809736e+00
7.166648e+00	6.589611e+00	6.064058e+00	5.581904e+00	5.136690e+00	4.721117e+00
4.326375e+00	3.945889e+00	3.577485e+00	3.218424e+00	2.863581e+00	2.502131e+00
2.121091e+00	1.918381e+00	1.703362e+00	1.519931e+00	1.335126e+00	1.295483e+00
1.269042e+00	1.265074e+00	1.257966e+00	1.256466e+00	1.256972e+00	1.260687e+00
1.297182e+01	1.220433e+01	1.150284e+01	1.091277e+01	1.039748e+01	9.452915e+00
8.639667e+00	7.925115e+00	7.291936e+00	6.722644e+00	6.202326e+00	5.723250e+00
5.279462e+00	4.864205e+00	4.469257e+00	4.087986e+00	3.717021e+00	3.351531e+00
2.984461e+00	2.604036e+00	2.194634e+00	1.972243e+00	1.730530e+00	1.519980e+00
1.309544e+00	1.264768e+00	1.238619e+00	1.234345e+00	1.224465e+00	1.222214e+00
1.223286e+00	1.228423e+00	1.302103e+01	1.225235e+01	1.155299e+01	1.097064e+01
1.046613e+01	9.541537e+00	8.743800e+00	8.042730e+00	7.421100e+00	6.861510e+00
6.348889e+00	5.875702e+00	5.436123e+00	5.023486e+00	4.629485e+00	4.247346e+00
3.873482e+00	3.502641e+00	3.126456e+00	2.729588e+00	2.290821e+00	2.045818e+00
1.773752e+00	1.533128e+00	1.288933e+00	1.238179e+00	1.212365e+00	1.207838e+00
1.194914e+00	1.191836e+00	1.193560e+00	1.199901e+00	1.305544e+01	1.228753e+01
1.159267e+01	1.102065e+01	1.052902e+01	9.626481e+00	8.845972e+00	8.159705e+00
7.550768e+00	7.001871e+00	6.497909e+00	6.031530e+00	5.597147e+00	5.188213e+00
4.796444e+00	4.414938e+00	4.039791e+00	3.665172e+00	3.281168e+00	2.868691e+00
2.400354e+00	2.131849e+00	1.827067e+00	1.553558e+00	1.274194e+00	1.215515e+00
1.188588e+00	1.183863e+00	1.168389e+00	1.164596e+00	1.166921e+00	1.173697e+00
1.307601e+01	1.231106e+01	1.162277e+01	1.106317e+01	1.058627e+01	9.707372e+00
8.945672e+00	8.275372e+00	7.680091e+00	7.142734e+00	6.648288e+00	6.189607e+00
5.761414e+00	5.357342e+00	4.969244e+00	4.590119e+00	4.215627e+00	3.839155e+00
3.449028e+00	3.022328e+00	2.525034e+00	2.232632e+00	1.893389e+00	1.585312e+00
1.265741e+00	1.196846e+00	1.167203e+00	1.162280e+00	1.144724e+00	1.140335e+00
1.143224e+00	1.149630e+00	1.308383e+01	1.232254e+01	1.164251e+01	1.109792e+01
1.063758e+01	9.783413e+00	9.041808e+00	8.388312e+00	7.807316e+00	7.282131e+00
6.797934e+00	6.347870e+00	5.926910e+00	5.528954e+00	5.145997e+00	4.770973e+00
4.399071e+00	4.022780e+00	3.628587e+00	3.189586e+00	2.664566e+00	2.348094e+00
1.973348e+00	1.627865e+00	1.263176e+00	1.183207e+00	1.147770e+00	1.142518e+00
1.123756e+00	1.119034e+00	1.122272e+00	1.127465e+00	1.307467e+01	1.231865e+01
1.164963e+01	1.112051e+01	1.067664e+01	9.846860e+00	9.126328e+00	8.491382e+00
7.927047e+00	7.416528e+00	6.944530e+00	6.504293e+00	6.091272e+00	5.699950e+00
5.322932e+00	4.953320e+00	4.585875e+00	4.212167e+00	3.816883e+00	3.369281e+00
2.819908e+00	2.479419e+00	2.066226e+00	1.679576e+00	1.269862e+00	1.175673e+00
1.128246e+00	1.122013e+00	1.104534e+00	1.100626e+00	1.104291e+00	1.106823e+00
1.303595e+01	1.229891e+01	1.164789e+01	1.114355e+01	1.072439e+01	9.927518e+00
9.228988e+00	8.607926e+00	8.052190e+00	7.548090e+00	7.083662e+00	6.652806e+00
6.250573e+00	5.870727e+00	5.504836e+00	5.145077e+00	4.785578e+00	4.416672e+00
4.020389e+00	3.560094e+00	2.978976e+00	2.613632e+00	2.168329e+00	1.747037e+00
1.286129e+00	1.174217e+00	1.107348e+00	1.101957e+00	1.090873e+00	1.086908e+00
1.084428e+00	1.088517e+00	1.291630e+01	1.222974e+01	1.162830e+01	1.116726e+01
1.078383e+01	1.003227e+01	9.355942e+00	8.741215e+00	8.183152e+00	7.675633e+00
7.213557e+00	6.791344e+00	6.402684e+00	6.039506e+00	5.690659e+00	5.346043e+00
4.998766e+00	4.637428e+00	4.240197e+00	3.761830e+00	3.139962e+00	2.749392e+00
2.281936e+00	1.839812e+00	1.325482e+00	1.178731e+00	1.086654e+00	1.083564e+00
1.081784e+00	1.077063e+00	1.062402e+00	1.072833e+00	1.287844e+01	1.220555e+01
1.162088e+01	1.117829e+01	1.081382e+01	1.009172e+01	9.438648e+00	8.842072e+00
8.297995e+00	7.801754e+00	7.350037e+00	6.938132e+00	6.560005e+00	6.207686e+00
5.870092e+00	5.536967e+00	5.200949e+00	4.849510e+00	4.458057e+00	3.974798e+00
3.328421e+00	2.915483e+00	2.416697e+00	1.937940e+00	1.362824e+00	1.190087e+00
1.075014e+00	1.069231e+00	1.070083e+00	1.065275e+00	1.047032e+00	1.058562e+00
1.285527e+01	1.219041e+01	1.161613e+01	1.118711e+01	1.083725e+01	1.013892e+01
9.506933e+00	8.929673e+00	8.403344e+00	7.923157e+00	7.485235e+00	7.085067e+00
6.717231e+00	6.374544e+00	6.046899e+00	5.724528e+00	5.399872e+00	5.059732e+00
4.677722e+00	4.197507e+00	3.538052e+00	3.105775e+00	2.570674e+00	2.045529e+00
1.402170e+00	1.207591e+00	1.067182e+00	1.058115e+00	1.057276e+00	1.052725e+00
1.034797e+00	1.045406e+00	1.285566e+01	1.219178e+01	1.161972e+01	1.120212e+01
1.086320e+01	1.018111e+01	9.564550e+00	9.002580e+00	8.491378e+00	8.026138e+00
7.602777e+00	7.216742e+00	6.862607e+00	6.533099e+00	6.217797e+00	5.906748e+00
5.592700e+00	5.262946e+00	4.891835e+00	4.423601e+00	3.767917e+00	3.322617e+00
2.749258e+00	2.168645e+00	1.443087e+00	1.224199e+00	1.067625e+00	1.054022e+00
1.043467e+00	1.039210e+00	1.027446e+00	1.033680e+00	1.286683e+01	1.220284e+01
1.163365e+01	1.122074e+01	1.088804e+01	1.021737e+01	9.612601e+00	9.063264e+00
8.565414e+00	8.114280e+00	7.705721e+00	7.335029e+00	6.996476e+00	6.682217e+00
6.380695e+00	6.081313e+00	5.777462e+00	5.457801e+00	5.099412e+00	4.651794e+00
4.018273e+00	3.568715e+00	2.957041e+00	2.311643e+00	1.488264e+00	1.242828e+00
1.072618e+00	1.052291e+00	1.029294e+00	1.025402e+00	1.022683e+00	1.023444e+00
1.284136e+01	1.218343e+01	1.162086e+01	1.121703e+01	1.089769e+01	1.025104e+01
9.665213e+00	9.132383e+00	8.649202e+00	8.211351e+00	7.815034e+00	7.455924e+00
7.128730e+00	6.826187e+00	6.537398e+00	6.252245e+00	5.964061e+00	5.661130e+00
5.319355e+00	4.884515e+00	4.251448e+00	3.792296e+00	3.157237e+00	2.471099e+00
1.560334e+00	1.280357e+00	1.072943e+00	1.046291e+00	1.021293e+00	1.017480e+00
1.013592e+00	1.014723e+00	1.277573e+01	1.213373e+01	1.158846e+01	1.120596e+01
1.090350e+01	1.028268e+01	9.719168e+00	9.204876e+00	8.736961e+00	8.311796e+00
7.926238e+00	7.576710e+00	7.258782e+00	6.966333e+00	6.689963e+00	6.420632e+00
6.151457e+00	5.869641e+00	5.547732e+00	5.122415e+00	4.479679e+00	4.009129e+00
3.359504e+00	2.648160e+00	1.660332e+00	1.340397e+00	1.072962e+00	1.037068e+00
1.015447e+00	1.011645e+00	1.001630e+00	1.006970e+00	1.274396e+01	1.211177e+01
1.157806e+01	1.120329e+01	1.091276e+01	1.031338e+01	9.767441e+00	9.268434e+00
8.813985e+00	8.400929e+00	8.026517e+00	7.687632e+00	7.380389e+00	7.099356e+00
6.836055e+00	6.582161e+00	6.330950e+00	6.069337e+00	5.768352e+00	5.359459e+00
4.720787e+00	4.245079e+00	3.581992e+00	2.840917e+00	1.766140e+00	1.403547e+00
1.074239e+00	1.034480e+00	1.009214e+00	1.005389e+00	9.937163e-01	1.000508e+00
1.273585e+01	1.210751e+01	1.157883e+01	1.121257e+01	1.092993e+01	1.034323e+01
9.809330e+00	9.321913e+00	8.878769e+00	8.476952e+00	8.113874e+00	7.786615e+00
7.491508e+00	7.223269e+00	6.973562e+00	6.734235e+00	6.499116e+00	6.255784e+00
5.976101e+00	5.591927e+00	4.976883e+00	4.505877e+00	3.830847e+00	3.052367e+00
1.877354e+00	1.469892e+00	1.088170e+00	1.036801e+00	1.002379e+00	9.984924e-01
9.893072e-01	9.953682e-01	1.272699e+01	1.210239e+01	1.157847e+01	1.121884e+01
1.094258e+01	1.036678e+01	9.843358e+00	9.366524e+00	8.934033e+00	8.543072e+00
8.191130e+00	7.875406e+00	7.592367e+00	7.336798e+00	7.100401e+00	6.875289e+00
6.656126e+00	6.431819e+00	6.175695e+00	5.819873e+00	5.233416e+00	4.770456e+00
4.087713e+00	3.275689e+00	2.001619e+00	1.545929e+00	1.105959e+00	1.041448e+00
9.953631e-01	9.910923e-01	9.851941e-01	9.904240e-01	1.271488e+01	1.209613e+01
1.157794e+01	1.122489e+01	1.095501e+01	1.039012e+01	9.876250e+00	9.408512e+00
8.984762e+00	8.602594e+00	8.259910e+00	7.954204e+00	7.682215e+00	7.439034e+00
7.216675e+00	7.007387e+00	6.805541e+00	6.599250e+00	6.362360e+00	6.031996e+00
5.480878e+00	5.036020e+00	4.361268e+00	3.526030e+00	2.143107e+00	1.630771e+00
1.122876e+00	1.046635e+00	9.919942e-01	9.874841e-01	9.829798e-01	9.861391e-01
1.269915e+01	1.209081e+01	1.158274e+01	1.123835e+01	1.097574e+01	1.042236e+01
9.916952e+00	9.455646e+00	9.037059e+00	8.659818e+00	8.322870e+00	8.024285e+00
7.761339e+00	7.529917e+00	7.323055e+00	7.133042e+00	6.951700e+00	6.761379e+00
6.533691e+00	6.219277e+00	5.709348e+00	5.298787e+00	4.663923e+00	3.828791e+00
2.307116e+00	1.721002e+00	1.133058e+00	1.048599e+00	9.950509e-01	9.912780e-01
9.827907e-01	9.830380e-01	1.269852e+01	1.209378e+01	1.158955e+01	1.124650e+01
1.098579e+01	1.043758e+01	9.938547e+00	9.484956e+00	9.074962e+00	8.706763e+00
8.378764e+00	8.089002e+00	7.834934e+00	7.612636e+00	7.415365e+00	7.236562e+00
7.071138e+00	6.907165e+00	6.717982e+00	6.438274e+00	5.945228e+00	5.543223e+00
4.928502e+00	4.102465e+00	2.492985e+00	1.836195e+00	1.156260e+00	1.058220e+00
9.942018e-01	9.882667e-01	9.811452e-01	9.797966e-01	1.269257e+01	1.209229e+01
1.159143e+01	1.125352e+01	1.099648e+01	1.045525e+01	9.962775e+00	9.515747e+00
9.112234e+00	8.750606e+00	8.429554e+00	8.147379e+00	7.901820e+00	7.689285e+00
7.503435e+00	7.338268e+00	7.189664e+00	7.047138e+00	6.884569e+00	6.635355e+00
6.175204e+00	5.791117e+00	5.196324e+00	4.376314e+00	2.693237e+00	1.966840e+00
1.187145e+00	1.072261e+00	9.938667e-01	9.865007e-01	9.779822e-01	9.770645e-01
1.266461e+01	1.207859e+01	1.158976e+01	1.126001e+01	1.100935e+01	1.047842e+01
9.992729e+00	9.550181e+00	9.149838e+00	8.791259e+00	8.474383e+00	8.197992e+00
7.960216e+00	7.758094e+00	7.586169e+00	7.438360e+00	7.308088e+00	7.179206e+00
7.025098e+00	6.797840e+00	6.391657e+00	6.041927e+00	5.470138e+00	4.650753e+00
2.906230e+00	2.113332e+00	1.226617e+00	1.091086e+00	9.943796e-01	9.862347e-01
9.734645e-01	9.749603e-01	1.265816e+01	1.207881e+01	1.159305e+01	1.126756e+01
1.101954e+01	1.049368e+01	1.001270e+01	9.574680e+00	9.178840e+00	8.824849e+00
8.512816e+00	8.241791e+00	8.010258e+00	7.815749e+00	7.653484e+00	7.518068e+00
7.403385e+00	7.293475e+00	7.162300e+00	6.964874e+00	6.599132e+00	6.273041e+00
5.724339e+00	4.921555e+00	3.142726e+00	2.279338e+00	1.269243e+00	1.112511e+00
9.964218e-01	9.862827e-01	9.729316e-01	9.731430e-01	1.265359e+01	1.207913e+01
1.159942e+01	1.127538e+01	1.102856e+01	1.050633e+01	1.002927e+01	9.595427e+00
9.204069e+00	8.854787e+00	8.547571e+00	8.281615e+00	8.055711e+00	7.867821e+00
7.713768e+00	7.588997e+00	7.488496e+00	7.398014e+00	7.293224e+00	7.128139e+00
6.799827e+00	6.495757e+00	5.972847e+00	5.195120e+00	3.397467e+00	2.462131e+00
1.316926e+00	1.137410e+00	1.000127e+00	9.864087e-01	9.725846e-01	9.715293e-01
1.264552e+01	1.207862e+01	1.160481e+01	1.128269e+01	1.103658e+01	1.051740e+01
1.004365e+01	9.613469e+00	9.226107e+00	8.881128e+00	8.578485e+00	8.317452e+00
8.097056e+00	7.915542e+00	7.769130e+00	7.653823e+00	7.565424e+00	7.490963e+00
7.407873e+00	7.272225e+00	6.985175e+00	6.709105e+00	6.221267e+00	5.474047e+00
3.656156e+00	2.654843e+00	1.375104e+00	1.169152e+00	1.004421e+00	9.866737e-01
9.710635e-01	9.702129e-01	1.263177e+01	1.207523e+01	1.160922e+01	1.128929e+01
1.104325e+01	1.052654e+01	1.005553e+01	9.628493e+00	9.244625e+00	8.903490e+00
8.605036e+00	8.348572e+00	8.133296e+00	7.957624e+00	7.818009e+00	7.710826e+00
7.632555e+00	7.571354e+00	7.506501e+00	7.397632e+00	7.152960e+00	6.908439e+00
6.462785e+00	5.751919e+00	3.917592e+00	2.858862e+00	1.447883e+00	1.211305e+00
1.010303e+00	9.874277e-01	9.679050e-01	9.691345e-01	1.260849e+01	1.206719e+01
1.160942e+01	1.129323e+01	1.104646e+01	1.053233e+01	1.006393e+01	9.639675e+00
9.258721e+00	8.920678e+00	8.625517e+00	8.372663e+00	8.161487e+00	7.990629e+00
7.856837e+00	7.756887e+00	7.687995e+00	7.639497e+00	7.592484e+00	7.509484e+00
7.304662e+00	7.089079e+00	6.681939e+00	6.011522e+00	4.190734e+00	3.079064e+00
1.528402e+00	1.258677e+00	1.017923e+00	9.887360e-01	9.677637e-01	9.679282e-01
1.257453e+01	1.205252e+01	1.160943e+01	1.129617e+01	1.104860e+01	1.053676e+01
1.007073e+01	9.648954e+00	9.270553e+00	8.935185e+00	8.642852e+00	8.393113e+00
8.185495e+00	8.018870e+00	7.890286e+00	7.796921e+00	7.736729e+00	7.700232e+00
7.670351e+00	7.612382e+00	7.446163e+00	7.258454e+00	6.888521e+00	6.261420e+00
4.475475e+00	3.316312e+00	1.618111e+00	1.312110e+00	1.027459e+00	9.910152e-01
9.678550e-01	9.667011e-01	1.253986e+01	1.203862e+01	1.160972e+01	1.130039e+01
1.105176e+01	1.054199e+01	1.007776e+01	9.657854e+00	9.281459e+00	8.948320e+00
8.658485e+00	8.411585e+00	8.207171e+00	8.044252e+00	7.920222e+00	7.832667e+00
7.780131e+00	7.754078e+00	7.739412e+00	7.705778e+00	7.578959e+00	7.418408e+00
7.082231e+00	6.493787e+00	4.762675e+00	3.573811e+00	1.718403e+00	1.371052e+00
1.038588e+00	9.947597e-01	9.679630e-01	9.658132e-01	1.250386e+01	1.202574e+01
1.161291e+01	1.130733e+01	1.105709e+01	1.054851e+01	1.008511e+01	9.666274e+00
9.291260e+00	8.959868e+00	8.672188e+00	8.427849e+00	8.226270e+00	8.066494e+00
7.946310e+00	7.863730e+00	7.817709e+00	7.800374e+00	7.798725e+00	7.788427e+00
7.701550e+00	7.566757e+00	7.258997e+00	6.701697e+00	5.046868e+00	3.855542e+00
1.833086e+00	1.437424e+00	1.052513e+00	1.003438e+00	9.681100e-01	9.652036e-01
1.247091e+01	1.201483e+01	1.161718e+01	1.131513e+01	1.106321e+01	1.055567e+01
1.009322e+01	9.675474e+00	9.301861e+00	8.972083e+00	8.686153e+00	8.443782e+00
8.244505e+00	8.087500e+00	7.970719e+00	7.892415e+00	7.852020e+00	7.842484e+00
7.852462e+00	7.861236e+00	7.808094e+00	7.699586e+00	7.427529e+00	6.910851e+00
5.327635e+00	4.138173e+00	1.963730e+00	1.515802e+00	1.069414e+00	1.011677e+00
9.688248e-01	9.649324e-01	1.244059e+01	1.200465e+01	1.162029e+01	1.132168e+01
1.106812e+01	1.056166e+01	1.010023e+01	9.683659e+00	9.311456e+00	8.983183e+00
8.698693e+00	8.457860e+00	8.260490e+00	8.105919e+00	7.992118e+00	7.917472e+00
7.881911e+00	7.879272e+00	7.899491e+00	7.923965e+00	7.899421e+00	7.816471e+00
7.584255e+00	7.115259e+00	5.601767e+00	4.419802e+00	2.112768e+00	1.607974e+00
1.089982e+00	1.019929e+00	9.705669e-01	9.647418e-01	1.241194e+01	1.199305e+01
1.162066e+01	1.132467e+01	1.106990e+01	1.056450e+01	1.010388e+01	9.688413e+00
9.317444e+00	8.990516e+00	8.707377e+00	8.468002e+00	8.272383e+00	8.119940e+00
8.008709e+00	7.937244e+00	7.905881e+00	7.909219e+00	7.938294e+00	7.976765e+00
7.977963e+00	7.918173e+00	7.723615e+00	7.302024e+00	5.866772e+00	4.703823e+00
2.280100e+00	1.711774e+00	1.114130e+00	1.030063e+00	9.723242e-01	9.643761e-01
1.238656e+01	1.198196e+01	1.162023e+01	1.132636e+01	1.107060e+01	1.056603e+01
1.010627e+01	9.691741e+00	9.321818e+00	8.996015e+00	8.714123e+00	8.476117e+00
8.282058e+00	8.131457e+00	8.022435e+00	7.953740e+00	7.926059e+00	7.934546e+00
7.971295e+00	8.022019e+00	8.045957e+00	8.007030e+00	7.848341e+00	7.474236e+00
6.122125e+00	4.987643e+00	2.467664e+00	1.828852e+00	1.142613e+00	1.042407e+00
9.747583e-01	9.639395e-01	1.236755e+01	1.197565e+01	1.162099e+01	1.132961e+01
1.107257e+01	1.056901e+01	1.011018e+01	9.696495e+00	9.327478e+00	9.002649e+00
8.721847e+00	8.485069e+00	8.292389e+00	8.143388e+00	8.036283e+00	7.970031e+00
7.945604e+00	7.958623e+00	8.002086e+00	8.063699e+00	8.107909e+00	8.087807e+00
7.963076e+00	7.635967e+00	6.370853e+00	5.272800e+00	2.673264e+00	1.959222e+00
1.175615e+00	1.057268e+00	9.778873e-01	9.637958e-01	1.235395e+01	1.197261e+01
1.162557e+01	1.133544e+01	1.107751e+01	1.057445e+01	1.011610e+01	9.702958e+00
9.334528e+00	9.010403e+00	8.730442e+00	8.494686e+00	8.303146e+00	8.155439e+00
8.049898e+00	7.985701e+00	7.964029e+00	7.980870e+00	8.029956e+00	8.100914e+00
8.162540e+00	8.158800e+00	8.065220e+00	7.783429e+00	6.607481e+00	5.553386e+00
2.896806e+00	2.105450e+00	1.215163e+00	1.076137e+00	9.820861e-01	9.637891e-01
1.233580e+01	1.196432e+01	1.162390e+01	1.133500e+01	1.107636e+01	1.057386e+01
1.011618e+01	9.703732e+00	9.335965e+00	9.012552e+00	8.733463e+00	8.498692e+00
8.308221e+00	8.161687e+00	8.057528e+00	7.995121e+00	7.975808e+00	7.995849e+00
8.049645e+00	8.128546e+00	8.205023e+00	8.215406e+00	8.149924e+00	7.911245e+00
6.826620e+00	5.823176e+00	3.134775e+00	2.267101e+00	1.261059e+00	1.098843e+00
9.867532e-01	9.634677e-01	1.231755e+01	1.195481e+01	1.162136e+01	1.133434e+01
1.107463e+01	1.057296e+01	1.011622e+01	9.704238e+00	9.336963e+00	9.014109e+00
8.735736e+00	8.501797e+00	8.312248e+00	8.166735e+00	8.063791e+00	8.002965e+00
7.985741e+00	8.008610e+00	8.066585e+00	8.152604e+00	8.242425e+00	8.265556e+00
8.226031e+00	8.028678e+00	7.036978e+00	6.089221e+00	3.388585e+00	2.444557e+00
1.313064e+00	1.125244e+00	9.920156e-01	9.629925e-01	1.230577e+01	1.195157e+01
1.162227e+01	1.133594e+01	1.107574e+01	1.057433e+01	1.011793e+01	9.706733e+00
9.340101e+00	9.017818e+00	8.740109e+00	8.506920e+00	8.318183e+00	8.173576e+00
8.071734e+00	8.012309e+00	7.996931e+00	8.022293e+00	8.083951e+00	8.176296e+00
8.277860e+00	8.312051e+00	8.295332e+00	8.136124e+00	7.237417e+00	6.348252e+00
3.655976e+00	2.639593e+00	1.372895e+00	1.156584e+00	9.983865e-01	9.629588e-01
1.229771e+01	1.195040e+01	1.162668e+01	1.134158e+01	1.108041e+01	1.057933e+01
1.012326e+01	9.712194e+00	9.345733e+00	9.023647e+00	8.746218e+00	8.513447e+00
8.325250e+00	8.181323e+00	8.080376e+00	8.022084e+00	8.008220e+00	8.035656e+00
8.100418e+00	8.198184e+00	8.309761e+00	8.353269e+00	8.356038e+00	8.231218e+00
7.423661e+00	6.594831e+00	3.934702e+00	2.854068e+00	1.443842e+00	1.195559e+00
1.006428e+00	9.631142e-01	1.228527e+01	1.194575e+01	1.162587e+01	1.134139e+01
1.107990e+01	1.057916e+01	1.012330e+01	9.712336e+00	9.346103e+00	9.024460e+00
8.747472e+00	8.515165e+00	8.327528e+00	8.184302e+00	8.084322e+00	8.027683e+00
8.015305e+00	8.044150e+00	8.110603e+00	8.212582e+00	8.333118e+00	8.385098e+00
8.404499e+00	8.309743e+00	7.590246e+00	6.823620e+00	4.218186e+00	3.080102e+00
1.524410e+00	1.241000e+00	1.015599e+00	9.629831e-01	1.227131e+01	1.193820e+01
1.162332e+01	1.134017e+01	1.107806e+01	1.057795e+01	1.012256e+01	9.711948e+00
9.346137e+00	9.024729e+00	8.748010e+00	8.516011e+00	8.328778e+00	8.186096e+00
8.086929e+00	8.031821e+00	8.020732e+00	8.050690e+00	8.118388e+00	8.223963e+00
8.352500e+00	8.412090e+00	8.446198e+00	8.378800e+00	7.745151e+00	7.041766e+00
4.509647e+00	3.320321e+00	1.615327e+00	1.293434e+00	1.025986e+00	9.626485e-01
1.226854e+01	1.193699e+01	1.162328e+01	1.134021e+01	1.107760e+01	1.057711e+01
1.012182e+01	9.711756e+00	9.346287e+00	9.025412e+00	8.749230e+00	8.517760e+00
8.331058e+00	8.188815e+00	8.089594e+00	8.032815e+00	8.021769e+00	8.054723e+00
8.129256e+00	8.240639e+00	8.373010e+00	8.435755e+00	8.480042e+00	8.438366e+00
7.892580e+00	7.246543e+00	4.803251e+00	3.574429e+00	1.717267e+00	1.353509e+00
1.037852e+00	9.625626e-01	1.227840e+01	1.194639e+01	1.163071e+01	1.134460e+01
1.107914e+01	1.057660e+01	1.012104e+01	9.711697e+00	9.347270e+00	9.027732e+00
8.752781e+00	8.522284e+00	8.336093e+00	8.193514e+00	8.092312e+00	8.032685e+00
8.019148e+00	8.056814e+00	8.146536e+00	8.269092e+00	8.395517e+00	8.455862e+00
8.505894e+00	8.487772e+00	8.031305e+00	7.433684e+00	5.093150e+00	3.841850e+00
1.834166e+00	1.425387e+00	1.052137e+00	9.628001e-01	1.227908e+01	1.194818e+01
1.163468e+01	1.134826e+01	1.108146e+01	1.057782e+01	1.012225e+01	9.713074e+00
9.349554e+00	9.030751e+00	8.756347e+00	8.526244e+00	8.340302e+00	8.197746e+00
8.095952e+00	8.034538e+00	8.020751e+00	8.061177e+00	8.157151e+00	8.284307e+00
8.412356e+00	8.474878e+00	8.532616e+00	8.533777e+00	8.150402e+00	7.609761e+00
5.381784e+00	4.115531e+00	1.971600e+00	1.507290e+00	1.069058e+00	9.630374e-01
1.227440e+01	1.194766e+01	1.163576e+01	1.134981e+01	1.108301e+01	1.057987e+01
1.012437e+01	9.715346e+00	9.351756e+00	9.032930e+00	8.758586e+00	8.528599e+00
8.342822e+00	8.200546e+00	8.099225e+00	8.038950e+00	8.025901e+00	8.066782e+00
8.163321e+00	8.292346e+00	8.424636e+00	8.491458e+00	8.557720e+00	8.574555e+00
8.251975e+00	7.771669e+00	5.664638e+00	4.393494e+00	2.131056e+00	1.601645e+00
1.089237e+00	9.631457e-01	1.226762e+01	1.194396e+01	1.163459e+01	1.134938e+01
1.108233e+01	1.057953e+01	1.012425e+01	9.715403e+00	9.351947e+00	9.033210e+00
8.758981e+00	8.529136e+00	8.343508e+00	8.201422e+00	8.100573e+00	8.040825e+00
8.028392e+00	8.069896e+00	8.166705e+00	8.297165e+00	8.433249e+00	8.504207e+00
8.577320e+00	8.607275e+00	8.340439e+00	7.915104e+00	5.936132e+00	4.675073e+00
2.305629e+00	1.711314e+00	1.112809e+00	9.629426e-01	1.224632e+01	1.193048e+01
1.162749e+01	1.134613e+01	1.108112e+01	1.058081e+01	1.012622e+01	9.717014e+00
9.352742e+00	9.033133e+00	8.758115e+00	8.527855e+00	8.342289e+00	8.201077e+00
8.102526e+00	8.047015e+00	8.038068e+00	8.076312e+00	8.161173e+00	8.285376e+00
8.436203e+00	8.517960e+00	8.598180e+00	8.634570e+00	8.416337e+00	8.043055e+00
6.197319e+00	4.958099e+00	2.495813e+00	1.842484e+00	1.140581e+00	9.624998e-01
1.223596e+01	1.192451e+01	1.162461e+01	1.134482e+01	1.108072e+01	1.058184e+01
1.012777e+01	9.718421e+00	9.353578e+00	9.033179e+00	8.757815e+00	8.527393e+00
8.341888e+00	8.201105e+00	8.104443e+00	8.051404e+00	8.044353e+00	8.081101e+00
8.159109e+00	8.280646e+00	8.440037e+00	8.529067e+00	8.615635e+00	8.659786e+00
8.483808e+00	8.157028e+00	6.448033e+00	5.243429e+00	2.701672e+00	1.987367e+00
1.172968e+00	9.623581e-01	1.223434e+01	1.192404e+01	1.162504e+01	1.134525e+01
1.108095e+01	1.058225e+01	1.012835e+01	9.719104e+00	9.354256e+00	9.033947e+00
8.758658e+00	8.528469e+00	8.343280e+00	8.202861e+00	8.106172e+00	8.053262e+00
8.046472e+00	8.083642e+00	8.163071e+00	8.285901e+00	8.446920e+00	8.537099e+00
8.628969e+00	8.683459e+00	8.543209e+00	8.256421e+00	6.684928e+00	5.528444e+00
2.923996e+00	2.144770e+00	1.211664e+00	9.625194e-01	