1.166880e+00	1.190047e+00	1.213446e+00	1.237134e+00	1.261115e+00	1.309571e+00
1.358683e+00	1.408165e+00	1.457790e+00	1.507173e+00	1.556091e+00	1.604715e+00
1.653556e+00	1.704077e+00	1.759375e+00	1.821659e+00	1.889345e+00	1.956463e+00
2.016548e+00	2.069240e+00	2.113546e+00	2.131610e+00	2.149018e+00	2.165044e+00
2.191112e+00	2.197925e+00	2.202901e+00	2.203566e+00	2.204194e+00	2.204146e+00
2.204277e+00	2.204381e+00	1.257286e+00	1.281369e+00	1.305645e+00	1.330141e+00
1.354868e+00	1.404651e+00	1.454848e+00	1.505167e+00	1.555393e+00	1.605182e+00
1.654374e+00	1.703161e+00	1.752062e+00	1.802540e+00	1.857684e+00	1.919680e+00
1.986919e+00	2.053462e+00	2.112927e+00	2.165011e+00	2.208785e+00	2.226631e+00
2.243813e+00	2.259578e+00	2.285087e+00	2.291747e+00	2.296613e+00	2.297263e+00
2.297876e+00	2.297829e+00	2.297958e+00	2.298059e+00	1.354697e+00	1.379700e+00
1.404849e+00	1.430141e+00	1.455591e+00	1.506634e+00	1.557820e+00	1.608851e+00
1.659531e+00	1.709565e+00	1.758865e+00	1.807646e+00	1.856436e+00	1.906692e+00
1.961486e+00	2.022975e+00	2.089532e+00	2.155270e+00	2.213913e+00	2.265215e+00
2.308315e+00	2.325888e+00	2.342789e+00	2.358239e+00	2.383091e+00	2.389575e+00
2.394312e+00	2.394944e+00	2.395540e+00	2.395495e+00	2.395620e+00	2.395718e+00
1.459655e+00	1.485577e+00	1.511590e+00	1.537658e+00	1.563801e+00	1.616022e+00
1.668079e+00	1.719678e+00	1.770642e+00	1.820735e+00	1.869955e+00	1.918541e+00
1.967029e+00	2.016863e+00	2.071089e+00	2.131829e+00	2.197444e+00	2.262126e+00
2.319725e+00	2.370057e+00	2.412330e+00	2.429569e+00	2.446131e+00	2.461208e+00
2.485299e+00	2.491578e+00	2.496167e+00	2.496778e+00	2.497354e+00	2.497312e+00
2.497432e+00	2.497527e+00	1.572745e+00	1.599578e+00	1.626442e+00	1.653258e+00
1.680056e+00	1.733352e+00	1.786143e+00	1.838139e+00	1.889191e+00	1.939134e+00
1.988062e+00	2.036239e+00	2.084209e+00	2.133399e+00	2.186816e+00	2.246539e+00
2.310930e+00	2.374279e+00	2.430595e+00	2.479751e+00	2.521032e+00	2.537873e+00
2.554032e+00	2.568674e+00	2.591890e+00	2.597936e+00	2.602354e+00	2.602942e+00
2.603496e+00	2.603457e+00	2.603572e+00	2.603663e+00	1.694596e+00	1.722328e+00
1.750020e+00	1.777550e+00	1.804954e+00	1.859200e+00	1.912563e+00	1.964760e+00
2.015678e+00	2.065233e+00	2.113628e+00	2.161158e+00	2.208370e+00	2.256668e+00
2.309009e+00	2.367422e+00	2.430276e+00	2.491993e+00	2.546763e+00	2.594522e+00
2.634632e+00	2.651004e+00	2.666692e+00	2.680831e+00	2.703053e+00	2.708833e+00
2.713059e+00	2.713620e+00	2.714149e+00	2.714113e+00	2.714222e+00	2.714309e+00
1.825889e+00	1.854497e+00	1.882987e+00	1.911185e+00	1.939137e+00	1.994185e+00
2.047931e+00	2.100103e+00	2.150634e+00	2.199531e+00	2.247126e+00	2.293740e+00
2.339928e+00	2.387060e+00	2.438030e+00	2.494810e+00	2.555786e+00	2.615543e+00
2.668484e+00	2.714605e+00	2.753351e+00	2.769179e+00	2.784322e+00	2.797886e+00
2.818984e+00	2.824465e+00	2.828473e+00	2.829004e+00	2.829505e+00	2.829472e+00
2.829575e+00	2.829657e+00	1.967353e+00	1.996809e+00	2.026058e+00	2.054867e+00
2.083295e+00	2.138971e+00	2.192879e+00	2.244770e+00	2.294625e+00	2.342563e+00
2.389055e+00	2.434456e+00	2.479322e+00	2.524987e+00	2.574261e+00	2.629052e+00
2.687778e+00	2.745219e+00	2.796022e+00	2.840246e+00	2.877420e+00	2.892621e+00
2.907141e+00	2.920052e+00	2.939887e+00	2.945032e+00	2.948797e+00	2.949295e+00
2.949763e+00	2.949735e+00	2.949830e+00	2.949907e+00	2.119778e+00	2.150042e+00
2.179999e+00	2.209351e+00	2.238170e+00	2.294269e+00	2.348087e+00	2.399402e+00
2.448257e+00	2.494896e+00	2.539948e+00	2.583805e+00	2.627021e+00	2.670883e+00
2.718104e+00	2.770517e+00	2.826586e+00	2.881323e+00	2.929656e+00	2.971702e+00
3.007080e+00	3.021566e+00	3.035377e+00	3.047552e+00	3.065975e+00	3.070746e+00
3.074240e+00	3.074700e+00	3.075133e+00	3.075109e+00	3.075197e+00	3.075267e+00
2.284012e+00	2.315033e+00	2.345637e+00	2.375449e+00	2.404559e+00	2.460842e+00
2.514281e+00	2.564686e+00	2.612174e+00	2.657135e+00	2.700372e+00	2.742316e+00
2.783519e+00	2.825209e+00	2.869984e+00	2.919595e+00	2.972563e+00	3.024176e+00
3.069676e+00	3.109243e+00	3.142582e+00	3.156259e+00	3.169270e+00	3.180620e+00
3.197471e+00	3.201826e+00	3.205019e+00	3.205438e+00	3.205832e+00	3.205812e+00
3.205891e+00	3.205955e+00	2.460970e+00	2.492686e+00	2.523860e+00	2.554035e+00
2.583317e+00	2.639509e+00	2.692237e+00	2.741356e+00	2.787067e+00	2.829924e+00
2.870928e+00	2.910550e+00	2.949340e+00	2.988452e+00	3.030351e+00	3.076694e+00
3.126078e+00	3.174111e+00	3.216389e+00	3.253149e+00	3.284190e+00	3.296956e+00
3.309069e+00	3.319497e+00	3.334607e+00	3.338502e+00	3.341362e+00	3.341734e+00
3.342085e+00	3.342070e+00	3.342139e+00	3.342196e+00	2.651639e+00	2.683972e+00
2.715625e+00	2.746046e+00	2.775364e+00	2.831148e+00	2.882789e+00	2.930195e+00
2.973669e+00	3.013949e+00	3.052257e+00	3.089106e+00	3.125038e+00	3.161127e+00
3.199679e+00	3.242246e+00	3.287522e+00	3.331479e+00	3.370114e+00	3.403716e+00
3.432179e+00	3.443925e+00	3.455035e+00	3.464438e+00	3.477624e+00	3.481012e+00
3.483504e+00	3.483826e+00	3.484129e+00	3.484120e+00	3.484178e+00	3.484227e+00
2.857080e+00	2.889936e+00	2.921960e+00	2.952492e+00	2.981689e+00	3.036701e+00
3.086827e+00	3.132043e+00	3.172765e+00	3.209941e+00	3.245038e+00	3.278616e+00
3.311204e+00	3.343779e+00	3.378468e+00	3.416707e+00	3.457304e+00	3.496650e+00
3.531186e+00	3.561251e+00	3.586836e+00	3.597445e+00	3.607439e+00	3.615709e+00
3.626775e+00	3.629606e+00	3.631693e+00	3.631960e+00	3.632211e+00	3.632207e+00
3.632254e+00	3.632294e+00	3.078438e+00	3.111706e+00	3.143973e+00	3.174459e+00
3.203351e+00	3.257178e+00	3.305307e+00	3.347795e+00	3.385191e+00	3.418678e+00
3.449995e+00	3.479752e+00	3.508460e+00	3.536986e+00	3.567248e+00	3.600554e+00
3.635854e+00	3.670009e+00	3.699956e+00	3.726078e+00	3.748462e+00	3.757809e+00
3.766566e+00	3.773584e+00	3.782323e+00	3.784542e+00	3.786187e+00	3.786393e+00
3.786586e+00	3.786589e+00	3.786623e+00	3.786653e+00	3.316946e+00	3.350495e+00
3.382854e+00	3.413114e+00	3.441493e+00	3.493662e+00	3.539251e+00	3.578410e+00
3.611839e+00	3.640989e+00	3.667898e+00	3.693227e+00	3.717467e+00	3.741356e+00
3.766576e+00	3.794295e+00	3.823625e+00	3.851964e+00	3.876793e+00	3.898533e+00
3.917372e+00	3.925322e+00	3.932712e+00	3.938352e+00	3.944542e+00	3.946092e+00
3.947252e+00	3.947392e+00	3.947522e+00	3.947532e+00	3.947552e+00	3.947572e+00
3.576659e+00	3.610131e+00	3.642219e+00	3.671882e+00	3.699370e+00	3.749139e+00
3.791459e+00	3.826590e+00	3.855395e+00	3.879607e+00	3.901568e+00	3.921980e+00
3.941295e+00	3.960073e+00	3.979681e+00	4.001101e+00	4.023657e+00	4.045428e+00
4.064569e+00	4.081515e+00	4.096535e+00	4.103020e+00	4.109018e+00	4.113221e+00
4.116491e+00	4.117274e+00	4.117885e+00	4.117949e+00	4.118007e+00	4.118028e+00
4.118029e+00	4.118037e+00	3.854562e+00	3.887902e+00	3.919636e+00	3.948563e+00
3.974977e+00	4.021870e+00	4.060305e+00	4.090672e+00	4.114025e+00	4.132424e+00
4.148568e+00	4.163210e+00	4.176766e+00	4.189615e+00	4.202808e+00	4.217147e+00
4.232184e+00	4.246701e+00	4.259537e+00	4.271141e+00	4.281875e+00	4.286688e+00
4.291068e+00	4.293639e+00	4.293824e+00	4.293798e+00	4.293826e+00	4.293811e+00
4.293792e+00	4.293822e+00	4.293807e+00	4.293801e+00	4.140435e+00	4.174372e+00
4.206429e+00	4.235192e+00	4.261005e+00	4.305643e+00	4.340274e+00	4.365307e+00
4.382084e+00	4.393163e+00	4.401853e+00	4.409038e+00	4.415129e+00	4.420466e+00
4.425999e+00	4.432500e+00	4.439666e+00	4.446593e+00	4.452476e+00	4.457911e+00
4.463513e+00	4.466174e+00	4.468256e+00	4.468666e+00	4.466160e+00	4.465440e+00
4.464932e+00	4.464845e+00	4.464763e+00	4.464787e+00	4.464768e+00	4.464753e+00
4.431986e+00	4.467570e+00	4.500882e+00	4.530186e+00	4.555904e+00	4.598773e+00
4.629436e+00	4.648404e+00	4.657420e+00	4.659655e+00	4.659222e+00	4.657210e+00
4.654095e+00	4.650339e+00	4.646973e+00	4.644868e+00	4.643782e+00	4.642796e+00
4.641179e+00	4.639735e+00	4.639378e+00	4.639379e+00	4.638513e+00	4.636310e+00
4.631514e+00	4.630214e+00	4.629223e+00	4.629075e+00	4.628943e+00	4.628947e+00
4.628936e+00	4.628917e+00	4.727073e+00	4.766891e+00	4.803337e+00	4.833859e+00
4.859141e+00	4.897791e+00	4.921217e+00	4.932085e+00	4.932502e+00	4.925608e+00
4.915454e+00	4.903303e+00	4.889973e+00	4.876224e+00	4.862918e+00	4.850914e+00
4.840222e+00	4.830468e+00	4.821333e+00	4.813137e+00	4.806080e+00	4.802665e+00
4.798392e+00	4.793622e+00	4.786659e+00	4.784790e+00	4.783350e+00	4.783151e+00
4.782986e+00	4.782975e+00	4.782967e+00	4.782945e+00	5.029007e+00	5.074866e+00
5.115779e+00	5.148010e+00	5.172625e+00	5.205317e+00	5.219131e+00	5.220236e+00
5.211076e+00	5.194378e+00	5.173640e+00	5.150306e+00	5.125711e+00	5.101039e+00
5.076857e+00	5.053965e+00	5.032727e+00	5.013561e+00	4.996701e+00	4.981617e+00
4.967279e+00	4.959962e+00	4.951948e+00	4.944570e+00	4.935513e+00	4.933085e+00
4.931217e+00	4.930972e+00	4.930781e+00	4.930759e+00	4.930750e+00	4.930728e+00
5.337356e+00	5.388328e+00	5.432921e+00	5.466317e+00	5.489936e+00	5.516308e+00
5.519998e+00	5.510028e+00	5.489318e+00	5.460621e+00	5.427454e+00	5.391486e+00
5.354436e+00	5.317843e+00	5.282154e+00	5.248173e+00	5.216442e+00	5.187670e+00
5.162266e+00	5.139329e+00	5.117206e+00	5.105903e+00	5.094028e+00	5.083901e+00
5.072698e+00	5.069767e+00	5.067470e+00	5.067172e+00	5.066952e+00	5.066917e+00
5.066907e+00	5.066889e+00	5.648011e+00	5.702545e+00	5.749556e+00	5.783364e+00
5.805668e+00	5.825733e+00	5.819248e+00	5.796992e+00	5.762572e+00	5.719440e+00
5.671924e+00	5.621945e+00	5.571397e+00	5.522066e+00	5.474496e+00	5.429569e+00
5.387773e+00	5.349482e+00	5.314843e+00	5.283200e+00	5.253003e+00	5.237773e+00
5.222035e+00	5.209088e+00	5.195749e+00	5.192392e+00	5.189676e+00	5.189323e+00
5.189068e+00	5.189020e+00	5.189005e+00	5.188998e+00	5.961749e+00	6.019378e+00
6.068217e+00	6.101631e+00	6.121641e+00	6.133218e+00	6.114303e+00	6.077727e+00
6.027868e+00	5.968795e+00	5.905618e+00	5.840555e+00	5.775749e+00	5.713242e+00
5.653466e+00	5.597262e+00	5.545043e+00	5.496862e+00	5.452633e+00	5.411867e+00
5.373190e+00	5.353954e+00	5.334349e+00	5.318597e+00	5.303052e+00	5.299242e+00
5.296096e+00	5.295676e+00	5.295386e+00	5.295342e+00	5.295306e+00	5.295321e+00
6.275935e+00	6.335968e+00	6.385850e+00	6.417924e+00	6.434566e+00	6.435321e+00
6.401493e+00	6.348125e+00	6.280591e+00	6.203874e+00	6.124141e+00	6.043712e+00
5.964423e+00	5.888263e+00	5.815842e+00	5.748177e+00	5.685512e+00	5.627299e+00
5.573043e+00	5.522848e+00	5.475712e+00	5.452387e+00	5.428923e+00	5.410467e+00
5.392696e+00	5.388354e+00	5.384787e+00	5.384310e+00	5.383979e+00	5.383936e+00
5.383891e+00	5.383918e+00	6.588081e+00	6.649329e+00	6.699039e+00	6.728525e+00
6.740524e+00	6.727862e+00	6.676307e+00	6.603067e+00	6.514939e+00	6.418586e+00
6.321828e+00	6.226581e+00	6.133148e+00	6.042813e+00	5.957209e+00	5.878035e+00
5.805170e+00	5.736931e+00	5.672093e+00	5.612193e+00	5.556897e+00	5.529432e+00
5.502153e+00	5.481140e+00	5.461088e+00	5.456092e+00	5.452112e+00	5.451607e+00
5.451221e+00	5.451160e+00	5.451140e+00	5.451150e+00	6.898163e+00	6.959010e+00
7.006766e+00	7.031581e+00	7.036691e+00	7.006238e+00	6.933489e+00	6.838531e+00
6.729170e+00	6.612796e+00	6.497936e+00	6.386508e+00	6.278534e+00	6.174958e+00
6.077213e+00	5.986703e+00	5.903200e+00	5.824811e+00	5.750173e+00	5.681031e+00
5.617565e+00	5.586640e+00	5.556244e+00	5.533011e+00	5.510820e+00	5.505350e+00
5.501001e+00	5.500449e+00	5.500026e+00	5.499950e+00	5.499933e+00	5.499942e+00
7.207880e+00	7.266606e+00	7.310566e+00	7.328693e+00	7.324804e+00	7.272493e+00
7.175038e+00	7.055800e+00	6.923506e+00	6.786043e+00	6.652348e+00	6.524280e+00
6.401708e+00	6.285126e+00	6.175479e+00	6.073621e+00	5.979393e+00	5.889691e+00
5.804027e+00	5.724073e+00	5.650513e+00	5.615432e+00	5.581181e+00	5.554925e+00
5.529106e+00	5.522759e+00	5.517707e+00	5.517054e+00	5.516569e+00	5.516489e+00
5.516446e+00	5.516456e+00	7.512443e+00	7.566765e+00	7.604576e+00	7.613566e+00
7.598226e+00	7.519543e+00	7.393679e+00	7.247544e+00	7.090689e+00	6.931304e+00
6.778479e+00	6.633785e+00	6.496830e+00	6.367426e+00	6.245952e+00	6.132558e+00
6.027015e+00	5.927572e+00	5.832949e+00	5.744446e+00	5.663303e+00	5.625322e+00
5.588501e+00	5.560300e+00	5.532219e+00	5.525349e+00	5.519889e+00	5.519178e+00
5.518658e+00	5.518578e+00	5.518518e+00	5.518528e+00	7.809230e+00	7.856631e+00
7.885754e+00	7.883040e+00	7.853742e+00	7.744186e+00	7.586397e+00	7.411040e+00
7.228402e+00	7.046714e+00	6.875156e+00	6.715023e+00	6.562819e+00	6.416619e+00
6.279469e+00	6.150544e+00	6.029046e+00	5.923385e+00	5.823513e+00	5.729664e+00
5.643580e+00	5.603583e+00	5.564892e+00	5.535228e+00	5.505475e+00	5.498209e+00
5.492427e+00	5.491673e+00	5.491117e+00	5.491035e+00	5.490975e+00	5.490979e+00
8.103786e+00	8.142270e+00	8.160702e+00	8.144268e+00	8.099065e+00	7.955251e+00
7.762989e+00	7.556753e+00	7.347395e+00	7.142926e+00	6.952274e+00	6.776082e+00
6.609715e+00	6.450118e+00	6.301010e+00	6.161129e+00	6.030071e+00	5.912240e+00
5.800100e+00	5.694514e+00	5.597947e+00	5.553692e+00	5.511056e+00	5.478329e+00
5.445166e+00	5.437090e+00	5.430653e+00	5.429811e+00	5.429183e+00	5.429095e+00
5.429035e+00	5.429029e+00	8.393235e+00	8.420149e+00	8.425231e+00	8.392434e+00
8.328798e+00	8.146291e+00	7.915973e+00	7.676159e+00	7.438212e+00	7.209168e+00
6.994057e+00	6.795033e+00	6.614740e+00	6.449887e+00	6.295850e+00	6.151466e+00
6.016420e+00	5.884744e+00	5.759635e+00	5.642672e+00	5.536483e+00	5.488183e+00
5.441745e+00	5.406127e+00	5.370086e+00	5.361301e+00	5.354298e+00	5.353384e+00
5.352697e+00	5.352604e+00	5.352544e+00	5.352532e+00	8.673461e+00	8.685946e+00
8.674938e+00	8.623231e+00	8.538907e+00	8.314302e+00	8.043980e+00	7.769938e+00
7.503783e+00	7.251709e+00	7.016505e+00	6.801345e+00	6.605349e+00	6.423031e+00
6.253217e+00	6.094685e+00	5.946801e+00	5.806583e+00	5.672690e+00	5.547511e+00
5.434161e+00	5.382169e+00	5.332045e+00	5.293737e+00	5.255758e+00	5.246425e+00
5.239005e+00	5.238045e+00	5.237322e+00	5.237224e+00	5.237164e+00	5.237153e+00
8.944693e+00	8.939541e+00	8.909347e+00	8.835909e+00	8.728397e+00	8.457724e+00
8.144625e+00	7.834808e+00	7.533004e+00	7.251979e+00	7.008583e+00	6.785943e+00
6.575283e+00	6.374623e+00	6.189450e+00	6.017995e+00	5.858883e+00	5.708415e+00
5.564239e+00	5.429854e+00	5.308625e+00	5.252441e+00	5.198176e+00	5.156972e+00
5.117189e+00	5.107351e+00	5.099540e+00	5.098537e+00	5.097782e+00	5.097671e+00
5.097616e+00	5.097611e+00	9.210800e+00	9.185572e+00	9.133956e+00	9.036883e+00
8.904661e+00	8.586116e+00	8.230091e+00	7.886126e+00	7.552490e+00	7.246221e+00
6.979376e+00	6.736157e+00	6.509265e+00	6.294116e+00	6.095285e+00	5.912322e+00
5.743256e+00	5.583195e+00	5.429114e+00	5.285902e+00	5.157051e+00	5.096521e+00
5.037989e+00	4.993953e+00	4.952805e+00	4.942578e+00	4.934466e+00	4.933431e+00
4.932655e+00	4.932524e+00	4.932481e+00	4.932485e+00	9.470151e+00	9.421685e+00
9.345686e+00	9.222451e+00	9.063421e+00	8.693776e+00	8.291934e+00	7.906008e+00
7.554972e+00	7.233908e+00	6.940343e+00	6.676305e+00	6.432376e+00	6.201645e+00
5.988439e+00	5.793365e+00	5.613731e+00	5.443591e+00	5.279317e+00	5.126819e+00
4.989671e+00	4.924694e+00	4.861992e+00	4.815333e+00	4.772905e+00	4.762366e+00
4.754019e+00	4.752965e+00	4.752168e+00	4.752027e+00	4.751985e+00	4.751998e+00
9.718775e+00	9.643882e+00	9.540761e+00	9.389358e+00	9.202231e+00	8.780838e+00
8.335407e+00	7.912090e+00	7.530715e+00	7.185231e+00	6.873141e+00	6.591938e+00
6.331917e+00	6.085363e+00	5.857457e+00	5.649764e+00	5.458825e+00	5.278016e+00
5.103256e+00	4.940767e+00	4.794148e+00	4.724548e+00	4.657866e+00	4.608973e+00
4.565456e+00	4.554753e+00	4.546298e+00	4.545247e+00	4.544430e+00	4.544296e+00
4.544240e+00	4.544261e+00	9.951113e+00	9.852096e+00	9.726057e+00	9.551928e+00
9.337308e+00	8.855185e+00	8.358161e+00	7.905284e+00	7.492355e+00	7.122821e+00
6.792638e+00	6.494966e+00	6.219493e+00	5.957678e+00	5.715228e+00	5.494710e+00
5.291799e+00	5.099466e+00	4.913321e+00	4.739813e+00	4.583292e+00	4.509597e+00
4.439478e+00	4.388590e+00	4.344051e+00	4.333286e+00	4.324853e+00	4.323793e+00
4.322983e+00	4.322867e+00	4.322793e+00	4.322810e+00	1.021515e+01	1.006109e+01
9.880009e+00	9.654908e+00	9.404648e+00	8.885429e+00	8.363478e+00	7.881651e+00
7.448153e+00	7.057713e+00	6.705971e+00	6.387313e+00	6.093314e+00	5.815616e+00
5.558259e+00	5.323759e+00	5.107691e+00	4.904573e+00	4.710420e+00	4.527401e+00
4.357444e+00	4.277825e+00	4.204368e+00	4.153145e+00	4.107708e+00	4.097049e+00
4.088654e+00	4.087604e+00	4.086817e+00	4.086695e+00	4.086665e+00	4.086634e+00
1.059085e+01	1.028920e+01	9.986162e+00	9.682409e+00	9.387803e+00	8.842413e+00
8.332424e+00	7.859100e+00	7.418660e+00	7.007737e+00	6.626178e+00	6.274983e+00
5.953889e+00	5.657946e+00	5.384928e+00	5.134440e+00	4.903976e+00	4.693442e+00
4.500229e+00	4.312472e+00	4.122021e+00	4.031340e+00	3.953768e+00	3.905575e+00
3.859382e+00	3.848940e+00	3.840406e+00	3.839447e+00	3.838666e+00	3.838463e+00
3.838608e+00	3.838463e+00	1.079363e+01	1.045699e+01	1.011957e+01	9.783217e+00
9.460078e+00	8.870815e+00	8.316327e+00	7.810232e+00	7.341902e+00	6.906756e+00
6.504786e+00	6.137698e+00	5.803389e+00	5.496197e+00	5.212166e+00	4.950522e+00
4.708470e+00	4.485498e+00	4.279018e+00	4.077730e+00	3.874776e+00	3.779105e+00
3.698702e+00	3.650107e+00	3.602903e+00	3.591907e+00	3.583678e+00	3.582835e+00
3.582027e+00	3.581848e+00	3.581927e+00	3.581803e+00	1.097312e+01	1.060796e+01
1.024415e+01	9.884234e+00	9.535458e+00	8.883654e+00	8.293455e+00	7.748218e+00
7.248778e+00	6.790302e+00	6.370869e+00	5.991170e+00	5.646222e+00	5.329361e+00
5.035606e+00	4.763924e+00	4.511398e+00	4.276278e+00	4.055802e+00	3.840666e+00
3.626381e+00	3.526236e+00	3.442650e+00	3.392585e+00	3.343874e+00	3.332361e+00
3.324309e+00	3.323531e+00	3.322712e+00	3.322553e+00	3.322555e+00	3.322460e+00
1.114477e+01	1.074462e+01	1.034736e+01	9.956637e+00	9.579749e+00	8.883696e+00
8.249807e+00	7.672120e+00	7.145714e+00	6.665855e+00	6.229494e+00	5.836840e+00
5.481341e+00	5.155273e+00	4.852274e+00	4.570583e+00	4.307990e+00	4.061714e+00
3.829042e+00	3.601543e+00	3.375845e+00	3.270563e+00	3.182509e+00	3.129478e+00
3.078458e+00	3.066633e+00	3.058430e+00	3.057630e+00	3.056819e+00	3.056659e+00
3.056619e+00	3.056539e+00	1.129554e+01	1.085794e+01	1.042554e+01	1.000426e+01
9.594701e+00	8.862681e+00	8.187611e+00	7.579807e+00	7.029344e+00	6.531220e+00
6.081709e+00	5.678694e+00	5.314550e+00	4.980320e+00	4.667992e+00	4.374692e+00
4.100070e+00	3.841370e+00	3.596919e+00	3.359746e+00	3.127328e+00	3.018490e+00
2.924063e+00	2.863935e+00	2.810300e+00	2.798340e+00	2.789731e+00	2.788833e+00
2.787994e+00	2.787850e+00	2.787779e+00	2.787721e+00	1.143916e+01	1.096166e+01
1.049252e+01	1.004017e+01	9.603657e+00	8.816542e+00	8.110073e+00	7.475977e+00
6.904696e+00	6.391151e+00	5.931048e+00	5.519304e+00	5.147572e+00	4.805860e+00
4.484698e+00	4.180136e+00	3.893947e+00	3.623917e+00	3.369400e+00	3.124691e+00
2.887614e+00	2.775804e+00	2.674655e+00	2.606467e+00	2.550191e+00	2.538102e+00
2.528953e+00	2.527933e+00	2.527053e+00	2.526924e+00	2.526835e+00	2.526798e+00
1.158877e+01	1.106310e+01	1.054948e+01	1.005798e+01	9.599083e+00	8.762022e+00
8.020975e+00	7.362395e+00	6.773853e+00	6.247832e+00	5.778614e+00	5.358686e+00
4.979006e+00	4.629487e+00	4.300217e+00	3.986779e+00	3.692128e+00	3.414720e+00
3.153333e+00	2.902323e+00	2.658893e+00	2.542795e+00	2.434945e+00	2.359907e+00
2.300870e+00	2.288331e+00	2.278500e+00	2.277381e+00	2.276457e+00	2.276315e+00
2.276236e+00	2.276210e+00	1.174237e+01	1.116069e+01	1.059740e+01	1.006755e+01
9.574374e+00	8.688856e+00	7.915628e+00	7.236624e+00	6.635748e+00	6.100959e+00
5.624512e+00	5.197162e+00	4.809373e+00	4.451834e+00	4.115139e+00	3.794907e+00
3.494344e+00	3.212806e+00	2.947216e+00	2.691017e+00	2.440048e+00	2.318654e+00
2.204041e+00	2.122899e+00	2.060623e+00	2.047279e+00	2.036567e+00	2.035352e+00
2.034370e+00	2.034194e+00	2.034143e+00	2.034122e+00	1.189648e+01	1.125860e+01
1.064572e+01	1.007807e+01	9.553272e+00	8.621251e+00	7.815844e+00	7.116214e+00
6.503972e+00	5.962029e+00	5.478993e+00	5.045013e+00	4.650386e+00	4.286184e+00
3.943199e+00	3.616923e+00	3.310484e+00	3.024996e+00	2.756104e+00	2.495780e+00
2.238744e+00	2.113344e+00	1.994026e+00	1.908476e+00	1.841933e+00	1.827413e+00
1.815709e+00	1.814394e+00	1.813308e+00	1.813116e+00	1.813066e+00	1.813052e+00
1.205243e+01	1.135702e+01	1.069392e+01	1.008896e+01	9.533610e+00	8.556676e+00
7.720055e+00	7.000357e+00	6.377705e+00	5.829759e+00	5.340717e+00	4.900709e+00
4.500037e+00	4.130020e+00	3.781645e+00	3.450290e+00	3.138716e+00	2.849983e+00
2.578768e+00	2.315410e+00	2.053769e+00	1.925451e+00	1.802990e+00	1.714366e+00
1.643473e+00	1.627705e+00	1.615043e+00	1.613627e+00	1.612425e+00	1.612228e+00
1.612165e+00	1.612159e+00	1.221737e+01	1.146153e+01	1.074687e+01	1.010440e+01
9.528668e+00	8.509945e+00	7.646561e+00	6.907591e+00	6.272755e+00	5.717046e+00
5.221176e+00	4.774514e+00	4.367076e+00	3.990462e+00	3.636835e+00	3.301898e+00
2.987231e+00	2.695567e+00	2.421685e+00	2.155340e+00	1.890547e+00	1.760284e+00
1.635610e+00	1.544361e+00	1.468635e+00	1.451632e+00	1.437996e+00	1.436366e+00
1.435068e+00	1.434886e+00	1.434774e+00	1.434779e+00	1.239407e+01	1.157392e+01
1.080635e+01	1.013060e+01	9.533116e+00	8.475831e+00	7.591395e+00	6.835453e+00
6.187663e+00	5.622943e+00	5.119693e+00	4.665914e+00	4.251006e+00	3.866886e+00
3.508030e+00	3.170987e+00	2.855224e+00	2.560831e+00	2.283707e+00	2.014065e+00
1.747186e+00	1.615720e+00	1.489540e+00	1.395951e+00	1.314747e+00	1.296493e+00
1.281839e+00	1.279872e+00	1.278495e+00	1.278348e+00	1.278152e+00	1.278174e+00
1.258954e+01	1.170676e+01	1.088717e+01	1.017716e+01	9.553890e+00	8.473910e+00
7.565677e+00	6.788794e+00	6.127696e+00	5.554114e+00	5.043127e+00	4.581781e+00
4.159760e+00	3.769275e+00	3.405394e+00	3.064723e+00	2.745837e+00	2.447678e+00
2.167654e+00	1.895794e+00	1.626764e+00	1.493857e+00	1.365477e+00	1.268813e+00
1.182182e+00	1.162405e+00	1.146586e+00	1.144403e+00	1.142911e+00	1.142766e+00
1.142533e+00	1.142535e+00	1.280508e+01	1.186303e+01	1.099522e+01	1.025532e+01
9.612999e+00	8.488985e+00	7.559064e+00	6.770958e+00	6.097675e+00	5.513369e+00
4.993324e+00	4.523504e+00	4.093934e+00	3.697118e+00	3.328161e+00	2.982999e+00
2.659832e+00	2.357174e+00	2.073644e+00	1.799875e+00	1.528363e+00	1.393605e+00
1.262262e+00	1.161782e+00	1.069518e+00	1.048024e+00	1.030893e+00	1.028551e+00
1.026921e+00	1.026757e+00	1.026514e+00	1.026476e+00	1.303478e+01	1.203763e+01
1.112532e+01	1.035837e+01	9.698302e+00	8.539268e+00	7.583736e+00	6.777470e+00
6.092590e+00	5.500039e+00	4.972469e+00	4.495593e+00	4.059534e+00	3.656845e+00
3.281410e+00	2.930351e+00	2.601689e+00	2.293614e+00	2.004824e+00	1.728162e+00
1.453220e+00	1.315897e+00	1.180659e+00	1.075539e+00	9.769397e-01	9.535389e-01
9.348803e-01	9.323675e-01	9.305811e-01	9.303863e-01	9.301364e-01	9.300639e-01
1.327343e+01	1.223473e+01	1.128808e+01	1.049821e+01	9.819990e+00	8.619366e+00
7.633589e+00	6.812270e+00	6.119438e+00	5.521247e+00	4.987526e+00	4.504479e+00
4.063235e+00	3.655905e+00	3.271997e+00	2.910776e+00	2.571555e+00	2.254502e+00
1.958388e+00	1.677478e+00	1.398585e+00	1.258277e+00	1.118677e+00	1.008548e+00
9.033107e-01	8.776506e-01	8.571528e-01	8.546212e-01	8.525850e-01	8.523419e-01
8.521039e-01	8.520111e-01	1.351795e+01	1.243897e+01	1.146009e+01	1.065075e+01
9.958334e+00	8.722937e+00	7.710045e+00	6.874486e+00	6.172190e+00	5.565016e+00
5.021553e+00	4.528407e+00	4.077743e+00	3.662196e+00	3.275392e+00	2.910574e+00
2.567366e+00	2.246552e+00	1.946993e+00	1.659507e+00	1.370271e+00	1.224238e+00
1.077447e+00	9.606581e-01	8.469886e-01	8.186866e-01	7.960521e-01	7.933491e-01
7.910634e-01	7.907821e-01	7.905342e-01	7.904509e-01	1.376631e+01	1.264644e+01
1.163620e+01	1.081146e+01	1.011137e+01	8.857264e+00	7.831822e+00	6.986263e+00
6.274075e+00	5.656515e+00	5.103177e+00	4.601148e+00	4.142498e+00	3.719488e+00
3.323990e+00	2.950706e+00	2.598697e+00	2.267802e+00	1.955918e+00	1.656619e+00
1.359762e+00	1.208921e+00	1.055757e+00	9.312561e-01	8.070252e-01	7.756396e-01
7.505211e-01	7.474877e-01	7.449448e-01	7.446344e-01	7.443541e-01	7.443041e-01
1.401352e+01	1.285944e+01	1.182363e+01	1.098734e+01	1.028216e+01	9.013685e+00
7.980053e+00	7.125087e+00	6.403158e+00	5.775471e+00	5.212361e+00	4.701167e+00
4.233956e+00	3.802820e+00	3.399407e+00	3.018085e+00	2.657408e+00	2.316309e+00
1.991591e+00	1.678746e+00	1.372862e+00	1.217027e+00	1.057810e+00	9.210112e-01
7.800745e-01	7.452494e-01	7.172996e-01	7.139024e-01	7.110249e-01	7.106833e-01
7.103628e-01	7.103786e-01	1.425968e+01	1.307525e+01	1.201757e+01	1.117282e+01
1.046522e+01	9.187703e+00	8.151018e+00	7.288447e+00	6.557491e+00	5.920204e+00
5.347979e+00	4.828282e+00	4.353090e+00	3.914327e+00	3.503348e+00	3.114171e+00
2.744932e+00	2.393913e+00	2.057575e+00	1.729179e+00	1.403479e+00	1.236539e+00
1.063272e+00	9.148904e-01	7.603196e-01	7.217553e-01	6.907701e-01	6.869891e-01
6.837690e-01	6.833924e-01	6.830311e-01	6.830904e-01	1.449918e+01	1.328865e+01
1.221284e+01	1.136288e+01	1.065573e+01	9.374166e+00	8.337077e+00	7.468367e+00
6.728996e+00	6.082441e+00	5.501403e+00	4.973465e+00	4.490449e+00	4.044043e+00
3.625243e+00	3.227676e+00	2.849074e+00	2.487053e+00	2.137347e+00	1.791799e+00
1.445078e+00	1.266165e+00	1.076661e+00	9.175880e-01	7.515070e-01	7.069658e-01
6.718836e-01	6.675797e-01	6.639561e-01	6.635244e-01	6.631153e-01	6.631699e-01
1.472928e+01	1.349772e+01	1.240853e+01	1.155767e+01	1.085509e+01	9.577495e+00
8.544821e+00	7.672854e+00	6.926666e+00	6.272051e+00	5.683375e+00	5.148319e+00
4.658467e+00	4.205221e+00	3.779159e+00	3.373470e+00	2.985527e+00	2.612417e+00
2.249044e+00	1.885825e+00	1.514511e+00	1.321791e+00	1.114491e+00	9.357970e-01
7.473858e-01	6.978187e-01	6.585690e-01	6.537329e-01	6.497192e-01	6.492263e-01
6.487724e-01	6.487519e-01	1.495242e+01	1.369895e+01	1.259658e+01	1.174630e+01
1.105129e+01	9.785391e+00	8.759435e+00	7.887859e+00	7.138212e+00	6.478018e+00
5.882799e+00	5.340695e+00	4.843637e+00	4.383324e+00	3.950571e+00	3.538263e+00
3.142763e+00	2.759568e+00	2.381999e+00	1.998846e+00	1.598975e+00	1.388650e+00
1.160619e+00	9.609617e-01	7.493832e-01	6.945351e-01	6.490563e-01	6.436559e-01
6.393179e-01	6.387517e-01	6.382681e-01	6.376910e-01	1.516678e+01	1.389312e+01
1.277947e+01	1.193205e+01	1.124758e+01	1.000011e+01	8.983222e+00	8.114800e+00
7.364030e+00	6.700062e+00	6.099418e+00	5.550892e+00	5.047058e+00	4.580225e+00
4.141840e+00	3.724590e+00	3.323406e+00	2.931414e+00	2.539669e+00	2.134921e+00
1.702496e+00	1.470705e+00	1.219381e+00	9.970152e-01	7.565638e-01	6.925057e-01
6.414602e-01	6.355337e-01	6.309101e-01	6.302706e-01	6.297646e-01	6.285155e-01
1.532256e+01	1.405224e+01	1.294618e+01	1.211478e+01	1.144959e+01	1.022912e+01
9.221396e+00	8.352548e+00	7.595723e+00	6.924210e+00	6.317755e+00	5.765399e+00
5.259057e+00	4.790231e+00	4.349408e+00	3.928421e+00	3.521451e+00	3.120304e+00
2.714130e+00	2.286654e+00	1.819021e+00	1.563832e+00	1.286894e+00	1.040084e+00
7.662427e-01	6.922182e-01	6.350859e-01	6.288131e-01	6.237562e-01	6.229731e-01
6.224833e-01	6.203504e-01	1.542179e+01	1.417320e+01	1.309368e+01	1.229441e+01
1.166071e+01	1.048037e+01	9.481111e+00	8.605005e+00	7.833423e+00	7.147901e+00
6.534547e+00	5.981943e+00	5.479623e+00	5.016231e+00	4.578455e+00	4.155716e+00
3.742558e+00	3.331519e+00	2.910771e+00	2.459448e+00	1.953729e+00	1.673086e+00
1.368118e+00	1.096006e+00	7.830702e-01	6.944166e-01	6.298523e-01	6.234701e-01
6.178616e-01	6.168643e-01	6.164487e-01	6.132448e-01	1.555018e+01	1.430084e+01
1.322763e+01	1.244820e+01	1.183976e+01	1.069423e+01	9.710497e+00	8.840569e+00
8.069344e+00	7.382035e+00	6.767986e+00	6.216248e+00	5.715753e+00	5.254194e+00
4.816801e+00	4.391960e+00	3.974002e+00	3.555092e+00	3.121718e+00	2.648401e+00
2.105266e+00	1.797823e+00	1.459580e+00	1.157608e+00	8.029502e-01	6.993676e-01
6.255956e-01	6.183114e-01	6.122991e-01	6.112547e-01	6.106038e-01	6.065831e-01
1.569411e+01	1.442455e+01	1.334459e+01	1.257897e+01	1.199294e+01	1.087824e+01
9.914928e+00	9.060531e+00	8.301126e+00	7.622240e+00	7.013350e+00	6.464104e+00
5.964177e+00	5.501956e+00	5.063225e+00	4.636432e+00	4.215252e+00	3.790577e+00
3.346663e+00	2.853554e+00	2.274428e+00	1.939371e+00	1.563259e+00	1.226349e+00
8.268858e-01	7.091530e-01	6.221646e-01	6.133446e-01	6.069634e-01	6.059885e-01
6.049445e-01	6.002724e-01	1.580580e+01	1.452112e+01	1.343936e+01	1.269314e+01
1.213387e+01	1.105103e+01	1.011062e+01	9.273001e+00	8.526277e+00	7.856775e+00
7.254737e+00	6.710374e+00	6.213837e+00	5.753829e+00	5.316324e+00	4.889570e+00
4.466744e+00	4.037672e+00	3.584493e+00	3.072735e+00	2.458252e+00	2.095393e+00
1.680988e+00	1.305181e+00	8.561060e-01	7.218685e-01	6.195281e-01	6.087208e-01
6.017262e-01	6.008286e-01	5.995006e-01	5.942076e-01	1.589388e+01	1.459590e+01
1.351452e+01	1.279036e+01	1.225977e+01	1.120946e+01	1.029380e+01	9.475188e+00
8.743332e+00	8.085423e+00	7.492443e+00	6.955172e+00	6.464175e+00	6.008450e+00
5.574110e+00	5.149275e+00	4.726581e+00	4.294892e+00	3.834259e+00	3.305737e+00
2.657386e+00	2.266884e+00	1.812997e+00	1.394460e+00	8.909472e-01	7.382408e-01
6.177711e-01	6.045160e-01	5.965967e-01	5.957809e-01	5.939765e-01	5.884893e-01
1.596408e+01	1.465547e+01	1.357661e+01	1.287559e+01	1.237415e+01	1.135699e+01
1.046729e+01	9.669225e+00	8.953850e+00	8.309246e+00	7.727106e+00	7.198738e+00
6.715114e+00	6.265520e+00	5.836170e+00	5.415031e+00	4.994279e+00	4.561837e+00
4.095743e+00	3.552574e+00	2.872109e+00	2.454188e+00	1.959805e+00	1.494905e+00
9.314060e-01	7.581821e-01	6.174117e-01	6.010287e-01	5.917119e-01	5.909540e-01
5.887219e-01	5.831741e-01	1.601487e+01	1.469927e+01	1.362511e+01	1.294725e+01
1.247430e+01	1.149058e+01	1.062762e+01	9.851290e+00	9.153771e+00	8.524028e+00
7.954417e+00	7.436723e+00	6.962322e+00	6.520778e+00	6.098365e+00	5.682845e+00
5.266075e+00	4.835087e+00	4.366089e+00	3.811386e+00	3.102241e+00	2.658276e+00
2.123773e+00	1.609661e+00	9.797181e-01	7.834943e-01	6.185071e-01	5.985565e-01
5.871505e-01	5.864041e-01	5.838658e-01	5.783699e-01	1.604552e+01	1.472904e+01
1.366176e+01	1.300532e+01	1.255825e+01	1.160844e+01	1.077253e+01	1.001860e+01
9.339869e+00	8.726154e+00	8.170395e+00	7.664839e+00	7.201256e+00	6.769458e+00
6.355778e+00	5.947859e+00	5.537228e+00	5.110199e+00	4.641316e+00	4.078910e+00
3.345631e+00	2.877742e+00	2.304316e+00	1.740740e+00	1.036458e+00	8.145330e-01
6.214873e-01	5.975890e-01	5.828301e-01	5.820276e-01	5.793131e-01	5.741260e-01
1.606636e+01	1.474995e+01	1.369038e+01	1.305456e+01	1.263203e+01	1.171604e+01
1.090728e+01	1.017622e+01	9.516983e+00	8.920196e+00	8.379342e+00	7.887119e+00
7.435682e+00	7.015082e+00	6.611725e+00	6.213174e+00	5.810661e+00	5.389885e+00
4.923862e+00	4.357140e+00	3.603591e+00	3.113458e+00	2.501784e+00	1.887497e+00
1.101089e+00	8.507732e-01	6.265827e-01	5.969937e-01	5.787134e-01	5.777878e-01
5.749731e-01	5.702066e-01	1.606796e+01	1.475248e+01	1.370446e+01	1.308960e+01
1.269072e+01	1.180851e+01	1.102674e+01	1.031881e+01	9.679570e+00	9.100408e+00
8.575314e+00	8.097465e+00	7.659372e+00	7.251338e+00	6.859887e+00	6.472520e+00
6.080279e+00	5.668374e+00	5.208504e+00	4.641750e+00	3.873257e+00	3.363579e+00
2.715580e+00	2.049815e+00	1.174204e+00	8.924735e-01	6.330355e-01	5.973814e-01
5.748403e-01	5.736679e-01	5.708326e-01	5.665497e-01	1.606165e+01	1.475037e+01
1.371150e+01	1.311433e+01	1.273667e+01	1.188653e+01	1.113068e+01	1.044544e+01
9.826126e+00	9.264801e+00	8.755909e+00	8.293104e+00	7.869229e+00	7.474842e+00
7.096630e+00	6.722060e+00	6.342111e+00	5.941663e+00	5.491401e+00	4.929462e+00
4.152737e+00	3.627467e+00	2.946915e+00	2.230831e+00	1.258933e+00	9.423598e-01
6.426138e-01	5.999202e-01	5.713219e-01	5.697456e-01	5.669708e-01	5.632423e-01
1.605373e+01	1.474574e+01	1.371177e+01	1.313355e+01	1.277602e+01	1.195569e+01
1.122427e+01	1.056073e+01	9.960550e+00	9.416655e+00	8.923839e+00	8.476196e+00
8.066883e+00	7.686774e+00	7.322699e+00	6.962200e+00	6.596291e+00	6.209690e+00
5.772332e+00	5.219800e+00	4.441184e+00	3.904106e+00	3.194625e+00	2.429585e+00
1.354854e+00	1.000161e+00	6.549363e-01	6.040047e-01	5.685804e-01	5.663385e-01
5.636568e-01	5.605581e-01	1.604317e+01	1.473715e+01	1.371171e+01	1.314958e+01
1.281089e+01	1.201868e+01	1.131063e+01	1.066807e+01	1.008652e+01	9.559825e+00
9.083070e+00	8.650765e+00	8.256379e+00	7.891134e+00	7.542020e+00	7.196728e+00
6.846403e+00	6.475757e+00	6.054225e+00	5.515236e+00	4.740574e+00	4.195258e+00
3.460331e+00	2.647606e+00	1.462955e+00	1.066418e+00	6.704259e-01	6.104894e-01
5.662672e-01	5.632475e-01	5.606745e-01	5.582183e-01	1.603075e+01	1.472734e+01
1.371116e+01	1.316186e+01	1.284050e+01	1.207408e+01	1.138778e+01	1.076487e+01
1.020116e+01	9.691089e+00	9.230123e+00	8.813112e+00	8.433846e+00	8.083829e+00
7.750232e+00	7.420954e+00	7.087469e+00	6.734800e+00	6.332234e+00	5.811348e+00
5.047034e+00	4.497395e+00	3.741012e+00	2.882724e+00	1.584408e+00	1.140925e+00
6.885469e-01	6.184639e-01	5.648187e-01	5.604748e-01	5.580417e-01	5.561215e-01
1.601496e+01	1.471522e+01	1.370604e+01	1.317058e+01	1.286435e+01	1.212067e+01
1.145406e+01	1.084915e+01	1.030229e+01	9.808160e+00	9.362658e+00	8.960853e+00
8.596803e+00	8.262116e+00	7.944038e+00	7.630713e+00	7.314372e+00	6.981076e+00
6.600625e+00	6.103012e+00	5.356677e+00	4.807554e+00	4.034970e+00	3.135131e+00
1.723183e+00	1.226719e+00	7.112325e-01	6.295482e-01	5.639108e-01	5.578744e-01
5.557443e-01	5.542771e-01	1.598844e+01	1.469772e+01	1.369995e+01	1.318019e+01
1.288966e+01	1.216961e+01	1.152171e+01	1.093243e+01	1.039876e+01	9.916120e+00
9.481128e+00	9.089721e+00	8.737010e+00	8.416065e+00	8.116091e+00	7.826046e+00
7.536387e+00	7.229048e+00	6.870739e+00	6.392861e+00	5.663045e+00	5.117967e+00
4.339581e+00	3.408694e+00	1.881410e+00	1.323425e+00	7.367362e-01	6.418665e-01
5.639324e-01	5.572656e-01	5.541440e-01	5.527062e-01	1.595341e+01	1.467766e+01
1.369517e+01	1.319050e+01	1.291433e+01	1.221643e+01	1.158544e+01	1.100977e+01
1.048718e+01	1.001395e+01	9.587535e+00	9.204847e+00	8.862158e+00	8.554244e+00
8.272727e+00	8.007780e+00	7.747782e+00	7.469262e+00	7.134609e+00	6.677536e+00
5.967102e+00	5.429803e+00	4.653154e+00	3.700210e+00	2.060470e+00	1.432554e+00
7.662893e-01	6.565357e-01	5.646488e-01	5.570166e-01	5.529049e-01	5.513968e-01
1.592560e+01	1.466325e+01	1.369339e+01	1.320006e+01	1.293376e+01	1.225263e+01
1.163565e+01	1.107254e+01	1.056176e+01	1.009984e+01	9.684984e+00	9.314355e+00
8.984618e+00	8.690859e+00	8.425191e+00	8.178348e+00	7.939212e+00	7.684855e+00
7.378051e+00	6.952512e+00	6.274322e+00	5.749318e+00	4.974172e+00	4.000125e+00
2.256902e+00	1.554838e+00	8.018767e-01	6.759869e-01	5.666683e-01	5.564155e-01
5.516421e-01	5.502998e-01	1.589191e+01	1.464541e+01	1.368994e+01	1.320676e+01
1.294831e+01	1.228174e+01	1.167702e+01	1.112513e+01	1.062479e+01	1.017324e+01
9.768910e+00	9.409370e+00	9.091692e+00	8.811398e+00	8.561215e+00	8.332435e+00
8.114517e+00	7.884891e+00	7.606918e+00	7.215208e+00	6.574408e+00	6.066024e+00
5.298550e+00	4.310340e+00	2.470944e+00	1.693159e+00	8.425464e-01	6.985391e-01
5.696400e-01	5.564746e-01	5.504971e-01	5.492014e-01	1.586237e+01	1.463221e+01
1.368934e+01	1.321512e+01	1.296338e+01	1.230928e+01	1.171497e+01	1.117291e+01
1.068191e+01	1.023970e+01	9.845008e+00	9.495778e+00	9.189401e+00	8.921858e+00
8.686422e+00	8.475009e+00	8.277743e+00	8.072697e+00	7.824192e+00	7.468268e+00
6.869282e+00	6.381284e+00	5.626853e+00	4.630845e+00	2.703049e+00	1.848274e+00
8.886448e-01	7.244322e-01	5.736280e-01	5.567624e-01	5.495833e-01	5.482712e-01
1.583910e+01	1.462444e+01	1.369423e+01	1.322742e+01	1.298027e+01	1.233591e+01
1.174982e+01	1.121593e+01	1.073293e+01	1.029882e+01	9.912605e+00	9.572634e+00
9.276504e+00	9.020656e+00	8.798820e+00	8.603590e+00	8.425816e+00	8.244513e+00
8.025317e+00	7.706221e+00	7.152563e+00	6.688477e+00	5.952726e+00	4.956388e+00
2.952693e+00	2.022811e+00	9.420095e-01	7.550373e-01	5.793128e-01	5.583171e-01
5.489420e-01	5.475503e-01	1.581994e+01	1.462033e+01	1.370155e+01	1.324102e+01
1.299737e+01	1.236049e+01	1.178116e+01	1.125399e+01	1.077760e+01	1.035052e+01
9.971800e+00	9.640027e+00	9.353124e+00	9.107872e+00	8.898482e+00	8.718162e+00
8.558604e+00	8.399931e+00	8.209415e+00	7.927485e+00	7.421690e+00	6.984580e+00
6.272993e+00	5.284022e+00	3.218488e+00	2.215776e+00	1.003039e+00	7.905895e-01
5.866634e-01	5.607558e-01	5.485278e-01	5.469739e-01	1.580051e+01	1.461673e+01
1.371052e+01	1.325534e+01	1.301402e+01	1.238335e+01	1.180987e+01	1.128862e+01
1.081811e+01	1.039742e+01	1.002558e+01	9.701369e+00	9.423056e+00	9.187723e+00
8.990056e+00	8.823864e+00	8.681735e+00	8.545019e+00	8.382839e+00	8.138475e+00
7.682769e+00	7.275293e+00	6.592656e+00	5.617769e+00	3.502114e+00	2.427774e+00
1.071491e+00	8.307410e-01	5.955202e-01	5.641646e-01	5.482415e-01	5.464710e-01
1.577042e+01	1.460900e+01	1.371810e+01	1.326890e+01	1.302841e+01	1.240320e+01
1.183461e+01	1.131839e+01	1.085305e+01	1.043783e+01	1.007203e+01	9.754539e+00
9.483943e+00	9.257654e+00	9.070822e+00	8.917856e+00	8.792115e+00	8.675956e+00
8.540435e+00	8.332726e+00	7.928745e+00	7.553575e+00	6.904775e+00	5.951249e+00
3.800260e+00	2.657430e+00	1.148215e+00	8.760488e-01	6.059144e-01	5.684195e-01
5.482098e-01	5.460252e-01	1.572189e+01	1.459282e+01	1.372488e+01	1.328201e+01
1.304067e+01	1.241988e+01	1.185522e+01	1.134319e+01	1.088235e+01	1.047181e+01
1.011129e+01	9.799693e+00	9.535891e+00	9.317600e+00	9.140360e+00	8.999163e+00
8.888193e+00	8.791012e+00	8.680735e+00	8.508362e+00	8.155639e+00	7.814042e+00
7.203296e+00	6.278739e+00	4.110061e+00	2.905230e+00	1.235736e+00	9.285814e-01
6.188864e-01	5.743294e-01	5.482593e-01	5.456442e-01	1.565838e+01	1.457204e+01
1.373370e+01	1.329690e+01	1.305095e+01	1.243181e+01	1.186987e+01	1.136168e+01
1.090545e+01	1.050012e+01	1.014523e+01	9.839685e+00	9.582222e+00	9.370523e+00
9.199927e+00	9.066081e+00	8.965861e+00	8.888122e+00	8.809835e+00	8.676133e+00
8.365308e+00	8.051863e+00	7.482926e+00	6.598690e+00	4.427448e+00	3.167982e+00
1.334238e+00	9.887278e-01	6.344516e-01	5.816165e-01	5.484700e-01	5.453440e-01
1.557731e+01	1.454474e+01	1.374303e+01	1.331249e+01	1.305996e+01	1.244152e+01
1.188177e+01	1.137705e+01	1.092521e+01	1.052500e+01	1.017565e+01	9.875964e+00
9.624433e+00	9.418560e+00	9.253274e+00	9.124923e+00	9.033629e+00	8.974809e+00
8.930272e+00	8.836105e+00	8.563292e+00	8.276059e+00	7.751743e+00	6.915688e+00
4.755719e+00	3.448104e+00	1.444518e+00	1.056851e+00	6.526946e-01	5.904392e-01
5.489971e-01	5.450868e-01	1.547880e+01	1.450787e+01	1.374476e+01	1.332388e+01
1.306612e+01	1.245101e+01	1.189379e+01	1.139188e+01	1.094318e+01	1.054644e+01
1.020093e+01	9.905573e+00	9.658931e+00	9.458784e+00	9.300418e+00	9.180515e+00
9.099854e+00	9.055229e+00	9.029719e+00	8.964691e+00	8.740206e+00	8.487487e+00
8.009978e+00	7.221946e+00	5.090640e+00	3.742899e+00	1.566904e+00	1.132779e+00
6.732920e-01	6.007302e-01	5.496685e-01	5.448405e-01	1.534520e+01	1.444869e+01
1.373741e+01	1.333120e+01	1.306994e+01	1.246032e+01	1.190604e+01	1.140605e+01
1.095905e+01	1.056409e+01	1.022079e+01	9.928315e+00	9.685522e+00	9.490855e+00
9.340862e+00	9.232688e+00	9.164842e+00	9.128643e+00	9.106813e+00	9.060352e+00
8.892224e+00	8.682613e+00	8.253151e+00	7.510381e+00	5.426344e+00	4.049349e+00
1.704174e+00	1.218935e+00	6.975311e-01	6.135500e-01	5.507050e-01	5.446082e-01
1.523261e+01	1.440178e+01	1.373623e+01	1.333983e+01	1.307386e+01	1.246915e+01
1.191876e+01	1.142138e+01	1.097624e+01	1.058279e+01	1.024119e+01	9.950813e+00
9.710978e+00	9.520584e+00	9.376836e+00	9.277155e+00	9.219548e+00	9.193616e+00
9.182472e+00	9.156469e+00	9.033962e+00	8.861509e+00	8.479991e+00	7.788725e+00
5.765469e+00	4.368224e+00	1.856406e+00	1.315688e+00	7.251812e-01	6.287638e-01
5.523330e-01	5.443642e-01	1.513728e+01	1.436359e+01	1.373648e+01	1.334805e+01
1.307639e+01	1.247545e+01	1.192873e+01	1.143416e+01	1.099117e+01	1.059946e+01
1.025953e+01	9.971057e+00	9.733734e+00	9.546749e+00	9.407562e+00	9.313823e+00
9.264126e+00	9.248860e+00	9.252658e+00	9.248295e+00	9.162932e+00	9.022271e+00
8.687872e+00	8.052906e+00	6.103049e+00	4.696132e+00	2.026805e+00	1.424495e+00
7.570645e-01	6.467467e-01	5.547690e-01	5.440838e-01	1.504952e+01	1.432668e+01
1.373373e+01	1.335305e+01	1.307687e+01	1.247803e+01	1.193325e+01	1.144057e+01
1.099957e+01	1.060997e+01	1.027216e+01	9.986064e+00	9.751417e+00	9.567585e+00
9.432278e+00	9.343408e+00	9.300075e+00	9.293546e+00	9.310029e+00	9.325605e+00
9.275218e+00	9.163772e+00	8.875071e+00	8.297848e+00	6.432575e+00	5.028048e+00
2.220237e+00	1.545866e+00	7.937934e-01	6.672011e-01	5.577926e-01	5.438139e-01
1.497482e+01	1.429489e+01	1.373161e+01	1.335719e+01	1.307736e+01	1.248024e+01
1.193722e+01	1.144631e+01	1.100708e+01	1.061925e+01	1.028323e+01	9.999089e+00
9.766661e+00	9.585499e+00	9.453604e+00	9.369046e+00	9.331405e+00	9.332657e+00
9.360324e+00	9.393415e+00	9.374784e+00	9.290863e+00	9.045458e+00	8.525413e+00
6.755742e+00	5.363135e+00	2.439743e+00	1.681320e+00	8.358091e-01	6.910050e-01
5.618611e-01	5.439035e-01	1.491142e+01	1.427022e+01	1.373203e+01	1.336348e+01
1.307937e+01	1.248392e+01	1.194204e+01	1.145235e+01	1.101465e+01	1.062859e+01
1.029449e+01	1.001243e+01	9.782302e+00	9.603650e+00	9.474647e+00	9.393488e+00
9.360288e+00	9.368040e+00	9.405924e+00	9.455865e+00	9.466179e+00	9.406472e+00
9.203098e+00	8.740869e+00	7.070430e+00	5.705515e+00	2.679648e+00	1.830083e+00
8.833099e-01	7.179143e-01	5.671400e-01	5.438957e-01	1.485896e+01	1.425197e+01
1.373725e+01	1.337352e+01	1.308617e+01	1.249037e+01	1.194806e+01	1.145874e+01
1.102222e+01	1.063788e+01	1.030584e+01	1.002599e+01	9.798217e+00	9.621857e+00
9.495109e+00	9.416333e+00	9.386258e+00	9.399146e+00	9.446058e+00	9.511786e+00
9.547630e+00	9.508307e+00	9.344615e+00	8.939414e+00	7.369192e+00	6.049157e+00
2.937279e+00	1.993800e+00	9.379909e-01	7.490631e-01	5.743650e-01	5.436082e-01
1.480950e+01	1.423270e+01	1.373770e+01	1.337857e+01	1.308806e+01	1.249339e+01
1.195198e+01	1.146365e+01	1.102805e+01	1.064482e+01	1.031407e+01	1.003565e+01
9.809451e+00	9.634850e+00	9.510130e+00	9.433929e+00	9.407262e+00	9.425019e+00
9.479274e+00	9.557262e+00	9.615580e+00	9.596115e+00	9.467676e+00	9.115217e+00
7.655851e+00	6.381991e+00	3.211067e+00	2.177685e+00	9.997618e-01	7.851802e-01
5.826427e-01	5.434811e-01	1.476305e+01	1.421390e+01	1.373796e+01	1.338248e+01
1.308932e+01	1.249564e+01	1.195517e+01	1.146785e+01	1.103305e+01	1.065073e+01
1.032103e+01	1.004378e+01	9.818877e+00	9.645803e+00	9.522915e+00	9.449148e+00
9.425729e+00	9.447995e+00	9.508745e+00	9.597425e+00	9.676257e+00	9.675612e+00
9.580011e+00	9.278129e+00	7.935263e+00	6.712463e+00	3.503008e+00	2.382151e+00
1.068633e+00	8.258763e-01	5.920731e-01	5.433941e-01	1.472084e+01	1.419693e+01
1.373818e+01	1.338613e+01	1.309043e+01	1.249743e+01	1.195764e+01	1.147111e+01
1.103708e+01	1.065555e+01	1.032677e+01	1.005056e+01	9.826862e+00	9.655166e+00
9.533883e+00	9.462203e+00	9.441544e+00	9.467703e+00	9.534147e+00	9.632242e+00
9.729056e+00	9.745045e+00	9.679420e+00	9.425371e+00	8.199647e+00	7.035156e+00
3.808964e+00	2.610326e+00	1.145791e+00	8.717510e-01	6.031927e-01	5.433682e-01
1.468342e+01	1.418197e+01	1.373836e+01	1.338944e+01	1.309138e+01	1.249888e+01
1.195958e+01	1.147366e+01	1.104032e+01	1.065944e+01	1.033146e+01	1.005614e+01
9.833476e+00	9.662978e+00	9.543065e+00	9.473149e+00	9.454805e+00	9.484255e+00
9.555546e+00	9.661662e+00	9.773837e+00	9.804219e+00	9.765194e+00	9.555132e+00
8.444662e+00	7.343779e+00	4.125674e+00	2.864523e+00	1.233604e+00	9.248042e-01
6.169243e-01	5.433596e-01	1.465234e+01	1.417020e+01	1.373916e+01	1.339315e+01
1.309299e+01	1.250091e+01	1.196199e+01	1.147648e+01	1.104364e+01	1.066338e+01
1.033603e+01	1.006147e+01	9.839646e+00	9.670160e+00	9.551427e+00	9.483019e+00
9.466665e+00	9.498870e+00	9.574266e+00	9.687131e+00	9.812312e+00	9.855041e+00
9.839233e+00	9.669024e+00	8.670501e+00	7.636576e+00	4.450637e+00	3.132026e+00
1.332212e+00	9.851961e-01	6.332128e-01	5.434734e-01	1.462500e+01	1.416013e+01
1.374084e+01	1.339706e+01	1.309514e+01	1.250334e+01	1.196467e+01	1.147940e+01
1.104694e+01	1.066722e+01	1.034041e+01	1.006652e+01	9.845416e+00	9.676824e+00
9.559146e+00	9.492080e+00	9.477505e+00	9.512135e+00	9.591174e+00	9.710006e+00
9.846746e+00	9.900554e+00	9.905822e+00	9.772729e+00	8.883992e+00	7.920009e+00
4.787004e+00	3.416900e+00	1.442409e+00	1.053346e+00	6.521289e-01	5.437464e-01
1.460168e+01	1.415178e+01	1.374257e+01	1.340086e+01	1.309732e+01	1.250581e+01
1.196740e+01	1.148238e+01	1.105030e+01	1.067099e+01	1.034461e+01	1.007124e+01
9.850755e+00	9.682911e+00	9.566157e+00	9.500255e+00	9.487235e+00	9.523971e+00
9.606183e+00	9.730208e+00	9.877057e+00	9.940610e+00	9.964441e+00	9.864864e+00
9.081491e+00	8.189195e+00	5.130221e+00	3.717652e+00	1.564307e+00	1.129586e+00
6.734533e-01	5.437753e-01	1.458268e+01	1.414530e+01	1.374449e+01	1.340481e+01
1.309968e+01	1.250850e+01	1.197042e+01	1.148567e+01	1.105397e+01	1.067489e+01
1.034882e+01	1.007577e+01	9.855795e+00	9.688540e+00	9.572565e+00	9.507628e+00
9.495921e+00	9.534420e+00	9.619305e+00	9.747708e+00	9.903122e+00	9.974985e+00
1.001466e+01	9.944451e+00	9.259528e+00	8.438774e+00	5.474474e+00	4.031656e+00
1.699814e+00	1.216575e+00	6.984717e-01	5.432355e-01	1.456326e+01	1.413697e+01
1.374377e+01	1.340510e+01	1.309918e+01	1.250828e+01	1.197052e+01	1.148607e+01
1.105462e+01	1.067594e+01	1.035026e+01	1.007764e+01	9.858081e+00	9.691358e+00
9.576067e+00	9.512021e+00	9.501497e+00	9.541550e+00	9.628789e+00	9.760997e+00
9.923920e+00	1.000304e+01	1.005641e+01	1.001219e+01	9.419470e+00	8.669248e+00
5.816430e+00	4.354776e+00	1.860991e+00	1.314124e+00	7.269973e-01	5.430552e-01
1.454618e+01	1.412955e+01	1.374238e+01	1.340494e+01	1.309805e+01	1.250754e+01
1.197022e+01	1.148621e+01	1.105503e+01	1.067669e+01	1.035134e+01	1.007911e+01
9.859903e+00	9.693628e+00	9.578918e+00	9.515647e+00	9.506159e+00	9.547568e+00
9.636847e+00	9.772347e+00	9.941804e+00	1.002725e+01	1.009233e+01	1.007073e+01
9.562935e+00	8.881203e+00	6.153869e+00	4.685711e+00	2.053765e+00	1.423617e+00
7.593744e-01	5.428033e-01	1.453459e+01	1.412625e+01	1.374471e+01	1.340843e+01
1.310043e+01	1.251017e+01	1.197307e+01	1.148936e+01	1.105846e+01	1.068020e+01
1.035494e+01	1.008291e+01	9.864015e+00	9.698040e+00	9.583774e+00	9.521100e+00
9.512481e+00	9.555068e+00	9.646072e+00	9.784413e+00	9.959524e+00	1.005050e+01
1.012559e+01	1.012340e+01	9.693037e+00	9.077352e+00	6.486990e+00	5.025243e+00
2.275837e+00	1.548616e+00	7.953534e-01	5.411924e-01	1.452144e+01	1.412083e+01
1.374430e+01	1.340923e+01	1.310034e+01	1.251015e+01	1.197335e+01	1.148973e+01
1.105901e+01	1.068106e+01	1.035611e+01	1.008438e+01	9.865837e+00	9.700147e+00
9.586228e+00	9.524081e+00	9.516158e+00	9.559738e+00	9.652208e+00	9.792940e+00
9.972835e+00	1.006850e+01	1.015216e+01	1.016709e+01	9.807493e+00	9.254780e+00
6.811291e+00	5.368499e+00	2.511613e+00	1.714092e+00	8.375314e-01	5.431669e-01
1.450854e+01	1.411500e+01	1.374355e+01	1.340940e+01	1.310012e+01	1.251002e+01
1.197326e+01	1.148965e+01	1.105897e+01	1.068114e+01	1.035630e+01	1.008469e+01
9.866282e+00	9.700976e+00	9.587450e+00	9.525741e+00	9.518385e+00	9.562780e+00
9.656492e+00	9.799259e+00	9.983197e+00	1.008291e+01	1.017425e+01	1.020448e+01
9.909870e+00	9.417346e+00	7.127419e+00	5.714723e+00	2.762370e+00	1.896696e+00
8.848929e-01	5.437665e-01	1.449629e+01	1.410918e+01	1.374228e+01	1.340938e+01
1.309948e+01	1.250917e+01	1.197187e+01	1.148807e+01	1.105756e+01	1.068006e+01
1.035556e+01	1.008426e+01	9.866258e+00	9.701207e+00	9.587976e+00	9.526576e+00
9.519636e+00	9.564646e+00	9.659347e+00	9.803778e+00	9.991019e+00	1.009416e+01
1.019226e+01	1.023596e+01	1.000006e+01	9.564186e+00	7.431394e+00	6.059636e+00
3.026438e+00	2.088082e+00	9.382375e-01	5.410192e-01	