5.191192e-02	5.434786e-02	5.680987e-02	5.929183e-02	6.178857e-02	6.679674e-02
7.179180e-02	7.677097e-02	8.174964e-02	8.685675e-02	9.228965e-02	9.812257e-02
1.044891e-01	1.115535e-01	1.195998e-01	1.287881e-01	1.385742e-01	1.473798e-01
1.537380e-01	1.595079e-01	1.681293e-01	1.737215e-01	1.776971e-01	1.780344e-01
1.760198e-01	1.763445e-01	1.766104e-01	1.763827e-01	1.761449e-01	1.762136e-01
1.761159e-01	1.758869e-01	6.072947e-02	6.348247e-02	6.626336e-02	6.906680e-02
7.188750e-02	7.754908e-02	8.320387e-02	8.885024e-02	9.450535e-02	1.003080e-01
1.064694e-01	1.130673e-01	1.202434e-01	1.281710e-01	1.371507e-01	1.473482e-01
1.581752e-01	1.679523e-01	1.751235e-01	1.816519e-01	1.911514e-01	1.972201e-01
2.015584e-01	2.020175e-01	2.000264e-01	2.004178e-01	2.007497e-01	2.005146e-01
2.002634e-01	2.003359e-01	2.002325e-01	1.999909e-01	7.104473e-02	7.415240e-02
7.728996e-02	8.045328e-02	8.363703e-02	9.003224e-02	9.643001e-02	1.028301e-01
1.092514e-01	1.158424e-01	1.228277e-01	1.302883e-01	1.383730e-01	1.472638e-01
1.572772e-01	1.685830e-01	1.805488e-01	1.913964e-01	1.994839e-01	2.068699e-01
2.173260e-01	2.238971e-01	2.286238e-01	2.292313e-01	2.273071e-01	2.277776e-01
2.281883e-01	2.279480e-01	2.276842e-01	2.277603e-01	2.276515e-01	2.273981e-01
8.311210e-02	8.661570e-02	9.015145e-02	9.371697e-02	9.730695e-02	1.045248e-01
1.117586e-01	1.190095e-01	1.262983e-01	1.337825e-01	1.416994e-01	1.501322e-01
1.592361e-01	1.692008e-01	1.803572e-01	1.928781e-01	2.060871e-01	2.181130e-01
2.272329e-01	2.355890e-01	2.470846e-01	2.541827e-01	2.593236e-01	2.601112e-01
2.583085e-01	2.588722e-01	2.593772e-01	2.591347e-01	2.588597e-01	2.589390e-01
2.588251e-01	2.585612e-01	9.722919e-02	1.011738e-01	1.051532e-01	1.091673e-01
1.132111e-01	1.213503e-01	1.295238e-01	1.377347e-01	1.460051e-01	1.545010e-01
1.634706e-01	1.729984e-01	1.832447e-01	1.944056e-01	2.068241e-01	2.206744e-01
2.352377e-01	2.485590e-01	2.588418e-01	2.682949e-01	2.809181e-01	2.885648e-01
2.941458e-01	2.951508e-01	2.935380e-01	2.942118e-01	2.948290e-01	2.945883e-01
2.943038e-01	2.943857e-01	2.942676e-01	2.939950e-01	1.137442e-01	1.181788e-01
1.226513e-01	1.271649e-01	1.317147e-01	1.408842e-01	1.501130e-01	1.594061e-01
1.687868e-01	1.784281e-01	1.885868e-01	1.993472e-01	2.108733e-01	2.233650e-01
2.371749e-01	2.524765e-01	2.685116e-01	2.832548e-01	2.948477e-01	3.055414e-01
3.193845e-01	3.275977e-01	3.336440e-01	3.349107e-01	3.335723e-01	3.343756e-01
3.351264e-01	3.348925e-01	3.346010e-01	3.346849e-01	3.345634e-01	3.342848e-01
1.330643e-01	1.380419e-01	1.430611e-01	1.481295e-01	1.532426e-01	1.635625e-01
1.739750e-01	1.844873e-01	1.951233e-01	2.060607e-01	2.175619e-01	2.297092e-01
2.426675e-01	2.566384e-01	2.719797e-01	2.888617e-01	3.064921e-01	3.227938e-01
3.358622e-01	3.479586e-01	3.631181e-01	3.719103e-01	3.784460e-01	3.800267e-01
3.790667e-01	3.800224e-01	3.809317e-01	3.807109e-01	3.804160e-01	3.805007e-01
3.803771e-01	3.800959e-01	1.556660e-01	1.612435e-01	1.668673e-01	1.725504e-01
1.782891e-01	1.898913e-01	2.016302e-01	2.135149e-01	2.255691e-01	2.379727e-01
2.509889e-01	2.646956e-01	2.792555e-01	2.948682e-01	3.118919e-01	3.304905e-01
3.498448e-01	3.678520e-01	3.825820e-01	3.962644e-01	4.128402e-01	4.222169e-01
4.292640e-01	4.312202e-01	4.307659e-01	4.319005e-01	4.329977e-01	4.327979e-01
4.325040e-01	4.325883e-01	4.324643e-01	4.321851e-01	1.821069e-01	1.883448e-01
1.946350e-01	2.009974e-01	2.074293e-01	2.204583e-01	2.336815e-01	2.471097e-01
2.607655e-01	2.748268e-01	2.895517e-01	3.050106e-01	3.213600e-01	3.387929e-01
3.576612e-01	3.781185e-01	3.993297e-01	4.191997e-01	4.358006e-01	4.512764e-01
4.693708e-01	4.793283e-01	4.869059e-01	4.893101e-01	4.895161e-01	4.908607e-01
4.921801e-01	4.920113e-01	4.917242e-01	4.918063e-01	4.916842e-01	4.914128e-01
2.130388e-01	2.200012e-01	2.270234e-01	2.341342e-01	2.413322e-01	2.559457e-01
2.708277e-01	2.859903e-01	3.014538e-01	3.173884e-01	3.340395e-01	3.514660e-01
3.698128e-01	3.892608e-01	4.101470e-01	4.326104e-01	4.558141e-01	4.777149e-01
4.964222e-01	5.139255e-01	5.336422e-01	5.441649e-01	5.522881e-01	5.552252e-01
5.562790e-01	5.578698e-01	5.594516e-01	5.593259e-01	5.590531e-01	5.591309e-01
5.590134e-01	5.587571e-01	2.492247e-01	2.569782e-01	2.648014e-01	2.727341e-01
2.807764e-01	2.971456e-01	3.138786e-01	3.309885e-01	3.484907e-01	3.665414e-01
3.853625e-01	4.049967e-01	4.255710e-01	4.472466e-01	4.703349e-01	4.949553e-01
5.202882e-01	5.443982e-01	5.654764e-01	5.852720e-01	6.067143e-01	6.177716e-01
6.264498e-01	6.300198e-01	6.321473e-01	6.340265e-01	6.359177e-01	6.358502e-01
6.356008e-01	6.356716e-01	6.355624e-01	6.353304e-01	2.915570e-01	3.001703e-01
3.088658e-01	3.176975e-01	3.266674e-01	3.449774e-01	3.637729e-01	3.830668e-01
4.028671e-01	4.233065e-01	4.445710e-01	4.666806e-01	4.897361e-01	5.138702e-01
5.393553e-01	5.662849e-01	5.938819e-01	6.203897e-01	6.441364e-01	6.665232e-01
6.897923e-01	7.013347e-01	7.105700e-01	7.148900e-01	7.183630e-01	7.205796e-01
7.228354e-01	7.228441e-01	7.226299e-01	7.226902e-01	7.225936e-01	7.223976e-01
3.410797e-01	3.506220e-01	3.602629e-01	3.700738e-01	3.800590e-01	4.005088e-01
4.215985e-01	4.433392e-01	4.657280e-01	4.888627e-01	5.128765e-01	5.377594e-01
5.635757e-01	5.904183e-01	6.185042e-01	6.478941e-01	6.778854e-01	7.069887e-01
7.337383e-01	7.590543e-01	7.842462e-01	7.962011e-01	8.059860e-01	8.111931e-01
8.163373e-01	8.189483e-01	8.216330e-01	8.217402e-01	8.215752e-01	8.216210e-01
8.215426e-01	8.213966e-01	3.990142e-01	4.095534e-01	4.202127e-01	4.310848e-01
4.421771e-01	4.649792e-01	4.886161e-01	5.130949e-01	5.383973e-01	5.645714e-01
5.916767e-01	6.196640e-01	6.485483e-01	6.783693e-01	7.092679e-01	7.412642e-01
7.737710e-01	8.056758e-01	8.358042e-01	8.644311e-01	8.916338e-01	9.038996e-01
9.142145e-01	9.204692e-01	9.276738e-01	9.307457e-01	9.339343e-01	9.341668e-01
9.340686e-01	9.340946e-01	9.340413e-01	9.339626e-01	4.667891e-01	4.783898e-01
4.901385e-01	5.021543e-01	5.144480e-01	5.398274e-01	5.662868e-01	5.938261e-01
6.224055e-01	6.520048e-01	6.825840e-01	7.140433e-01	7.463326e-01	7.794218e-01
8.133510e-01	8.480902e-01	8.832194e-01	9.181385e-01	9.520678e-01	9.844370e-01
1.013726e+00	1.026166e+00	1.036976e+00	1.044466e+00	1.054195e+00	1.057805e+00
1.061585e+00	1.061975e+00	1.061965e+00	1.061965e+00	1.061945e+00	1.061955e+00
5.464989e-01	5.591531e-01	5.719966e-01	5.851845e-01	5.987315e-01	6.268624e-01
6.564175e-01	6.873847e-01	7.196941e-01	7.532247e-01	7.877906e-01	8.232198e-01
8.593697e-01	8.961064e-01	9.333162e-01	9.708955e-01	1.008700e+00	1.046915e+00
1.085372e+00	1.122239e+00	1.153602e+00	1.165809e+00	1.176898e+00	1.185894e+00
1.199044e+00	1.203345e+00	1.207881e+00	1.208492e+00	1.208614e+00	1.208576e+00
1.208606e+00	1.208745e+00	6.394588e-01	6.532465e-01	6.672735e-01	6.817360e-01
6.966532e-01	7.278125e-01	7.607976e-01	7.955780e-01	8.320445e-01	8.699510e-01
9.089331e-01	9.487336e-01	9.890988e-01	1.029774e+00	1.070466e+00	1.110995e+00
1.151548e+00	1.193242e+00	1.236618e+00	1.278385e+00	1.311893e+00	1.323759e+00
1.335141e+00	1.345870e+00	1.362906e+00	1.367967e+00	1.373343e+00	1.374207e+00
1.374484e+00	1.374401e+00	1.374490e+00	1.374780e+00	7.457507e-01	7.611110e-01
7.767435e-01	7.928725e-01	8.095230e-01	8.443520e-01	8.812770e-01	9.202478e-01
9.611090e-01	1.003512e+00	1.046946e+00	1.091100e+00	1.135629e+00	1.180209e+00
1.224460e+00	1.268186e+00	1.311744e+00	1.356793e+00	1.404256e+00	1.449998e+00
1.486063e+00	1.498637e+00	1.511184e+00	1.523677e+00	1.543329e+00	1.548892e+00
1.554910e+00	1.555944e+00	1.556300e+00	1.556186e+00	1.556309e+00	1.556708e+00
8.664954e-01	8.840464e-01	9.018747e-01	9.202091e-01	9.390809e-01	9.784068e-01
1.019870e+00	1.063397e+00	1.108788e+00	1.155638e+00	1.203363e+00	1.251644e+00
1.300085e+00	1.348369e+00	1.396165e+00	1.443344e+00	1.490181e+00	1.538285e+00
1.588499e+00	1.636835e+00	1.676023e+00	1.690729e+00	1.705571e+00	1.719748e+00
1.740223e+00	1.745943e+00	1.752278e+00	1.753355e+00	1.753695e+00	1.753573e+00
1.753696e+00	1.754135e+00	1.002617e+00	1.022945e+00	1.043520e+00	1.064554e+00
1.086086e+00	1.130644e+00	1.177169e+00	1.225535e+00	1.275510e+00	1.326672e+00
1.378445e+00	1.430507e+00	1.482467e+00	1.534068e+00	1.585155e+00	1.635701e+00
1.685726e+00	1.736229e+00	1.787700e+00	1.837570e+00	1.880867e+00	1.898759e+00
1.916275e+00	1.931544e+00	1.952273e+00	1.958114e+00	1.964254e+00	1.965228e+00
1.965571e+00	1.965475e+00	1.965570e+00	1.965993e+00	1.156586e+00	1.180359e+00
1.204311e+00	1.228608e+00	1.253300e+00	1.303909e+00	1.356054e+00	1.409532e+00
1.464100e+00	1.519369e+00	1.574879e+00	1.630321e+00	1.685368e+00	1.739872e+00
1.793981e+00	1.847802e+00	1.900917e+00	1.953183e+00	2.004475e+00	2.054806e+00
2.103005e+00	2.125091e+00	2.145775e+00	2.161719e+00	2.181961e+00	2.187834e+00
2.193294e+00	2.194030e+00	2.194379e+00	2.194339e+00	2.194383e+00	2.194732e+00
1.329967e+00	1.357708e+00	1.385517e+00	1.413473e+00	1.441638e+00	1.498702e+00
1.556539e+00	1.614906e+00	1.673583e+00	1.732343e+00	1.790992e+00	1.849287e+00
1.906969e+00	1.963957e+00	2.020622e+00	2.077148e+00	2.132775e+00	2.186493e+00
2.237710e+00	2.288330e+00	2.340046e+00	2.365395e+00	2.389282e+00	2.406761e+00
2.426078e+00	2.431831e+00	2.436222e+00	2.436687e+00	2.437076e+00	2.437093e+00
2.437110e+00	2.437313e+00	1.523424e+00	1.555689e+00	1.587852e+00	1.619846e+00
1.651752e+00	1.715481e+00	1.778765e+00	1.841393e+00	1.903236e+00	1.964422e+00
2.025245e+00	2.085595e+00	2.145265e+00	2.204156e+00	2.262701e+00	2.321059e+00
2.378349e+00	2.433286e+00	2.485095e+00	2.536073e+00	2.588803e+00	2.615578e+00
2.642526e+00	2.663000e+00	2.680906e+00	2.686317e+00	2.689156e+00	2.689336e+00
2.689819e+00	2.689890e+00	2.689923e+00	2.689880e+00	1.735769e+00	1.773399e+00
1.810660e+00	1.847275e+00	1.883343e+00	1.954153e+00	2.022717e+00	2.088872e+00
2.152744e+00	2.215027e+00	2.276826e+00	2.338243e+00	2.399105e+00	2.459236e+00
2.518905e+00	2.578088e+00	2.635761e+00	2.690389e+00	2.741210e+00	2.791623e+00
2.845851e+00	2.874564e+00	2.904258e+00	2.926663e+00	2.942998e+00	2.948360e+00
2.949417e+00	2.949240e+00	2.949844e+00	2.949950e+00	2.950038e+00	2.949719e+00
1.967453e+00	2.011158e+00	2.054134e+00	2.095824e+00	2.136344e+00	2.214384e+00
2.287794e+00	2.356482e+00	2.420989e+00	2.482797e+00	2.544120e+00	2.605344e+00
2.666313e+00	2.726717e+00	2.786500e+00	2.845337e+00	2.902051e+00	2.954909e+00
3.003324e+00	3.052279e+00	3.108118e+00	3.138955e+00	3.170832e+00	3.194100e+00
3.208985e+00	3.214512e+00	3.213753e+00	3.213200e+00	3.213936e+00	3.214062e+00
3.214222e+00	3.213624e+00	2.220164e+00	2.270024e+00	2.318751e+00	2.365456e+00
2.410273e+00	2.494988e+00	2.572347e+00	2.642374e+00	2.706061e+00	2.765811e+00
2.825044e+00	2.884475e+00	2.943976e+00	3.003099e+00	3.061562e+00	3.118778e+00
3.173482e+00	3.223865e+00	3.269503e+00	3.316435e+00	3.372467e+00	3.404374e+00
3.437472e+00	3.461267e+00	3.475368e+00	3.480914e+00	3.478746e+00	3.477929e+00
3.478766e+00	3.478917e+00	3.479111e+00	3.478287e+00	2.492158e+00	2.547895e+00
2.602039e+00	2.653360e+00	2.702000e+00	2.792257e+00	2.872197e+00	2.942017e+00
3.003221e+00	3.059141e+00	3.114491e+00	3.170301e+00	3.226479e+00	3.282524e+00
3.337975e+00	3.392108e+00	3.443678e+00	3.490912e+00	3.533539e+00	3.577994e+00
3.632645e+00	3.664351e+00	3.697337e+00	3.721132e+00	3.735533e+00	3.740984e+00
3.738168e+00	3.737256e+00	3.738145e+00	3.738295e+00	3.738521e+00	3.737627e+00
2.785194e+00	2.846273e+00	2.905266e+00	2.960561e+00	3.012336e+00	3.106638e+00
3.187526e+00	3.255428e+00	3.312378e+00	3.362674e+00	3.412286e+00	3.462577e+00
3.513508e+00	3.564598e+00	3.615301e+00	3.664884e+00	3.712226e+00	3.755711e+00
3.795165e+00	3.836729e+00	3.888384e+00	3.918560e+00	3.950057e+00	3.973293e+00
3.989110e+00	3.994347e+00	3.991725e+00	3.990906e+00	3.991780e+00	3.991913e+00
3.992157e+00	3.991345e+00	3.095824e+00	3.161074e+00	3.223744e+00	3.281815e+00
3.335536e+00	3.431551e+00	3.511159e+00	3.575059e+00	3.625781e+00	3.668564e+00
3.710468e+00	3.753191e+00	3.796784e+00	3.840877e+00	3.884980e+00	3.928503e+00
3.970557e+00	4.009791e+00	4.046035e+00	4.084339e+00	4.131232e+00	4.158397e+00
4.186883e+00	4.208919e+00	4.227306e+00	4.232196e+00	4.230746e+00	4.230236e+00
4.231016e+00	4.231116e+00	4.231356e+00	4.230816e+00	3.422823e+00	3.490775e+00
3.555652e+00	3.615044e+00	3.669263e+00	3.764235e+00	3.840045e+00	3.897658e+00
3.940128e+00	3.973508e+00	4.005825e+00	4.039032e+00	4.073349e+00	4.108582e+00
4.144417e+00	4.180526e+00	4.216306e+00	4.250681e+00	4.283384e+00	4.317857e+00
4.358522e+00	4.381550e+00	4.405850e+00	4.426089e+00	4.447537e+00	4.451963e+00
4.452337e+00	4.452274e+00	4.452917e+00	4.452963e+00	4.453176e+00	4.453093e+00
3.770235e+00	3.839588e+00	3.905366e+00	3.964772e+00	4.018183e+00	4.109600e+00
4.179262e+00	4.228423e+00	4.260678e+00	4.282828e+00	4.303788e+00	4.325743e+00
4.349112e+00	4.373930e+00	4.400126e+00	4.427689e+00	4.456304e+00	4.485135e+00
4.513726e+00	4.543700e+00	4.577135e+00	4.595387e+00	4.614839e+00	4.632859e+00
4.657297e+00	4.661178e+00	4.663618e+00	4.664055e+00	4.664538e+00	4.664522e+00
4.664695e+00	4.665204e+00	4.133601e+00	4.202191e+00	4.266787e+00	4.324281e+00
4.375140e+00	4.459954e+00	4.520866e+00	4.559206e+00	4.579067e+00	4.588002e+00
4.595769e+00	4.604832e+00	4.615744e+00	4.628796e+00	4.644228e+00	4.662341e+00
4.683000e+00	4.705359e+00	4.728568e+00	4.752760e+00	4.778274e+00	4.791730e+00
4.806204e+00	4.821508e+00	4.847630e+00	4.850821e+00	4.855047e+00	4.855912e+00
4.856223e+00	4.856162e+00	4.856283e+00	4.857600e+00	4.507252e+00	4.572847e+00
4.634057e+00	4.687483e+00	4.733724e+00	4.808138e+00	4.857066e+00	4.882058e+00
4.887623e+00	4.881868e+00	4.875103e+00	4.870061e+00	4.867399e+00	4.867685e+00
4.871504e+00	4.879429e+00	4.891419e+00	4.906453e+00	4.923208e+00	4.940708e+00
4.957983e+00	4.966687e+00	4.976221e+00	4.988493e+00	5.014877e+00	5.017369e+00
5.022977e+00	5.024175e+00	5.024329e+00	5.024235e+00	5.024298e+00	5.026542e+00
4.886741e+00	4.952007e+00	5.011245e+00	5.059756e+00	5.098630e+00	5.154111e+00
5.182163e+00	5.189163e+00	5.179859e+00	5.160978e+00	5.140867e+00	5.122131e+00
5.105841e+00	5.092939e+00	5.084121e+00	5.080032e+00	5.080932e+00	5.086306e+00
5.095281e+00	5.106506e+00	5.116325e+00	5.119585e+00	5.124551e+00	5.134224e+00
5.157172e+00	5.159999e+00	5.165327e+00	5.166496e+00	5.166761e+00	5.166629e+00
5.166619e+00	5.169634e+00	5.277516e+00	5.343311e+00	5.400667e+00	5.443014e+00
5.472200e+00	5.502636e+00	5.503959e+00	5.489718e+00	5.464555e+00	5.432720e+00
5.399311e+00	5.366617e+00	5.336292e+00	5.309685e+00	5.287502e+00	5.270362e+00
5.258920e+00	5.253425e+00	5.253803e+00	5.258676e+00	5.261311e+00	5.258954e+00
5.259552e+00	5.266705e+00	5.284576e+00	5.288087e+00	5.292463e+00	5.293458e+00
5.293924e+00	5.293755e+00	5.293671e+00	5.297370e+00	5.683511e+00	5.740851e+00
5.789044e+00	5.821330e+00	5.839914e+00	5.848676e+00	5.828241e+00	5.793078e+00
5.748086e+00	5.697447e+00	5.646131e+00	5.596658e+00	5.550806e+00	5.509896e+00
5.474754e+00	5.445828e+00	5.423540e+00	5.407445e+00	5.396953e+00	5.391388e+00
5.385448e+00	5.379686e+00	5.376207e+00	5.378862e+00	5.391021e+00	5.393637e+00
5.397626e+00	5.398543e+00	5.398872e+00	5.398712e+00	5.398620e+00	5.402610e+00
6.100354e+00	6.136051e+00	6.165141e+00	6.182688e+00	6.190279e+00	6.183800e+00
6.150263e+00	6.095870e+00	6.026334e+00	5.949683e+00	5.875196e+00	5.806108e+00
5.743539e+00	5.688181e+00	5.641091e+00	5.602390e+00	5.571542e+00	5.545718e+00
5.522378e+00	5.502660e+00	5.487290e+00	5.480521e+00	5.473544e+00	5.470180e+00
5.476692e+00	5.477025e+00	5.481180e+00	5.482123e+00	5.482019e+00	5.481907e+00
5.481867e+00	5.485915e+00	6.520947e+00	6.538352e+00	6.550410e+00	6.553054e+00
6.547619e+00	6.518711e+00	6.464214e+00	6.386465e+00	6.291850e+00	6.190431e+00
6.093784e+00	6.005465e+00	5.926387e+00	5.856704e+00	5.797015e+00	5.746784e+00
5.704889e+00	5.667340e+00	5.630886e+00	5.598192e+00	5.573366e+00	5.563837e+00
5.552319e+00	5.542752e+00	5.542186e+00	5.541476e+00	5.545504e+00	5.546369e+00
5.546032e+00	5.545987e+00	5.545930e+00	5.549163e+00	6.938282e+00	6.946294e+00
6.947413e+00	6.936584e+00	6.915747e+00	6.853456e+00	6.765349e+00	6.658055e+00
6.538451e+00	6.415767e+00	6.300549e+00	6.195626e+00	6.101296e+00	6.017006e+00
5.942943e+00	5.878332e+00	5.822127e+00	5.770883e+00	5.722096e+00	5.678988e+00
5.644808e+00	5.629863e+00	5.612515e+00	5.597525e+00	5.589279e+00	5.587985e+00
5.592148e+00	5.592956e+00	5.592495e+00	5.592437e+00	5.592426e+00	5.593822e+00
7.347113e+00	7.358133e+00	7.357211e+00	7.335577e+00	7.296899e+00	7.188160e+00
7.051230e+00	6.907045e+00	6.762464e+00	6.622796e+00	6.494003e+00	6.376673e+00
6.268885e+00	6.168836e+00	6.077402e+00	5.994909e+00	5.921141e+00	5.854718e+00
5.794883e+00	5.743634e+00	5.699023e+00	5.675736e+00	5.651018e+00	5.630999e+00
5.614983e+00	5.612971e+00	5.617772e+00	5.618631e+00	5.618071e+00	5.617891e+00
5.618041e+00	5.617239e+00	7.763125e+00	7.764631e+00	7.752044e+00	7.715048e+00
7.658230e+00	7.509730e+00	7.333497e+00	7.156353e+00	6.984937e+00	6.822485e+00
6.672852e+00	6.536476e+00	6.411675e+00	6.296607e+00	6.190722e+00	6.093558e+00
6.005152e+00	5.925423e+00	5.854898e+00	5.789827e+00	5.729007e+00	5.698331e+00
5.665517e+00	5.637561e+00	5.613478e+00	5.611257e+00	5.616189e+00	5.617007e+00
5.616383e+00	5.616208e+00	5.616404e+00	5.613524e+00	8.174740e+00	8.165804e+00
8.140775e+00	8.087555e+00	8.011560e+00	7.820801e+00	7.602320e+00	7.389008e+00
7.187642e+00	7.000276e+00	6.829389e+00	6.674705e+00	6.533295e+00	6.402489e+00
6.280510e+00	6.166558e+00	6.061730e+00	5.965488e+00	5.877092e+00	5.801179e+00
5.733899e+00	5.700436e+00	5.664426e+00	5.633461e+00	5.604400e+00	5.601564e+00
5.606605e+00	5.607327e+00	5.606551e+00	5.606389e+00	5.606669e+00	5.599839e+00
8.576447e+00	8.553484e+00	8.512349e+00	8.439760e+00	8.342117e+00	8.105837e+00
7.843363e+00	7.592380e+00	7.359860e+00	7.147243e+00	6.955798e+00	6.783566e+00
6.624995e+00	6.476056e+00	6.336978e+00	6.208622e+00	6.090506e+00	5.981382e+00
5.880549e+00	5.789037e+00	5.706417e+00	5.666052e+00	5.621636e+00	5.582991e+00
5.549507e+00	5.544846e+00	5.548366e+00	5.548916e+00	5.547906e+00	5.547786e+00
5.548016e+00	5.539775e+00	9.025545e+00	8.941164e+00	8.844578e+00	8.728536e+00
8.598328e+00	8.319293e+00	8.032749e+00	7.761618e+00	7.510236e+00	7.280337e+00
7.062659e+00	6.859127e+00	6.669906e+00	6.491843e+00	6.333134e+00	6.195463e+00
6.068459e+00	5.952501e+00	5.847110e+00	5.743129e+00	5.641976e+00	5.592099e+00
5.541136e+00	5.500550e+00	5.463122e+00	5.455834e+00	5.455621e+00	5.455729e+00
5.454603e+00	5.454489e+00	5.454672e+00	5.445620e+00	9.479149e+00	9.318719e+00
9.156788e+00	8.992524e+00	8.828175e+00	8.507356e+00	8.199365e+00	7.909179e+00
7.637757e+00	7.386616e+00	7.143526e+00	6.912904e+00	6.699030e+00	6.500687e+00
6.322636e+00	6.163529e+00	6.018087e+00	5.887689e+00	5.771286e+00	5.657679e+00
5.538215e+00	5.478254e+00	5.423326e+00	5.385178e+00	5.344750e+00	5.334332e+00
5.328432e+00	5.327834e+00	5.326717e+00	5.326595e+00	5.326659e+00	5.318269e+00
9.838415e+00	9.640024e+00	9.442824e+00	9.248454e+00	9.058671e+00	8.696353e+00
8.353446e+00	8.028119e+00	7.713473e+00	7.415785e+00	7.150582e+00	6.909553e+00
6.687069e+00	6.482515e+00	6.290769e+00	6.113083e+00	5.953705e+00	5.808810e+00
5.674090e+00	5.542214e+00	5.408146e+00	5.343401e+00	5.285969e+00	5.247156e+00
5.203407e+00	5.190196e+00	5.177901e+00	5.176276e+00	5.175203e+00	5.175157e+00
5.174843e+00	5.168214e+00	1.012505e+01	9.911177e+00	9.697831e+00	9.485605e+00
9.276270e+00	8.871252e+00	8.483228e+00	8.114226e+00	7.756995e+00	7.423958e+00
7.125402e+00	6.854731e+00	6.609654e+00	6.389251e+00	6.191259e+00	6.013059e+00
5.850323e+00	5.690102e+00	5.523937e+00	5.364179e+00	5.225602e+00	5.164649e+00
5.107992e+00	5.065790e+00	5.018888e+00	5.003392e+00	4.983786e+00	4.980739e+00
4.979797e+00	4.979916e+00	4.978882e+00	4.976188e+00	1.043050e+01	1.017831e+01
9.927839e+00	9.681291e+00	9.440218e+00	8.977263e+00	8.539451e+00	8.117825e+00
7.748470e+00	7.404902e+00	7.079612e+00	6.785647e+00	6.522423e+00	6.286704e+00
6.075035e+00	5.883636e+00	5.707605e+00	5.533866e+00	5.354729e+00	5.182775e+00
5.030329e+00	4.963085e+00	4.903086e+00	4.860715e+00	4.810680e+00	4.792275e+00
4.768898e+00	4.765437e+00	4.764486e+00	4.764531e+00	4.763293e+00	4.763984e+00
1.073861e+01	1.043687e+01	1.014043e+01	9.853900e+00	9.578069e+00	9.057085e+00
8.576587e+00	8.117164e+00	7.715167e+00	7.344533e+00	7.003210e+00	6.694552e+00
6.416221e+00	6.164434e+00	5.934192e+00	5.721564e+00	5.525314e+00	5.341397e+00
5.164773e+00	4.991674e+00	4.820822e+00	4.741321e+00	4.675270e+00	4.634519e+00
4.581410e+00	4.560011e+00	4.535902e+00	4.532776e+00	4.531722e+00	4.531536e+00
4.530459e+00	4.534182e+00	1.099583e+01	1.065221e+01	1.031681e+01	9.996141e+00
9.690091e+00	9.116287e+00	8.586590e+00	8.113081e+00	7.673440e+00	7.275604e+00
6.915640e+00	6.590538e+00	6.296631e+00	6.029517e+00	5.783005e+00	5.552967e+00
5.340307e+00	5.146090e+00	4.966890e+00	4.789451e+00	4.604489e+00	4.516061e+00
4.443812e+00	4.400991e+00	4.343733e+00	4.320860e+00	4.297656e+00	4.294935e+00
4.293766e+00	4.293441e+00	4.292561e+00	4.298428e+00	1.119790e+01	1.082261e+01
1.045742e+01	1.011019e+01	9.779959e+00	9.162475e+00	8.587666e+00	8.077741e+00
7.609995e+00	7.187101e+00	6.805630e+00	6.462186e+00	6.152678e+00	5.872060e+00
5.613442e+00	5.372098e+00	5.148600e+00	4.943792e+00	4.754529e+00	4.567855e+00
4.374853e+00	4.281919e+00	4.202988e+00	4.152629e+00	4.089371e+00	4.067286e+00
4.047634e+00	4.045469e+00	4.044158e+00	4.043817e+00	4.043207e+00	4.049978e+00
1.136871e+01	1.095817e+01	1.056035e+01	1.018518e+01	9.830511e+00	9.167691e+00
8.575858e+00	8.030832e+00	7.540649e+00	7.098638e+00	6.699499e+00	6.339195e+00
6.013690e+00	5.718146e+00	5.446090e+00	5.192798e+00	4.957773e+00	4.739970e+00
4.536636e+00	4.340002e+00	4.145649e+00	4.052407e+00	3.966182e+00	3.903615e+00
3.834750e+00	3.814737e+00	3.797988e+00	3.796124e+00	3.794760e+00	3.794466e+00
3.794165e+00	3.800724e+00	1.151256e+01	1.106660e+01	1.063685e+01	1.023561e+01
9.859136e+00	9.161686e+00	8.534337e+00	7.970585e+00	7.464237e+00	7.007900e+00
6.594242e+00	6.218884e+00	5.878134e+00	5.567746e+00	5.282138e+00	5.016926e+00
4.770457e+00	4.539533e+00	4.321701e+00	4.115086e+00	3.919942e+00	3.826647e+00
3.732774e+00	3.657360e+00	3.583266e+00	3.565245e+00	3.550576e+00	3.548871e+00
3.547523e+00	3.547323e+00	3.547431e+00	3.552666e+00	1.163164e+01	1.115399e+01
1.069564e+01	1.027086e+01	9.874495e+00	9.142667e+00	8.488478e+00	7.903747e+00
7.380379e+00	6.909518e+00	6.482535e+00	6.094632e+00	5.741960e+00	5.420260e+00
5.124002e+00	4.848860e+00	4.593026e+00	4.353264e+00	4.126906e+00	3.911417e+00
3.705221e+00	3.605226e+00	3.504023e+00	3.422475e+00	3.343213e+00	3.324654e+00
3.311100e+00	3.309653e+00	3.308324e+00	3.308225e+00	3.308867e+00	3.311971e+00
1.172004e+01	1.121550e+01	1.073365e+01	1.028688e+01	9.872297e+00	9.113483e+00
8.436453e+00	7.834009e+00	7.296102e+00	6.812665e+00	6.374268e+00	5.975787e+00
5.613232e+00	5.282196e+00	4.977126e+00	4.693578e+00	4.429513e+00	4.181436e+00
3.946226e+00	3.721494e+00	3.504412e+00	3.398025e+00	3.289833e+00	3.202316e+00
3.117394e+00	3.097579e+00	3.083810e+00	3.082410e+00	3.081102e+00	3.081111e+00
3.082065e+00	3.082635e+00	1.178055e+01	1.125177e+01	1.074736e+01	1.028957e+01
9.865623e+00	9.078830e+00	8.382722e+00	7.765278e+00	7.214926e+00	6.720710e+00
6.272696e+00	5.865517e+00	5.495013e+00	5.156564e+00	4.844452e+00	4.554042e+00
4.283022e+00	4.027523e+00	3.783949e+00	3.549806e+00	3.321557e+00	3.208668e+00
3.093651e+00	3.000432e+00	2.909245e+00	2.887492e+00	2.872427e+00	2.870919e+00
2.869587e+00	2.869673e+00	2.870770e+00	2.869072e+00	1.181333e+01	1.126805e+01
1.074979e+01	1.027805e+01	9.842813e+00	9.039413e+00	8.329211e+00	7.700130e+00
7.139864e+00	6.637007e+00	6.181435e+00	5.767633e+00	5.391241e+00	5.047406e+00
4.730124e+00	4.434523e+00	4.157962e+00	3.896058e+00	3.644680e+00	3.400786e+00
3.160553e+00	3.040572e+00	2.918169e+00	2.818769e+00	2.720228e+00	2.695896e+00
2.678477e+00	2.676696e+00	2.675235e+00	2.675335e+00	2.676356e+00	2.672994e+00
1.180914e+01	1.125850e+01	1.073521e+01	1.025478e+01	9.812905e+00	8.997926e+00
8.278754e+00	7.641466e+00	7.073831e+00	6.564408e+00	6.103230e+00	5.684660e+00
5.304150e+00	4.956631e+00	4.635861e+00	4.336714e+00	4.056162e+00	3.789230e+00
3.531077e+00	3.277698e+00	3.024735e+00	2.896688e+00	2.765370e+00	2.658172e+00
2.551357e+00	2.524556e+00	2.504489e+00	2.502315e+00	2.500528e+00	2.500515e+00
2.501136e+00	2.497115e+00	1.179832e+01	1.123618e+01	1.070324e+01	1.022048e+01
9.776873e+00	8.956171e+00	8.231879e+00	7.588936e+00	7.015817e+00	6.501347e+00
6.035924e+00	5.613838e+00	5.230382e+00	4.880309e+00	4.557197e+00	4.255672e+00
3.972280e+00	3.701367e+00	3.437234e+00	3.174692e+00	2.908511e+00	2.771837e+00
2.630647e+00	2.514630e+00	2.399095e+00	2.370055e+00	2.347408e+00	2.344802e+00
2.342571e+00	2.342366e+00	2.342422e+00	2.338700e+00	1.177544e+01	1.120484e+01
1.066654e+01	1.018276e+01	9.739255e+00	8.917862e+00	8.193211e+00	7.548432e+00
6.972664e+00	6.455316e+00	5.987364e+00	5.563156e+00	5.178013e+00	4.827146e+00
4.503586e+00	4.201714e+00	3.917445e+00	3.643990e+00	3.374148e+00	3.100775e+00
2.819911e+00	2.673121e+00	2.519259e+00	2.391494e+00	2.265746e+00	2.234875e+00
2.209992e+00	2.206923e+00	2.204013e+00	2.203466e+00	2.202733e+00	2.201043e+00
1.171918e+01	1.115186e+01	1.061701e+01	1.013771e+01	9.698622e+00	8.883093e+00
8.162143e+00	7.518259e+00	6.941844e+00	6.423253e+00	5.954197e+00	5.529160e+00
5.143480e+00	4.792584e+00	4.469296e+00	4.167794e+00	3.883432e+00	3.608420e+00
3.334177e+00	3.051601e+00	2.755330e+00	2.597455e+00	2.429262e+00	2.287773e+00
2.150302e+00	2.117810e+00	2.090851e+00	2.087281e+00	2.083532e+00	2.082551e+00
2.080856e+00	2.082839e+00	1.165632e+01	1.109364e+01	1.056423e+01	1.009144e+01
9.659002e+00	8.853948e+00	8.139843e+00	7.499625e+00	6.926750e+00	6.410850e+00
5.945009e+00	5.523908e+00	5.142106e+00	4.791894e+00	4.469137e+00	4.167911e+00
3.883704e+00	3.609010e+00	3.334846e+00	3.049837e+00	2.724534e+00	2.546507e+00
2.360538e+00	2.204162e+00	2.051920e+00	2.017723e+00	1.988214e+00	1.984006e+00
1.979517e+00	1.978218e+00	1.975527e+00	1.984126e+00	1.158355e+01	1.102854e+01
1.050731e+01	1.004330e+01	9.619549e+00	8.827957e+00	8.121833e+00	7.485617e+00
6.916355e+00	6.402988e+00	5.939811e+00	5.521546e+00	5.142488e+00	4.794913e+00
4.474035e+00	4.173723e+00	3.890067e+00	3.616697e+00	3.343417e+00	3.051147e+00
2.703568e+00	2.507057e+00	2.304085e+00	2.133051e+00	1.965308e+00	1.929338e+00
1.897246e+00	1.892388e+00	1.887212e+00	1.885648e+00	1.881980e+00	1.898246e+00
1.150947e+01	1.096132e+01	1.044783e+01	9.992827e+00	9.578389e+00	8.802294e+00
8.108435e+00	7.482428e+00	6.915072e+00	6.403221e+00	5.941400e+00	5.524327e+00
5.146743e+00	4.803207e+00	4.485005e+00	4.186017e+00	3.903160e+00	3.631416e+00
3.358970e+00	3.056782e+00	2.700556e+00	2.497815e+00	2.273411e+00	2.080030e+00
1.892539e+00	1.853034e+00	1.818665e+00	1.813354e+00	1.807393e+00	1.805574e+00
1.800848e+00	1.826422e+00	1.143408e+01	1.089129e+01	1.038452e+01	9.938590e+00
9.534204e+00	8.775751e+00	8.098046e+00	7.485652e+00	6.929131e+00	6.426522e+00
5.972198e+00	5.561067e+00	5.188012e+00	4.847483e+00	4.531744e+00	4.234792e+00
3.953274e+00	3.681568e+00	3.406872e+00	3.098191e+00	2.723060e+00	2.504333e+00
2.257174e+00	2.040117e+00	1.832747e+00	1.788524e+00	1.752052e+00	1.746381e+00
1.739626e+00	1.737647e+00	1.731639e+00	1.767889e+00	1.133982e+01	1.081030e+01
1.031762e+01	9.887034e+00	9.497751e+00	8.765066e+00	8.101019e+00	7.497622e+00
6.951986e+00	6.457120e+00	6.009332e+00	5.604187e+00	5.236836e+00	4.901744e+00
4.591894e+00	4.300870e+00	4.023493e+00	3.750779e+00	3.468001e+00	3.147527e+00
2.755282e+00	2.521806e+00	2.260267e+00	2.026583e+00	1.784496e+00	1.732229e+00
1.695606e+00	1.690767e+00	1.682289e+00	1.678980e+00	1.673909e+00	1.719083e+00
1.123895e+01	1.072689e+01	1.025197e+01	9.839600e+00	9.467212e+00	8.759533e+00
8.114558e+00	7.524258e+00	6.985946e+00	6.496979e+00	6.055231e+00	5.656643e+00
5.296513e+00	4.969423e+00	4.668524e+00	4.386552e+00	4.115539e+00	3.841387e+00
3.546895e+00	3.211081e+00	2.804559e+00	2.561960e+00	2.281294e+00	2.023847e+00
1.747371e+00	1.685447e+00	1.648353e+00	1.644572e+00	1.634357e+00	1.629627e+00
1.625629e+00	1.677154e+00	1.116166e+01	1.065974e+01	1.019639e+01	9.797905e+00
9.439512e+00	8.754105e+00	8.126029e+00	7.549843e+00	7.023320e+00	6.544732e+00
6.112795e+00	5.723574e+00	5.372206e+00	5.053045e+00	4.758748e+00	4.481647e+00
4.213766e+00	3.940750e+00	3.644574e+00	3.301894e+00	2.878558e+00	2.620798e+00
2.316974e+00	2.032639e+00	1.721995e+00	1.650261e+00	1.609506e+00	1.605847e+00
1.594944e+00	1.589979e+00	1.585001e+00	1.639531e+00	1.108831e+01	1.059638e+01
1.014474e+01	9.760453e+00	9.416339e+00	8.754043e+00	8.143125e+00	7.581733e+00
7.067774e+00	6.600390e+00	6.179118e+00	5.800148e+00	5.458536e+00	5.148327e+00
4.861666e+00	4.590422e+00	4.326411e+00	4.054868e+00	3.756941e+00	3.407797e+00
2.969219e+00	2.697111e+00	2.369980e+00	2.057631e+00	1.705975e+00	1.622771e+00
1.578264e+00	1.574715e+00	1.562806e+00	1.557449e+00	1.553191e+00	1.611007e+00
1.101996e+01	1.053776e+01	1.009755e+01	9.727163e+00	9.397105e+00	8.754839e+00
8.163712e+00	7.617599e+00	7.116833e+00	6.661341e+00	6.251398e+00	5.883342e+00
5.552130e+00	5.251522e+00	4.973121e+00	4.708348e+00	4.448850e+00	4.179574e+00
3.880914e+00	3.526568e+00	3.073935e+00	2.787629e+00	2.436463e+00	2.094559e+00
1.702444e+00	1.605193e+00	1.551785e+00	1.548155e+00	1.536848e+00	1.531485e+00
1.528194e+00	1.586434e+00	1.095799e+01	1.048527e+01	1.005605e+01	9.698926e+00
9.382291e+00	8.761843e+00	8.188438e+00	7.657914e+00	7.170872e+00	6.727872e+00
6.329804e+00	5.973188e+00	5.652854e+00	5.362371e+00	5.092799e+00	4.835157e+00
4.581016e+00	4.315184e+00	4.017450e+00	3.660134e+00	3.195964e+00	2.896340e+00
2.521033e+00	2.148156e+00	1.708837e+00	1.596562e+00	1.530599e+00	1.526559e+00
1.517158e+00	1.512148e+00	1.509588e+00	1.565500e+00	1.090112e+01	1.043812e+01
1.001974e+01	9.675017e+00	9.370891e+00	8.771350e+00	8.215720e+00	7.700604e+00
7.227238e+00	6.796796e+00	6.410729e+00	6.065676e+00	5.756364e+00	5.476075e+00
5.215267e+00	4.964608e+00	4.716106e+00	4.455232e+00	4.161736e+00	3.805579e+00
3.333358e+00	3.021457e+00	2.621927e+00	2.216685e+00	1.725566e+00	1.598243e+00
1.514915e+00	1.510611e+00	1.502865e+00	1.497938e+00	1.494700e+00	1.548694e+00
1.085062e+01	1.039665e+01	9.988325e+00	9.655113e+00	9.362588e+00	8.783680e+00
8.245028e+00	7.745174e+00	7.285539e+00	6.867759e+00	6.493716e+00	6.160181e+00
5.861888e+00	5.591948e+00	5.340402e+00	5.097600e+00	4.855800e+00	4.600781e+00
4.312310e+00	3.959241e+00	3.483091e+00	3.161287e+00	2.738866e+00	2.299872e+00
1.751862e+00	1.602592e+00	1.503649e+00	1.498369e+00	1.491321e+00	1.486730e+00
1.482682e+00	1.534073e+00	1.081586e+01	1.036819e+01	9.967419e+00	9.643803e+00
9.361737e+00	8.798365e+00	8.276256e+00	7.791563e+00	7.345811e+00	6.940658e+00
6.577991e+00	6.254920e+00	5.966683e+00	5.706961e+00	5.466462e+00	5.235373e+00
5.003981e+00	4.754200e+00	4.464521e+00	4.111434e+00	3.640029e+00	3.316503e+00
2.878043e+00	2.400963e+00	1.777591e+00	1.611625e+00	1.503045e+00	1.492935e+00
1.482600e+00	1.479930e+00	1.475750e+00	1.521472e+00	1.079123e+01	1.034818e+01
9.953190e+00	9.637145e+00	9.363449e+00	8.816790e+00	8.309795e+00	7.839817e+00
7.407847e+00	7.015112e+00	6.663115e+00	6.349484e+00	6.070359e+00	5.820565e+00
5.592335e+00	5.375972e+00	5.158249e+00	4.913809e+00	4.618763e+00	4.264305e+00
3.806686e+00	3.490522e+00	3.045397e+00	2.527639e+00	1.807274e+00	1.634527e+00
1.506659e+00	1.490341e+00	1.476558e+00	1.475852e+00	1.471719e+00	1.510973e+00
1.076263e+01	1.032608e+01	9.938411e+00	9.631103e+00	9.366198e+00	8.835673e+00
8.343082e+00	7.886474e+00	7.466925e+00	7.085832e+00	6.744842e+00	6.441704e+00
6.172584e+00	5.932264e+00	5.712732e+00	5.504332e+00	5.295002e+00	5.061609e+00
4.780351e+00	4.438993e+00	3.988868e+00	3.668762e+00	3.205742e+00	2.655681e+00
1.862458e+00	1.663632e+00	1.507786e+00	1.488504e+00	1.475827e+00	1.474415e+00
1.470007e+00	1.502886e+00	1.073348e+01	1.030420e+01	9.924332e+00	9.625851e+00
9.370513e+00	8.855202e+00	8.376296e+00	7.932202e+00	7.524298e+00	7.154399e+00
6.824520e+00	6.532351e+00	6.273659e+00	6.042577e+00	5.829986e+00	5.626416e+00
5.423278e+00	5.203988e+00	4.947652e+00	4.629882e+00	4.184495e+00	3.854092e+00
3.367257e+00	2.789941e+00	1.946666e+00	1.701437e+00	1.508388e+00	1.487073e+00
1.475541e+00	1.473531e+00	1.468926e+00	1.496076e+00	1.071386e+01	1.028957e+01
9.915761e+00	9.624556e+00	9.375598e+00	8.873866e+00	8.407452e+00	7.975244e+00
7.578641e+00	7.219521e+00	6.899960e+00	6.617702e+00	6.368486e+00	6.146300e+00
5.941685e+00	5.745470e+00	5.551112e+00	5.345972e+00	5.111078e+00	4.815183e+00
4.380846e+00	4.046674e+00	3.543090e+00	2.938856e+00	2.034281e+00	1.745486e+00
1.510578e+00	1.487093e+00	1.475488e+00	1.473342e+00	1.467844e+00	1.489993e+00
1.070133e+01	1.027995e+01	9.910732e+00	9.625376e+00	9.382176e+00	8.891266e+00
8.435926e+00	8.014855e+00	7.629118e+00	7.280233e+00	6.969966e+00	6.696252e+00
6.455260e+00	6.241442e+00	6.045956e+00	5.860182e+00	5.677866e+00	5.486537e+00
5.267513e+00	4.990039e+00	4.574653e+00	4.246290e+00	3.737750e+00	3.108054e+00
2.124789e+00	1.800371e+00	1.522655e+00	1.491416e+00	1.475575e+00	1.473467e+00
1.466734e+00	1.484608e+00	1.069715e+01	1.027879e+01	9.911369e+00	9.629216e+00
9.392035e+00	8.910925e+00	8.465415e+00	8.054306e+00	7.678403e+00	7.338890e+00
7.037207e+00	6.771465e+00	6.538195e+00	6.332307e+00	6.145516e+00	5.969828e+00
5.799513e+00	5.622735e+00	5.421393e+00	5.164886e+00	4.771531e+00	4.450714e+00
3.939332e+00	3.286959e+00	2.227579e+00	1.865121e+00	1.537613e+00	1.497207e+00
1.475995e+00	1.473892e+00	1.465763e+00	1.480584e+00	1.069651e+01	1.027959e+01
9.915256e+00	9.636729e+00	9.402771e+00	8.929226e+00	8.492302e+00	8.090420e+00
7.723832e+00	7.393147e+00	7.099198e+00	6.840362e+00	6.613753e+00	6.415128e+00
6.237365e+00	6.073294e+00	5.916997e+00	5.755899e+00	5.571270e+00	5.332762e+00
4.959645e+00	4.650461e+00	4.149218e+00	3.486827e+00	2.345106e+00	1.935010e+00
1.554960e+00	1.505562e+00	1.477050e+00	1.474098e+00	1.465721e+00	1.477182e+00
1.069953e+01	1.028256e+01	9.918400e+00	9.641109e+00	9.409206e+00	8.941413e+00
8.512085e+00	8.119092e+00	7.761758e+00	7.439662e+00	7.152521e+00	6.899141e+00
6.677705e+00	6.485515e+00	6.317817e+00	6.168778e+00	6.030866e+00	5.887113e+00
5.714875e+00	5.484942e+00	5.124465e+00	4.832871e+00	4.367962e+00	3.724372e+00
2.478080e+00	2.000658e+00	1.572539e+00	1.517080e+00	1.478148e+00	1.471855e+00
1.469581e+00	1.473567e+00	1.069809e+01	1.028434e+01	9.923097e+00	9.648562e+00
9.419427e+00	8.957675e+00	8.534758e+00	8.148532e+00	7.798114e+00	7.482854e+00
7.202149e+00	6.954929e+00	6.739683e+00	6.554049e+00	6.393776e+00	6.253834e+00
6.127931e+00	6.001232e+00	5.851805e+00	5.645748e+00	5.306031e+00	5.025057e+00
4.572585e+00	3.933697e+00	2.629993e+00	2.094564e+00	1.593009e+00	1.526110e+00
1.479833e+00	1.471916e+00	1.469181e+00	1.471174e+00	1.069762e+01	1.028668e+01
9.928081e+00	9.655877e+00	9.428944e+00	8.972176e+00	8.554734e+00	8.174439e+00
7.830211e+00	7.521142e+00	7.246319e+00	7.004788e+00	6.795328e+00	6.615948e+00
6.462895e+00	6.331869e+00	6.217649e+00	6.107074e+00	5.979308e+00	5.798452e+00
5.483906e+00	5.215071e+00	4.775310e+00	4.141625e+00	2.792699e+00	2.204284e+00
1.616563e+00	1.535529e+00	1.480330e+00	1.472382e+00	1.467790e+00	1.469107e+00
1.069846e+01	1.028946e+01	9.932816e+00	9.662123e+00	9.436649e+00	8.983671e+00
8.570763e+00	8.195585e+00	7.856799e+00	7.553174e+00	7.283471e+00	7.046879e+00
6.842530e+00	6.668973e+00	6.523199e+00	6.401589e+00	6.299354e+00	6.203568e+00
6.093985e+00	5.936084e+00	5.649215e+00	5.395807e+00	4.974321e+00	4.350465e+00
2.965118e+00	2.329365e+00	1.644664e+00	1.546448e+00	1.480084e+00	1.474036e+00
1.463958e+00	1.467288e+00	1.069614e+01	1.028945e+01	9.936580e+00	9.668035e+00
9.444280e+00	8.994873e+00	8.585407e+00	8.213718e+00	7.878538e+00	7.578769e+00
7.313334e+00	7.081520e+00	6.882547e+00	6.715004e+00	6.576002e+00	6.462329e+00
6.370306e+00	6.288992e+00	6.199283e+00	6.063824e+00	5.800922e+00	5.562851e+00
5.162437e+00	4.561104e+00	3.156817e+00	2.463038e+00	1.676288e+00	1.560147e+00
1.480924e+00	1.472819e+00	1.462824e+00	1.465818e+00	1.069095e+01	1.028943e+01
9.939835e+00	9.673549e+00	9.451417e+00	9.005274e+00	8.598691e+00	8.229804e+00
7.897522e+00	7.600969e+00	7.339343e+00	7.112017e+00	6.918260e+00	6.756595e+00
6.624084e+00	6.517810e+00	6.435296e+00	6.367884e+00	6.297836e+00	6.184453e+00
5.945290e+00	5.723348e+00	5.346012e+00	4.773456e+00	3.362984e+00	2.607199e+00
1.711665e+00	1.576291e+00	1.482734e+00	1.470974e+00	1.461986e+00	1.464505e+00
1.068453e+01	1.028849e+01	9.942271e+00	9.678034e+00	9.456975e+00	9.013548e+00
8.609425e+00	8.242951e+00	7.913184e+00	7.619398e+00	7.361063e+00	7.137633e+00
6.948493e+00	6.792243e+00	6.666041e+00	6.567253e+00	6.494080e+00	6.438958e+00
6.385309e+00	6.292736e+00	6.080788e+00	5.877207e+00	5.524132e+00	4.980109e+00
3.575072e+00	2.765243e+00	1.752981e+00	1.595615e+00	1.484603e+00	1.470793e+00
1.460484e+00	1.463209e+00	1.067543e+01	1.028550e+01	9.944218e+00	9.681830e+00
9.461401e+00	9.020125e+00	8.617995e+00	8.253521e+00	7.925878e+00	7.634437e+00
7.378913e+00	7.158827e+00	6.973706e+00	6.822290e+00	6.701896e+00	6.610160e+00
6.545684e+00	6.501350e+00	6.461631e+00	6.388505e+00	6.205401e+00	6.021587e+00
5.693856e+00	5.178447e+00	3.791634e+00	2.939331e+00	1.803288e+00	1.620335e+00
1.487026e+00	1.471586e+00	1.458315e+00	1.462049e+00	1.066777e+01	1.028541e+01
9.948876e+00	9.687710e+00	9.466867e+00	9.026395e+00	8.625494e+00	8.262735e+00
7.937240e+00	7.648330e+00	7.395666e+00	7.178799e+00	6.997259e+00	6.849773e+00
6.733588e+00	6.646621e+00	6.588699e+00	6.555072e+00	6.531974e+00	6.479462e+00
6.321251e+00	6.155723e+00	5.856909e+00	5.371558e+00	4.003603e+00	3.126763e+00
1.863729e+00	1.651366e+00	1.490970e+00	1.473422e+00	1.456919e+00	1.461578e+00
1.066042e+01	1.028559e+01	9.955615e+00	9.694853e+00	9.472666e+00	9.032246e+00
8.632205e+00	8.270981e+00	7.947563e+00	7.661177e+00	7.411307e+00	7.197508e+00
7.019250e+00	6.875183e+00	6.762409e+00	6.679150e+00	6.626733e+00	6.603408e+00
6.597618e+00	6.566044e+00	6.431065e+00	6.283283e+00	6.015310e+00	5.561257e+00
4.215832e+00	3.327797e+00	1.934373e+00	1.689058e+00	1.496765e+00	1.476867e+00
1.455822e+00	1.461287e+00	1.065010e+01	1.028513e+01	9.958832e+00	9.699708e+00
9.476334e+00	9.036537e+00	8.637508e+00	8.277717e+00	7.956105e+00	7.671872e+00
7.424416e+00	7.213288e+00	7.037923e+00	6.896972e+00	6.787480e+00	6.707921e+00
6.660650e+00	6.645954e+00	6.654341e+00	6.642367e+00	6.533234e+00	6.403690e+00
6.162339e+00	5.738794e+00	4.434235e+00	3.535344e+00	2.012945e+00	1.732721e+00
1.503960e+00	1.480769e+00	1.455372e+00	1.460938e+00	1.063311e+01	1.027856e+01
9.959932e+00	9.702844e+00	9.478540e+00	9.039417e+00	8.641361e+00	8.282855e+00
7.962813e+00	7.680445e+00	7.435103e+00	7.226290e+00	7.053400e+00	6.915144e+00
6.808587e+00	6.732466e+00	6.689790e+00	6.682105e+00	6.702133e+00	6.708622e+00
6.626885e+00	6.515227e+00	6.294507e+00	5.899134e+00	4.657770e+00	3.748413e+00
2.102948e+00	1.786267e+00	1.514074e+00	1.485714e+00	1.455248e+00	1.460508e+00
1.060314e+01	1.026273e+01	9.955260e+00	9.701157e+00	9.477753e+00	9.041940e+00
8.645888e+00	8.288488e+00	7.968946e+00	7.686850e+00	7.442111e+00	7.234500e+00
7.063655e+00	6.928581e+00	6.826690e+00	6.756548e+00	6.719947e+00	6.715725e+00
6.735759e+00	6.750454e+00	6.701459e+00	6.615189e+00	6.422013e+00	6.063505e+00
4.882437e+00	3.943941e+00	2.205644e+00	1.854093e+00	1.526611e+00	1.487104e+00
1.454990e+00	1.459450e+00	1.057147e+01	1.024535e+01	9.947711e+00	9.698078e+00
9.476299e+00	9.044785e+00	8.651098e+00	8.294586e+00	7.975037e+00	7.692646e+00
7.447990e+00	7.241080e+00	7.071789e+00	6.939488e+00	6.842219e+00	6.778548e+00
6.748422e+00	6.746294e+00	6.763235e+00	6.783782e+00	6.767794e+00	6.708404e+00
6.541996e+00	6.213781e+00	5.097186e+00	4.146136e+00	2.322634e+00	1.931121e+00
1.541208e+00	1.488900e+00	1.454906e+00	1.458500e+00	1.056030e+01	1.024232e+01
9.950663e+00	9.702737e+00	9.480357e+00	9.049372e+00	8.656376e+00	8.300642e+00
7.981910e+00	7.700313e+00	7.456350e+00	7.250131e+00	7.081720e+00	6.950822e+00
6.855973e+00	6.795967e+00	6.770406e+00	6.772725e+00	6.794807e+00	6.828412e+00
6.841456e+00	6.801345e+00	6.649928e+00	6.327754e+00	5.287754e+00	4.405249e+00
2.453235e+00	2.001977e+00	1.556299e+00	1.505349e+00	1.456710e+00	1.458512e+00
1.055109e+01	1.024013e+01	9.953601e+00	9.706748e+00	9.483979e+00	9.053942e+00
8.661883e+00	8.307193e+00	7.989227e+00	7.708287e+00	7.464972e+00	7.259507e+00
7.092110e+00	6.962615e+00	6.869591e+00	6.811954e+00	6.789437e+00	6.795742e+00
6.823557e+00	6.866992e+00	6.899648e+00	6.877068e+00	6.751624e+00	6.457999e+00
5.476219e+00	4.627129e+00	2.604694e+00	2.097065e+00	1.576810e+00	1.517153e+00
1.457815e+00	1.458523e+00	1.054124e+01	1.023706e+01	9.954443e+00	9.708773e+00
9.485281e+00	9.055263e+00	8.663418e+00	8.309118e+00	7.992242e+00	7.712808e+00
7.471104e+00	7.267154e+00	7.100963e+00	6.972322e+00	6.880167e+00	6.823889e+00
6.803625e+00	6.813824e+00	6.848085e+00	6.901582e+00	6.949360e+00	6.939065e+00
6.839248e+00	6.587985e+00	5.671666e+00	4.826301e+00	2.765692e+00	2.209787e+00
1.602355e+00	1.520843e+00	1.461430e+00	1.458482e+00	1.053024e+01	1.023221e+01
9.954229e+00	9.709506e+00	9.485458e+00	9.055129e+00	8.662950e+00	8.308973e+00
7.992916e+00	7.714801e+00	7.474847e+00	7.272694e+00	7.107723e+00	6.979473e+00
6.887564e+00	6.832047e+00	6.813491e+00	6.827188e+00	6.867739e+00	6.931174e+00
6.990820e+00	6.988361e+00	6.911039e+00	6.709096e+00	5.870101e+00	5.005353e+00
2.933856e+00	2.341414e+00	1.635049e+00	1.521155e+00	1.473346e+00	1.458160e+00
1.052090e+01	1.022812e+01	9.954298e+00	9.710272e+00	9.485792e+00	9.055489e+00
8.663498e+00	8.309855e+00	7.994669e+00	7.717549e+00	7.478480e+00	7.277080e+00
7.112753e+00	6.985133e+00	6.894061e+00	6.839802e+00	6.823110e+00	6.839517e+00
6.884062e+00	6.953864e+00	7.026394e+00	7.036273e+00	6.979669e+00	6.805208e+00
6.033096e+00	5.213609e+00	3.119668e+00	2.472650e+00	1.670726e+00	1.532706e+00
1.478446e+00	1.457838e+00	1.051297e+01	1.022495e+01	9.954495e+00	9.711162e+00
9.486318e+00	9.056397e+00	8.664821e+00	8.311868e+00	7.997266e+00	7.720693e+00
7.482073e+00	7.281088e+00	7.117238e+00	6.990274e+00	6.900160e+00	6.847260e+00
6.832393e+00	6.851124e+00	6.898801e+00	6.973689e+00	7.058574e+00	7.081578e+00
7.044408e+00	6.890681e+00	6.182699e+00	5.434561e+00	3.319789e+00	2.609820e+00
1.710150e+00	1.556747e+00	1.482474e+00	1.457566e+00	1.050852e+01	1.022475e+01
9.955915e+00	9.713544e+00	9.488157e+00	9.058567e+00	8.667369e+00	8.314956e+00
8.000891e+00	7.724829e+00	7.486670e+00	7.286165e+00	7.122733e+00	6.996288e+00
6.906974e+00	6.855281e+00	6.842049e+00	6.862830e+00	6.913204e+00	6.992449e+00
7.087997e+00	7.122303e+00	7.102064e+00	6.968368e+00	6.327203e+00	5.649782e+00
3.529080e+00	2.759325e+00	1.755880e+00	1.582043e+00	1.487605e+00	1.457578e+00
1.050579e+01	1.022556e+01	9.959831e+00	9.717850e+00	9.492125e+00	9.062641e+00
8.671543e+00	8.319225e+00	8.005263e+00	7.729383e+00	7.491493e+00	7.291372e+00
7.128357e+00	7.002452e+00	6.913865e+00	6.863192e+00	6.851294e+00	6.873791e+00
6.926464e+00	7.009329e+00	7.113554e+00	7.157228e+00	7.152011e+00	7.037532e+00
6.461893e+00	5.854909e+00	3.748412e+00	2.922827e+00	1.810419e+00	1.612841e+00
1.493424e+00	1.457754e+00	1.050003e+01	1.022355e+01	9.958917e+00	9.717275e+00
9.491464e+00	9.062217e+00	8.671309e+00	8.319095e+00	8.005177e+00	7.729319e+00
7.491493e+00	7.291554e+00	7.129344e+00	7.004726e+00	6.917220e+00	6.867089e+00
6.855680e+00	6.879620e+00	6.935499e+00	7.022521e+00	7.130147e+00	7.178208e+00
7.191773e+00	7.110001e+00	6.578479e+00	6.015626e+00	3.985855e+00	3.108163e+00
1.871113e+00	1.645296e+00	1.497280e+00	1.457637e+00	1.049203e+01	1.021826e+01
9.956210e+00	9.715353e+00	9.489370e+00	9.060685e+00	8.670224e+00	8.318264e+00
8.004450e+00	7.728633e+00	7.490937e+00	7.291393e+00	7.129740e+00	7.006084e+00
6.919504e+00	6.869750e+00	6.858610e+00	6.883736e+00	6.942693e+00	7.033724e+00
7.143044e+00	7.193889e+00	7.225993e+00	7.180964e+00	6.684986e+00	6.156060e+00
4.237920e+00	3.311785e+00	1.938700e+00	1.680795e+00	1.500414e+00	1.457334e+00
1.048661e+01	1.021533e+01	9.955347e+00	9.714762e+00	9.488709e+00	9.060233e+00
8.669958e+00	8.318081e+00	8.004305e+00	7.728520e+00	7.490903e+00	7.291521e+00
7.130539e+00	7.007580e+00	6.921574e+00	6.872652e+00	6.862340e+00	6.888572e+00
6.948669e+00	7.041800e+00	7.156887e+00	7.213707e+00	7.255628e+00	7.220286e+00
6.789821e+00	6.327269e+00	4.471048e+00	3.502920e+00	2.016781e+00	1.727198e+00
1.506155e+00	1.457237e+00	1.048320e+01	1.021416e+01	9.955571e+00	9.715221e+00
9.488968e+00	9.060725e+00	8.670761e+00	8.318994e+00	8.005360e+00	7.729830e+00
7.492646e+00	7.293656e+00	7.132587e+00	7.009218e+00	6.923370e+00	6.876139e+00
6.867672e+00	6.894848e+00	6.953123e+00	7.046658e+00	7.172149e+00	7.241581e+00
7.280719e+00	7.236271e+00	6.892441e+00	6.557937e+00	4.673287e+00	3.669823e+00
2.111574e+00	1.796222e+00	1.520060e+00	1.457248e+00	1.048987e+01	1.021956e+01
9.959696e+00	9.718096e+00	9.490495e+00	9.061235e+00	8.671112e+00	8.319809e+00
8.006886e+00	7.732141e+00	7.495661e+00	7.297210e+00	7.136425e+00	7.012938e+00
6.926154e+00	6.876309e+00	6.866426e+00	6.896243e+00	6.964676e+00	7.064273e+00
7.187102e+00	7.251253e+00	7.300028e+00	7.277912e+00	6.991233e+00	6.653080e+00
4.907035e+00	3.895578e+00	2.217793e+00	1.853526e+00	1.533395e+00	1.457506e+00
1.050129e+01	1.022851e+01	9.966442e+00	9.722584e+00	9.493081e+00	9.061839e+00
8.671373e+00	8.320630e+00	8.008649e+00	7.734855e+00	7.499004e+00	7.300986e+00
7.140718e+00	7.017538e+00	6.929322e+00	6.875857e+00	6.863193e+00	6.896815e+00
6.978895e+00	7.088054e+00	7.199804e+00	7.256380e+00	7.316416e+00	7.336692e+00
7.079874e+00	6.711089e+00	5.152960e+00	4.158530e+00	2.337655e+00	1.910321e+00
1.547243e+00	1.457898e+00	1.049849e+01	1.022765e+01	9.966794e+00	9.723211e+00
9.493762e+00	9.062875e+00	8.672632e+00	8.321907e+00	8.009924e+00	7.736118e+00
7.500219e+00	7.302228e+00	7.142031e+00	7.019041e+00	6.931271e+00	6.878639e+00
6.866543e+00	6.900678e+00	6.982169e+00	7.092329e+00	7.207531e+00	7.268590e+00
7.333846e+00	7.363603e+00	7.150505e+00	6.829871e+00	5.360159e+00	4.372947e+00
2.472512e+00	1.998241e+00	1.565288e+00	1.457886e+00	1.048283e+01	1.021836e+01
9.962522e+00	9.722023e+00	9.494173e+00	9.064977e+00	8.675007e+00	8.323973e+00
8.011349e+00	7.736815e+00	7.500358e+00	7.301988e+00	7.141753e+00	7.019372e+00
6.933550e+00	6.884441e+00	6.875133e+00	6.906384e+00	6.977609e+00	7.082492e+00
7.210720e+00	7.280952e+00	7.350309e+00	7.384776e+00	7.215229e+00	6.926345e+00
5.555251e+00	4.588225e+00	2.620262e+00	2.098853e+00	1.586403e+00	1.457902e+00
1.047657e+01	1.021461e+01	9.960898e+00	9.721789e+00	9.495006e+00	9.067247e+00
8.677394e+00	8.326044e+00	8.012880e+00	7.737743e+00	7.500738e+00	7.302091e+00
7.141858e+00	7.020034e+00	6.935803e+00	6.888955e+00	6.881424e+00	6.911113e+00
6.975931e+00	7.078476e+00	7.214165e+00	7.290004e+00	7.364421e+00	7.405066e+00
7.268877e+00	7.011804e+00	5.736560e+00	4.799191e+00	2.781114e+00	2.212524e+00
1.609997e+00	1.457969e+00	1.047777e+01	1.021675e+01	9.963688e+00	9.724647e+00
9.497502e+00	9.069383e+00	8.679412e+00	8.327878e+00	8.014543e+00	7.739345e+00
7.502515e+00	7.304113e+00	7.144049e+00	7.022222e+00	6.937953e+00	6.891401e+00
6.884318e+00	6.914252e+00	6.979422e+00	7.082210e+00	7.218853e+00	7.295629e+00
7.375886e+00	7.425589e+00	7.310926e+00	7.086442e+00	5.901611e+00	5.002644e+00
2.956793e+00	2.341848e+00	1.636500e+00	1.458317e+00	