5.411791e+00	5.341158e+00	5.296806e+00	5.296469e+00	5.331829e+00	5.465825e+00
5.644704e+00	5.807524e+00	5.943685e+00	6.056827e+00	6.152810e+00	6.238765e+00
6.322955e+00	6.410891e+00	6.511044e+00	6.633908e+00	6.800651e+00	7.053931e+00
7.460447e+00	8.117065e+00	9.010819e+00	9.413570e+00	9.701236e+00	9.841146e+00
1.022074e+01	1.042546e+01	1.046944e+01	1.045718e+01	1.050202e+01	1.054095e+01
1.056795e+01	1.016571e+01	5.557654e+00	5.490055e+00	5.446929e+00	5.444828e+00
5.475978e+00	5.596785e+00	5.757507e+00	5.900451e+00	6.015975e+00	6.108053e+00
6.182800e+00	6.247058e+00	6.308543e+00	6.372413e+00	6.446570e+00	6.540773e+00
6.674233e+00	6.885394e+00	7.233541e+00	7.803030e+00	8.577705e+00	8.923649e+00
9.168563e+00	9.287072e+00	9.617554e+00	9.796623e+00	9.835066e+00	9.824339e+00
9.863608e+00	9.897687e+00	9.921318e+00	9.569219e+00	5.707448e+00	5.643104e+00
5.601306e+00	5.597342e+00	5.624025e+00	5.730882e+00	5.872565e+00	5.994865e+00
6.089144e+00	6.159711e+00	6.212936e+00	6.255363e+00	6.294165e+00	6.334166e+00
6.382735e+00	6.448945e+00	6.550164e+00	6.720883e+00	7.013535e+00	7.501145e+00
8.165409e+00	8.459225e+00	8.665139e+00	8.764193e+00	9.049969e+00	9.205720e+00
9.239133e+00	9.229797e+00	9.264010e+00	9.293683e+00	9.314254e+00	9.007731e+00
5.861279e+00	5.800419e+00	5.760059e+00	5.754129e+00	5.776075e+00	5.868193e+00
5.989922e+00	6.090789e+00	6.163203e+00	6.211806e+00	6.243219e+00	6.263678e+00
6.279819e+00	6.296148e+00	6.319531e+00	6.358406e+00	6.428401e+00	6.560304e+00
6.800221e+00	7.210939e+00	7.772931e+00	8.018972e+00	8.189356e+00	8.270754e+00
8.515880e+00	8.650458e+00	8.679309e+00	8.671234e+00	8.700860e+00	8.726539e+00
8.744335e+00	8.479189e+00	6.019256e+00	5.962120e+00	5.923310e+00	5.915307e+00
5.932235e+00	6.008793e+00	6.109624e+00	6.188249e+00	6.238163e+00	6.264342e+00
6.273649e+00	6.272005e+00	6.265505e+00	6.258359e+00	6.256954e+00	6.269139e+00
6.308902e+00	6.403560e+00	6.593395e+00	6.931961e+00	7.399317e+00	7.601631e+00
7.739698e+00	7.805096e+00	8.013311e+00	8.128687e+00	8.153407e+00	8.146475e+00
8.171944e+00	8.194004e+00	8.209288e+00	7.981660e+00	6.181492e+00	6.128328e+00
6.091189e+00	6.081000e+00	6.092617e+00	6.152762e+00	6.231718e+00	6.287268e+00
6.314034e+00	6.317323e+00	6.304228e+00	6.280343e+00	6.251225e+00	6.220796e+00
6.194996e+00	6.181125e+00	6.191625e+00	6.250562e+00	6.392859e+00	6.663775e+00
7.043662e+00	7.206011e+00	7.314729e+00	7.365656e+00	7.540402e+00	7.638389e+00
7.659370e+00	7.653472e+00	7.675180e+00	7.693967e+00	7.706979e+00	7.513324e+00
6.348100e+00	6.299170e+00	6.263826e+00	6.251334e+00	6.257335e+00	6.300180e+00
6.356253e+00	6.387871e+00	6.390828e+00	6.370751e+00	6.334956e+00	6.288692e+00
6.236977e+00	6.183459e+00	6.133652e+00	6.094346e+00	6.076527e+00	6.101220e+00
6.198422e+00	6.405966e+00	6.705102e+00	6.830980e+00	6.913094e+00	6.950956e+00
7.095401e+00	7.177663e+00	7.195268e+00	7.190305e+00	7.208613e+00	7.224445e+00
7.235406e+00	7.072469e+00	6.519198e+00	6.474774e+00	6.441356e+00	6.426440e+00
6.426507e+00	6.451131e+00	6.483276e+00	6.490084e+00	6.468557e+00	6.424631e+00
6.365834e+00	6.297052e+00	6.222761e+00	6.146346e+00	6.072915e+00	6.008786e+00
5.963569e+00	5.955445e+00	6.009899e+00	6.158130e+00	6.382814e+00	6.475468e+00
6.533512e+00	6.559605e+00	6.676662e+00	6.744728e+00	6.759288e+00	6.755167e+00
6.770409e+00	6.783575e+00	6.792687e+00	6.657481e+00	6.694908e+00	6.655274e+00
6.623917e+00	6.606450e+00	6.600252e+00	6.605698e+00	6.612837e+00	6.593933e+00
6.547230e+00	6.478967e+00	6.396862e+00	6.305423e+00	6.208578e+00	6.109455e+00
6.012780e+00	5.924427e+00	5.852711e+00	5.813154e+00	5.827110e+00	5.919883e+00
6.076018e+00	6.138458e+00	6.174772e+00	6.190288e+00	6.282636e+00	6.337906e+00
6.349725e+00	6.346363e+00	6.358843e+00	6.369610e+00	6.377057e+00	6.266844e+00
6.875354e+00	6.840806e+00	6.811653e+00	6.791503e+00	6.778694e+00	6.763969e+00
6.744988e+00	6.699444e+00	6.626861e+00	6.533762e+00	6.428041e+00	6.313805e+00
6.194427e+00	6.072787e+00	5.953240e+00	5.841252e+00	5.743914e+00	5.674262e+00
5.649881e+00	5.690854e+00	5.783968e+00	5.818987e+00	5.835729e+00	5.841764e+00
5.911863e+00	5.955622e+00	5.964978e+00	5.962298e+00	5.972295e+00	5.980906e+00
5.986858e+00	5.899127e+00	7.060664e+00	7.031510e+00	7.004709e+00	6.981739e+00
6.961961e+00	6.926031e+00	6.879779e+00	6.806642e+00	6.707460e+00	6.589021e+00
6.459372e+00	6.322198e+00	6.180308e+00	6.036338e+00	5.894289e+00	5.759245e+00
5.637139e+00	5.538689e+00	5.478042e+00	5.470685e+00	5.505956e+00	5.516143e+00
5.515303e+00	5.512862e+00	5.562971e+00	5.596396e+00	5.603544e+00	5.601476e+00
5.609246e+00	5.615923e+00	5.620535e+00	5.552987e+00	7.250968e+00	7.227530e+00
7.203237e+00	7.177303e+00	7.150182e+00	7.091977e+00	7.017264e+00	6.915556e+00
6.789039e+00	6.644748e+00	6.490856e+00	6.330603e+00	6.166222e+00	6.000108e+00
5.835923e+00	5.678390e+00	5.532349e+00	5.406355e+00	5.311429e+00	5.259034e+00
5.241307e+00	5.229060e+00	5.212470e+00	5.202479e+00	5.234670e+00	5.258838e+00
5.264010e+00	5.262490e+00	5.268265e+00	5.273213e+00	5.276627e+00	5.227157e+00
7.446401e+00	7.429015e+00	7.407391e+00	7.378346e+00	7.343493e+00	7.261899e+00
7.157497e+00	7.026213e+00	6.871610e+00	6.700945e+00	6.522494e+00	6.339018e+00
6.152168e+00	5.964095e+00	5.778134e+00	5.598669e+00	5.429506e+00	5.277182e+00
5.149884e+00	5.055571e+00	4.989379e+00	4.956918e+00	4.926266e+00	4.909570e+00
4.925743e+00	4.941640e+00	4.945050e+00	4.944018e+00	4.948013e+00	4.951416e+00
4.953761e+00	4.920446e+00	7.647102e+00	7.636117e+00	7.617332e+00	7.585020e+00
7.542029e+00	7.435892e+00	7.300532e+00	7.138641e+00	6.955186e+00	6.757618e+00
6.554285e+00	6.347445e+00	6.138145e+00	5.928299e+00	5.720918e+00	5.520068e+00
5.328576e+00	5.151096e+00	4.993252e+00	4.859980e+00	4.749559e+00	4.698939e+00
4.655776e+00	4.633153e+00	4.635048e+00	4.643575e+00	4.645416e+00	4.644820e+00
4.647228e+00	4.649258e+00	4.650651e+00	4.631732e+00	7.853212e+00	7.848992e+00
7.833223e+00	7.797483e+00	7.745933e+00	7.614054e+00	7.446425e+00	7.252867e+00
7.039778e+00	6.814770e+00	6.586232e+00	6.355883e+00	6.124155e+00	5.892717e+00
5.664268e+00	5.442570e+00	5.229522e+00	5.028023e+00	4.841384e+00	4.671956e+00
4.521267e+00	4.454387e+00	4.400138e+00	4.372298e+00	4.361508e+00	4.363488e+00
4.363938e+00	4.363728e+00	4.364728e+00	4.365538e+00	4.366088e+00	4.359958e+00
8.063637e+00	8.067620e+00	8.056009e+00	8.017403e+00	7.957356e+00	7.798948e+00
7.597702e+00	7.371298e+00	7.127658e+00	6.874527e+00	6.620383e+00	6.366371e+00
6.110942e+00	5.857803e+00	5.608212e+00	5.365864e+00	5.131778e+00	4.907160e+00
4.693167e+00	4.489933e+00	4.303259e+00	4.223213e+00	4.161014e+00	4.130079e+00
4.108042e+00	4.103890e+00	4.103166e+00	4.103347e+00	4.103007e+00	4.102637e+00
4.102397e+00	4.108752e+00	8.280630e+00	8.292474e+00	8.284548e+00	8.242395e+00
8.173046e+00	7.986490e+00	7.750214e+00	7.489900e+00	7.214966e+00	6.933246e+00
6.653208e+00	6.375386e+00	6.097215e+00	5.822766e+00	5.552687e+00	5.290452e+00
5.036242e+00	4.789722e+00	4.550173e+00	4.315894e+00	4.096242e+00	4.003586e+00
3.933175e+00	3.898556e+00	3.866604e+00	3.857268e+00	3.855472e+00	3.855963e+00
3.854505e+00	3.853165e+00	3.852259e+00	3.868841e+00	8.509672e+00	8.524626e+00
8.515995e+00	8.466681e+00	8.385248e+00	8.167214e+00	7.894590e+00	7.599767e+00
7.293374e+00	6.983295e+00	6.677748e+00	6.376180e+00	6.079623e+00	5.785776e+00
5.497497e+00	5.217315e+00	4.944668e+00	4.678062e+00	4.415417e+00	4.153655e+00
3.901677e+00	3.792244e+00	3.706971e+00	3.662947e+00	3.622876e+00	3.610622e+00
3.607734e+00	3.608293e+00	3.606279e+00	3.604547e+00	3.603241e+00	3.623539e+00
8.751701e+00	8.764146e+00	8.749860e+00	8.689481e+00	8.593082e+00	8.340338e+00
8.030316e+00	7.700742e+00	7.363160e+00	7.025511e+00	6.695830e+00	6.373035e+00
6.056855e+00	5.746706e+00	5.442740e+00	5.146568e+00	4.857157e+00	4.572237e+00
4.288837e+00	4.002849e+00	3.719334e+00	3.589574e+00	3.483276e+00	3.424057e+00
3.377120e+00	3.364012e+00	3.359892e+00	3.360265e+00	3.358230e+00	3.356650e+00
3.355224e+00	3.372888e+00	9.003029e+00	9.009345e+00	8.985988e+00	8.911596e+00
8.797876e+00	8.507518e+00	8.158964e+00	7.794391e+00	7.425907e+00	7.061339e+00
6.708165e+00	6.366907e+00	6.032284e+00	5.707160e+00	5.389103e+00	5.078480e+00
4.773850e+00	4.472384e+00	4.170450e+00	3.863007e+00	3.550185e+00	3.400121e+00
3.271727e+00	3.195368e+00	3.139317e+00	3.125137e+00	3.119134e+00	3.119161e+00
3.117200e+00	3.115829e+00	3.114525e+00	3.128450e+00	9.263797e+00	9.260692e+00
9.225270e+00	9.134344e+00	9.001315e+00	8.670925e+00	8.282869e+00	7.883091e+00
7.484001e+00	7.093221e+00	6.717842e+00	6.356344e+00	6.005860e+00	5.667205e+00
5.336397e+00	5.012543e+00	4.693910e+00	4.377299e+00	4.058600e+00	3.731964e+00
3.392031e+00	3.222224e+00	3.071640e+00	2.977335e+00	2.911213e+00	2.895981e+00
2.887746e+00	2.887322e+00	2.885525e+00	2.884430e+00	2.883404e+00	2.892617e+00
9.532496e+00	9.517523e+00	9.467635e+00	9.357956e+00	9.203725e+00	8.830854e+00
8.402195e+00	7.966992e+00	7.537693e+00	7.121366e+00	6.724060e+00	6.344691e+00
5.978850e+00	5.627575e+00	5.285033e+00	4.949062e+00	4.617670e+00	4.287391e+00
3.953713e+00	3.609985e+00	3.245652e+00	3.057851e+00	2.886496e+00	2.774479e+00
2.696098e+00	2.679022e+00	2.668023e+00	2.667076e+00	2.665376e+00	2.664552e+00
2.663836e+00	2.668795e+00	9.809733e+00	9.779614e+00	9.712177e+00	9.581060e+00
9.403465e+00	8.985589e+00	8.515488e+00	8.045023e+00	7.586341e+00	7.145624e+00
6.728155e+00	6.331057e+00	5.951016e+00	5.588334e+00	5.235274e+00	4.888441e+00
4.545624e+00	4.203213e+00	3.856343e+00	3.497535e+00	3.111219e+00	2.906857e+00
2.715692e+00	2.585692e+00	2.492277e+00	2.472418e+00	2.457961e+00	2.456390e+00
2.454719e+00	2.454169e+00	2.453818e+00	2.454875e+00	1.009145e+01	1.004414e+01
9.957169e+00	9.802613e+00	9.599961e+00	9.135012e+00	8.622661e+00	8.117027e+00
7.629705e+00	7.165532e+00	6.728333e+00	6.315361e+00	5.921915e+00	5.548520e+00
5.185834e+00	4.829163e+00	4.476131e+00	4.122976e+00	3.764498e+00	3.392436e+00
2.986905e+00	2.768106e+00	2.559107e+00	2.411964e+00	2.301785e+00	2.278301e+00
2.259894e+00	2.257661e+00	2.255910e+00	2.255571e+00	2.255497e+00	2.253513e+00
1.037753e+01	1.031112e+01	1.020269e+01	1.002279e+01	9.793462e+00	9.279500e+00
8.724244e+00	8.183736e+00	7.668733e+00	7.182299e+00	6.726909e+00	6.298077e+00
5.892167e+00	5.508651e+00	5.137180e+00	4.771666e+00	4.409594e+00	4.047027e+00
3.678433e+00	3.294789e+00	2.872696e+00	2.641565e+00	2.416662e+00	2.253196e+00
2.124531e+00	2.096554e+00	2.073717e+00	2.070788e+00	2.068834e+00	2.068639e+00
2.068712e+00	2.064667e+00	1.066834e+01	1.058144e+01	1.044996e+01	1.024315e+01
9.985657e+00	9.420801e+00	8.821959e+00	8.246890e+00	7.705161e+00	7.197597e+00
6.724686e+00	6.281076e+00	5.863301e+00	5.469869e+00	5.090219e+00	4.716718e+00
4.346660e+00	3.975900e+00	3.598542e+00	3.204811e+00	2.768826e+00	2.527635e+00
2.288888e+00	2.110004e+00	1.961172e+00	1.927792e+00	1.900104e+00	1.896456e+00
1.894160e+00	1.894032e+00	1.894078e+00	1.889185e+00	1.096146e+01	1.085328e+01
1.069779e+01	1.046278e+01	1.017584e+01	9.558500e+00	8.915467e+00	8.306230e+00
7.738746e+00	7.211290e+00	6.721613e+00	6.264029e+00	5.834842e+00	5.431561e+00
5.044265e+00	4.663583e+00	4.286587e+00	3.908824e+00	3.523963e+00	3.121526e+00
2.674308e+00	2.425358e+00	2.174861e+00	1.981522e+00	1.811148e+00	1.771601e+00
1.738760e+00	1.734396e+00	1.731633e+00	1.731495e+00	1.731489e+00	1.727004e+00
1.125630e+01	1.112587e+01	1.094532e+01	1.068085e+01	1.036327e+01	9.692042e+00
9.004374e+00	8.361478e+00	7.769078e+00	7.222677e+00	6.717481e+00	6.246121e+00
5.805906e+00	5.392896e+00	4.998456e+00	4.611317e+00	4.228318e+00	3.844599e+00
3.453348e+00	3.043497e+00	2.587500e+00	2.332848e+00	2.072498e+00	1.865763e+00
1.673539e+00	1.627508e+00	1.589475e+00	1.584421e+00	1.581122e+00	1.580902e+00
1.580826e+00	1.577250e+00	1.155116e+01	1.139725e+01	1.119034e+01	1.089503e+01
1.054562e+01	9.819419e+00	9.087130e+00	8.411533e+00	7.795399e+00	7.231226e+00
6.711446e+00	6.226607e+00	5.775889e+00	5.353282e+00	4.952326e+00	4.559611e+00
4.171695e+00	3.783180e+00	3.386734e+00	2.970868e+00	2.508679e+00	2.250359e+00
1.981868e+00	1.762510e+00	1.547721e+00	1.494719e+00	1.451257e+00	1.445507e+00
1.441587e+00	1.441217e+00	1.441047e+00	1.438747e+00	1.183611e+01	1.166508e+01
1.143889e+01	1.111750e+01	1.073743e+01	9.950483e+00	9.165096e+00	8.454627e+00
7.815778e+00	7.235528e+00	6.702970e+00	6.205119e+00	5.745167e+00	5.313193e+00
4.906383e+00	4.508900e+00	4.116866e+00	3.724086e+00	3.322747e+00	2.902032e+00
2.436801e+00	2.176851e+00	1.901595e+00	1.670007e+00	1.432754e+00	1.373041e+00
1.323978e+00	1.317432e+00	1.312899e+00	1.312379e+00	1.312092e+00	1.311230e+00
1.213403e+01	1.193761e+01	1.168359e+01	1.132969e+01	1.091583e+01	1.007072e+01
9.238805e+00	8.496412e+00	7.835656e+00	7.239334e+00	6.693381e+00	6.181870e+00
5.712742e+00	5.271471e+00	4.859350e+00	4.457827e+00	4.062514e+00	3.666523e+00
3.261592e+00	2.837189e+00	2.369929e+00	2.109055e+00	1.828046e+00	1.585510e+00
1.327581e+00	1.261329e+00	1.207133e+00	1.199932e+00	1.194786e+00	1.194116e+00
1.193695e+00	1.194149e+00	1.251677e+01	1.223424e+01	1.189893e+01	1.148048e+01
1.102271e+01	1.014177e+01	9.303436e+00	8.548038e+00	7.870164e+00	7.251063e+00
6.685850e+00	6.156227e+00	5.674655e+00	5.223529e+00	4.806859e+00	4.402532e+00
4.005748e+00	3.609789e+00	3.205692e+00	2.779639e+00	2.308419e+00	2.045731e+00
1.759748e+00	1.508659e+00	1.232516e+00	1.158570e+00	1.099888e+00	1.092498e+00
1.086582e+00	1.085751e+00	1.085132e+00	1.086503e+00	1.298538e+01	1.255059e+01
1.209112e+01	1.159301e+01	1.109177e+01	1.018713e+01	9.360276e+00	8.606239e+00
7.915638e+00	7.272912e+00	6.679035e+00	6.126276e+00	5.629086e+00	5.168219e+00
4.748311e+00	4.342937e+00	3.946695e+00	3.553728e+00	3.153948e+00	2.727952e+00
2.252041e+00	1.987161e+00	1.696983e+00	1.439156e+00	1.146570e+00	1.064145e+00
1.001345e+00	9.940484e-01	9.872610e-01	9.862632e-01	9.854088e-01	9.873290e-01
1.333156e+01	1.283361e+01	1.231184e+01	1.175951e+01	1.121711e+01	1.026968e+01
9.421320e+00	8.640853e+00	7.917876e+00	7.267063e+00	6.657131e+00	6.086371e+00
5.580132e+00	5.113442e+00	4.691468e+00	4.285985e+00	3.889618e+00	3.496981e+00
3.098161e+00	2.672964e+00	2.197716e+00	1.932597e+00	1.639280e+00	1.375013e+00
1.067300e+00	9.779867e-01	9.111068e-01	9.035039e-01	8.960923e-01	8.949851e-01
8.939837e-01	8.958605e-01	1.362794e+01	1.310141e+01	1.255027e+01	1.196513e+01
1.138897e+01	1.038206e+01	9.483615e+00	8.666909e+00	7.917650e+00	7.244760e+00
6.614031e+00	6.037149e+00	5.527616e+00	5.057909e+00	4.634709e+00	4.229932e+00
3.833333e+00	3.439817e+00	3.040266e+00	2.616655e+00	2.145296e+00	1.881028e+00
1.585363e+00	1.315274e+00	9.940980e-01	8.990962e-01	8.285637e-01	8.205270e-01
8.126574e-01	8.114797e-01	8.103848e-01	8.119034e-01	1.393889e+01	1.337610e+01
1.278861e+01	1.216586e+01	1.155350e+01	1.048672e+01	9.539676e+00	8.685569e+00
7.915803e+00	7.217904e+00	6.567166e+00	5.982206e+00	5.469745e+00	4.997456e+00
4.572692e+00	4.169491e+00	3.773600e+00	3.380287e+00	2.981161e+00	2.559923e+00
2.092900e+00	1.829953e+00	1.533012e+00	1.258600e+00	9.262166e-01	8.263078e-01
7.527535e-01	7.443647e-01	7.361228e-01	7.349107e-01	7.337681e-01	7.347993e-01
1.426796e+01	1.365864e+01	1.302567e+01	1.235931e+01	1.170805e+01	1.058233e+01
9.590347e+00	8.699560e+00	7.899080e+00	7.180019e+00	6.512759e+00	5.916915e+00
5.402700e+00	4.928899e+00	4.502227e+00	4.102228e+00	3.708707e+00	3.317429e+00
2.920597e+00	2.502803e+00	2.040277e+00	1.778931e+00	1.481907e+00	1.205017e+00
8.635496e-01	7.590056e-01	6.829654e-01	6.743267e-01	6.657576e-01	6.645399e-01
6.633873e-01	6.637904e-01	1.461701e+01	1.394459e+01	1.325200e+01	1.253319e+01
1.183822e+01	1.065014e+01	9.615162e+00	8.699049e+00	7.879878e+00	7.144023e+00
6.465579e+00	5.860657e+00	5.343502e+00	4.865185e+00	4.431786e+00	4.032410e+00
3.638212e+00	3.244426e+00	2.845044e+00	2.432150e+00	1.985428e+00	1.732091e+00
1.436572e+00	1.153289e+00	8.013997e-01	6.983090e-01	6.193082e-01	6.097351e-01
6.010753e-01	5.999489e-01	5.989686e-01	5.986165e-01	1.499246e+01	1.424060e+01
1.347564e+01	1.269724e+01	1.195537e+01	1.070379e+01	9.629357e+00	8.689935e+00
7.857150e+00	7.106264e+00	6.418253e+00	5.805349e+00	5.283330e+00	4.797848e+00
4.353867e+00	3.953637e+00	3.558677e+00	3.163373e+00	2.763793e+00	2.358364e+00
1.928813e+00	1.684102e+00	1.390535e+00	1.101773e+00	7.437717e-01	6.430891e-01
5.602237e-01	5.497488e-01	5.417485e-01	5.408079e-01	5.397980e-01	5.387282e-01
1.540681e+01	1.456447e+01	1.371837e+01	1.287501e+01	1.208313e+01	1.076240e+01
9.642692e+00	8.676633e+00	7.827579e+00	7.055799e+00	6.351809e+00	5.732047e+00
5.202054e+00	4.708469e+00	4.254086e+00	3.854992e+00	3.467079e+00	3.083046e+00
2.697270e+00	2.300949e+00	1.871285e+00	1.624945e+00	1.332708e+00	1.048821e+00
6.954164e-01	5.912356e-01	5.041788e-01	4.938218e-01	4.874029e-01	4.866796e-01
4.851091e-01	4.835934e-01	1.588262e+01	1.493076e+01	1.398774e+01	1.306945e+01
1.222095e+01	1.082046e+01	9.649551e+00	8.648806e+00	7.781925e+00	6.991900e+00
6.271586e+00	5.652179e+00	5.119319e+00	4.623159e+00	4.162430e+00	3.763380e+00
3.379777e+00	2.997408e+00	2.611829e+00	2.221319e+00	1.807047e+00	1.570252e+00
1.285777e+00	1.002594e+00	6.420524e-01	5.398270e-01	4.549239e-01	4.442451e-01
4.366129e-01	4.358205e-01	4.348301e-01	4.328675e-01	1.639526e+01	1.531884e+01
1.426816e+01	1.327124e+01	1.236620e+01	1.088565e+01	9.662039e+00	8.630424e+00
7.736489e+00	6.927499e+00	6.190658e+00	5.570032e+00	5.032911e+00	4.531833e+00
4.063872e+00	3.663079e+00	3.286480e+00	2.908691e+00	2.525342e+00	2.140366e+00
1.740433e+00	1.513383e+00	1.236467e+00	9.551093e-01	5.926167e-01	4.923552e-01
4.089567e-01	3.979573e-01	3.897459e-01	3.889617e-01	3.883494e-01	3.862413e-01
1.695554e+01	1.573372e+01	1.456093e+01	1.348154e+01	1.252175e+01	1.096381e+01
9.694554e+00	8.623696e+00	7.696120e+00	6.865254e+00	6.112689e+00	5.486532e+00
4.941979e+00	4.431498e+00	3.954158e+00	3.547843e+00	3.181976e+00	2.814917e+00
2.439961e+00	2.061552e+00	1.671102e+00	1.451579e+00	1.180799e+00	9.039539e-01
5.480656e-01	4.487840e-01	3.651769e-01	3.539465e-01	3.462194e-01	3.455478e-01
3.449002e-01	3.430595e-01	1.762793e+01	1.621372e+01	1.488357e+01	1.370674e+01
1.268887e+01	1.105050e+01	9.738248e+00	8.629401e+00	7.658329e+00	6.796250e+00
6.034316e+00	5.400504e+00	4.849570e+00	4.333147e+00	3.848769e+00	3.431533e+00
3.071606e+00	2.712782e+00	2.346327e+00	1.977347e+00	1.598894e+00	1.386831e+00
1.123802e+00	8.533623e-01	5.045271e-01	4.069559e-01	3.243474e-01	3.131878e-01
3.055754e-01	3.048910e-01	3.040958e-01	3.030226e-01	1.838597e+01	1.674835e+01
1.523824e+01	1.395382e+01	1.287411e+01	1.114824e+01	9.789098e+00	8.638064e+00
7.620782e+00	6.725646e+00	5.958307e+00	5.317147e+00	4.760075e+00	4.238638e+00
3.747702e+00	3.316769e+00	2.958334e+00	2.606667e+00	2.249335e+00	1.891582e+00
1.526061e+00	1.321140e+00	1.066591e+00	8.039130e-01	4.632993e-01	3.677720e-01
2.869781e-01	2.761012e-01	2.685214e-01	2.677568e-01	2.668155e-01	2.666303e-01
1.920792e+01	1.734992e+01	1.566050e+01	1.426392e+01	1.311274e+01	1.127005e+01
9.833193e+00	8.632684e+00	7.573319e+00	6.653742e+00	5.887954e+00	5.245794e+00
4.682485e+00	4.154775e+00	3.655102e+00	3.207608e+00	2.841082e+00	2.496293e+00
2.149477e+00	1.805163e+00	1.453109e+00	1.254674e+00	1.009024e+00	7.556533e-01
4.246178e-01	3.308284e-01	2.527820e-01	2.424545e-01	2.348208e-01	2.338430e-01
2.329165e-01	2.335697e-01	2.012694e+01	1.804152e+01	1.616634e+01	1.465222e+01
1.342169e+01	1.142855e+01	9.876172e+00	8.610116e+00	7.523997e+00	6.589192e+00
5.826500e+00	5.185868e+00	4.615873e+00	4.080984e+00	3.571338e+00	3.105380e+00
2.721153e+00	2.381831e+00	2.046590e+00	1.717546e+00	1.379513e+00	1.187149e+00
9.509817e-01	7.083851e-01	3.882750e-01	2.962390e-01	2.215719e-01	2.119371e-01
2.042115e-01	2.029605e-01	2.021247e-01	2.035646e-01	2.119999e+01	1.878953e+01
1.665778e+01	1.500721e+01	1.371267e+01	1.161226e+01	9.967408e+00	8.632183e+00
7.528252e+00	6.579739e+00	5.790925e+00	5.136007e+00	4.553262e+00	4.009610e+00
3.493825e+00	3.017420e+00	2.616283e+00	2.279475e+00	1.952487e+00	1.633599e+00
1.308272e+00	1.123399e+00	8.965079e-01	6.631548e-01	3.549694e-01	2.666115e-01
1.945008e-01	1.851108e-01	1.776271e-01	1.764208e-01	1.754134e-01	1.773997e-01
2.241950e+01	1.960014e+01	1.715729e+01	1.535648e+01	1.400565e+01	1.182328e+01
1.011573e+01	8.705354e+00	7.550746e+00	6.575734e+00	5.764716e+00	5.093483e+00
4.496933e+00	3.944165e+00	3.423553e+00	2.939886e+00	2.522088e+00	2.185312e+00
1.864924e+00	1.553458e+00	1.239785e+00	1.063102e+00	8.453284e-01	6.204130e-01
3.245682e-01	2.406304e-01	1.708854e-01	1.616146e-01	1.545092e-01	1.534615e-01
1.522345e-01	1.545495e-01	2.373374e+01	2.048951e+01	1.772424e+01	1.576767e+01
1.435456e+01	1.206371e+01	1.027863e+01	8.787830e+00	7.582463e+00	6.579617e+00
5.761992e+00	5.084433e+00	4.482705e+00	3.920738e+00	3.388442e+00	2.892066e+00
2.453445e+00	2.103078e+00	1.788856e+00	1.482170e+00	1.177144e+00	1.009391e+00
8.006634e-01	5.832851e-01	2.983309e-01	2.179592e-01	1.508860e-01	1.419144e-01
1.350708e-01	1.340953e-01	1.329227e-01	1.349913e-01	2.516147e+01	2.148679e+01
1.839459e+01	1.628113e+01	1.479845e+01	1.235200e+01	1.046551e+01	8.889516e+00
7.643751e+00	6.635751e+00	5.805937e+00	5.107885e+00	4.489309e+00	3.915538e+00
3.372567e+00	2.862817e+00	2.402391e+00	2.030919e+00	1.723853e+00	1.419258e+00
1.119748e+00	9.619635e-01	7.622952e-01	5.515195e-01	2.758946e-01	1.981832e-01
1.340176e-01	1.254943e-01	1.187905e-01	1.178024e-01	1.169163e-01	1.182791e-01
2.669326e+01	2.255837e+01	1.911998e+01	1.684635e+01	1.529415e+01	1.267245e+01
1.068152e+01	9.027910e+00	7.738983e+00	6.719740e+00	5.876075e+00	5.155006e+00
4.514772e+00	3.928214e+00	3.379795e+00	2.863926e+00	2.393097e+00	1.985082e+00
1.670730e+00	1.369274e+00	1.074916e+00	9.227563e-01	7.294973e-01	5.244852e-01
2.571173e-01	1.822753e-01	1.200622e-01	1.117621e-01	1.053033e-01	1.044231e-01
1.036961e-01	1.041687e-01	2.833405e+01	2.370867e+01	1.990446e+01	1.746795e+01
1.584714e+01	1.302868e+01	1.092873e+01	9.215240e+00	7.887211e+00	6.847822e+00
5.987990e+00	5.244952e+00	4.584218e+00	3.981845e+00	3.418935e+00	2.887629e+00
2.394504e+00	1.968051e+00	1.631078e+00	1.332264e+00	1.041875e+00	8.923717e-01
7.031331e-01	5.025694e-01	2.419166e-01	1.696392e-01	1.086003e-01	1.003859e-01
9.420375e-02	9.348318e-02	9.285935e-02	9.238825e-02	3.007688e+01	2.493407e+01
2.074578e+01	1.814176e+01	1.645181e+01	1.341931e+01	1.119964e+01	9.445599e+00
8.089317e+00	7.024871e+00	6.141160e+00	5.373146e+00	4.689404e+00	4.069129e+00
3.491949e+00	2.947070e+00	2.437214e+00	1.977680e+00	1.610289e+00	1.311293e+00
1.021882e+00	8.732932e-01	6.857080e-01	4.873024e-01	2.306178e-01	1.598165e-01
9.932006e-02	9.115711e-02	8.518349e-02	8.459216e-02	8.409137e-02	8.282803e-02
3.189878e+01	2.622174e+01	2.163636e+01	1.885837e+01	1.709734e+01	1.384895e+01
1.150261e+01	9.717442e+00	8.341910e+00	7.251907e+00	6.339420e+00	5.543966e+00
4.836243e+00	4.196156e+00	3.602357e+00	3.041909e+00	2.513884e+00	2.027674e+00
1.623263e+00	1.309048e+00	1.016784e+00	8.668812e-01	6.781405e-01	4.790677e-01
2.225692e-01	1.523345e-01	9.183345e-02	8.368653e-02	7.783213e-02	7.733948e-02
7.690322e-02	7.523386e-02	3.378129e+01	2.756015e+01	2.256866e+01	1.960892e+01
1.777234e+01	1.431272e+01	1.184721e+01	1.003096e+01	8.637976e+00	7.521802e+00
6.578420e+00	5.753929e+00	5.021012e+00	4.359289e+00	3.746681e+00	3.168632e+00
2.620982e+00	2.108221e+00	1.654614e+00	1.311968e+00	1.018219e+00	8.674263e-01
6.776971e-01	4.777370e-01	2.192877e-01	1.471513e-01	8.590241e-02	7.772313e-02
7.188406e-02	7.142645e-02	7.104425e-02	6.938186e-02	3.569159e+01	2.893257e+01
2.353599e+01	2.038814e+01	1.847067e+01	1.481495e+01	1.225494e+01	1.040380e+01
8.991365e+00	7.848057e+00	6.873055e+00	6.018772e+00	5.259731e+00	4.574386e+00
3.940220e+00	3.341788e+00	2.772437e+00	2.232056e+00	1.738178e+00	1.344408e+00
1.041464e+00	8.859225e-01	6.904925e-01	4.847868e-01	2.185103e-01	1.442820e-01
8.157383e-02	7.327496e-02	6.730418e-02	6.681036e-02	6.645433e-02	6.513754e-02
3.759323e+01	3.031119e+01	2.451752e+01	2.117918e+01	1.917567e+01	1.533952e+01
1.273363e+01	1.084351e+01	9.400376e+00	8.223648e+00	7.216254e+00	6.332199e+00
5.545542e+00	4.833956e+00	4.175414e+00	3.554043e+00	2.960843e+00	2.391320e+00
1.856191e+00	1.405764e+00	1.078047e+00	9.164165e-01	7.129106e-01	4.987297e-01
2.212768e-01	1.446816e-01	7.883558e-02	7.013352e-02	6.390907e-02	6.332526e-02
6.295079e-02	6.220273e-02	3.950677e+01	3.170332e+01	2.551336e+01	2.198365e+01
1.989414e+01	1.589197e+01	1.327063e+01	1.133992e+01	9.858968e+00	8.644466e+00
7.603817e+00	6.689880e+00	5.874673e+00	5.135077e+00	4.450146e+00	3.803958e+00
3.185387e+00	2.586037e+00	2.011267e+00	1.500849e+00	1.130266e+00	9.602054e-01
7.457133e-01	5.201111e-01	2.276169e-01	1.457358e-01	7.697861e-02	6.794741e-02
6.131856e-02	6.060260e-02	6.012199e-02	5.994616e-02	4.138602e+01	3.307126e+01
2.649521e+01	2.278494e+01	2.062279e+01	1.648575e+01	1.385963e+01	1.189065e+01
1.036778e+01	9.111090e+00	8.034567e+00	7.089267e+00	6.244352e+00	5.475507e+00
4.762840e+00	4.090244e+00	3.444295e+00	2.812588e+00	2.195348e+00	1.623904e+00
1.195542e+00	1.013303e+00	7.849720e-01	5.460369e-01	2.355811e-01	1.481474e-01
7.696066e-02	6.770080e-02	5.998404e-02	5.897410e-02	5.807011e-02	5.853339e-02
4.319388e+01	3.439108e+01	2.744898e+01	2.357415e+01	2.135670e+01	1.712965e+01
1.451519e+01	1.251096e+01	1.094085e+01	9.637293e+00	8.522595e+00	7.544763e+00
6.669132e+00	5.869845e+00	5.127934e+00	4.426962e+00	3.751340e+00	3.085320e+00
2.425997e+00	1.801143e+00	1.286893e+00	1.084024e+00	8.366647e-01	5.809049e-01
2.478740e-01	1.548095e-01	7.826985e-02	6.804358e-02	5.928798e-02	5.802622e-02
5.667407e-02	5.763046e-02	4.487082e+01	3.562678e+01	2.835793e+01	2.434533e+01
2.209902e+01	1.783412e+01	1.519821e+01	1.315774e+01	1.154890e+01	1.020773e+01
9.057574e+00	8.045885e+00	7.137857e+00	6.307248e+00	5.534588e+00	4.802666e+00
4.094865e+00	3.393729e+00	2.692735e+00	2.011945e+00	1.409845e+00	1.168278e+00
8.985392e-01	6.214903e-01	2.635749e-01	1.636047e-01	8.052738e-02	6.920528e-02
5.956925e-02	5.807803e-02	5.638960e-02	5.692567e-02	4.647390e+01	3.681195e+01
2.923725e+01	2.510458e+01	2.285012e+01	1.859368e+01	1.591632e+01	1.383992e+01
1.219788e+01	1.082539e+01	9.641681e+00	8.595131e+00	7.653461e+00	6.790925e+00
5.986418e+00	5.221566e+00	4.479687e+00	3.743182e+00	3.002023e+00	2.265731e+00
1.571191e+00	1.269386e+00	9.720230e-01	6.689701e-01	2.835068e-01	1.755418e-01
8.433837e-02	7.190322e-02	6.058789e-02	5.840666e-02	5.624563e-02	5.633929e-02
4.800901e+01	3.790989e+01	3.002625e+01	2.580077e+01	2.357708e+01	1.937894e+01
1.667363e+01	1.456596e+01	1.288976e+01	1.148312e+01	1.026362e+01	9.180868e+00
8.204447e+00	7.308981e+00	6.472241e+00	5.674981e+00	4.900356e+00	4.130440e+00
3.350886e+00	2.558074e+00	1.764736e+00	1.394200e+00	1.054687e+00	7.233394e-01
3.069352e-01	1.897417e-01	8.921481e-02	7.527360e-02	6.191281e-02	5.899375e-02
5.623478e-02	5.577935e-02	4.946042e+01	3.890495e+01	3.071013e+01	2.641496e+01
2.426145e+01	2.018613e+01	1.747352e+01	1.534266e+01	1.363173e+01	1.218716e+01
1.092877e+01	9.807730e+00	8.794451e+00	7.863836e+00	6.993719e+00	6.164728e+00
5.359759e+00	4.560323e+00	3.746749e+00	2.899187e+00	2.007141e+00	1.559201e+00
1.149362e+00	7.873631e-01	3.357402e-01	2.076338e-01	9.637311e-02	8.013907e-02
6.405425e-02	6.072564e-02	5.648034e-02	5.524656e-02	5.065090e+01	3.971358e+01
3.129103e+01	2.701316e+01	2.499152e+01	2.106524e+01	1.834464e+01	1.616890e+01
1.439641e+01	1.289085e+01	1.158331e+01	1.042575e+01	9.385740e+00	8.434636e+00
7.545769e+00	6.696450e+00	5.868425e+00	5.041394e+00	4.190061e+00	3.280385e+00
2.281729e+00	1.754108e+00	1.254313e+00	8.623204e-01	3.705163e-01	2.288443e-01
1.048189e-01	8.606521e-02	6.672994e-02	6.268422e-02	5.694361e-02	5.475330e-02
5.169534e+01	4.039289e+01	3.176960e+01	2.756191e+01	2.572230e+01	2.194746e+01
1.922982e+01	1.700880e+01	1.517249e+01	1.360350e+01	1.224711e+01	1.105607e+01
9.994500e+00	9.029466e+00	8.128630e+00	7.264811e+00	6.417745e+00	5.563982e+00
4.672495e+00	3.697990e+00	2.592555e+00	1.987353e+00	1.381100e+00	9.494489e-01
4.119720e-01	2.541467e-01	1.149280e-01	9.332952e-02	7.005397e-02	6.491560e-02
5.770320e-02	5.429213e-02	5.278270e+01	4.102729e+01	3.215292e+01	2.801498e+01
2.636527e+01	2.270127e+01	2.001494e+01	1.779377e+01	1.594504e+01	1.435601e+01
1.297471e+01	1.175594e+01	1.066546e+01	9.671816e+00	8.743759e+00	7.854147e+00
6.981182e+00	6.098660e+00	5.170787e+00	4.142604e+00	2.946856e+00	2.268719e+00
1.558997e+00	1.047372e+00	4.589624e-01	2.841078e-01	1.271998e-01	1.020612e-01
7.395671e-02	6.753528e-02	5.851845e-02	5.386998e-02	5.376318e+01	4.157401e+01
3.247457e+01	2.844348e+01	2.701170e+01	2.344978e+01	2.080355e+01	1.858706e+01
1.672804e+01	1.512009e+01	1.371617e+01	1.247290e+01	1.135751e+01	1.033945e+01
9.387916e+00	8.475586e+00	7.579198e+00	6.670025e+00	5.707595e+00	4.627461e+00
3.342957e+00	2.592733e+00	1.775485e+00	1.158210e+00	5.139447e-01	3.195177e-01
1.418370e-01	1.124338e-01	7.851159e-02	7.059175e-02	5.946493e-02	5.358768e-02
5.463020e+01	4.204507e+01	3.275013e+01	2.884005e+01	2.763062e+01	2.417382e+01
2.157631e+01	1.937313e+01	1.751040e+01	1.588896e+01	1.446693e+01	1.320321e+01
1.206660e+01	1.102740e+01	1.005544e+01	9.123189e+00	8.206044e+00	7.272934e+00
6.278936e+00	5.150351e+00	3.780695e+00	2.959585e+00	2.032694e+00	1.287750e+00
5.769672e-01	3.605377e-01	1.588798e-01	1.244309e-01	8.364461e-02	7.399837e-02
6.049055e-02	5.331027e-02	5.535659e+01	4.243512e+01	3.298220e+01	2.919694e+01
2.820021e+01	2.485464e+01	2.231356e+01	2.013339e+01	1.827473e+01	1.664660e+01
1.521209e+01	1.393303e+01	1.277986e+01	1.172370e+01	1.073519e+01	9.786528e+00
8.851919e+00	7.898208e+00	6.876475e+00	5.704446e+00	4.256391e+00	3.368747e+00
2.336872e+00	1.446061e+00	6.491004e-01	4.080618e-01	1.787795e-01	1.383592e-01
8.945990e-02	7.781057e-02	6.160004e-02	5.303601e-02	5.595248e+01	4.277419e+01
3.320480e+01	2.952705e+01	2.871098e+01	2.548951e+01	2.301027e+01	2.086222e+01
1.901549e+01	1.738781e+01	1.594688e+01	1.465772e+01	1.349274e+01	1.242418e+01
1.142317e+01	1.046169e+01	9.513035e+00	8.542208e+00	7.496717e+00	6.286582e+00
4.767409e+00	3.817492e+00	2.683955e+00	1.657433e+00	7.303662e-01	4.620139e-01
2.015466e-01	1.542032e-01	9.592920e-02	8.200677e-02	6.278926e-02	5.287619e-02
5.647887e+01	4.308092e+01	3.341558e+01	2.983729e+01	2.918695e+01	2.609636e+01
2.368364e+01	2.157444e+01	1.974579e+01	1.812423e+01	1.668183e+01	1.538697e+01
1.421419e+01	1.313708e+01	1.212717e+01	1.115638e+01	1.019724e+01	9.213082e+00
8.148074e+00	6.904875e+00	5.320504e+00	4.311343e+00	3.077910e+00	1.918534e+00
8.218304e-01	5.234767e-01	2.274886e-01	1.720994e-01	1.030346e-01	8.655506e-02
6.403742e-02	5.275371e-02	5.693223e+01	4.334997e+01	3.360643e+01	3.011859e+01
2.961852e+01	2.666244e+01	2.432039e+01	2.225625e+01	2.045214e+01	1.884296e+01
1.740473e+01	1.610922e+01	1.493317e+01	1.385166e+01	1.283704e+01	1.186146e+01
1.089679e+01	9.904818e+00	8.826201e+00	7.555563e+00	5.910495e+00	4.843537e+00
3.510846e+00	2.213709e+00	9.242773e-01	5.943256e-01	2.569611e-01	1.921474e-01
1.107457e-01	9.141359e-02	6.530648e-02	5.266654e-02	5.731286e+01	4.357878e+01
3.377324e+01	3.036651e+01	2.999997e+01	2.717792e+01	2.490877e+01	2.289487e+01
2.112147e+01	1.953113e+01	1.810316e+01	1.681262e+01	1.563837e+01	1.455710e+01
1.354225e+01	1.256645e+01	1.160116e+01	1.060683e+01	9.520653e+00	8.228936e+00
6.529745e+00	5.408636e+00	3.981878e+00	2.551055e+00	1.038552e+00	6.755836e-01
2.903380e-01	2.145832e-01	1.191689e-01	9.666007e-02	6.663295e-02	5.260127e-02
5.765168e+01	4.376686e+01	3.389774e+01	3.056873e+01	3.033010e+01	2.763287e+01
2.543667e+01	2.347673e+01	2.174060e+01	2.017703e+01	1.876774e+01	1.749014e+01
1.632482e+01	1.524972e+01	1.423908e+01	1.326602e+01	1.230229e+01	1.130765e+01
1.021708e+01	8.910705e+00	7.170199e+00	6.004737e+00	4.495759e+00	2.936781e+00
1.160312e+00	7.630040e-01	3.265174e-01	2.389719e-01	1.283638e-01	1.024377e-01
6.822251e-02	5.246894e-02	5.795839e+01	4.393017e+01	3.400107e+01	3.074534e+01
3.062852e+01	2.805053e+01	2.592720e+01	2.402363e+01	2.232908e+01	2.079763e+01
1.941287e+01	1.815394e+01	1.700291e+01	1.593875e+01	1.493626e+01	1.396903e+01
1.300955e+01	1.201736e+01	1.092605e+01	9.611041e+00	7.840010e+00	6.638392e+00
5.057745e+00	3.376936e+00	1.293239e+00	8.584048e-01	3.661108e-01	2.656386e-01
1.383682e-01	1.087375e-01	7.004171e-02	5.228595e-02	5.819468e+01	4.405155e+01
3.408111e+01	3.089888e+01	3.089508e+01	2.842951e+01	2.637762e+01	2.453156e+01
2.288150e+01	2.138621e+01	2.003067e+01	1.879549e+01	1.766388e+01	1.661565e+01
1.562614e+01	1.466937e+01	1.371861e+01	1.273353e+01	1.164661e+01	1.032933e+01
8.536459e+00	7.304263e+00	5.658617e+00	3.860982e+00	1.458316e+00	9.629095e-01
4.091838e-01	2.944888e-01	1.490978e-01	1.154999e-01	7.204323e-02	5.216056e-02
5.838041e+01	4.414225e+01	3.414046e+01	3.102791e+01	3.112660e+01	2.876427e+01
2.678067e+01	2.499186e+01	2.338814e+01	2.193226e+01	2.061008e+01	1.940342e+01
1.829616e+01	1.726877e+01	1.629702e+01	1.535528e+01	1.441756e+01	1.344407e+01
1.236659e+01	1.105366e+01	9.248404e+00	7.991570e+00	6.288165e+00	4.382501e+00
1.674498e+00	1.076452e+00	4.556071e-01	3.254247e-01	1.605626e-01	1.227653e-01
7.430198e-02	5.208010e-02	5.841655e+01	4.416843e+01	3.419040e+01	3.114580e+01
3.133210e+01	2.906392e+01	2.714369e+01	2.540929e+01	2.385089e+01	2.243492e+01
2.114793e+01	1.997281e+01	1.889407e+01	1.789258e+01	1.694443e+01	1.602429e+01
1.510705e+01	1.415310e+01	1.309244e+01	1.178684e+01	9.969287e+00	8.694840e+00
6.955665e+00	4.962939e+00	1.944911e+00	1.193766e+00	5.034727e-01	3.575985e-01
1.731991e-01	1.311073e-01	7.700984e-02	5.215965e-02	5.840798e+01	4.416756e+01
3.421586e+01	3.124582e+01	3.150573e+01	2.932643e+01	2.746725e+01	2.578577e+01
2.427225e+01	2.289647e+01	2.164569e+01	2.050399e+01	1.945654e+01	1.848509e+01
1.756668e+01	1.667593e+01	1.578616e+01	1.485573e+01	1.381269e+01	1.251635e+01
1.069569e+01	9.413242e+00	7.653021e+00	5.587012e+00	2.275388e+00	1.322766e+00
5.533887e-01	3.914502e-01	1.869452e-01	1.402990e-01	8.019413e-02	5.225713e-02
5.820287e+01	4.407084e+01	3.421870e+01	3.132327e+01	3.164361e+01	2.955144e+01
2.775381e+01	2.612558e+01	2.465758e+01	2.332263e+01	2.210887e+01	2.100171e+01
1.998716e+01	1.904886e+01	1.816608e+01	1.731282e+01	1.645591e+01	1.554783e+01
1.451629e+01	1.323287e+01	1.143327e+01	1.015358e+01	8.365723e+00	6.217360e+00
2.648062e+00	1.489096e+00	6.079159e-01	4.284150e-01	2.014261e-01	1.495406e-01
8.365812e-02	5.181162e-02	5.795274e+01	4.396930e+01	3.423676e+01	3.141185e+01
3.177432e+01	2.975368e+01	2.800595e+01	2.642274e+01	2.499493e+01	2.369872e+01
2.252284e+01	2.145338e+01	2.047645e+01	1.957524e+01	1.872740e+01	1.790731e+01
1.708624e+01	1.622024e+01	1.523492e+01	1.398449e+01	1.218514e+01	1.089258e+01
9.084796e+00	6.886279e+00	3.066591e+00	1.701078e+00	6.660085e-01	4.670578e-01
2.170413e-01	1.598916e-01	8.743582e-02	5.197248e-02	5.766936e+01	4.385477e+01
3.425277e+01	3.149502e+01	3.189099e+01	2.993594e+01	2.823457e+01	2.669349e+01
2.530381e+01	2.404471e+01	2.290568e+01	2.187347e+01	2.093460e+01	2.007202e+01
1.926218e+01	1.847981e+01	1.769928e+01	1.687944e+01	1.594417e+01	1.473329e+01
1.294573e+01	1.164756e+01	9.826823e+00	7.586255e+00	3.530352e+00	1.961968e+00
7.282904e-01	5.083804e-01	2.339032e-01	1.712356e-01	9.186951e-02	5.191898e-02
5.734950e+01	4.372193e+01	3.426067e+01	3.156794e+01	3.198971e+01	3.009437e+01
2.843604e+01	2.693405e+01	2.557998e+01	2.435542e+01	2.325087e+01	2.225381e+01
2.135163e+01	2.052782e+01	1.975905e+01	1.902032e+01	1.828528e+01	1.751221e+01
1.662345e+01	1.545514e+01	1.369952e+01	1.240941e+01	1.058263e+01	8.301525e+00
4.032520e+00	2.282990e+00	7.948460e-01	5.526269e-01	2.521486e-01	1.837146e-01
9.725193e-02	5.131379e-02	5.700946e+01	4.357941e+01	3.426138e+01	3.163050e+01
3.207092e+01	3.022718e+01	2.860666e+01	2.713947e+01	2.581771e+01	2.462499e+01
2.355265e+01	2.258903e+01	2.172232e+01	2.093660e+01	2.020898e+01	1.951499e+01
1.882889e+01	1.810929e+01	1.727723e+01	1.616143e+01	1.444495e+01	1.316693e+01
1.134107e+01	9.030979e+00	4.571832e+00	2.649144e+00	8.666515e-01	6.001096e-01
2.718853e-01	1.974278e-01	1.027939e-01	5.183188e-02	5.662049e+01	4.341586e+01
3.426175e+01	3.169077e+01	3.214294e+01	3.034669e+01	2.876113e+01	2.732613e+01
2.603438e+01	2.487139e+01	2.382936e+01	2.289768e+01	2.206537e+01	2.131733e+01
2.063151e+01	1.998413e+01	1.934999e+01	1.868753e+01	1.791651e+01	1.685997e+01
1.519344e+01	1.393403e+01	1.211561e+01	9.785465e+00	5.157050e+00	3.066653e+00
9.445937e-01	6.515107e-01	2.932697e-01	2.123948e-01	1.087864e-01	5.262802e-02
5.607291e+01	4.318698e+01	3.425923e+01	3.175918e+01	3.220654e+01	3.045527e+01
2.890209e+01	2.749585e+01	2.623008e+01	2.509258e+01	2.407671e+01	2.317339e+01
2.237271e+01	2.166110e+01	2.101854e+01	2.042179e+01	1.984403e+01	1.923903e+01
1.852384e+01	1.752900e+01	1.593306e+01	1.470452e+01	1.289791e+01	1.055249e+01
5.782766e+00	3.525633e+00	1.030004e+00	7.080114e-01	3.166085e-01	2.286936e-01
1.158541e-01	5.254493e-02	5.523889e+01	4.284172e+01	3.424956e+01	3.183841e+01
3.226107e+01	3.055065e+01	2.902653e+01	2.764546e+01	2.640190e+01	2.528605e+01
2.429251e+01	2.341402e+01	2.264182e+01	2.196437e+01	2.136441e+01	2.081949e+01
2.030004e+01	1.975226e+01	1.908957e+01	1.815934e+01	1.665179e+01	1.546511e+01
1.367467e+01	1.131879e+01	6.438787e+00	4.023158e+00	1.123939e+00	7.703342e-01
3.421501e-01	2.465424e-01	1.242014e-01	5.182351e-02	5.410576e+01	4.238087e+01
3.424599e+01	3.194048e+01	3.230690e+01	3.062895e+01	2.912913e+01	2.777086e+01
2.654846e+01	2.545376e+01	2.448191e+01	2.362672e+01	2.288061e+01	2.223337e+01
2.166941e+01	2.116774e+01	2.069975e+01	2.021139e+01	1.961640e+01	1.876602e+01
1.735020e+01	1.620659e+01	1.444326e+01	1.208953e+01	7.115973e+00	4.558678e+00
1.230067e+00	8.400992e-01	3.700554e-01	2.661430e-01	1.329071e-01	5.177912e-02
5.267181e+01	4.180291e+01	3.424384e+01	3.206237e+01	3.234745e+01	3.069750e+01
2.921920e+01	2.788194e+01	2.667952e+01	2.560509e+01	2.465402e+01	2.382087e+01
2.309923e+01	2.247990e+01	2.194851e+01	2.148586e+01	2.106588e+01	2.063760e+01
2.011769e+01	1.935656e+01	1.803816e+01	1.694087e+01	1.521361e+01	1.287257e+01
7.823756e+00	5.138933e+00	1.348916e+00	9.177679e-01	4.005191e-01	2.875891e-01
1.421475e-01	5.177705e-02	5.115401e+01	4.118989e+01	3.424101e+01	3.218903e+01
3.238312e+01	3.075778e+01	2.929807e+01	2.797896e+01	2.679419e+01	2.573781e+01
2.480573e+01	2.399296e+01	2.329396e+01	2.270034e+01	2.219904e+01	2.177275e+01
2.139791e+01	2.102710e+01	2.058111e+01	1.991304e+01	1.870304e+01	1.765976e+01
1.597906e+01	1.366134e+01	8.558616e+00	5.757897e+00	1.480715e+00	1.004312e+00
4.339645e-01	3.108998e-01	1.519283e-01	5.177435e-02	4.948012e+01	4.051529e+01
3.423696e+01	3.232319e+01	3.241360e+01	3.080929e+01	2.936503e+01	2.806100e+01
2.689127e+01	2.585042e+01	2.493520e+01	2.414077e+01	2.346224e+01	2.289170e+01
2.241755e+01	2.202424e+01	2.169065e+01	2.137312e+01	2.099764e+01	2.042410e+01
1.933214e+01	1.835005e+01	1.672591e+01	1.444111e+01	9.305701e+00	6.404707e+00
1.627659e+00	1.101561e+00	4.709006e-01	3.363111e-01	1.622641e-01	5.177082e-02
4.787874e+01	3.986984e+01	3.423350e+01	3.245137e+01	3.244081e+01	3.085527e+01
2.942510e+01	2.813462e+01	2.697819e+01	2.595120e+01	2.505094e+01	2.427287e+01
2.361208e+01	2.306156e+01	2.261155e+01	2.224857e+01	2.195384e+01	2.168723e+01
2.137984e+01	2.089979e+01	1.992865e+01	1.901266e+01	1.745720e+01	1.522452e+01
1.007954e+01	7.076461e+00	1.783787e+00	1.210522e+00	5.115333e-01	3.636363e-01
1.726021e-01	5.139009e-02	4.640719e+01	3.927638e+01	3.422953e+01	3.256722e+01
3.246329e+01	3.089429e+01	2.947709e+01	2.819861e+01	2.705379e+01	2.603900e+01
2.515180e+01	2.438811e+01	2.374288e+01	2.321005e+01	2.278162e+01	2.244616e+01
2.218714e+01	2.196763e+01	2.172408e+01	2.133390e+01	2.048592e+01	1.964285e+01
1.816779e+01	1.600026e+01	1.086699e+01	7.770900e+00	1.979842e+00	1.331347e+00
5.561733e-01	3.932811e-01	1.839769e-01	5.097701e-02	4.514476e+01	3.876522e+01
3.422192e+01	3.266281e+01	3.247945e+01	3.092472e+01	2.951942e+01	2.825131e+01
2.711658e+01	2.611238e+01	2.523648e+01	2.448527e+01	2.385424e+01	2.333796e+01
2.292930e+01	2.261852e+01	2.239105e+01	2.221306e+01	2.202687e+01	2.171997e+01
2.099794e+01	2.023809e+01	1.885487e+01	1.675345e+01	1.164823e+01	8.493718e+00
2.318327e+00	1.462013e+00	6.049680e-01	4.261457e-01	1.988316e-01	5.272284e-02
4.406682e+01	3.832800e+01	3.421419e+01	3.274325e+01	3.249219e+01	3.095030e+01
2.955535e+01	2.829645e+01	2.717074e+01	2.617591e+01	2.531015e+01	2.456979e+01
2.395132e+01	2.344975e+01	2.305876e+01	2.277000e+01	2.257074e+01	2.243009e+01
2.229576e+01	2.206618e+01	2.146748e+01	2.079448e+01	1.951398e+01	1.749294e+01
1.243505e+01	9.236574e+00	2.794372e+00	1.605565e+00	6.586174e-01	4.625872e-01
2.137210e-01	5.169481e-02	4.311772e+01	3.794390e+01	3.421036e+01	3.281643e+01
3.250517e+01	3.097442e+01	2.958871e+01	2.833797e+01	2.722025e+01	2.623375e+01
2.537688e+01	2.464626e+01	2.403898e+01	2.355053e+01	2.317544e+01	2.290647e+01
2.273261e+01	2.262575e+01	2.253866e+01	2.238089e+01	2.190151e+01	2.131711e+01
2.014785e+01	1.822069e+01	1.322860e+01	9.999345e+00	3.328873e+00	1.760413e+00
7.176036e-01	5.023708e-01	2.303631e-01	5.019295e-02	4.229210e+01	3.761187e+01
3.420902e+01	3.288236e+01	3.251849e+01	3.099685e+01	2.961909e+01	2.837531e+01
2.726443e+01	2.628513e+01	2.543571e+01	2.471359e+01	2.411595e+01	2.363880e+01
2.327753e+01	2.302576e+01	2.287407e+01	2.279678e+01	2.275129e+01	2.265800e+01
2.229033e+01	2.179358e+01	2.074129e+01	1.892118e+01	1.401477e+01	1.076840e+01
3.869396e+00	1.933883e+00	7.827534e-01	5.459655e-01	2.494866e-01	4.882313e-02
4.153790e+01	3.730791e+01	3.420625e+01	3.294011e+01	3.252782e+01	3.101432e+01
2.964308e+01	2.840553e+01	2.730082e+01	2.632786e+01	2.548486e+01	2.476988e+01
2.418055e+01	2.371319e+01	2.336394e+01	2.312720e+01	2.299503e+01	2.294341e+01
2.293407e+01	2.289805e+01	2.263369e+01	2.222177e+01	2.128672e+01	1.958349e+01
1.479612e+01	1.155312e+01	4.446098e+00	2.184394e+00	8.551039e-01	5.956487e-01
2.697993e-01	5.150304e-02	4.083985e+01	3.702556e+01	3.420267e+01	3.299287e+01
3.253552e+01	3.102935e+01	2.966385e+01	2.843200e+01	2.733294e+01	2.636575e+01
2.552852e+01	2.481996e+01	2.423811e+01	2.377961e+01	2.344126e+01	2.321820e+01
2.310385e+01	2.307570e+01	2.309953e+01	2.311648e+01	2.294955e+01	2.262005e+01
2.180302e+01	2.022503e+01	1.558254e+01	1.235940e+01	5.067491e+00	2.516352e+00
9.349675e-01	6.510102e-01	2.917556e-01	5.585306e-02	4.020855e+01	3.676968e+01
3.419886e+01	3.303971e+01	3.254142e+01	3.104156e+01	2.968101e+01	2.845418e+01
2.736013e+01	2.639798e+01	2.556582e+01	2.486300e+01	2.428758e+01	2.383680e+01
2.350793e+01	2.329691e+01	2.319826e+01	2.319133e+01	2.324530e+01	2.330966e+01
2.323054e+01	2.297774e+01	2.227675e+01	2.083158e+01	1.635906e+01	1.317203e+01
5.720459e+00	2.964846e+00	1.022903e+00	7.116677e-01	3.158834e-01	5.618980e-02
3.964882e+01	3.654281e+01	3.419490e+01	3.308046e+01	3.254596e+01	3.105138e+01
2.969498e+01	2.847244e+01	2.738268e+01	2.642480e+01	2.559697e+01	2.489909e+01
2.432913e+01	2.388496e+01	2.356416e+01	2.336341e+01	2.327817e+01	2.328988e+01
2.337063e+01	2.347656e+01	2.347420e+01	2.329045e+01	2.270078e+01	2.139415e+01
1.711386e+01	1.397465e+01	6.391157e+00	3.585678e+00	1.120010e+00	7.781506e-01
3.424831e-01	5.475535e-02	3.916949e+01	3.634926e+01	3.419262e+01	3.311644e+01
3.255084e+01	3.106074e+01	2.970779e+01	2.848877e+01	2.740249e+01	2.644800e+01
2.562367e+01	2.492981e+01	2.436487e+01	2.392706e+01	2.361329e+01	2.342069e+01
2.334603e+01	2.337374e+01	2.347962e+01	2.362367e+01	2.368340e+01	2.355535e+01
2.307310e+01	2.192395e+01	1.785269e+01	1.473449e+01	7.095479e+00	4.211387e+00
1.226776e+00	8.479825e-01	3.721980e-01	5.467576e-02	3.874109e+01	3.617639e+01
3.419093e+01	3.314921e+01	3.255577e+01	3.106957e+01	2.971964e+01	2.850367e+01
2.742039e+01	2.646881e+01	2.564750e+01	2.495715e+01	2.439684e+01	2.396504e+01
2.365761e+01	2.347199e+01	2.340639e+01	2.344844e+01	2.357790e+01	2.375739e+01
2.387125e+01	2.379190e+01	2.341314e+01	2.242988e+01	1.858432e+01	1.547680e+01
7.838445e+00	4.877434e+00	1.344220e+00	9.225763e-01	4.050594e-01	5.467599e-02
3.836647e+01	3.602544e+01	3.419007e+01	3.317837e+01	3.256045e+01	3.107753e+01
2.973020e+01	2.851683e+01	2.743613e+01	2.648711e+01	2.566871e+01	2.498154e+01
2.442507e+01	2.399817e+01	2.369615e+01	2.351686e+01	2.345957e+01	2.351416e+01
2.366330e+01	2.387343e+01	2.403854e+01	2.400542e+01	2.371757e+01	2.288329e+01
1.929797e+01	1.623880e+01	8.607228e+00	5.582485e+00	1.474030e+00	1.007311e+00
4.399771e-01	5.467639e-02	3.804795e+01	3.589754e+01	3.418970e+01	3.320362e+01
3.256489e+01	3.108453e+01	2.973938e+01	2.852818e+01	2.744962e+01	2.650278e+01
2.568713e+01	2.500280e+01	2.444932e+01	2.402617e+01	2.372860e+01	2.355492e+01
2.350516e+01	2.357037e+01	2.373509e+01	2.397069e+01	2.418344e+01	2.419350e+01
2.398206e+01	2.327511e+01	1.998111e+01	1.701818e+01	9.384968e+00	6.305469e+00
1.618094e+00	1.105527e+00	4.767380e-01	5.467778e-02	3.776720e+01	3.578449e+01
3.418907e+01	3.322555e+01	3.256852e+01	3.109038e+01	2.974720e+01	2.853767e+01
2.746096e+01	2.651619e+01	2.570295e+01	2.502118e+01	2.447036e+01	2.405038e+01
2.375662e+01	2.358789e+01	2.354483e+01	2.361909e+01	2.379707e+01	2.405511e+01
2.431075e+01	2.435958e+01	2.421664e+01	2.362793e+01	2.063193e+01	1.777915e+01
1.016446e+01	7.031260e+00	1.764991e+00	1.214309e+00	5.151766e-01	5.754500e-02
3.752058e+01	3.568521e+01	3.418862e+01	3.324488e+01	3.257173e+01	3.109553e+01
2.975404e+01	2.854594e+01	2.747079e+01	2.652788e+01	2.571673e+01	2.503714e+01
2.448872e+01	2.407142e+01	2.378094e+01	2.361654e+01	2.357933e+01	2.366131e+01
2.385059e+01	2.412812e+01	2.442197e+01	2.450528e+01	2.442324e+01	2.394250e+01
2.124428e+01	1.851473e+01	1.094439e+01	7.761990e+00	1.993056e+00	1.334849e+00
5.557532e-01	6.168132e-02	3.730409e+01	3.559873e+01	3.418909e+01	3.326282e+01
3.257527e+01	3.110079e+01	2.976064e+01	2.855409e+01	2.748021e+01	2.653872e+01
2.572935e+01	2.505148e+01	2.450523e+01	2.409019e+01	2.380260e+01	2.364199e+01
2.360978e+01	2.369852e+01	2.389757e+01	2.419176e+01	2.451925e+01	2.463341e+01
2.460541e+01	2.422091e+01	2.181341e+01	1.922300e+01	1.173696e+01	8.524122e+00
2.668016e+00	1.472451e+00	6.011008e-01	5.468262e-02	3.711662e+01	3.552510e+01
3.419116e+01	3.328068e+01	3.258031e+01	3.110776e+01	2.976882e+01	2.856319e+01
2.749039e+01	2.654977e+01	2.574157e+01	2.506519e+01	2.452072e+01	2.410789e+01
2.382290e+01	2.366553e+01	2.363748e+01	2.373200e+01	2.393996e+01	2.424864e+01
2.460412e+01	2.474554e+01	2.476733e+01	2.447253e+01	2.233955e+01	1.988985e+01
1.253512e+01	9.306334e+00	3.321006e+00	1.643869e+00	6.611248e-01	5.468774e-02
3.695402e+01	3.545973e+01	3.419154e+01	3.329252e+01	3.258158e+01	3.110980e+01
2.977216e+01	2.856801e+01	2.749637e+01	2.655687e+01	2.574990e+01	2.507497e+01
2.453169e+01	2.411980e+01	2.383678e+01	2.368281e+01	2.365955e+01	2.375941e+01
2.397400e+01	2.429394e+01	2.467660e+01	2.484528e+01	2.490839e+01	2.467738e+01
2.281844e+01	2.057203e+01	1.331960e+01	1.006063e+01	3.971242e+00	1.923317e+00
7.217395e-01	5.389759e-02	3.681577e+01	3.540206e+01	3.418724e+01	3.329900e+01
3.257845e+01	3.110844e+01	2.977273e+01	2.856971e+01	2.749898e+01	2.656054e+01
2.575470e+01	2.508104e+01	2.453848e+01	2.412660e+01	2.384492e+01	2.369413e+01
2.367593e+01	2.378063e+01	2.399961e+01	2.432769e+01	2.473666e+01	2.493275e+01
2.502795e+01	2.483406e+01	2.324396e+01	2.128439e+01	1.407277e+01	1.075669e+01
4.576497e+00	2.483726e+00	7.772926e-01	4.687190e-02	