6.335462e-02	6.428839e-02	6.536554e-02	6.669446e-02	6.826016e-02	7.196891e-02
7.632174e-02	8.110804e-02	8.630556e-02	9.194290e-02	9.810045e-02	1.048738e-01
1.125214e-01	1.211880e-01	1.305663e-01	1.403053e-01	1.502831e-01	1.605017e-01
1.707969e-01	1.804299e-01	1.879815e-01	1.904281e-01	1.921135e-01	1.931167e-01
1.953330e-01	1.959148e-01	1.963707e-01	1.964427e-01	1.964613e-01	1.965000e-01
1.965387e-01	1.940426e-01	7.338601e-02	7.450657e-02	7.578392e-02	7.733710e-02
7.915003e-02	8.341011e-02	8.837811e-02	9.382367e-02	9.972162e-02	1.061021e-01
1.130513e-01	1.206712e-01	1.292389e-01	1.389078e-01	1.493471e-01	1.601784e-01
1.712621e-01	1.825773e-01	1.939212e-01	2.045011e-01	2.128022e-01	2.155118e-01
2.174111e-01	2.185662e-01	2.210115e-01	2.216524e-01	2.221553e-01	2.222343e-01
2.222562e-01	2.222971e-01	2.223380e-01	2.197185e-01	8.500574e-02	8.634885e-02
8.786285e-02	8.967801e-02	9.177721e-02	9.667017e-02	1.023390e-01	1.085328e-01
1.152232e-01	1.224419e-01	1.302808e-01	1.388482e-01	1.484401e-01	1.592187e-01
1.708292e-01	1.828665e-01	1.951698e-01	2.076893e-01	2.201764e-01	2.317838e-01
2.409002e-01	2.438996e-01	2.460398e-01	2.473696e-01	2.500657e-01	2.507712e-01
2.513257e-01	2.514122e-01	2.514378e-01	2.514809e-01	2.515239e-01	2.487918e-01
9.846531e-02	1.000734e-01	1.018670e-01	1.039882e-01	1.064189e-01	1.120382e-01
1.185053e-01	1.255479e-01	1.331345e-01	1.412980e-01	1.501361e-01	1.597633e-01
1.704940e-01	1.824993e-01	1.954014e-01	2.087682e-01	2.224149e-01	2.362553e-01
2.499862e-01	2.627062e-01	2.727081e-01	2.760267e-01	2.784385e-01	2.799688e-01
2.829394e-01	2.837155e-01	2.843263e-01	2.844209e-01	2.844509e-01	2.844960e-01
2.845411e-01	2.817121e-01	1.140560e-01	1.159793e-01	1.181032e-01	1.205819e-01
1.233964e-01	1.298494e-01	1.372253e-01	1.452305e-01	1.538300e-01	1.630580e-01
1.730174e-01	1.838289e-01	1.958246e-01	2.091841e-01	2.235081e-01	2.383386e-01
2.534634e-01	2.687502e-01	2.838320e-01	2.977540e-01	3.087159e-01	3.123857e-01
3.151033e-01	3.168640e-01	3.201346e-01	3.209876e-01	3.216601e-01	3.217634e-01
3.217986e-01	3.218455e-01	3.218924e-01	3.189885e-01	1.321153e-01	1.344134e-01
1.369273e-01	1.398235e-01	1.430824e-01	1.504921e-01	1.589024e-01	1.679989e-01
1.777426e-01	1.881690e-01	1.993859e-01	2.115195e-01	2.249185e-01	2.397706e-01
2.556576e-01	2.720974e-01	2.888461e-01	3.057145e-01	3.222602e-01	3.374776e-01
3.494781e-01	3.535340e-01	3.565962e-01	3.586214e-01	3.622195e-01	3.631563e-01
3.638960e-01	3.640088e-01	3.640499e-01	3.640983e-01	3.641467e-01	3.611972e-01
1.530341e-01	1.557774e-01	1.587516e-01	1.621356e-01	1.659090e-01	1.744165e-01
1.840039e-01	1.943367e-01	2.053725e-01	2.171471e-01	2.297731e-01	2.433813e-01
2.583350e-01	2.748294e-01	2.924315e-01	3.106380e-01	3.291681e-01	3.477630e-01
3.658913e-01	3.825007e-01	3.956225e-01	4.001024e-01	4.035529e-01	4.058817e-01
4.098369e-01	4.108648e-01	4.116777e-01	4.118007e-01	4.118486e-01	4.118981e-01
4.119476e-01	4.089911e-01	1.772651e-01	1.805371e-01	1.840544e-01	1.880081e-01
1.923773e-01	2.021442e-01	2.130705e-01	2.248036e-01	2.372973e-01	2.505878e-01
2.647914e-01	2.800425e-01	2.967162e-01	3.150144e-01	3.344950e-01	3.546375e-01
3.751189e-01	3.955949e-01	4.154296e-01	4.335303e-01	4.478597e-01	4.528050e-01
4.566929e-01	4.593701e-01	4.637141e-01	4.648408e-01	4.657335e-01	4.658674e-01
4.659233e-01	4.659733e-01	4.660234e-01	4.631091e-01	2.053328e-01	2.092321e-01
2.133902e-01	2.180091e-01	2.230682e-01	2.342799e-01	2.467288e-01	2.600470e-01
2.741848e-01	2.891785e-01	3.051466e-01	3.222260e-01	3.407997e-01	3.610752e-01
3.826089e-01	4.048692e-01	4.274844e-01	4.500057e-01	4.716749e-01	4.913679e-01
5.069942e-01	5.124497e-01	5.168304e-01	5.199074e-01	5.246740e-01	5.259077e-01
5.268872e-01	5.270326e-01	5.270977e-01	5.271476e-01	5.271975e-01	5.243881e-01
2.378446e-01	2.424881e-01	2.474017e-01	2.527975e-01	2.586553e-01	2.715244e-01
2.857039e-01	3.008155e-01	3.168064e-01	3.337121e-01	3.516521e-01	3.707638e-01
3.914328e-01	4.138709e-01	4.376436e-01	4.622159e-01	4.871599e-01	5.119002e-01
5.355353e-01	5.569216e-01	5.739367e-01	5.799510e-01	5.848868e-01	5.884225e-01
5.936477e-01	5.949970e-01	5.960707e-01	5.962285e-01	5.963042e-01	5.963531e-01
5.964019e-01	5.937755e-01	2.755042e-01	2.810298e-01	2.868342e-01	2.931371e-01
2.999198e-01	3.146897e-01	3.308359e-01	3.479756e-01	3.660534e-01	3.851039e-01
4.052452e-01	4.266130e-01	4.495885e-01	4.743864e-01	5.005945e-01	5.276852e-01
5.551659e-01	5.823079e-01	6.080418e-01	6.312209e-01	6.497181e-01	6.563437e-01
6.619049e-01	6.659668e-01	6.716887e-01	6.731628e-01	6.743384e-01	6.745093e-01
6.745974e-01	6.746440e-01	6.746907e-01	6.723443e-01	3.191268e-01	3.256974e-01
3.325517e-01	3.399139e-01	3.477675e-01	3.647173e-01	3.830973e-01	4.025291e-01
4.229559e-01	4.444100e-01	4.670061e-01	4.908748e-01	5.163845e-01	5.437502e-01
5.726003e-01	6.024278e-01	6.326653e-01	6.623994e-01	6.903650e-01	7.154325e-01
7.355055e-01	7.427991e-01	7.490647e-01	7.537301e-01	7.599889e-01	7.615973e-01
7.628831e-01	7.630678e-01	7.631702e-01	7.632132e-01	7.632563e-01	7.613094e-01
3.696564e-01	3.774647e-01	3.855559e-01	3.941550e-01	4.032485e-01	4.226979e-01
4.436143e-01	4.656351e-01	4.887037e-01	5.128494e-01	5.381796e-01	5.648166e-01
5.931045e-01	6.232564e-01	6.549634e-01	6.877572e-01	7.209834e-01	7.535070e-01
7.838341e-01	8.108789e-01	8.326202e-01	8.406426e-01	8.477018e-01	8.530591e-01
8.598972e-01	8.616496e-01	8.630543e-01	8.632535e-01	8.633724e-01	8.634101e-01
8.634477e-01	8.620464e-01	4.281867e-01	4.374599e-01	4.470083e-01	4.570515e-01
4.675806e-01	4.898960e-01	5.136910e-01	5.386346e-01	5.646719e-01	5.918284e-01
6.202002e-01	6.498964e-01	6.812229e-01	7.143878e-01	7.491737e-01	7.851727e-01
8.216305e-01	8.571456e-01	8.899579e-01	9.190588e-01	9.425576e-01	9.513744e-01
9.593274e-01	9.654781e-01	9.729393e-01	9.748459e-01	9.763786e-01	9.765929e-01
9.767309e-01	9.767610e-01	9.767911e-01	9.761130e-01	4.959846e-01	5.069910e-01
5.182553e-01	5.299846e-01	5.421760e-01	5.677768e-01	5.948376e-01	6.230784e-01
6.524493e-01	6.829702e-01	7.147211e-01	7.477921e-01	7.824331e-01	8.188442e-01
8.569353e-01	8.963865e-01	9.363276e-01	9.750388e-01	1.010450e+00	1.041671e+00
1.067011e+00	1.076692e+00	1.085652e+00	1.092712e+00	1.100842e+00	1.102913e+00
1.104583e+00	1.104813e+00	1.104973e+00	1.104993e+00	1.105013e+00	1.105273e+00
5.744535e-01	5.875516e-01	6.008739e-01	6.146012e-01	6.287398e-01	6.581372e-01
6.889249e-01	7.209169e-01	7.540741e-01	7.884083e-01	8.239681e-01	8.608130e-01
8.991054e-01	9.390324e-01	9.807028e-01	1.023942e+00	1.067738e+00	1.109950e+00
1.148104e+00	1.181490e+00	1.208723e+00	1.219333e+00	1.229438e+00	1.237564e+00
1.246394e+00	1.248637e+00	1.250451e+00	1.250696e+00	1.250883e+00	1.250888e+00
1.250888e+00	1.252529e+00	6.653908e-01	6.809318e-01	6.966499e-01	7.126892e-01
7.290669e-01	7.627949e-01	7.977909e-01	8.339866e-01	8.713569e-01	9.099046e-01
9.496438e-01	9.905974e-01	1.032819e+00	1.076478e+00	1.121924e+00	1.169158e+00
1.217008e+00	1.262862e+00	1.303807e+00	1.339373e+00	1.368573e+00	1.380196e+00
1.391584e+00	1.400914e+00	1.410500e+00	1.412927e+00	1.414897e+00	1.415157e+00
1.415375e+00	1.415361e+00	1.415342e+00	1.418572e+00	7.713170e-01	7.894844e-01
8.077909e-01	8.263511e-01	8.451910e-01	8.837170e-01	9.233657e-01	9.641150e-01
1.005947e+00	1.048859e+00	1.092878e+00	1.138011e+00	1.184233e+00	1.231696e+00
1.280894e+00	1.331917e+00	1.383455e+00	1.432583e+00	1.476128e+00	1.513880e+00
1.545249e+00	1.558037e+00	1.570812e+00	1.581390e+00	1.591876e+00	1.594514e+00
1.596665e+00	1.596949e+00	1.597190e+00	1.597166e+00	1.597163e+00	1.601295e+00
8.944611e-01	9.153825e-01	9.364213e-01	9.576758e-01	9.791755e-01	1.022933e+00
1.067643e+00	1.113224e+00	1.159656e+00	1.206946e+00	1.255201e+00	1.304440e+00
1.354602e+00	1.405825e+00	1.458602e+00	1.512991e+00	1.567592e+00	1.619403e+00
1.665243e+00	1.705162e+00	1.738926e+00	1.753047e+00	1.767299e+00	1.779139e+00
1.790694e+00	1.793577e+00	1.795940e+00	1.796255e+00	1.796511e+00	1.796489e+00
1.796542e+00	1.800586e+00	1.034894e+00	1.058832e+00	1.082843e+00	1.106998e+00
1.131329e+00	1.180564e+00	1.230461e+00	1.280904e+00	1.331873e+00	1.383422e+00
1.435756e+00	1.488892e+00	1.542726e+00	1.597348e+00	1.653213e+00	1.710355e+00
1.767335e+00	1.821238e+00	1.869043e+00	1.911015e+00	1.947184e+00	1.962696e+00
1.978475e+00	1.991600e+00	2.004302e+00	2.007459e+00	2.010057e+00	2.010395e+00
2.010671e+00	2.010661e+00	2.010724e+00	2.013996e+00	1.195463e+00	1.222692e+00
1.249929e+00	1.277206e+00	1.304557e+00	1.359556e+00	1.414801e+00	1.470142e+00
1.525566e+00	1.581220e+00	1.637434e+00	1.694215e+00	1.751414e+00	1.809049e+00
1.867486e+00	1.926725e+00	1.985343e+00	2.040696e+00	2.090099e+00	2.133994e+00
2.172603e+00	2.189587e+00	2.206960e+00	2.221398e+00	2.235344e+00	2.238805e+00
2.241662e+00	2.242019e+00	2.242317e+00	2.242329e+00	2.242374e+00	2.244162e+00
1.376912e+00	1.407670e+00	1.438350e+00	1.468915e+00	1.499412e+00	1.560328e+00
1.620907e+00	1.680963e+00	1.740505e+00	1.799810e+00	1.859383e+00	1.919237e+00
1.979187e+00	2.039159e+00	2.099430e+00	2.159958e+00	2.219405e+00	2.275489e+00
2.325982e+00	2.371505e+00	2.412461e+00	2.430926e+00	2.449879e+00	2.465597e+00
2.480824e+00	2.484608e+00	2.487735e+00	2.488111e+00	2.488425e+00	2.488462e+00
2.488508e+00	2.488424e+00	1.580121e+00	1.614551e+00	1.648791e+00	1.682703e+00
1.716365e+00	1.783141e+00	1.848798e+00	1.913085e+00	1.976075e+00	2.038213e+00
2.100257e+00	2.162261e+00	2.224015e+00	2.285331e+00	2.346428e+00	2.407214e+00
2.466507e+00	2.522453e+00	2.573379e+00	2.620138e+00	2.663297e+00	2.683197e+00
2.703652e+00	2.720563e+00	2.737077e+00	2.741203e+00	2.744608e+00	2.745003e+00
2.745325e+00	2.745386e+00	2.745470e+00	2.743090e+00	1.806107e+00	1.844608e+00
1.882685e+00	1.920009e+00	1.956697e+00	2.028650e+00	2.098408e+00	2.165999e+00
2.231599e+00	2.295803e+00	2.359574e+00	2.422958e+00	2.485705e+00	2.547470e+00
2.608231e+00	2.667762e+00	2.725267e+00	2.779952e+00	2.831109e+00	2.878913e+00
2.923707e+00	2.945086e+00	2.966925e+00	2.984752e+00	3.002569e+00	3.007067e+00
3.010679e+00	3.011081e+00	3.011435e+00	3.011557e+00	3.011684e+00	3.006864e+00
2.054253e+00	2.097180e+00	2.139309e+00	2.180031e+00	2.219520e+00	2.295765e+00
2.368395e+00	2.438069e+00	2.505108e+00	2.570238e+00	2.634595e+00	2.698181e+00
2.760678e+00	2.821574e+00	2.880594e+00	2.937435e+00	2.991801e+00	3.044203e+00
3.095034e+00	3.143455e+00	3.189351e+00	3.212018e+00	3.235023e+00	3.253564e+00
3.272571e+00	3.277428e+00	3.281199e+00	3.281599e+00	3.281995e+00	3.282199e+00
3.282323e+00	3.275312e+00	2.322004e+00	2.369468e+00	2.415679e+00	2.459690e+00
2.501770e+00	2.581595e+00	2.656019e+00	2.726432e+00	2.793340e+00	2.857659e+00
2.920769e+00	2.982639e+00	3.042900e+00	3.100943e+00	3.156652e+00	3.209948e+00
3.260820e+00	3.310335e+00	3.359488e+00	3.407566e+00	3.454261e+00	3.477572e+00
3.501377e+00	3.520650e+00	3.540495e+00	3.545605e+00	3.549559e+00	3.549960e+00
3.550371e+00	3.550624e+00	3.550629e+00	3.542361e+00	2.609704e+00	2.661689e+00
2.711884e+00	2.758920e+00	2.803160e+00	2.885374e+00	2.960084e+00	3.029549e+00
3.094549e+00	3.156161e+00	3.216061e+00	3.274256e+00	3.330412e+00	3.383988e+00
3.435015e+00	3.483618e+00	3.530068e+00	3.575915e+00	3.622622e+00	3.669567e+00
3.716276e+00	3.739889e+00	3.764105e+00	3.783798e+00	3.804185e+00	3.809462e+00
3.813545e+00	3.813956e+00	3.814382e+00	3.814647e+00	3.814653e+00	3.805750e+00
2.917054e+00	2.973481e+00	3.027477e+00	3.077177e+00	3.123052e+00	3.206242e+00
3.279501e+00	3.346140e+00	3.407242e+00	3.464091e+00	3.518643e+00	3.571051e+00
3.621152e+00	3.668606e+00	3.713595e+00	3.756444e+00	3.797662e+00	3.839093e+00
3.882509e+00	3.927415e+00	3.973245e+00	3.996717e+00	4.020895e+00	4.040646e+00
4.061213e+00	4.066551e+00	4.070691e+00	4.071116e+00	4.071546e+00	4.071798e+00
4.071824e+00	4.063377e+00	3.238190e+00	3.298755e+00	3.356138e+00	3.407902e+00
3.454655e+00	3.536941e+00	3.606565e+00	3.668100e+00	3.722943e+00	3.772667e+00
3.819490e+00	3.863833e+00	3.905856e+00	3.945529e+00	3.983191e+00	4.019354e+00
4.054686e+00	4.091048e+00	4.130301e+00	4.172124e+00	4.215967e+00	4.238729e+00
4.262290e+00	4.281631e+00	4.301893e+00	4.307153e+00	4.311253e+00	4.311693e+00
4.312114e+00	4.312324e+00	4.312364e+00	4.305713e+00	3.569784e+00	3.634819e+00
3.695628e+00	3.748961e+00	3.795634e+00	3.874264e+00	3.936982e+00	3.990479e+00
4.036612e+00	4.077124e+00	4.114425e+00	4.149050e+00	4.181416e+00	4.211789e+00
4.240749e+00	4.269093e+00	4.297620e+00	4.328160e+00	4.362524e+00	4.400441e+00
4.441066e+00	4.462292e+00	4.484548e+00	4.503114e+00	4.522476e+00	4.527465e+00
4.531437e+00	4.531902e+00	4.532296e+00	4.532435e+00	4.532459e+00	4.528452e+00
3.917872e+00	3.986563e+00	4.049972e+00	4.104039e+00	4.149800e+00	4.223117e+00
4.277109e+00	4.320411e+00	4.355439e+00	4.384301e+00	4.409893e+00	4.432909e+00
4.454011e+00	4.473762e+00	4.493020e+00	4.512868e+00	4.534111e+00	4.558253e+00
4.586792e+00	4.619699e+00	4.656149e+00	4.675433e+00	4.695894e+00	4.713204e+00
4.731251e+00	4.735861e+00	4.739609e+00	4.740090e+00	4.740452e+00	4.740511e+00
4.740521e+00	4.739553e+00	4.279708e+00	4.346957e+00	4.408830e+00	4.461277e+00
4.505312e+00	4.574449e+00	4.621718e+00	4.654168e+00	4.674882e+00	4.687663e+00
4.697552e+00	4.705938e+00	4.713689e+00	4.721663e+00	4.731013e+00	4.742937e+00
4.757736e+00	4.775358e+00	4.796048e+00	4.821246e+00	4.852250e+00	4.869698e+00
4.887762e+00	4.902553e+00	4.918769e+00	4.922935e+00	4.926243e+00	4.926683e+00
4.927026e+00	4.927033e+00	4.927088e+00	4.929027e+00	4.648598e+00	4.709390e+00
4.765731e+00	4.814211e+00	4.855546e+00	4.920982e+00	4.962814e+00	4.983465e+00
4.986869e+00	4.979760e+00	4.970712e+00	4.962176e+00	4.955113e+00	4.950581e+00
4.949973e+00	4.954414e+00	4.963334e+00	4.974274e+00	4.985620e+00	5.001160e+00
5.025649e+00	5.041169e+00	5.056306e+00	5.067682e+00	5.081611e+00	5.085261e+00
5.087968e+00	5.088326e+00	5.088655e+00	5.088633e+00	5.088765e+00	5.093372e+00
5.018898e+00	5.075886e+00	5.128229e+00	5.172360e+00	5.209016e+00	5.264006e+00
5.292896e+00	5.297291e+00	5.282088e+00	5.255719e+00	5.228580e+00	5.203746e+00
5.182198e+00	5.164984e+00	5.153452e+00	5.148461e+00	5.149016e+00	5.151539e+00
5.153539e+00	5.159704e+00	5.176046e+00	5.187984e+00	5.199196e+00	5.207098e+00
5.217815e+00	5.220655e+00	5.222666e+00	5.222942e+00	5.223223e+00	5.223157e+00
5.223322e+00	5.229945e+00	5.396458e+00	5.450562e+00	5.499210e+00	5.538224e+00
5.568553e+00	5.608398e+00	5.619464e+00	5.604464e+00	5.569217e+00	5.523214e+00
5.477843e+00	5.436590e+00	5.400400e+00	5.370180e+00	5.347082e+00	5.331581e+00
5.322490e+00	5.315675e+00	5.308166e+00	5.304914e+00	5.312297e+00	5.319943e+00
5.326795e+00	5.331166e+00	5.338300e+00	5.340219e+00	5.341493e+00	5.341687e+00
5.341906e+00	5.341796e+00	5.341973e+00	5.350286e+00	5.783488e+00	5.832038e+00
5.874534e+00	5.906331e+00	5.928559e+00	5.950466e+00	5.941501e+00	5.904952e+00
5.847552e+00	5.780040e+00	5.715029e+00	5.656349e+00	5.604861e+00	5.561153e+00
5.526007e+00	5.499316e+00	5.479663e+00	5.462398e+00	5.444140e+00	5.430133e+00
5.427195e+00	5.429862e+00	5.431567e+00	5.431668e+00	5.434541e+00	5.435377e+00
5.435771e+00	5.435869e+00	5.435997e+00	5.435883e+00	5.435986e+00	5.445300e+00
6.174370e+00	6.212921e+00	6.245502e+00	6.267400e+00	6.279758e+00	6.282018e+00
6.252433e+00	6.193078e+00	6.111529e+00	6.020391e+00	5.934245e+00	5.857273e+00
5.790166e+00	5.732972e+00	5.685901e+00	5.648017e+00	5.617614e+00	5.589396e+00
5.559528e+00	5.533851e+00	5.520129e+00	5.517810e+00	5.514198e+00	5.509692e+00
5.508248e+00	5.508006e+00	5.507494e+00	5.507495e+00	5.507520e+00	5.507441e+00
5.507403e+00	5.517124e+00	6.562115e+00	6.605689e+00	6.638733e+00	6.653373e+00
6.652211e+00	6.617097e+00	6.546453e+00	6.455555e+00	6.352341e+00	6.245419e+00
6.144533e+00	6.052738e+00	5.970847e+00	5.898735e+00	5.836496e+00	5.783168e+00
5.737658e+00	5.696318e+00	5.656486e+00	5.621577e+00	5.595757e+00	5.586101e+00
5.576294e+00	5.568166e+00	5.561622e+00	5.560052e+00	5.558667e+00	5.558584e+00
5.558509e+00	5.558358e+00	5.558291e+00	5.568683e+00	6.953197e+00	7.006620e+00
7.043225e+00	7.050477e+00	7.033036e+00	6.951268e+00	6.830441e+00	6.703810e+00
6.578640e+00	6.457530e+00	6.343470e+00	6.237762e+00	6.141044e+00	6.053061e+00
5.974190e+00	5.904050e+00	5.842333e+00	5.787232e+00	5.737114e+00	5.692625e+00
5.654043e+00	5.636522e+00	5.619895e+00	5.607666e+00	5.596173e+00	5.593226e+00
5.590889e+00	5.590692e+00	5.590517e+00	5.590330e+00	5.590245e+00	5.601171e+00
7.379461e+00	7.415073e+00	7.433397e+00	7.421941e+00	7.385884e+00	7.268714e+00
7.115550e+00	6.959776e+00	6.808523e+00	6.664210e+00	6.529771e+00	6.405904e+00
6.292097e+00	6.187486e+00	6.092595e+00	6.007351e+00	5.931172e+00	5.862007e+00
5.798248e+00	5.740816e+00	5.690233e+00	5.667386e+00	5.645925e+00	5.629528e+00
5.611573e+00	5.607463e+00	5.604447e+00	5.604171e+00	5.603903e+00	5.603760e+00
5.603642e+00	5.614669e+00	7.945429e+00	7.884698e+00	7.822818e+00	7.754170e+00
7.679349e+00	7.520005e+00	7.352854e+00	7.188129e+00	7.027831e+00	6.872325e+00
6.722388e+00	6.578927e+00	6.442653e+00	6.314075e+00	6.194180e+00	6.084111e+00
5.984819e+00	5.897455e+00	5.823126e+00	5.757319e+00	5.698484e+00	5.675496e+00
5.658373e+00	5.643997e+00	5.600690e+00	5.582552e+00	5.589078e+00	5.592205e+00
5.590508e+00	5.589326e+00	5.590966e+00	5.600120e+00	8.373469e+00	8.295481e+00
8.210013e+00	8.115086e+00	8.014783e+00	7.811126e+00	7.607278e+00	7.410058e+00
7.220809e+00	7.039834e+00	6.867941e+00	6.705856e+00	6.552664e+00	6.407961e+00
6.270859e+00	6.144619e+00	6.029869e+00	5.927207e+00	5.836705e+00	5.759699e+00
5.695855e+00	5.670569e+00	5.651444e+00	5.635345e+00	5.574468e+00	5.545753e+00
5.557697e+00	5.563791e+00	5.560696e+00	5.558591e+00	5.561814e+00	5.568362e+00
8.643414e+00	8.622704e+00	8.582114e+00	8.507153e+00	8.404852e+00	8.155919e+00
7.879937e+00	7.618644e+00	7.378672e+00	7.159940e+00	6.962198e+00	6.783136e+00
6.617264e+00	6.461103e+00	6.316052e+00	6.183750e+00	6.062869e+00	5.950098e+00
5.843117e+00	5.744196e+00	5.654025e+00	5.610785e+00	5.568404e+00	5.535784e+00
5.503884e+00	5.496214e+00	5.490043e+00	5.489263e+00	5.488673e+00	5.488533e+00
5.488393e+00	5.493524e+00	9.067048e+00	9.000607e+00	8.912601e+00	8.796922e+00
8.662600e+00	8.370335e+00	8.068813e+00	7.784512e+00	7.521955e+00	7.281962e+00
7.052915e+00	6.843289e+00	6.648266e+00	6.463706e+00	6.308004e+00	6.165723e+00
6.035376e+00	5.915031e+00	5.802737e+00	5.689564e+00	5.578091e+00	5.522895e+00
5.469497e+00	5.430844e+00	5.401197e+00	5.397779e+00	5.385994e+00	5.383548e+00
5.383395e+00	5.383737e+00	5.382949e+00	5.382718e+00	9.550516e+00	9.388662e+00
9.222962e+00	9.052900e+00	8.881777e+00	8.546986e+00	8.225735e+00	7.923514e+00
7.641136e+00	7.379426e+00	7.123673e+00	6.887058e+00	6.668109e+00	6.465024e+00
6.287352e+00	6.123032e+00	5.972894e+00	5.836837e+00	5.713203e+00	5.592223e+00
5.466948e+00	5.404685e+00	5.347674e+00	5.308115e+00	5.268142e+00	5.258511e+00
5.249456e+00	5.248179e+00	5.247390e+00	5.247422e+00	5.247433e+00	5.239295e+00
9.943684e+00	9.726164e+00	9.511172e+00	9.301285e+00	9.098047e+00	8.713617e+00
8.354088e+00	8.017236e+00	7.695160e+00	7.393446e+00	7.128445e+00	6.882717e+00
6.655912e+00	6.446616e+00	6.245654e+00	6.060761e+00	5.893105e+00	5.742364e+00
5.606411e+00	5.473107e+00	5.332040e+00	5.262095e+00	5.199653e+00	5.157424e+00
5.111195e+00	5.098688e+00	5.089654e+00	5.088599e+00	5.087537e+00	5.087548e+00
5.087775e+00	5.071259e+00	1.026519e+01	1.001571e+01	9.769587e+00	9.529919e+00
9.298093e+00	8.859845e+00	8.452740e+00	8.076566e+00	7.720280e+00	7.392026e+00
7.098036e+00	6.828046e+00	6.581029e+00	6.354526e+00	6.144146e+00	5.948333e+00
5.768423e+00	5.604019e+00	5.452941e+00	5.304631e+00	5.150466e+00	5.074899e+00
5.007765e+00	4.962403e+00	4.911376e+00	4.896997e+00	4.887262e+00	4.886136e+00
4.884940e+00	4.885031e+00	4.885168e+00	4.860225e+00	1.055309e+01	1.026711e+01
9.986237e+00	9.714955e+00	9.454201e+00	8.963661e+00	8.509744e+00	8.080003e+00
7.710041e+00	7.368063e+00	7.042911e+00	6.749972e+00	6.484683e+00	6.243207e+00
6.019795e+00	5.810717e+00	5.617330e+00	5.439577e+00	5.274887e+00	5.112732e+00
4.944955e+00	4.863187e+00	4.791012e+00	4.742538e+00	4.686778e+00	4.670684e+00
4.660127e+00	4.658975e+00	4.657675e+00	4.657768e+00	4.657833e+00	4.632161e+00
1.081719e+01	1.049437e+01	1.017878e+01	9.876386e+00	9.587604e+00	9.047557e+00
8.551647e+00	8.080558e+00	7.673404e+00	7.298522e+00	6.952698e+00	6.640528e+00
6.358777e+00	6.103330e+00	5.867081e+00	5.645284e+00	5.439097e+00	5.249136e+00
5.072304e+00	4.897885e+00	4.717913e+00	4.630463e+00	4.553414e+00	4.501668e+00
4.441496e+00	4.423985e+00	4.412571e+00	4.411413e+00	4.410045e+00	4.410078e+00
4.410069e+00	4.389735e+00	1.103653e+01	1.068468e+01	1.034088e+01	1.001145e+01
9.696420e+00	9.104160e+00	8.561012e+00	8.075853e+00	7.625527e+00	7.220307e+00
6.855781e+00	6.527583e+00	6.230188e+00	5.958317e+00	5.706593e+00	5.471193e+00
5.251957e+00	5.048957e+00	4.859034e+00	4.673381e+00	4.485645e+00	4.394692e+00
4.312599e+00	4.255059e+00	4.190692e+00	4.172603e+00	4.160283e+00	4.158946e+00
4.157561e+00	4.157535e+00	4.157449e+00	4.143941e+00	1.120714e+01	1.083636e+01
1.047321e+01	1.012286e+01	9.785285e+00	9.143272e+00	8.551026e+00	8.024151e+00
7.547020e+00	7.122616e+00	6.746321e+00	6.408644e+00	6.097010e+00	5.804252e+00
5.532135e+00	5.281350e+00	5.048370e+00	4.830600e+00	4.625627e+00	4.430178e+00
4.241596e+00	4.150365e+00	4.062770e+00	3.995297e+00	3.926892e+00	3.909498e+00
3.896148e+00	3.894356e+00	3.893036e+00	3.892950e+00	3.892776e+00	3.888802e+00
1.138281e+01	1.097086e+01	1.056943e+01	1.018740e+01	9.823638e+00	9.144521e+00
8.530283e+00	7.973289e+00	7.476153e+00	7.032223e+00	6.635445e+00	6.277649e+00
5.948377e+00	5.641223e+00	5.356491e+00	5.093465e+00	4.848746e+00	4.619070e+00
4.402332e+00	4.196946e+00	4.002336e+00	3.908614e+00	3.815423e+00	3.741053e+00
3.668682e+00	3.651137e+00	3.636990e+00	3.635136e+00	3.633708e+00	3.633477e+00
3.633249e+00	3.636568e+00	1.154326e+01	1.108355e+01	1.064122e+01	1.022931e+01
9.843934e+00	9.130846e+00	8.492840e+00	7.920408e+00	7.406783e+00	6.943708e+00
6.523143e+00	6.140770e+00	5.793214e+00	5.476167e+00	5.183499e+00	4.910485e+00
4.655761e+00	4.416536e+00	4.190589e+00	3.975554e+00	3.771149e+00	3.672888e+00
3.574076e+00	3.495108e+00	3.418653e+00	3.400273e+00	3.385480e+00	3.383757e+00
3.382122e+00	3.381730e+00	3.381539e+00	3.389467e+00	1.165494e+01	1.116675e+01
1.069845e+01	1.026509e+01	9.860665e+00	9.115212e+00	8.449654e+00	7.855259e+00
7.323443e+00	6.844848e+00	6.410423e+00	6.015106e+00	5.655031e+00	5.325831e+00
5.021959e+00	4.739047e+00	4.475274e+00	4.227392e+00	3.992871e+00	3.769303e+00
3.555325e+00	3.451685e+00	3.347434e+00	3.264026e+00	3.183036e+00	3.163594e+00
3.148046e+00	3.146224e+00	3.144462e+00	3.144020e+00	3.143993e+00	3.153587e+00
1.174167e+01	1.122801e+01	1.073738e+01	1.028495e+01	9.861971e+00	9.090751e+00
8.402672e+00	7.790288e+00	7.243292e+00	6.751332e+00	6.304743e+00	5.898249e+00
5.527808e+00	5.188960e+00	4.876159e+00	4.584956e+00	4.313231e+00	4.057332e+00
3.814275e+00	3.581960e+00	3.358169e+00	3.249175e+00	3.139687e+00	3.052153e+00
2.966127e+00	2.945094e+00	2.928415e+00	2.926484e+00	2.924626e+00	2.924192e+00
2.924101e+00	2.932731e+00	1.180372e+01	1.126706e+01	1.075544e+01	1.028936e+01
9.860055e+00	9.061385e+00	8.354569e+00	7.727265e+00	7.167712e+00	6.664796e+00
6.208461e+00	5.793244e+00	5.414876e+00	5.068699e+00	4.748968e+00	4.451011e+00
4.172413e+00	3.909154e+00	3.657783e+00	3.416346e+00	3.182303e+00	3.067731e+00
2.952946e+00	2.861278e+00	2.769595e+00	2.746494e+00	2.728309e+00	2.726255e+00
2.724344e+00	2.723933e+00	2.723806e+00	2.729651e+00	1.183924e+01	1.128638e+01
1.076103e+01	1.028301e+01	9.841985e+00	9.027574e+00	8.307277e+00	7.668868e+00
7.099862e+00	6.588753e+00	6.125356e+00	5.704029e+00	5.320259e+00	4.969115e+00
4.644493e+00	4.341411e+00	4.057148e+00	3.787322e+00	3.527981e+00	3.276913e+00
3.031608e+00	2.910682e+00	2.789655e+00	2.692930e+00	2.594434e+00	2.568822e+00
2.548722e+00	2.546511e+00	2.544561e+00	2.544180e+00	2.544070e+00	2.545871e+00
1.184045e+01	1.128200e+01	1.075174e+01	1.026721e+01	9.819643e+00	8.994065e+00
8.265261e+00	7.619140e+00	7.043336e+00	6.526286e+00	6.057937e+00	5.632484e+00
5.245192e+00	4.890814e+00	4.562919e+00	4.256218e+00	3.967664e+00	3.692493e+00
3.426213e+00	3.165900e+00	2.908684e+00	2.780262e+00	2.650783e+00	2.546420e+00
2.439707e+00	2.411783e+00	2.389673e+00	2.387212e+00	2.385150e+00	2.384807e+00
2.384642e+00	2.383446e+00	1.184106e+01	1.127111e+01	1.073085e+01	1.024221e+01
9.792906e+00	8.961529e+00	8.227860e+00	7.576546e+00	6.995860e+00	6.474423e+00
6.002472e+00	5.574099e+00	5.184381e+00	4.827813e+00	4.497707e+00	4.188505e+00
3.896827e+00	3.617441e+00	3.345187e+00	3.076066e+00	2.806330e+00	2.669582e+00
2.530086e+00	2.416373e+00	2.300724e+00	2.270766e+00	2.246762e+00	2.244011e+00
2.241775e+00	2.241462e+00	2.241228e+00	2.238138e+00	1.183235e+01	1.125197e+01
1.070511e+01	1.021446e+01	9.765110e+00	8.933075e+00	8.199474e+00	7.546708e+00
6.964389e+00	6.441203e+00	5.967784e+00	5.538310e+00	5.147772e+00	4.790623e+00
4.460136e+00	4.150545e+00	3.858014e+00	3.576368e+00	3.299096e+00	3.019853e+00
2.733589e+00	2.585977e+00	2.431943e+00	2.304484e+00	2.178501e+00	2.147173e+00
2.121278e+00	2.118100e+00	2.115586e+00	2.115297e+00	2.114960e+00	2.112387e+00
1.178857e+01	1.121083e+01	1.066691e+01	1.018018e+01	9.735052e+00	8.908608e+00
8.178753e+00	7.527058e+00	6.944685e+00	6.420930e+00	5.946988e+00	5.517170e+00
5.126433e+00	4.769256e+00	4.438932e+00	4.129545e+00	3.836901e+00	3.554039e+00
3.273296e+00	2.986074e+00	2.684400e+00	2.525216e+00	2.354738e+00	2.210809e+00
2.072360e+00	2.039807e+00	2.012307e+00	2.008683e+00	2.005733e+00	2.005426e+00
2.005027e+00	2.004847e+00	1.173503e+01	1.116146e+01	1.062265e+01	1.014245e+01
9.704177e+00	8.888967e+00	8.167448e+00	7.524385e+00	6.944756e+00	6.422098e+00
5.949410e+00	5.520998e+00	5.131660e+00	4.775620e+00	4.445808e+00	4.136143e+00
3.842707e+00	3.559002e+00	3.277241e+00	2.987279e+00	2.670382e+00	2.493163e+00
2.302030e+00	2.140494e+00	1.981152e+00	1.945385e+00	1.918562e+00	1.915056e+00
1.911029e+00	1.910441e+00	1.910439e+00	1.914432e+00	1.166707e+01	1.110191e+01
1.057186e+01	1.010131e+01	9.672445e+00	8.871996e+00	8.159342e+00	7.523255e+00
6.948135e+00	6.429349e+00	5.960891e+00	5.537032e+00	5.152088e+00	4.799564e+00
4.471378e+00	4.160987e+00	3.865274e+00	3.579183e+00	3.294657e+00	2.996799e+00
2.662376e+00	2.470542e+00	2.260931e+00	2.082787e+00	1.900476e+00	1.860694e+00
1.835478e+00	1.832325e+00	1.827000e+00	1.826029e+00	1.826610e+00	1.835377e+00
1.159685e+01	1.103980e+01	1.051858e+01	1.005822e+01	9.639706e+00	8.856712e+00
8.157615e+00	7.524503e+00	6.955260e+00	6.441983e+00	5.978905e+00	5.560301e+00
5.180089e+00	4.831277e+00	4.505093e+00	4.194654e+00	3.897343e+00	3.609192e+00
3.321653e+00	3.014216e+00	2.663622e+00	2.466611e+00	2.245195e+00	2.041826e+00
1.833060e+00	1.787489e+00	1.763722e+00	1.761130e+00	1.754476e+00	1.753053e+00
1.754404e+00	1.767800e+00	1.152299e+01	1.097357e+01	1.046133e+01	1.001202e+01
9.605294e+00	8.842950e+00	8.160406e+00	7.541477e+00	6.982895e+00	6.477880e+00
6.021092e+00	5.607203e+00	5.230580e+00	4.884736e+00	4.561415e+00	4.253980e+00
3.959348e+00	3.672600e+00	3.383527e+00	3.068548e+00	2.698789e+00	2.484440e+00
2.240412e+00	2.012466e+00	1.778014e+00	1.725434e+00	1.702912e+00	1.701032e+00
1.693060e+00	1.691133e+00	1.693407e+00	1.711392e+00	1.144843e+01	1.090721e+01
1.040472e+01	9.967450e+00	9.573537e+00	8.833313e+00	8.166859e+00	7.563461e+00
7.016694e+00	6.521088e+00	6.071745e+00	5.663738e+00	5.291841e+00	4.949995e+00
4.630392e+00	4.326592e+00	4.035101e+00	3.750150e+00	3.459879e+00	3.137379e+00
2.747878e+00	2.515441e+00	2.246951e+00	2.003538e+00	1.734287e+00	1.672999e+00
1.651770e+00	1.650776e+00	1.641409e+00	1.639003e+00	1.642113e+00	1.662208e+00
1.137450e+01	1.084194e+01	1.034986e+01	9.925588e+00	9.545365e+00	8.828310e+00
8.180220e+00	7.591980e+00	7.057960e+00	6.572935e+00	6.132355e+00	5.731636e+00
5.365890e+00	5.029360e+00	4.714562e+00	4.415163e+00	4.127358e+00	3.844710e+00
3.553843e+00	3.224412e+00	2.816264e+00	2.567676e+00	2.275346e+00	2.002538e+00
1.701162e+00	1.629683e+00	1.609442e+00	1.609426e+00	1.598622e+00	1.595724e+00
1.599754e+00	1.620651e+00	1.130362e+01	1.077983e+01	1.029837e+01	9.887720e+00
9.521678e+00	8.827200e+00	8.198682e+00	7.626530e+00	7.106139e+00	6.632661e+00
6.201902e+00	5.809553e+00	5.451033e+00	5.120877e+00	4.811869e+00	4.517735e+00
4.234395e+00	3.954762e+00	3.664017e+00	3.328406e+00	2.902104e+00	2.637014e+00
2.320071e+00	2.019623e+00	1.679016e+00	1.595379e+00	1.575190e+00	1.576124e+00
1.563804e+00	1.560354e+00	1.565648e+00	1.587118e+00	1.123604e+01	1.072088e+01
1.025006e+01	9.853096e+00	9.501281e+00	8.829904e+00	8.220587e+00	7.665051e+00
7.159014e+00	6.697933e+00	6.277944e+00	5.895032e+00	5.544851e+00	5.222156e+00
4.919916e+00	4.631901e+00	4.353789e+00	4.077924e+00	3.788197e+00	3.447718e+00
3.004866e+00	2.723693e+00	2.381475e+00	2.051090e+00	1.666296e+00	1.564953e+00
1.548975e+00	1.550552e+00	1.534149e+00	1.529944e+00	1.538825e+00	1.557284e+00
1.116703e+01	1.066172e+01	1.020262e+01	9.820191e+00	9.483209e+00	8.835228e+00
8.246402e+00	7.708184e+00	7.217022e+00	6.768769e+00	6.359906e+00	5.986765e+00
5.645304e+00	5.330577e+00	5.035861e+00	4.755037e+00	4.483465e+00	4.212787e+00
3.925191e+00	3.579733e+00	3.118446e+00	2.820068e+00	2.452309e+00	2.092983e+00
1.666119e+00	1.556584e+00	1.520174e+00	1.523241e+00	1.514357e+00	1.510448e+00
1.513068e+00	1.532133e+00	1.110199e+01	1.060704e+01	1.015990e+01	9.792030e+00
9.469848e+00	8.845447e+00	8.276741e+00	7.755910e+00	7.279713e+00	6.844461e+00
6.446942e+00	6.083846e+00	5.751494e+00	5.445304e+00	5.158976e+00	4.886559e+00
4.623083e+00	4.359427e+00	4.075769e+00	3.726265e+00	3.245518e+00	2.928737e+00
2.534598e+00	2.147610e+00	1.686805e+00	1.557583e+00	1.491776e+00	1.495607e+00
1.501997e+00	1.499017e+00	1.488796e+00	1.511868e+00	1.107194e+01	1.058110e+01
1.013974e+01	9.780252e+00	9.468387e+00	8.857451e+00	8.303535e+00	7.796435e+00
7.333288e+00	6.910529e+00	6.525044e+00	6.173531e+00	5.852298e+00	5.556625e+00
5.279933e+00	5.016056e+00	4.760268e+00	4.503785e+00	4.227309e+00	3.885384e+00
3.404374e+00	3.073614e+00	2.642445e+00	2.208717e+00	1.698202e+00	1.557816e+00
1.488352e+00	1.486186e+00	1.483825e+00	1.482576e+00	1.473432e+00	1.494180e+00
1.104887e+01	1.056127e+01	1.012460e+01	9.771992e+00	9.467618e+00	8.871648e+00
8.330327e+00	7.835831e+00	7.385148e+00	6.974726e+00	6.601511e+00	6.262138e+00
5.952805e+00	5.668505e+00	5.402127e+00	5.147146e+00	4.899268e+00	4.650433e+00
4.382797e+00	4.053579e+00	3.582143e+00	3.241082e+00	2.769313e+00	2.279517e+00
1.709522e+00	1.558004e+00	1.486278e+00	1.479713e+00	1.465343e+00	1.465703e+00
1.461179e+00	1.478491e+00	1.102164e+01	1.053938e+01	1.010929e+01	9.765312e+00
9.468663e+00	8.889178e+00	8.362332e+00	7.881583e+00	7.444003e+00	7.046141e+00
6.685010e+00	6.357305e+00	6.059231e+00	5.785710e+00	5.529349e+00	5.283460e+00
5.043996e+00	4.803249e+00	4.543840e+00	4.223270e+00	3.755349e+00	3.406088e+00
2.906726e+00	2.372762e+00	1.734474e+00	1.562392e+00	1.482747e+00	1.473234e+00
1.453940e+00	1.454184e+00	1.450993e+00	1.465803e+00	1.099085e+01	1.051619e+01
1.009439e+01	9.759974e+00	9.473724e+00	8.911441e+00	8.400078e+00	7.933560e+00
7.509116e+00	7.123522e+00	6.773923e+00	6.457208e+00	6.169685e+00	5.906387e+00
5.659848e+00	5.423366e+00	5.192932e+00	4.960775e+00	4.709126e+00	4.394064e+00
3.925904e+00	3.571637e+00	3.059364e+00	2.498982e+00	1.787812e+00	1.583844e+00
1.478171e+00	1.467146e+00	1.446682e+00	1.446153e+00	1.442825e+00	1.455638e+00
1.094877e+01	1.048498e+01	1.007438e+01	9.752020e+00	9.477659e+00	8.933934e+00
8.437911e+00	7.984244e+00	7.570803e+00	7.195177e+00	6.855298e+00	6.548371e+00
6.270883e+00	6.018005e+00	5.782360e+00	5.557134e+00	5.337827e+00	5.115573e+00
4.871931e+00	4.563942e+00	4.100611e+00	3.744600e+00	3.221144e+00	2.632308e+00
1.848013e+00	1.615249e+00	1.475326e+00	1.459182e+00	1.441034e+00	1.439751e+00
1.436351e+00	1.446582e+00	1.090044e+01	1.044975e+01	1.005222e+01	9.743172e+00
9.481469e+00	8.956956e+00	8.476044e+00	8.034366e+00	7.630727e+00	7.263839e+00
6.932723e+00	6.634942e+00	6.367197e+00	6.124835e+00	5.900686e+00	5.687829e+00
5.481011e+00	5.269682e+00	5.034487e+00	4.734705e+00	4.279689e+00	3.924803e+00
3.393343e+00	2.776895e+00	1.918969e+00	1.660843e+00	1.473136e+00	1.450768e+00
1.436322e+00	1.434317e+00	1.430802e+00	1.438378e+00	1.087115e+01	1.042922e+01
1.004107e+01	9.740851e+00	9.486746e+00	8.978462e+00	8.510420e+00	8.079725e+00
7.685753e+00	7.327878e+00	7.005784e+00	6.717303e+00	6.459318e+00	6.227310e+00
6.014246e+00	5.813163e+00	5.618492e+00	5.418806e+00	5.194402e+00	4.906334e+00
4.463819e+00	4.112350e+00	3.575125e+00	2.933028e+00	1.999151e+00	1.710562e+00
1.473342e+00	1.448462e+00	1.431841e+00	1.429389e+00	1.424864e+00	1.431256e+00
1.085485e+01	1.041837e+01	1.003637e+01	9.742910e+00	9.495279e+00	8.997932e+00
8.540208e+00	8.119328e+00	7.734798e+00	7.386198e+00	7.073392e+00	6.794355e+00
6.546081e+00	6.324091e+00	6.121340e+00	5.930890e+00	5.747460e+00	5.559948e+00
5.349245e+00	5.077608e+00	4.653148e+00	4.307764e+00	3.766947e+00	3.102422e+00
2.093386e+00	1.766679e+00	1.481999e+00	1.448614e+00	1.427551e+00	1.425054e+00
1.418081e+00	1.425204e+00	1.085295e+01	1.041846e+01	1.003854e+01	9.748947e+00
9.507213e+00	9.018940e+00	8.570024e+00	8.157932e+00	7.782110e+00	7.442087e+00
7.137660e+00	6.867056e+00	6.627604e+00	6.415343e+00	6.223850e+00	6.046377e+00
5.876807e+00	5.702031e+00	5.501690e+00	5.240465e+00	4.831559e+00	4.499263e+00
3.975185e+00	3.303932e+00	2.198495e+00	1.822813e+00	1.493831e+00	1.451690e+00
1.424217e+00	1.420290e+00	1.415277e+00	1.420656e+00	1.085271e+01	1.042051e+01
1.004398e+01	9.758462e+00	9.520233e+00	9.039303e+00	8.598026e+00	8.193805e+00
7.825888e+00	7.493660e+00	7.196728e+00	6.933623e+00	6.702108e+00	6.498940e+00
6.318584e+00	6.154736e+00	6.000274e+00	5.839546e+00	5.650109e+00	5.398360e+00
5.004088e+00	4.687611e+00	4.190799e+00	3.526055e+00	2.318803e+00	1.885119e+00
1.508354e+00	1.459157e+00	1.421830e+00	1.415827e+00	1.413605e+00	1.416914e+00
1.084512e+01	1.041774e+01	1.004521e+01	9.763648e+00	9.529260e+00	9.055562e+00
8.621251e+00	8.224080e+00	7.863260e+00	7.538142e+00	7.248154e+00	6.992021e+00
6.767796e+00	6.572643e+00	6.401536e+00	6.248793e+00	6.107624e+00	5.962717e+00
5.791559e+00	5.559184e+00	5.184437e+00	4.878854e+00	4.394075e+00	3.730193e+00
2.459148e+00	1.970428e+00	1.522942e+00	1.463333e+00	1.420125e+00	1.412893e+00
1.410150e+00	1.413216e+00	1.083955e+01	1.041922e+01	1.005237e+01	9.775550e+00
9.544331e+00	9.074669e+00	8.643655e+00	8.251460e+00	7.897028e+00	7.579014e+00
7.296078e+00	7.046849e+00	6.829575e+00	6.641861e+00	6.479771e+00	6.338333e+00
6.210365e+00	6.079101e+00	5.922315e+00	5.710189e+00	5.366719e+00	5.079036e+00
4.604308e+00	3.931910e+00	2.603708e+00	2.072376e+00	1.547906e+00	1.472447e+00
1.417180e+00	1.410387e+00	1.402392e+00	1.410573e+00	1.084071e+01	1.042354e+01
1.006007e+01	9.784025e+00	9.553826e+00	9.088005e+00	8.661766e+00	8.274964e+00
7.926518e+00	7.614866e+00	7.338399e+00	7.095750e+00	6.885225e+00	6.704447e+00
6.549508e+00	6.415956e+00	6.298572e+00	6.184146e+00	6.051547e+00	5.864432e+00
5.542015e+00	5.266478e+00	4.810485e+00	4.148161e+00	2.767098e+00	2.183821e+00
1.571854e+00	1.480920e+00	1.416462e+00	1.409744e+00	1.400249e+00	1.408217e+00
1.085388e+01	1.043225e+01	1.006512e+01	9.787948e+00	9.557989e+00	9.095851e+00
8.675465e+00	8.294362e+00	7.951243e+00	7.644797e+00	7.373745e+00	7.136897e+00
6.932583e+00	6.758134e+00	6.608681e+00	6.480093e+00	6.370963e+00	6.275840e+00
6.176727e+00	6.018935e+00	5.704441e+00	5.434148e+00	5.006864e+00	4.381195e+00
2.956507e+00	2.304222e+00	1.592788e+00	1.487937e+00	1.418259e+00	1.410120e+00
1.403162e+00	1.406061e+00	1.084637e+01	1.042767e+01	1.006424e+01	9.790136e+00
9.562367e+00	9.105012e+00	8.689289e+00	8.312436e+00	7.973157e+00	7.670266e+00
7.402668e+00	7.169489e+00	6.969624e+00	6.801058e+00	6.659885e+00	6.542404e+00
6.446530e+00	6.365143e+00	6.279524e+00	6.140990e+00	5.857066e+00	5.605883e+00
5.202924e+00	4.599989e+00	3.152218e+00	2.437696e+00	1.624451e+00	1.502780e+00
1.419402e+00	1.410318e+00	1.400214e+00	1.403982e+00	1.083229e+01	1.042029e+01
1.006292e+01	9.792052e+00	9.566946e+00	9.114552e+00	8.702717e+00	8.329326e+00
7.993154e+00	7.693132e+00	7.428351e+00	7.198248e+00	7.002315e+00	6.839318e+00
6.706699e+00	6.601448e+00	6.519812e+00	6.450177e+00	6.372998e+00	6.251538e+00
6.004571e+00	5.777643e+00	5.398090e+00	4.815227e+00	3.358126e+00	2.583998e+00
1.663750e+00	1.523400e+00	1.420598e+00	1.410520e+00	1.395751e+00	1.402137e+00
1.082293e+01	1.041806e+01	1.006404e+01	9.796168e+00	9.573213e+00	9.124551e+00
8.715576e+00	8.344684e+00	8.010864e+00	7.713334e+00	7.451498e+00	7.224948e+00
7.033354e+00	6.875732e+00	6.749881e+00	6.653112e+00	6.581809e+00	6.524343e+00
6.461870e+00	6.361239e+00	6.147268e+00	5.942216e+00	5.585450e+00	5.026456e+00
3.574952e+00	2.747127e+00	1.707765e+00	1.544826e+00	1.423002e+00	1.411112e+00
1.395456e+00	1.401018e+00	1.081578e+01	1.041742e+01	1.006938e+01	9.803544e+00
9.581154e+00	9.134585e+00	8.727381e+00	8.358132e+00	8.026034e+00	7.730619e+00
7.471652e+00	7.248793e+00	7.061621e+00	6.909023e+00	6.788493e+00	6.697525e+00
6.633746e+00	6.587915e+00	6.543273e+00	6.465718e+00	6.282214e+00	6.097461e+00
5.762401e+00	5.229454e+00	3.800894e+00	2.929614e+00	1.760177e+00	1.569575e+00
1.427843e+00	1.412776e+00	1.396992e+00	1.400301e+00	1.080379e+01	1.041470e+01
1.007241e+01	9.808919e+00	9.586568e+00	9.141521e+00	8.735716e+00	8.368064e+00
8.037823e+00	7.744615e+00	7.488312e+00	7.268627e+00	7.085186e+00	6.936889e+00
6.821281e+00	6.736037e+00	6.679303e+00	6.642759e+00	6.611554e+00	6.555828e+00
6.406248e+00	6.241990e+00	5.928099e+00	5.420035e+00	4.027876e+00	3.121508e+00
1.821456e+00	1.602389e+00	1.433482e+00	1.415708e+00	1.396295e+00	1.399386e+00
1.078729e+01	1.040889e+01	1.007473e+01	9.813470e+00	9.590920e+00	9.147093e+00
8.742460e+00	8.376265e+00	8.047801e+00	7.756720e+00	7.502910e+00	7.286115e+00
7.106023e+00	6.961583e+00	6.850509e+00	6.770670e+00	6.720497e+00	6.692087e+00
6.672451e+00	6.637686e+00	6.522843e+00	6.379100e+00	6.086893e+00	5.604473e+00
4.258671e+00	3.323426e+00	1.892245e+00	1.643838e+00	1.440166e+00	1.419571e+00
1.394420e+00	1.398397e+00	1.076836e+01	1.040151e+01	1.007515e+01	9.815819e+00
9.592702e+00	9.150696e+00	8.747603e+00	8.382805e+00	8.055852e+00	7.766602e+00
7.515114e+00	7.301035e+00	7.123826e+00	6.982442e+00	6.874949e+00	6.799706e+00
6.755715e+00	6.735874e+00	6.728414e+00	6.711379e+00	6.622293e+00	6.498105e+00
6.239393e+00	5.798871e+00	4.486798e+00	3.515332e+00	1.976004e+00	1.695999e+00
1.447341e+00	1.419999e+00	1.394082e+00	1.397589e+00	1.074418e+01	1.039031e+01
1.007378e+01	9.816688e+00	9.593154e+00	9.152848e+00	8.751444e+00	8.387845e+00
8.062008e+00	7.774183e+00	7.524761e+00	7.313179e+00	7.138363e+00	6.999227e+00
6.894431e+00	6.823128e+00	6.785036e+00	6.773963e+00	6.778744e+00	6.775238e+00
6.701807e+00	6.595512e+00	6.383987e+00	6.010014e+00	4.707259e+00	3.686122e+00
2.082100e+00	1.769941e+00	1.455110e+00	1.413930e+00	1.396407e+00	1.396915e+00
1.073705e+01	1.039029e+01	1.007725e+01	9.820754e+00	9.594874e+00	9.154338e+00
8.753467e+00	8.391359e+00	8.067589e+00	7.782110e+00	7.534974e+00	7.325583e+00
7.152923e+00	7.015800e+00	6.912259e+00	6.841624e+00	6.805727e+00	6.802952e+00
6.826192e+00	6.844357e+00	6.790681e+00	6.699330e+00	6.508953e+00	6.156770e+00
4.924392e+00	3.922370e+00	2.186284e+00	1.828760e+00	1.468176e+00	1.419553e+00
1.396088e+00	1.396899e+00	1.073113e+01	1.039164e+01	1.008269e+01	9.825537e+00
9.598278e+00	9.156548e+00	8.756073e+00	8.395658e+00	8.074131e+00	7.790685e+00
7.544911e+00	7.336636e+00	7.165506e+00	7.030550e+00	6.929044e+00	6.859714e+00
6.825797e+00	6.829202e+00	6.863675e+00	6.898660e+00	6.876080e+00	6.804202e+00
6.623255e+00	6.273858e+00	5.136096e+00	4.202451e+00	2.296384e+00	1.884772e+00
1.486377e+00	1.437415e+00	1.394869e+00	1.396928e+00	1.069853e+01	1.037436e+01
1.007732e+01	9.825721e+00	9.600933e+00	9.164586e+00	8.766800e+00	8.406891e+00
8.084512e+00	7.799743e+00	7.552996e+00	7.344401e+00	7.173990e+00	7.041476e+00
6.945234e+00	6.884142e+00	6.858150e+00	6.861521e+00	6.886192e+00	6.922331e+00
6.936093e+00	6.894998e+00	6.741523e+00	6.413443e+00	5.340315e+00	4.430775e+00
2.434969e+00	1.970577e+00	1.503131e+00	1.446671e+00	1.395659e+00	1.395983e+00
1.068842e+01	1.037175e+01	1.008005e+01	9.829445e+00	9.604400e+00	9.169141e+00
8.772274e+00	8.413341e+00	8.091718e+00	7.807478e+00	7.561304e+00	7.353444e+00
7.184083e+00	7.053069e+00	6.958830e+00	6.900247e+00	6.877402e+00	6.884707e+00
6.914653e+00	6.959924e+00	6.993246e+00	6.970052e+00	6.843948e+00	6.547090e+00
5.534992e+00	4.657590e+00	2.590280e+00	2.068509e+00	1.524734e+00	1.458395e+00
1.396966e+00	1.395959e+00	1.067841e+01	1.036860e+01	1.008125e+01	9.832157e+00
9.605941e+00	9.170338e+00	8.773570e+00	8.414958e+00	8.094268e+00	7.811569e+00
7.567086e+00	7.360823e+00	7.192721e+00	7.062535e+00	6.969139e+00	6.911943e+00
6.891415e+00	6.902654e+00	6.939490e+00	6.995338e+00	7.043013e+00	7.031879e+00
6.931480e+00	6.677326e+00	5.735704e+00	4.866379e+00	2.754563e+00	2.182106e+00
1.551378e+00	1.464335e+00	1.400948e+00	1.395857e+00	1.066665e+01	1.036359e+01
1.008112e+01	9.833083e+00	9.606287e+00	9.170344e+00	8.773087e+00	8.414655e+00
8.094750e+00	7.813320e+00	7.570556e+00	7.366068e+00	7.199196e+00	7.069440e+00
6.976430e+00	6.920276e+00	6.901678e+00	6.916236e+00	6.958592e+00	7.023775e+00
7.083958e+00	7.081369e+00	7.003787e+00	6.799129e+00	5.939401e+00	5.054337e+00
2.926045e+00	2.314741e+00	1.585440e+00	1.466512e+00	1.412568e+00	1.395480e+00
1.065706e+01	1.035919e+01	1.008107e+01	9.833760e+00	9.606573e+00	9.170696e+00
8.773693e+00	8.415602e+00	8.096402e+00	7.815899e+00	7.573956e+00	7.370189e+00
7.203953e+00	7.074862e+00	6.982811e+00	6.928153e+00	6.911644e+00	6.928780e+00
6.974449e+00	7.045395e+00	7.119299e+00	7.129999e+00	7.072454e+00	6.894575e+00
6.109503e+00	5.272308e+00	3.114028e+00	2.447484e+00	1.622897e+00	1.480345e+00
1.419168e+00	1.395397e+00	1.064889e+01	1.035576e+01	1.008103e+01	9.834442e+00
9.606887e+00	9.171567e+00	8.775132e+00	8.417738e+00	8.099056e+00	7.818930e+00
7.577314e+00	7.373908e+00	7.208156e+00	7.079808e+00	6.988855e+00	6.935715e+00
6.921143e+00	6.940493e+00	6.988863e+00	7.064449e+00	7.151037e+00	7.175462e+00
7.137544e+00	6.980765e+00	6.264359e+00	5.500017e+00	3.318040e+00	2.587551e+00
1.664180e+00	1.505416e+00	1.423806e+00	1.395349e+00	1.064366e+01	1.035531e+01
1.008215e+01	9.836602e+00	9.608508e+00	9.173684e+00	8.777732e+00	8.420878e+00
8.102673e+00	7.822902e+00	7.581523e+00	7.378335e+00	7.213160e+00	7.085862e+00
6.996044e+00	6.943898e+00	6.930438e+00	6.951745e+00	7.003600e+00	7.083886e+00
7.178341e+00	7.212574e+00	7.198041e+00	7.069493e+00	6.401422e+00	5.704996e+00
3.543616e+00	2.746493e+00	1.710776e+00	1.531791e+00	1.424338e+00	1.395374e+00
1.064010e+01	1.035542e+01	1.008585e+01	9.840777e+00	9.612392e+00	9.177685e+00
8.781800e+00	8.425072e+00	8.107011e+00	7.827285e+00	7.585872e+00	7.382758e+00
7.218242e+00	7.092250e+00	7.003577e+00	6.951946e+00	6.938934e+00	6.961910e+00
7.017581e+00	7.102342e+00	7.201177e+00	7.242416e+00	7.252033e+00	7.155618e+00
6.521271e+00	5.888873e+00	3.790575e+00	2.926064e+00	1.765106e+00	1.563263e+00
1.423977e+00	1.395474e+00	1.063375e+01	1.035328e+01	1.008481e+01	9.840069e+00
9.611580e+00	9.177104e+00	8.781409e+00	8.424806e+00	8.106841e+00	7.827234e+00
7.586019e+00	7.383440e+00	7.219579e+00	7.094292e+00	7.006380e+00	6.955517e+00
6.943417e+00	6.967829e+00	7.026019e+00	7.114863e+00	7.219267e+00	7.265972e+00
7.290897e+00	7.223492e+00	6.644833e+00	6.059675e+00	4.030117e+00	3.114995e+00
1.828287e+00	1.597326e+00	1.427400e+00	1.395303e+00	1.062558e+01	1.034771e+01
1.008183e+01	9.837842e+00	9.609129e+00	9.175203e+00	8.779966e+00	8.423660e+00
8.105917e+00	7.826601e+00	7.585872e+00	7.383691e+00	7.220249e+00	7.095431e+00
7.008066e+00	6.957835e+00	6.946566e+00	6.972193e+00	7.032362e+00	7.124815e+00
7.234820e+00	7.286213e+00	7.322721e+00	7.281489e+00	6.768628e+00	6.223583e+00
4.269261e+00	3.314070e+00	1.900465e+00	1.635113e+00	1.438019e+00	1.394844e+00
1.061979e+01	1.034448e+01	1.008087e+01	9.837156e+00	9.608356e+00	9.174629e+00
8.779570e+00	8.423360e+00	8.105699e+00	7.826502e+00	7.585971e+00	7.384307e+00
7.221330e+00	7.096795e+00	7.009814e+00	6.960521e+00	6.950402e+00	6.977134e+00
7.037859e+00	7.132326e+00	7.250211e+00	7.308942e+00	7.351164e+00	7.315738e+00
6.883279e+00	6.411601e+00	4.498021e+00	3.504881e+00	1.982590e+00	1.683914e+00
1.449569e+00	1.394576e+00	1.061585e+01	1.034306e+01	1.008108e+01	9.837674e+00
9.608670e+00	9.175093e+00	8.780239e+00	8.424133e+00	8.106657e+00	7.827784e+00
7.587721e+00	7.386387e+00	7.223346e+00	7.098457e+00	7.011611e+00	6.963971e+00
6.955622e+00	6.983295e+00	7.042203e+00	7.137174e+00	7.265482e+00	7.336728e+00
7.376340e+00	7.331680e+00	6.986183e+00	6.645838e+00	4.707181e+00	3.677111e+00
2.079948e+00	1.755203e+00	1.463003e+00	1.394455e+00	1.062260e+01	1.034855e+01
1.008522e+01	9.840600e+00	9.610217e+00	9.175553e+00	8.780522e+00	8.424864e+00
8.108105e+00	7.830052e+00	7.590712e+00	7.389885e+00	7.227178e+00	7.102229e+00
7.014441e+00	6.964123e+00	6.954257e+00	6.984493e+00	7.053746e+00	7.154901e+00
7.280110e+00	7.345504e+00	7.395366e+00	7.373588e+00	7.085845e+00	6.741626e+00
4.947521e+00	3.909261e+00	2.189173e+00	1.814450e+00	1.476807e+00	1.394697e+00
1.063428e+01	1.035769e+01	1.009208e+01	9.845121e+00	9.612760e+00	9.176099e+00
8.780740e+00	8.425652e+00	8.109829e+00	7.832707e+00	7.593999e+00	7.393610e+00
7.231469e+00	7.106894e+00	7.017682e+00	6.963640e+00	6.950876e+00	6.984919e+00
7.068083e+00	7.178764e+00	7.292327e+00	7.349951e+00	7.411320e+00	7.432966e+00
7.175754e+00	6.800293e+00	5.199388e+00	4.179176e+00	2.312535e+00	1.873153e+00
1.491997e+00	1.395184e+00	1.063154e+01	1.035700e+01	1.009247e+01	9.845807e+00
9.613485e+00	9.177154e+00	8.781995e+00	8.426915e+00	8.111057e+00	7.833904e+00
7.595142e+00	7.394830e+00	7.232757e+00	7.108372e+00	7.019644e+00	6.966470e+00
6.954284e+00	6.988837e+00	7.071335e+00	7.182907e+00	7.299739e+00	7.361790e+00
7.428524e+00	7.460014e+00	7.247077e+00	6.920873e+00	5.412399e+00	4.399889e+00
2.451255e+00	1.963736e+00	1.511138e+00	1.395238e+00	1.061542e+01	1.034734e+01
1.008814e+01	9.844613e+00	9.613955e+00	9.179446e+00	8.784494e+00	8.428988e+00
8.112405e+00	7.834468e+00	7.595141e+00	7.394345e+00	7.232252e+00	7.108554e+00
7.021964e+00	6.972499e+00	6.963093e+00	6.994679e+00	7.066919e+00	7.173068e+00
7.302831e+00	7.373424e+00	7.444704e+00	7.483091e+00	7.314718e+00	7.014509e+00
5.612870e+00	4.625792e+00	2.603841e+00	2.066258e+00	1.533485e+00	1.395143e+00
1.060902e+01	1.034339e+01	1.008644e+01	9.844286e+00	9.614670e+00	9.181394e+00
8.786652e+00	8.430922e+00	8.113871e+00	7.835337e+00	7.595402e+00	7.394434e+00
7.232315e+00	7.109008e+00	7.023802e+00	6.976556e+00	6.969341e+00	6.999777e+00
7.065400e+00	7.169054e+00	7.306777e+00	7.385009e+00	7.460534e+00	7.498513e+00
7.361069e+00	7.115647e+00	5.800504e+00	4.830516e+00	2.769090e+00	2.189765e+00
1.556177e+00	1.395104e+00	1.061105e+01	1.034573e+01	1.008872e+01	9.846281e+00
9.616121e+00	9.182631e+00	8.788068e+00	8.432452e+00	8.115494e+00	7.837222e+00
7.597907e+00	7.397359e+00	7.235088e+00	7.110954e+00	7.025066e+00	6.978236e+00
6.972043e+00	7.003427e+00	7.069806e+00	7.172801e+00	7.313502e+00	7.396389e+00
7.476094e+00	7.507627e+00	7.388215e+00	7.234098e+00	5.973065e+00	5.005502e+00
2.947891e+00	2.345017e+00	1.578331e+00	1.395141e+00	