1.465605e-01	1.525414e-01	1.585719e-01	1.646294e-01	1.707055e-01	1.828461e-01
1.948861e-01	2.067934e-01	2.185747e-01	2.304753e-01	2.428492e-01	2.560714e-01
2.706966e-01	2.877808e-01	3.092353e-01	3.364207e-01	3.672094e-01	3.935041e-01
4.054902e-01	4.035885e-01	4.033089e-01	4.160097e-01	4.429382e-01	4.709478e-01
4.543348e-01	4.360874e-01	4.438825e-01	4.484412e-01	4.482168e-01	4.470732e-01
4.482959e-01	4.468909e-01	1.671165e-01	1.736911e-01	1.803150e-01	1.869659e-01
1.936356e-01	2.069622e-01	2.201841e-01	2.332709e-01	2.462321e-01	2.593284e-01
2.729336e-01	2.874411e-01	3.034291e-01	3.219986e-01	3.451346e-01	3.742181e-01
4.069658e-01	4.349204e-01	4.479183e-01	4.464055e-01	4.464253e-01	4.596693e-01
4.874977e-01	5.162902e-01	4.994585e-01	4.808149e-01	4.888234e-01	4.934819e-01
4.932357e-01	4.920673e-01	4.933405e-01	4.919029e-01	1.905556e-01	1.977731e-01
2.050396e-01	2.123330e-01	2.196458e-01	2.342589e-01	2.487661e-01	2.631384e-01
2.773890e-01	2.917936e-01	3.067450e-01	3.226536e-01	3.401197e-01	3.602850e-01
3.852016e-01	4.162620e-01	4.510265e-01	4.806956e-01	4.947858e-01	4.937650e-01
4.941512e-01	5.079109e-01	5.365397e-01	5.659981e-01	5.490638e-01	5.301300e-01
5.383144e-01	5.430464e-01	5.427764e-01	5.415897e-01	5.429111e-01	5.414486e-01
2.172822e-01	2.251941e-01	2.331543e-01	2.411419e-01	2.491498e-01	2.651560e-01
2.810582e-01	2.968302e-01	3.124884e-01	3.283230e-01	3.447450e-01	3.621798e-01
3.812469e-01	4.031238e-01	4.299199e-01	4.630297e-01	4.998574e-01	5.312887e-01
5.465573e-01	5.461489e-01	5.469793e-01	5.612153e-01	5.905155e-01	6.204919e-01
6.035958e-01	5.845031e-01	5.928161e-01	5.975892e-01	5.972929e-01	5.960960e-01
5.974625e-01	5.959848e-01	2.477574e-01	2.564170e-01	2.651241e-01	2.738594e-01
2.826170e-01	3.001280e-01	3.175422e-01	3.348357e-01	3.520291e-01	3.694256e-01
3.874524e-01	4.065481e-01	4.273471e-01	4.510562e-01	4.798297e-01	5.150517e-01
5.539752e-01	5.872067e-01	6.037458e-01	6.040903e-01	6.054551e-01	6.201140e-01
6.499211e-01	6.802322e-01	6.635438e-01	6.444530e-01	6.528358e-01	6.576101e-01
6.572851e-01	6.560880e-01	6.574953e-01	6.560139e-01	2.825069e-01	2.919689e-01
3.014775e-01	3.110160e-01	3.205796e-01	3.397127e-01	3.587621e-01	3.777075e-01
3.965730e-01	4.156738e-01	4.354505e-01	4.563516e-01	4.790218e-01	5.046879e-01
5.355334e-01	5.729186e-01	6.139520e-01	6.490100e-01	6.669182e-01	6.681787e-01
6.701823e-01	6.851941e-01	7.153029e-01	7.457243e-01	7.294457e-01	7.105517e-01
7.189322e-01	7.236594e-01	7.233029e-01	7.221176e-01	7.235601e-01	7.220893e-01
3.221302e-01	3.324500e-01	3.428157e-01	3.532140e-01	3.636417e-01	3.845182e-01
4.053327e-01	4.260684e-01	4.467534e-01	4.677117e-01	4.893946e-01	5.122563e-01
5.369450e-01	5.646965e-01	5.977039e-01	6.372868e-01	6.804224e-01	7.173182e-01
7.367006e-01	7.390664e-01	7.418292e-01	7.571041e-01	7.872622e-01	8.175219e-01
8.018929e-01	7.834298e-01	7.917205e-01	7.963427e-01	7.959516e-01	7.947925e-01
7.962630e-01	7.948201e-01	3.673110e-01	3.785437e-01	3.898221e-01	4.011372e-01
4.124880e-01	4.352333e-01	4.579486e-01	4.806214e-01	5.032832e-01	5.262643e-01
5.500214e-01	5.750094e-01	6.018723e-01	6.318403e-01	6.670918e-01	7.088869e-01
7.540892e-01	7.928157e-01	8.137846e-01	8.174745e-01	8.211358e-01	8.365611e-01
8.664605e-01	8.962322e-01	8.815354e-01	8.637828e-01	8.718784e-01	8.763261e-01
8.758971e-01	8.747815e-01	8.762711e-01	8.748764e-01	4.188286e-01	4.310283e-01
4.432739e-01	4.555626e-01	4.678957e-01	4.926374e-01	5.173946e-01	5.421593e-01
5.669661e-01	5.921470e-01	6.181587e-01	6.454501e-01	6.746505e-01	7.069676e-01
7.445350e-01	7.885314e-01	8.357317e-01	8.762594e-01	8.989342e-01	9.042011e-01
9.089207e-01	9.243569e-01	9.536261e-01	9.825205e-01	9.690879e-01	9.523771e-01
9.601518e-01	9.643429e-01	9.638723e-01	9.628208e-01	9.643184e-01	9.629963e-01
4.775720e-01	4.907898e-01	5.040550e-01	5.173722e-01	5.307460e-01	5.576125e-01
5.845572e-01	6.115763e-01	6.387071e-01	6.662776e-01	6.947370e-01	7.245199e-01
7.562290e-01	7.910278e-01	8.309687e-01	8.771241e-01	9.262133e-01	9.684854e-01
9.929934e-01	1.000128e+00	1.006090e+00	1.021367e+00	1.049561e+00	1.077117e+00
1.065336e+00	1.050058e+00	1.057362e+00	1.061200e+00	1.060684e+00	1.059720e+00
1.061213e+00	1.059992e+00	5.445544e-01	5.588372e-01	5.731702e-01	5.875681e-01
6.020387e-01	6.311575e-01	6.604381e-01	6.898814e-01	7.195259e-01	7.496885e-01
7.808019e-01	8.132762e-01	8.476720e-01	8.850830e-01	9.274365e-01	9.756703e-01
1.026491e+00	1.070418e+00	1.096894e+00	1.106233e+00	1.113648e+00	1.128558e+00
1.155146e+00	1.180820e+00	1.171143e+00	1.157758e+00	1.164415e+00	1.167785e+00
1.167219e+00	1.166372e+00	1.167843e+00	1.166757e+00	6.209315e-01	6.363193e-01
6.517625e-01	6.672880e-01	6.829078e-01	7.144024e-01	7.461691e-01	7.782125e-01
8.105710e-01	8.435416e-01	8.775286e-01	9.129053e-01	9.501723e-01	9.903215e-01
1.035103e+00	1.085288e+00	1.137625e+00	1.183080e+00	1.211667e+00	1.223594e+00
1.232705e+00	1.246998e+00	1.271353e+00	1.294509e+00	1.287459e+00	1.276504e+00
1.282306e+00	1.285076e+00	1.284455e+00	1.283758e+00	1.285187e+00	1.284276e+00
7.080210e-01	7.245441e-01	7.411312e-01	7.578240e-01	7.746398e-01	8.086268e-01
8.430287e-01	8.778533e-01	9.131365e-01	9.491440e-01	9.862379e-01	1.024739e+00
1.065067e+00	1.108073e+00	1.155269e+00	1.207222e+00	1.260792e+00	1.307598e+00
1.338449e+00	1.353406e+00	1.364489e+00	1.377869e+00	1.399251e+00	1.419143e+00
1.415327e+00	1.407430e+00	1.412134e+00	1.414147e+00	1.413465e+00	1.412957e+00
1.414322e+00	1.413631e+00	8.073254e-01	8.250012e-01	8.427541e-01	8.606438e-01
8.786936e-01	9.152786e-01	9.524617e-01	9.902520e-01	1.028680e+00	1.067967e+00
1.108414e+00	1.150274e+00	1.193854e+00	1.239826e+00	1.289385e+00	1.342855e+00
1.397293e+00	1.445223e+00	1.478496e+00	1.496990e+00	1.510362e+00	1.522474e+00
1.540015e+00	1.555776e+00	1.555894e+00	1.551783e+00	1.555105e+00	1.556182e+00
1.555434e+00	1.555159e+00	1.556432e+00	1.556016e+00	9.205578e-01	9.393866e-01
9.583113e-01	9.774140e-01	9.967246e-01	1.035997e+00	1.076100e+00	1.117042e+00
1.158844e+00	1.201665e+00	1.245726e+00	1.291186e+00	1.338215e+00	1.387244e+00
1.439071e+00	1.493727e+00	1.548573e+00	1.597332e+00	1.633197e+00	1.655807e+00
1.671830e+00	1.682255e+00	1.694940e+00	1.705565e+00	1.710423e+00	1.710943e+00
1.712552e+00	1.712482e+00	1.711662e+00	1.711672e+00	1.712822e+00	1.712742e+00
1.050445e+00	1.070330e+00	1.090345e+00	1.110602e+00	1.131140e+00	1.173110e+00
1.216251e+00	1.260569e+00	1.306070e+00	1.352820e+00	1.400920e+00	1.450398e+00
1.501220e+00	1.553476e+00	1.607390e+00	1.662609e+00	1.717023e+00	1.766170e+00
1.805202e+00	1.833387e+00	1.853005e+00	1.860875e+00	1.866498e+00	1.869766e+00
1.880962e+00	1.887922e+00	1.887226e+00	1.885561e+00	1.884595e+00	1.884998e+00
1.886016e+00	1.886400e+00	1.198015e+00	1.218945e+00	1.240045e+00	1.261463e+00
1.283244e+00	1.327979e+00	1.374274e+00	1.422123e+00	1.471514e+00	1.522397e+00
1.574733e+00	1.628391e+00	1.683106e+00	1.738577e+00	1.794372e+00	1.849725e+00
1.903156e+00	1.952274e+00	1.994420e+00	2.028464e+00	2.051835e+00	2.056789e+00
2.054578e+00	2.049782e+00	2.067972e+00	2.082004e+00	2.078682e+00	2.075265e+00
2.074186e+00	2.075023e+00	2.075847e+00	2.076744e+00	1.362205e+00	1.384480e+00
1.406942e+00	1.429750e+00	1.452966e+00	1.500744e+00	1.550300e+00	1.601620e+00
1.654658e+00	1.709290e+00	1.765365e+00	1.822644e+00	1.880722e+00	1.939031e+00
1.996739e+00	2.052788e+00	2.105956e+00	2.154870e+00	2.197986e+00	2.234145e+00
2.258726e+00	2.262139e+00	2.256177e+00	2.247721e+00	2.270576e+00	2.288455e+00
2.283006e+00	2.278621e+00	2.277809e+00	2.278908e+00	2.279309e+00	2.280520e+00
1.543351e+00	1.567485e+00	1.591784e+00	1.616382e+00	1.641362e+00	1.692646e+00
1.745635e+00	1.800297e+00	1.856552e+00	1.914260e+00	1.973217e+00	2.033157e+00
2.093662e+00	2.154086e+00	2.213565e+00	2.270950e+00	2.324812e+00	2.373439e+00
2.415028e+00	2.448986e+00	2.472020e+00	2.475606e+00	2.470958e+00	2.464511e+00
2.488532e+00	2.505964e+00	2.499297e+00	2.495006e+00	2.494893e+00	2.496012e+00
2.495741e+00	2.496988e+00	1.738917e+00	1.766154e+00	1.793453e+00	1.820874e+00
1.848521e+00	1.904737e+00	1.962029e+00	2.020294e+00	2.079381e+00	2.139134e+00
2.199352e+00	2.259788e+00	2.320137e+00	2.380009e+00	2.439124e+00	2.496799e+00
2.551378e+00	2.600252e+00	2.640758e+00	2.672714e+00	2.694860e+00	2.700030e+00
2.699457e+00	2.697274e+00	2.717309e+00	2.730225e+00	2.725109e+00	2.722182e+00
2.722647e+00	2.723446e+00	2.722632e+00	2.723568e+00	1.951806e+00	1.983299e+00
2.014679e+00	2.045878e+00	2.077019e+00	2.139441e+00	2.201746e+00	2.263717e+00
2.325117e+00	2.385826e+00	2.445750e+00	2.504740e+00	2.562741e+00	2.619883e+00
2.676936e+00	2.734047e+00	2.789254e+00	2.838544e+00	2.877881e+00	2.907454e+00
2.928860e+00	2.936769e+00	2.942811e+00	2.947234e+00	2.959188e+00	2.964295e+00
2.962682e+00	2.962129e+00	2.963184e+00	2.963402e+00	2.962052e+00	2.962406e+00
2.182928e+00	2.219395e+00	2.255481e+00	2.290913e+00	2.325834e+00	2.394592e+00
2.461448e+00	2.526154e+00	2.588584e+00	2.648969e+00	2.707745e+00	2.764926e+00
2.820585e+00	2.875053e+00	2.929514e+00	2.984465e+00	3.037911e+00	3.085544e+00
3.123137e+00	3.151143e+00	3.172323e+00	3.181879e+00	3.192291e+00	3.201384e+00
3.208888e+00	3.209242e+00	3.209043e+00	3.209981e+00	3.212105e+00	3.212069e+00
3.209580e+00	3.209607e+00	2.430652e+00	2.472946e+00	2.514467e+00	2.554617e+00
2.593566e+00	2.668528e+00	2.738999e+00	2.804862e+00	2.866446e+00	2.924827e+00
2.981611e+00	3.037027e+00	3.091037e+00	3.143590e+00	3.195170e+00	3.245811e+00
3.294014e+00	3.337040e+00	3.372297e+00	3.400278e+00	3.422142e+00	3.431490e+00
3.442463e+00	3.452958e+00	3.461984e+00	3.462809e+00	3.460565e+00	3.461489e+00
3.465367e+00	3.465614e+00	3.461112e+00	3.461242e+00	2.695918e+00	2.744262e+00
2.791388e+00	2.836347e+00	2.879328e+00	2.960311e+00	3.033901e+00	3.100117e+00
3.159762e+00	3.214782e+00	3.267982e+00	3.319842e+00	3.370269e+00	3.419004e+00
3.466138e+00	3.511482e+00	3.553974e+00	3.592038e+00	3.624252e+00	3.651079e+00
3.673058e+00	3.682693e+00	3.694470e+00	3.706152e+00	3.716540e+00	3.717555e+00
3.713585e+00	3.714601e+00	3.720002e+00	3.720432e+00	3.714147e+00	3.714309e+00
2.977794e+00	3.032191e+00	3.084877e+00	3.134527e+00	3.181346e+00	3.267793e+00
3.343684e+00	3.409184e+00	3.465569e+00	3.515676e+00	3.563508e+00	3.609844e+00
3.654613e+00	3.697542e+00	3.738641e+00	3.777748e+00	3.814135e+00	3.846919e+00
3.875354e+00	3.899911e+00	3.921401e+00	3.931712e+00	3.944504e+00	3.957174e+00
3.968441e+00	3.969272e+00	3.964132e+00	3.965345e+00	3.971874e+00	3.972380e+00
3.964759e+00	3.964900e+00	3.275545e+00	3.335677e+00	3.393562e+00	3.447444e+00
3.497581e+00	3.588242e+00	3.664961e+00	3.728103e+00	3.779439e+00	3.822812e+00
3.863456e+00	3.902498e+00	3.939924e+00	3.975510e+00	4.009252e+00	4.041100e+00
4.070608e+00	4.097425e+00	4.121342e+00	4.143050e+00	4.163653e+00	4.174397e+00
4.187795e+00	4.200970e+00	4.212668e+00	4.213426e+00	4.207666e+00	4.208967e+00
4.216064e+00	4.216614e+00	4.208357e+00	4.208519e+00	3.589472e+00	3.654504e+00
3.716729e+00	3.773957e+00	3.826504e+00	3.919533e+00	3.995221e+00	4.054159e+00
4.098675e+00	4.133549e+00	4.165234e+00	4.195192e+00	4.223519e+00	4.250174e+00
4.275276e+00	4.299019e+00	4.321135e+00	4.341531e+00	4.360324e+00	4.378542e+00
4.397788e+00	4.408661e+00	4.422035e+00	4.434886e+00	4.446475e+00	4.447262e+00
4.441692e+00	4.442959e+00	4.449854e+00	4.450376e+00	4.442364e+00	4.442545e+00
3.919458e+00	3.988243e+00	4.053644e+00	4.113035e+00	4.166801e+00	4.259871e+00
4.332310e+00	4.384973e+00	4.420738e+00	4.445297e+00	4.466230e+00	4.485341e+00
4.502877e+00	4.519088e+00	4.534366e+00	4.549220e+00	4.563491e+00	4.577042e+00
4.590057e+00	4.604075e+00	4.621363e+00	4.631948e+00	4.644484e+00	4.656019e+00
4.666828e+00	4.667774e+00	4.663267e+00	4.664352e+00	4.670179e+00	4.670606e+00
4.663862e+00	4.664034e+00	4.260577e+00	4.331250e+00	4.397982e+00	4.457734e+00
4.510966e+00	4.600839e+00	4.667172e+00	4.711113e+00	4.736034e+00	4.748464e+00
4.756915e+00	4.763535e+00	4.768765e+00	4.773235e+00	4.777755e+00	4.783186e+00
4.789386e+00	4.795816e+00	4.802426e+00	4.811467e+00	4.826027e+00	4.835757e+00
4.846428e+00	4.855448e+00	4.864648e+00	4.865888e+00	4.863438e+00	4.864168e+00
4.867929e+00	4.868189e+00	4.863908e+00	4.864028e+00	4.611476e+00	4.681937e+00
4.747924e+00	4.806002e+00	4.856743e+00	4.939790e+00	4.996816e+00	5.029329e+00
5.041187e+00	5.039646e+00	5.034014e+00	5.026710e+00	5.018468e+00	5.010263e+00
5.003358e+00	4.998967e+00	4.996842e+00	4.995779e+00	4.995290e+00	4.998491e+00
5.009372e+00	5.017619e+00	5.025398e+00	5.030754e+00	5.037517e+00	5.039128e+00
5.039585e+00	5.039821e+00	5.040637e+00	5.040676e+00	5.039942e+00	5.039973e+00
4.976422e+00	5.044883e+00	5.108356e+00	5.163014e+00	5.209568e+00	5.282609e+00
5.327471e+00	5.346070e+00	5.342761e+00	5.325486e+00	5.304275e+00	5.281800e+00
5.259106e+00	5.237469e+00	5.218575e+00	5.203922e+00	5.193076e+00	5.184035e+00
5.175777e+00	5.172371e+00	5.178753e+00	5.185011e+00	5.189165e+00	5.190088e+00
5.193824e+00	5.195813e+00	5.199648e+00	5.199303e+00	5.196662e+00	5.196444e+00
5.199875e+00	5.199788e+00	5.350922e+00	5.415079e+00	5.473747e+00	5.522727e+00
5.562891e+00	5.621789e+00	5.650810e+00	5.652333e+00	5.631292e+00	5.596298e+00
5.558030e+00	5.519442e+00	5.481787e+00	5.446489e+00	5.415484e+00	5.390283e+00
5.370204e+00	5.352424e+00	5.335363e+00	5.324114e+00	5.324592e+00	5.327997e+00
5.327400e+00	5.322766e+00	5.322533e+00	5.324841e+00	5.332631e+00	5.331579e+00
5.324813e+00	5.324275e+00	5.332660e+00	5.332399e+00	5.729241e+00	5.786390e+00
5.837614e+00	5.878376e+00	5.909742e+00	5.950132e+00	5.959630e+00	5.941106e+00
5.900095e+00	5.845819e+00	5.789485e+00	5.734321e+00	5.681658e+00	5.632893e+00
5.590014e+00	5.554288e+00	5.524743e+00	5.497772e+00	5.471266e+00	5.451353e+00
5.444894e+00	5.444822e+00	5.438815e+00	5.428108e+00	5.423427e+00	5.425948e+00
5.437732e+00	5.435942e+00	5.424931e+00	5.424057e+00	5.437527e+00	5.437072e+00
6.102740e+00	6.152378e+00	6.195660e+00	6.227535e+00	6.249247e+00	6.268915e+00
6.255748e+00	6.213186e+00	6.147837e+00	6.070393e+00	5.993371e+00	5.920422e+00
5.852688e+00	5.791184e+00	5.737416e+00	5.691926e+00	5.653394e+00	5.617180e+00
5.580309e+00	5.550512e+00	5.536524e+00	5.531858e+00	5.516551e+00	5.495818e+00
5.488874e+00	5.491037e+00	5.506242e+00	5.503707e+00	5.488549e+00	5.487354e+00
5.505690e+00	5.505069e+00	6.480710e+00	6.520970e+00	6.554481e+00	6.575671e+00
6.585984e+00	6.581666e+00	6.542866e+00	6.473660e+00	6.381832e+00	6.279680e+00
6.181072e+00	6.090030e+00	6.007350e+00	5.933463e+00	5.869164e+00	5.814083e+00
5.766572e+00	5.721041e+00	5.673703e+00	5.633931e+00	5.612417e+00	5.603140e+00
5.578452e+00	5.547813e+00	5.539343e+00	5.541075e+00	5.559203e+00	5.556006e+00
5.537196e+00	5.535719e+00	5.558321e+00	5.557557e+00	6.902472e+00	6.916153e+00
6.923248e+00	6.919149e+00	6.905700e+00	6.859198e+00	6.786471e+00	6.691824e+00
6.581670e+00	6.465300e+00	6.353129e+00	6.248606e+00	6.152481e+00	6.064796e+00
5.985981e+00	5.915178e+00	5.851008e+00	5.789719e+00	5.728969e+00	5.675753e+00
5.636636e+00	5.621173e+00	5.601041e+00	5.577905e+00	5.551620e+00	5.552062e+00
5.571209e+00	5.568065e+00	5.548393e+00	5.546873e+00	5.570633e+00	5.569713e+00
7.389911e+00	7.346888e+00	7.301222e+00	7.251121e+00	7.198251e+00	7.090135e+00
6.977221e+00	6.860363e+00	6.741352e+00	6.622786e+00	6.507041e+00	6.395458e+00
6.288678e+00	6.186535e+00	6.089937e+00	5.998813e+00	5.913695e+00	5.835209e+00
5.760954e+00	5.695141e+00	5.640587e+00	5.620804e+00	5.607007e+00	5.595443e+00
5.548700e+00	5.534952e+00	5.557047e+00	5.556562e+00	5.538017e+00	5.536837e+00
5.561082e+00	5.558728e+00	7.801009e+00	7.726321e+00	7.650145e+00	7.571793e+00
7.493088e+00	7.340314e+00	7.191990e+00	7.048049e+00	6.908149e+00	6.771655e+00
6.637863e+00	6.507567e+00	6.381797e+00	6.260674e+00	6.145861e+00	6.036776e+00
5.934192e+00	5.841249e+00	5.763215e+00	5.693812e+00	5.634785e+00	5.612410e+00
5.597414e+00	5.584901e+00	5.529064e+00	5.502296e+00	5.526098e+00	5.528318e+00
5.511966e+00	5.510910e+00	5.533453e+00	5.529979e+00	8.157074e+00	8.065737e+00
7.973159e+00	7.878533e+00	7.783729e+00	7.599434e+00	7.419801e+00	7.244636e+00
7.074022e+00	6.908134e+00	6.747257e+00	6.592268e+00	6.444237e+00	6.302992e+00
6.169742e+00	6.047464e+00	5.937382e+00	5.839198e+00	5.752269e+00	5.675464e+00
5.607256e+00	5.579142e+00	5.556540e+00	5.536128e+00	5.470174e+00	5.443126e+00
5.464471e+00	5.468223e+00	5.456180e+00	5.454583e+00	5.469704e+00	5.466955e+00
8.501836e+00	8.395795e+00	8.287272e+00	8.175262e+00	8.062290e+00	7.841276e+00
7.625381e+00	7.416003e+00	7.213563e+00	7.018223e+00	6.830694e+00	6.652021e+00
6.482735e+00	6.323385e+00	6.175377e+00	6.038297e+00	5.914020e+00	5.804596e+00
5.710453e+00	5.626750e+00	5.550434e+00	5.517609e+00	5.489636e+00	5.464297e+00
5.392981e+00	5.363383e+00	5.378379e+00	5.384136e+00	5.379236e+00	5.377303e+00
5.382018e+00	5.380285e+00	8.750551e+00	8.681009e+00	8.598768e+00	8.494154e+00
8.372674e+00	8.106174e+00	7.826374e+00	7.559360e+00	7.309851e+00	7.078351e+00
6.866062e+00	6.671954e+00	6.488690e+00	6.320660e+00	6.166452e+00	6.021669e+00
5.888102e+00	5.767551e+00	5.659383e+00	5.556684e+00	5.455874e+00	5.410334e+00
5.370735e+00	5.341458e+00	5.291664e+00	5.272479e+00	5.265124e+00	5.268233e+00
5.273858e+00	5.273529e+00	5.265356e+00	5.265154e+00	9.022589e+00	8.970472e+00
8.896656e+00	8.786298e+00	8.647933e+00	8.330067e+00	7.991205e+00	7.674859e+00
7.386982e+00	7.126149e+00	6.888526e+00	6.675728e+00	6.486353e+00	6.309215e+00
6.142536e+00	5.986938e+00	5.841878e+00	5.707642e+00	5.582748e+00	5.459934e+00
5.336752e+00	5.280098e+00	5.230754e+00	5.198613e+00	5.165695e+00	5.153126e+00
5.127476e+00	5.129144e+00	5.143239e+00	5.143805e+00	5.125075e+00	5.126083e+00
9.353197e+00	9.270908e+00	9.167637e+00	9.028361e+00	8.861982e+00	8.492761e+00
8.110528e+00	7.759849e+00	7.444414e+00	7.159722e+00	6.901283e+00	6.666987e+00
6.452573e+00	6.254160e+00	6.069680e+00	5.898531e+00	5.739723e+00	5.591626e+00
5.452171e+00	5.317325e+00	5.185511e+00	5.124014e+00	5.070248e+00	5.035954e+00
4.999320e+00	4.979598e+00	4.952905e+00	4.956965e+00	4.973267e+00	4.972557e+00
4.950204e+00	4.951485e+00	9.710497e+00	9.559484e+00	9.394774e+00	9.208844e+00
9.009080e+00	8.599201e+00	8.197277e+00	7.824547e+00	7.475826e+00	7.157765e+00
6.885216e+00	6.630955e+00	6.391315e+00	6.170955e+00	5.966885e+00	5.778223e+00
5.604509e+00	5.443836e+00	5.293822e+00	5.148112e+00	5.002179e+00	4.932503e+00
4.871768e+00	4.833236e+00	4.791845e+00	4.771740e+00	4.745363e+00	4.748745e+00
4.763711e+00	4.763146e+00	4.742659e+00	4.743715e+00	1.007002e+01	9.836536e+00
9.602053e+00	9.366621e+00	9.133547e+00	8.685454e+00	8.265011e+00	7.871631e+00
7.496695e+00	7.152226e+00	6.846658e+00	6.563521e+00	6.301687e+00	6.060415e+00
5.837109e+00	5.630805e+00	5.442291e+00	5.270276e+00	5.112154e+00	4.957011e+00
4.796134e+00	4.717706e+00	4.649271e+00	4.605081e+00	4.556681e+00	4.538904e+00
4.515983e+00	4.517296e+00	4.527636e+00	4.527709e+00	4.513552e+00	4.514042e+00
1.036211e+01	1.007694e+01	9.795755e+00	9.522465e+00	9.259142e+00	8.764778e+00
8.302691e+00	7.874850e+00	7.487651e+00	7.126850e+00	6.786903e+00	6.476631e+00
6.192832e+00	5.932349e+00	5.691596e+00	5.468790e+00	5.265162e+00	5.079634e+00
4.909540e+00	4.742914e+00	4.569961e+00	4.484977e+00	4.408834e+00	4.356883e+00
4.300507e+00	4.284583e+00	4.269016e+00	4.268371e+00	4.270933e+00	4.270974e+00
4.266487e+00	4.266445e+00	1.059928e+01	1.028234e+01	9.970484e+00	9.668137e+00
9.377071e+00	8.830879e+00	8.323361e+00	7.855438e+00	7.428060e+00	7.034829e+00
6.674995e+00	6.346996e+00	6.047522e+00	5.772830e+00	5.518214e+00	5.280869e+00
5.062040e+00	4.860882e+00	4.674909e+00	4.494650e+00	4.312541e+00	4.223298e+00
4.139493e+00	4.077588e+00	4.011958e+00	3.997783e+00	3.993727e+00	3.991049e+00
3.982396e+00	3.981835e+00	3.990775e+00	3.990199e+00	1.082146e+01	1.046741e+01
1.012037e+01	9.786180e+00	9.466073e+00	8.862248e+00	8.315702e+00	7.816565e+00
7.353039e+00	6.931384e+00	6.549074e+00	6.202494e+00	5.887386e+00	5.599059e+00
5.331537e+00	5.080939e+00	4.848199e+00	4.632822e+00	4.432034e+00	4.237610e+00
4.043507e+00	3.949074e+00	3.860137e+00	3.793783e+00	3.722722e+00	3.708020e+00
3.706892e+00	3.703597e+00	3.691646e+00	3.690944e+00	3.703690e+00	3.702996e+00
1.103121e+01	1.063842e+01	1.025516e+01	9.888948e+00	9.540424e+00	8.883689e+00
8.287833e+00	7.748847e+00	7.256050e+00	6.809638e+00	6.406781e+00	6.043376e+00
5.714301e+00	5.413883e+00	5.134903e+00	4.872463e+00	4.627002e+00	4.398518e+00
4.183829e+00	3.975565e+00	3.769111e+00	3.669718e+00	3.577613e+00	3.510102e+00
3.436264e+00	3.419779e+00	3.416336e+00	3.413356e+00	3.402979e+00	3.402379e+00
3.412985e+00	3.412445e+00	1.122946e+01	1.079320e+01	1.036939e+01	9.967926e+00
9.587897e+00	8.886282e+00	8.250816e+00	7.674062e+00	7.155220e+00	6.688090e+00
6.267896e+00	5.889595e+00	5.547341e+00	5.234672e+00	4.943416e+00	4.668012e+00
4.408774e+00	4.166437e+00	3.938559e+00	3.719097e+00	3.505181e+00	3.403245e+00
3.308393e+00	3.238562e+00	3.163600e+00	3.145735e+00	3.137801e+00	3.135360e+00
3.128513e+00	3.128110e+00	3.134360e+00	3.134008e+00	1.141329e+01	1.092894e+01
1.046153e+01	1.002426e+01	9.614650e+00	8.861614e+00	8.188432e+00	7.585306e+00
7.047277e+00	6.565594e+00	6.132316e+00	5.741412e+00	5.386693e+00	5.061196e+00
4.756117e+00	4.465645e+00	4.190466e+00	3.932458e+00	3.691572e+00	3.463774e+00
3.248323e+00	3.146749e+00	3.049475e+00	2.975679e+00	2.901559e+00	2.882691e+00
2.867154e+00	2.865583e+00	2.865011e+00	2.864935e+00	2.863692e+00	2.863576e+00
1.158342e+01	1.105533e+01	1.054858e+01	1.007923e+01	9.642894e+00	8.843107e+00
8.134525e+00	7.505209e+00	6.947035e+00	6.449324e+00	6.001830e+00	5.597656e+00
5.230420e+00	4.892918e+00	4.576124e+00	4.274164e+00	3.987764e+00	3.719017e+00
3.468935e+00	3.233751e+00	3.013017e+00	2.909249e+00	2.809376e+00	2.733307e+00
2.658545e+00	2.639023e+00	2.620185e+00	2.618967e+00	2.621036e+00	2.621123e+00
2.616605e+00	2.616839e+00	1.173871e+01	1.117167e+01	1.063012e+01	1.013276e+01
9.672989e+00	8.832417e+00	8.091476e+00	7.437319e+00	6.859183e+00	6.344846e+00
5.882535e+00	5.464707e+00	5.084936e+00	4.736026e+00	4.409112e+00	4.098372e+00
3.804224e+00	3.528233e+00	3.271435e+00	3.029735e+00	2.801851e+00	2.694373e+00
2.591368e+00	2.513336e+00	2.436644e+00	2.416881e+00	2.398368e+00	2.397046e+00
2.398602e+00	2.398669e+00	2.394632e+00	2.395188e+00	1.187843e+01	1.127697e+01
1.070492e+01	1.018380e+01	9.704405e+00	8.828396e+00	8.061882e+00	7.386923e+00
6.791794e+00	6.262721e+00	5.786789e+00	5.356077e+00	4.964220e+00	4.604213e+00
4.267618e+00	3.948768e+00	3.647685e+00	3.365225e+00	3.102012e+00	2.854589e+00
2.620841e+00	2.509984e+00	2.402945e+00	2.321214e+00	2.241845e+00	2.222182e+00
2.205659e+00	2.203973e+00	2.203401e+00	2.203295e+00	2.201811e+00	2.202416e+00
1.200426e+01	1.137304e+01	1.077511e+01	1.023478e+01	9.740145e+00	8.837290e+00
8.049939e+00	7.355684e+00	6.744359e+00	6.201654e+00	5.714667e+00	5.272908e+00
4.870326e+00	4.500313e+00	4.154956e+00	3.828857e+00	3.521599e+00	3.233358e+00
2.964017e+00	2.710911e+00	2.470919e+00	2.356386e+00	2.245168e+00	2.159707e+00
2.077196e+00	2.057334e+00	2.042310e+00	2.040292e+00	2.037904e+00	2.037653e+00
2.038303e+00	2.038700e+00	1.211925e+01	1.146312e+01	1.084387e+01	1.028819e+01
9.781614e+00	8.855435e+00	8.050106e+00	7.349227e+00	6.732290e+00	6.182026e+00
5.682813e+00	5.229421e+00	4.815711e+00	4.435235e+00	4.080462e+00	3.746202e+00
3.431662e+00	3.137294e+00	2.861404e+00	2.601152e+00	2.353029e+00	2.233832e+00
2.117944e+00	2.028702e+00	1.942230e+00	1.921503e+00	1.906378e+00	1.904183e+00
1.901134e+00	1.900834e+00	1.902246e+00	1.902131e+00	1.222103e+01	1.154599e+01
1.091118e+01	1.034521e+01	9.831551e+00	8.892461e+00	8.076842e+00	7.365360e+00
6.738894e+00	6.180131e+00	5.674233e+00	5.213544e+00	4.792290e+00	4.404308e+00
4.042414e+00	3.701632e+00	3.380984e+00	3.079689e+00	2.796295e+00	2.527080e+00
2.268412e+00	2.143161e+00	2.021362e+00	1.927481e+00	1.835741e+00	1.813417e+00
1.796616e+00	1.794365e+00	1.791683e+00	1.791413e+00	1.792343e+00	1.791583e+00
1.230910e+01	1.162089e+01	1.097565e+01	1.040372e+01	9.886346e+00	8.939247e+00
8.117747e+00	7.400229e+00	6.767272e+00	6.202406e+00	5.693650e+00	5.230048e+00
4.805808e+00	4.414726e+00	4.049556e+00	3.705341e+00	3.381353e+00	3.069312e+00
2.773710e+00	2.489616e+00	2.212380e+00	2.078660e+00	1.949915e+00	1.849267e+00
1.750141e+00	1.725460e+00	1.706066e+00	1.703735e+00	1.701625e+00	1.701380e+00
1.701463e+00	1.700512e+00	1.238797e+01	1.169005e+01	1.103764e+01	1.046270e+01
9.944289e+00	8.994464e+00	8.172387e+00	7.453306e+00	6.818663e+00	6.251252e+00
5.737071e+00	5.267832e+00	4.837619e+00	4.440050e+00	4.067627e+00	3.715277e+00
3.382441e+00	3.063635e+00	2.760200e+00	2.465438e+00	2.173783e+00	2.031655e+00
1.893621e+00	1.784286e+00	1.676550e+00	1.649335e+00	1.627260e+00	1.624794e+00
1.623108e+00	1.622874e+00	1.622209e+00	1.621368e+00	1.245316e+01	1.175044e+01
1.109508e+01	1.052034e+01	1.000327e+01	9.054029e+00	8.232784e+00	7.512560e+00
6.875983e+00	6.306178e+00	5.789005e+00	5.316657e+00	4.882821e+00	4.480612e+00
4.101869e+00	3.741061e+00	3.397460e+00	3.074470e+00	2.767434e+00	2.467920e+00
2.169759e+00	2.016489e+00	1.857257e+00	1.732684e+00	1.613218e+00	1.583238e+00
1.558645e+00	1.555818e+00	1.553816e+00	1.553536e+00	1.552847e+00	1.552781e+00
1.250557e+01	1.180170e+01	1.114703e+01	1.057583e+01	1.006322e+01	9.120294e+00
8.303953e+00	7.585534e+00	6.949363e+00	6.379840e+00	5.863828e+00	5.393254e+00
4.961196e+00	4.559906e+00	4.180046e+00	3.815524e+00	3.466277e+00	3.133317e+00
2.814117e+00	2.498664e+00	2.177609e+00	2.011154e+00	1.834912e+00	1.693479e+00
1.559664e+00	1.526737e+00	1.499961e+00	1.496628e+00	1.493700e+00	1.493325e+00
1.493197e+00	1.494347e+00	1.255067e+01	1.184693e+01	1.119108e+01	1.062420e+01
1.011801e+01	9.186227e+00	8.378647e+00	7.666315e+00	7.034314e+00	6.467607e+00
5.953461e+00	5.483975e+00	5.052319e+00	4.650755e+00	4.269818e+00	3.903020e+00
3.549554e+00	3.209074e+00	2.878368e+00	2.546573e+00	2.200749e+00	2.020931e+00
1.835825e+00	1.669448e+00	1.512409e+00	1.476991e+00	1.449697e+00	1.445714e+00
1.440900e+00	1.440375e+00	1.441657e+00	1.444190e+00	1.258977e+01	1.188679e+01
1.123018e+01	1.066856e+01	1.017028e+01	9.253425e+00	8.457869e+00	7.755212e+00
7.130696e+00	6.569366e+00	6.058444e+00	5.590473e+00	5.159227e+00	4.757659e+00
4.377035e+00	4.010789e+00	3.656499e+00	3.311064e+00	2.969213e+00	2.620401e+00
2.250697e+00	2.053151e+00	1.842480e+00	1.651491e+00	1.470040e+00	1.432078e+00
1.405084e+00	1.400462e+00	1.393364e+00	1.392648e+00	1.395714e+00	1.399631e+00
1.259753e+01	1.189895e+01	1.125989e+01	1.071163e+01	1.022572e+01	9.328190e+00
8.545084e+00	7.850493e+00	7.231035e+00	6.673255e+00	6.165632e+00	5.700940e+00
5.272823e+00	4.874077e+00	4.495745e+00	4.130780e+00	3.775697e+00	3.425538e+00
3.073121e+00	2.706649e+00	2.309919e+00	2.092712e+00	1.854072e+00	1.647785e+00
1.435541e+00	1.390547e+00	1.365217e+00	1.360756e+00	1.350932e+00	1.349766e+00
1.355109e+00	1.359751e+00	1.257519e+01	1.190038e+01	1.128169e+01	1.075402e+01
1.028675e+01	9.415828e+00	8.645476e+00	7.955614e+00	7.336687e+00	6.779154e+00
6.274674e+00	5.815914e+00	5.395406e+00	5.004489e+00	4.632152e+00	4.269855e+00
3.914083e+00	3.559960e+00	3.199070e+00	2.815378e+00	2.388117e+00	2.149915e+00
1.887371e+00	1.656009e+00	1.408289e+00	1.352271e+00	1.330171e+00	1.326674e+00
1.313693e+00	1.311815e+00	1.319954e+00	1.324703e+00	1.256388e+01	1.190046e+01
1.129517e+01	1.078300e+01	1.033211e+01	9.486996e+00	8.733767e+00	8.055639e+00
7.444767e+00	6.893505e+00	6.395232e+00	5.942903e+00	5.528805e+00	5.143781e+00
4.776055e+00	4.416408e+00	4.061041e+00	3.704511e+00	3.336806e+00	2.937712e+00
2.481059e+00	2.221054e+00	1.930933e+00	1.670710e+00	1.387404e+00	1.320444e+00
1.299325e+00	1.296438e+00	1.280837e+00	1.278363e+00	1.288514e+00	1.292960e+00
1.255607e+01	1.189940e+01	1.130026e+01	1.080267e+01	1.036679e+01	9.546300e+00
8.812806e+00	8.151248e+00	7.554260e+00	7.014409e+00	6.525191e+00	6.079928e+00
5.671381e+00	5.290815e+00	4.926837e+00	4.570228e+00	4.216664e+00	3.859617e+00
3.487142e+00	3.075013e+00	2.591023e+00	2.309053e+00	1.988219e+00	1.696791e+00
1.373094e+00	1.294545e+00	1.272283e+00	1.269752e+00	1.252036e+00	1.249038e+00
1.260524e+00	1.264207e+00	1.253587e+01	1.188663e+01	1.129999e+01	1.081671e+01
1.039768e+01	9.602913e+00	8.890278e+00	8.245771e+00	7.662855e+00	7.134592e+00
6.654968e+00	6.217716e+00	5.815956e+00	5.441308e+00	5.082641e+00	4.730695e+00
4.380611e+00	4.024945e+00	3.649655e+00	3.226179e+00	2.715670e+00	2.411572e+00
2.059405e+00	1.734600e+00	1.366395e+00	1.274157e+00	1.248509e+00	1.246264e+00
1.226853e+00	1.223314e+00	1.235654e+00	1.238037e+00	1.249923e+01	1.186063e+01
1.128869e+01	1.082280e+01	1.042093e+01	9.653706e+00	8.963870e+00	8.338025e+00
7.770383e+00	7.254578e+00	6.785209e+00	6.356503e+00	5.962073e+00	5.594032e+00
5.241730e+00	4.896005e+00	4.551426e+00	4.199346e+00	3.823271e+00	3.389258e+00
2.852023e+00	2.526198e+00	2.144365e+00	1.787155e+00	1.368393e+00	1.257224e+00
1.226813e+00	1.225355e+00	1.204612e+00	1.200328e+00	1.213613e+00	1.214088e+00
1.249201e+01	1.185614e+01	1.128863e+01	1.083672e+01	1.045047e+01	9.704488e+00
9.032725e+00	8.422837e+00	7.869560e+00	7.366797e+00	6.909377e+00	6.491675e+00
6.107381e+00	5.748597e+00	5.404494e+00	5.065707e+00	4.726739e+00	4.378725e+00
4.004671e+00	3.568905e+00	3.016258e+00	2.668062e+00	2.243194e+00	1.836859e+00
1.372239e+00	1.253327e+00	1.210888e+00	1.206774e+00	1.185046e+00	1.181221e+00
1.192208e+00	1.192784e+00	1.251747e+01	1.187887e+01	1.131278e+01	1.086684e+01
1.048881e+01	9.755116e+00	9.096011e+00	8.498967e+00	7.958771e+00	7.469322e+00
7.025357e+00	6.621115e+00	6.249955e+00	5.903372e+00	5.569493e+00	5.238285e+00
4.904767e+00	4.561125e+00	4.192455e+00	3.767096e+00	3.218248e+00	2.848737e+00
2.360578e+00	1.882133e+00	1.380679e+00	1.259890e+00	1.200101e+00	1.190748e+00
1.168340e+00	1.165960e+00	1.171701e+00	1.174392e+00	1.249400e+01	1.186187e+01
1.130345e+01	1.086787e+01	1.050692e+01	9.797116e+00	9.157599e+00	8.577615e+00
8.052538e+00	7.576705e+00	7.145154e+00	6.752398e+00	6.392051e+00	6.055760e+00
5.731743e+00	5.409912e+00	5.085161e+00	4.749385e+00	4.386951e+00	3.964138e+00
3.405652e+00	3.018628e+00	2.493536e+00	1.965848e+00	1.404759e+00	1.267048e+00
1.188207e+00	1.176808e+00	1.153774e+00	1.151392e+00	1.155539e+00	1.157705e+00
1.244878e+01	1.182929e+01	1.128582e+01	1.086847e+01	1.052085e+01	9.835738e+00
9.217581e+00	8.656012e+00	8.146777e+00	7.684728e+00	7.265339e+00	6.883563e+00
6.533493e+00	6.207207e+00	5.893418e+00	5.582230e+00	5.268248e+00	4.942629e+00
4.587937e+00	4.166015e+00	3.594558e+00	3.192093e+00	2.641231e+00	2.079193e+00
1.444519e+00	1.276347e+00	1.177140e+00	1.164336e+00	1.140686e+00	1.137886e+00
1.141410e+00	1.142433e+00	1.241513e+01	1.180565e+01	1.127381e+01	1.087018e+01
1.053673e+01	9.873952e+00	9.275160e+00	8.730605e+00	8.236378e+00	7.787770e+00
7.380620e+00	7.010249e+00	6.671112e+00	6.355655e+00	6.052949e+00	5.753275e+00
5.451073e+00	5.137001e+00	4.792286e+00	4.375188e+00	3.796437e+00	3.381165e+00
2.804817e+00	2.203965e+00	1.490464e+00	1.291257e+00	1.169546e+00	1.154034e+00
1.129425e+00	1.126327e+00	1.129233e+00	1.129262e+00	1.238633e+01	1.178587e+01
1.126430e+01	1.087296e+01	1.055227e+01	9.910411e+00	9.329648e+00	8.801079e+00
8.321115e+00	7.885459e+00	7.490298e+00	7.131305e+00	6.803271e+00	6.499040e+00
6.208061e+00	5.920858e+00	5.631782e+00	5.331086e+00	4.998816e+00	4.589794e+00
4.008363e+00	3.583842e+00	2.986803e+00	2.349042e+00	1.551095e+00	1.318389e+00
1.164369e+00	1.145503e+00	1.120003e+00	1.116652e+00	1.118678e+00	1.118056e+00
1.233889e+01	1.175074e+01	1.124253e+01	1.086758e+01	1.055847e+01	9.941159e+00
9.380408e+00	8.868728e+00	8.403054e+00	7.979675e+00	7.595298e+00	7.246165e+00
6.927733e+00	6.633690e+00	6.354579e+00	6.081620e+00	5.808896e+00	5.525694e+00
5.209377e+00	4.807638e+00	4.217359e+00	3.782338e+00	3.170629e+00	2.505735e+00
1.628710e+00	1.358487e+00	1.160968e+00	1.135374e+00	1.112954e+00	1.109391e+00
1.105918e+00	1.108140e+00	1.228103e+01	1.170661e+01	1.121256e+01	1.085439e+01
1.056224e+01	9.968758e+00	9.428390e+00	8.933743e+00	8.482217e+00	8.070722e+00
7.696547e+00	7.356598e+00	7.047143e+00	6.762926e+00	6.495939e+00	6.238377e+00
5.984079e+00	5.721197e+00	5.423662e+00	5.029822e+00	4.428342e+00	3.982834e+00
3.361090e+00	2.676225e+00	1.724002e+00	1.413852e+00	1.158357e+00	1.125242e+00
1.107057e+00	1.103306e+00	1.092376e+00	1.099151e+00	1.225431e+01	1.168771e+01
1.120324e+01	1.085066e+01	1.056863e+01	9.994686e+00	9.470040e+00	8.989331e+00
8.550333e+00	8.150331e+00	7.786924e+00	7.457387e+00	7.158431e+00	6.885413e+00
6.631128e+00	6.388403e+00	6.151194e+00	5.907344e+00	5.629302e+00	5.250306e+00
4.651669e+00	4.201676e+00	3.570003e+00	2.860001e+00	1.824612e+00	1.472788e+00
1.158808e+00	1.122594e+00	1.100434e+00	1.096477e+00	1.082875e+00	1.091414e+00
1.224543e+01	1.168232e+01	1.120288e+01	1.085696e+01	1.058173e+01	1.001858e+01
9.504607e+00	9.034529e+00	8.606153e+00	8.216932e+00	7.864585e+00	7.546530e+00
7.259566e+00	6.999142e+00	6.758007e+00	6.529087e+00	6.306840e+00	6.079776e+00
5.821267e+00	5.465341e+00	4.889647e+00	4.444895e+00	3.802996e+00	3.058869e+00
1.930225e+00	1.535955e+00	1.171272e+00	1.123805e+00	1.092617e+00	1.088436e+00
1.076856e+00	1.084956e+00	1.224315e+01	1.168253e+01	1.120476e+01	1.086520e+01
1.059562e+01	1.004157e+01	9.536787e+00	9.076180e+00	8.657653e+00	8.278711e+00
7.937094e+00	7.630282e+00	7.355118e+00	7.107013e+00	6.878557e+00	6.662807e+00
6.455084e+00	6.245281e+00	6.008306e+00	5.678793e+00	5.130360e+00	4.693556e+00
4.044752e+00	3.269608e+00	2.049045e+00	1.609770e+00	1.188035e+00	1.127155e+00
1.085057e+00	1.080434e+00	1.071843e+00	1.079533e+00	1.224142e+01	1.168472e+01
1.121245e+01	1.087749e+01	1.061280e+01	1.006742e+01	9.570660e+00	9.117838e+00
8.707077e+00	8.336154e+00	8.003155e+00	7.705841e+00	7.441318e+00	7.205250e+00
6.990473e+00	6.790025e+00	6.598801e+00	6.405699e+00	6.185810e+00	5.878611e+00
5.362204e+00	4.942959e+00	4.304086e+00	3.509918e+00	2.185411e+00	1.690202e+00
1.204324e+00	1.132858e+00	1.081516e+00	1.076344e+00	1.069795e+00	1.074977e+00
1.223205e+01	1.168560e+01	1.122160e+01	1.089433e+01	1.063602e+01	1.010045e+01
9.610458e+00	9.162663e+00	8.755882e+00	8.388874e+00	8.060751e+00	7.769864e+00
7.513890e+00	7.289414e+00	7.090592e+00	6.910547e+00	6.740817e+00	6.562864e+00
6.348454e+00	6.051670e+00	5.571653e+00	5.186842e+00	4.592937e+00	3.807406e+00
2.343589e+00	1.768759e+00	1.213610e+00	1.137018e+00	1.084019e+00	1.076601e+00
1.072407e+00	1.071023e+00	1.222020e+01	1.168028e+01	1.122272e+01	1.089992e+01
1.064521e+01	1.011625e+01	9.632338e+00	9.191019e+00	8.791248e+00	8.431859e+00
8.111973e+00	7.829852e+00	7.582978e+00	7.368163e+00	7.180577e+00	7.014201e+00
6.860896e+00	6.702031e+00	6.509606e+00	6.239231e+00	5.791553e+00	5.424617e+00
4.846107e+00	4.057079e+00	2.518187e+00	1.881581e+00	1.236097e+00	1.145787e+00
1.081580e+00	1.074763e+00	1.067352e+00	1.067248e+00	1.221210e+01	1.167790e+01
1.122467e+01	1.090589e+01	1.065445e+01	1.013190e+01	9.654111e+00	9.219028e+00
8.825741e+00	8.473179e+00	8.160582e+00	7.886313e+00	7.647998e+00	7.442594e+00
7.265492e+00	7.111129e+00	6.972331e+00	6.831944e+00	6.663376e+00	6.421996e+00
6.007824e+00	5.659456e+00	5.098808e+00	4.312092e+00	2.706974e+00	2.010242e+00
1.265955e+00	1.157482e+00	1.080489e+00	1.073178e+00	1.062155e+00	1.064149e+00
1.220764e+01	1.167792e+01	1.122928e+01	1.091358e+01	1.066517e+01	1.014914e+01
9.677595e+00	9.248231e+00	8.860273e+00	8.512881e+00	8.205716e+00	7.937597e+00
7.706796e+00	7.510493e+00	7.343539e+00	7.200258e+00	7.074511e+00	6.951093e+00
6.805123e+00	6.591895e+00	6.212814e+00	5.886845e+00	5.352507e+00	4.579171e+00
2.910619e+00	2.151777e+00	1.303546e+00	1.173121e+00	1.080502e+00	1.072445e+00
1.059149e+00	1.061768e+00	1.219925e+01	1.167640e+01	1.123181e+01	1.091886e+01
1.067264e+01	1.016163e+01	9.694928e+00	9.270292e+00	8.886954e+00	8.544197e+00
8.241830e+00	7.978936e+00	7.754137e+00	7.565077e+00	7.407190e+00	7.275419e+00
7.164130e+00	7.058557e+00	6.934681e+00	6.749326e+00	6.405846e+00	6.101174e+00
5.590102e+00	4.837223e+00	3.138286e+00	2.309312e+00	1.343639e+00	1.192793e+00
1.082034e+00	1.071715e+00	1.058381e+00	1.059423e+00	1.219119e+01	1.167409e+01
1.123425e+01	1.092393e+01	1.067946e+01	1.017263e+01	9.710019e+00	9.289571e+00
8.910482e+00	8.572091e+00	8.274240e+00	8.016184e+00	7.796783e+00	7.614135e+00
7.464399e+00	7.343300e+00	7.245901e+00	7.158222e+00	7.057175e+00	6.900366e+00
6.592544e+00	6.309263e+00	5.822775e+00	5.095582e+00	3.383655e+00	2.482828e+00
1.388161e+00	1.216312e+00	1.085411e+00	1.071147e+00	1.057858e+00	1.057314e+00
1.219057e+01	1.167663e+01	1.124106e+01	1.093257e+01	1.068873e+01	1.018410e+01
9.724261e+00	9.307375e+00	8.932459e+00	8.598680e+00	8.305675e+00	8.052673e+00
7.838580e+00	7.661568e+00	7.517833e+00	7.403685e+00	7.316332e+00	7.245992e+00
7.172109e+00	7.046728e+00	6.771172e+00	6.508997e+00	6.054643e+00	5.356918e+00
3.629894e+00	2.674579e+00	1.442326e+00	1.244539e+00	1.089321e+00	1.071681e+00
1.056929e+00	1.055916e+00	1.219261e+01	1.168631e+01	1.125444e+01	1.094536e+01
1.069991e+01	1.019534e+01	9.737140e+00	9.323191e+00	8.952153e+00	8.622895e+00
8.334718e+00	8.086675e+00	7.877566e+00	7.705366e+00	7.565900e+00	7.456039e+00
7.375948e+00	7.321702e+00	7.276588e+00	7.183854e+00	6.937937e+00	6.696572e+00
6.279829e+00	5.615127e+00	3.876356e+00	2.886549e+00	1.510072e+00	1.280455e+00
1.094873e+00	1.074609e+00	1.055625e+00	1.054961e+00	1.218346e+01	1.168382e+01
1.125907e+01	1.095281e+01	1.070674e+01	1.020412e+01	9.748112e+00	9.336637e+00
8.968355e+00	8.642142e+00	8.357270e+00	8.112848e+00	7.907780e+00	7.740126e+00
7.605812e+00	7.502118e+00	7.430323e+00	7.388790e+00	7.363032e+00	7.296891e+00
7.086978e+00	6.870029e+00	6.486297e+00	5.856143e+00	4.135948e+00	3.106820e+00
1.586647e+00	1.323440e+00	1.102123e+00	1.077531e+00	1.054778e+00	1.053947e+00
1.215544e+01	1.167443e+01	1.126189e+01	1.095843e+01	1.071196e+01	1.021161e+01
9.757848e+00	9.348561e+00	8.982509e+00	8.658690e+00	8.376459e+00	8.135045e+00
7.933508e+00	7.770086e+00	7.640996e+00	7.543936e+00	7.480578e+00	7.449974e+00
7.439381e+00	7.396912e+00	7.225197e+00	7.034411e+00	6.682023e+00	6.088138e+00
4.407609e+00	3.338629e+00	1.673139e+00	1.373939e+00	1.111287e+00	1.080851e+00
1.054109e+00	1.052949e+00	1.212667e+01	1.166408e+01	1.126252e+01	1.096248e+01
1.071492e+01	1.021661e+01	9.764827e+00	9.357523e+00	8.993541e+00	8.671949e+00
8.392148e+00	8.153472e+00	7.955088e+00	7.795380e+00	7.670775e+00	7.579346e+00
7.523283e+00	7.502574e+00	7.506393e+00	7.486465e+00	7.350792e+00	7.185336e+00
6.864969e+00	6.310307e+00	4.681907e+00	3.581238e+00	1.770076e+00	1.431260e+00
1.122026e+00	1.084834e+00	1.053826e+00	1.052115e+00	1.209652e+01	1.165175e+01
1.126227e+01	1.096529e+01	1.071631e+01	1.021944e+01	9.769191e+00	9.363574e+00
9.001473e+00	8.681956e+00	8.404409e+00	8.168223e+00	7.972586e+00	7.815967e+00
7.694864e+00	7.607705e+00	7.557484e+00	7.545718e+00	7.563977e+00	7.565735e+00
7.461960e+00	7.319553e+00	7.031050e+00	6.518216e+00	4.953951e+00	3.832804e+00
1.881669e+00	1.499025e+00	1.135575e+00	1.090021e+00	1.053724e+00	1.051465e+00
1.205605e+01	1.163313e+01	1.125966e+01	1.096741e+01	1.071884e+01	1.022486e+01
9.776093e+00	9.371571e+00	9.010329e+00	8.691647e+00	8.415112e+00	8.180385e+00
7.986947e+00	7.833687e+00	7.717777e+00	7.637684e+00	7.594990e+00	7.587950e+00
7.607312e+00	7.620566e+00	7.557957e+00	7.447025e+00	7.191315e+00	6.713775e+00
5.222409e+00	4.093472e+00	2.006246e+00	1.576286e+00	1.151840e+00	1.096542e+00
1.053776e+00	1.050651e+00	1.201664e+01	1.161448e+01	1.125599e+01	1.096923e+01
1.072166e+01	1.023161e+01	9.784696e+00	9.380996e+00	9.019968e+00	8.701345e+00
8.425094e+00	8.191158e+00	7.999348e+00	7.849041e+00	7.738280e+00	7.665651e+00
7.630719e+00	7.626900e+00	7.643960e+00	7.665356e+00	7.642161e+00	7.563484e+00
7.341472e+00	6.897892e+00	5.483389e+00	4.361663e+00	2.147732e+00	1.664047e+00
1.170907e+00	1.105369e+00	1.054209e+00	1.050066e+00	1.199669e+01	1.160658e+01
1.125612e+01	1.097132e+01	1.072291e+01	1.023513e+01	9.790727e+00	9.388787e+00
9.028856e+00	8.710901e+00	8.435267e+00	8.202063e+00	8.011333e+00	7.862727e+00
7.754567e+00	7.685701e+00	7.655808e+00	7.658301e+00	7.683823e+00	7.718530e+00
7.719698e+00	7.662442e+00	7.474439e+00	7.073446e+00	5.733593e+00	4.633895e+00
2.310972e+00	1.761810e+00	1.191996e+00	1.117609e+00	1.056157e+00	1.049946e+00
1.197815e+01	1.159954e+01	1.125692e+01	1.097398e+01	1.072472e+01	1.023802e+01
9.794908e+00	9.394070e+00	9.035062e+00	8.718012e+00	8.443378e+00	8.211342e+00
8.022035e+00	7.875195e+00	7.769284e+00	7.703315e+00	7.677213e+00	7.684747e+00
7.717455e+00	7.763844e+00	7.787272e+00	7.749971e+00	7.594456e+00	7.236375e+00
5.976896e+00	4.901261e+00	2.491024e+00	1.875456e+00	1.218953e+00	1.129914e+00
1.058241e+00	1.049389e+00	1.196041e+01	1.159287e+01	1.125788e+01	1.097669e+01
1.072652e+01	1.024000e+01	9.796822e+00	9.396428e+00	9.038406e+00	8.722681e+00
8.449544e+00	8.219119e+00	8.031510e+00	7.886425e+00	7.782329e+00	7.718321e+00
7.694852e+00	7.706654e+00	7.746475e+00	7.803844e+00	7.846200e+00	7.826515e+00
7.703517e+00	7.389506e+00	6.209017e+00	5.168982e+00	2.686565e+00	2.002239e+00
1.251097e+00	1.142939e+00	1.061051e+00	1.048912e+00	1.194397e+01	1.158681e+01
1.125884e+01	1.097935e+01	1.072824e+01	1.024133e+01	9.797563e+00	9.397298e+00
9.040067e+00	8.725649e+00	8.454134e+00	8.225493e+00	8.039675e+00	7.896230e+00
7.793530e+00	7.730724e+00	7.708973e+00	7.724287e+00	7.770769e+00	7.838053e+00
7.895830e+00	7.891072e+00	7.799528e+00	7.529452e+00	6.424261e+00	5.432715e+00
2.897927e+00	2.143969e+00	1.290390e+00	1.157701e+00	1.065257e+00	1.048664e+00
1.193224e+01	1.158326e+01	1.126090e+01	1.098277e+01	1.073098e+01	1.024418e+01
9.800547e+00	9.400669e+00	9.044122e+00	8.730554e+00	8.459987e+00	8.232371e+00
8.047618e+00	7.905282e+00	7.803864e+00	7.742675e+00	7.723092e+00	7.741566e+00
7.792882e+00	7.868029e+00	7.940030e+00	7.948813e+00	7.884329e+00	7.654563e+00
6.630684e+00	5.688427e+00	3.126866e+00	2.300934e+00	1.334897e+00	1.178580e+00
1.070235e+00	1.048578e+00	1.192200e+01	1.158026e+01	1.126301e+01	1.098595e+01
1.073355e+01	1.024726e+01	9.804403e+00	9.405081e+00	9.048923e+00	8.735765e+00
8.465739e+00	8.238803e+00	8.054830e+00	7.913403e+00	7.813176e+00	7.753640e+00
7.736253e+00	7.757607e+00	7.812955e+00	7.895007e+00	7.980171e+00	8.001411e+00
7.961655e+00	7.770316e+00	6.830836e+00	5.940914e+00	3.372334e+00	2.472926e+00
1.384738e+00	1.204245e+00	1.075948e+00	1.048513e+00	1.191075e+01	1.157602e+01
1.126319e+01	1.098715e+01	1.073399e+01	1.024830e+01	9.805934e+00	9.407082e+00
9.051384e+00	8.738721e+00	8.469269e+00	8.243015e+00	8.059833e+00	7.919324e+00
7.820178e+00	7.761979e+00	7.746363e+00	7.770180e+00	7.829228e+00	7.917566e+00
8.013919e+00	8.045635e+00	8.028197e+00	7.874190e+00	7.018298e+00	6.181841e+00
3.629912e+00	2.661386e+00	1.441640e+00	1.233480e+00	1.082416e+00	1.048355e+00
1.189967e+01	1.157110e+01	1.126268e+01	1.098765e+01	1.073402e+01	1.024868e+01
9.806589e+00	9.408080e+00	9.052780e+00	8.740558e+00	8.471597e+00	8.245908e+00
8.063385e+00	7.923663e+00	7.825448e+00	7.768384e+00	7.754261e+00	7.780141e+00
7.842287e+00	7.935997e+00	8.042017e+00	8.082641e+00	8.084208e+00	7.963495e+00
7.190790e+00	6.410514e+00	3.896768e+00	2.866647e+00	1.508687e+00	1.269398e+00
1.090186e+00	1.048110e+00	1.189362e+01	1.156955e+01	1.126305e+01	1.098856e+01
1.073439e+01	1.024969e+01	9.808531e+00	9.410921e+00	9.056377e+00	8.744682e+00
8.475919e+00	8.249986e+00	8.067099e+00	7.927544e+00	7.830529e+00	7.775738e+00
7.764089e+00	7.792014e+00	7.853398e+00	7.949904e+00	8.069090e+00	8.122491e+00
8.133230e+00	8.023792e+00	7.352418e+00	6.669616e+00	4.155526e+00	3.066543e+00
1.586707e+00	1.317559e+00	1.100121e+00	1.048169e+00	1.188925e+01	1.156863e+01
1.126437e+01	1.098976e+01	1.073519e+01	1.025111e+01	9.811378e+00	9.415054e+00
9.061431e+00	8.750163e+00	8.481202e+00	8.254471e+00	8.070729e+00	7.931059e+00
7.835217e+00	7.782977e+00	7.774150e+00	7.803937e+00	7.863382e+00	7.961689e+00
8.094709e+00	8.161668e+00	8.177257e+00	8.071735e+00	7.506335e+00	6.941568e+00
4.414517e+00	3.269507e+00	1.675877e+00	1.377256e+00	1.112003e+00	1.048342e+00
1.188843e+01	1.156879e+01	1.126609e+01	1.099096e+01	1.073534e+01	1.025109e+01
9.811603e+00	9.415611e+00	9.062321e+00	8.751332e+00	8.482536e+00	8.256496e+00
8.073667e+00	7.934259e+00	7.837737e+00	7.784484e+00	7.775918e+00	7.806850e+00
7.874921e+00	7.978532e+00	8.114981e+00	8.181876e+00	8.210410e+00	8.129530e+00
7.647121e+00	7.125745e+00	4.692885e+00	3.506831e+00	1.774041e+00	1.436301e+00
1.124182e+00	1.048338e+00	1.189037e+01	1.157205e+01	1.126887e+01	1.099212e+01
1.073448e+01	1.024732e+01	9.806201e+00	9.409761e+00	9.057076e+00	8.747572e+00
8.480971e+00	8.257027e+00	8.075827e+00	7.937056e+00	7.838738e+00	7.780652e+00
7.767493e+00	7.804062e+00	7.889238e+00	8.006515e+00	8.129922e+00	8.189445e+00
8.233131e+00	8.204774e+00	7.772341e+00	7.229158e+00	4.996056e+00	3.798420e+00
1.883635e+00	1.492289e+00	1.136580e+00	1.047817e+00	1.188997e+01	1.157326e+01
1.127173e+01	1.099457e+01	1.073563e+01	1.024795e+01	9.806556e+00	9.410033e+00
9.057475e+00	8.748275e+00	8.482126e+00	8.259107e+00	8.078953e+00	7.940594e+00
7.841477e+00	7.781817e+00	7.768000e+00	7.806060e+00	7.899106e+00	8.021634e+00
8.144155e+00	8.202950e+00	8.258717e+00	8.259394e+00	7.883676e+00	7.365845e+00
5.280794e+00	4.073591e+00	2.013359e+00	1.564581e+00	1.152325e+00	1.047808e+00
1.188682e+01	1.157336e+01	1.127320e+01	1.099658e+01	1.073773e+01	1.025016e+01
9.808867e+00	9.412499e+00	9.060087e+00	8.751048e+00	8.485051e+00	8.262003e+00
8.081759e+00	7.943611e+00	7.845122e+00	7.786347e+00	7.773295e+00	7.812475e+00
7.905504e+00	8.029719e+00	8.156678e+00	8.220710e+00	8.284268e+00	8.298924e+00
7.981403e+00	7.525875e+00	5.546538e+00	4.334505e+00	2.164811e+00	1.656355e+00
1.171925e+00	1.047958e+00	1.188130e+01	1.157040e+01	1.127241e+01	1.099630e+01
1.073729e+01	1.025012e+01	9.808901e+00	9.412668e+00	9.060373e+00	8.751380e+00
8.485489e+00	8.262559e+00	8.082471e+00	7.944518e+00	7.846501e+00	7.788270e+00
7.775862e+00	7.815672e+00	7.908969e+00	8.034581e+00	8.165220e+00	8.233362e+00
8.303969e+00	8.331793e+00	8.066659e+00	7.661651e+00	5.802448e+00	4.601051e+00
2.330712e+00	1.761766e+00	1.194171e+00	1.047915e+00	1.186152e+01	1.155790e+01
1.126579e+01	1.099346e+01	1.073640e+01	1.025146e+01	9.810780e+00	9.414208e+00
9.061154e+00	8.751368e+00	8.484739e+00	8.261404e+00	8.081347e+00	7.944218e+00
7.848406e+00	7.794321e+00	7.785365e+00	7.822072e+00	7.903812e+00	8.023428e+00
8.168438e+00	8.247047e+00	8.324201e+00	8.358473e+00	8.141606e+00	7.782397e+00
6.047576e+00	4.868582e+00	2.511782e+00	1.886187e+00	1.220511e+00	1.047713e+00
1.185136e+01	1.155206e+01	1.126305e+01	1.099232e+01	1.073614e+01	1.025262e+01
9.812313e+00	9.415532e+00	9.061969e+00	8.751456e+00	8.484509e+00	8.261016e+00
8.081006e+00	7.944283e+00	7.850335e+00	7.798681e+00	7.791579e+00	7.826846e+00
7.901919e+00	8.019009e+00	8.172547e+00	8.258110e+00	8.341263e+00	8.383092e+00
8.207717e+00	7.891662e+00	6.282835e+00	5.137777e+00	2.708080e+00	2.024184e+00
1.251159e+00	1.047635e+00	1.184956e+01	1.155148e+01	1.126350e+01	1.099301e+01
1.073673e+01	1.025316e+01	9.812946e+00	9.416211e+00	9.062673e+00	8.752343e+00
8.485519e+00	8.262263e+00	8.082555e+00	7.946183e+00	7.852179e+00	7.800612e+00
7.793733e+00	7.829400e+00	7.905916e+00	8.024518e+00	8.179658e+00	8.266113e+00
8.354578e+00	8.406324e+00	8.264903e+00	7.989210e+00	6.505433e+00	5.406172e+00
2.920667e+00	2.175764e+00	1.287639e+00	1.047664e+00	