8.707743e-01	9.005544e-01	9.298202e-01	9.576371e-01	9.839236e-01	1.032165e+00
1.074027e+00	1.109910e+00	1.141390e+00	1.171684e+00	1.205344e+00	1.243959e+00
1.288075e+00	1.338142e+00	1.394496e+00	1.456528e+00	1.521694e+00	1.583010e+00
1.631974e+00	1.664894e+00	1.679815e+00	1.684343e+00	1.700990e+00	1.728772e+00
1.757784e+00	1.762622e+00	1.770661e+00	1.772078e+00	1.772749e+00	1.772923e+00
1.772532e+00	1.772831e+00	9.465963e-01	9.774019e-01	1.007636e+00	1.036346e+00
1.063457e+00	1.113190e+00	1.156346e+00	1.193356e+00	1.225827e+00	1.257006e+00
1.291476e+00	1.330816e+00	1.375560e+00	1.426148e+00	1.482930e+00	1.545312e+00
1.610750e+00	1.672315e+00	1.721629e+00	1.755081e+00	1.770723e+00	1.775598e+00
1.792352e+00	1.819942e+00	1.848796e+00	1.853659e+00	1.861618e+00	1.863015e+00
1.863682e+00	1.863853e+00	1.863473e+00	1.863765e+00	1.029021e+00	1.060807e+00
1.091965e+00	1.121523e+00	1.149420e+00	1.200575e+00	1.244975e+00	1.283075e+00
1.316509e+00	1.348542e+00	1.383763e+00	1.423738e+00	1.468988e+00	1.519942e+00
1.576971e+00	1.639507e+00	1.705017e+00	1.766659e+00	1.816210e+00	1.850153e+00
1.866551e+00	1.871796e+00	1.888621e+00	1.915920e+00	1.944521e+00	1.949398e+00
1.957248e+00	1.958619e+00	1.959280e+00	1.959447e+00	1.959080e+00	1.959363e+00
1.118622e+00	1.151329e+00	1.183351e+00	1.213701e+00	1.242331e+00	1.294821e+00
1.340396e+00	1.379540e+00	1.413901e+00	1.446743e+00	1.482644e+00	1.523148e+00
1.568761e+00	1.619905e+00	1.676977e+00	1.739444e+00	1.804801e+00	1.866325e+00
1.915986e+00	1.950374e+00	1.967565e+00	1.973207e+00	1.990061e+00	2.016960e+00
2.045203e+00	2.050082e+00	2.057790e+00	2.059128e+00	2.059781e+00	2.059944e+00
2.059592e+00	2.059865e+00	1.216025e+00	1.249576e+00	1.282385e+00	1.313456e+00
1.342752e+00	1.396464e+00	1.443130e+00	1.483258e+00	1.518497e+00	1.552096e+00
1.588591e+00	1.629499e+00	1.675310e+00	1.726442e+00	1.783325e+00	1.845473e+00
1.910424e+00	1.971614e+00	2.021243e+00	2.056025e+00	2.074045e+00	2.080112e+00
2.096949e+00	2.123328e+00	2.151097e+00	2.155967e+00	2.163497e+00	2.164796e+00
2.165438e+00	2.165595e+00	2.165261e+00	2.165522e+00	1.321909e+00	1.356207e+00
1.389707e+00	1.421409e+00	1.451291e+00	1.506086e+00	1.553739e+00	1.594773e+00
1.630830e+00	1.665120e+00	1.702109e+00	1.743276e+00	1.789096e+00	1.839986e+00
1.896417e+00	1.957965e+00	2.022230e+00	2.082843e+00	2.132283e+00	2.167399e+00
2.186288e+00	2.192808e+00	2.209578e+00	2.235306e+00	2.262474e+00	2.267320e+00
2.274634e+00	2.275886e+00	2.276514e+00	2.276665e+00	2.276351e+00	2.276598e+00
1.437014e+00	1.471937e+00	1.506011e+00	1.538235e+00	1.568603e+00	1.624314e+00
1.672826e+00	1.714672e+00	1.751474e+00	1.786375e+00	1.823739e+00	1.864997e+00
1.910611e+00	1.960997e+00	2.016681e+00	2.077314e+00	2.140578e+00	2.200347e+00
2.249424e+00	2.284806e+00	2.304606e+00	2.311610e+00	2.328257e+00	2.353190e+00
2.379618e+00	2.384424e+00	2.391480e+00	2.392676e+00	2.393288e+00	2.393431e+00
2.393141e+00	2.393372e+00	1.562141e+00	1.597543e+00	1.632048e+00	1.664663e+00
1.695398e+00	1.751823e+00	1.801040e+00	1.843586e+00	1.881042e+00	1.916459e+00
1.954060e+00	1.995217e+00	2.040379e+00	2.089967e+00	2.144571e+00	2.203939e+00
2.265853e+00	2.324480e+00	2.372999e+00	2.408573e+00	2.429326e+00	2.436849e+00
2.453310e+00	2.477290e+00	2.502827e+00	2.507577e+00	2.514328e+00	2.515460e+00
2.516052e+00	2.516186e+00	2.515923e+00	2.516136e+00	1.698163e+00	1.733867e+00
1.768633e+00	1.801482e+00	1.832442e+00	1.889341e+00	1.939081e+00	1.982191e+00
2.020196e+00	2.056017e+00	2.093693e+00	2.134530e+00	2.178961e+00	2.227419e+00
2.280572e+00	2.338281e+00	2.398459e+00	2.455615e+00	2.503364e+00	2.539044e+00
2.560796e+00	2.568873e+00	2.585080e+00	2.607935e+00	2.632415e+00	2.637090e+00
2.643486e+00	2.644545e+00	2.645113e+00	2.645238e+00	2.645005e+00	2.645196e+00
1.846029e+00	1.881824e+00	1.916649e+00	1.949547e+00	1.980564e+00	2.037654e+00
2.087702e+00	2.131218e+00	2.169643e+00	2.205737e+00	2.243305e+00	2.283569e+00
2.326955e+00	2.373910e+00	2.425197e+00	2.480812e+00	2.538826e+00	2.594149e+00
2.640890e+00	2.676583e+00	2.699381e+00	2.708050e+00	2.723927e+00	2.745469e+00
2.768714e+00	2.773292e+00	2.779280e+00	2.780254e+00	2.780795e+00	2.780907e+00
2.780709e+00	2.780876e+00	2.006771e+00	2.042407e+00	2.077052e+00	2.109781e+00
2.140659e+00	2.197610e+00	2.247714e+00	2.291448e+00	2.330147e+00	2.366360e+00
2.403607e+00	2.443015e+00	2.485000e+00	2.530036e+00	2.578994e+00	2.632032e+00
2.687407e+00	2.740498e+00	2.785971e+00	2.821572e+00	2.845466e+00	2.854767e+00
2.870232e+00	2.890257e+00	2.912069e+00	2.916529e+00	2.922049e+00	2.922927e+00
2.923436e+00	2.923536e+00	2.923375e+00	2.923516e+00	2.181509e+00	2.216692e+00
2.250880e+00	2.283184e+00	2.313695e+00	2.370123e+00	2.419990e+00	2.463726e+00
2.502524e+00	2.538679e+00	2.575365e+00	2.613595e+00	2.653781e+00	2.696430e+00
2.742545e+00	2.792469e+00	2.844685e+00	2.895104e+00	2.939023e+00	2.974415e+00
2.999457e+00	3.009433e+00	3.024395e+00	3.042680e+00	3.062847e+00	3.067165e+00
3.072152e+00	3.072922e+00	3.073394e+00	3.073479e+00	3.073361e+00	3.073472e+00
2.371462e+00	2.405851e+00	2.439255e+00	2.470840e+00	2.500718e+00	2.556177e+00
2.605470e+00	2.648955e+00	2.687653e+00	2.723547e+00	2.759396e+00	2.796084e+00
2.834024e+00	2.873768e+00	2.916467e+00	2.962686e+00	3.011166e+00	3.058432e+00
3.100482e+00	3.135537e+00	3.161781e+00	3.172479e+00	3.186839e+00	3.203142e+00
3.221432e+00	3.225580e+00	3.229965e+00	3.230614e+00	3.231044e+00	3.231113e+00
3.231042e+00	3.231120e+00	2.577955e+00	2.611150e+00	2.643395e+00	2.673919e+00
2.702859e+00	2.756837e+00	2.805167e+00	2.848110e+00	2.886477e+00	2.921877e+00
2.956577e+00	2.991316e+00	3.026510e+00	3.062768e+00	3.101418e+00	3.143278e+00
3.187391e+00	3.230973e+00	3.270812e+00	3.305388e+00	3.332890e+00	3.344358e+00
3.358007e+00	3.372066e+00	3.388227e+00	3.392177e+00	3.395886e+00	3.396398e+00
3.396781e+00	3.396831e+00	3.396813e+00	3.396854e+00	2.802429e+00	2.833969e+00
2.864619e+00	2.893689e+00	2.921339e+00	2.973249e+00	3.020169e+00	3.062239e+00
3.100009e+00	3.134649e+00	3.167849e+00	3.200179e+00	3.232069e+00	3.264199e+00
3.298099e+00	3.334879e+00	3.373929e+00	3.413249e+00	3.450499e+00	3.484439e+00
3.513259e+00	3.525549e+00	3.538369e+00	3.549899e+00	3.563659e+00	3.567379e+00
3.570329e+00	3.570689e+00	3.571019e+00	3.571049e+00	3.571089e+00	3.571089e+00
3.048775e+00	3.077748e+00	3.105961e+00	3.132847e+00	3.158586e+00	3.207476e+00
3.252408e+00	3.293344e+00	3.330482e+00	3.364401e+00	3.396019e+00	3.425684e+00
3.453836e+00	3.481226e+00	3.509612e+00	3.540442e+00	3.573545e+00	3.607908e+00
3.642273e+00	3.675724e+00	3.706442e+00	3.719883e+00	3.731849e+00	3.740425e+00
3.751358e+00	3.754803e+00	3.756854e+00	3.757034e+00	3.757299e+00	3.757304e+00
3.757416e+00	3.757365e+00	3.314929e+00	3.340953e+00	3.366366e+00	3.390724e+00
3.414227e+00	3.459504e+00	3.501910e+00	3.541201e+00	3.577193e+00	3.609829e+00
3.639214e+00	3.665472e+00	3.689067e+00	3.710854e+00	3.732857e+00	3.756906e+00
3.783301e+00	3.812049e+00	3.842999e+00	3.875558e+00	3.907897e+00	3.922367e+00
3.933267e+00	3.938627e+00	3.946496e+00	3.949635e+00	3.950727e+00	3.950716e+00
3.950912e+00	3.950891e+00	3.951076e+00	3.950974e+00	3.592763e+00	3.617009e+00
3.640654e+00	3.663276e+00	3.685116e+00	3.727342e+00	3.766980e+00	3.803643e+00
3.836896e+00	3.866291e+00	3.891457e+00	3.912411e+00	3.929716e+00	3.944434e+00
3.958961e+00	3.975581e+00	3.994913e+00	4.017607e+00	4.044185e+00	4.074246e+00
4.105925e+00	4.120226e+00	4.129391e+00	4.131653e+00	4.136772e+00	4.139683e+00
4.139952e+00	4.139775e+00	4.139925e+00	4.139889e+00	4.140121e+00	4.139983e+00
3.879998e+00	3.904195e+00	3.927614e+00	3.949700e+00	3.970755e+00	4.010829e+00
4.047420e+00	4.080113e+00	4.108466e+00	4.132053e+00	4.150565e+00	4.164080e+00
4.173322e+00	4.179634e+00	4.185819e+00	4.194603e+00	4.206731e+00	4.223015e+00
4.244143e+00	4.269821e+00	4.298252e+00	4.311090e+00	4.317920e+00	4.317398e+00
4.320121e+00	4.322794e+00	4.322417e+00	4.322116e+00	4.322236e+00	4.322196e+00
4.322442e+00	4.322289e+00	4.171172e+00	4.198437e+00	4.224409e+00	4.248151e+00
4.270026e+00	4.309591e+00	4.342552e+00	4.368517e+00	4.387645e+00	4.400675e+00
4.408803e+00	4.412593e+00	4.412929e+00	4.411269e+00	4.410346e+00	4.412762e+00
4.418980e+00	4.429012e+00	4.442874e+00	4.460749e+00	4.481909e+00	4.491767e+00
4.496356e+00	4.494620e+00	4.495168e+00	4.496746e+00	4.496082e+00	4.495808e+00
4.495861e+00	4.495827e+00	4.496009e+00	4.495895e+00	4.470315e+00	4.503074e+00
4.533772e+00	4.560840e+00	4.584700e+00	4.624737e+00	4.653235e+00	4.670059e+00
4.676519e+00	4.675376e+00	4.670298e+00	4.662535e+00	4.653070e+00	4.643334e+00
4.635693e+00	4.632281e+00	4.633030e+00	4.636586e+00	4.641807e+00	4.649613e+00
4.660920e+00	4.666774e+00	4.669027e+00	4.666887e+00	4.665375e+00	4.665406e+00
4.664652e+00	4.664488e+00	4.664456e+00	4.664432e+00	4.664506e+00	4.664461e+00
4.778055e+00	4.817783e+00	4.854105e+00	4.884418e+00	4.909383e+00	4.946815e+00
4.967480e+00	4.973402e+00	4.967044e+00	4.952453e+00	4.934793e+00	4.915664e+00
4.895966e+00	4.876978e+00	4.860607e+00	4.848587e+00	4.840742e+00	4.835558e+00
4.831827e+00	4.830655e+00	4.832723e+00	4.833881e+00	4.832771e+00	4.829382e+00
4.825757e+00	4.824688e+00	4.823724e+00	4.823604e+00	4.823509e+00	4.823489e+00
4.823496e+00	4.823494e+00	5.090390e+00	5.138947e+00	5.181966e+00	5.215242e+00
5.239937e+00	5.270367e+00	5.278829e+00	5.272093e+00	5.253565e+00	5.227380e+00
5.198700e+00	5.169007e+00	5.138943e+00	5.109496e+00	5.081975e+00	5.057839e+00
5.037500e+00	5.020993e+00	5.008399e+00	5.000148e+00	4.994188e+00	4.989966e+00
4.984370e+00	4.978780e+00	4.973042e+00	4.971451e+00	4.970133e+00	4.969975e+00
4.969848e+00	4.969821e+00	4.969814e+00	4.969822e+00	5.405749e+00	5.464420e+00
5.515084e+00	5.551563e+00	5.575594e+00	5.597059e+00	5.590642e+00	5.568922e+00
5.536469e+00	5.497702e+00	5.457907e+00	5.417761e+00	5.376337e+00	5.334033e+00
5.293386e+00	5.257011e+00	5.225336e+00	5.198035e+00	5.175059e+00	5.157553e+00
5.142690e+00	5.133191e+00	5.122975e+00	5.114774e+00	5.106831e+00	5.104710e+00
5.103029e+00	5.102822e+00	5.102661e+00	5.102627e+00	5.102612e+00	5.102626e+00
5.727125e+00	5.789898e+00	5.843407e+00	5.880756e+00	5.903953e+00	5.919852e+00
5.902965e+00	5.867208e+00	5.818524e+00	5.763068e+00	5.708015e+00	5.654000e+00
5.599257e+00	5.543963e+00	5.491255e+00	5.444191e+00	5.402692e+00	5.364961e+00
5.329944e+00	5.300269e+00	5.275294e+00	5.261713e+00	5.247126e+00	5.235293e+00
5.225181e+00	5.222606e+00	5.220474e+00	5.220209e+00	5.220014e+00	5.219972e+00
5.219969e+00	5.219972e+00	6.060892e+00	6.111154e+00	6.154939e+00	6.187335e+00
6.209470e+00	6.229222e+00	6.215219e+00	6.170890e+00	6.103143e+00	6.022959e+00
5.943418e+00	5.867975e+00	5.797339e+00	5.732276e+00	5.672389e+00	5.617555e+00
5.567023e+00	5.518319e+00	5.469878e+00	5.425194e+00	5.388724e+00	5.372975e+00
5.354523e+00	5.337610e+00	5.325334e+00	5.322441e+00	5.319680e+00	5.319344e+00
5.319118e+00	5.319067e+00	5.319097e+00	5.319067e+00	6.384030e+00	6.433490e+00
6.475747e+00	6.505330e+00	6.523567e+00	6.533073e+00	6.505386e+00	6.444383e+00
6.358145e+00	6.259257e+00	6.162498e+00	6.071732e+00	5.987591e+00	5.910560e+00
5.839547e+00	5.773720e+00	5.712087e+00	5.651746e+00	5.590958e+00	5.534002e+00
5.486542e+00	5.466060e+00	5.443254e+00	5.423208e+00	5.407999e+00	5.404420e+00
5.401144e+00	5.400758e+00	5.400467e+00	5.400411e+00	5.400423e+00	5.400404e+00
6.705842e+00	6.753268e+00	6.792567e+00	6.817536e+00	6.829807e+00	6.824827e+00
6.779909e+00	6.700087e+00	6.594388e+00	6.476593e+00	6.362710e+00	6.256724e+00
6.159059e+00	6.069790e+00	5.987396e+00	5.910479e+00	5.837755e+00	5.765752e+00
5.692434e+00	5.623054e+00	5.564485e+00	5.539149e+00	5.512096e+00	5.488895e+00
5.469809e+00	5.465289e+00	5.461343e+00	5.460875e+00	5.460503e+00	5.460440e+00
5.460436e+00	5.460430e+00	7.021687e+00	7.063844e+00	7.097110e+00	7.114749e+00
7.118698e+00	7.095471e+00	7.030577e+00	6.930156e+00	6.804098e+00	6.667091e+00
6.535963e+00	6.414655e+00	6.303515e+00	6.202145e+00	6.108574e+00	6.020782e+00
5.937190e+00	5.853808e+00	5.768316e+00	5.686713e+00	5.616850e+00	5.586453e+00
5.554896e+00	5.528728e+00	5.506200e+00	5.500851e+00	5.496301e+00	5.495751e+00
5.495311e+00	5.495242e+00	5.495232e+00	5.495232e+00	7.323862e+00	7.368840e+00
7.401430e+00	7.412234e+00	7.404347e+00	7.349358e+00	7.249602e+00	7.121337e+00
6.975274e+00	6.824034e+00	6.681632e+00	6.550094e+00	6.428059e+00	6.313789e+00
6.206805e+00	6.106661e+00	6.007786e+00	5.910339e+00	5.812580e+00	5.718611e+00
5.633802e+00	5.595115e+00	5.556600e+00	5.528081e+00	5.503661e+00	5.497810e+00
5.492923e+00	5.492318e+00	5.491844e+00	5.491773e+00	5.491753e+00	5.491753e+00
7.623166e+00	7.671728e+00	7.703593e+00	7.706132e+00	7.683967e+00	7.591373e+00
7.451915e+00	7.293537e+00	7.126915e+00	6.961569e+00	6.807835e+00	6.665651e+00
6.532084e+00	6.404300e+00	6.283410e+00	6.170226e+00	6.058378e+00	5.949655e+00
5.842536e+00	5.739361e+00	5.643877e+00	5.599875e+00	5.557458e+00	5.526190e+00
5.496669e+00	5.489537e+00	5.483800e+00	5.483059e+00	5.482500e+00	5.482423e+00
5.482378e+00	5.482378e+00	7.923972e+00	7.965865e+00	7.988491e+00	7.977623e+00
7.939035e+00	7.810188e+00	7.635073e+00	7.447483e+00	7.257740e+00	7.073312e+00
6.902417e+00	6.741052e+00	6.589091e+00	6.445117e+00	6.309332e+00	6.180255e+00
6.063714e+00	5.951235e+00	5.840628e+00	5.733956e+00	5.634616e+00	5.588636e+00
5.544435e+00	5.509995e+00	5.474395e+00	5.465802e+00	5.459076e+00	5.458185e+00
5.457529e+00	5.457445e+00	5.457373e+00	5.457371e+00	8.222006e+00	8.246764e+00
8.251965e+00	8.223034e+00	8.166261e+00	8.002731e+00	7.795830e+00	7.580167e+00
7.365710e+00	7.159180e+00	6.968075e+00	6.787594e+00	6.619920e+00	6.464070e+00
6.318682e+00	6.180817e+00	6.052804e+00	5.928903e+00	5.807383e+00	5.689952e+00
5.579465e+00	5.527648e+00	5.477387e+00	5.438841e+00	5.400724e+00	5.391421e+00
5.384052e+00	5.383089e+00	5.382383e+00	5.382286e+00	5.382207e+00	5.382198e+00
8.520372e+00	8.513997e+00	8.490290e+00	8.437056e+00	8.360445e+00	8.166937e+00
7.935940e+00	7.693598e+00	7.450479e+00	7.208085e+00	6.979706e+00	6.784085e+00
6.608897e+00	6.447214e+00	6.297527e+00	6.156403e+00	6.016716e+00	5.881934e+00
5.749541e+00	5.621633e+00	5.502012e+00	5.445845e+00	5.390287e+00	5.346929e+00
5.305830e+00	5.295765e+00	5.287630e+00	5.286597e+00	5.285825e+00	5.285710e+00
5.285636e+00	5.285617e+00	8.819669e+00	8.773172e+00	8.714005e+00	8.633220e+00
8.535919e+00	8.314310e+00	8.062274e+00	7.793868e+00	7.521484e+00	7.243844e+00
6.985254e+00	6.765116e+00	6.568879e+00	6.391123e+00	6.229560e+00	6.079400e+00
5.935876e+00	5.795641e+00	5.654586e+00	5.517662e+00	5.391737e+00	5.332903e+00
5.272810e+00	5.224433e+00	5.181249e+00	5.170676e+00	5.161848e+00	5.160775e+00
5.159943e+00	5.159806e+00	5.159754e+00	5.159722e+00	9.106956e+00	9.025219e+00
8.933584e+00	8.825061e+00	8.704306e+00	8.444487e+00	8.158987e+00	7.855773e+00
7.543825e+00	7.250525e+00	6.982190e+00	6.735889e+00	6.517536e+00	6.323463e+00
6.149402e+00	5.989256e+00	5.839319e+00	5.692028e+00	5.542250e+00	5.396706e+00
5.263923e+00	5.201932e+00	5.137461e+00	5.084799e+00	5.039540e+00	5.028464e+00
5.019042e+00	5.017927e+00	5.017040e+00	5.016886e+00	5.016849e+00	5.016806e+00
9.376022e+00	9.266481e+00	9.147183e+00	9.011359e+00	8.864254e+00	8.556318e+00
8.229319e+00	7.892761e+00	7.547199e+00	7.226788e+00	6.933766e+00	6.669548e+00
6.435681e+00	6.227399e+00	6.040152e+00	5.867946e+00	5.707031e+00	5.550572e+00
5.393767e+00	5.241895e+00	5.101922e+00	5.036064e+00	4.967984e+00	4.912930e+00
4.865831e+00	4.854315e+00	4.844548e+00	4.843392e+00	4.842465e+00	4.842305e+00
4.842268e+00	4.842219e+00	9.635811e+00	9.495972e+00	9.346771e+00	9.181867e+00
9.007014e+00	8.648890e+00	8.278495e+00	7.900599e+00	7.537989e+00	7.188023e+00
6.870555e+00	6.587813e+00	6.338087e+00	6.115336e+00	5.914331e+00	5.729218e+00
5.556198e+00	5.389429e+00	5.224738e+00	5.065973e+00	4.918681e+00	4.849291e+00
4.778554e+00	4.722216e+00	4.673526e+00	4.661654e+00	4.651691e+00	4.650507e+00
4.649557e+00	4.649403e+00	4.649353e+00	4.649304e+00	9.884549e+00	9.712360e+00
9.531554e+00	9.336442e+00	9.133214e+00	8.724881e+00	8.309923e+00	7.900635e+00
7.501760e+00	7.127414e+00	6.789088e+00	6.488366e+00	6.223044e+00	5.985992e+00
5.770802e+00	5.571844e+00	5.385296e+00	5.206689e+00	5.032862e+00	4.866377e+00
4.711697e+00	4.639293e+00	4.567141e+00	4.510875e+00	4.460879e+00	4.448760e+00
4.438793e+00	4.437602e+00	4.436637e+00	4.436502e+00	4.436425e+00	4.436390e+00
1.012804e+01	9.919504e+00	9.703367e+00	9.475041e+00	9.241079e+00	8.778073e+00
8.324004e+00	7.878636e+00	7.451581e+00	7.053820e+00	6.695558e+00	6.377538e+00
6.096365e+00	5.844239e+00	5.613589e+00	5.399348e+00	5.197872e+00	5.006452e+00
4.823098e+00	4.648471e+00	4.485548e+00	4.409929e+00	4.337160e+00	4.282365e+00
4.231336e+00	4.218972e+00	4.209184e+00	4.208025e+00	4.207031e+00	4.206908e+00
4.206812e+00	4.206801e+00	1.042068e+01	1.014590e+01	9.868689e+00	9.588640e+00
9.311761e+00	8.784189e+00	8.290822e+00	7.823344e+00	7.384304e+00	6.977609e+00
6.606253e+00	6.270874e+00	5.968154e+00	5.692214e+00	5.438313e+00	5.204643e+00
4.988617e+00	4.789029e+00	4.603388e+00	4.424242e+00	4.247286e+00	4.163508e+00
4.088891e+00	4.038535e+00	3.987307e+00	3.974020e+00	3.964495e+00	3.963520e+00
3.962484e+00	3.962290e+00	3.962296e+00	3.962243e+00	1.067126e+01	1.034299e+01
1.001611e+01	9.693003e+00	9.379487e+00	8.794000e+00	8.255903e+00	7.760661e+00
7.305156e+00	6.885243e+00	6.498698e+00	6.146306e+00	5.824702e+00	5.529291e+00
5.256787e+00	5.006929e+00	4.777761e+00	4.568389e+00	4.376087e+00	4.189217e+00
3.999853e+00	3.909867e+00	3.833498e+00	3.785826e+00	3.734277e+00	3.720199e+00
3.710970e+00	3.710157e+00	3.709086e+00	3.708852e+00	3.708891e+00	3.708830e+00
1.085993e+01	1.049827e+01	1.013932e+01	9.786249e+00	9.444924e+00	8.810854e+00
8.230016e+00	7.697809e+00	7.210522e+00	6.764542e+00	6.357578e+00	5.989912e+00
5.656420e+00	5.351020e+00	5.068569e+00	4.807708e+00	4.566926e+00	4.344371e+00
4.137613e+00	3.937397e+00	3.738793e+00	3.646033e+00	3.567820e+00	3.519289e+00
3.466877e+00	3.452441e+00	3.443467e+00	3.442727e+00	3.441646e+00	3.441436e+00
3.441386e+00	3.441376e+00	1.103347e+01	1.063600e+01	1.024325e+01	9.860002e+00
9.489704e+00	8.802397e+00	8.183870e+00	7.616416e+00	7.099834e+00	6.630336e+00
6.205327e+00	5.823258e+00	5.478126e+00	5.162845e+00	4.870964e+00	4.599979e+00
4.349150e+00	4.115372e+00	3.896043e+00	3.683156e+00	3.473399e+00	3.375968e+00
3.294069e+00	3.243350e+00	3.189411e+00	3.175401e+00	3.166331e+00	3.165512e+00
3.164496e+00	3.164323e+00	3.164203e+00	3.164223e+00	1.119627e+01	1.076150e+01
1.033379e+01	9.919603e+00	9.521595e+00	8.781904e+00	8.121961e+00	7.522500e+00
6.978942e+00	6.488059e+00	6.047209e+00	5.652409e+00	5.296972e+00	4.972860e+00
4.672368e+00	4.391797e+00	4.131415e+00	3.887299e+00	3.656704e+00	3.432681e+00
3.213042e+00	3.111036e+00	3.024517e+00	2.970174e+00	2.914762e+00	2.901479e+00
2.892171e+00	2.891219e+00	2.890287e+00	2.890149e+00	2.889982e+00	2.890015e+00
1.134642e+01	1.086883e+01	1.040079e+01	9.950188e+00	9.523511e+00	8.748214e+00
8.046623e+00	7.417462e+00	6.851390e+00	6.343595e+00	5.890614e+00	5.486083e+00
5.122046e+00	4.789520e+00	4.479352e+00	4.186890e+00	3.913919e+00	3.658178e+00
3.417629e+00	3.186179e+00	2.961666e+00	2.856658e+00	2.763865e+00	2.702546e+00
2.646629e+00	2.633918e+00	2.624358e+00	2.623314e+00	2.622414e+00	2.622280e+00
2.622139e+00	2.622148e+00	1.148489e+01	1.096076e+01	1.045092e+01	9.966847e+00
9.511417e+00	8.684270e+00	7.950154e+00	7.297532e+00	6.715352e+00	6.195947e+00
5.734631e+00	5.323037e+00	4.951757e+00	4.611069e+00	4.290411e+00	3.984429e+00
3.696687e+00	3.428627e+00	3.179446e+00	2.943444e+00	2.717411e+00	2.610244e+00
2.509719e+00	2.438776e+00	2.382753e+00	2.370414e+00	2.360522e+00	2.359406e+00
2.358493e+00	2.358336e+00	2.358278e+00	2.358233e+00	1.163637e+01	1.105940e+01
1.050248e+01	9.981613e+00	9.495876e+00	8.621344e+00	7.854748e+00	7.180207e+00
6.584606e+00	6.055960e+00	5.586238e+00	5.166301e+00	4.786382e+00	4.436914e+00
4.107498e+00	3.792742e+00	3.496214e+00	3.220806e+00	2.964869e+00	2.722318e+00
2.489585e+00	2.378440e+00	2.272818e+00	2.197253e+00	2.139182e+00	2.126492e+00
2.116173e+00	2.114997e+00	2.114049e+00	2.113882e+00	2.113835e+00	2.113780e+00
1.179585e+01	1.116139e+01	1.055397e+01	9.994959e+00	9.478021e+00	8.557418e+00
7.759750e+00	7.065097e+00	6.458318e+00	5.922308e+00	5.444668e+00	5.016169e+00
4.627268e+00	4.269054e+00	3.932122e+00	3.611351e+00	3.309336e+00	3.029364e+00
2.768231e+00	2.519114e+00	2.278324e+00	2.162892e+00	2.053915e+00	1.976346e+00
1.915557e+00	1.902199e+00	1.891446e+00	1.890220e+00	1.889225e+00	1.889055e+00
1.888989e+00	1.888942e+00	1.195906e+01	1.126798e+01	1.061115e+01	1.001417e+01
9.473548e+00	8.508513e+00	7.681442e+00	6.967382e+00	6.349409e+00	5.806186e+00
5.320980e+00	4.884198e+00	4.486824e+00	4.120513e+00	3.776652e+00	3.450330e+00
3.143270e+00	2.858632e+00	2.593073e+00	2.338479e+00	2.091003e+00	1.972076e+00
1.860405e+00	1.780985e+00	1.716803e+00	1.702585e+00	1.691271e+00	1.689973e+00
1.688906e+00	1.688738e+00	1.688650e+00	1.688614e+00	1.212632e+01	1.138046e+01
1.067678e+01	1.004678e+01	9.481457e+00	8.470621e+00	7.618105e+00	6.886052e+00
6.257207e+00	5.707110e+00	5.214845e+00	4.770187e+00	4.364904e+00	3.991122e+00
3.640804e+00	3.309196e+00	2.997272e+00	2.707590e+00	2.438098e+00	2.178740e+00
1.925514e+00	1.803649e+00	1.689761e+00	1.608551e+00	1.540186e+00	1.524888e+00
1.512873e+00	1.511476e+00	1.510310e+00	1.510150e+00	1.510037e+00	1.510014e+00
1.230295e+01	1.150394e+01	1.075514e+01	1.009340e+01	9.502401e+00	8.465698e+00
7.581458e+00	6.830499e+00	6.190345e+00	5.632295e+00	5.132297e+00	4.679345e+00
4.265862e+00	3.884489e+00	3.527641e+00	3.190707e+00	2.874090e+00	2.579686e+00
2.306482e+00	2.043363e+00	1.785254e+00	1.660482e+00	1.543495e+00	1.459195e+00
1.386354e+00	1.369880e+00	1.356987e+00	1.355482e+00	1.354210e+00	1.354049e+00
1.353924e+00	1.353904e+00	1.249000e+01	1.164042e+01	1.084963e+01	1.016012e+01
9.550008e+00	8.469570e+00	7.568880e+00	6.803742e+00	6.150686e+00	5.582977e+00
5.074056e+00	4.612126e+00	4.190427e+00	3.801478e+00	3.438067e+00	3.095701e+00
2.774381e+00	2.475371e+00	2.198206e+00	1.931849e+00	1.669225e+00	1.541406e+00
1.420454e+00	1.331925e+00	1.254230e+00	1.236459e+00	1.222507e+00	1.220878e+00
1.219491e+00	1.219317e+00	1.219185e+00	1.219165e+00	1.268731e+01	1.179044e+01
1.096099e+01	1.024708e+01	9.620086e+00	8.507560e+00	7.580300e+00	6.799686e+00
6.137296e+00	5.561467e+00	5.044868e+00	4.575452e+00	4.144793e+00	3.747920e+00
3.377616e+00	3.029338e+00	2.702777e+00	2.398668e+00	2.116394e+00	1.846314e+00
1.578716e+00	1.447430e+00	1.321657e+00	1.227948e+00	1.144680e+00	1.125385e+00
1.110135e+00	1.108352e+00	1.106835e+00	1.106632e+00	1.106490e+00	1.106469e+00
1.289699e+01	1.195684e+01	1.109254e+01	1.035768e+01	9.716807e+00	8.575270e+00
7.626926e+00	6.833090e+00	6.160694e+00	5.575900e+00	5.051375e+00	4.575366e+00
4.134466e+00	3.728330e+00	3.349560e+00	2.993433e+00	2.659330e+00	2.347562e+00
2.057697e+00	1.784148e+00	1.511434e+00	1.376502e+00	1.245651e+00	1.146445e+00
1.056940e+00	1.035850e+00	1.019092e+00	1.017116e+00	1.015452e+00	1.015225e+00
1.015078e+00	1.015038e+00	1.311477e+01	1.213531e+01	1.123967e+01	1.048660e+01
9.834104e+00	8.666928e+00	7.699707e+00	6.892225e+00	6.206176e+00	5.608343e+00
5.071109e+00	4.582415e+00	4.138213e+00	3.728740e+00	3.346707e+00	2.987378e+00
2.650077e+00	2.335016e+00	2.039729e+00	1.753947e+00	1.470930e+00	1.330003e+00
1.192159e+00	1.086633e+00	9.892763e-01	9.659115e-01	9.472865e-01	9.450804e-01
9.432265e-01	9.429816e-01	9.428077e-01	9.427316e-01	1.333998e+01	1.232692e+01
1.140515e+01	1.063803e+01	9.977276e+00	8.790587e+00	7.808792e+00	6.989790e+00
6.293433e+00	5.685900e+00	5.140186e+00	4.644589e+00	4.191662e+00	3.774058e+00
3.383880e+00	3.016013e+00	2.669597e+00	2.344470e+00	2.038322e+00	1.743904e+00
1.452239e+00	1.305981e+00	1.161095e+00	1.047608e+00	9.405167e-01	9.143520e-01
8.934523e-01	8.909700e-01	8.888780e-01	8.886177e-01	8.883975e-01	8.882854e-01
1.356985e+01	1.252699e+01	1.158244e+01	1.080396e+01	1.013711e+01	8.935266e+00
7.943758e+00	7.114618e+00	6.408372e+00	5.791170e+00	5.236624e+00	4.733055e+00
4.272787e+00	3.848052e+00	3.450411e+00	3.074329e+00	2.718747e+00	2.383018e+00
2.064905e+00	1.761923e+00	1.461211e+00	1.309994e+00	1.156532e+00	1.027434e+00
9.067503e-01	8.773105e-01	8.537058e-01	8.508735e-01	8.484926e-01	8.482096e-01
8.479349e-01	8.478431e-01	1.380213e+01	1.273200e+01	1.176713e+01	1.097958e+01
1.030878e+01	9.096351e+00	8.099901e+00	7.262960e+00	6.548381e+00	5.922829e+00
5.360653e+00	4.850101e+00	4.383251e+00	3.951973e+00	3.547376e+00	3.163562e+00
2.799432e+00	2.454275e+00	2.124947e+00	1.803661e+00	1.482927e+00	1.320308e+00
1.154086e+00	1.014390e+00	8.810019e-01	8.480482e-01	8.215667e-01	8.183650e-01
8.156791e-01	8.153651e-01	8.150451e-01	8.149893e-01	1.403090e+01	1.293593e+01
1.195301e+01	1.115847e+01	1.048584e+01	9.267010e+00	8.268521e+00	7.426144e+00
6.704991e+00	6.072364e+00	5.503289e+00	4.985970e+00	4.512279e+00	4.073842e+00
3.661511e+00	3.269135e+00	2.895510e+00	2.539681e+00	2.197631e+00	1.858687e+00
1.516400e+00	1.341034e+00	1.160171e+00	1.014647e+00	8.654238e-01	8.278197e-01
7.975998e-01	7.939507e-01	7.908684e-01	7.904962e-01	7.901453e-01	7.901685e-01
1.425399e+01	1.313668e+01	1.213823e+01	1.133954e+01	1.066837e+01	9.450482e+00
8.455668e+00	7.612426e+00	6.888211e+00	6.251220e+00	5.677025e+00	5.153877e+00
4.673686e+00	4.228115e+00	3.808010e+00	3.407142e+00	3.024129e+00	2.657704e+00
2.303000e+00	1.947254e+00	1.580982e+00	1.391796e+00	1.192449e+00	1.025557e+00
8.562990e-01	8.140838e-01	7.799642e-01	7.758416e-01	7.723486e-01	7.719034e-01
7.715473e-01	7.716407e-01	1.448747e+01	1.332922e+01	1.230561e+01	1.150118e+01
1.083493e+01	9.630326e+00	8.648381e+00	7.812302e+00	7.090355e+00	6.451207e+00
5.870632e+00	5.338825e+00	4.850299e+00	4.397775e+00	3.971205e+00	3.563335e+00
3.171818e+00	2.793986e+00	2.424883e+00	2.054066e+00	1.663853e+00	1.454662e+00
1.231945e+00	1.042984e+00	8.560801e-01	8.063001e-01	7.666526e-01	7.616779e-01
7.578485e-01	7.572824e-01	7.570564e-01	7.570389e-01	1.471541e+01	1.351288e+01
1.246274e+01	1.165352e+01	1.099500e+01	9.812186e+00	8.849486e+00	8.026104e+00
7.310078e+00	6.670399e+00	6.082994e+00	5.541190e+00	5.043699e+00	4.584968e+00
4.153486e+00	3.740339e+00	3.341589e+00	2.952218e+00	2.567647e+00	2.183448e+00
1.769348e+00	1.534505e+00	1.283952e+00	1.070966e+00	8.566905e-01	8.007214e-01
7.556839e-01	7.498158e-01	7.456766e-01	7.449773e-01	7.449260e-01	7.447319e-01
1.480700e+01	1.363865e+01	1.260860e+01	1.181762e+01	1.117781e+01	1.002266e+01
9.072235e+00	8.250806e+00	7.530037e+00	6.883279e+00	6.290133e+00	5.744345e+00
5.244190e+00	4.783662e+00	4.350194e+00	3.933732e+00	3.529318e+00	3.130282e+00
2.730805e+00	2.326495e+00	1.880989e+00	1.622915e+00	1.345762e+00	1.107301e+00
8.586335e-01	7.956766e-01	7.458009e-01	7.398393e-01	7.349914e-01	7.340940e-01
7.343910e-01	7.337270e-01	1.482671e+01	1.371346e+01	1.274203e+01	1.200165e+01
1.140009e+01	1.028329e+01	9.330299e+00	8.490896e+00	7.747784e+00	7.083915e+00
6.486062e+00	5.944629e+00	5.451380e+00	4.996224e+00	4.565729e+00	4.149363e+00
3.742170e+00	3.337382e+00	2.924874e+00	2.487575e+00	1.998036e+00	1.722885e+00
1.424799e+00	1.162440e+00	8.704543e-01	7.907480e-01	7.370220e-01	7.317926e-01
7.258650e-01	7.247007e-01	7.255216e-01	7.241137e-01	1.488557e+01	1.379951e+01
1.285090e+01	1.213824e+01	1.156477e+01	1.048400e+01	9.545206e+00	8.709776e+00
7.965077e+00	7.298600e+00	6.701115e+00	6.162493e+00	5.672157e+00	5.218623e+00
4.788434e+00	4.370931e+00	3.960821e+00	3.550635e+00	3.127142e+00	2.664963e+00
2.136395e+00	1.838972e+00	1.511674e+00	1.220237e+00	8.848148e-01	7.908625e-01
7.291873e-01	7.236811e-01	7.170989e-01	7.158174e-01	7.168725e-01	7.148210e-01
1.499416e+01	1.389233e+01	1.294267e+01	1.224561e+01	1.169437e+01	1.064639e+01
9.730916e+00	8.913409e+00	8.182245e+00	7.525131e+00	6.932802e+00	6.396058e+00
5.905627e+00	5.450983e+00	5.019270e+00	4.599920e+00	4.186994e+00	3.771828e+00
3.339205e+00	2.859904e+00	2.298059e+00	1.973394e+00	1.608949e+00	1.282796e+00
9.030723e-01	7.946611e-01	7.225335e-01	7.159208e-01	7.089714e-01	7.077037e-01
7.087780e-01	7.061152e-01	1.507936e+01	1.397137e+01	1.302593e+01	1.234921e+01
1.182359e+01	1.080863e+01	9.916987e+00	9.117096e+00	8.398959e+00	7.751160e+00
7.165289e+00	6.632770e+00	6.144944e+00	5.691756e+00	5.260757e+00	4.841411e+00
4.427221e+00	4.008471e+00	3.567754e+00	3.071134e+00	2.475304e+00	2.123603e+00
1.721713e+00	1.357051e+00	9.275053e-01	8.028203e-01	7.173296e-01	7.092889e-01
7.018856e-01	7.006896e-01	7.017452e-01	6.983965e-01	1.513977e+01	1.402703e+01
1.308725e+01	1.243276e+01	1.193424e+01	1.095265e+01	1.008689e+01	9.306801e+00
8.603972e+00	7.967876e+00	7.390847e+00	6.864973e+00	6.382113e+00	5.932683e+00
5.504601e+00	5.087331e+00	4.673905e+00	4.253559e+00	3.806802e+00	3.294966e+00
2.666820e+00	2.288286e+00	1.847825e+00	1.441208e+00	9.571740e-01	8.143283e-01
7.127800e-01	7.028975e-01	6.949147e-01	6.937932e-01	6.947294e-01	6.907691e-01
1.517886e+01	1.406373e+01	1.313170e+01	1.250061e+01	1.202958e+01	1.108190e+01
1.024315e+01	9.484409e+00	8.798636e+00	8.176132e+00	7.609950e+00	7.092776e+00
6.616961e+00	6.173364e+00	5.750225e+00	5.337015e+00	4.926338e+00	4.506459e+00
4.055834e+00	3.531104e+00	2.872609e+00	2.467566e+00	1.987646e+00	1.535815e+00
9.920851e-01	8.291392e-01	7.093284e-01	6.969703e-01	6.881789e-01	6.871582e-01
6.878079e-01	6.835528e-01	1.520145e+01	1.408593e+01	1.316230e+01	1.255375e+01
1.210908e+01	1.119495e+01	1.038341e+01	9.646970e+00	8.979571e+00	8.372267e+00
7.818778e+00	7.312297e+00	6.845632e+00	6.410025e+00	5.993967e+00	5.586947e+00
5.181188e+00	4.764130e+00	4.312294e+00	3.777924e+00	3.092686e+00	2.662599e+00
2.143678e+00	1.644126e+00	1.034672e+00	8.492357e-01	7.072765e-01	6.918577e-01
6.818484e-01	6.809525e-01	6.811315e-01	6.769508e-01	1.522003e+01	1.410669e+01
1.319164e+01	1.260324e+01	1.218204e+01	1.130020e+01	1.051484e+01	9.800443e+00
9.151647e+00	8.560231e+00	8.020446e+00	7.525937e+00	7.069906e+00	6.643905e+00
6.236622e+00	5.837533e+00	5.438568e+00	5.026458e+00	4.576047e+00	4.035464e+00
3.327645e+00	2.874413e+00	2.317402e+00	1.769432e+00	1.086492e+00	8.757042e-01
7.080108e-01	6.880440e-01	6.764194e-01	6.756282e-01	6.753778e-01	6.711712e-01
1.523368e+01	1.412316e+01	1.321715e+01	1.264777e+01	1.224853e+01	1.139816e+01
1.063849e+01	9.946150e+00	9.316333e+00	8.741507e+00	8.216379e+00	7.735012e+00
7.290963e+00	6.876055e+00	6.479138e+00	6.089667e+00	5.699344e+00	5.294291e+00
4.847851e+00	4.304259e+00	3.577587e+00	3.102818e+00	2.508285e+00	1.910500e+00
1.146596e+00	9.078285e-01	7.098317e-01	6.851876e-01	6.714615e-01	6.707486e-01
6.700679e-01	6.658832e-01	1.523513e+01	1.412811e+01	1.323310e+01	1.268161e+01
1.230273e+01	1.148262e+01	1.074780e+01	1.007724e+01	9.466592e+00	8.908928e+00
8.399336e+00	7.932278e+00	7.501586e+00	7.099332e+00	6.714461e+00	6.336419e+00
5.956769e+00	5.561188e+00	5.121767e+00	4.579275e+00	3.839035e+00	3.345443e+00
2.715290e+00	2.066898e+00	1.215129e+00	9.453041e-01	7.129113e-01	6.843281e-01
6.668774e-01	6.661863e-01	6.650231e-01	6.611188e-01	1.523249e+01	1.412968e+01
1.324288e+01	1.270686e+01	1.234606e+01	1.155399e+01	1.084251e+01	1.019288e+01
9.601071e+00	9.060672e+00	8.567088e+00	8.115144e+00	7.698882e+00	7.310587e+00
6.939235e+00	6.574260e+00	6.207191e+00	5.823457e+00	5.394237e+00	4.857489e+00
4.110378e+00	3.601977e+00	2.940023e+00	2.242165e+00	1.295742e+00	9.913520e-01
7.195617e-01	6.840507e-01	6.627610e-01	6.620120e-01	6.603327e-01	6.569164e-01
1.522695e+01	1.412699e+01	1.324552e+01	1.272435e+01	1.238027e+01	1.161375e+01
1.092397e+01	1.029412e+01	9.720435e+00	9.196999e+00	8.719502e+00	8.283046e+00
7.881908e+00	7.508510e+00	7.151844e+00	6.801321e+00	6.448559e+00	6.078913e+00
5.662975e+00	5.136452e+00	4.388946e+00	3.869722e+00	3.179923e+00	2.434254e+00
1.387318e+00	1.045094e+00	7.285379e-01	6.852040e-01	6.592150e-01	6.582018e-01
6.560308e-01	6.532157e-01	1.521841e+01	1.412042e+01	1.324686e+01	1.273826e+01
1.240952e+01	1.166669e+01	1.099735e+01	1.038640e+01	9.830267e+00	9.323526e+00
8.862130e+00	8.441415e+00	8.055905e+00	7.698123e+00	7.357080e+00	7.022163e+00
6.685174e+00	6.331547e+00	5.931571e+00	5.419214e+00	4.677137e+00	4.150750e+00
3.436798e+00	2.644783e+00	1.490907e+00	1.107188e+00	7.406361e-01	6.890513e-01
6.560589e-01	6.546670e-01	6.520252e-01	6.498626e-01	1.521403e+01	1.411837e+01
1.324959e+01	1.275319e+01	1.243822e+01	1.171654e+01	1.106564e+01	1.047204e+01
9.932287e+00	9.441422e+00	8.995671e+00	8.590560e+00	8.220786e+00	7.878951e+00
7.553996e+00	7.235312e+00	6.915079e+00	6.579135e+00	6.197803e+00	5.703555e+00
4.972658e+00	4.442863e+00	3.708749e+00	2.872495e+00	1.607772e+00	1.177730e+00
7.553233e-01	6.941226e-01	6.537844e-01	6.516605e-01	6.486159e-01	6.470651e-01
1.521274e+01	1.411902e+01	1.325632e+01	1.276975e+01	1.246644e+01	1.176282e+01
1.112799e+01	1.054987e+01	1.002509e+01	9.549094e+00	9.118438e+00	8.728749e+00
8.374746e+00	8.048983e+00	7.740087e+00	7.437450e+00	7.134082e+00	6.816972e+00
6.457105e+00	5.985346e+00	5.272191e+00	4.743643e+00	3.994767e+00	3.118375e+00
1.742425e+00	1.260563e+00	7.750017e-01	7.025996e-01	6.521579e-01	6.492066e-01
6.458035e-01	6.448377e-01	1.520682e+01	1.411720e+01	1.326052e+01	1.278439e+01
1.249224e+01	1.180610e+01	1.118663e+01	1.062263e+01	1.011095e+01	9.647123e+00
9.227745e+00	8.849150e+00	8.507056e+00	8.195424e+00	7.904759e+00	7.625131e+00
7.347363e+00	7.053763e+00	6.712896e+00	6.261561e+00	5.569494e+00	5.045605e+00
4.290748e+00	3.384050e+00	1.896365e+00	1.351936e+00	7.970478e-01	7.135791e-01
6.516407e-01	6.468355e-01	6.435819e-01	6.428064e-01	1.518847e+01	1.410810e+01
1.326171e+01	1.279614e+01	1.251458e+01	1.184524e+01	1.123984e+01	1.068812e+01
1.018744e+01	9.733622e+00	9.323585e+00	8.954475e+00	8.623102e+00	8.325002e+00
8.052969e+00	7.798112e+00	7.548777e+00	7.281279e+00	6.960438e+00	6.529881e+00
5.861937e+00	5.347201e+00	4.594220e+00	3.666290e+00	2.070507e+00	1.455344e+00
8.226513e-01	7.267349e-01	6.515367e-01	6.453787e-01	6.419056e-01	6.409451e-01
1.516017e+01	1.409393e+01	1.325936e+01	1.280496e+01	1.253252e+01	1.187802e+01
1.128419e+01	1.074255e+01	1.025110e+01	9.806713e+00	9.407373e+00	9.050466e+00
8.732866e+00	8.450000e+00	8.194406e+00	7.957341e+00	7.728320e+00	7.485397e+00
7.193490e+00	6.790915e+00	6.149727e+00	5.649430e+00	4.902446e+00	3.956693e+00
2.260081e+00	1.577127e+00	8.541191e-01	7.402752e-01	6.517807e-01	6.450531e-01
6.406164e-01	6.392477e-01	1.515039e+01	1.409306e+01	1.326551e+01	1.281651e+01
1.254826e+01	1.190229e+01	1.131712e+01	1.078510e+01	1.030378e+01	9.870413e+00
9.482828e+00	9.138391e+00	8.833871e+00	8.564405e+00	8.322016e+00	8.098500e+00
7.886673e+00	7.670843e+00	7.418331e+00	7.054244e+00	6.437620e+00	5.947246e+00
5.212914e+00	4.260660e+00	2.464996e+00	1.712536e+00	8.914033e-01	7.597411e-01
6.533267e-01	6.440257e-01	6.388791e-01	6.377465e-01	1.513994e+01	1.409203e+01
1.327381e+01	1.282957e+01	1.256499e+01	1.192709e+01	1.135003e+01	1.082663e+01
1.035446e+01	9.930836e+00	9.553559e+00	9.220058e+00	8.927180e+00	8.670096e+00
8.440743e+00	8.231493e+00	8.037491e+00	7.847379e+00	7.630660e+00	7.304854e+00
6.720430e+00	6.245234e+00	5.528037e+00	4.574579e+00	2.688349e+00	1.863943e+00
9.341715e-01	7.829275e-01	6.558565e-01	6.436853e-01	6.375237e-01	6.365669e-01
1.512485e+01	1.408975e+01	1.328169e+01	1.284382e+01	1.258350e+01	1.195428e+01
1.138495e+01	1.086870e+01	1.040394e+01	9.987760e+00	9.618418e+00	9.293564e+00
9.010397e+00	8.764560e+00	8.548533e+00	8.355270e+00	8.180432e+00	8.013101e+00
7.823857e+00	7.532313e+00	6.990362e+00	6.538615e+00	5.842340e+00	4.891820e+00
2.931447e+00	2.034211e+00	9.842403e-01	8.106514e-01	6.598657e-01	6.440914e-01
6.366686e-01	6.357079e-01	1.510252e+01	1.408307e+01	1.328665e+01	1.285674e+01
1.260181e+01	1.198211e+01	1.141977e+01	1.090919e+01	1.044932e+01	1.003800e+01
9.674240e+00	9.356101e+00	9.081286e+00	8.846086e+00	8.643879e+00	8.468017e+00
8.313205e+00	8.165874e+00	7.996769e+00	7.736132e+00	7.245544e+00	6.823651e+00
6.150050e+00	5.206568e+00	3.193290e+00	2.222276e+00	1.041896e+00	8.429551e-01
6.651312e-01	6.455164e-01	6.360253e-01	6.349974e-01	1.507433e+01	1.407223e+01
1.329054e+01	1.286851e+01	1.261837e+01	1.200774e+01	1.145182e+01	1.094636e+01
1.049068e+01	1.008350e+01	9.724605e+00	9.412467e+00	9.145305e+00	8.920080e+00
8.731148e+00	8.572292e+00	8.437055e+00	8.308659e+00	8.157908e+00	7.927651e+00
7.492106e+00	7.103763e+00	6.456677e+00	5.525947e+00	3.473665e+00	2.427800e+00
1.106851e+00	8.798332e-01	6.716828e-01	6.478400e-01	6.355040e-01	6.343448e-01
1.504221e+01	1.406015e+01	1.329314e+01	1.287718e+01	1.262822e+01	1.202369e+01
1.147310e+01	1.097304e+01	1.052264e+01	1.012080e+01	9.767514e+00	9.461616e+00
9.201624e+00	8.984952e+00	8.806575e+00	8.660829e+00	8.541544e+00	8.431937e+00
8.304067e+00	8.106866e+00	7.722709e+00	7.367788e+00	6.756030e+00	5.850212e+00
3.764982e+00	2.646014e+00	1.180134e+00	9.230744e-01	6.798504e-01	6.498802e-01
6.351214e-01	6.336130e-01	1.500175e+01	1.404459e+01	1.329500e+01	1.288387e+01
1.263444e+01	1.203408e+01	1.148771e+01	1.099254e+01	1.054742e+01	1.015113e+01
9.803486e+00	9.503585e+00	9.250056e+00	9.040591e+00	8.870537e+00	8.734868e+00
8.628545e+00	8.536701e+00	8.433722e+00	8.270545e+00	7.934165e+00	7.612111e+00
7.042383e+00	6.172625e+00	4.064824e+00	2.877504e+00	1.264554e+00	9.752415e-01
6.908024e-01	6.520216e-01	6.348639e-01	6.328680e-01	1.494536e+01	1.402378e+01
1.329874e+01	1.289401e+01	1.264277e+01	1.204634e+01	1.150378e+01	1.101257e+01
1.057150e+01	1.017946e+01	9.836306e+00	9.541281e+00	9.293205e+00	9.090037e+00
8.927503e+00	8.801169e+00	8.706930e+00	8.631413e+00	8.551157e+00	8.420122e+00
8.130902e+00	7.841199e+00	7.311909e+00	6.480658e+00	4.375736e+00	3.129154e+00
1.359644e+00	1.033395e+00	7.039849e-01	6.563475e-01	6.351430e-01	6.324782e-01
1.487342e+01	1.399770e+01	1.330395e+01	1.290660e+01	1.265207e+01	1.205915e+01
1.151997e+01	1.103208e+01	1.059439e+01	1.020588e+01	9.866588e+00	9.575812e+00
9.332584e+00	9.135111e+00	8.979487e+00	8.861853e+00	8.778971e+00	8.718846e+00
8.660142e+00	8.560184e+00	8.317624e+00	8.060209e+00	7.571518e+00	6.781837e+00
4.699164e+00	3.401595e+00	1.466310e+00	1.098277e+00	7.195630e-01	6.634521e-01
6.359113e-01	6.322041e-01	1.479586e+01	1.396876e+01	1.330775e+01	1.291830e+01
1.265986e+01	1.207024e+01	1.153410e+01	1.104909e+01	1.061422e+01	1.022867e+01
9.892462e+00	9.605161e+00	9.366002e+00	9.173512e+00	9.024255e+00	8.914916e+00
8.842868e+00	8.796994e+00	8.757789e+00	8.686839e+00	8.490207e+00	8.265436e+00
7.817770e+00	7.069573e+00	5.024669e+00	3.692859e+00	1.585934e+00	1.170221e+00
7.371199e-01	6.722462e-01	6.363846e-01	6.318968e-01	1.470870e+01	1.393490e+01
1.331024e+01	1.292890e+01	1.266606e+01	1.207954e+01	1.154616e+01	1.106362e+01
1.063103e+01	1.024777e+01	9.913777e+00	9.629064e+00	9.393113e+00	9.204848e+00
9.061360e+00	8.959823e+00	8.897970e+00	8.865012e+00	8.842852e+00	8.798075e+00
8.645715e+00	8.453489e+00	8.045962e+00	7.336196e+00	5.343855e+00	4.003543e+00
1.722766e+00	1.251317e+00	7.577314e-01	6.846475e-01	6.365617e-01	6.315174e-01
1.462319e+01	1.390121e+01	1.331161e+01	1.293816e+01	1.267073e+01	1.208622e+01
1.155427e+01	1.107347e+01	1.064289e+01	1.026231e+01	9.931555e+00	9.650461e+00
9.418039e+00	9.233212e+00	9.093961e+00	8.998363e+00	8.944630e+00	8.922564e+00
8.916018e+00	8.896972e+00	8.784820e+00	8.619943e+00	8.254763e+00	7.602140e+00
5.681615e+00	4.311586e+00	1.867983e+00	1.344291e+00	7.829515e-01	6.968732e-01
6.388843e-01	6.314476e-01	1.454351e+01	1.386968e+01	1.331267e+01	1.294659e+01
1.267485e+01	1.209184e+01	1.156079e+01	1.108127e+01	1.065243e+01	1.027426e+01
9.946590e+00	9.669011e+00	9.440090e+00	9.258597e+00	9.123016e+00	9.032129e+00
8.984741e+00	8.971711e+00	8.979024e+00	8.982961e+00	8.907582e+00	8.769628e+00
8.448949e+00	7.857582e+00	6.014907e+00	4.623938e+00	2.029858e+00	1.450523e+00
8.129993e-01	7.104060e-01	6.421196e-01	6.314600e-01	1.447524e+01	1.384266e+01
1.331385e+01	1.295392e+01	1.267868e+01	1.209729e+01	1.156758e+01	1.108936e+01
1.066214e+01	1.028552e+01	9.959483e+00	9.683877e+00	9.457807e+00	9.280235e+00
9.149028e+00	9.062620e+00	9.020457e+00	9.015059e+00	9.034191e+00	9.055707e+00
9.014836e+00	8.910037e+00	8.636084e+00	8.086211e+00	6.305781e+00	4.959972e+00
2.227823e+00	1.568593e+00	8.458401e-01	7.293324e-01	6.414067e-01	6.315906e-01
1.441272e+01	1.381463e+01	1.331012e+01	1.295566e+01	1.267761e+01	1.209782e+01
1.156931e+01	1.109252e+01	1.066687e+01	1.029196e+01	9.967796e+00	9.694217e+00
9.470417e+00	9.295456e+00	9.167389e+00	9.084952e+00	9.047962e+00	9.049718e+00
9.079396e+00	9.117614e+00	9.106849e+00	9.028388e+00	8.797217e+00	8.302305e+00
6.610677e+00	5.285653e+00	2.441461e+00	1.699996e+00	8.844943e-01	7.500627e-01
6.441896e-01	6.305500e-01	1.436309e+01	1.379534e+01	1.330968e+01	1.295960e+01
1.267859e+01	1.210008e+01	1.157308e+01	1.109782e+01	1.067371e+01	1.030039e+01
9.977913e+00	9.706095e+00	9.484253e+00	9.311545e+00	9.186236e+00	9.107307e+00
9.074940e+00	9.083084e+00	9.122175e+00	9.175467e+00	9.191892e+00	9.137377e+00
8.946898e+00	8.507865e+00	6.913610e+00	5.614557e+00	2.673865e+00	1.845635e+00
9.286352e-01	7.739558e-01	6.483511e-01	6.302625e-01	1.432575e+01	1.378363e+01
1.331571e+01	1.296940e+01	1.268569e+01	1.210817e+01	1.158215e+01	1.110783e+01
1.068461e+01	1.031230e+01	9.990886e+00	9.720236e+00	9.499867e+00	9.329041e+00
9.206086e+00	9.130053e+00	9.101512e+00	9.115032e+00	9.162174e+00	9.228447e+00
9.268738e+00	9.235867e+00	9.083331e+00	8.697756e+00	7.204208e+00	5.942670e+00
2.924853e+00	2.007978e+00	9.800389e-01	8.027350e-01	6.535893e-01	6.311284e-01
1.428609e+01	1.376764e+01	1.331487e+01	1.297190e+01	1.268570e+01	1.210934e+01
1.158450e+01	1.111135e+01	1.068923e+01	1.031793e+01	9.997498e+00	9.727932e+00
9.508961e+00	9.340004e+00	9.219211e+00	9.145611e+00	9.120177e+00	9.138242e+00
9.192522e+00	9.270162e+00	9.330431e+00	9.316176e+00	9.199674e+00	8.868530e+00
7.476061e+00	6.256341e+00	3.193018e+00	2.190050e+00	1.038418e+00	8.355704e-01
6.599636e-01	6.309546e-01	1.424773e+01	1.375102e+01	1.331361e+01	1.297366e+01
1.268571e+01	1.211010e+01	1.158615e+01	1.111394e+01	1.069273e+01	1.032231e+01
1.000275e+01	9.734151e+00	9.516393e+00	9.349032e+00	9.230124e+00	9.158740e+00
9.136159e+00	9.158277e+00	9.218774e+00	9.306553e+00	9.385469e+00	9.388627e+00
9.305065e+00	9.024663e+00	7.739648e+00	6.571254e+00	3.477613e+00	2.389996e+00
1.103872e+00	8.730134e-01	6.675075e-01	6.306194e-01	1.421543e+01	1.373836e+01
1.331396e+01	1.297675e+01	1.268647e+01	1.211189e+01	1.158887e+01	1.111746e+01
1.069705e+01	1.032747e+01	1.000890e+01	9.741323e+00	9.524437e+00	9.357860e+00
9.240259e+00	9.171207e+00	9.151877e+00	9.177570e+00	9.242155e+00	9.338005e+00
9.437257e+00	9.458457e+00	9.398181e+00	9.151044e+00	7.995764e+00	6.907770e+00
3.765656e+00	2.600783e+00	1.178325e+00	9.186287e-01	6.768053e-01	6.303475e-01
1.418823e+01	1.372846e+01	1.331582e+01	1.298091e+01	1.268891e+01	1.211469e+01
1.159230e+01	1.112141e+01	1.070160e+01	1.033277e+01	1.001522e+01	9.748651e+00
9.532317e+00	9.365902e+00	9.249164e+00	9.182377e+00	9.166375e+00	9.195121e+00
9.262230e+00	9.364425e+00	9.483797e+00	9.522541e+00	9.478313e+00	9.252946e+00
8.237628e+00	7.254949e+00	4.055085e+00	2.823685e+00	1.264541e+00	9.754706e-01
6.888417e-01	6.301255e-01	1.416247e+01	1.371776e+01	1.331549e+01	1.298255e+01
1.268902e+01	1.211539e+01	1.159343e+01	1.112303e+01	1.070372e+01	1.033546e+01
1.001860e+01	9.752768e+00	9.537160e+00	9.371479e+00	9.255761e+00	9.190555e+00
9.176747e+00	9.208133e+00	9.278525e+00	9.386511e+00	9.519652e+00	9.571760e+00
9.547340e+00	9.351461e+00	8.449118e+00	7.557214e+00	4.364118e+00	3.070090e+00
1.360521e+00	1.036751e+00	7.022736e-01	6.300596e-01	1.413830e+01	1.370713e+01
1.331443e+01	1.298355e+01	1.268894e+01	1.211572e+01	1.159405e+01	1.112403e+01
1.070513e+01	1.033732e+01	1.002099e+01	9.755765e+00	9.540844e+00	9.375981e+00
9.261267e+00	9.197331e+00	9.185233e+00	9.218965e+00	9.292733e+00	9.406069e+00
9.550039e+00	9.613371e+00	9.609342e+00	9.446254e+00	8.643595e+00	7.835592e+00
4.691648e+00	3.340512e+00	1.467304e+00	1.103614e+00	7.174034e-01	6.300216e-01
1.411897e+01	1.369994e+01	1.331446e+01	1.298552e+01	1.268934e+01	1.211674e+01
1.159547e+01	1.112587e+01	1.070734e+01	1.033986e+01	1.002389e+01	9.759138e+00
9.544966e+00	9.381150e+00	9.267481e+00	9.204436e+00	9.193350e+00	9.229095e+00
9.306698e+00	9.425579e+00	9.576419e+00	9.646331e+00	9.664155e+00	9.542981e+00
8.827886e+00	8.065930e+00	5.032893e+00	3.639265e+00	1.585557e+00	1.175024e+00
7.353145e-01	6.300509e-01	1.410458e+01	1.369579e+01	1.331763e+01	1.299026e+01
1.269305e+01	1.212061e+01	1.159945e+01	1.112991e+01	1.071136e+01	1.034381e+01
1.002774e+01	9.763195e+00	9.549882e+00	9.387537e+00	9.274995e+00	9.212215e+00
9.201205e+00	9.238593e+00	9.320665e+00	9.445470e+00	9.598686e+00	9.670868e+00
9.711385e+00	9.644198e+00	8.999740e+00	8.241924e+00	5.386094e+00	3.973968e+00
1.717473e+00	1.250849e+00	7.580387e-01	6.303755e-01	1.408968e+01	1.368980e+01
1.331779e+01	1.299136e+01	1.269346e+01	1.212106e+01	1.160004e+01	1.113058e+01
1.071233e+01	1.034508e+01	1.002942e+01	9.765263e+00	9.552499e+00	9.390848e+00
9.279007e+00	9.216868e+00	9.206658e+00	9.245525e+00	9.330317e+00	9.459156e+00
9.617782e+00	9.695001e+00	9.750550e+00	9.715409e+00	9.153832e+00	8.439046e+00
5.724874e+00	4.299455e+00	1.874204e+00	1.341774e+00	7.834732e-01	6.304141e-01
1.407691e+01	1.368488e+01	1.331739e+01	1.299199e+01	1.269327e+01	1.212096e+01
1.160014e+01	1.113085e+01	1.071291e+01	1.034600e+01	1.003081e+01	9.767061e+00
9.554700e+00	9.393423e+00	9.282069e+00	9.220634e+00	9.211449e+00	9.251633e+00
9.338192e+00	9.469927e+00	9.635102e+00	9.718867e+00	9.784222e+00	9.768368e+00
9.291759e+00	8.648052e+00	6.049736e+00	4.617696e+00	2.060330e+00	1.449482e+00
8.125331e-01	6.303884e-01	1.406903e+01	1.368366e+01	1.332068e+01	1.299624e+01
1.269656e+01	1.212422e+01	1.160343e+01	1.113432e+01	1.071644e+01	1.034979e+01
1.003473e+01	9.771200e+00	9.559091e+00	9.398099e+00	9.287138e+00	9.226249e+00
9.217845e+00	9.259119e+00	9.347290e+00	9.481585e+00	9.652128e+00	9.741220e+00
9.815517e+00	9.817483e+00	9.416833e+00	8.836423e+00	6.370810e+00	4.946389e+00
2.271480e+00	1.571506e+00	8.466155e-01	6.305286e-01	1.405926e+01	1.368002e+01
1.332068e+01	1.299726e+01	1.269685e+01	1.212460e+01	1.160398e+01	1.113492e+01
1.071727e+01	1.035098e+01	1.003619e+01	9.773019e+00	9.561143e+00	9.400541e+00
9.290065e+00	9.229556e+00	9.221540e+00	9.263560e+00	9.353072e+00	9.489932e+00
9.665262e+00	9.758360e+00	9.840484e+00	9.858404e+00	9.525617e+00	9.006278e+00
6.682825e+00	5.277589e+00	2.496788e+00	1.729733e+00	8.858002e-01	6.299803e-01
1.404943e+01	1.367512e+01	1.332023e+01	1.299713e+01	1.269654e+01	1.212451e+01
1.160439e+01	1.113569e+01	1.071826e+01	1.035201e+01	1.003694e+01	9.773415e+00
9.561540e+00	9.401051e+00	9.290775e+00	9.230990e+00	9.224071e+00	9.267279e+00
9.358074e+00	9.495881e+00	9.674213e+00	9.772372e+00	9.862152e+00	9.893933e+00
9.622846e+00	9.158518e+00	6.981982e+00	5.613686e+00	2.738857e+00	1.902866e+00
9.301756e-01	6.293877e-01	1.403992e+01	1.366898e+01	1.331604e+01	1.299371e+01
1.269298e+01	1.212302e+01	1.160477e+01	1.113712e+01	1.071988e+01	1.035305e+01
1.003731e+01	9.772947e+00	9.560475e+00	9.400009e+00	9.290328e+00	9.231442e+00
9.225772e+00	9.270566e+00	9.362625e+00	9.499889e+00	9.679748e+00	9.783648e+00
9.880938e+00	9.924422e+00	9.708670e+00	9.291878e+00	7.262963e+00	5.951941e+00
2.997703e+00	2.083280e+00	9.810561e-01	6.289695e-01	