5.615986e-01	5.807064e-01	5.997477e-01	6.184047e-01	6.366084e-01	6.715019e-01
7.041915e-01	7.346647e-01	7.633600e-01	7.915401e-01	8.209961e-01	8.523734e-01
8.856564e-01	9.210353e-01	9.586109e-01	9.982063e-01	1.039165e+00	1.079713e+00
1.115953e+00	1.138988e+00	1.140347e+00	1.138334e+00	1.152632e+00	1.183235e+00
1.215123e+00	1.220811e+00	1.229978e+00	1.231620e+00	1.232285e+00	1.232391e+00
1.232160e+00	1.232423e+00	6.173713e-01	6.374732e-01	6.574822e-01	6.770683e-01
6.961649e-01	7.327475e-01	7.669983e-01	7.989128e-01	8.289431e-01	8.583769e-01
8.890331e-01	9.215596e-01	9.559353e-01	9.923557e-01	1.030949e+00	1.071562e+00
1.113538e+00	1.155104e+00	1.192371e+00	1.216460e+00	1.218885e+00	1.217378e+00
1.232154e+00	1.263096e+00	1.295390e+00	1.301214e+00	1.310447e+00	1.312090e+00
1.312766e+00	1.312872e+00	1.312645e+00	1.312906e+00	6.786828e-01	6.997892e-01
7.207745e-01	7.412970e-01	7.612931e-01	7.995791e-01	8.354069e-01	8.687795e-01
9.001607e-01	9.308573e-01	9.627085e-01	9.963616e-01	1.031791e+00	1.069199e+00
1.108745e+00	1.150308e+00	1.193235e+00	1.235760e+00	1.274022e+00	1.299201e+00
1.302832e+00	1.301912e+00	1.317161e+00	1.348347e+00	1.380958e+00	1.386913e+00
1.396179e+00	1.397819e+00	1.398503e+00	1.398609e+00	1.398387e+00	1.398645e+00
7.460832e-01	7.681968e-01	7.901597e-01	8.116185e-01	8.325142e-01	8.725063e-01
9.099168e-01	9.447562e-01	9.774968e-01	1.009458e+00	1.042489e+00	1.077235e+00
1.113666e+00	1.151992e+00	1.192412e+00	1.234841e+00	1.278635e+00	1.322047e+00
1.361265e+00	1.387570e+00	1.392560e+00	1.392315e+00	1.408033e+00	1.439353e+00
1.472178e+00	1.478255e+00	1.487521e+00	1.489149e+00	1.489839e+00	1.489945e+00
1.489730e+00	1.489983e+00	8.201772e-01	8.432917e-01	8.662241e-01	8.886109e-01
9.103982e-01	9.520848e-01	9.910723e-01	1.027377e+00	1.061477e+00	1.094696e+00
1.128882e+00	1.164673e+00	1.202038e+00	1.241197e+00	1.282392e+00	1.325587e+00
1.370147e+00	1.414360e+00	1.454481e+00	1.481950e+00	1.488469e+00	1.488996e+00
1.505175e+00	1.536501e+00	1.569424e+00	1.575613e+00	1.584838e+00	1.586446e+00
1.587140e+00	1.587246e+00	1.587040e+00	1.587286e+00	9.016295e-01	9.257274e-01
9.496109e-01	9.729071e-01	9.955685e-01	1.038922e+00	1.079466e+00	1.117224e+00
1.152673e+00	1.187131e+00	1.222434e+00	1.259208e+00	1.297422e+00	1.337309e+00
1.379163e+00	1.423001e+00	1.468209e+00	1.513118e+00	1.554081e+00	1.582749e+00
1.590983e+00	1.592390e+00	1.609018e+00	1.640205e+00	1.673094e+00	1.679384e+00
1.688522e+00	1.690100e+00	1.690796e+00	1.690901e+00	1.690706e+00	1.690944e+00
9.911709e-01	1.016222e+00	1.041025e+00	1.065200e+00	1.088707e+00	1.133678e+00
1.175744e+00	1.214928e+00	1.251703e+00	1.287371e+00	1.323739e+00	1.361417e+00
1.400376e+00	1.440864e+00	1.483236e+00	1.527573e+00	1.573289e+00	1.618773e+00
1.660501e+00	1.690404e+00	1.700557e+00	1.702963e+00	1.720026e+00	1.750909e+00
1.783611e+00	1.789989e+00	1.798990e+00	1.800526e+00	1.801222e+00	1.801325e+00
1.801143e+00	1.801371e+00	1.089605e+00	1.115562e+00	1.141239e+00	1.166248e+00
1.190558e+00	1.237078e+00	1.280608e+00	1.321176e+00	1.359241e+00	1.396075e+00
1.433439e+00	1.471922e+00	1.511499e+00	1.552437e+00	1.595162e+00	1.639831e+00
1.685890e+00	1.731804e+00	1.774209e+00	1.805382e+00	1.817678e+00	1.821215e+00
1.838693e+00	1.869085e+00	1.901429e+00	1.907878e+00	1.916684e+00	1.918168e+00
1.918860e+00	1.918961e+00	1.918794e+00	1.919009e+00	1.197814e+00	1.224614e+00
1.251100e+00	1.276881e+00	1.301938e+00	1.349908e+00	1.394826e+00	1.436716e+00
1.476019e+00	1.513958e+00	1.552230e+00	1.591396e+00	1.631440e+00	1.672651e+00
1.715535e+00	1.760338e+00	1.806550e+00	1.852728e+00	1.895703e+00	1.928180e+00
1.942865e+00	1.947678e+00	1.965546e+00	1.995238e+00	2.027030e+00	2.033531e+00
2.042079e+00	2.043496e+00	2.044181e+00	2.044279e+00	2.044131e+00	2.044329e+00
1.316770e+00	1.344325e+00	1.371536e+00	1.398010e+00	1.423738e+00	1.473028e+00
1.519230e+00	1.562360e+00	1.602829e+00	1.641795e+00	1.680865e+00	1.720568e+00
1.760898e+00	1.802172e+00	1.844991e+00	1.889700e+00	1.935846e+00	1.982096e+00
2.025517e+00	2.059331e+00	2.076674e+00	2.082923e+00	2.101151e+00	2.129904e+00
2.160927e+00	2.167461e+00	2.175677e+00	2.177013e+00	2.177686e+00	2.177780e+00
2.177654e+00	2.177834e+00	1.447539e+00	1.475739e+00	1.503567e+00	1.530629e+00
1.556933e+00	1.607379e+00	1.654730e+00	1.698991e+00	1.740534e+00	1.780426e+00
1.820161e+00	1.860224e+00	1.900630e+00	1.941724e+00	1.984216e+00	2.028570e+00
2.074395e+00	2.120497e+00	2.164221e+00	2.199402e+00	2.219699e+00	2.227558e+00
2.246111e+00	2.273660e+00	2.303669e+00	2.310210e+00	2.318015e+00	2.319253e+00
2.319911e+00	2.320000e+00	2.319899e+00	2.320057e+00	1.591295e+00	1.620000e+00
1.648307e+00	1.675829e+00	1.702588e+00	1.753983e+00	1.802315e+00	1.847572e+00
1.890070e+00	1.930764e+00	1.971000e+00	2.011217e+00	2.051449e+00	2.092081e+00
2.133947e+00	2.177644e+00	2.222860e+00	2.268562e+00	2.312422e+00	2.349001e+00
2.372575e+00	2.382237e+00	2.401073e+00	2.427119e+00	2.455840e+00	2.462362e+00
2.469665e+00	2.470787e+00	2.471424e+00	2.471508e+00	2.471435e+00	2.471567e+00
1.749327e+00	1.778362e+00	1.806981e+00	1.834803e+00	1.861870e+00	1.913958e+00
1.963064e+00	2.009146e+00	2.052453e+00	2.093796e+00	2.134340e+00	2.174465e+00
2.214236e+00	2.254082e+00	2.294976e+00	2.337673e+00	2.381951e+00	2.426965e+00
2.470772e+00	2.508775e+00	2.535979e+00	2.547657e+00	2.566725e+00	2.590935e+00
2.618063e+00	2.624534e+00	2.631237e+00	2.632221e+00	2.632832e+00	2.632910e+00
2.632870e+00	2.632973e+00	1.923054e+00	1.952206e+00	1.980929e+00	2.008857e+00
2.036053e+00	2.088524e+00	2.138149e+00	2.184851e+00	2.228787e+00	2.270593e+00
2.311215e+00	2.350964e+00	2.389941e+00	2.428627e+00	2.468157e+00	2.509463e+00
2.552428e+00	2.596429e+00	2.639966e+00	2.679417e+00	2.710637e+00	2.724564e+00
2.743806e+00	2.765807e+00	2.791001e+00	2.797386e+00	2.803379e+00	2.804204e+00
2.804783e+00	2.804852e+00	2.804849e+00	2.804918e+00	2.114034e+00	2.143043e+00
2.171623e+00	2.199423e+00	2.226532e+00	2.279012e+00	2.328851e+00	2.375921e+00
2.420270e+00	2.462320e+00	2.502749e+00	2.541789e+00	2.579588e+00	2.616688e+00
2.654407e+00	2.693877e+00	2.735106e+00	2.777726e+00	2.820745e+00	2.861665e+00
2.897324e+00	2.913754e+00	2.933104e+00	2.952483e+00	2.975363e+00	2.981623e+00
2.986783e+00	2.987423e+00	2.987963e+00	2.988023e+00	2.988063e+00	2.988093e+00
2.325696e+00	2.353897e+00	2.381721e+00	2.408864e+00	2.435444e+00	2.487291e+00
2.537005e+00	2.584372e+00	2.629251e+00	2.671712e+00	2.711984e+00	2.750166e+00
2.786457e+00	2.821480e+00	2.856798e+00	2.893814e+00	2.932693e+00	2.973400e+00
3.015627e+00	3.058446e+00	3.100113e+00	3.119949e+00	3.139355e+00	3.155059e+00
3.175029e+00	3.181275e+00	3.185337e+00	3.185721e+00	3.186221e+00	3.186268e+00
3.186375e+00	3.186346e+00	2.557172e+00	2.584406e+00	2.611307e+00	2.637612e+00
2.663468e+00	2.714272e+00	2.763411e+00	2.810578e+00	2.855447e+00	2.897741e+00
2.937265e+00	2.973997e+00	3.008203e+00	3.040592e+00	3.072982e+00	3.107045e+00
3.143118e+00	3.181516e+00	3.222628e+00	3.267091e+00	3.314561e+00	3.337713e+00
3.357067e+00	3.368960e+00	3.385659e+00	3.391740e+00	3.394637e+00	3.394763e+00
3.395210e+00	3.395244e+00	3.395412e+00	3.395328e+00	2.802706e+00	2.830546e+00
2.857893e+00	2.884384e+00	2.910196e+00	2.960420e+00	3.008282e+00	3.053502e+00
3.095858e+00	3.135231e+00	3.171669e+00	3.205236e+00	3.236296e+00	3.265588e+00
3.294973e+00	3.326193e+00	3.359714e+00	3.396056e+00	3.435862e+00	3.479898e+00
3.527809e+00	3.551302e+00	3.570469e+00	3.581275e+00	3.595073e+00	3.600047e+00
3.602313e+00	3.602383e+00	3.602730e+00	3.602759e+00	3.602887e+00	3.602823e+00
3.061280e+00	3.091586e+00	3.121024e+00	3.148957e+00	3.175587e+00	3.225888e+00
3.271741e+00	3.313055e+00	3.350088e+00	3.383486e+00	3.414271e+00	3.442785e+00
3.469487e+00	3.495077e+00	3.521260e+00	3.549649e+00	3.580773e+00	3.615160e+00
3.653216e+00	3.694507e+00	3.737585e+00	3.758638e+00	3.777383e+00	3.789473e+00
3.800848e+00	3.803941e+00	3.806077e+00	3.806276e+00	3.806485e+00	3.806516e+00
3.806520e+00	3.806540e+00	3.332824e+00	3.365504e+00	3.396995e+00	3.426406e+00
3.453970e+00	3.504712e+00	3.548903e+00	3.586440e+00	3.617942e+00	3.644774e+00
3.668877e+00	3.690903e+00	3.711436e+00	3.731331e+00	3.752434e+00	3.776441e+00
3.803739e+00	3.834326e+00	3.868134e+00	3.905000e+00	3.944131e+00	3.963590e+00
3.980859e+00	3.991761e+00	4.001289e+00	4.003515e+00	4.005278e+00	4.005475e+00
4.005623e+00	4.005648e+00	4.005631e+00	4.005665e+00	3.619484e+00	3.654847e+00
3.688673e+00	3.719779e+00	3.748443e+00	3.799797e+00	3.842209e+00	3.875544e+00
3.900765e+00	3.920013e+00	3.936197e+00	3.950323e+00	3.963123e+00	3.975721e+00
3.990262e+00	4.008623e+00	4.030914e+00	4.056293e+00	4.084073e+00	4.115125e+00
4.150158e+00	4.168134e+00	4.183192e+00	4.191658e+00	4.199662e+00	4.201527e+00
4.202814e+00	4.202950e+00	4.203076e+00	4.203092e+00	4.203107e+00	4.203118e+00
3.917917e+00	3.957724e+00	3.995181e+00	4.028489e+00	4.058082e+00	4.108427e+00
4.146632e+00	4.173775e+00	4.191374e+00	4.202219e+00	4.209986e+00	4.215896e+00
4.220720e+00	4.225621e+00	4.232640e+00	4.243584e+00	4.258560e+00	4.276728e+00
4.297535e+00	4.322297e+00	4.351673e+00	4.366671e+00	4.378819e+00	4.385212e+00
4.391466e+00	4.392896e+00	4.393790e+00	4.393881e+00	4.393980e+00	4.393988e+00
4.394017e+00	4.394017e+00	4.224131e+00	4.270745e+00	4.313595e+00	4.349789e+00
4.380066e+00	4.427186e+00	4.457993e+00	4.476505e+00	4.485020e+00	4.486765e+00
4.485885e+00	4.483627e+00	4.480693e+00	4.477924e+00	4.476560e+00	4.477933e+00
4.482633e+00	4.491178e+00	4.504232e+00	4.522582e+00	4.544608e+00	4.554808e+00
4.563333e+00	4.568299e+00	4.572575e+00	4.573468e+00	4.574097e+00	4.574168e+00
4.574233e+00	4.574234e+00	4.574250e+00	4.574257e+00	4.534373e+00	4.592773e+00
4.644794e+00	4.685447e+00	4.716069e+00	4.755875e+00	4.773890e+00	4.780885e+00
4.779967e+00	4.773678e+00	4.765199e+00	4.754962e+00	4.742679e+00	4.728995e+00
4.716472e+00	4.707617e+00	4.702882e+00	4.702105e+00	4.705481e+00	4.714611e+00
4.727815e+00	4.733234e+00	4.737771e+00	4.740586e+00	4.742780e+00	4.743165e+00
4.743475e+00	4.743514e+00	4.743548e+00	4.743548e+00	4.743551e+00	4.743563e+00
4.854160e+00	4.920055e+00	4.977744e+00	5.021179e+00	5.052124e+00	5.087406e+00
5.096034e+00	5.092155e+00	5.079925e+00	5.062285e+00	5.042876e+00	5.021934e+00
4.998548e+00	4.973368e+00	4.949890e+00	4.931348e+00	4.917673e+00	4.907203e+00
4.898999e+00	4.895988e+00	4.898707e+00	4.899932e+00	4.900306e+00	4.899899e+00
4.899923e+00	4.899860e+00	4.899756e+00	4.899742e+00	4.899744e+00	4.899742e+00
4.899747e+00	4.899753e+00	5.195546e+00	5.248571e+00	5.296678e+00	5.336123e+00
5.367666e+00	5.411394e+00	5.428014e+00	5.419620e+00	5.391378e+00	5.351824e+00
5.311494e+00	5.273187e+00	5.237463e+00	5.204893e+00	5.175316e+00	5.148825e+00
5.125112e+00	5.102928e+00	5.081729e+00	5.064457e+00	5.054894e+00	5.052699e+00
5.048825e+00	5.043999e+00	5.041601e+00	5.041111e+00	5.040450e+00	5.040362e+00
5.040317e+00	5.040305e+00	5.040336e+00	5.040325e+00	5.526988e+00	5.581121e+00
5.629699e+00	5.668532e+00	5.698495e+00	5.736725e+00	5.744440e+00	5.723977e+00
5.681459e+00	5.626928e+00	5.572575e+00	5.521553e+00	5.474318e+00	5.431172e+00
5.391188e+00	5.353813e+00	5.318602e+00	5.284151e+00	5.249950e+00	5.219492e+00
5.197536e+00	5.189774e+00	5.180870e+00	5.172588e+00	5.166922e+00	5.165670e+00
5.164436e+00	5.164278e+00	5.164174e+00	5.164149e+00	5.164170e+00	5.164166e+00
5.860681e+00	5.915577e+00	5.964052e+00	6.001191e+00	6.028095e+00	6.057405e+00
6.053124e+00	6.018711e+00	5.961089e+00	5.891388e+00	5.822940e+00	5.759050e+00
5.699966e+00	5.645652e+00	5.594682e+00	5.545992e+00	5.498938e+00	5.451817e+00
5.404052e+00	5.359894e+00	5.325019e+00	5.311261e+00	5.296937e+00	5.284883e+00
5.275312e+00	5.273115e+00	5.271178e+00	5.270938e+00	5.270758e+00	5.270729e+00
5.270733e+00	5.270734e+00	6.191969e+00	6.245178e+00	6.291216e+00	6.324595e+00
6.346675e+00	6.364254e+00	6.345825e+00	6.295856e+00	6.222108e+00	6.136621e+00
6.053613e+00	5.976475e+00	5.905307e+00	5.839659e+00	5.777641e+00	5.717642e+00
5.658794e+00	5.599055e+00	5.537697e+00	5.479669e+00	5.431580e+00	5.411671e+00
5.391621e+00	5.375362e+00	5.361332e+00	5.358042e+00	5.355272e+00	5.354932e+00
5.354662e+00	5.354632e+00	5.354622e+00	5.354622e+00	6.508991e+00	6.571062e+00
6.622055e+00	6.653443e+00	6.667740e+00	6.659751e+00	6.611254e+00	6.538231e+00
6.449126e+00	6.353407e+00	6.261822e+00	6.175715e+00	6.093509e+00	6.013960e+00
5.937308e+00	5.863731e+00	5.792392e+00	5.720857e+00	5.647895e+00	5.577968e+00
5.516902e+00	5.490264e+00	5.464778e+00	5.445526e+00	5.425193e+00	5.420308e+00
5.416371e+00	5.415873e+00	5.415490e+00	5.415435e+00	5.415410e+00	5.415410e+00
6.825038e+00	6.897354e+00	6.953818e+00	6.982245e+00	6.986640e+00	6.947461e+00
6.863805e+00	6.765042e+00	6.659675e+00	6.553681e+00	6.453519e+00	6.358248e+00
6.264603e+00	6.170632e+00	6.078963e+00	5.991635e+00	5.907854e+00	5.824859e+00
5.740914e+00	5.659633e+00	5.585559e+00	5.551840e+00	5.520269e+00	5.497207e+00
5.471559e+00	5.465337e+00	5.460431e+00	5.459800e+00	5.459324e+00	5.459247e+00
5.459209e+00	5.459209e+00	7.148717e+00	7.217257e+00	7.267701e+00	7.286796e+00
7.279480e+00	7.213793e+00	7.102824e+00	6.980095e+00	6.854315e+00	6.730469e+00
6.613954e+00	6.503753e+00	6.397045e+00	6.291637e+00	6.189252e+00	6.090634e+00
5.994349e+00	5.899059e+00	5.803141e+00	5.709205e+00	5.620113e+00	5.577470e+00
5.536101e+00	5.504603e+00	5.477235e+00	5.470574e+00	5.465321e+00	5.464645e+00
5.464136e+00	5.464054e+00	5.464013e+00	5.464009e+00	7.474446e+00	7.525562e+00
7.559602e+00	7.563857e+00	7.543218e+00	7.454492e+00	7.322344e+00	7.176947e+00
7.027425e+00	6.880283e+00	6.742554e+00	6.614381e+00	6.493974e+00	6.378719e+00
6.267989e+00	6.160161e+00	6.053577e+00	5.948023e+00	5.842266e+00	5.738188e+00
5.637647e+00	5.588653e+00	5.540868e+00	5.504656e+00	5.471730e+00	5.463603e+00
5.457141e+00	5.456314e+00	5.455696e+00	5.455600e+00	5.455552e+00	5.455527e+00
7.795922e+00	7.821573e+00	7.832325e+00	7.817395e+00	7.781362e+00	7.669581e+00
7.518098e+00	7.349087e+00	7.172085e+00	6.996521e+00	6.832918e+00	6.679551e+00
6.536593e+00	6.403772e+00	6.279963e+00	6.163031e+00	6.054750e+00	5.946974e+00
5.837695e+00	5.729320e+00	5.624775e+00	5.573808e+00	5.523204e+00	5.484103e+00
5.444807e+00	5.435133e+00	5.427298e+00	5.426315e+00	5.425579e+00	5.425462e+00
5.425414e+00	5.425365e+00	8.116801e+00	8.111001e+00	8.093770e+00	8.056835e+00
8.004035e+00	7.868807e+00	7.698591e+00	7.505351e+00	7.299441e+00	7.094357e+00
6.905065e+00	6.727858e+00	6.564901e+00	6.418122e+00	6.285269e+00	6.162443e+00
6.049368e+00	5.935268e+00	5.815694e+00	5.695213e+00	5.579921e+00	5.523764e+00
5.465536e+00	5.418499e+00	5.376758e+00	5.366506e+00	5.357840e+00	5.356790e+00
5.355994e+00	5.355851e+00	5.355820e+00	5.355753e+00	8.428908e+00	8.394819e+00
8.351278e+00	8.291439e+00	8.218849e+00	8.050421e+00	7.850325e+00	7.625748e+00
7.388053e+00	7.152169e+00	6.932010e+00	6.738602e+00	6.568893e+00	6.417269e+00
6.281138e+00	6.155313e+00	6.034612e+00	5.911753e+00	5.779923e+00	5.646594e+00
5.520291e+00	5.458808e+00	5.393299e+00	5.339134e+00	5.294333e+00	5.283350e+00
5.273812e+00	5.272683e+00	5.271818e+00	5.271652e+00	5.271634e+00	5.271549e+00
8.725718e+00	8.668610e+00	8.601909e+00	8.518740e+00	8.423151e+00	8.211460e+00
7.972289e+00	7.713574e+00	7.446879e+00	7.185760e+00	6.939525e+00	6.725586e+00
6.537783e+00	6.370505e+00	6.221028e+00	6.084308e+00	5.955617e+00	5.826441e+00
5.689715e+00	5.551349e+00	5.418259e+00	5.352670e+00	5.282986e+00	5.225596e+00
5.177722e+00	5.165969e+00	5.155807e+00	5.154605e+00	5.153672e+00	5.153494e+00
5.153477e+00	5.153387e+00	9.017201e+00	8.933939e+00	8.841161e+00	8.732160e+00
8.611463e+00	8.353156e+00	8.072278e+00	7.777137e+00	7.477711e+00	7.187690e+00
6.929924e+00	6.695605e+00	6.488272e+00	6.304924e+00	6.141529e+00	5.992899e+00
5.854504e+00	5.717573e+00	5.575186e+00	5.431634e+00	5.292222e+00	5.223222e+00
5.150624e+00	5.091303e+00	5.040561e+00	5.028087e+00	5.017439e+00	5.016179e+00
5.015183e+00	5.015004e+00	5.014975e+00	5.014889e+00	9.302155e+00	9.188744e+00
9.066476e+00	8.929130e+00	8.781562e+00	8.474610e+00	8.151576e+00	7.818362e+00
7.487704e+00	7.175094e+00	6.888846e+00	6.634800e+00	6.411482e+00	6.213853e+00
6.036907e+00	5.875480e+00	5.725188e+00	5.578591e+00	5.429633e+00	5.280943e+00
5.136210e+00	5.064946e+00	4.991384e+00	4.932048e+00	4.878791e+00	4.865671e+00
4.854744e+00	4.853448e+00	4.852394e+00	4.852229e+00	4.852170e+00	4.852108e+00
9.573864e+00	9.431790e+00	9.280543e+00	9.114030e+00	8.937818e+00	8.577063e+00
8.204911e+00	7.836322e+00	7.476277e+00	7.134667e+00	6.827256e+00	6.555220e+00
6.315695e+00	6.102743e+00	5.910431e+00	5.734045e+00	5.569599e+00	5.411614e+00
5.255394e+00	5.101490e+00	4.951961e+00	4.879354e+00	4.806513e+00	4.748811e+00
4.693355e+00	4.679686e+00	4.668677e+00	4.667349e+00	4.666237e+00	4.666099e+00
4.665996e+00	4.665979e+00	9.789635e+00	9.662967e+00	9.520964e+00	9.345013e+00
9.141595e+00	8.689511e+00	8.220945e+00	7.799062e+00	7.413677e+00	7.062356e+00
6.749515e+00	6.470418e+00	6.216502e+00	5.980954e+00	5.764309e+00	5.568005e+00
5.388433e+00	5.220077e+00	5.057468e+00	4.897338e+00	4.741853e+00	4.669410e+00
4.598319e+00	4.542138e+00	4.484520e+00	4.470872e+00	4.459806e+00	4.458321e+00
4.457247e+00	4.457119e+00	4.457000e+00	4.457006e+00	1.006545e+01	9.898795e+00
9.706893e+00	9.478643e+00	9.228615e+00	8.720348e+00	8.222741e+00	7.764885e+00
7.356447e+00	6.990728e+00	6.663214e+00	6.368550e+00	6.095923e+00	5.838818e+00
5.600853e+00	5.386034e+00	5.191566e+00	5.013079e+00	4.845396e+00	4.680678e+00
4.517549e+00	4.441839e+00	4.370870e+00	4.317521e+00	4.259224e+00	4.244670e+00
4.233750e+00	4.232376e+00	4.231243e+00	4.231077e+00	4.230991e+00	4.230996e+00
1.043465e+01	1.013277e+01	9.832323e+00	9.535485e+00	9.246979e+00	8.706426e+00
8.206514e+00	7.744503e+00	7.318150e+00	6.925297e+00	6.564641e+00	6.236755e+00
5.938336e+00	5.665424e+00	5.414588e+00	5.185148e+00	4.976413e+00	4.787323e+00
4.615027e+00	4.447173e+00	4.274087e+00	4.189995e+00	4.116226e+00	4.067003e+00
4.009998e+00	3.993233e+00	3.982700e+00	3.981820e+00	3.980480e+00	3.980220e+00
3.980220e+00	3.980200e+00	1.066284e+01	1.031390e+01	9.968077e+00	9.631033e+00
9.308476e+00	8.717463e+00	8.182075e+00	7.691599e+00	7.236103e+00	6.815782e+00
6.430900e+00	6.082293e+00	5.767201e+00	5.481008e+00	5.218075e+00	4.976067e+00
4.755090e+00	4.553740e+00	4.369577e+00	4.190933e+00	4.008563e+00	3.920586e+00
3.844724e+00	3.795418e+00	3.737860e+00	3.720959e+00	3.710496e+00	3.709657e+00
3.708326e+00	3.708089e+00	3.708022e+00	3.708029e+00	1.085090e+01	1.047178e+01
1.009770e+01	9.734017e+00	9.385644e+00	8.734236e+00	8.147326e+00	7.613110e+00
7.124453e+00	6.679840e+00	6.277671e+00	5.915455e+00	5.588642e+00	5.291374e+00
5.017496e+00	4.763937e+00	4.531271e+00	4.316936e+00	4.118413e+00	3.926812e+00
3.736695e+00	3.646908e+00	3.568692e+00	3.516711e+00	3.458247e+00	3.442180e+00
3.431637e+00	3.430655e+00	3.429423e+00	3.429248e+00	3.429077e+00	3.429117e+00
1.101970e+01	1.060431e+01	1.019596e+01	9.801027e+00	9.423463e+00	8.730125e+00
8.098922e+00	7.526485e+00	7.008351e+00	6.541132e+00	6.122496e+00	5.747573e+00
5.410097e+00	5.102731e+00	4.817467e+00	4.550006e+00	4.302173e+00	4.072997e+00
3.861267e+00	3.660190e+00	3.466057e+00	3.374933e+00	3.292166e+00	3.234310e+00
3.176159e+00	3.161172e+00	3.150442e+00	3.149329e+00	3.148187e+00	3.148026e+00
3.147860e+00	3.147873e+00	1.116810e+01	1.071470e+01	1.027113e+01	9.845695e+00
9.442024e+00	8.695825e+00	8.025903e+00	7.422920e+00	6.880454e+00	6.394192e+00
5.961709e+00	5.576231e+00	5.229637e+00	4.913032e+00	4.615978e+00	4.332821e+00
4.067063e+00	3.821425e+00	3.596909e+00	3.388447e+00	3.192843e+00	3.100729e+00
3.011482e+00	2.944808e+00	2.887712e+00	2.874085e+00	2.863045e+00	2.861783e+00
2.860732e+00	2.860554e+00	2.860475e+00	2.860414e+00	1.133152e+01	1.083023e+01
1.034282e+01	9.880804e+00	9.444514e+00	8.653875e+00	7.946611e+00	7.316739e+00
6.755473e+00	6.254967e+00	5.809893e+00	5.412599e+00	5.054458e+00	4.726458e+00
4.417977e+00	4.123154e+00	3.845440e+00	3.588633e+00	3.353293e+00	3.135148e+00
2.931878e+00	2.836295e+00	2.743021e+00	2.673061e+00	2.615510e+00	2.602142e+00
2.590999e+00	2.589698e+00	2.588673e+00	2.588495e+00	2.588430e+00	2.588346e+00
1.150236e+01	1.094680e+01	1.041090e+01	9.910537e+00	9.445407e+00	8.602684e+00
7.861596e+00	7.208608e+00	6.632615e+00	6.121101e+00	5.664655e+00	5.255418e+00
4.884950e+00	4.544880e+00	4.225619e+00	3.921709e+00	3.635552e+00	3.370722e+00
3.126279e+00	2.898249e+00	2.685164e+00	2.585261e+00	2.489500e+00	2.419119e+00
2.360506e+00	2.346883e+00	2.335756e+00	2.334473e+00	2.333438e+00	2.333270e+00
2.333186e+00	2.333105e+00	1.166915e+01	1.106117e+01	1.047893e+01	9.942486e+00
9.447900e+00	8.560166e+00	7.787623e+00	7.112761e+00	6.522502e+00	6.000449e+00
5.533312e+00	5.112859e+00	4.731043e+00	4.380050e+00	4.051147e+00	3.739156e+00
3.445542e+00	3.173247e+00	2.920877e+00	2.684123e+00	2.462145e+00	2.358326e+00
2.260481e+00	2.189777e+00	2.129474e+00	2.115492e+00	2.104320e+00	2.103033e+00
2.101971e+00	2.101817e+00	2.101708e+00	2.101646e+00	1.182933e+01	1.117178e+01
1.054627e+01	9.977189e+00	9.458260e+00	8.525118e+00	7.724488e+00	7.029193e+00
6.425174e+00	5.893079e+00	5.415969e+00	4.985052e+00	4.592861e+00	4.232027e+00
3.894472e+00	3.575162e+00	3.274764e+00	2.995185e+00	2.735688e+00	2.490926e+00
2.260526e+00	2.153002e+00	2.053381e+00	1.982446e+00	1.919681e+00	1.905202e+00
1.893913e+00	1.892597e+00	1.891489e+00	1.891355e+00	1.891212e+00	1.891186e+00
1.199229e+01	1.128753e+01	1.062120e+01	1.002174e+01	9.478623e+00	8.513841e+00
7.680963e+00	6.966984e+00	6.349369e+00	5.806802e+00	5.319572e+00	4.878206e+00
4.475810e+00	4.105464e+00	3.759657e+00	3.433555e+00	3.127109e+00	2.841290e+00
2.575783e+00	2.324553e+00	2.086608e+00	1.975136e+00	1.872332e+00	1.799340e+00
1.733995e+00	1.719015e+00	1.707447e+00	1.706096e+00	1.704933e+00	1.704802e+00
1.704652e+00	1.704666e+00	1.215965e+01	1.141064e+01	1.070665e+01	1.008052e+01
9.517618e+00	8.512833e+00	7.662707e+00	6.929092e+00	6.297404e+00	5.743461e+00
5.246018e+00	4.794340e+00	4.381973e+00	4.002436e+00	3.648695e+00	3.316088e+00
3.004014e+00	2.712637e+00	2.441707e+00	2.185045e+00	1.940025e+00	1.824291e+00
1.717031e+00	1.640391e+00	1.572187e+00	1.556634e+00	1.544601e+00	1.543195e+00
1.541972e+00	1.541828e+00	1.541692e+00	1.541735e+00	1.233328e+01	1.154365e+01
1.080552e+01	1.015625e+01	9.576338e+00	8.539879e+00	7.662419e+00	6.915815e+00
6.273379e+00	5.710066e+00	5.201647e+00	4.739595e+00	4.317494e+00	3.929058e+00
3.567542e+00	3.228310e+00	2.910471e+00	2.613618e+00	2.337049e+00	2.075066e+00
1.822776e+00	1.702354e+00	1.589628e+00	1.508155e+00	1.436374e+00	1.420007e+00
1.407251e+00	1.405747e+00	1.404456e+00	1.404293e+00	1.404173e+00	1.404210e+00
1.250979e+01	1.168397e+01	1.091607e+01	1.024748e+01	9.653852e+00	8.590356e+00
7.692757e+00	6.933909e+00	6.281754e+00	5.710440e+00	5.189855e+00	4.716338e+00
4.283620e+00	3.885334e+00	3.514706e+00	3.167052e+00	2.842309e+00	2.541086e+00
2.259288e+00	1.991948e+00	1.732300e+00	1.607077e+00	1.488669e+00	1.402010e+00
1.325847e+00	1.308356e+00	1.294617e+00	1.292995e+00	1.291612e+00	1.291434e+00
1.291312e+00	1.291310e+00	1.268959e+01	1.183165e+01	1.103763e+01	1.035267e+01
9.747727e+00	8.660826e+00	7.745906e+00	6.970796e+00	6.304149e+00	5.718061e+00
5.192832e+00	4.715220e+00	4.278587e+00	3.876594e+00	3.502431e+00	3.151417e+00
2.821375e+00	2.510048e+00	2.218406e+00	1.940712e+00	1.669879e+00	1.538698e+00
1.413937e+00	1.321378e+00	1.239190e+00	1.220060e+00	1.204956e+00	1.203175e+00
1.201663e+00	1.201466e+00	1.201331e+00	1.201257e+00	1.287193e+01	1.198760e+01
1.117272e+01	1.047585e+01	9.863342e+00	8.759691e+00	7.832095e+00	7.046937e+00
6.371629e+00	5.777949e+00	5.242928e+00	4.756306e+00	4.311349e+00	3.901260e+00
3.518634e+00	3.158457e+00	2.819758e+00	2.502025e+00	2.203038e+00	1.916422e+00
1.635630e+00	1.497716e+00	1.365007e+00	1.265254e+00	1.175130e+00	1.153802e+00
1.136898e+00	1.134907e+00	1.133225e+00	1.133005e+00	1.132845e+00	1.132695e+00
1.305335e+01	1.214735e+01	1.131574e+01	1.061026e+01	9.992909e+00	8.877378e+00
7.941612e+00	7.147961e+00	6.464342e+00	5.862549e+00	5.320056e+00	4.826526e+00
4.374899e+00	3.957902e+00	3.567448e+00	3.198027e+00	2.850044e+00	2.526392e+00
2.221002e+00	1.926646e+00	1.637370e+00	1.489322e+00	1.340946e+00	1.228129e+00
1.128862e+00	1.104746e+00	1.085472e+00	1.083205e+00	1.081324e+00	1.081076e+00
1.080859e+00	1.080717e+00	1.323312e+01	1.230865e+01	1.146337e+01	1.075205e+01
1.013240e+01	9.009991e+00	8.070867e+00	7.271529e+00	6.581653e+00	5.973601e+00
5.425466e+00	4.926764e+00	4.470114e+00	4.047813e+00	3.651230e+00	3.274714e+00
2.918016e+00	2.581908e+00	2.262837e+00	1.951528e+00	1.642191e+00	1.484669e+00
1.325553e+00	1.202077e+00	1.092085e+00	1.064957e+00	1.043147e+00	1.040577e+00
1.038465e+00	1.038185e+00	1.037920e+00	1.037823e+00	1.340587e+01	1.246615e+01
1.161025e+01	1.089586e+01	1.027653e+01	9.151862e+00	8.212488e+00	7.409646e+00
6.714944e+00	6.101516e+00	5.548141e+00	5.044285e+00	4.582309e+00	4.154113e+00
3.750508e+00	3.365579e+00	2.999064e+00	2.651399e+00	2.319286e+00	1.991023e+00
1.658659e+00	1.492050e+00	1.326951e+00	1.195578e+00	1.066157e+00	1.035114e+00
1.010023e+00	1.007034e+00	1.004591e+00	1.004271e+00	1.003971e+00	1.004025e+00
1.356931e+01	1.261808e+01	1.175530e+01	1.104147e+01	1.042615e+01	9.306625e+00
8.372703e+00	7.570819e+00	6.874717e+00	6.258558e+00	5.701799e+00	5.193963e+00
4.727326e+00	4.293603e+00	3.883320e+00	3.490396e+00	3.114657e+00	2.756643e+00
2.412517e+00	2.068605e+00	1.714291e+00	1.532493e+00	1.345534e+00	1.193875e+00
1.048161e+00	1.012984e+00	9.844935e-01	9.810532e-01	9.781938e-01	9.778244e-01
9.775403e-01	9.777568e-01	1.371834e+01	1.275750e+01	1.188996e+01	1.117937e+01
1.057133e+01	9.464287e+00	8.539834e+00	7.743204e+00	7.049152e+00	6.432384e+00
5.872664e+00	5.360071e+00	4.887539e+00	4.447452e+00	4.031054e+00	3.632264e+00
3.249729e+00	2.882204e+00	2.524425e+00	2.161874e+00	1.781671e+00	1.583124e+00
1.374713e+00	1.200826e+00	1.035555e+00	9.952618e-01	9.639270e-01	9.600873e-01
9.563471e-01	9.558520e-01	9.559392e-01	9.560358e-01	1.385758e+01	1.288865e+01
1.201802e+01	1.131269e+01	1.071440e+01	9.625649e+00	8.714381e+00	7.926931e+00
7.238267e+00	6.623233e+00	6.061498e+00	5.544039e+00	5.065032e+00	4.618242e+00
4.196508e+00	3.794026e+00	3.407348e+00	3.031787e+00	2.659658e+00	2.276608e+00
1.868004e+00	1.650660e+00	1.419908e+00	1.223136e+00	1.025659e+00	9.802678e-01
9.463632e-01	9.421567e-01	9.373994e-01	9.367557e-01	9.373402e-01	9.372048e-01
1.397724e+01	1.300415e+01	1.213427e+01	1.143774e+01	1.085235e+01	9.786195e+00
8.890220e+00	8.113623e+00	7.431827e+00	6.820028e+00	6.257955e+00	5.737358e+00
5.253443e+00	4.801116e+00	4.374556e+00	3.968293e+00	3.577373e+00	3.194542e+00
2.809712e+00	2.406915e+00	1.968074e+00	1.729509e+00	1.472509e+00	1.249324e+00
1.022571e+00	9.682366e-01	9.307468e-01	9.261256e-01	9.202898e-01	9.195081e-01
9.207629e-01	9.201118e-01	1.407675e+01	1.310295e+01	1.223730e+01	1.155290e+01
1.098366e+01	9.945123e+00	9.066896e+00	8.303129e+00	7.629997e+00	7.023368e+00
6.463294e+00	5.942126e+00	5.455738e+00	4.999735e+00	4.569093e+00	4.158695e+00
3.763168e+00	3.374447e+00	2.980488e+00	2.560718e+00	2.090412e+00	1.827414e+00
1.538234e+00	1.284011e+00	1.022060e+00	9.588044e-01	9.171585e-01	9.120913e-01
9.051271e-01	9.042189e-01	9.063103e-01	9.048755e-01	1.416247e+01	1.319123e+01
1.232771e+01	1.165506e+01	1.110332e+01	1.009364e+01	9.235520e+00	8.487437e+00
7.826315e+00	7.228145e+00	6.672570e+00	6.152418e+00	5.664535e+00	5.205604e+00
4.771797e+00	4.358507e+00	3.959816e+00	3.566657e+00	3.164830e+00	2.729118e+00
2.227337e+00	1.938749e+00	1.613934e+00	1.325585e+00	1.024008e+00	9.526562e-01
9.047801e-01	8.989789e-01	8.910532e-01	8.900882e-01	8.928488e-01	8.906099e-01
1.419178e+01	1.323031e+01	1.239174e+01	1.174953e+01	1.122527e+01	1.025281e+01
9.415955e+00	8.679354e+00	8.023286e+00	7.427116e+00	6.873870e+00	6.356992e+00
5.872774e+00	5.417103e+00	4.985257e+00	4.572053e+00	4.171342e+00	3.773449e+00
3.362443e+00	2.909070e+00	2.374862e+00	2.061404e+00	1.702393e+00	1.380118e+00
1.033211e+00	9.472487e-01	8.931708e-01	8.872258e-01	8.781328e-01	8.769249e-01
8.806192e-01	8.772060e-01	1.408957e+01	1.319758e+01	1.242403e+01	1.184138e+01
1.136719e+01	1.045297e+01	9.636832e+00	8.896304e+00	8.224004e+00	7.611744e+00
7.053471e+00	6.542489e+00	6.071458e+00	5.631782e+00	5.212619e+00	4.804783e+00
4.402456e+00	3.996744e+00	3.571469e+00	3.094514e+00	2.524781e+00	2.189317e+00
1.805904e+00	1.457106e+00	1.052221e+00	9.409289e-01	8.819632e-01	8.772747e-01
8.664203e-01	8.645226e-01	8.698878e-01	8.645540e-01	1.412092e+01	1.323047e+01
1.246699e+01	1.190591e+01	1.145619e+01	1.057463e+01	9.783952e+00	9.063072e+00
8.405828e+00	7.805012e+00	7.255697e+00	6.751796e+00	6.286382e+00	5.851165e+00
5.435550e+00	5.030361e+00	4.629350e+00	4.222739e+00	3.792387e+00	3.301823e+00
2.702466e+00	2.342067e+00	1.922370e+00	1.532949e+00	1.072326e+00	9.439098e-01
8.734771e-01	8.676766e-01	8.547689e-01	8.526668e-01	8.599504e-01	8.527418e-01
1.413455e+01	1.325077e+01	1.249677e+01	1.195621e+01	1.153032e+01	1.068125e+01
9.917599e+00	9.219225e+00	8.580837e+00	7.995312e+00	7.457452e+00	6.961613e+00
6.501825e+00	6.070922e+00	5.659560e+00	5.259067e+00	4.862550e+00	4.458877e+00
4.027129e+00	3.524790e+00	2.893986e+00	2.506046e+00	2.046502e+00	1.614205e+00
1.100787e+00	9.525604e-01	8.627980e-01	8.555354e-01	8.462221e-01	8.445898e-01
8.475504e-01	8.418490e-01	1.413239e+01	1.325547e+01	1.251429e+01	1.199596e+01
1.159446e+01	1.077906e+01	1.004278e+01	9.366462e+00	8.745879e+00	8.174658e+00
7.648288e+00	7.161828e+00	6.709966e+00	6.286292e+00	5.882352e+00	5.489805e+00
5.101169e+00	4.703881e+00	4.273855e+00	3.761178e+00	3.097375e+00	2.680232e+00
2.179588e+00	1.704721e+00	1.144452e+00	9.770512e-01	8.510301e-01	8.412777e-01
8.403174e-01	8.394562e-01	8.324965e-01	8.320534e-01	1.415836e+01	1.328337e+01
1.254783e+01	1.204299e+01	1.165739e+01	1.086454e+01	1.014796e+01	9.489698e+00
8.885758e+00	8.330043e+00	7.818159e+00	7.345252e+00	6.905999e+00	6.493860e+00
6.100034e+00	5.715945e+00	5.334229e+00	4.942407e+00	4.516302e+00	4.004920e+00
3.329367e+00	2.890316e+00	2.344006e+00	1.812795e+00	1.183230e+00	9.951100e-01
8.514286e-01	8.369262e-01	8.307890e-01	8.299509e-01	8.256830e-01	8.231871e-01
1.419786e+01	1.331891e+01	1.258359e+01	1.208834e+01	1.171578e+01	1.094250e+01
1.024361e+01	9.602366e+00	9.014836e+00	8.475131e+00	7.978886e+00	7.521215e+00
7.096629e+00	6.698188e+00	6.316314e+00	5.941945e+00	5.568021e+00	5.182633e+00
4.762539e+00	4.258030e+00	3.580988e+00	3.124534e+00	2.531650e+00	1.937012e+00
1.224244e+00	1.013513e+00	8.522410e-01	8.339147e-01	8.203579e-01	8.190842e-01
8.204545e-01	8.150417e-01	1.420379e+01	1.332545e+01	1.260008e+01	1.211965e+01
1.176191e+01	1.101166e+01	1.033263e+01	9.709762e+00	9.139321e+00	8.615821e+00
8.135089e+00	7.692392e+00	7.282309e+00	6.897850e+00	6.529144e+00	6.166893e+00
5.804006e+00	5.428463e+00	5.016516e+00	4.516687e+00	3.832559e+00	3.359872e+00
2.730406e+00	2.081530e+00	1.279714e+00	1.040092e+00	8.529137e-01	8.297411e-01
8.130051e-01	8.115795e-01	8.143883e-01	8.079767e-01	1.419877e+01	1.332580e+01
1.260774e+01	1.214037e+01	1.179722e+01	1.107098e+01	1.041267e+01	9.808755e+00
9.255660e+00	8.748368e+00	8.282996e+00	7.855087e+00	7.459471e+00	7.089370e+00
6.735020e+00	6.387120e+00	6.038341e+00	5.676027e+00	5.274671e+00	4.778253e+00
4.083269e+00	3.596603e+00	2.942326e+00	2.252097e+00	1.356038e+00	1.079563e+00
8.536495e-01	8.253841e-01	8.075672e-01	8.061052e-01	8.077522e-01	8.019290e-01
1.418082e+01	1.331507e+01	1.260219e+01	1.214483e+01	1.181805e+01	1.111663e+01
1.047949e+01	9.894588e+00	9.358833e+00	8.867640e+00	8.417501e+00	8.004343e+00
7.623355e+00	7.268125e+00	6.929254e+00	6.597588e+00	6.265604e+00	5.919923e+00
5.533021e+00	5.043427e+00	4.339554e+00	3.839306e+00	3.160547e+00	2.430367e+00
1.443492e+00	1.129972e+00	8.579712e-01	8.249657e-01	8.010186e-01	7.994116e-01
7.997825e-01	7.964782e-01	1.414928e+01	1.328943e+01	1.258819e+01	1.214685e+01
1.183338e+01	1.115525e+01	1.053867e+01	9.972371e+00	9.453705e+00	8.978454e+00
8.543485e+00	8.145142e+00	7.779018e+00	7.439146e+00	7.116630e+00	6.802571e+00
6.489333e+00	6.162816e+00	5.793364e+00	5.313471e+00	4.603005e+00	4.090424e+00
3.389184e+00	2.621365e+00	1.544178e+00	1.192200e+00	8.683217e-01	8.248393e-01
7.943516e-01	7.925616e-01	7.913356e-01	7.914881e-01	1.414075e+01	1.328218e+01
1.258475e+01	1.215168e+01	1.185092e+01	1.119078e+01	1.059033e+01	1.003983e+01
9.536735e+00	9.077100e+00	8.657897e+00	8.275583e+00	7.925812e+00	7.602578e+00
7.296796e+00	6.999475e+00	6.703283e+00	6.394345e+00	6.042678e+00	5.578478e+00
4.875684e+00	4.359790e+00	3.643402e+00	2.838298e+00	1.655929e+00	1.257863e+00
8.787075e-01	8.250352e-01	7.914690e-01	7.897260e-01	7.866409e-01	7.872909e-01
1.415144e+01	1.329128e+01	1.259495e+01	1.216672e+01	1.187190e+01	1.122255e+01
1.063338e+01	1.009556e+01	9.606249e+00	9.161723e+00	8.758876e+00	8.393967e+00
8.062274e+00	7.757025e+00	7.467827e+00	7.185055e+00	6.902434e+00	6.607900e+00
6.273608e+00	5.832087e+00	5.156304e+00	4.650949e+00	3.931971e+00	3.091485e+00
1.781757e+00	1.326582e+00	8.889465e-01	8.277920e-01	7.906564e-01	7.890703e-01
7.845537e-01	7.839040e-01	1.414920e+01	1.329132e+01	1.259984e+01	1.218115e+01
1.189407e+01	1.125761e+01	1.068026e+01	1.015400e+01	9.675895e+00	9.242314e+00
8.850232e+00	8.496426e+00	8.177040e+00	7.886608e+00	7.616582e+00	7.357768e+00
7.101144e+00	6.828804e+00	6.509922e+00	6.085191e+00	5.433851e+00	4.940314e+00
4.223252e+00	3.355571e+00	1.926677e+00	1.409340e+00	9.034169e-01	8.327952e-01
7.898089e-01	7.873014e-01	7.828066e-01	7.809678e-01	1.413266e+01	1.328308e+01
1.260029e+01	1.218815e+01	1.191003e+01	1.128831e+01	1.072347e+01	1.020798e+01
9.739285e+00	9.314090e+00	8.929872e+00	8.584433e+00	8.275412e+00	7.999089e+00
7.749053e+00	7.516706e+00	7.289611e+00	7.043305e+00	6.742852e+00	6.335563e+00
5.707373e+00	5.226028e+00	4.514568e+00	3.626494e+00	2.091513e+00	1.507831e+00
9.239788e-01	8.418967e-01	7.887118e-01	7.843422e-01	7.805113e-01	7.782845e-01
1.411412e+01	1.327071e+01	1.259321e+01	1.218763e+01	1.191589e+01	1.130596e+01
1.075209e+01	1.024650e+01	9.787040e+00	9.371032e+00	8.996670e+00	8.662646e+00
8.367749e+00	8.108378e+00	7.876286e+00	7.661252e+00	7.451190e+00	7.226578e+00
6.956348e+00	6.581210e+00	5.980178e+00	5.511108e+00	4.808439e+00	3.902888e+00
2.270764e+00	1.618290e+00	9.505876e-01	8.550430e-01	7.873958e-01	7.823634e-01
7.758844e-01	7.756619e-01	1.410900e+01	1.327307e+01	1.260205e+01	1.220009e+01
1.193144e+01	1.132708e+01	1.077895e+01	1.028054e+01	9.829882e+00	9.424395e+00
9.062157e+00	8.741181e+00	8.459119e+00	8.211642e+00	7.990638e+00	7.787668e+00
7.595238e+00	7.399136e+00	7.169077e+00	6.832408e+00	6.254261e+00	5.793214e+00
5.102427e+00	4.195683e+00	2.468326e+00	1.748692e+00	9.823397e-01	8.687723e-01
7.877088e-01	7.814352e-01	7.745075e-01	7.737294e-01	1.410139e+01	1.327335e+01
1.260870e+01	1.221235e+01	1.194624e+01	1.134751e+01	1.080524e+01	1.031366e+01
9.870930e+00	9.474527e+00	9.122450e+00	8.812354e+00	8.541286e+00	8.304720e+00
8.095028e+00	7.905183e+00	7.730880e+00	7.561415e+00	7.367360e+00	7.068492e+00
6.521398e+00	6.074487e+00	5.400202e+00	4.496432e+00	2.683013e+00	1.894443e+00
1.019251e+00	8.857651e-01	7.884529e-01	7.807524e-01	7.731204e-01	7.720238e-01
1.408480e+01	1.326686e+01	1.261106e+01	1.221993e+01	1.195765e+01	1.136671e+01
1.083155e+01	1.034667e+01	9.910505e+00	9.520750e+00	9.175654e+00	8.873230e+00
8.610937e+00	8.384758e+00	8.187656e+00	8.013104e+00	7.857314e+00	7.710100e+00
7.543245e+00	7.278423e+00	6.773499e+00	6.350009e+00	5.697021e+00	4.797333e+00
2.915026e+00	2.056280e+00	1.063424e+00	9.088033e-01	7.904663e-01	7.802998e-01
7.714978e-01	7.705292e-01	1.406243e+01	1.325706e+01	1.261320e+01	1.222902e+01
1.197208e+01	1.139061e+01	1.086208e+01	1.038207e+01	9.949766e+00	9.563744e+00
9.223139e+00	8.926416e+00	8.671469e+00	8.454948e+00	8.270783e+00	8.112878e+00
7.976296e+00	7.847840e+00	7.699679e+00	7.465184e+00	7.012227e+00	6.618736e+00
5.987436e+00	5.095848e+00	3.167480e+00	2.234806e+00	1.115222e+00	9.365578e-01
7.936328e-01	7.808115e-01	7.705312e-01	7.694014e-01	1.403796e+01	1.324712e+01
1.261551e+01	1.223861e+01	1.198652e+01	1.141381e+01	1.089118e+01	1.041544e+01
9.986407e+00	9.603503e+00	9.266740e+00	8.975022e+00	8.726668e+00	8.518975e+00
8.346827e+00	8.204604e+00	8.086289e+00	7.975803e+00	7.845670e+00	7.641596e+00
7.243360e+00	6.882630e+00	6.276180e+00	5.397978e+00	3.438034e+00	2.430594e+00
1.174172e+00	9.687971e-01	7.980151e-01	7.819287e-01	7.697610e-01	7.684161e-01
1.402084e+01	1.324434e+01	1.262088e+01	1.224801e+01	1.199625e+01	1.142672e+01
1.090805e+01	1.043722e+01	1.001361e+01	9.636264e+00	9.305004e+00	9.018917e+00
8.776559e+00	8.575472e+00	8.410806e+00	8.277729e+00	8.172308e+00	8.082385e+00
7.982817e+00	7.816502e+00	7.462715e+00	7.129198e+00	6.555770e+00	5.702105e+00
3.715177e+00	2.644659e+00	1.241240e+00	1.006055e+00	8.035757e-01	7.831588e-01
7.690249e-01	7.674381e-01	1.400737e+01	1.324356e+01	1.263010e+01	1.225724e+01
1.200307e+01	1.143444e+01	1.091851e+01	1.045207e+01	1.003414e+01	9.663053e+00
9.337813e+00	9.057364e+00	8.820291e+00	8.624128e+00	8.463991e+00	8.336108e+00
8.240009e+00	8.170477e+00	8.107191e+00	7.982436e+00	7.665625e+00	7.355668e+00
6.821622e+00	6.002748e+00	3.997342e+00	2.877518e+00	1.319734e+00	1.051121e+00
8.114583e-01	7.848145e-01	7.684261e-01	7.665367e-01	1.397071e+01	1.323283e+01
1.263178e+01	1.226574e+01	1.201100e+01	1.144628e+01	1.093379e+01	1.047066e+01
1.005586e+01	9.687808e+00	9.365813e+00	9.089117e+00	8.856634e+00	8.666259e+00
8.513576e+00	8.395130e+00	8.310646e+00	8.254923e+00	8.208511e+00	8.111368e+00
7.844245e+00	7.569109e+00	7.076459e+00	6.297216e+00	4.296097e+00	3.115942e+00
1.409527e+00	1.105471e+00	8.215659e-01	7.868449e-01	7.687157e-01	7.659669e-01
1.390681e+01	1.320525e+01	1.263246e+01	1.227381e+01	1.201917e+01	1.146021e+01
1.095139e+01	1.049054e+01	1.007731e+01	9.710708e+00	9.390753e+00	9.116968e+00
8.888625e+00	8.704118e+00	8.559819e+00	8.452497e+00	8.380496e+00	8.335090e+00
8.297368e+00	8.222154e+00	8.008654e+00	7.773510e+00	7.324192e+00	6.588886e+00
4.610421e+00	3.365175e+00	1.511360e+00	1.169084e+00	8.340596e-01	7.894574e-01
7.694733e-01	7.655299e-01	1.384516e+01	1.317998e+01	1.263368e+01	1.228175e+01
1.202532e+01	1.146990e+01	1.096385e+01	1.050533e+01	1.009405e+01	9.729407e+00
9.411663e+00	9.140572e+00	8.915757e+00	8.736029e+00	8.598372e+00	8.499963e+00
8.438616e+00	8.403971e+00	8.378101e+00	8.326307e+00	8.162316e+00	7.963846e+00
7.555964e+00	6.861681e+00	4.924212e+00	3.639126e+00	1.625388e+00	1.237420e+00
8.479502e-01	7.940797e-01	7.697040e-01	7.651692e-01	1.378652e+01	1.315792e+01
1.263623e+01	1.228952e+01	1.202953e+01	1.147579e+01	1.097166e+01	1.051538e+01
1.010632e+01	9.743965e+00	9.428465e+00	9.159726e+00	8.937739e+00	8.761661e+00
8.628879e+00	8.537095e+00	8.484407e+00	8.460762e+00	8.449929e+00	8.423007e+00
8.303285e+00	8.137079e+00	7.766767e+00	7.106586e+00	5.228161e+00	3.944975e+00
1.755793e+00	1.310795e+00	8.639474e-01	8.053962e-01	7.695742e-01	7.648867e-01
1.373055e+01	1.313706e+01	1.263894e+01	1.229693e+01	1.203328e+01	1.148067e+01
1.097777e+01	1.052304e+01	1.011578e+01	9.755811e+00	9.443318e+00	9.177909e+00
8.959120e+00	8.786013e+00	8.656733e+00	8.569740e+00	8.523703e+00	8.509479e+00
8.512915e+00	8.510136e+00	8.427744e+00	8.287057e+00	7.959068e+00	7.359041e+00
5.553559e+00	4.235058e+00	1.895588e+00	1.400402e+00	8.849333e-01	8.130189e-01
7.720203e-01	7.645556e-01	1.367803e+01	1.311734e+01	1.264122e+01	1.230385e+01
1.203685e+01	1.148505e+01	1.098295e+01	1.052930e+01	1.012356e+01	9.765696e+00
9.456007e+00	9.193860e+00	8.978294e+00	8.808117e+00	8.681894e+00	8.598620e+00
8.557711e+00	8.551301e+00	8.567287e+00	8.585159e+00	8.535910e+00	8.420785e+00
8.137866e+00	7.602270e+00	5.873227e+00	4.526666e+00	2.051964e+00	1.504879e+00
9.110858e-01	8.204957e-01	7.757485e-01	7.642165e-01	1.362994e+01	1.309838e+01
1.264219e+01	1.230932e+01	1.203976e+01	1.148885e+01	1.098751e+01	1.053487e+01
1.013056e+01	9.774223e+00	9.466042e+00	9.205695e+00	8.992669e+00	8.825950e+00
8.703506e+00	8.623994e+00	8.587520e+00	8.587558e+00	8.613553e+00	8.645856e+00
8.629212e+00	8.548351e+00	8.310290e+00	7.807840e+00	6.142569e+00	4.862319e+00
2.240746e+00	1.612856e+00	9.391730e-01	8.383759e-01	7.731976e-01	7.639601e-01
1.358514e+01	1.307840e+01	1.263970e+01	1.231081e+01	1.203940e+01	1.148960e+01
1.098907e+01	1.053750e+01	1.013449e+01	9.779643e+00	9.473128e+00	9.214583e+00
9.003507e+00	8.839000e+00	8.719171e+00	8.642982e+00	8.610931e+00	8.617125e+00
8.652243e+00	8.699203e+00	8.709423e+00	8.652819e+00	8.456397e+00	8.008285e+00
6.429668e+00	5.173493e+00	2.444958e+00	1.738860e+00	9.730181e-01	8.549298e-01
7.753225e-01	7.637330e-01	1.354910e+01	1.306441e+01	1.263952e+01	1.231398e+01
1.204043e+01	1.149185e+01	1.099230e+01	1.054189e+01	1.014018e+01	9.786684e+00
9.481617e+00	9.224611e+00	9.015181e+00	8.852560e+00	8.735036e+00	8.661821e+00
8.633749e+00	8.645431e+00	8.688641e+00	8.748866e+00	8.782856e+00	8.747569e+00
8.590379e+00	8.198103e+00	6.714188e+00	5.485202e+00	2.667460e+00	1.879420e+00
1.012083e+00	8.741014e-01	7.784703e-01	7.635060e-01	1.352171e+01	1.305580e+01
1.264409e+01	1.232169e+01	1.204679e+01	1.149888e+01	1.099997e+01	1.055026e+01
1.014926e+01	9.796521e+00	9.492256e+00	9.236222e+00	9.028009e+00	8.866966e+00
8.751465e+00	8.680774e+00	8.656033e+00	8.672303e+00	8.722334e+00	8.793865e+00
8.848406e+00	8.832056e+00	8.710804e+00	8.371089e+00	6.985327e+00	5.795959e+00
2.908595e+00	2.036071e+00	1.058266e+00	8.982368e-01	7.823910e-01	7.633177e-01
1.349310e+01	1.304446e+01	1.264373e+01	1.232421e+01	1.204777e+01	1.150099e+01
1.100307e+01	1.055413e+01	1.015391e+01	9.801949e+00	9.498421e+00	9.243217e+00
9.036098e+00	8.876508e+00	8.762805e+00	8.694318e+00	8.672399e+00	8.692527e+00
8.748337e+00	8.829537e+00	8.901767e+00	8.901838e+00	8.812849e+00	8.523003e+00
7.239986e+00	6.098053e+00	3.165273e+00	2.209895e+00	1.111551e+00	9.269127e-01
7.872939e-01	7.633422e-01	1.346547e+01	1.303263e+01	1.264319e+01	1.232598e+01
1.204836e+01	1.150242e+01	1.100532e+01	1.055704e+01	1.015750e+01	9.806210e+00
9.503320e+00	9.248837e+00	9.042685e+00	8.884394e+00	8.772302e+00	8.705787e+00
8.686375e+00	8.709930e+00	8.770892e+00	8.860776e+00	8.949012e+00	8.964021e+00
8.904812e+00	8.662804e+00	7.486114e+00	6.397848e+00	3.439041e+00	2.401515e+00
1.171668e+00	9.598368e-01	7.930969e-01	7.633793e-01	1.344138e+01	1.302262e+01
1.264310e+01	1.232775e+01	1.204890e+01	1.150372e+01	1.100730e+01	1.055965e+01
1.016066e+01	9.809893e+00	9.507570e+00	9.253747e+00	9.048463e+00	8.891315e+00
8.780647e+00	8.715816e+00	8.698530e+00	8.725061e+00	8.790574e+00	8.888101e+00
8.990265e+00	9.018277e+00	8.985477e+00	8.788858e+00	7.719710e+00	6.687356e+00
3.726886e+00	2.613889e+00	1.239852e+00	9.976284e-01	7.999141e-01	7.633840e-01
1.342087e+01	1.301436e+01	1.264311e+01	1.232947e+01	1.204940e+01	1.150488e+01
1.100901e+01	1.056193e+01	1.016337e+01	9.813027e+00	9.511204e+00	9.257975e+00
9.053433e+00	8.897228e+00	8.787756e+00	8.724359e+00	8.708883e+00	8.737933e+00
8.807250e+00	8.911229e+00	9.025524e+00	9.064848e+00	9.054392e+00	8.897937e+00
7.936548e+00	6.964645e+00	4.025131e+00	2.847517e+00	1.319198e+00	1.043148e+00
8.084632e-01	7.633721e-01	1.340580e+01	1.300950e+01	1.264427e+01	1.233234e+01
1.205096e+01	1.150693e+01	1.101151e+01	1.056489e+01	1.016674e+01	9.816911e+00
9.515742e+00	9.263160e+00	9.059010e+00	8.903004e+00	8.794195e+00	8.732401e+00
8.719197e+00	8.750411e+00	8.821571e+00	8.929884e+00	9.058601e+00	9.111478e+00
9.113735e+00	8.975118e+00	8.136089e+00	7.270224e+00	4.318778e+00	3.077402e+00
1.410077e+00	1.101052e+00	8.190309e-01	7.631315e-01	1.339334e+01	1.300593e+01
1.264712e+01	1.233597e+01	1.205355e+01	1.150954e+01	1.101438e+01	1.056811e+01
1.017031e+01	9.821036e+00	9.520575e+00	9.268644e+00	9.064689e+00	8.908523e+00
8.800120e+00	8.739922e+00	8.729079e+00	8.762220e+00	8.834383e+00	8.946072e+00
9.089423e+00	9.156223e+00	9.166920e+00	9.038053e+00	8.324396e+00	7.588137e+00
4.615671e+00	3.312649e+00	1.513022e+00	1.170719e+00	8.316750e-01	7.625872e-01
1.338110e+01	1.300183e+01	1.264830e+01	1.233820e+01	1.205483e+01	1.151095e+01
1.101598e+01	1.056991e+01	1.017237e+01	9.823414e+00	9.523285e+00	9.271797e+00
9.068471e+00	8.913017e+00	8.805309e+00	8.745914e+00	8.736079e+00	8.770923e+00
8.845842e+00	8.961738e+00	9.112534e+00	9.185793e+00	9.212632e+00	9.111569e+00
8.496994e+00	7.821342e+00	4.933380e+00	3.584319e+00	1.626412e+00	1.241047e+00
8.462072e-01	7.624758e-01	1.336896e+01	1.299689e+01	1.264846e+01	1.233926e+01
1.205519e+01	1.151149e+01	1.101665e+01	1.057068e+01	1.017330e+01	9.824489e+00
9.524446e+00	9.273205e+00	9.070624e+00	8.916467e+00	8.809727e+00	8.750393e+00
8.740500e+00	8.776738e+00	8.855871e+00	8.976998e+00	9.128374e+00	9.202600e+00
9.250478e+00	9.203560e+00	8.650832e+00	7.969282e+00	5.276262e+00	3.910652e+00
1.752164e+00	1.309491e+00	8.638867e-01	7.630262e-01	1.335877e+01	1.299318e+01
1.264902e+01	1.234093e+01	1.205609e+01	1.151238e+01	1.101752e+01	1.057168e+01
1.017457e+01	9.826051e+00	9.526308e+00	9.275431e+00	9.073333e+00	8.919811e+00
8.813616e+00	8.754666e+00	8.745258e+00	8.782785e+00	8.864531e+00	8.989198e+00
9.144266e+00	9.222148e+00	9.284071e+00	9.267959e+00	8.788771e+00	8.145140e+00
5.601931e+00	4.224603e+00	1.902030e+00	1.394404e+00	8.844781e-01	7.630172e-01
1.334919e+01	1.298951e+01	1.264938e+01	1.234196e+01	1.205672e+01	1.151286e+01
1.101791e+01	1.057217e+01	1.017527e+01	9.827024e+00	9.527589e+00	9.276988e+00
9.075190e+00	8.921919e+00	8.816072e+00	8.757706e+00	8.749156e+00	8.787852e+00
8.871135e+00	8.998225e+00	9.158641e+00	9.242023e+00	9.312684e+00	9.313470e+00
8.910200e+00	8.337386e+00	5.909831e+00	4.527351e+00	2.078791e+00	1.497726e+00
9.089535e-01	7.628316e-01	1.333865e+01	1.298412e+01	1.264735e+01	1.234071e+01
1.205506e+01	1.151138e+01	1.101650e+01	1.057093e+01	1.017427e+01	9.826400e+00
9.527299e+00	9.276998e+00	9.075473e+00	8.922484e+00	8.816976e+00	8.759046e+00
8.751143e+00	8.790773e+00	8.875463e+00	9.004661e+00	9.169293e+00	9.256988e+00
9.335718e+00	9.352217e+00	9.015620e+00	8.504239e+00	6.210452e+00	4.838112e+00
2.274800e+00	1.614252e+00	9.382430e-01	7.629108e-01	1.333264e+01	1.298248e+01
1.264862e+01	1.234270e+01	1.205654e+01	1.151308e+01	1.101805e+01	1.057259e+01
1.017600e+01	9.828206e+00	9.529265e+00	9.279286e+00	9.078010e+00	8.925344e+00
8.820262e+00	8.762492e+00	8.754904e+00	8.795133e+00	8.880940e+00	9.012350e+00
9.180944e+00	9.271920e+00	9.357363e+00	9.387447e+00	9.110511e+00	8.657641e+00
6.504544e+00	5.152933e+00	2.486508e+00	1.763558e+00	9.723534e-01	7.629954e-01
1.332745e+01	1.298049e+01	1.264893e+01	1.234337e+01	1.205697e+01	1.151380e+01
1.101980e+01	1.057477e+01	1.017828e+01	9.830310e+00	9.531013e+00	9.280472e+00
9.079017e+00	8.926417e+00	8.821516e+00	8.764672e+00	8.758017e+00	8.799171e+00
8.885840e+00	9.017741e+00	9.189247e+00	9.284764e+00	9.375839e+00	9.416861e+00
9.196886e+00	8.794309e+00	6.785308e+00	5.473260e+00	2.715509e+00	1.925930e+00
1.011712e+00	7.629833e-01	1.332263e+01	1.297716e+01	1.264649e+01	1.234122e+01
1.205475e+01	1.151344e+01	1.102113e+01	1.057693e+01	1.018054e+01	9.832005e+00
9.531869e+00	9.280574e+00	9.078519e+00	8.925876e+00	8.821523e+00	8.765470e+00
8.760029e+00	8.802469e+00	8.889798e+00	9.020797e+00	9.194205e+00	9.295167e+00
9.390868e+00	9.440229e+00	9.274532e+00	8.912493e+00	7.047062e+00	5.796627e+00
2.962522e+00	2.094451e+00	1.058033e+00	7.626189e-01	