1.740567e-01	1.819404e-01	1.899037e-01	1.978864e-01	2.058404e-01	2.216126e-01
2.370016e-01	2.518364e-01	2.660845e-01	2.798877e-01	2.936466e-01	3.076233e-01
3.223070e-01	3.387501e-01	3.588903e-01	3.841224e-01	4.126148e-01	4.376215e-01
4.518567e-01	4.581626e-01	4.645850e-01	4.739261e-01	4.992399e-01	5.290214e-01
5.113168e-01	4.940953e-01	5.049033e-01	5.098763e-01	5.100359e-01	5.094433e-01
5.111259e-01	5.077572e-01	1.975495e-01	2.061417e-01	2.148109e-01	2.234949e-01
2.321441e-01	2.492900e-01	2.660245e-01	2.821741e-01	2.977099e-01	3.127840e-01
3.278181e-01	3.430853e-01	3.590934e-01	3.769346e-01	3.986162e-01	4.255580e-01
4.558053e-01	4.823284e-01	4.975955e-01	5.045732e-01	5.115602e-01	5.213081e-01
5.474287e-01	5.780341e-01	5.602393e-01	5.427353e-01	5.538111e-01	5.588777e-01
5.590267e-01	5.584216e-01	5.601336e-01	5.567258e-01	2.242133e-01	2.335623e-01
2.429848e-01	2.524174e-01	2.618091e-01	2.804240e-01	2.986016e-01	3.161665e-01
3.330941e-01	3.495468e-01	3.659661e-01	3.826352e-01	4.000784e-01	4.194232e-01
4.427393e-01	4.714633e-01	5.035169e-01	5.316025e-01	5.479642e-01	5.556851e-01
5.632852e-01	5.734272e-01	6.002689e-01	6.315877e-01	6.138427e-01	5.961636e-01
6.074564e-01	6.125884e-01	6.127233e-01	6.121088e-01	6.138402e-01	6.104168e-01
2.544760e-01	2.646303e-01	2.748540e-01	2.850828e-01	2.952648e-01	3.154464e-01
3.351680e-01	3.542539e-01	3.726838e-01	3.906304e-01	4.085533e-01	4.267443e-01
4.457412e-01	4.667013e-01	4.917465e-01	5.223205e-01	5.562226e-01	5.859104e-01
6.034314e-01	6.119746e-01	6.202402e-01	6.307570e-01	6.582094e-01	6.901030e-01
6.725749e-01	6.548515e-01	6.662982e-01	6.714609e-01	6.715776e-01	6.709574e-01
6.726964e-01	6.692859e-01	2.888234e-01	2.998308e-01	3.109030e-01	3.219754e-01
3.329958e-01	3.548427e-01	3.762123e-01	3.969295e-01	4.169790e-01	4.365427e-01
4.560965e-01	4.759382e-01	4.966157e-01	5.193086e-01	5.461782e-01	5.786636e-01
6.144454e-01	6.457664e-01	6.645132e-01	6.739660e-01	6.829541e-01	6.938186e-01
7.217426e-01	7.540396e-01	7.369265e-01	7.193169e-01	7.308396e-01	7.359913e-01
7.360851e-01	7.354639e-01	7.371958e-01	7.338324e-01	3.278066e-01	3.397137e-01
3.516800e-01	3.636423e-01	3.755484e-01	3.991593e-01	4.222828e-01	4.447460e-01
4.665388e-01	4.878513e-01	5.091722e-01	5.308030e-01	5.532967e-01	5.778459e-01
6.066351e-01	6.410846e-01	6.787626e-01	7.117371e-01	7.317780e-01	7.422369e-01
7.520091e-01	7.631848e-01	7.914083e-01	8.238997e-01	8.074352e-01	7.901283e-01
8.016329e-01	8.067233e-01	8.067888e-01	8.061720e-01	8.078795e-01	8.046038e-01
3.720516e-01	3.849018e-01	3.978053e-01	4.107012e-01	4.235385e-01	4.490106e-01
4.739951e-01	4.983229e-01	5.219891e-01	5.451904e-01	5.684243e-01	5.919925e-01
6.164470e-01	6.429816e-01	6.737840e-01	7.102389e-01	7.498123e-01	7.844474e-01
8.058515e-01	8.174236e-01	8.280464e-01	8.394862e-01	8.677984e-01	9.002323e-01
8.846902e-01	8.679106e-01	8.792837e-01	8.842530e-01	8.842838e-01	8.836781e-01
8.853405e-01	8.822004e-01	4.222684e-01	4.361006e-01	4.499802e-01	4.638501e-01
4.776612e-01	5.050879e-01	5.320400e-01	5.583539e-01	5.840298e-01	6.092687e-01
6.345715e-01	6.602357e-01	6.868050e-01	7.154595e-01	7.483657e-01	7.868530e-01
8.282991e-01	8.645856e-01	8.874232e-01	9.002264e-01	9.117721e-01	9.234159e-01
9.515621e-01	9.836369e-01	9.693369e-01	9.533501e-01	9.644562e-01	9.692337e-01
9.692225e-01	9.686356e-01	9.702286e-01	9.672805e-01	4.792631e-01	4.941098e-01
5.089982e-01	5.238770e-01	5.387001e-01	5.681687e-01	5.971931e-01	6.256166e-01
6.534444e-01	6.808785e-01	7.084163e-01	7.363458e-01	7.651932e-01	7.961072e-01
8.312029e-01	8.717315e-01	9.150015e-01	9.529107e-01	9.772518e-01	9.914169e-01
1.003963e+00	1.015737e+00	1.043411e+00	1.074769e+00	1.062083e+00	1.047200e+00
1.057879e+00	1.062381e+00	1.062320e+00	1.061761e+00	1.063256e+00	1.060566e+00
5.439505e-01	5.598353e-01	5.757568e-01	5.916720e-01	6.075389e-01	6.391277e-01
6.703247e-01	7.009822e-01	7.311093e-01	7.609048e-01	7.908543e-01	8.212297e-01
8.525283e-01	8.858457e-01	9.232094e-01	9.657660e-01	1.010780e+00	1.050259e+00
1.076173e+00	1.091845e+00	1.105476e+00	1.117288e+00	1.144125e+00	1.174344e+00
1.163702e+00	1.150290e+00	1.160351e+00	1.164481e+00	1.164360e+00	1.163840e+00
1.165203e+00	1.162848e+00	6.173690e-01	6.343035e-01	6.512713e-01	6.682404e-01
6.851745e-01	7.189489e-01	7.524119e-01	7.854268e-01	8.180049e-01	8.503369e-01
8.828856e-01	9.158988e-01	9.498313e-01	9.856996e-01	1.025400e+00	1.069944e+00
1.116583e+00	1.157552e+00	1.185108e+00	1.202446e+00	1.217254e+00	1.228991e+00
1.254561e+00	1.283144e+00	1.275045e+00	1.263527e+00	1.272749e+00	1.276393e+00
1.276201e+00	1.275732e+00	1.276925e+00	1.274994e+00	7.006970e-01	7.186772e-01
7.366900e-01	7.547174e-01	7.727309e-01	8.087390e-01	8.445514e-01	8.800442e-01
9.152285e-01	9.502804e-01	9.856266e-01	1.021481e+00	1.058240e+00	1.096809e+00
1.138902e+00	1.185360e+00	1.233462e+00	1.275806e+00	1.305069e+00	1.324250e+00
1.340333e+00	1.351863e+00	1.375657e+00	1.402025e+00	1.397040e+00	1.387912e+00
1.396035e+00	1.399060e+00	1.398784e+00	1.398382e+00	1.399359e+00	1.397955e+00
7.952720e-01	8.142742e-01	8.333120e-01	8.523855e-01	8.714758e-01	9.097430e-01
9.479743e-01	9.860597e-01	1.024008e+00	1.061971e+00	1.100323e+00	1.139234e+00
1.179022e+00	1.220443e+00	1.264968e+00	1.313226e+00	1.362575e+00	1.406141e+00
1.437174e+00	1.458393e+00	1.475857e+00	1.487019e+00	1.508441e+00	1.531919e+00
1.530708e+00	1.524542e+00	1.531263e+00	1.533516e+00	1.533143e+00	1.532824e+00
1.533532e+00	1.532775e+00	9.026120e-01	9.225873e-01	9.426066e-01	9.626928e-01
9.828390e-01	1.023362e+00	1.064062e+00	1.104846e+00	1.145716e+00	1.186788e+00
1.228368e+00	1.270562e+00	1.313589e+00	1.358014e+00	1.404989e+00	1.454884e+00
1.505203e+00	1.549791e+00	1.582651e+00	1.606125e+00	1.625084e+00	1.635687e+00
1.654043e+00	1.673848e+00	1.677166e+00	1.674622e+00	1.679590e+00	1.680894e+00
1.680407e+00	1.680191e+00	1.680570e+00	1.680597e+00	1.024440e+00	1.045308e+00
1.066236e+00	1.087275e+00	1.108433e+00	1.151170e+00	1.194366e+00	1.237943e+00
1.281889e+00	1.326276e+00	1.371312e+00	1.417029e+00	1.463515e+00	1.511091e+00
1.560508e+00	1.611824e+00	1.662760e+00	1.708116e+00	1.742853e+00	1.768821e+00
1.789400e+00	1.799219e+00	1.813698e+00	1.828927e+00	1.837636e+00	1.839476e+00
1.842285e+00	1.842435e+00	1.841816e+00	1.841726e+00	1.841706e+00	1.842675e+00
1.163681e+00	1.185144e+00	1.206705e+00	1.228458e+00	1.250429e+00	1.295102e+00
1.340684e+00	1.387121e+00	1.434381e+00	1.482472e+00	1.531465e+00	1.581286e+00
1.631835e+00	1.683068e+00	1.735124e+00	1.787593e+00	1.838558e+00	1.884241e+00
1.920998e+00	1.949960e+00	1.972329e+00	1.980699e+00	1.989161e+00	1.997566e+00
2.014408e+00	2.023002e+00	2.022292e+00	2.020648e+00	2.019884e+00	2.020011e+00
2.019363e+00	2.021720e+00	1.321044e+00	1.343032e+00	1.365164e+00	1.387579e+00
1.410326e+00	1.456897e+00	1.504880e+00	1.554236e+00	1.604904e+00	1.656807e+00
1.709854e+00	1.763845e+00	1.818470e+00	1.873281e+00	1.927751e+00	1.980992e+00
2.031532e+00	2.077217e+00	2.115963e+00	2.148070e+00	2.172351e+00	2.179200e+00
2.181281e+00	2.182398e+00	2.207427e+00	2.222877e+00	2.218644e+00	2.215180e+00
2.214244e+00	2.214578e+00	2.213300e+00	2.217092e+00	1.494335e+00	1.517713e+00
1.541228e+00	1.565018e+00	1.589154e+00	1.638576e+00	1.689495e+00	1.741849e+00
1.795532e+00	1.850380e+00	1.906186e+00	1.962667e+00	2.019422e+00	2.075867e+00
2.131323e+00	2.184868e+00	2.235318e+00	2.281347e+00	2.321634e+00	2.355947e+00
2.382145e+00	2.389481e+00	2.391085e+00	2.390793e+00	2.414484e+00	2.429061e+00
2.426058e+00	2.422902e+00	2.421639e+00	2.421804e+00	2.420697e+00	2.424653e+00
1.683714e+00	1.709585e+00	1.735531e+00	1.761617e+00	1.787938e+00	1.841442e+00
1.895979e+00	1.951398e+00	2.007543e+00	2.064179e+00	2.121071e+00	2.177928e+00
2.234439e+00	2.290207e+00	2.344980e+00	2.398262e+00	2.448943e+00	2.495605e+00
2.536787e+00	2.572134e+00	2.600160e+00	2.610116e+00	2.617811e+00	2.623146e+00
2.634779e+00	2.640449e+00	2.643373e+00	2.642768e+00	2.641123e+00	2.640750e+00
2.640660e+00	2.643301e+00	1.889284e+00	1.917517e+00	1.945774e+00	1.974077e+00
2.002543e+00	2.060176e+00	2.118518e+00	2.177318e+00	2.236299e+00	2.295081e+00
2.353232e+00	2.410407e+00	2.466333e+00	2.520764e+00	2.573853e+00	2.625519e+00
2.674805e+00	2.720474e+00	2.761272e+00	2.796954e+00	2.826398e+00	2.837843e+00
2.847857e+00	2.854984e+00	2.863102e+00	2.865728e+00	2.869573e+00	2.869838e+00
2.868859e+00	2.868520e+00	2.868727e+00	2.869979e+00	2.113314e+00	2.144091e+00
2.174827e+00	2.205507e+00	2.236264e+00	2.298300e+00	2.360665e+00	2.422990e+00
2.484838e+00	2.545656e+00	2.604753e+00	2.661716e+00	2.716314e+00	2.768471e+00
2.818793e+00	2.867666e+00	2.914308e+00	2.957739e+00	2.997042e+00	3.032300e+00
3.062755e+00	3.075129e+00	3.085664e+00	3.092863e+00	3.101996e+00	3.104754e+00
3.106497e+00	3.106737e+00	3.107174e+00	3.107231e+00	3.107330e+00	3.106929e+00
2.353127e+00	2.388263e+00	2.423086e+00	2.457394e+00	2.491348e+00	2.558670e+00
2.624706e+00	2.689074e+00	2.751436e+00	2.811569e+00	2.869272e+00	2.924300e+00
2.976523e+00	3.025993e+00	3.073558e+00	3.119814e+00	3.163988e+00	3.204978e+00
3.241852e+00	3.275193e+00	3.305018e+00	3.317789e+00	3.329176e+00	3.337321e+00
3.347070e+00	3.349690e+00	3.349430e+00	3.349750e+00	3.351701e+00	3.352152e+00
3.352103e+00	3.349911e+00	2.605253e+00	2.647593e+00	2.689068e+00	2.729020e+00
2.767626e+00	2.841623e+00	2.910671e+00	2.974603e+00	3.033702e+00	3.088974e+00
3.141919e+00	3.192755e+00	3.241483e+00	3.288176e+00	3.333554e+00	3.378004e+00
3.420489e+00	3.459167e+00	3.492513e+00	3.521868e+00	3.548660e+00	3.561036e+00
3.573844e+00	3.584336e+00	3.593921e+00	3.595880e+00	3.593994e+00	3.594585e+00
3.598092e+00	3.598898e+00	3.598664e+00	3.594588e+00	2.875124e+00	2.924571e+00
2.972572e+00	3.018006e+00	3.061085e+00	3.141315e+00	3.212808e+00	3.275639e+00
3.330730e+00	3.380303e+00	3.427494e+00	3.472950e+00	3.516774e+00	3.559030e+00
3.600303e+00	3.640839e+00	3.679510e+00	3.714198e+00	3.743271e+00	3.768828e+00
3.793531e+00	3.805927e+00	3.819652e+00	3.831361e+00	3.840868e+00	3.842439e+00
3.838973e+00	3.839760e+00	3.844687e+00	3.845813e+00	3.845411e+00	3.839435e+00
3.161753e+00	3.217942e+00	3.272085e+00	3.322598e+00	3.369740e+00	3.455356e+00
3.528417e+00	3.589246e+00	3.639403e+00	3.682285e+00	3.722570e+00	3.761314e+00
3.798691e+00	3.834763e+00	3.870014e+00	3.904642e+00	3.937573e+00	3.966781e+00
3.990878e+00	4.012682e+00	4.035880e+00	4.048501e+00	4.062582e+00	4.074469e+00
4.083887e+00	4.085281e+00	4.080471e+00	4.081372e+00	4.087430e+00	4.088808e+00
4.088314e+00	4.080767e+00	3.463109e+00	3.525740e+00	3.585683e+00	3.640836e+00
3.691501e+00	3.781233e+00	3.854369e+00	3.911492e+00	3.954897e+00	3.989243e+00
4.020843e+00	4.051212e+00	4.080567e+00	4.109038e+00	4.137042e+00	4.164750e+00
4.191140e+00	4.214184e+00	4.232638e+00	4.249975e+00	4.270768e+00	4.283089e+00
4.297007e+00	4.308693e+00	4.317755e+00	4.318960e+00	4.313408e+00	4.314357e+00
4.320982e+00	4.322493e+00	4.322046e+00	4.313887e+00	3.778460e+00	3.846510e+00
3.911209e+00	3.969950e+00	4.023087e+00	4.114924e+00	4.186192e+00	4.237827e+00
4.272854e+00	4.297159e+00	4.318574e+00	4.339055e+00	4.358882e+00	4.378304e+00
4.397731e+00	4.417373e+00	4.436298e+00	4.452501e+00	4.464875e+00	4.477323e+00
4.495015e+00	4.506480e+00	4.519417e+00	4.530135e+00	4.538536e+00	4.539616e+00
4.534147e+00	4.535057e+00	4.541450e+00	4.542905e+00	4.542476e+00	4.534490e+00
4.109487e+00	4.181363e+00	4.249283e+00	4.310178e+00	4.364469e+00	4.456060e+00
4.523455e+00	4.567776e+00	4.592734e+00	4.605425e+00	4.615095e+00	4.624142e+00
4.632982e+00	4.642055e+00	4.651741e+00	4.662300e+00	4.672915e+00	4.681642e+00
4.687500e+00	4.694587e+00	4.708394e+00	4.718413e+00	4.729438e+00	4.738242e+00
4.745617e+00	4.746640e+00	4.742148e+00	4.742909e+00	4.748221e+00	4.749432e+00
4.749055e+00	4.742433e+00	4.451479e+00	4.525341e+00	4.594604e+00	4.655697e+00
4.709161e+00	4.796642e+00	4.856816e+00	4.891352e+00	4.904601e+00	4.904601e+00
4.901581e+00	4.898211e+00	4.894952e+00	4.892432e+00	4.891152e+00	4.891582e+00
4.893072e+00	4.893792e+00	4.892882e+00	4.894362e+00	4.903451e+00	4.911140e+00
4.919109e+00	4.925029e+00	4.930908e+00	4.931928e+00	4.929418e+00	4.929908e+00
4.933188e+00	4.933938e+00	4.933678e+00	4.929778e+00	4.797078e+00	4.877541e+00
4.951111e+00	5.012307e+00	5.062217e+00	5.135636e+00	5.177386e+00	5.195874e+00
5.196328e+00	5.185967e+00	5.173662e+00	5.160754e+00	5.146052e+00	5.129583e+00
5.113922e+00	5.101484e+00	5.092033e+00	5.083983e+00	5.076702e+00	5.073972e+00
5.077936e+00	5.080856e+00	5.084301e+00	5.087606e+00	5.091252e+00	5.092146e+00
5.092455e+00	5.092596e+00	5.093083e+00	5.093095e+00	5.093147e+00	5.092690e+00
5.154767e+00	5.241178e+00	5.317988e+00	5.377640e+00	5.421944e+00	5.476852e+00
5.496173e+00	5.495902e+00	5.481969e+00	5.460326e+00	5.438042e+00	5.414917e+00
5.388017e+00	5.356724e+00	5.325869e+00	5.299868e+00	5.278889e+00	5.261578e+00
5.247488e+00	5.240035e+00	5.238090e+00	5.235702e+00	5.233934e+00	5.233980e+00
5.235053e+00	5.235813e+00	5.239338e+00	5.239073e+00	5.236349e+00	5.235526e+00
5.235911e+00	5.239425e+00	5.529485e+00	5.608045e+00	5.676848e+00	5.728764e+00
5.765811e+00	5.807359e+00	5.813077e+00	5.797014e+00	5.765447e+00	5.725266e+00
5.684698e+00	5.644297e+00	5.602186e+00	5.558141e+00	5.516064e+00	5.479394e+00
5.448313e+00	5.421560e+00	5.398641e+00	5.382480e+00	5.372550e+00	5.366771e+00
5.359488e+00	5.353422e+00	5.351831e+00	5.352653e+00	5.359748e+00	5.358974e+00
5.352507e+00	5.350870e+00	5.351407e+00	5.359918e+00	5.914934e+00	5.972417e+00
6.023067e+00	6.061729e+00	6.089738e+00	6.121044e+00	6.119417e+00	6.089385e+00
6.037234e+00	5.972837e+00	5.908099e+00	5.845965e+00	5.787124e+00	5.732001e+00
5.681505e+00	5.636232e+00	5.596105e+00	5.559868e+00	5.526907e+00	5.499765e+00
5.480710e+00	5.472460e+00	5.459536e+00	5.446119e+00	5.441781e+00	5.442697e+00
5.453262e+00	5.451958e+00	5.441731e+00	5.439344e+00	5.439923e+00	5.453561e+00
6.288483e+00	6.332790e+00	6.370868e+00	6.397828e+00	6.414952e+00	6.426083e+00
6.404135e+00	6.351650e+00	6.275841e+00	6.188301e+00	6.102478e+00	6.022098e+00
5.948185e+00	5.880890e+00	5.819921e+00	5.764597e+00	5.714761e+00	5.669019e+00
5.626546e+00	5.590121e+00	5.560199e+00	5.545570e+00	5.524612e+00	5.501985e+00
5.494561e+00	5.494879e+00	5.508207e+00	5.506395e+00	5.492734e+00	5.489603e+00
5.490183e+00	5.507880e+00	6.662362e+00	6.695818e+00	6.722541e+00	6.737074e+00
6.741004e+00	6.724933e+00	6.675431e+00	6.596293e+00	6.495494e+00	6.385403e+00
6.279892e+00	6.182779e+00	6.094536e+00	6.014695e+00	5.942525e+00	5.876686e+00
5.816988e+00	5.761865e+00	5.710274e+00	5.665343e+00	5.624847e+00	5.603534e+00
5.574882e+00	5.543693e+00	5.533636e+00	5.533326e+00	5.548921e+00	5.546673e+00
5.530107e+00	5.526341e+00	5.526914e+00	5.547932e+00	7.075676e+00	7.082005e+00
7.081805e+00	7.070496e+00	7.050082e+00	6.990784e+00	6.906679e+00	6.802040e+00
6.683237e+00	6.559368e+00	6.440499e+00	6.329758e+00	6.227524e+00	6.133098e+00
6.045946e+00	5.964783e+00	5.888990e+00	5.817766e+00	5.751267e+00	5.690714e+00
5.640699e+00	5.617397e+00	5.587201e+00	5.561352e+00	5.541954e+00	5.540321e+00
5.556860e+00	5.554803e+00	5.537526e+00	5.533493e+00	5.534332e+00	5.555973e+00
7.547343e+00	7.498678e+00	7.447270e+00	7.391277e+00	7.332523e+00	7.213191e+00
7.089626e+00	6.962722e+00	6.834235e+00	6.706725e+00	6.582449e+00	6.462646e+00
6.347953e+00	6.238067e+00	6.133828e+00	6.035313e+00	5.940574e+00	5.850912e+00
5.769609e+00	5.695783e+00	5.634333e+00	5.609095e+00	5.585441e+00	5.568015e+00
5.526653e+00	5.512227e+00	5.532664e+00	5.533975e+00	5.517193e+00	5.512058e+00
5.515832e+00	5.534829e+00	7.945148e+00	7.865225e+00	7.783667e+00	7.699689e+00
7.615306e+00	7.451592e+00	7.292602e+00	7.138255e+00	6.988170e+00	6.841778e+00
6.698416e+00	6.558930e+00	6.424457e+00	6.295238e+00	6.171337e+00	6.052691e+00
5.945867e+00	5.850709e+00	5.765343e+00	5.688101e+00	5.617492e+00	5.588956e+00
5.569135e+00	5.552071e+00	5.491739e+00	5.467184e+00	5.489710e+00	5.493788e+00
5.478695e+00	5.473189e+00	5.478725e+00	5.493420e+00	8.290667e+00	8.193440e+00
8.094832e+00	7.993939e+00	7.892862e+00	7.696601e+00	7.505511e+00	7.319357e+00
7.138217e+00	6.962279e+00	6.791848e+00	6.627793e+00	6.470548e+00	6.320607e+00
6.181248e+00	6.053744e+00	5.935504e+00	5.829363e+00	5.736760e+00	5.653489e+00
5.577193e+00	5.544112e+00	5.515807e+00	5.490667e+00	5.422755e+00	5.396196e+00
5.416456e+00	5.421364e+00	5.410470e+00	5.406328e+00	5.410579e+00	5.418520e+00
8.626089e+00	8.513684e+00	8.398553e+00	8.279632e+00	8.159703e+00	7.925413e+00
7.696891e+00	7.475599e+00	7.261943e+00	7.055985e+00	6.858381e+00	6.670126e+00
6.493898e+00	6.327284e+00	6.170596e+00	6.026362e+00	5.896088e+00	5.781003e+00
5.681290e+00	5.591605e+00	5.508293e+00	5.471369e+00	5.438530e+00	5.408734e+00
5.333895e+00	5.304074e+00	5.318538e+00	5.324509e+00	5.320110e+00	5.317866e+00
5.320874e+00	5.320204e+00	8.866089e+00	8.791465e+00	8.703195e+00	8.590845e+00
8.460495e+00	8.175629e+00	7.878676e+00	7.598120e+00	7.338090e+00	7.097747e+00
6.876742e+00	6.669199e+00	6.484032e+00	6.309919e+00	6.146059e+00	5.995316e+00
5.858006e+00	5.732636e+00	5.616698e+00	5.504466e+00	5.397449e+00	5.351622e+00
5.309370e+00	5.274655e+00	5.219531e+00	5.200358e+00	5.193058e+00	5.195522e+00
5.200401e+00	5.201420e+00	5.201643e+00	5.192706e+00	9.130144e+00	9.071759e+00
8.990453e+00	8.871110e+00	8.723071e+00	8.386314e+00	8.030170e+00	7.699363e+00
7.399773e+00	7.126273e+00	6.880338e+00	6.664091e+00	6.462532e+00	6.275384e+00
6.102104e+00	5.943337e+00	5.796927e+00	5.659397e+00	5.526237e+00	5.391509e+00
5.262085e+00	5.208864e+00	5.159491e+00	5.121144e+00	5.079961e+00	5.068815e+00
5.043290e+00	5.043161e+00	5.055815e+00	5.059524e+00	5.057744e+00	5.041080e+00
9.447443e+00	9.358370e+00	9.247944e+00	9.100924e+00	8.926529e+00	8.541445e+00
8.142839e+00	7.775027e+00	7.442900e+00	7.143768e+00	6.874900e+00	6.633116e+00
6.411624e+00	6.205485e+00	6.014318e+00	5.838924e+00	5.677681e+00	5.527450e+00
5.383499e+00	5.237279e+00	5.096549e+00	5.040301e+00	4.988874e+00	4.948428e+00
4.900201e+00	4.885779e+00	4.857265e+00	4.857895e+00	4.873527e+00	4.877978e+00
4.876418e+00	4.854205e+00	9.732116e+00	9.616858e+00	9.481280e+00	9.309263e+00
9.109726e+00	8.675201e+00	8.229417e+00	7.814947e+00	7.441580e+00	7.127098e+00
6.841040e+00	6.575627e+00	6.333578e+00	6.107843e+00	5.898282e+00	5.705975e+00
5.529619e+00	5.365202e+00	5.207919e+00	5.050303e+00	4.899387e+00	4.836961e+00
4.779128e+00	4.733901e+00	4.681687e+00	4.666264e+00	4.639123e+00	4.639477e+00
4.653248e+00	4.657193e+00	4.655820e+00	4.635849e+00	1.001247e+01	9.862986e+00
9.694881e+00	9.492739e+00	9.265306e+00	8.780980e+00	8.292722e+00	7.841261e+00
7.437886e+00	7.089360e+00	6.775865e+00	6.492061e+00	6.230931e+00	5.986073e+00
5.758283e+00	5.548931e+00	5.357235e+00	5.178329e+00	5.007783e+00	4.840622e+00
4.681427e+00	4.611611e+00	4.545425e+00	4.493967e+00	4.438084e+00	4.422504e+00
4.400669e+00	4.400352e+00	4.408840e+00	4.411310e+00	4.410365e+00	4.397583e+00
1.032137e+01	1.009984e+01	9.865700e+00	9.612025e+00	9.346723e+00	8.814475e+00
8.301315e+00	7.840755e+00	7.424581e+00	7.042772e+00	6.701726e+00	6.393812e+00
6.110685e+00	5.846695e+00	5.601192e+00	5.374213e+00	5.165797e+00	4.972147e+00
4.789935e+00	4.614492e+00	4.446678e+00	4.369348e+00	4.294176e+00	4.235275e+00
4.175514e+00	4.161623e+00	4.146330e+00	4.144959e+00	4.146494e+00	4.147034e+00
4.146860e+00	4.143303e+00	1.064182e+01	1.031969e+01	1.000210e+01	9.692494e+00
9.392586e+00	8.826073e+00	8.299130e+00	7.817311e+00	7.375414e+00	6.970495e+00
6.602004e+00	6.266558e+00	5.960067e+00	5.678310e+00	5.416488e+00	5.171760e+00
4.945413e+00	4.736761e+00	4.544275e+00	4.361903e+00	4.185455e+00	4.100279e+00
4.015250e+00	3.947654e+00	3.883916e+00	3.873413e+00	3.866326e+00	3.863516e+00
3.856155e+00	3.854235e+00	3.855160e+00	3.863301e+00	1.085578e+01	1.049714e+01
1.014318e+01	9.799234e+00	9.468768e+00	8.840591e+00	8.280535e+00	7.764685e+00
7.294489e+00	6.866436e+00	6.477587e+00	6.123764e+00	5.799923e+00	5.501250e+00
5.223254e+00	4.963326e+00	4.722281e+00	4.499323e+00	4.292768e+00	4.099719e+00
3.915031e+00	3.823692e+00	3.732273e+00	3.660310e+00	3.593582e+00	3.582085e+00
3.577743e+00	3.574615e+00	3.564524e+00	3.561891e+00	3.563051e+00	3.574578e+00
1.102696e+01	1.065270e+01	1.028170e+01	9.915137e+00	9.557144e+00	8.854772e+00
8.231058e+00	7.671811e+00	7.175170e+00	6.731337e+00	6.331149e+00	5.967050e+00
5.630804e+00	5.316837e+00	5.023778e+00	4.750896e+00	4.497532e+00	4.261246e+00
4.039290e+00	3.833967e+00	3.641639e+00	3.545666e+00	3.450448e+00	3.376914e+00
3.307986e+00	3.293255e+00	3.288122e+00	3.285358e+00	3.276376e+00	3.274084e+00
3.274977e+00	3.284750e+00	1.121635e+01	1.080095e+01	1.038829e+01	9.982726e+00
9.587957e+00	8.854565e+00	8.178857e+00	7.584868e+00	7.063510e+00	6.601167e+00
6.185821e+00	5.808655e+00	5.460422e+00	5.134953e+00	4.830590e+00	4.546125e+00
4.280538e+00	4.031752e+00	3.797405e+00	3.580654e+00	3.379514e+00	3.280525e+00
3.183361e+00	3.109010e+00	3.037933e+00	3.020902e+00	3.012392e+00	3.010108e+00
3.004076e+00	3.002599e+00	3.003073e+00	3.008886e+00	1.143459e+01	1.094061e+01
1.046264e+01	1.001323e+01	9.591405e+00	8.814710e+00	8.120819e+00	7.505759e+00
6.961422e+00	6.476305e+00	6.039965e+00	5.645357e+00	5.285530e+00	4.953683e+00
4.642735e+00	4.347996e+00	4.069697e+00	3.808799e+00	3.565150e+00	3.337280e+00
3.125252e+00	3.025086e+00	2.928126e+00	2.853795e+00	2.780434e+00	2.762038e+00
2.746699e+00	2.745081e+00	2.744495e+00	2.744468e+00	2.744308e+00	2.743124e+00
1.161940e+01	1.106840e+01	1.054082e+01	1.005440e+01	9.603862e+00	8.785617e+00
8.064605e+00	7.426813e+00	6.862721e+00	6.360286e+00	5.908100e+00	5.499195e+00
5.127492e+00	4.786061e+00	4.466106e+00	4.161777e+00	3.873555e+00	3.603169e+00
3.351439e+00	3.115079e+00	2.894618e+00	2.791817e+00	2.693241e+00	2.618014e+00
2.542845e+00	2.523765e+00	2.505480e+00	2.504117e+00	2.505821e+00	2.506398e+00
2.505961e+00	2.502065e+00	1.177697e+01	1.118543e+01	1.062159e+01	1.010633e+01
9.632206e+00	8.771414e+00	8.017194e+00	7.356313e+00	6.775021e+00	6.258877e+00
5.794098e+00	5.372911e+00	4.989188e+00	4.636168e+00	4.305689e+00	3.992324e+00
3.696184e+00	3.418338e+00	3.159645e+00	2.916864e+00	2.689607e+00	2.583083e+00
2.481231e+00	2.403937e+00	2.327238e+00	2.308011e+00	2.290056e+00	2.288609e+00
2.289872e+00	2.290345e+00	2.289940e+00	2.286802e+00	1.192228e+01	1.129461e+01
1.069908e+01	1.015947e+01	9.665638e+00	8.768436e+00	7.991173e+00	7.309999e+00
6.712644e+00	6.182673e+00	5.705028e+00	5.271611e+00	4.876218e+00	4.512316e+00
4.172042e+00	3.850175e+00	3.546653e+00	3.262250e+00	2.997545e+00	2.749195e+00
2.515207e+00	2.404643e+00	2.298489e+00	2.217865e+00	2.139438e+00	2.120249e+00
2.104143e+00	2.102448e+00	2.101848e+00	2.101899e+00	2.101672e+00	2.100725e+00
1.205218e+01	1.139525e+01	1.077452e+01	1.021635e+01	9.707994e+00	8.784386e+00
7.990040e+00	7.289268e+00	6.675306e+00	6.130082e+00	5.638983e+00	5.195318e+00
4.789718e+00	4.416077e+00	4.066994e+00	3.737513e+00	3.427408e+00	3.137147e+00
2.866726e+00	2.612821e+00	2.371801e+00	2.256955e+00	2.146281e+00	2.062151e+00
1.981449e+00	1.962024e+00	1.947313e+00	1.945389e+00	1.943176e+00	1.942862e+00
1.942729e+00	1.943639e+00	1.217006e+01	1.149050e+01	1.085049e+01	1.027850e+01
9.759324e+00	8.814157e+00	7.995047e+00	7.287859e+00	6.667836e+00	6.116929e+00
5.618118e+00	5.161325e+00	4.744027e+00	4.359731e+00	4.001079e+00	3.663147e+00
3.345406e+00	3.047922e+00	2.771035e+00	2.509949e+00	2.260358e+00	2.140497e+00
2.024845e+00	1.936860e+00	1.852601e+00	1.832329e+00	1.817530e+00	1.815469e+00
1.812636e+00	1.812184e+00	1.812071e+00	1.813416e+00	1.227425e+01	1.157944e+01
1.092716e+01	1.034754e+01	9.822969e+00	8.866522e+00	8.039129e+00	7.319975e+00
6.688385e+00	6.125785e+00	5.616283e+00	5.151985e+00	4.727045e+00	4.335300e+00
3.969613e+00	3.625162e+00	3.301216e+00	2.997535e+00	2.712767e+00	2.442350e+00
2.182000e+00	2.055968e+00	1.934160e+00	1.841232e+00	1.751667e+00	1.729861e+00
1.713499e+00	1.711367e+00	1.708795e+00	1.708405e+00	1.708255e+00	1.708815e+00
1.236691e+01	1.166214e+01	1.100217e+01	1.041873e+01	9.891888e+00	8.928813e+00
8.095614e+00	7.369560e+00	6.730300e+00	6.159115e+00	5.641489e+00	5.173699e+00
4.745411e+00	4.350333e+00	3.981167e+00	3.633000e+00	3.305190e+00	2.997762e+00
2.699721e+00	2.413200e+00	2.133786e+00	1.996763e+00	1.868526e+00	1.768658e+00
1.671443e+00	1.647347e+00	1.628452e+00	1.626198e+00	1.624110e+00	1.623829e+00
1.623625e+00	1.623291e+00	1.245262e+01	1.174058e+01	1.107555e+01	1.049079e+01
9.964060e+00	8.999078e+00	8.164801e+00	7.435690e+00	6.792729e+00	6.218058e+00
5.697013e+00	5.222575e+00	4.787718e+00	4.385841e+00	4.009248e+00	3.652765e+00
3.315792e+00	2.998437e+00	2.692409e+00	2.395028e+00	2.101198e+00	1.955248e+00
1.817870e+00	1.709158e+00	1.603017e+00	1.576420e+00	1.554868e+00	1.552440e+00
1.550714e+00	1.550520e+00	1.550268e+00	1.549330e+00	1.253098e+01	1.181363e+01
1.114541e+01	1.056095e+01	1.003585e+01	9.071613e+00	8.238096e+00	7.507343e+00
6.861702e+00	6.284108e+00	5.760330e+00	5.282338e+00	4.843612e+00	4.437031e+00
4.054212e+00	3.689544e+00	3.342467e+00	3.012783e+00	2.702374e+00	2.400047e+00
2.099363e+00	1.948709e+00	1.788414e+00	1.663414e+00	1.545142e+00	1.515635e+00
1.491456e+00	1.488657e+00	1.486658e+00	1.486444e+00	1.486145e+00	1.485782e+00
1.260079e+01	1.187992e+01	1.121041e+01	1.062814e+01	1.010674e+01	9.147667e+00
8.318828e+00	7.590134e+00	6.945424e+00	6.368648e+00	5.846322e+00	5.370119e+00
4.932884e+00	4.526658e+00	4.141922e+00	3.772496e+00	3.418516e+00	3.080947e+00
2.757911e+00	2.438857e+00	2.114294e+00	1.948268e+00	1.771650e+00	1.629824e+00
1.496997e+00	1.464322e+00	1.437777e+00	1.434497e+00	1.431683e+00	1.431336e+00
1.431042e+00	1.432095e+00	1.266227e+01	1.193668e+01	1.126532e+01	1.068586e+01
1.016983e+01	9.220922e+00	8.400972e+00	7.679108e+00	7.039526e+00	6.466427e+00
5.946504e+00	5.471597e+00	5.034676e+00	4.627824e+00	4.241451e+00	3.869043e+00
3.510069e+00	3.164564e+00	2.829428e+00	2.493458e+00	2.144145e+00	1.959972e+00
1.774462e+00	1.611716e+00	1.454822e+00	1.418855e+00	1.391915e+00	1.388234e+00
1.383475e+00	1.382627e+00	1.382752e+00	1.386020e+00	1.271794e+01	1.198746e+01
1.131434e+01	1.073818e+01	1.022849e+01	9.293010e+00	8.485161e+00	7.774092e+00
7.143586e+00	6.577391e+00	6.061686e+00	5.588708e+00	5.152140e+00	4.744830e+00
4.358032e+00	3.985273e+00	3.624473e+00	3.273050e+00	2.925952e+00	2.572167e+00
2.198030e+00	1.997794e+00	1.786465e+00	1.598826e+00	1.417125e+00	1.377813e+00
1.351313e+00	1.347277e+00	1.340129e+00	1.338630e+00	1.339347e+00	1.345117e+00
1.276130e+01	1.202850e+01	1.135607e+01	1.078557e+01	1.028424e+01	9.364875e+00
8.570580e+00	7.871505e+00	7.251230e+00	6.693223e+00	6.183268e+00	5.713881e+00
5.279251e+00	4.872729e+00	4.486116e+00	4.112933e+00	3.750069e+00	3.393131e+00
3.035234e+00	2.664086e+00	2.263151e+00	2.044064e+00	1.804142e+00	1.596219e+00
1.385511e+00	1.341597e+00	1.315486e+00	1.311158e+00	1.301400e+00	1.299199e+00
1.300618e+00	1.308695e+00	1.279438e+01	1.206095e+01	1.139083e+01	1.082772e+01
1.033661e+01	9.436455e+00	8.657523e+00	7.972009e+00	7.363534e+00	6.815548e+00
6.313662e+00	5.850510e+00	5.420434e+00	5.016815e+00	4.631389e+00	4.257543e+00
3.892152e+00	3.530694e+00	3.165108e+00	2.779381e+00	2.351084e+00	2.110356e+00
1.840878e+00	1.602267e+00	1.359571e+00	1.310239e+00	1.284545e+00	1.279981e+00
1.267409e+00	1.264460e+00	1.266680e+00	1.276938e+00	1.281166e+01	1.208075e+01
1.141563e+01	1.086266e+01	1.038393e+01	9.505172e+00	8.743314e+00	8.072603e+00
7.476951e+00	6.939870e+00	6.446883e+00	5.990807e+00	5.566174e+00	5.166486e+00
4.783480e+00	4.410454e+00	4.044129e+00	3.679665e+00	3.307643e+00	2.908133e+00
2.452300e+00	2.189046e+00	1.887638e+00	1.615343e+00	1.339979e+00	1.283352e+00
1.256819e+00	1.252074e+00	1.237065e+00	1.233472e+00	1.236450e+00	1.247738e+00
1.281720e+01	1.208915e+01	1.143194e+01	1.089120e+01	1.042667e+01	9.570996e+00
8.827759e+00	8.172940e+00	7.590963e+00	7.065513e+00	6.582151e+00	6.133950e+00
5.715668e+00	5.321014e+00	4.941835e+00	4.571372e+00	4.206047e+00	3.840454e+00
3.463611e+00	3.051616e+00	2.568833e+00	2.282670e+00	1.947663e+00	1.641540e+00
1.326883e+00	1.261000e+00	1.232204e+00	1.227273e+00	1.210180e+00	1.206032e+00
1.209670e+00	1.220849e+00	1.281239e+01	1.209006e+01	1.144016e+01	1.091429e+01
1.046573e+01	9.634235e+00	8.910739e+00	8.272511e+00	7.704689e+00	7.191316e+00
6.718172e+00	6.278602e+00	5.867615e+00	5.479142e+00	5.105207e+00	4.738990e+00
4.376548e+00	4.011771e+00	3.631961e+00	3.209202e+00	2.700544e+00	2.391277e+00
2.021629e+00	1.678831e+00	1.320990e+00	1.244179e+00	1.210289e+00	1.205041e+00
1.186632e+00	1.182140e+00	1.186159e+00	1.196070e+00	1.279781e+01	1.208185e+01
1.144067e+01	1.093112e+01	1.049823e+01	9.690265e+00	8.987119e+00	8.366819e+00
7.815078e+00	7.315919e+00	6.854675e+00	6.424754e+00	6.021610e+00	5.639713e+00
5.271639e+00	4.910757e+00	4.552805e+00	4.190955e+00	3.810871e+00	3.380707e+00
2.849204e+00	2.516763e+00	2.109543e+00	1.726531e+00	1.325322e+00	1.233415e+00
1.189345e+00	1.183166e+00	1.165566e+00	1.161887e+00	1.166881e+00	1.173553e+00
1.274803e+01	1.205213e+01	1.143548e+01	1.094774e+01	1.053888e+01	9.763526e+00
9.082251e+00	8.475743e+00	7.932429e+00	7.439394e+00	6.985229e+00	6.564058e+00
6.171055e+00	5.800138e+00	5.443058e+00	5.092359e+00	4.742945e+00	4.386419e+00
4.005575e+00	3.562865e+00	3.000270e+00	2.643959e+00	2.206516e+00	1.790818e+00
1.338424e+00	1.230762e+00	1.166355e+00	1.161537e+00	1.150742e+00	1.146951e+00
1.145656e+00	1.153312e+00	1.262732e+01	1.198048e+01	1.140989e+01	1.096526e+01
1.059097e+01	9.859849e+00	9.200489e+00	8.600519e+00	8.055208e+00	7.558851e+00
7.106658e+00	6.693375e+00	6.313038e+00	5.958065e+00	5.617950e+00	5.283137e+00
4.947013e+00	4.598544e+00	4.216246e+00	3.755168e+00	3.152797e+00	2.772531e+00
2.315275e+00	1.881081e+00	1.375810e+00	1.232386e+00	1.144501e+00	1.142130e+00
1.140749e+00	1.136116e+00	1.122529e+00	1.135596e+00	1.262759e+01	1.198270e+01
1.141635e+01	1.098507e+01	1.062242e+01	9.909638e+00	9.266405e+00	8.680812e+00
8.148329e+00	7.663911e+00	7.223878e+00	6.823399e+00	6.456345e+00	6.114570e+00
5.786546e+00	5.461937e+00	5.134213e+00	4.792523e+00	4.415783e+00	3.959181e+00
3.350345e+00	2.951769e+00	2.453690e+00	1.967985e+00	1.399201e+00	1.236982e+00
1.141292e+00	1.133601e+00	1.124282e+00	1.119696e+00	1.109920e+00	1.119758e+00
1.262800e+01	1.198607e+01	1.142617e+01	1.100208e+01	1.064721e+01	9.948681e+00
9.319865e+00	8.749262e+00	8.232360e+00	7.763825e+00	7.339166e+00	6.953211e+00
6.599713e+00	6.270338e+00	5.953124e+00	5.637507e+00	5.317511e+00	4.983271e+00
4.615570e+00	4.173006e+00	3.574405e+00	3.162213e+00	2.613939e+00	2.061375e+00
1.422044e+00	1.245608e+00	1.139272e+00	1.127142e+00	1.106256e+00	1.102156e+00
1.099931e+00	1.105286e+00	1.261968e+01	1.198081e+01	1.142496e+01	1.100650e+01
1.066640e+01	9.987926e+00	9.376479e+00	8.821896e+00	8.320002e+00	7.865679e+00
7.454458e+00	7.081276e+00	6.740068e+00	6.422634e+00	6.117033e+00	5.812687e+00
5.503709e+00	5.180334e+00	4.823335e+00	4.390639e+00	3.793198e+00	3.368598e+00
2.784953e+00	2.179249e+00	1.460180e+00	1.259791e+00	1.135136e+00	1.119092e+00
1.093582e+00	1.089566e+00	1.089829e+00	1.092573e+00	1.257938e+01	1.195246e+01
1.141038e+01	1.100761e+01	1.068057e+01	1.002495e+01	9.433032e+00	8.895456e+00
8.408434e+00	7.967338e+00	7.568136e+00	7.206175e+00	6.875877e+00	6.569555e+00
6.275843e+00	5.984503e+00	5.689478e+00	5.380446e+00	5.036506e+00	4.611055e+00
4.008359e+00	3.573474e+00	2.969851e+00	2.328979e+00	1.524280e+00	1.288398e+00
1.129200e+00	1.109970e+00	1.084450e+00	1.080354e+00	1.079966e+00	1.081610e+00
1.253031e+01	1.191630e+01	1.138823e+01	1.100281e+01	1.068837e+01	1.005804e+01
9.486873e+00	8.966737e+00	8.494408e+00	8.065871e+00	7.677643e+00	7.325650e+00
7.005027e+00	6.708957e+00	6.427219e+00	6.150305e+00	5.871915e+00	5.580782e+00
5.253340e+00	4.835918e+00	4.224951e+00	3.779142e+00	3.159055e+00	2.488795e+00
1.603156e+00	1.329546e+00	1.126957e+00	1.100360e+00	1.077410e+00	1.073338e+00
1.068457e+00	1.072179e+00	1.247352e+01	1.187357e+01	1.136006e+01	1.099122e+01
1.069389e+01	1.008861e+01	9.538511e+00	9.035901e+00	8.578096e+00	8.161726e+00
7.783908e+00	7.441242e+00	7.129694e+00	6.843512e+00	6.573947e+00	6.312490e+00
6.052648e+00	5.782081e+00	5.473978e+00	5.065780e+00	4.445327e+00	3.988900e+00
3.356293e+00	2.662540e+00	1.699320e+00	1.385912e+00	1.125543e+00	1.091074e+00
1.071482e+00	1.067460e+00	1.056347e+00	1.063742e+00	1.244446e+01	1.185288e+01
1.134914e+01	1.098799e+01	1.070185e+01	1.011667e+01	9.583022e+00	9.094910e+00
8.650031e+00	8.245413e+00	7.878504e+00	7.546318e+00	7.245299e+00	6.970334e+00
6.713549e+00	6.467105e+00	6.224669e+00	5.973641e+00	5.685823e+00	5.293718e+00
4.677511e+00	4.216552e+00	3.572163e+00	2.850427e+00	1.801312e+00	1.445901e+00
1.126341e+00	1.088694e+00	1.064934e+00	1.060879e+00	1.047761e+00	1.056337e+00
1.243359e+01	1.184588e+01	1.134698e+01	1.099352e+01	1.071489e+01	1.014194e+01
9.619813e+00	9.142931e+00	8.709067e+00	8.315436e+00	7.959632e+00	7.638885e+00
7.349770e+00	7.087327e+00	6.843768e+00	6.611430e+00	6.384500e+00	6.151057e+00
5.883797e+00	5.515798e+00	4.923178e+00	4.467353e+00	3.811995e+00	3.054616e+00
1.909074e+00	1.510136e+00	1.139107e+00	1.090083e+00	1.057392e+00	1.053166e+00
1.042266e+00	1.050014e+00	1.242454e+01	1.184049e+01	1.134615e+01	1.099852e+01
1.072598e+01	1.016329e+01	9.651232e+00	9.184521e+00	8.760955e+00	8.377865e+00
8.032887e+00	7.723357e+00	7.445961e+00	7.195812e+00	6.965123e+00	6.746462e+00
6.534837e+00	6.319664e+00	6.075106e+00	5.734575e+00	5.169892e+00	4.722187e+00
4.059859e+00	3.270652e+00	2.030046e+00	1.584287e+00	1.155779e+00	1.093705e+00
1.049785e+00	1.045190e+00	1.037415e+00	1.044434e+00	1.241371e+01	1.183516e+01
1.134611e+01	1.100456e+01	1.073797e+01	1.018539e+01	9.682432e+00	9.224307e+00
8.809038e+00	8.434378e+00	8.098386e+00	7.798654e+00	7.532112e+00	7.294101e+00
7.077036e+00	6.873538e+00	6.678342e+00	6.480130e+00	6.253667e+00	5.937704e+00
5.408157e+00	4.978829e+00	4.325098e+00	3.513725e+00	2.167115e+00	1.666682e+00
1.172275e+00	1.098594e+00	1.046020e+00	1.041235e+00	1.035104e+00	1.039623e+00
1.239827e+01	1.182967e+01	1.135062e+01	1.101751e+01	1.075772e+01	1.021606e+01
9.720741e+00	9.268350e+00	8.857704e+00	8.487619e+00	8.157267e+00	7.864762e+00
7.607445e+00	7.381260e+00	7.179379e+00	6.994305e+00	6.818246e+00	6.634297e+00
6.415416e+00	6.114827e+00	5.627861e+00	5.234055e+00	4.621006e+00	3.809138e+00
2.323099e+00	1.752423e+00	1.182805e+00	1.100716e+00	1.047792e+00	1.043653e+00
1.035468e+00	1.035680e+00	1.240596e+01	1.183997e+01	1.136367e+01	1.103143e+01
1.077265e+01	1.023519e+01	9.745822e+00	9.300845e+00	8.898633e+00	8.537420e+00
8.215701e+00	7.931636e+00	7.682692e+00	7.465061e+00	7.272157e+00	7.097628e+00
6.936716e+00	6.778093e+00	6.596302e+00	6.328654e+00	5.856849e+00	5.471175e+00
4.878999e+00	4.078109e+00	2.505824e+00	1.864733e+00	1.205576e+00	1.110238e+00
1.047164e+00	1.040924e+00	1.033842e+00	1.032681e+00	1.240402e+01	1.184136e+01
1.136779e+01	1.103991e+01	1.078512e+01	1.025444e+01	9.771361e+00	9.332662e+00
8.936726e+00	8.581897e+00	8.266872e+00	7.990075e+00	7.749255e+00	7.540947e+00
7.358980e+00	7.197554e+00	7.052805e+00	6.914745e+00	6.758375e+00	6.519601e+00
6.078762e+00	5.710364e+00	5.138488e+00	4.345100e+00	2.702223e+00	1.992755e+00
1.235428e+00	1.123595e+00	1.046756e+00	1.039064e+00	1.030373e+00	1.030030e+00
1.237431e+01	1.182573e+01	1.136395e+01	1.104407e+01	1.079537e+01	1.027480e+01
9.798494e+00	9.364311e+00	8.971557e+00	8.619771e+00	8.308873e+00	8.037713e+00
7.804493e+00	7.606310e+00	7.437847e+00	7.293233e+00	7.166158e+00	7.041033e+00
6.892339e+00	6.674297e+00	6.285592e+00	5.950756e+00	5.401707e+00	4.609478e+00
2.909055e+00	2.136506e+00	1.273130e+00	1.140745e+00	1.046669e+00	1.038569e+00
1.025080e+00	1.027670e+00	1.236818e+01	1.182583e+01	1.136733e+01	1.105106e+01
1.080525e+01	1.028980e+01	9.818129e+00	9.388451e+00	9.000103e+00	8.652761e+00
8.346570e+00	8.080607e+00	7.853420e+00	7.662582e+00	7.503442e+00	7.370785e+00
7.258744e+00	7.151942e+00	7.025298e+00	6.835580e+00	6.484935e+00	6.172549e+00
5.646300e+00	4.872024e+00	3.140494e+00	2.298354e+00	1.314066e+00	1.161112e+00
1.048351e+00	1.038205e+00	1.024603e+00	1.025602e+00	1.236389e+01	1.182598e+01
1.137326e+01	1.105876e+01	1.081413e+01	1.030231e+01	9.834527e+00	9.409049e+00
9.025135e+00	8.682397e+00	8.380914e+00	8.119880e+00	7.898123e+00	7.713657e+00
7.562427e+00	7.440026e+00	7.341679e+00	7.253729e+00	7.152653e+00	6.993747e+00
6.677967e+00	6.386239e+00	5.885258e+00	5.137379e+00	3.390066e+00	2.476096e+00
1.359959e+00	1.185127e+00	1.052002e+00	1.037951e+00	1.024299e+00	1.023719e+00
1.235555e+01	1.182490e+01	1.137632e+01	1.106411e+01	1.082015e+01	1.031155e+01
9.847230e+00	9.425517e+00	9.045635e+00	8.707169e+00	8.410195e+00	8.153990e+00
7.937627e+00	7.759419e+00	7.615672e+00	7.502490e+00	7.415846e+00	7.343215e+00
7.262765e+00	7.131856e+00	6.855720e+00	6.591045e+00	6.123710e+00	5.405446e+00
3.641601e+00	2.664796e+00	1.416048e+00	1.215240e+00	1.055963e+00	1.038214e+00
1.022605e+00	1.022051e+00	1.234064e+01	1.181927e+01	1.137802e+01	1.106807e+01
1.082436e+01	1.031840e+01	9.856975e+00	9.438469e+00	9.062103e+00	8.727460e+00
8.434635e+00	8.182947e+00	7.971637e+00	7.799194e+00	7.662143e+00	7.556928e+00
7.480118e+00	7.420106e+00	7.356863e+00	7.251446e+00	7.016327e+00	6.782245e+00
6.355297e+00	5.671427e+00	3.894433e+00	2.864882e+00	1.486660e+00	1.255248e+00
1.061153e+00	1.039198e+00	1.018748e+00	1.020611e+00	1.231981e+01	1.181187e+01
1.138005e+01	1.107285e+01	1.082879e+01	1.032504e+01	9.865822e+00	9.449665e+00
9.075920e+00	8.744294e+00	8.455004e+00	8.207261e+00	8.000045e+00	7.831897e+00
7.699981e+00	7.601534e+00	7.534040e+00	7.487426e+00	7.443298e+00	7.363450e+00
7.161699e+00	6.951657e+00	6.566207e+00	5.933222e+00	4.162088e+00	3.067734e+00
1.567072e+00	1.305030e+00	1.067602e+00	1.038905e+00	1.019438e+00	1.019356e+00
1.229261e+01	1.180208e+01	1.138226e+01	1.107818e+01	1.083326e+01	1.033140e+01
9.873981e+00	9.459719e+00	9.088139e+00	8.759099e+00	8.472961e+00	8.228787e+00
8.025146e+00	7.860589e+00	7.733036e+00	7.640637e+00	7.581884e+00	7.548463e+00
7.523665e+00	7.469082e+00	7.297507e+00	7.108827e+00	6.765440e+00	6.191947e+00
4.443043e+00	3.278681e+00	1.658097e+00	1.364297e+00	1.075579e+00	1.038073e+00
1.021591e+00	1.018238e+00	1.226442e+01	1.179237e+01	1.138527e+01	1.108450e+01
1.083861e+01	1.033844e+01	9.882572e+00	9.470032e+00	9.100398e+00	8.773547e+00
8.489826e+00	8.248366e+00	8.047838e+00	7.886948e+00	7.763896e+00	7.677205e+00
7.625891e+00	7.602476e+00	7.592068e+00	7.560960e+00	7.427801e+00	7.265044e+00
6.953215e+00	6.415295e+00	4.723265e+00	3.526335e+00	1.756506e+00	1.422941e+00
1.086070e+00	1.039636e+00	1.022049e+00	1.017536e+00	1.223469e+01	1.178291e+01
1.139010e+01	1.109282e+01	1.084579e+01	1.034682e+01	9.892089e+00	9.481023e+00
9.113045e+00	8.787873e+00	8.505668e+00	8.265948e+00	8.068043e+00	7.910962e+00
7.792649e+00	7.711326e+00	7.665962e+00	7.648980e+00	7.647630e+00	7.637526e+00
7.552090e+00	7.421390e+00	7.126275e+00	6.593895e+00	4.995253e+00	3.833793e+00
1.863392e+00	1.478372e+00	1.102043e+00	1.055763e+00	1.019975e+00	1.017169e+00
1.220333e+01	1.177082e+01	1.139047e+01	1.109629e+01	1.084767e+01	1.035030e+01
9.897010e+00	9.487422e+00	9.121060e+00	8.797714e+00	8.517516e+00	8.279981e+00
8.084297e+00	7.929568e+00	7.814247e+00	7.737074e+00	7.697400e+00	7.688111e+00
7.698032e+00	7.707618e+00	7.653770e+00	7.544356e+00	7.282913e+00	6.800713e+00
5.281478e+00	4.091343e+00	1.987668e+00	1.557027e+00	1.119565e+00	1.059565e+00
1.022129e+00	1.016544e+00	1.217323e+01	1.175834e+01	1.139001e+01	1.109864e+01
1.084868e+01	1.035261e+01	9.900503e+00	9.492179e+00	9.127227e+00	8.805485e+00
8.527047e+00	8.291409e+00	8.097679e+00	7.945004e+00	7.832187e+00	7.758449e+00
7.723699e+00	7.721693e+00	7.742570e+00	7.768533e+00	7.739348e+00	7.649926e+00
7.428860e+00	7.008353e+00	5.557089e+00	4.337841e+00	2.132476e+00	1.654294e+00
1.139245e+00	1.061493e+00	1.025926e+00	1.015803e+00	1.214942e+01	1.174998e+01
1.139223e+01	1.110347e+01	1.085241e+01	1.035734e+01	9.906029e+00	9.498768e+00
9.134962e+00	8.814201e+00	8.536401e+00	8.301520e+00	8.109576e+00	7.959984e+00
7.850756e+00	7.780507e+00	7.749493e+00	7.752285e+00	7.780147e+00	7.817184e+00
7.818852e+00	7.761554e+00	7.572566e+00	7.163911e+00	5.785608e+00	4.662692e+00
2.296605e+00	1.742450e+00	1.162369e+00	1.081697e+00	1.022658e+00	1.015387e+00
1.212961e+01	1.174145e+01	1.139134e+01	1.110442e+01	1.085271e+01	1.035962e+01
9.910896e+00	9.505293e+00	9.142285e+00	8.821923e+00	8.544536e+00	8.310300e+00
8.119311e+00	7.971258e+00	7.864433e+00	7.797737e+00	7.771362e+00	7.779416e+00
7.813616e+00	7.861801e+00	7.887019e+00	7.850625e+00	7.694245e+00	7.328330e+00
6.034603e+00	4.938137e+00	2.481369e+00	1.855794e+00	1.188499e+00	1.095936e+00
1.024454e+00	1.015011e+00	1.211054e+01	1.173350e+01	1.139106e+01	1.110584e+01
1.085334e+01	1.036124e+01	9.912874e+00	9.507907e+00	9.145951e+00	8.826797e+00
8.550676e+00	8.317751e+00	8.128125e+00	7.981593e+00	7.876616e+00	7.812293e+00
7.789084e+00	7.801653e+00	7.842611e+00	7.901598e+00	7.946091e+00	7.927345e+00
7.803966e+00	7.485168e+00	6.275087e+00	5.209605e+00	2.681678e+00	1.984212e+00
1.219960e+00	1.109850e+00	1.027494e+00	1.014733e+00	1.209237e+01	1.172670e+01
1.139211e+01	1.110890e+01	1.085539e+01	1.036255e+01	9.913369e+00	9.508484e+00
9.147355e+00	8.829560e+00	8.555102e+00	8.323949e+00	8.136131e+00	7.991249e+00
7.887634e+00	7.824475e+00	7.802902e+00	7.819027e+00	7.866791e+00	7.935738e+00
7.995638e+00	7.992139e+00	7.900860e+00	7.627291e+00	6.495927e+00	5.479846e+00
2.896466e+00	2.127862e+00	1.259971e+00	1.124885e+00	1.032046e+00	1.014552e+00
1.207928e+01	1.172256e+01	1.139406e+01	1.111232e+01	1.085804e+01	1.036535e+01
9.916171e+00	9.511631e+00	9.151215e+00	8.834292e+00	8.560778e+00	8.330649e+00
8.143901e+00	8.000143e+00	7.897815e+00	7.836257e+00	7.816845e+00	7.836125e+00
7.888748e+00	7.965650e+00	8.039843e+00	8.049920e+00	7.986100e+00	7.754037e+00
6.707730e+00	5.741900e+00	3.129192e+00	2.286960e+00	1.305208e+00	1.146261e+00
1.037034e+00	1.014451e+00	1.206785e+01	1.171904e+01	1.139607e+01	1.111544e+01
1.086044e+01	1.036834e+01	9.920030e+00	9.516039e+00	9.155923e+00	8.839360e+00
8.566359e+00	8.336918e+00	8.150962e+00	8.008130e+00	7.907002e+00	7.847079e+00
7.829863e+00	7.851991e+00	7.908650e+00	7.992562e+00	8.079988e+00	8.102470e+00
8.063685e+00	7.871158e+00	6.913050e+00	6.000679e+00	3.378731e+00	2.461474e+00
1.355939e+00	1.172511e+00	1.042607e+00	1.014365e+00	1.205561e+01	1.171432e+01
1.139620e+01	1.111657e+01	1.086080e+01	1.036927e+01	9.921549e+00	9.518029e+00
9.158325e+00	8.842221e+00	8.569769e+00	8.341005e+00	8.155834e+00	8.013918e+00
7.913864e+00	7.855275e+00	7.839822e+00	7.864383e+00	7.924746e+00	8.015002e+00
8.113673e+00	8.146650e+00	8.130422e+00	7.976115e+00	7.105095e+00	6.247567e+00
3.640557e+00	2.652889e+00	1.413885e+00	1.202472e+00	1.048985e+00	1.014200e+00
1.204378e+01	1.170904e+01	1.139557e+01	1.111703e+01	1.086080e+01	1.036957e+01
9.922189e+00	9.519016e+00	9.159680e+00	8.843992e+00	8.572011e+00	8.343803e+00
8.159279e+00	8.018138e+00	7.919004e+00	7.861550e+00	7.847580e+00	7.874174e+00
7.937633e+00	8.033285e+00	8.141672e+00	8.183611e+00	8.186561e+00	8.066196e+00
7.281499e+00	6.481778e+00	3.911737e+00	2.861537e+00	1.482180e+00	1.239317e+00
1.056676e+00	1.013972e+00	1.203711e+01	1.170723e+01	1.139589e+01	1.111788e+01
1.086106e+01	1.037050e+01	9.924116e+00	9.521853e+00	9.163252e+00	8.848048e+00
8.576252e+00	8.347801e+00	8.162908e+00	8.021920e+00	7.923988e+00	7.868784e+00
7.857281e+00	7.885909e+00	7.948592e+00	8.047022e+00	8.168645e+00	8.223495e+00
8.235696e+00	8.126764e+00	7.446203e+00	6.746702e+00	4.175092e+00	3.064817e+00
1.561578e+00	1.288559e+00	1.066393e+00	1.014004e+00	1.203223e+01	1.170613e+01
1.139709e+01	1.111903e+01	1.086170e+01	1.037188e+01	9.926958e+00	9.526001e+00
9.168317e+00	8.853486e+00	8.581479e+00	8.352226e+00	8.166471e+00	8.025350e+00
7.928597e+00	7.875915e+00	7.867236e+00	7.897723e+00	7.958438e+00	8.058636e+00
8.194163e+00	8.262725e+00	8.279811e+00	8.174811e+00	7.602702e+00	7.024526e+00
4.438958e+00	3.271328e+00	1.652302e+00	1.349496e+00	1.077969e+00	1.014110e+00
1.203124e+01	1.170623e+01	1.139872e+01	1.112022e+01	1.086180e+01	1.037185e+01
9.927176e+00	9.526555e+00	9.169204e+00	8.854636e+00	8.582791e+00	8.354198e+00
8.169361e+00	8.028493e+00	7.931043e+00	7.877378e+00	7.868957e+00	7.900591e+00
7.969896e+00	8.075366e+00	8.214320e+00	8.282733e+00	8.312877e+00	8.232809e+00
7.745786e+00	7.212754e+00	4.722492e+00	3.512989e+00	1.752203e+00	1.409752e+00
1.090135e+00	1.014106e+00	1.203286e+01	1.170935e+01	1.140157e+01	1.112142e+01
1.086091e+01	1.036805e+01	9.921715e+00	9.520639e+00	9.163872e+00	8.850790e+00
8.581141e+00	8.354698e+00	8.171492e+00	8.031262e+00	7.931992e+00	7.873415e+00
7.860355e+00	7.897641e+00	7.984248e+00	8.103460e+00	8.229138e+00	8.290075e+00
8.335405e+00	8.308464e+00	7.873012e+00	7.318527e+00	5.031038e+00	3.810118e+00
1.863682e+00	1.466814e+00	1.103010e+00	1.013778e+00	1.203225e+01	1.171037e+01
1.140446e+01	1.112390e+01	1.086206e+01	1.036868e+01	9.922052e+00	9.520887e+00
9.164240e+00	8.851466e+00	8.582272e+00	8.356737e+00	8.174594e+00	8.034773e+00
7.934665e+00	7.874534e+00	7.860815e+00	7.899594e+00	7.994077e+00	8.118549e+00
8.243294e+00	8.303404e+00	8.360773e+00	8.363020e+00	7.985888e+00	7.458008e+00
5.321583e+00	4.090929e+00	1.995949e+00	1.540505e+00	1.119045e+00	1.013780e+00
1.202868e+01	1.171038e+01	1.140593e+01	1.112591e+01	1.086415e+01	1.037088e+01
9.924342e+00	9.523340e+00	9.166843e+00	8.854238e+00	8.585204e+00	8.359637e+00
8.177403e+00	8.037784e+00	7.938298e+00	7.879027e+00	7.866068e+00	7.905967e+00
8.000412e+00	8.126562e+00	8.255767e+00	8.321082e+00	8.386079e+00	8.402252e+00
8.084768e+00	7.621044e+00	5.593429e+00	4.357546e+00	2.150607e+00	1.634002e+00
1.138874e+00	1.013875e+00	1.202280e+01	1.170723e+01	1.140506e+01	1.112566e+01
1.086364e+01	1.037068e+01	9.924356e+00	9.523516e+00	9.167144e+00	8.854593e+00
8.585660e+00	8.360210e+00	8.178132e+00	8.038700e+00	7.939705e+00	7.880954e+00
7.868602e+00	7.909133e+00	8.003839e+00	8.131368e+00	8.264220e+00	8.333613e+00
8.405575e+00	8.434862e+00	8.170842e+00	7.759371e+00	5.855597e+00	4.630191e+00
2.319885e+00	1.741228e+00	1.161815e+00	1.013697e+00	1.200255e+01	1.169437e+01
1.139830e+01	1.112261e+01	1.086261e+01	1.037199e+01	9.926281e+00	9.525131e+00
9.167984e+00	8.854612e+00	8.584922e+00	8.359068e+00	8.177007e+00	8.038406e+00
7.941617e+00	7.887053e+00	7.878183e+00	7.915554e+00	7.998523e+00	8.119934e+00
8.267257e+00	8.347194e+00	8.425913e+00	8.461669e+00	8.245825e+00	7.882517e+00
6.107114e+00	4.904003e+00	2.504591e+00	1.868174e+00	1.188675e+00	1.013523e+00
1.199198e+01	1.168825e+01	1.139547e+01	1.112136e+01	1.086229e+01	1.037322e+01
9.927933e+00	9.526565e+00	9.168846e+00	8.854724e+00	8.584685e+00	8.358676e+00
8.176660e+00	8.038470e+00	7.943546e+00	7.891430e+00	7.884421e+00	7.920312e+00
7.996551e+00	8.115370e+00	8.271208e+00	8.358278e+00	8.443109e+00	8.486403e+00
8.312239e+00	7.993586e+00	6.348440e+00	5.179639e+00	2.704708e+00	2.008741e+00
1.219872e+00	1.013441e+00	1.198995e+01	1.168757e+01	1.139559e+01	1.112191e+01
1.086273e+01	1.037387e+01	9.928687e+00	9.527345e+00	9.169570e+00	8.855513e+00
8.585582e+00	8.359828e+00	8.178161e+00	8.040350e+00	7.945387e+00	7.893351e+00
7.886551e+00	7.922819e+00	8.000473e+00	8.120705e+00	8.278274e+00	8.366407e+00
8.456521e+00	8.509667e+00	8.370167e+00	8.092247e+00	6.576554e+00	5.454524e+00
2.921163e+00	2.162567e+00	1.256991e+00	1.013418e+00	