4.979308e-02	5.215703e-02	5.455145e-02	5.697426e-02	5.941476e-02	6.431385e-02
6.923315e-02	7.412201e-02	7.899403e-02	8.394555e-02	8.911017e-02	9.451972e-02
1.002405e-01	1.063519e-01	1.129801e-01	1.202995e-01	1.282155e-01	1.364454e-01
1.446467e-01	1.529299e-01	1.612840e-01	1.648396e-01	1.663970e-01	1.658824e-01
1.670195e-01	1.674017e-01	1.674010e-01	1.677085e-01	1.679899e-01	1.677292e-01
1.679523e-01	1.821911e-01	5.831151e-02	6.098593e-02	6.369310e-02	6.643206e-02
6.919146e-02	7.473407e-02	8.030591e-02	8.585336e-02	9.139174e-02	9.702459e-02
1.028944e-01	1.090333e-01	1.155100e-01	1.224066e-01	1.298541e-01	1.380354e-01
1.468485e-01	1.560038e-01	1.651464e-01	1.743694e-01	1.836002e-01	1.875101e-01
1.892913e-01	1.888581e-01	1.902411e-01	1.907028e-01	1.907406e-01	1.910706e-01
1.913730e-01	1.910981e-01	1.913342e-01	2.063635e-01	6.828725e-02	7.130934e-02
7.436669e-02	7.745987e-02	8.057692e-02	8.684258e-02	9.314960e-02	9.944144e-02
1.057352e-01	1.121414e-01	1.188109e-01	1.257753e-01	1.331055e-01	1.408850e-01
1.492483e-01	1.583860e-01	1.681893e-01	1.783657e-01	1.885514e-01	1.988146e-01
2.090042e-01	2.132985e-01	2.153356e-01	2.150161e-01	2.166914e-01	2.172472e-01
2.173342e-01	2.176871e-01	2.180109e-01	2.177228e-01	2.179713e-01	2.337430e-01
7.996959e-02	8.338025e-02	8.682894e-02	9.031831e-02	9.383585e-02	1.009129e-01
1.080474e-01	1.151801e-01	1.223298e-01	1.296134e-01	1.371894e-01	1.450882e-01
1.533813e-01	1.621529e-01	1.715391e-01	1.817369e-01	1.926315e-01	2.039330e-01
2.152734e-01	2.266867e-01	2.379232e-01	2.426336e-01	2.449633e-01	2.447972e-01
2.468191e-01	2.474864e-01	2.476357e-01	2.480114e-01	2.483567e-01	2.480569e-01
2.483167e-01	2.647551e-01	9.365051e-02	9.749447e-02	1.013796e-01	1.053113e-01
1.092765e-01	1.172630e-01	1.253279e-01	1.334098e-01	1.415288e-01	1.498077e-01
1.584109e-01	1.673665e-01	1.767457e-01	1.866314e-01	1.971592e-01	2.085304e-01
2.206258e-01	2.331651e-01	2.457825e-01	2.584663e-01	2.708436e-01	2.760031e-01
2.786674e-01	2.787031e-01	2.811357e-01	2.819347e-01	2.821618e-01	2.825599e-01
2.829264e-01	2.826174e-01	2.828867e-01	2.998818e-01	1.096719e-01	1.139979e-01
1.183686e-01	1.227931e-01	1.272580e-01	1.362621e-01	1.453722e-01	1.545247e-01
1.637410e-01	1.731483e-01	1.829151e-01	1.930657e-01	2.036692e-01	2.148051e-01
2.266057e-01	2.392742e-01	2.526884e-01	2.665875e-01	2.806155e-01	2.947011e-01
3.083190e-01	3.139620e-01	3.170088e-01	3.173052e-01	3.202235e-01	3.211779e-01
3.215018e-01	3.219210e-01	3.223079e-01	3.219930e-01	3.222694e-01	3.396690e-01
1.284342e-01	1.332949e-01	1.382047e-01	1.431769e-01	1.481983e-01	1.583394e-01
1.686222e-01	1.789814e-01	1.894394e-01	2.001254e-01	2.112097e-01	2.227110e-01
2.346939e-01	2.472319e-01	2.604502e-01	2.745505e-01	2.894105e-01	3.048007e-01
3.203850e-01	3.360157e-01	3.509797e-01	3.571413e-01	3.606256e-01	3.612540e-01
3.647458e-01	3.658836e-01	3.663266e-01	3.667653e-01	3.671712e-01	3.668546e-01
3.671349e-01	3.847350e-01	1.504063e-01	1.558584e-01	1.613648e-01	1.669444e-01
1.725843e-01	1.839938e-01	1.955907e-01	2.073089e-01	2.191709e-01	2.313057e-01
2.438812e-01	2.569084e-01	2.704446e-01	2.845538e-01	2.993495e-01	3.150275e-01
3.314692e-01	3.484914e-01	3.657909e-01	3.831223e-01	3.995433e-01	4.062592e-01
4.102435e-01	4.112899e-01	4.154584e-01	4.168119e-01	4.174010e-01	4.178564e-01
4.182791e-01	4.179666e-01	4.182465e-01	4.357801e-01	1.761373e-01	1.822414e-01
1.884061e-01	1.946574e-01	2.009831e-01	2.138047e-01	2.268724e-01	2.401199e-01
2.535686e-01	2.673440e-01	2.816066e-01	2.963568e-01	3.116411e-01	3.275098e-01
3.440585e-01	3.614722e-01	3.796402e-01	3.984448e-01	4.176317e-01	4.368329e-01
4.548263e-01	4.621322e-01	4.666883e-01	4.682561e-01	4.732218e-01	4.748290e-01
4.755964e-01	4.760647e-01	4.765009e-01	4.761996e-01	4.764736e-01	4.935978e-01
2.062702e-01	2.130904e-01	2.199789e-01	2.269708e-01	2.340549e-01	2.484456e-01
2.631571e-01	2.781239e-01	2.933649e-01	3.089973e-01	3.251676e-01	3.418624e-01
3.591130e-01	3.769504e-01	3.954450e-01	4.147642e-01	4.348116e-01	4.555587e-01
4.768196e-01	4.980732e-01	5.177587e-01	5.256895e-01	5.308992e-01	5.331125e-01
5.390163e-01	5.409218e-01	5.419056e-01	5.423814e-01	5.428269e-01	5.425461e-01
5.428070e-01	5.590864e-01	2.415582e-01	2.491613e-01	2.568426e-01	2.646483e-01
2.725686e-01	2.886991e-01	3.052450e-01	3.221428e-01	3.394070e-01	3.571402e-01
3.754669e-01	3.943555e-01	4.138163e-01	4.338545e-01	4.545063e-01	4.759131e-01
4.980009e-01	5.208594e-01	5.443957e-01	5.678989e-01	5.893987e-01	5.979879e-01
6.039448e-01	6.069519e-01	6.139586e-01	6.162141e-01	6.174598e-01	6.179363e-01
6.183850e-01	6.181361e-01	6.183752e-01	6.332639e-01	2.828832e-01	2.913382e-01
2.998838e-01	3.085802e-01	3.174198e-01	3.354745e-01	3.540642e-01	3.731286e-01
3.926752e-01	4.127840e-01	4.335470e-01	4.549090e-01	4.768525e-01	4.993488e-01
5.223886e-01	5.460771e-01	5.703731e-01	5.955204e-01	6.215489e-01	6.475135e-01
6.709512e-01	6.802295e-01	6.870406e-01	6.910185e-01	6.993205e-01	7.019866e-01
7.035480e-01	7.040160e-01	7.044603e-01	7.042578e-01	7.044638e-01	7.172829e-01
3.312779e-01	3.406545e-01	3.501379e-01	3.598050e-01	3.696512e-01	3.898286e-01
4.106913e-01	4.321840e-01	4.543035e-01	4.770973e-01	5.006112e-01	5.247604e-01
5.494909e-01	5.747300e-01	6.004094e-01	6.265855e-01	6.532630e-01	6.808835e-01
7.096365e-01	7.382895e-01	7.637878e-01	7.737819e-01	7.815695e-01	7.867288e-01
7.965507e-01	7.996980e-01	8.016389e-01	8.020869e-01	8.025167e-01	8.023784e-01
8.025374e-01	8.124492e-01	3.879518e-01	3.983189e-01	4.088135e-01	4.195331e-01
4.304773e-01	4.529891e-01	4.763749e-01	5.005861e-01	5.256041e-01	5.514308e-01
5.780495e-01	6.053375e-01	6.331942e-01	6.614907e-01	6.900830e-01	7.189633e-01
7.481988e-01	7.784827e-01	8.102081e-01	8.417916e-01	8.694698e-01	8.802005e-01
8.891045e-01	8.956956e-01	9.072994e-01	9.110101e-01	9.134060e-01	9.138192e-01
9.142220e-01	9.141695e-01	9.142645e-01	9.202419e-01	4.543212e-01	4.657445e-01
4.773218e-01	4.891761e-01	5.013124e-01	5.263830e-01	5.525637e-01	5.798143e-01
6.080950e-01	6.373458e-01	6.674665e-01	6.982873e-01	7.296480e-01	7.613488e-01
7.931496e-01	8.249604e-01	8.569312e-01	8.900720e-01	9.250329e-01	9.598037e-01
9.897745e-01	1.001255e+00	1.011435e+00	1.019755e+00	1.033446e+00	1.037816e+00
1.040756e+00	1.041116e+00	1.041476e+00	1.041536e+00	1.041546e+00	1.042336e+00
5.324631e-01	5.449376e-01	5.576054e-01	5.706234e-01	5.840040e-01	6.118094e-01
6.410542e-01	6.717125e-01	7.037142e-01	7.369092e-01	7.710756e-01	8.059794e-01
8.413778e-01	8.769707e-01	9.123769e-01	9.473823e-01	9.822655e-01	1.018492e+00
1.057084e+00	1.095431e+00	1.127729e+00	1.139835e+00	1.151446e+00	1.161972e+00
1.178328e+00	1.183550e+00	1.187202e+00	1.187468e+00	1.187754e+00	1.187982e+00
1.187862e+00	1.180915e+00	6.236874e-01	6.372940e-01	6.511410e-01	6.654243e-01
6.801651e-01	7.109799e-01	7.436174e-01	7.780659e-01	8.142154e-01	8.518043e-01
8.904637e-01	9.298843e-01	9.697256e-01	1.009572e+00	1.048882e+00	1.087303e+00
1.125261e+00	1.164743e+00	1.207191e+00	1.249332e+00	1.284077e+00	1.296867e+00
1.310133e+00	1.323212e+00	1.342526e+00	1.348685e+00	1.353138e+00	1.353293e+00
1.353486e+00	1.353909e+00	1.353638e+00	1.337681e+00	7.280861e-01	7.432557e-01
7.586963e-01	7.746311e-01	7.910885e-01	8.255362e-01	8.620676e-01	9.006659e-01
9.411781e-01	9.832499e-01	1.026400e+00	1.070261e+00	1.114419e+00	1.158380e+00
1.201529e+00	1.243448e+00	1.284647e+00	1.327404e+00	1.373400e+00	1.418999e+00
1.456638e+00	1.470811e+00	1.486151e+00	1.501586e+00	1.523040e+00	1.529811e+00
1.534852e+00	1.534962e+00	1.535102e+00	1.535628e+00	1.535289e+00	1.514167e+00
8.467698e-01	8.641100e-01	8.817252e-01	8.998437e-01	9.184981e-01	9.573833e-01
9.983967e-01	1.041488e+00	1.086464e+00	1.132921e+00	1.180333e+00	1.228310e+00
1.276403e+00	1.324112e+00	1.370870e+00	1.416313e+00	1.460902e+00	1.506854e+00
1.555791e+00	1.604256e+00	1.645399e+00	1.661915e+00	1.679804e+00	1.697152e+00
1.719570e+00	1.726508e+00	1.731826e+00	1.731983e+00	1.732127e+00	1.732629e+00
1.732329e+00	1.711612e+00	9.805988e-01	1.000714e+00	1.021074e+00	1.041885e+00
1.063185e+00	1.107254e+00	1.153257e+00	1.201104e+00	1.250567e+00	1.301231e+00
1.352574e+00	1.404207e+00	1.455681e+00	1.506587e+00	1.556645e+00	1.605679e+00
1.653830e+00	1.702511e+00	1.752870e+00	1.803107e+00	1.848979e+00	1.869053e+00
1.889705e+00	1.907993e+00	1.930730e+00	1.937651e+00	1.943018e+00	1.943246e+00
1.943436e+00	1.943856e+00	1.943612e+00	1.926411e+00	1.132034e+00	1.155598e+00
1.179342e+00	1.203415e+00	1.227863e+00	1.277942e+00	1.329483e+00	1.382339e+00
1.436265e+00	1.490885e+00	1.545752e+00	1.600519e+00	1.654788e+00	1.708333e+00
1.761358e+00	1.813974e+00	1.865779e+00	1.916761e+00	1.967237e+00	2.018279e+00
2.069852e+00	2.094565e+00	2.118249e+00	2.136686e+00	2.159021e+00	2.165689e+00
2.170871e+00	2.171207e+00	2.171486e+00	2.171758e+00	2.171597e+00	2.161337e+00
1.302722e+00	1.330101e+00	1.357571e+00	1.385210e+00	1.413069e+00	1.469543e+00
1.526769e+00	1.584487e+00	1.642448e+00	1.700398e+00	1.758088e+00	1.815332e+00
1.871967e+00	1.927943e+00	1.983515e+00	2.038810e+00	2.093320e+00	2.146364e+00
2.197731e+00	2.249781e+00	2.305242e+00	2.333599e+00	2.360317e+00	2.379553e+00
2.400975e+00	2.407075e+00	2.411928e+00	2.412435e+00	2.412815e+00	2.412901e+00
2.412814e+00	2.411126e+00	1.493370e+00	1.524808e+00	1.556232e+00	1.587634e+00
1.619069e+00	1.682123e+00	1.744946e+00	1.807057e+00	1.868228e+00	1.928439e+00
1.987819e+00	2.046537e+00	2.104991e+00	2.163259e+00	2.220803e+00	2.277253e+00
2.332880e+00	2.387788e+00	2.441825e+00	2.495542e+00	2.551547e+00	2.581618e+00
2.611277e+00	2.632521e+00	2.652403e+00	2.657508e+00	2.661884e+00	2.662656e+00
2.663140e+00	2.662996e+00	2.662968e+00	2.671500e+00	1.702755e+00	1.739517e+00
1.775993e+00	1.811964e+00	1.847514e+00	1.917563e+00	1.985610e+00	2.051240e+00
2.114452e+00	2.175756e+00	2.236030e+00	2.295604e+00	2.354820e+00	2.413736e+00
2.472058e+00	2.529565e+00	2.586215e+00	2.641627e+00	2.695524e+00	2.749821e+00
2.808367e+00	2.840097e+00	2.871350e+00	2.893538e+00	2.912343e+00	2.916542e+00
2.920159e+00	2.921064e+00	2.921788e+00	2.921539e+00	2.921316e+00	2.940139e+00
1.931330e+00	1.974408e+00	2.016793e+00	2.057941e+00	2.097976e+00	2.175174e+00
2.247877e+00	2.315956e+00	2.379817e+00	2.440766e+00	2.500759e+00	2.560176e+00
2.618927e+00	2.676963e+00	2.734853e+00	2.792858e+00	2.849956e+00	2.904477e+00
2.955953e+00	3.009644e+00	3.071576e+00	3.104832e+00	3.136548e+00	3.158630e+00
3.176830e+00	3.180225e+00	3.182962e+00	3.183914e+00	3.184929e+00	3.184603e+00
3.184240e+00	3.212340e+00	2.180872e+00	2.229939e+00	2.277922e+00	2.323978e+00
2.368239e+00	2.452058e+00	2.528771e+00	2.598322e+00	2.661535e+00	2.720520e+00
2.778392e+00	2.835841e+00	2.892896e+00	2.949494e+00	3.006080e+00	3.062752e+00
3.118445e+00	3.171229e+00	3.220631e+00	3.272809e+00	3.335073e+00	3.369184e+00
3.401233e+00	3.422918e+00	3.440680e+00	3.443289e+00	3.445436e+00	3.446502e+00
3.447638e+00	3.447044e+00	3.447190e+00	3.481328e+00	2.450315e+00	2.505157e+00
2.558482e+00	2.609106e+00	2.657167e+00	2.746535e+00	2.825941e+00	2.895471e+00
2.956423e+00	3.011814e+00	3.065979e+00	3.119930e+00	3.173762e+00	3.227416e+00
3.281235e+00	3.335234e+00	3.388311e+00	3.438473e+00	3.485177e+00	3.534980e+00
3.595583e+00	3.629104e+00	3.660399e+00	3.681576e+00	3.699741e+00	3.701878e+00
3.703716e+00	3.704810e+00	3.705969e+00	3.705315e+00	3.705559e+00	3.739025e+00
2.740525e+00	2.800655e+00	2.858788e+00	2.913373e+00	2.964569e+00	3.058035e+00
3.138528e+00	3.206344e+00	3.263304e+00	3.313397e+00	3.362184e+00	3.411020e+00
3.460050e+00	3.509232e+00	3.558795e+00	3.608690e+00	3.657893e+00	3.704507e+00
3.747969e+00	3.794483e+00	3.851286e+00	3.882777e+00	3.912286e+00	3.932843e+00
3.952229e+00	3.954257e+00	3.956112e+00	3.957152e+00	3.958208e+00	3.957660e+00
3.957889e+00	3.985063e+00	3.047810e+00	3.112138e+00	3.173967e+00	3.231366e+00
3.284547e+00	3.379850e+00	3.459225e+00	3.523254e+00	3.574294e+00	3.617297e+00
3.658959e+00	3.700972e+00	3.743524e+00	3.786596e+00	3.830318e+00	3.874600e+00
3.918632e+00	3.960765e+00	4.000487e+00	4.042770e+00	4.093461e+00	4.121376e+00
4.148021e+00	4.167857e+00	4.189273e+00	4.191633e+00	4.193893e+00	4.194782e+00
4.195582e+00	4.195302e+00	4.195472e+00	4.210670e+00	3.372102e+00	3.439245e+00
3.503392e+00	3.562217e+00	3.616007e+00	3.710493e+00	3.786292e+00	3.844308e+00
3.887448e+00	3.921559e+00	3.954392e+00	3.987894e+00	4.022349e+00	4.057760e+00
4.094149e+00	4.131445e+00	4.169079e+00	4.205798e+00	4.241093e+00	4.278225e+00
4.321002e+00	4.344233e+00	4.367199e+00	4.386121e+00	4.409806e+00	4.412800e+00
4.415756e+00	4.416394e+00	4.416815e+00	4.416808e+00	4.417037e+00	4.416312e+00
3.717158e+00	3.785887e+00	3.851115e+00	3.910111e+00	3.963258e+00	4.054484e+00
4.124400e+00	4.174269e+00	4.207572e+00	4.231019e+00	4.253357e+00	4.276759e+00
4.301620e+00	4.327967e+00	4.355719e+00	4.384841e+00	4.415017e+00	4.445423e+00
4.475511e+00	4.506637e+00	4.540368e+00	4.558307e+00	4.577110e+00	4.594870e+00
4.620635e+00	4.624377e+00	4.628153e+00	4.628477e+00	4.628437e+00	4.628714e+00
4.629014e+00	4.611237e+00	4.078401e+00	4.146658e+00	4.210975e+00	4.268297e+00
4.319096e+00	4.404071e+00	4.465537e+00	4.504915e+00	4.526246e+00	4.537075e+00
4.547080e+00	4.558702e+00	4.572403e+00	4.588283e+00	4.606186e+00	4.626096e+00
4.647886e+00	4.670956e+00	4.694582e+00	4.718417e+00	4.742649e+00	4.755622e+00
4.770233e+00	4.786106e+00	4.812685e+00	4.817063e+00	4.821593e+00	4.821550e+00
4.820961e+00	4.821503e+00	4.821773e+00	4.790557e+00	4.450363e+00	4.515990e+00
4.577263e+00	4.630830e+00	4.677264e+00	4.752278e+00	4.802124e+00	4.828482e+00
4.835913e+00	4.832605e+00	4.828897e+00	4.827471e+00	4.828811e+00	4.833108e+00
4.840173e+00	4.849987e+00	4.862555e+00	4.877339e+00	4.893422e+00	4.909259e+00
4.924089e+00	4.932244e+00	4.942700e+00	4.956316e+00	4.982337e+00	4.987190e+00
4.992375e+00	4.991931e+00	4.990755e+00	4.991525e+00	4.991648e+00	4.950924e+00
4.829743e+00	4.894542e+00	4.953557e+00	5.002342e+00	5.041893e+00	5.099461e+00
5.129841e+00	5.138676e+00	5.130995e+00	5.114254e+00	5.097585e+00	5.083455e+00
5.072254e+00	5.064151e+00	5.059061e+00	5.057007e+00	5.058125e+00	5.062102e+00
5.068769e+00	5.078687e+00	5.086947e+00	5.087753e+00	5.093694e+00	5.106935e+00
5.128871e+00	5.133534e+00	5.139113e+00	5.138235e+00	5.136595e+00	5.137471e+00
5.136891e+00	5.094895e+00	5.221433e+00	5.285938e+00	5.342564e+00	5.385280e+00
5.415749e+00	5.450177e+00	5.455570e+00	5.443577e+00	5.419464e+00	5.389093e+00
5.359366e+00	5.332283e+00	5.308074e+00	5.286823e+00	5.268638e+00	5.253615e+00
5.242036e+00	5.233887e+00	5.230153e+00	5.234859e+00	5.237719e+00	5.230240e+00
5.231558e+00	5.245056e+00	5.261273e+00	5.265459e+00	5.271277e+00	5.269962e+00
5.267925e+00	5.268848e+00	5.267371e+00	5.228138e+00	5.626310e+00	5.685348e+00
5.735208e+00	5.769014e+00	5.788921e+00	5.799794e+00	5.780878e+00	5.746909e+00
5.703451e+00	5.655824e+00	5.610095e+00	5.568027e+00	5.529552e+00	5.494443e+00
5.462907e+00	5.434961e+00	5.410950e+00	5.390911e+00	5.376190e+00	5.371988e+00
5.367133e+00	5.355062e+00	5.352433e+00	5.362804e+00	5.372518e+00	5.376210e+00
5.381552e+00	5.379985e+00	5.377769e+00	5.378682e+00	5.377037e+00	5.344395e+00
6.038616e+00	6.084846e+00	6.122090e+00	6.143632e+00	6.151710e+00	6.140152e+00
6.099445e+00	6.043127e+00	5.977300e+00	5.908393e+00	5.843587e+00	5.784643e+00
5.730979e+00	5.681760e+00	5.637139e+00	5.596855e+00	5.561221e+00	5.530063e+00
5.504234e+00	5.487831e+00	5.473498e+00	5.460619e+00	5.454940e+00	5.459243e+00
5.462310e+00	5.465548e+00	5.469907e+00	5.468239e+00	5.465989e+00	5.466863e+00
5.465703e+00	5.442454e+00	6.456878e+00	6.490420e+00	6.514778e+00	6.523105e+00
6.517846e+00	6.479980e+00	6.413433e+00	6.331924e+00	6.242060e+00	6.150952e+00
6.066465e+00	5.990105e+00	5.920682e+00	5.856729e+00	5.798436e+00	5.745389e+00
5.697773e+00	5.655041e+00	5.617447e+00	5.588061e+00	5.563336e+00	5.549024e+00
5.539676e+00	5.537385e+00	5.533305e+00	5.536051e+00	5.538890e+00	5.537302e+00
5.535419e+00	5.536136e+00	5.535322e+00	5.521913e+00	6.877765e+00	6.899752e+00
6.911736e+00	6.906298e+00	6.886297e+00	6.817959e+00	6.721109e+00	6.611512e+00
6.496213e+00	6.382361e+00	6.277883e+00	6.183798e+00	6.098204e+00	6.019034e+00
5.946592e+00	5.880495e+00	5.820677e+00	5.766055e+00	5.716219e+00	5.673511e+00
5.637668e+00	5.620860e+00	5.607158e+00	5.598288e+00	5.587086e+00	5.589373e+00
5.590340e+00	5.588991e+00	5.587830e+00	5.588319e+00	5.587825e+00	5.582876e+00
7.298871e+00	7.310946e+00	7.311502e+00	7.292013e+00	7.255987e+00	7.153026e+00
7.021370e+00	6.880789e+00	6.738715e+00	6.601638e+00	6.476814e+00	6.364669e+00
6.262420e+00	6.167514e+00	6.080399e+00	6.000956e+00	5.928715e+00	5.861869e+00
5.799247e+00	5.742882e+00	5.694695e+00	5.673637e+00	5.654394e+00	5.638903e+00
5.620504e+00	5.622190e+00	5.620653e+00	5.619799e+00	5.619878e+00	5.620087e+00
5.620076e+00	5.620585e+00	7.716122e+00	7.718983e+00	7.708262e+00	7.673965e+00
7.620425e+00	7.478861e+00	7.308444e+00	7.134409e+00	6.964423e+00	6.803737e+00
6.658230e+00	6.527717e+00	6.408389e+00	6.297345e+00	6.195222e+00	6.102402e+00
6.017893e+00	5.939152e+00	5.864456e+00	5.795437e+00	5.731136e+00	5.703144e+00
5.676107e+00	5.653001e+00	5.626800e+00	5.627317e+00	5.622601e+00	5.622474e+00
5.624187e+00	5.624101e+00	5.624584e+00	5.628120e+00	8.129963e+00	8.123481e+00
8.101024e+00	8.050689e+00	7.977771e+00	7.793039e+00	7.579565e+00	7.369384e+00
7.170122e+00	6.985311e+00	6.818788e+00	6.669597e+00	6.532967e+00	6.405632e+00
6.286544e+00	6.177949e+00	6.078699e+00	5.985169e+00	5.894410e+00	5.809519e+00
5.738856e+00	5.707931e+00	5.677743e+00	5.651836e+00	5.623002e+00	5.622985e+00
5.617232e+00	5.617349e+00	5.619571e+00	5.619376e+00	5.620032e+00	5.624232e+00
8.534637e+00	8.514327e+00	8.475967e+00	8.406368e+00	8.311819e+00	8.081561e+00
7.824484e+00	7.577816e+00	7.348718e+00	7.138940e+00	6.950092e+00	6.780364e+00
6.624365e+00	6.478567e+00	6.344008e+00	6.221889e+00	6.110370e+00	6.005121e+00
5.902852e+00	5.806123e+00	5.719374e+00	5.680525e+00	5.642265e+00	5.610025e+00
5.575506e+00	5.573136e+00	5.564586e+00	5.565416e+00	5.568856e+00	5.568356e+00
5.569416e+00	5.573556e+00	8.948939e+00	8.883415e+00	8.804223e+00	8.702700e+00
8.584297e+00	8.322288e+00	8.044289e+00	7.773909e+00	7.516743e+00	7.276301e+00
7.055819e+00	6.848998e+00	6.658797e+00	6.483252e+00	6.338220e+00	6.210639e+00
6.095077e+00	5.983984e+00	5.871495e+00	5.762282e+00	5.661551e+00	5.616515e+00
5.571562e+00	5.534160e+00	5.496037e+00	5.490133e+00	5.480029e+00	5.481026e+00
5.485004e+00	5.484717e+00	5.485114e+00	5.489339e+00	9.366917e+00	9.242827e+00
9.113221e+00	8.974637e+00	8.830148e+00	8.535931e+00	8.238602e+00	7.945038e+00
7.659230e+00	7.387101e+00	7.134682e+00	6.896315e+00	6.679895e+00	6.485650e+00
6.323116e+00	6.182436e+00	6.057146e+00	5.932984e+00	5.799918e+00	5.671860e+00
5.563287e+00	5.514152e+00	5.464333e+00	5.423505e+00	5.383476e+00	5.373330e+00
5.362575e+00	5.363312e+00	5.367176e+00	5.367383e+00	5.366483e+00	5.370895e+00
9.770166e+00	9.591844e+00	9.413098e+00	9.233897e+00	9.055941e+00	8.708472e+00
8.369897e+00	8.041847e+00	7.725343e+00	7.423966e+00	7.145479e+00	6.899003e+00
6.674833e+00	6.473436e+00	6.290017e+00	6.130566e+00	5.989539e+00	5.851301e+00
5.706168e+00	5.567453e+00	5.445493e+00	5.388508e+00	5.332960e+00	5.290418e+00
5.247629e+00	5.234261e+00	5.222140e+00	5.222745e+00	5.226201e+00	5.226229e+00
5.225169e+00	5.229657e+00	1.014731e+01	9.918814e+00	9.692687e+00	9.471071e+00
9.255395e+00	8.844400e+00	8.458233e+00	8.096814e+00	7.756612e+00	7.436913e+00
7.142705e+00	6.876517e+00	6.632132e+00	6.408533e+00	6.203432e+00	6.016320e+00
5.847915e+00	5.696333e+00	5.558157e+00	5.423509e+00	5.283771e+00	5.214966e+00
5.154022e+00	5.113346e+00	5.067283e+00	5.052426e+00	5.038534e+00	5.038994e+00
5.041256e+00	5.040242e+00	5.040465e+00	5.044961e+00	1.045565e+01	1.018828e+01
9.925241e+00	9.670193e+00	9.424139e+00	8.959284e+00	8.528711e+00	8.120326e+00
7.751972e+00	7.420535e+00	7.113467e+00	6.823747e+00	6.559399e+00	6.317231e+00
6.093770e+00	5.887559e+00	5.701261e+00	5.536772e+00	5.392144e+00	5.250923e+00
5.098259e+00	5.022595e+00	4.957186e+00	4.914973e+00	4.864748e+00	4.848443e+00
4.834379e+00	4.834420e+00	4.835297e+00	4.834028e+00	4.834255e+00	4.839309e+00
1.072794e+01	1.042691e+01	1.013177e+01	9.847308e+00	9.574109e+00	9.059813e+00
8.587428e+00	8.135754e+00	7.731898e+00	7.367313e+00	7.032698e+00	6.724858e+00
6.445071e+00	6.190037e+00	5.955435e+00	5.738737e+00	5.541517e+00	5.364966e+00
5.206216e+00	5.051857e+00	4.890576e+00	4.811793e+00	4.742841e+00	4.696954e+00
4.641990e+00	4.624611e+00	4.611622e+00	4.611038e+00	4.610328e+00	4.609319e+00
4.608773e+00	4.614738e+00	1.096931e+01	1.063417e+01	1.030665e+01	9.992841e+00
9.692662e+00	9.128361e+00	8.605175e+00	8.136361e+00	7.702077e+00	7.304498e+00
6.944249e+00	6.618340e+00	6.323429e+00	6.055683e+00	5.809806e+00	5.582308e+00
5.374025e+00	5.185757e+00	5.014246e+00	4.847694e+00	4.676882e+00	4.594071e+00
4.520942e+00	4.471231e+00	4.411545e+00	4.393266e+00	4.381380e+00	4.380212e+00
4.378063e+00	4.377351e+00	4.376252e+00	4.382803e+00	1.117721e+01	1.080890e+01
1.045031e+01	1.010887e+01	9.783783e+00	9.175536e+00	8.607414e+00	8.102414e+00
7.639487e+00	7.218899e+00	6.839040e+00	6.496646e+00	6.187875e+00	5.908125e+00
5.651085e+00	5.412517e+00	5.193045e+00	4.993528e+00	4.811060e+00	4.633295e+00
4.451081e+00	4.362635e+00	4.284272e+00	4.230514e+00	4.165922e+00	4.146935e+00
4.136334e+00	4.134616e+00	4.131194e+00	4.130878e+00	4.129476e+00	4.136194e+00
1.135142e+01	1.094754e+01	1.055605e+01	1.018641e+01	9.836655e+00	9.181328e+00
8.596370e+00	8.056854e+00	7.570805e+00	7.132129e+00	6.735861e+00	6.378167e+00
6.055107e+00	5.762056e+00	5.492722e+00	5.242609e+00	5.011376e+00	4.798178e+00
4.600512e+00	4.410685e+00	4.223986e+00	4.134207e+00	4.049696e+00	3.986708e+00
3.917915e+00	3.899701e+00	3.888844e+00	3.886675e+00	3.882406e+00	3.881988e+00
3.881531e+00	3.887238e+00	1.149559e+01	1.105693e+01	1.063395e+01	1.023841e+01
9.866681e+00	9.177706e+00	8.556261e+00	7.997214e+00	7.494626e+00	7.041666e+00
6.631490e+00	6.259835e+00	5.922959e+00	5.616562e+00	5.334891e+00	5.073487e+00
4.830828e+00	4.603830e+00	4.390207e+00	4.188224e+00	3.998254e+00	3.907717e+00
3.816407e+00	3.742715e+00	3.670013e+00	3.652937e+00	3.640643e+00	3.638082e+00
3.633428e+00	3.632753e+00	3.633765e+00	3.637689e+00	1.161241e+01	1.114278e+01
1.069173e+01	1.027287e+01	9.881688e+00	9.157945e+00	8.509634e+00	7.929276e+00
7.409416e+00	6.941845e+00	6.518653e+00	6.135028e+00	5.787077e+00	5.470302e+00
5.178859e+00	4.908160e+00	4.656385e+00	4.420152e+00	4.196807e+00	3.984146e+00
3.781231e+00	3.683442e+00	3.585331e+00	3.506794e+00	3.429518e+00	3.411660e+00
3.397796e+00	3.394842e+00	3.390243e+00	3.389862e+00	3.391274e+00	3.393606e+00
1.169859e+01	1.120268e+01	1.072886e+01	1.028679e+01	9.878189e+00	9.127355e+00
8.456019e+00	7.857634e+00	7.322930e+00	6.842636e+00	6.408054e+00	6.014078e+00
5.656612e+00	5.330978e+00	5.031210e+00	4.752556e+00	4.492832e+00	4.248189e+00
4.015346e+00	3.792290e+00	3.576996e+00	3.472135e+00	3.366825e+00	3.282647e+00
3.200372e+00	3.181302e+00	3.165264e+00	3.162064e+00	3.157959e+00	3.157875e+00
3.159454e+00	3.159775e+00	1.175551e+01	1.123537e+01	1.073853e+01	1.028839e+01
9.869015e+00	9.090339e+00	8.399754e+00	7.786123e+00	7.238724e+00	6.747444e+00
6.303083e+00	5.900325e+00	5.534872e+00	5.201869e+00	4.895214e+00	4.609961e+00
4.343558e+00	4.091646e+00	3.850295e+00	3.617309e+00	3.389829e+00	3.277760e+00
3.164891e+00	3.074586e+00	2.986616e+00	2.965876e+00	2.947431e+00	2.944133e+00
2.940818e+00	2.940985e+00	2.942525e+00	2.940657e+00	1.178496e+01	1.124850e+01
1.073815e+01	1.027272e+01	9.842601e+00	9.047253e+00	8.342528e+00	7.717172e+00
7.159730e+00	6.659585e+00	6.207374e+00	5.797644e+00	5.425922e+00	5.087187e+00
4.775204e+00	4.484812e+00	4.213079e+00	3.955083e+00	3.706222e+00	3.463563e+00
3.223616e+00	3.103817e+00	2.982478e+00	2.884960e+00	2.789904e+00	2.766913e+00
2.745922e+00	2.742691e+00	2.740380e+00	2.740700e+00	2.741940e+00	2.738028e+00
1.177854e+01	1.123644e+01	1.072070e+01	1.024518e+01	9.808533e+00	9.001602e+00
8.287903e+00	7.654359e+00	7.089522e+00	6.582691e+00	6.124599e+00	5.709715e+00
5.333409e+00	4.990528e+00	4.674719e+00	4.380609e+00	4.104905e+00	3.842102e+00
3.586809e+00	3.334938e+00	3.082160e+00	2.953967e+00	2.822973e+00	2.716823e+00
2.612995e+00	2.587311e+00	2.564066e+00	2.561078e+00	2.559695e+00	2.560001e+00
2.560516e+00	2.555760e+00	1.176251e+01	1.120870e+01	1.068330e+01	1.020641e+01
9.767789e+00	8.955080e+00	8.236316e+00	7.597215e+00	7.026952e+00	6.515044e+00
6.052508e+00	5.633782e+00	5.254100e+00	4.908200e+00	4.589628e+00	4.292813e+00
4.014103e+00	3.747385e+00	3.486425e+00	3.225798e+00	2.960082e+00	2.823249e+00
2.682051e+00	2.566518e+00	2.452946e+00	2.424462e+00	2.399474e+00	2.396782e+00
2.396018e+00	2.396164e+00	2.395813e+00	2.391370e+00	1.173363e+01	1.117164e+01
1.064094e+01	1.016318e+01	9.724527e+00	8.910958e+00	8.191785e+00	7.550953e+00
6.978224e+00	6.463618e+00	5.998669e+00	5.577852e+00	5.196355e+00	4.848882e+00
4.528996e+00	4.230992e+00	3.950618e+00	3.680720e+00	3.414069e+00	3.144581e+00
2.865034e+00	2.718669e+00	2.565407e+00	2.438239e+00	2.312547e+00	2.281072e+00
2.255185e+00	2.252844e+00	2.251994e+00	2.251642e+00	2.250420e+00	2.248280e+00
1.167152e+01	1.111240e+01	1.058492e+01	1.011138e+01	9.677083e+00	8.869443e+00
8.154231e+00	7.514650e+00	6.941639e+00	6.426107e+00	5.960291e+00	5.538761e+00
5.156683e+00	4.808729e+00	4.488461e+00	4.190057e+00	3.908793e+00	3.636685e+00
3.365511e+00	3.087838e+00	2.793938e+00	2.637414e+00	2.471040e+00	2.330776e+00
2.190682e+00	2.155990e+00	2.130120e+00	2.128070e+00	2.126344e+00	2.125283e+00
2.123107e+00	2.125430e+00	1.160437e+01	1.104911e+01	1.052633e+01	1.005875e+01
9.630689e+00	8.833007e+00	8.124441e+00	7.488331e+00	6.919133e+00	6.406440e+00
5.943566e+00	5.525209e+00	5.146263e+00	4.800987e+00	4.482290e+00	4.184121e+00
3.902613e+00	3.631377e+00	3.360763e+00	3.073597e+00	2.754091e+00	2.580036e+00
2.398929e+00	2.245405e+00	2.086348e+00	2.048147e+00	2.025355e+00	2.022644e+00
2.017572e+00	2.016313e+00	2.012266e+00	2.024909e+00	1.152802e+01	1.097936e+01
1.046378e+01	1.000433e+01	9.584426e+00	8.799704e+00	8.099154e+00	7.467194e+00
6.902238e+00	6.392553e+00	5.932518e+00	5.516935e+00	5.140478e+00	4.797155e+00
4.479533e+00	4.181529e+00	3.899888e+00	3.629285e+00	3.359157e+00	3.065822e+00
2.725319e+00	2.534758e+00	2.339713e+00	2.173371e+00	1.994348e+00	1.952613e+00
1.933842e+00	1.930196e+00	1.920956e+00	1.919602e+00	1.913559e+00	1.938364e+00
1.144252e+01	1.090235e+01	1.039591e+01	9.946683e+00	9.537051e+00	8.769615e+00
8.082091e+00	7.461990e+00	6.898985e+00	6.390726e+00	5.931912e+00	5.517409e+00
5.141881e+00	4.799332e+00	4.482331e+00	4.184782e+00	3.903370e+00	3.632638e+00
3.361699e+00	3.065990e+00	2.719335e+00	2.523705e+00	2.308292e+00	2.120526e+00
1.917834e+00	1.871701e+00	1.854305e+00	1.850670e+00	1.838016e+00	1.835170e+00
1.829490e+00	1.865806e+00	1.134096e+01	1.081287e+01	1.031912e+01	9.883654e+00
9.487586e+00	8.742728e+00	8.070530e+00	7.463330e+00	6.909425e+00	6.408012e+00
5.954556e+00	5.544387e+00	5.172597e+00	4.833723e+00	4.520915e+00	4.227858e+00
3.949250e+00	3.675941e+00	3.395568e+00	3.088805e+00	2.731289e+00	2.526462e+00
2.292182e+00	2.082410e+00	1.855754e+00	1.804728e+00	1.786202e+00	1.783503e+00
1.768222e+00	1.762526e+00	1.759423e+00	1.806558e+00	1.124826e+01	1.073116e+01
1.024936e+01	9.827370e+00	9.444799e+00	8.722246e+00	8.068171e+00	7.468938e+00
6.925794e+00	6.432203e+00	5.985132e+00	5.580365e+00	5.213303e+00	4.878770e+00
4.570242e+00	4.281219e+00	4.005290e+00	3.731219e+00	3.445066e+00	3.128909e+00
2.757762e+00	2.540066e+00	2.293513e+00	2.062071e+00	1.805531e+00	1.748428e+00
1.729858e+00	1.727420e+00	1.709156e+00	1.701822e+00	1.700305e+00	1.755550e+00
1.116364e+01	1.065651e+01	1.018601e+01	9.777253e+00	9.408102e+00	8.707243e+00
8.068286e+00	7.484272e+00	6.951201e+00	6.466127e+00	6.026497e+00	5.628316e+00
5.267083e+00	4.937604e+00	4.633335e+00	4.347718e+00	4.074355e+00	3.801942e+00
3.515774e+00	3.195172e+00	2.810152e+00	2.579586e+00	2.309003e+00	2.055464e+00
1.766534e+00	1.702176e+00	1.683555e+00	1.681039e+00	1.659938e+00	1.651762e+00
1.651076e+00	1.712876e+00	1.108333e+01	1.058582e+01	1.012661e+01	9.731403e+00
9.376112e+00	8.697285e+00	8.075935e+00	7.505968e+00	6.984521e+00	6.509164e+00
6.077998e+00	5.687258e+00	5.332591e+00	5.008916e+00	4.709704e+00	4.428363e+00
4.158356e+00	3.888019e+00	3.601811e+00	3.277122e+00	2.879607e+00	2.636255e+00
2.344200e+00	2.062793e+00	1.739291e+00	1.666046e+00	1.645534e+00	1.643038e+00
1.619949e+00	1.611126e+00	1.610766e+00	1.678596e+00	1.100896e+01	1.052066e+01
1.007244e+01	9.690869e+00	9.349454e+00	8.692624e+00	8.089298e+00	7.534235e+00
7.025279e+00	6.560583e+00	6.138734e+00	5.756266e+00	5.408944e+00	5.091809e+00
4.798346e+00	4.521950e+00	4.255997e+00	3.988548e+00	3.703286e+00	3.375750e+00
2.966873e+00	2.710798e+00	2.396185e+00	2.086407e+00	1.721538e+00	1.638671e+00
1.614752e+00	1.612200e+00	1.587757e+00	1.578507e+00	1.576716e+00	1.648130e+00
1.094014e+01	1.046089e+01	1.002344e+01	9.655262e+00	9.327507e+00	8.691930e+00
8.106773e+00	7.567021e+00	7.071116e+00	6.617712e+00	6.205827e+00	5.832267e+00
5.492942e+00	5.182986e+00	4.895916e+00	4.625115e+00	4.363909e+00	4.100147e+00
3.816826e+00	3.487666e+00	3.068611e+00	2.799951e+00	2.461960e+00	2.122003e+00
1.717149e+00	1.620238e+00	1.589921e+00	1.587122e+00	1.561951e+00	1.552422e+00
1.551652e+00	1.622779e+00	1.087840e+01	1.040805e+01	9.981052e+00	9.625692e+00
9.311008e+00	8.696210e+00	8.129337e+00	7.605099e+00	7.122686e+00	6.681147e+00
6.279873e+00	5.915883e+00	5.585266e+00	5.283213e+00	5.003292e+00	4.738873e+00
4.483285e+00	4.224256e+00	3.944255e+00	3.615339e+00	3.188332e+00	2.907881e+00
2.546341e+00	2.174400e+00	1.720010e+00	1.610458e+00	1.571193e+00	1.567863e+00
1.542610e+00	1.533009e+00	1.534839e+00	1.602717e+00	1.082539e+01	1.036383e+01
9.946850e+00	9.603357e+00	9.300681e+00	8.705101e+00	8.156127e+00	7.647204e+00
7.178270e+00	6.748745e+00	6.358353e+00	6.004314e+00	5.682862e+00	5.389292e+00
5.117147e+00	4.859800e+00	4.610646e+00	4.357393e+00	4.082090e+00	3.755445e+00
3.323129e+00	3.032054e+00	2.647233e+00	2.242103e+00	1.734087e+00	1.612526e+00
1.557670e+00	1.553504e+00	1.528938e+00	1.519660e+00	1.521005e+00	1.585413e+00
1.077760e+01	1.032452e+01	9.917091e+00	9.584706e+00	9.293192e+00	8.718210e+00
8.185672e+00	7.691737e+00	7.236253e+00	6.818886e+00	6.439643e+00	6.095921e+00
5.784088e+00	5.499552e+00	5.235798e+00	4.986214e+00	4.744299e+00	4.497821e+00
4.228517e+00	3.905988e+00	3.470772e+00	3.170183e+00	2.762510e+00	2.323563e+00
1.761040e+00	1.617780e+00	1.547228e+00	1.541865e+00	1.518227e+00	1.509454e+00
1.509809e+00	1.570053e+00	1.073527e+01	1.029026e+01	9.891752e+00	9.569623e+00
9.289993e+00	8.732019e+00	8.215695e+00	7.736412e+00	7.294211e+00	6.889017e+00
6.521065e+00	6.187931e+00	5.886109e+00	5.611088e+00	5.356328e+00	5.115216e+00
4.881390e+00	4.642723e+00	4.380801e+00	4.064326e+00	3.628852e+00	3.320102e+00
2.890340e+00	2.416656e+00	1.793786e+00	1.627728e+00	1.541586e+00	1.533524e+00
1.511297e+00	1.503607e+00	1.503298e+00	1.557162e+00	1.069935e+01	1.026175e+01
9.871347e+00	9.558475e+00	9.288550e+00	8.748068e+00	8.246942e+00	7.781715e+00
7.352481e+00	6.959371e+00	6.602782e+00	6.280453e+00	5.989009e+00	5.723986e+00
5.478846e+00	5.246972e+00	5.022184e+00	4.792533e+00	4.539650e+00	4.231695e+00
3.799696e+00	3.485113e+00	3.035510e+00	2.527731e+00	1.840653e+00	1.651152e+00
1.538552e+00	1.527910e+00	1.507015e+00	1.500323e+00	1.499596e+00	1.546571e+00
1.067428e+01	1.024276e+01	9.859388e+00	9.555862e+00	9.291130e+00	8.767122e+00
8.280179e+00	7.828139e+00	7.411256e+00	7.029817e+00	6.684360e+00	6.372760e+00
6.091769e+00	5.836987e+00	5.601869e+00	5.379805e+00	5.164811e+00	4.945154e+00
4.702550e+00	4.404880e+00	3.979123e+00	3.660739e+00	3.193710e+00	2.652907e+00
1.897611e+00	1.681205e+00	1.539773e+00	1.526658e+00	1.506490e+00	1.500456e+00
1.499377e+00	1.537700e+00	1.065421e+01	1.022794e+01	9.850592e+00	9.554472e+00
9.299033e+00	8.788550e+00	8.314652e+00	7.875112e+00	7.470154e+00	7.100147e+00
6.765728e+00	6.464892e+00	6.194518e+00	5.950280e+00	5.725626e+00	5.513967e+00
5.309538e+00	5.100858e+00	4.869797e+00	4.584207e+00	4.167497e+00	3.847346e+00
3.365347e+00	2.792821e+00	1.966125e+00	1.720237e+00	1.544195e+00	1.526001e+00
1.506278e+00	1.501303e+00	1.499341e+00	1.529938e+00	1.063825e+01	1.021665e+01
9.844835e+00	9.554332e+00	9.306905e+00	8.808840e+00	8.346921e+00	7.919045e+00
7.525417e+00	7.166445e+00	6.842821e+00	6.552658e+00	6.292939e+00	6.059421e+00
5.845523e+00	5.644700e+00	5.451461e+00	5.254644e+00	5.036386e+00	4.764545e+00
4.359391e+00	4.039492e+00	3.545447e+00	2.943461e+00	2.043747e+00	1.765546e+00
1.549944e+00	1.526051e+00	1.506323e+00	1.502342e+00	1.499302e+00	1.523802e+00
1.062489e+01	1.020762e+01	9.840905e+00	9.556425e+00	9.314685e+00	8.827546e+00
8.376357e+00	7.959111e+00	7.576013e+00	7.227502e+00	6.914302e+00	6.634643e+00
6.385548e+00	6.162827e+00	5.959769e+00	5.769888e+00	5.588159e+00	5.404022e+00
5.200187e+00	4.944366e+00	4.553818e+00	4.236375e+00	3.733684e+00	3.106229e+00
2.135542e+00	1.821974e+00	1.559335e+00	1.528518e+00	1.507211e+00	1.503849e+00
1.499255e+00	1.519209e+00	1.062557e+01	1.020913e+01	9.843160e+00	9.562015e+00
9.325244e+00	8.846930e+00	8.405239e+00	7.998184e+00	7.625544e+00	7.287272e+00
6.983607e+00	6.713056e+00	6.473221e+00	6.260681e+00	6.069801e+00	5.894469e+00
5.728258e+00	5.557407e+00	5.362501e+00	5.114536e+00	4.736429e+00	4.429714e+00
3.940092e+00	3.302703e+00	2.236112e+00	1.876242e+00	1.573300e+00	1.534783e+00
1.507834e+00	1.505089e+00	1.499993e+00	1.515205e+00	1.062940e+01	1.021357e+01
9.850049e+00	9.571535e+00	9.337567e+00	8.866141e+00	8.432679e+00	8.034861e+00
7.671907e+00	7.343197e+00	7.048350e+00	6.786166e+00	6.554933e+00	6.352124e+00
6.173461e+00	6.013378e+00	5.863844e+00	5.707243e+00	5.521168e+00	5.279797e+00
4.913669e+00	4.620757e+00	4.154629e+00	3.519864e+00	2.350625e+00	1.935499e+00
1.590246e+00	1.544263e+00	1.508606e+00	1.505714e+00	1.502058e+00	1.511522e+00
1.062549e+01	1.021344e+01	9.853287e+00	9.578337e+00	9.347934e+00	8.883574e+00
8.457292e+00	8.066946e+00	7.711759e+00	7.391189e+00	7.104817e+00	6.851492e+00
6.629553e+00	6.436456e+00	6.267814e+00	6.118231e+00	5.980682e+00	5.839210e+00
5.672133e+00	5.450550e+00	5.101169e+00	4.815156e+00	4.354299e+00	3.715519e+00
2.487793e+00	2.020244e+00	1.603953e+00	1.549438e+00	1.511056e+00	1.505853e+00
1.503037e+00	1.507986e+00	1.062274e+01	1.021476e+01	9.858266e+00	9.586924e+00
9.359997e+00	8.902390e+00	8.482326e+00	8.098060e+00	7.749160e+00	7.435463e+00
7.156817e+00	6.912054e+00	6.699354e+00	6.515916e+00	6.356796e+00	6.216460e+00
6.088932e+00	5.960288e+00	5.810821e+00	5.611148e+00	5.286549e+00	5.012364e+00
4.558431e+00	3.913732e+00	2.633259e+00	2.120822e+00	1.623424e+00	1.554853e+00
1.512050e+00	1.508221e+00	1.501586e+00	1.505698e+00	1.062468e+01	1.021935e+01
9.865343e+00	9.595293e+00	9.369474e+00	8.915098e+00	8.499640e+00	8.121162e+00
7.778899e+00	7.472373e+00	7.201144e+00	6.964014e+00	6.759142e+00	6.583632e+00
6.432284e+00	6.300004e+00	6.182898e+00	6.070883e+00	5.945711e+00	5.769993e+00
5.461815e+00	5.196285e+00	4.757787e+00	4.122557e+00	2.792932e+00	2.229004e+00
1.645044e+00	1.562061e+00	1.512911e+00	1.508728e+00	1.500926e+00	1.503383e+00
1.063775e+01	1.023010e+01	9.873919e+00	9.602533e+00	9.376009e+00	8.922522e+00
8.510279e+00	8.136891e+00	7.801019e+00	7.501393e+00	7.236744e+00	7.005812e+00
6.806937e+00	6.637402e+00	6.492227e+00	6.367255e+00	6.261185e+00	6.168930e+00
6.073347e+00	5.922204e+00	5.620929e+00	5.360698e+00	4.947106e+00	4.341886e+00
2.970169e+00	2.343657e+00	1.669064e+00	1.573211e+00	1.513733e+00	1.506206e+00
1.500918e+00	1.500958e+00	1.063344e+01	1.022865e+01	9.876047e+00	9.607651e+00
9.383165e+00	8.933650e+00	8.525525e+00	8.156420e+00	7.824779e+00	7.529193e+00
7.268353e+00	7.041334e+00	6.847003e+00	6.683301e+00	6.546230e+00	6.432164e+00
6.339055e+00	6.259836e+00	6.176607e+00	6.042992e+00	5.768963e+00	5.525894e+00
5.135852e+00	4.553412e+00	3.158935e+00	2.472817e+00	1.699924e+00	1.587867e+00
1.514269e+00	1.506284e+00	1.497276e+00	1.499475e+00	1.062408e+01	1.022535e+01
9.877277e+00	9.611719e+00	9.389766e+00	8.945259e+00	8.541205e+00	8.175513e+00
7.846870e+00	7.554103e+00	7.296120e+00	7.072313e+00	6.882036e+00	6.723891e+00
6.594967e+00	6.492148e+00	6.411960e+00	6.343730e+00	6.268975e+00	6.151434e+00
5.910224e+00	5.688813e+00	5.322796e+00	4.763030e+00	3.359278e+00	2.614670e+00
1.735996e+00	1.605303e+00	1.514800e+00	1.506403e+00	1.491781e+00	1.498232e+00
1.061316e+01	1.022050e+01	9.877141e+00	9.614120e+00	9.393782e+00	8.952848e+00
8.551549e+00	8.188127e+00	7.861563e+00	7.571056e+00	7.315919e+00	7.095644e+00
6.909702e+00	6.756822e+00	6.634338e+00	6.539398e+00	6.468901e+00	6.412549e+00
6.352409e+00	6.254171e+00	6.042078e+00	5.840880e+00	5.498588e+00	4.965956e+00
3.569109e+00	2.770103e+00	1.776136e+00	1.624049e+00	1.515971e+00	1.505787e+00
1.490879e+00	1.496756e+00	1.059920e+01	1.021368e+01	9.876186e+00	9.615672e+00
9.396387e+00	8.957995e+00	8.558575e+00	8.196693e+00	7.871604e+00	7.582870e+00
7.330245e+00	7.113275e+00	6.931403e+00	6.783193e+00	6.665732e+00	6.576293e+00
6.513075e+00	6.468241e+00	6.425733e+00	6.348634e+00	6.162935e+00	5.980926e+00
5.661955e+00	5.159248e+00	3.786303e+00	2.941950e+00	1.823379e+00	1.645794e+00
1.518615e+00	1.503693e+00	1.490996e+00	1.495242e+00	1.058999e+01	1.021234e+01
9.878752e+00	9.619621e+00	9.400166e+00	8.962783e+00	8.564629e+00	8.204424e+00
7.881383e+00	7.594981e+00	7.344932e+00	7.130780e+00	6.951995e+00	6.807075e+00
6.692961e+00	6.607310e+00	6.549965e+00	6.516266e+00	6.492562e+00	6.438002e+00
6.277210e+00	6.113098e+00	5.820815e+00	5.345767e+00	3.995066e+00	3.130247e+00
1.881646e+00	1.674368e+00	1.522293e+00	1.505241e+00	1.490176e+00	1.494652e+00
1.058243e+01	1.021180e+01	9.885023e+00	9.625785e+00	9.404662e+00	8.967274e+00
8.570058e+00	8.211504e+00	7.890670e+00	7.606764e+00	7.359222e+00	7.147558e+00
6.971303e+00	6.828962e+00	6.717394e+00	6.634721e+00	6.582487e+00	6.559393e+00
6.554482e+00	6.522800e+00	6.386294e+00	6.239596e+00	5.976115e+00	5.528738e+00
4.202226e+00	3.332709e+00	1.951100e+00	1.710505e+00	1.527314e+00	1.509233e+00
1.488199e+00	1.494292e+00	1.056969e+01	1.020956e+01	9.886985e+00	9.630510e+00
9.409047e+00	8.972884e+00	8.576783e+00	8.219495e+00	7.900005e+00	7.617551e+00
7.371733e+00	7.162076e+00	6.987997e+00	6.848140e+00	6.739875e+00	6.661733e+00
6.615600e+00	6.600784e+00	6.606887e+00	6.592375e+00	6.483345e+00	6.356097e+00
6.123361e+00	5.714626e+00	4.419867e+00	3.518845e+00	2.031826e+00	1.758354e+00
1.533148e+00	1.509830e+00	1.487786e+00	1.493887e+00	1.054262e+01	1.019718e+01
9.886050e+00	9.634005e+00	9.413607e+00	8.980793e+00	8.586042e+00	8.229149e+00
7.909605e+00	7.627301e+00	7.382396e+00	7.174291e+00	7.002023e+00	6.864491e+00
6.760297e+00	6.688636e+00	6.650096e+00	6.640669e+00	6.649487e+00	6.646184e+00
6.566106e+00	6.459757e+00	6.260081e+00	5.905665e+00	4.650034e+00	3.677033e+00
2.131469e+00	1.831977e+00	1.540396e+00	1.503814e+00	1.489739e+00	1.493428e+00
1.051840e+01	1.018498e+01	9.883588e+00	9.633990e+00	9.413686e+00	8.982915e+00
8.590203e+00	8.234730e+00	7.916151e+00	7.634583e+00	7.390407e+00	7.183308e+00
7.012690e+00	6.877745e+00	6.777066e+00	6.709723e+00	6.675909e+00	6.670666e+00
6.684063e+00	6.693486e+00	6.645803e+00	6.563136e+00	6.384289e+00	6.053183e+00
4.869069e+00	3.884631e+00	2.230597e+00	1.893427e+00	1.552975e+00	1.506875e+00
1.489164e+00	1.492535e+00	1.050020e+01	1.017681e+01	9.881501e+00	9.633535e+00
9.413026e+00	8.984043e+00	8.593042e+00	8.239009e+00	7.921627e+00	7.640979e+00
7.397422e+00	7.191023e+00	7.021752e+00	6.889117e+00	6.791368e+00	6.727271e+00
6.697005e+00	6.695520e+00	6.714296e+00	6.737223e+00	6.723086e+00	6.664314e+00
6.497718e+00	6.170572e+00	5.072718e+00	4.140999e+00	2.335588e+00	1.949304e+00
1.570158e+00	1.521635e+00	1.487723e+00	1.491831e+00	1.048923e+01	1.017413e+01
9.884859e+00	9.638589e+00	9.417526e+00	8.989360e+00	8.598985e+00	8.245631e+00
7.928919e+00	7.648914e+00	7.405967e+00	7.200245e+00	7.031840e+00	6.900594e+00
6.805223e+00	6.744802e+00	6.719067e+00	6.721864e+00	6.745379e+00	6.781096e+00
6.796179e+00	6.756521e+00	6.604516e+00	6.283535e+00	5.261511e+00	4.393159e+00
2.465050e+00	2.020099e+00	1.584499e+00	1.536338e+00	1.489364e+00	1.491919e+00
1.048016e+01	1.017189e+01	9.887598e+00	9.642441e+00	9.420978e+00	8.993683e+00
8.604229e+00	8.251886e+00	7.935993e+00	7.656724e+00	7.414601e+00	7.209848e+00
7.042641e+00	6.912913e+00	6.819468e+00	6.761497e+00	6.738825e+00	6.745391e+00
6.774162e+00	6.819588e+00	6.854182e+00	6.831090e+00	6.704016e+00	6.412834e+00
5.450754e+00	4.608443e+00	2.613315e+00	2.114464e+00	1.604458e+00	1.545669e+00
1.490539e+00	1.492228e+00	1.046999e+01	1.016843e+01	9.888284e+00	9.644200e+00
9.422086e+00	8.994886e+00	8.605631e+00	8.253661e+00	7.938778e+00	7.660954e+00
7.420420e+00	7.217302e+00	7.051720e+00	6.923533e+00	6.831584e+00	6.775176e+00
6.754568e+00	6.764599e+00	6.799095e+00	6.852809e+00	6.902254e+00	6.894310e+00
6.794621e+00	6.538176e+00	5.630684e+00	4.816436e+00	2.774417e+00	2.222048e+00
1.628895e+00	1.553769e+00	1.491918e+00	1.492192e+00	1.045866e+01	1.016346e+01
9.887790e+00	9.644803e+00	9.422188e+00	8.994743e+00	8.605115e+00	8.253444e+00
7.939371e+00	7.662794e+00	7.423895e+00	7.222593e+00	7.058769e+00	6.932022e+00
6.841203e+00	6.785741e+00	6.766488e+00	6.779553e+00	6.819700e+00	6.880479e+00
6.941209e+00	6.946567e+00	6.873991e+00	6.652117e+00	5.795997e+00	5.019370e+00
2.947991e+00	2.342397e+00	1.659538e+00	1.561831e+00	1.493874e+00	1.491435e+00
1.045308e+01	1.016284e+01	9.890029e+00	9.648004e+00	9.424673e+00	8.997296e+00
8.607919e+00	8.256581e+00	7.943312e+00	7.667836e+00	7.430032e+00	7.229808e+00
7.067012e+00	6.941286e+00	6.851576e+00	6.797450e+00	6.779919e+00	6.795443e+00
6.839382e+00	6.906534e+00	6.978007e+00	6.993627e+00	6.945001e+00	6.757234e+00
5.955096e+00	5.218095e+00	3.137830e+00	2.474935e+00	1.694147e+00	1.575548e+00
1.497127e+00	1.491453e+00	1.044857e+01	1.016243e+01	9.893427e+00	9.651971e+00
9.428263e+00	9.001171e+00	8.612174e+00	8.261442e+00	7.948630e+00	7.673600e+00
7.436299e+00	7.236677e+00	7.074564e+00	6.949672e+00	6.861018e+00	6.808292e+00
6.792538e+00	6.810256e+00	6.857317e+00	6.930352e+00	7.011768e+00	7.036241e+00
7.009739e+00	6.855468e+00	6.109524e+00	5.414558e+00	3.341449e+00	2.619051e+00
1.732794e+00	1.593512e+00	1.501418e+00	1.491479e+00	1.044198e+01	1.016041e+01
9.893535e+00	9.652397e+00	9.428545e+00	9.001642e+00	8.612843e+00	8.262494e+00
7.950138e+00	7.675544e+00	7.438722e+00	7.239649e+00	7.078188e+00	6.954074e+00
6.866347e+00	6.814765e+00	6.800524e+00	6.820379e+00	6.870668e+00	6.948941e+00
7.038722e+00	7.071044e+00	7.063974e+00	6.941014e+00	6.254825e+00	5.603703e+00
3.553628e+00	2.774646e+00	1.776828e+00	1.613815e+00	1.506234e+00	1.491349e+00
1.043390e+01	1.015582e+01	9.891978e+00	9.651647e+00	9.427470e+00	9.001010e+00
8.612649e+00	8.262621e+00	7.950535e+00	7.676232e+00	7.439741e+00	7.241055e+00
7.080072e+00	6.956545e+00	6.869526e+00	6.818808e+00	6.805760e+00	6.827461e+00
6.880693e+00	6.963445e+00	7.060128e+00	7.099156e+00	7.108612e+00	7.014048e+00
6.389377e+00	5.782890e+00	3.773914e+00	2.943542e+00	1.828842e+00	1.638800e+00
1.512158e+00	1.490905e+00	1.042987e+01	1.015518e+01	9.892747e+00	9.652646e+00
9.428354e+00	9.002007e+00	8.613733e+00	8.263921e+00	7.952119e+00	7.678036e+00
7.441767e+00	7.243336e+00	7.082707e+00	6.959657e+00	6.873215e+00	6.823188e+00
6.811142e+00	6.834523e+00	6.890498e+00	6.977115e+00	7.079687e+00	7.124548e+00
7.147421e+00	7.077763e+00	6.516186e+00	5.953958e+00	3.999597e+00	3.122854e+00
1.889297e+00	1.669558e+00	1.519603e+00	1.491063e+00	1.042708e+01	1.015498e+01
9.894914e+00	9.655353e+00	9.430786e+00	9.004701e+00	8.616619e+00	8.266834e+00
7.954934e+00	7.680752e+00	7.444447e+00	7.246067e+00	7.085636e+00	6.962948e+00
6.876968e+00	6.827502e+00	6.816319e+00	6.841244e+00	6.899788e+00	6.989854e+00
7.097670e+00	7.147801e+00	7.182256e+00	7.135304e+00	6.637502e+00	6.119669e+00
4.232103e+00	3.313343e+00	1.958313e+00	1.706267e+00	1.528540e+00	1.491500e+00
1.042399e+01	1.015448e+01	9.895968e+00	9.656942e+00	9.432130e+00	9.006306e+00
8.618436e+00	8.268733e+00	7.956825e+00	7.682640e+00	7.446371e+00	7.248052e+00
7.087827e+00	6.965494e+00	6.879998e+00	6.831041e+00	6.820630e+00	6.846913e+00
6.907325e+00	7.000189e+00	7.112950e+00	7.168129e+00	7.212000e+00	7.184568e+00
6.750438e+00	6.276137e+00	4.465263e+00	3.512029e+00	2.035995e+00	1.748509e+00
1.538511e+00	1.491640e+00	1.042021e+01	1.015308e+01	9.896204e+00	9.657660e+00
9.432669e+00	9.007051e+00	8.619368e+00	8.269788e+00	7.957958e+00	7.683862e+00
7.447677e+00	7.249330e+00	7.089292e+00	6.967342e+00	6.882509e+00	6.834040e+00
6.824360e+00	6.851898e+00	6.912836e+00	7.007646e+00	7.125226e+00	7.185591e+00
7.236929e+00	7.225404e+00	6.853050e+00	6.420548e+00	4.695384e+00	3.718112e+00
2.126573e+00	1.799854e+00	1.550183e+00	1.491612e+00	1.042405e+01	1.015567e+01
9.897664e+00	9.657638e+00	9.431500e+00	9.004863e+00	8.617113e+00	8.267928e+00
7.956770e+00	7.683432e+00	7.447949e+00	7.250374e+00	7.090680e+00	6.968543e+00
6.882425e+00	6.832371e+00	6.821665e+00	6.851557e+00	6.921956e+00	7.023006e+00
7.138541e+00	7.197699e+00	7.253102e+00	7.257702e+00	6.947860e+00	6.552927e+00
4.916269e+00	3.930171e+00	2.230769e+00	1.859572e+00	1.562593e+00	1.491443e+00
1.043109e+01	1.016023e+01	9.899973e+00	9.657539e+00	9.429559e+00	9.001219e+00
8.613325e+00	8.264757e+00	7.954682e+00	7.682573e+00	7.448171e+00	7.251512e+00
7.092227e+00	6.969727e+00	6.881893e+00	6.829162e+00	6.816647e+00	6.850104e+00
6.931800e+00	7.040185e+00	7.150876e+00	7.207436e+00	7.266180e+00	7.285389e+00
7.032024e+00	6.674090e+00	5.128166e+00	4.145455e+00	2.350270e+00	1.930483e+00
1.576563e+00	1.491229e+00	1.042844e+01	1.015952e+01	9.900330e+00	9.658292e+00
9.430251e+00	9.002086e+00	8.614337e+00	8.265877e+00	7.955928e+00	7.683933e+00
7.449614e+00	7.252955e+00	7.093856e+00	6.971779e+00	6.884642e+00	6.832460e+00
6.820509e+00	6.854436e+00	6.935315e+00	7.044532e+00	7.158436e+00	7.218773e+00
7.283433e+00	7.313137e+00	7.102407e+00	6.785284e+00	5.334027e+00	4.359267e+00
2.482887e+00	2.015382e+00	1.593936e+00	1.491240e+00	1.041335e+01	1.015033e+01
9.895959e+00	9.656901e+00	9.430498e+00	9.003994e+00	8.616633e+00	8.267924e+00
7.957347e+00	7.684654e+00	7.449824e+00	7.252882e+00	7.093820e+00	6.972330e+00
6.887248e+00	6.838631e+00	6.829469e+00	6.860370e+00	6.930553e+00	7.034369e+00
7.161422e+00	7.231087e+00	7.299799e+00	7.333908e+00	7.166697e+00	6.880553e+00
5.525781e+00	4.571141e+00	2.628444e+00	2.114246e+00	1.613966e+00	1.491152e+00
1.040730e+01	1.014660e+01	9.894336e+00	9.656635e+00	9.431207e+00	9.006382e+00
8.619249e+00	8.270264e+00	7.959119e+00	7.685753e+00	7.450353e+00	7.253084e+00
7.094029e+00	6.973165e+00	6.889478e+00	6.842864e+00	6.835229e+00	6.864442e+00
6.928623e+00	7.030147e+00	7.164948e+00	7.240350e+00	7.314055e+00	7.354302e+00
7.219812e+00	6.964468e+00	5.704412e+00	4.779084e+00	2.787044e+00	2.226196e+00
1.636747e+00	1.491141e+00	1.040835e+01	1.014893e+01	9.897543e+00	9.660053e+00
9.434397e+00	9.009119e+00	8.621819e+00	8.272676e+00	7.961421e+00	7.687983e+00
7.452594e+00	7.255322e+00	7.096178e+00	6.975051e+00	6.891222e+00	6.844760e+00
6.837347e+00	6.866461e+00	6.930580e+00	7.033298e+00	7.170402e+00	7.246308e+00
7.325845e+00	7.375628e+00	7.261245e+00	7.037240e+00	5.867645e+00	4.980081e+00
2.960480e+00	2.354007e+00	1.663125e+00	1.491415e+00	