3.529047e-01	3.644261e-01	3.761455e-01	3.881220e-01	4.003063e-01	4.251987e-01
4.506761e-01	4.765704e-01	5.026610e-01	5.286910e-01	5.543973e-01	5.796271e-01
6.040350e-01	6.277626e-01	6.511715e-01	6.746036e-01	6.976232e-01	7.194716e-01
7.390480e-01	7.549734e-01	7.664866e-01	7.726973e-01	7.854606e-01	8.040334e-01
8.298304e-01	8.375135e-01	8.432119e-01	8.439036e-01	8.445732e-01	8.445747e-01
8.448246e-01	8.447146e-01	3.924746e-01	4.048345e-01	4.173910e-01	4.302043e-01
4.432238e-01	4.697795e-01	4.969002e-01	5.244062e-01	5.520646e-01	5.796049e-01
6.067530e-01	6.333501e-01	6.590434e-01	6.839856e-01	7.085671e-01	7.331546e-01
7.573037e-01	7.802430e-01	8.008648e-01	8.178131e-01	8.303531e-01	8.370895e-01
8.504326e-01	8.695441e-01	8.960673e-01	9.039838e-01	9.098233e-01	9.105275e-01
9.112156e-01	9.112185e-01	9.114741e-01	9.113615e-01	4.364814e-01	4.497234e-01
4.631592e-01	4.768495e-01	4.907426e-01	5.190345e-01	5.478653e-01	5.770437e-01
6.063237e-01	6.354219e-01	6.640531e-01	6.920525e-01	7.190613e-01	7.452439e-01
7.710215e-01	7.967875e-01	8.220898e-01	8.461475e-01	8.678521e-01	8.858831e-01
8.995413e-01	9.068478e-01	9.207790e-01	9.403924e-01	9.675913e-01	9.757296e-01
9.816968e-01	9.824111e-01	9.831166e-01	9.831210e-01	9.833818e-01	9.832668e-01
4.854225e-01	4.995896e-01	5.139460e-01	5.285522e-01	5.433561e-01	5.734537e-01
6.040577e-01	6.349646e-01	6.659156e-01	6.966142e-01	7.267644e-01	7.561957e-01
7.845450e-01	8.119886e-01	8.389809e-01	8.659433e-01	8.924182e-01	9.176188e-01
9.404425e-01	9.596190e-01	9.744944e-01	9.824193e-01	9.969444e-01	1.017013e+00
1.044824e+00	1.053170e+00	1.059248e+00	1.059970e+00	1.060691e+00	1.060697e+00
1.060962e+00	1.060845e+00	5.398512e-01	5.549851e-01	5.703017e-01	5.858607e-01
6.016102e-01	6.335787e-01	6.660135e-01	6.986993e-01	7.313644e-01	7.636994e-01
7.953979e-01	8.262840e-01	8.559922e-01	8.847110e-01	9.129303e-01	9.411013e-01
9.687632e-01	9.951269e-01	1.019105e+00	1.039492e+00	1.055693e+00	1.064289e+00
1.079410e+00	1.099877e+00	1.128222e+00	1.136756e+00	1.142926e+00	1.143652e+00
1.144387e+00	1.144395e+00	1.144663e+00	1.144545e+00	6.003828e-01	6.165231e-01
6.328370e-01	6.493830e-01	6.661100e-01	7.000075e-01	7.343240e-01	7.688314e-01
8.032458e-01	8.372450e-01	8.705131e-01	9.028686e-01	9.339459e-01	9.639465e-01
9.933977e-01	1.022783e+00	1.051639e+00	1.079182e+00	1.104346e+00	1.126014e+00
1.143657e+00	1.152980e+00	1.168697e+00	1.189492e+00	1.218277e+00	1.226976e+00
1.233214e+00	1.233940e+00	1.234686e+00	1.234697e+00	1.234968e+00	1.234848e+00
6.677016e-01	6.848844e-01	7.022295e-01	7.197927e-01	7.375248e-01	7.734012e-01
8.096407e-01	8.460031e-01	8.821921e-01	9.178732e-01	9.527219e-01	9.865513e-01
1.018999e+00	1.050278e+00	1.080958e+00	1.111553e+00	1.141605e+00	1.170337e+00
1.196718e+00	1.219736e+00	1.238951e+00	1.249063e+00	1.265370e+00	1.286409e+00
1.315519e+00	1.324356e+00	1.330634e+00	1.331356e+00	1.332111e+00	1.332124e+00
1.332396e+00	1.332276e+00	7.425687e-01	7.608258e-01	7.792311e-01	7.978367e-01
8.165962e-01	8.544901e-01	8.926824e-01	9.309209e-01	9.688974e-01	1.006266e+00
1.042694e+00	1.077990e+00	1.111797e+00	1.144342e+00	1.176235e+00	1.208029e+00
1.239268e+00	1.269191e+00	1.296816e+00	1.321260e+00	1.342185e+00	1.353153e+00
1.370039e+00	1.391223e+00	1.420524e+00	1.429465e+00	1.435751e+00	1.436463e+00
1.437224e+00	1.437240e+00	1.437511e+00	1.437391e+00	8.258303e-01	8.451878e-01
8.646762e-01	8.843426e-01	9.041450e-01	9.440808e-01	9.842413e-01	1.024362e+00
1.064125e+00	1.103171e+00	1.141163e+00	1.177904e+00	1.213047e+00	1.246831e+00
1.279911e+00	1.312877e+00	1.345285e+00	1.376396e+00	1.405287e+00	1.431234e+00
1.454021e+00	1.465917e+00	1.483367e+00	1.504576e+00	1.533910e+00	1.542917e+00
1.549171e+00	1.549868e+00	1.550630e+00	1.550649e+00	1.550918e+00	1.550799e+00
9.184277e-01	9.389040e-01	9.594905e-01	9.802279e-01	1.001080e+00	1.043065e+00
1.085191e+00	1.127183e+00	1.168711e+00	1.209409e+00	1.248932e+00	1.287079e+00
1.323517e+00	1.358498e+00	1.392725e+00	1.426826e+00	1.460372e+00	1.492655e+00
1.522830e+00	1.550362e+00	1.575175e+00	1.588078e+00	1.606068e+00	1.627165e+00
1.656346e+00	1.665372e+00	1.671551e+00	1.672225e+00	1.672985e+00	1.673008e+00
1.673273e+00	1.673155e+00	1.021408e+00	1.043012e+00	1.064702e+00	1.086510e+00
1.108408e+00	1.152427e+00	1.196495e+00	1.240324e+00	1.283577e+00	1.325877e+00
1.366877e+00	1.406372e+00	1.444047e+00	1.480166e+00	1.515482e+00	1.550665e+00
1.585305e+00	1.618735e+00	1.650205e+00	1.679405e+00	1.706425e+00	1.720420e+00
1.738920e+00	1.759743e+00	1.788556e+00	1.797547e+00	1.803599e+00	1.804243e+00
1.804995e+00	1.805022e+00	1.805280e+00	1.805165e+00	1.135935e+00	1.158663e+00
1.181449e+00	1.204315e+00	1.227242e+00	1.273256e+00	1.319215e+00	1.364822e+00
1.409732e+00	1.453561e+00	1.495961e+00	1.536723e+00	1.575554e+00	1.612731e+00
1.649060e+00	1.685252e+00	1.720925e+00	1.755464e+00	1.788235e+00	1.819190e+00
1.848610e+00	1.863790e+00	1.882760e+00	1.903122e+00	1.931318e+00	1.940211e+00
1.946078e+00	1.946683e+00	1.947421e+00	1.947453e+00	1.947701e+00	1.947591e+00
1.263303e+00	1.287138e+00	1.310999e+00	1.334894e+00	1.358817e+00	1.406753e+00
1.454522e+00	1.501816e+00	1.548286e+00	1.593542e+00	1.637236e+00	1.679155e+00
1.719037e+00	1.757168e+00	1.794411e+00	1.831521e+00	1.868147e+00	1.903742e+00
1.937809e+00	1.970608e+00	2.002644e+00	2.019107e+00	2.038499e+00	2.058184e+00
2.085475e+00	2.094198e+00	2.099813e+00	2.100368e+00	2.101085e+00	2.101122e+00
2.101358e+00	2.101253e+00	1.404953e+00	1.429858e+00	1.454754e+00	1.479630e+00
1.504498e+00	1.554247e+00	1.603706e+00	1.652562e+00	1.700457e+00	1.747003e+00
1.791852e+00	1.834788e+00	1.875587e+00	1.914542e+00	1.952574e+00	1.990484e+00
2.027964e+00	2.064545e+00	2.099895e+00	2.134631e+00	2.169511e+00	2.187368e+00
2.207121e+00	2.225880e+00	2.251938e+00	2.260407e+00	2.265693e+00	2.266187e+00
2.266875e+00	2.266918e+00	2.267138e+00	2.267039e+00	1.562485e+00	1.588404e+00
1.614272e+00	1.640060e+00	1.665798e+00	1.717205e+00	1.768192e+00	1.818438e+00
1.867585e+00	1.915242e+00	1.961069e+00	2.004846e+00	2.046393e+00	2.086010e+00
2.124678e+00	2.163245e+00	2.201453e+00	2.238930e+00	2.275538e+00	2.312305e+00
2.350283e+00	2.369651e+00	2.389690e+00	2.407239e+00	2.431687e+00	2.439807e+00
2.444676e+00	2.445096e+00	2.445746e+00	2.445796e+00	2.445996e+00	2.445906e+00
1.738738e+00	1.765523e+00	1.792213e+00	1.818758e+00	1.845214e+00	1.897987e+00
1.950227e+00	2.001613e+00	2.051792e+00	2.100379e+00	2.147046e+00	2.191570e+00
2.233822e+00	2.274095e+00	2.313412e+00	2.352645e+00	2.391591e+00	2.429993e+00
2.467955e+00	2.507033e+00	2.548671e+00	2.569822e+00	2.590091e+00	2.605991e+00
2.628211e+00	2.635815e+00	2.640128e+00	2.640455e+00	2.641051e+00	2.641110e+00
2.641281e+00	2.641204e+00	1.934015e+00	1.961586e+00	1.989013e+00	2.016220e+00
2.043289e+00	2.097206e+00	2.150456e+00	2.202718e+00	2.253644e+00	2.302855e+00
2.350037e+00	2.394963e+00	2.437567e+00	2.478136e+00	2.517750e+00	2.557321e+00
2.596717e+00	2.635818e+00	2.674993e+00	2.716368e+00	2.761783e+00	2.784766e+00
2.805138e+00	2.819086e+00	2.838702e+00	2.845701e+00	2.849371e+00	2.849589e+00
2.850124e+00	2.850192e+00	2.850331e+00	2.850268e+00	2.145793e+00	2.174268e+00
2.202549e+00	2.230509e+00	2.258264e+00	2.313425e+00	2.367708e+00	2.420758e+00
2.472195e+00	2.521601e+00	2.568617e+00	2.613001e+00	2.654774e+00	2.694281e+00
2.732799e+00	2.771431e+00	2.810166e+00	2.849052e+00	2.888722e+00	2.931660e+00
2.979884e+00	3.004200e+00	3.024390e+00	3.036468e+00	3.053935e+00	3.060548e+00
3.063642e+00	3.063751e+00	3.064243e+00	3.064313e+00	3.064443e+00	3.064378e+00
2.373776e+00	2.403490e+00	2.432933e+00	2.461901e+00	2.490534e+00	2.547180e+00
2.602523e+00	2.656151e+00	2.707632e+00	2.756511e+00	2.802387e+00	2.845022e+00
2.884564e+00	2.921486e+00	2.957397e+00	2.993726e+00	3.030622e+00	3.068300e+00
3.107597e+00	3.151083e+00	3.200685e+00	3.225620e+00	3.245344e+00	3.255863e+00
3.271758e+00	3.278156e+00	3.280791e+00	3.280805e+00	3.281274e+00	3.281336e+00
3.281478e+00	3.281398e+00	2.615349e+00	2.647793e+00	2.679728e+00	2.710770e+00
2.741078e+00	2.800033e+00	2.856137e+00	2.908922e+00	2.958168e+00	3.003919e+00
3.046445e+00	3.085743e+00	3.122086e+00	3.156051e+00	3.189346e+00	3.223499e+00
3.258664e+00	3.294936e+00	3.332919e+00	3.374817e+00	3.422211e+00	3.446041e+00
3.465272e+00	3.475902e+00	3.490589e+00	3.496026e+00	3.498479e+00	3.498546e+00
3.498953e+00	3.499001e+00	3.499120e+00	3.499055e+00	2.873204e+00	2.909657e+00
2.945218e+00	2.979219e+00	3.011832e+00	3.073653e+00	3.130101e+00	3.180736e+00
3.225789e+00	3.266232e+00	3.303530e+00	3.338054e+00	3.370191e+00	3.400584e+00
3.430891e+00	3.462584e+00	3.495731e+00	3.530141e+00	3.565913e+00	3.604565e+00
3.647171e+00	3.668685e+00	3.687318e+00	3.699080e+00	3.712785e+00	3.716807e+00
3.719253e+00	3.719465e+00	3.719785e+00	3.719814e+00	3.719890e+00	3.719859e+00
3.146284e+00	3.187830e+00	3.227818e+00	3.265074e+00	3.299863e+00	3.363479e+00
3.418692e+00	3.465936e+00	3.505991e+00	3.540605e+00	3.572205e+00	3.601415e+00
3.628625e+00	3.654435e+00	3.680341e+00	3.707725e+00	3.736717e+00	3.767282e+00
3.799495e+00	3.834168e+00	3.871658e+00	3.890654e+00	3.908171e+00	3.920328e+00
3.932752e+00	3.935779e+00	3.938126e+00	3.938415e+00	3.938668e+00	3.938686e+00
3.938727e+00	3.938724e+00	3.431726e+00	3.479667e+00	3.525024e+00	3.565809e+00
3.602496e+00	3.666344e+00	3.718253e+00	3.760699e+00	3.795080e+00	3.823639e+00
3.849383e+00	3.872992e+00	3.894680e+00	3.914830e+00	3.934604e+00	3.955240e+00
3.977213e+00	4.001367e+00	4.028492e+00	4.058635e+00	4.091060e+00	4.107459e+00
4.123261e+00	4.134816e+00	4.145623e+00	4.148286e+00	4.150419e+00	4.150685e+00
4.150899e+00	4.150919e+00	4.150936e+00	4.150951e+00	3.727306e+00	3.785712e+00
3.839505e+00	3.885087e+00	3.923382e+00	3.984083e+00	4.028253e+00	4.063623e+00
4.092149e+00	4.115332e+00	4.135230e+00	4.152225e+00	4.166507e+00	4.178647e+00
4.190344e+00	4.203330e+00	4.218153e+00	4.235541e+00	4.256090e+00	4.279507e+00
4.305267e+00	4.318929e+00	4.332602e+00	4.342916e+00	4.351997e+00	4.354297e+00
4.356145e+00	4.356378e+00	4.356562e+00	4.356577e+00	4.356585e+00	4.356606e+00
4.036791e+00	4.102798e+00	4.162696e+00	4.211953e+00	4.251807e+00	4.311113e+00
4.349656e+00	4.378020e+00	4.398854e+00	4.413715e+00	4.424805e+00	4.432661e+00
4.437664e+00	4.440711e+00	4.443936e+00	4.449347e+00	4.457184e+00	4.467166e+00
4.479078e+00	4.493374e+00	4.511212e+00	4.521929e+00	4.532963e+00	4.541349e+00
4.548555e+00	4.550433e+00	4.551938e+00	4.552125e+00	4.552276e+00	4.552288e+00
4.552298e+00	4.552319e+00	4.368712e+00	4.426695e+00	4.480979e+00	4.528704e+00
4.570356e+00	4.638364e+00	4.684559e+00	4.709967e+00	4.718163e+00	4.715559e+00
4.710363e+00	4.704792e+00	4.699374e+00	4.694735e+00	4.691562e+00	4.690500e+00
4.691172e+00	4.692221e+00	4.692965e+00	4.696187e+00	4.705558e+00	4.712820e+00
4.720472e+00	4.726225e+00	4.731208e+00	4.732530e+00	4.733637e+00	4.733750e+00
4.733855e+00	4.733875e+00	4.733885e+00	4.733915e+00	4.699778e+00	4.760189e+00
4.816336e+00	4.864950e+00	4.906575e+00	4.972217e+00	5.012710e+00	5.029195e+00
5.026050e+00	5.010976e+00	4.993708e+00	4.976821e+00	4.960847e+00	4.946354e+00
4.933690e+00	4.923193e+00	4.914325e+00	4.905379e+00	4.895486e+00	4.888020e+00
4.887518e+00	4.890333e+00	4.893832e+00	4.896570e+00	4.898714e+00	4.899350e+00
4.899909e+00	4.899957e+00	4.900017e+00	4.900030e+00	4.900034e+00	4.900057e+00
5.037861e+00	5.100709e+00	5.158417e+00	5.207034e+00	5.247290e+00	5.307222e+00
5.338727e+00	5.344164e+00	5.328611e+00	5.300636e+00	5.270899e+00	5.242158e+00
5.214911e+00	5.189678e+00	5.166561e+00	5.145684e+00	5.126376e+00	5.106640e+00
5.085464e+00	5.066673e+00	5.055507e+00	5.053352e+00	5.051918e+00	5.050838e+00
5.049589e+00	5.049397e+00	5.049267e+00	5.049235e+00	5.049227e+00	5.049237e+00
5.049237e+00	5.049256e+00	5.378917e+00	5.441367e+00	5.498067e+00	5.544610e+00
5.581904e+00	5.633955e+00	5.654992e+00	5.647893e+00	5.618408e+00	5.576124e+00
5.532732e+00	5.491218e+00	5.452055e+00	5.415661e+00	5.381786e+00	5.350232e+00
5.320136e+00	5.289152e+00	5.256107e+00	5.225442e+00	5.203176e+00	5.195697e+00
5.188588e+00	5.182819e+00	5.177690e+00	5.176540e+00	5.175590e+00	5.175460e+00
5.175360e+00	5.175370e+00	5.175370e+00	5.175390e+00	5.722291e+00	5.782197e+00
5.835796e+00	5.878267e+00	5.910705e+00	5.951509e+00	5.959332e+00	5.937555e+00
5.892584e+00	5.834839e+00	5.776919e+00	5.721901e+00	5.670320e+00	5.622345e+00
5.577426e+00	5.534966e+00	5.493901e+00	5.451534e+00	5.406487e+00	5.363821e+00
5.330225e+00	5.317146e+00	5.303826e+00	5.292744e+00	5.283439e+00	5.281261e+00
5.279393e+00	5.279151e+00	5.278968e+00	5.278954e+00	5.278957e+00	5.278979e+00
6.072057e+00	6.127613e+00	6.176341e+00	6.213028e+00	6.238978e+00	6.265585e+00
6.257686e+00	6.219179e+00	6.157110e+00	6.082639e+00	6.009178e+00	5.939844e+00
5.875248e+00	5.815237e+00	5.758966e+00	5.705382e+00	5.653211e+00	5.599386e+00
5.542290e+00	5.487551e+00	5.442397e+00	5.423472e+00	5.403530e+00	5.386712e+00
5.373037e+00	5.369783e+00	5.366928e+00	5.366568e+00	5.366302e+00	5.366257e+00
5.366265e+00	5.366284e+00	6.422637e+00	6.471446e+00	6.512928e+00	6.541520e+00
6.558766e+00	6.567131e+00	6.540010e+00	6.481886e+00	6.400436e+00	6.307499e+00
6.217122e+00	6.132509e+00	6.054268e+00	5.981898e+00	5.914235e+00	5.849679e+00
5.786750e+00	5.721931e+00	5.653305e+00	5.586874e+00	5.530173e+00	5.505226e+00
5.478016e+00	5.453851e+00	5.434881e+00	5.430298e+00	5.426174e+00	5.425675e+00
5.425306e+00	5.425226e+00	5.425240e+00	5.425232e+00	6.768615e+00	6.807988e+00
6.839622e+00	6.857657e+00	6.863904e+00	6.850013e+00	6.800418e+00	6.720197e+00
6.617592e+00	6.505005e+00	6.396900e+00	6.296588e+00	6.204578e+00	6.119976e+00
6.041280e+00	5.966275e+00	5.893279e+00	5.818293e+00	5.739061e+00	5.661777e+00
5.594043e+00	5.563175e+00	5.528926e+00	5.498208e+00	5.474686e+00	5.468967e+00
5.463747e+00	5.463132e+00	5.462676e+00	5.462568e+00	5.462587e+00	5.462549e+00
7.109540e+00	7.136597e+00	7.155527e+00	7.160249e+00	7.152871e+00	7.111930e+00
7.035759e+00	6.930004e+00	6.803499e+00	6.669200e+00	6.541754e+00	6.424781e+00
6.318552e+00	6.221821e+00	6.132893e+00	6.047454e+00	5.962977e+00	5.876697e+00
5.785749e+00	5.695858e+00	5.613520e+00	5.573765e+00	5.530683e+00	5.497975e+00
5.472899e+00	5.466773e+00	5.461165e+00	5.460507e+00	5.460021e+00	5.459901e+00
5.459924e+00	5.459873e+00	7.449881e+00	7.462240e+00	7.466180e+00	7.455446e+00
7.432470e+00	7.361088e+00	7.255699e+00	7.122474e+00	6.970788e+00	6.814079e+00
6.667006e+00	6.533495e+00	6.413460e+00	6.305253e+00	6.206960e+00	6.112004e+00
6.016948e+00	5.920521e+00	5.819329e+00	5.718779e+00	5.624903e+00	5.578875e+00
5.528941e+00	5.489979e+00	5.460266e+00	5.452947e+00	5.446217e+00	5.445433e+00
5.444864e+00	5.444711e+00	5.444743e+00	5.444654e+00	7.787944e+00	7.782909e+00
7.769221e+00	7.740526e+00	7.699594e+00	7.593499e+00	7.455195e+00	7.291332e+00
7.111701e+00	6.930039e+00	6.760923e+00	6.608357e+00	6.471036e+00	6.346816e+00
6.233138e+00	6.127853e+00	6.029240e+00	5.929382e+00	5.824771e+00	5.720686e+00
5.623017e+00	5.575013e+00	5.520887e+00	5.473211e+00	5.437581e+00	5.428800e+00
5.420739e+00	5.419807e+00	5.419136e+00	5.418947e+00	5.418988e+00	5.418857e+00
8.118112e+00	8.092870e+00	8.058891e+00	8.009811e+00	7.948755e+00	7.804346e+00
7.630513e+00	7.434350e+00	7.225974e+00	7.019364e+00	6.829100e+00	6.659559e+00
6.505728e+00	6.366133e+00	6.239390e+00	6.123376e+00	6.015091e+00	5.906097e+00
5.792720e+00	5.679478e+00	5.571366e+00	5.517711e+00	5.458542e+00	5.408097e+00
5.368980e+00	5.359302e+00	5.350585e+00	5.349576e+00	5.348830e+00	5.348638e+00
5.348666e+00	5.348525e+00	8.443529e+00	8.395476e+00	8.338721e+00	8.266984e+00
8.183760e+00	7.997528e+00	7.785313e+00	7.554571e+00	7.315562e+00	7.082164e+00
6.868408e+00	6.673688e+00	6.506800e+00	6.360094e+00	6.227081e+00	6.101281e+00
5.980495e+00	5.860959e+00	5.738251e+00	5.615799e+00	5.497643e+00	5.438954e+00
5.375821e+00	5.323400e+00	5.280610e+00	5.270011e+00	5.260714e+00	5.259629e+00
5.258799e+00	5.258617e+00	5.258620e+00	5.258494e+00	8.762501e+00	8.688470e+00
8.606114e+00	8.509442e+00	8.402235e+00	8.171599e+00	7.919479e+00	7.653256e+00
7.382595e+00	7.120407e+00	6.882291e+00	6.674706e+00	6.489413e+00	6.324732e+00
6.176017e+00	6.037777e+00	5.907020e+00	5.778526e+00	5.648141e+00	5.518356e+00
5.392454e+00	5.330401e+00	5.265616e+00	5.212893e+00	5.166467e+00	5.154966e+00
5.145268e+00	5.144117e+00	5.143197e+00	5.143043e+00	5.143003e+00	5.142923e+00
9.069437e+00	8.970701e+00	8.863131e+00	8.740628e+00	8.607570e+00	8.327374e+00
8.029545e+00	7.723748e+00	7.421261e+00	7.135367e+00	6.876039e+00	6.644991e+00
6.442167e+00	6.262094e+00	6.098902e+00	5.947622e+00	5.805119e+00	5.666680e+00
5.528317e+00	5.391151e+00	5.257886e+00	5.193286e+00	5.128361e+00	5.076772e+00
5.026821e+00	5.014461e+00	5.004510e+00	5.003310e+00	5.002304e+00	5.002176e+00
5.002092e+00	5.002068e+00	9.325200e+00	9.242390e+00	9.144019e+00	9.012416e+00
8.853170e+00	8.491726e+00	8.105424e+00	7.743497e+00	7.412403e+00	7.115025e+00
6.846628e+00	6.604317e+00	6.385203e+00	6.182956e+00	5.997176e+00	5.828327e+00
5.673126e+00	5.525918e+00	5.380963e+00	5.235420e+00	5.093419e+00	5.028369e+00
4.964537e+00	4.913565e+00	4.859996e+00	4.847389e+00	4.837152e+00	4.835759e+00
4.834759e+00	4.834653e+00	4.834518e+00	4.834570e+00	9.639796e+00	9.518893e+00
9.374883e+00	9.196770e+00	8.996437e+00	8.575179e+00	8.154007e+00	7.763456e+00
7.409380e+00	7.091534e+00	6.805626e+00	6.547057e+00	6.307277e+00	6.081521e+00
5.873197e+00	5.685755e+00	5.516447e+00	5.360444e+00	5.211668e+00	5.061725e+00
4.910408e+00	4.840849e+00	4.775901e+00	4.726789e+00	4.671316e+00	4.657392e+00
4.647037e+00	4.645735e+00	4.644631e+00	4.644471e+00	4.644389e+00	4.644461e+00
1.004138e+01	9.793019e+00	9.545325e+00	9.299572e+00	9.059419e+00	8.605288e+00
8.180573e+00	7.783852e+00	7.413957e+00	7.069836e+00	6.751039e+00	6.458447e+00
6.190229e+00	5.944056e+00	5.718166e+00	5.512769e+00	5.327526e+00	5.161767e+00
5.012010e+00	4.863154e+00	4.701965e+00	4.621261e+00	4.551078e+00	4.505320e+00
4.450530e+00	4.433597e+00	4.423346e+00	4.422585e+00	4.421195e+00	4.420875e+00
4.420995e+00	4.420995e+00	1.030706e+01	1.001345e+01	9.722138e+00	9.437978e+00
9.165593e+00	8.664543e+00	8.192722e+00	7.766900e+00	7.375698e+00	7.001194e+00
6.654146e+00	6.337486e+00	6.049483e+00	5.787053e+00	5.546332e+00	5.326117e+00
5.126969e+00	4.948432e+00	4.787757e+00	4.629818e+00	4.460292e+00	4.375284e+00
4.301677e+00	4.254165e+00	4.197705e+00	4.180174e+00	4.169603e+00	4.168848e+00
4.167419e+00	4.167101e+00	4.167187e+00	4.167185e+00	1.053287e+01	1.021081e+01
9.892352e+00	9.581483e+00	9.281901e+00	8.725048e+00	8.200383e+00	7.728183e+00
7.294013e+00	6.892928e+00	6.526521e+00	6.193812e+00	5.891731e+00	5.616265e+00
5.363003e+00	5.129978e+00	4.918083e+00	4.725727e+00	4.550082e+00	4.378858e+00
4.202068e+00	4.115686e+00	4.039180e+00	3.987473e+00	3.928545e+00	3.911614e+00
3.900528e+00	3.899539e+00	3.898192e+00	3.897945e+00	3.897900e+00	3.897914e+00
1.074630e+01	1.038858e+01	1.003616e+01	9.693848e+00	9.364860e+00	8.745742e+00
8.192686e+00	7.677657e+00	7.206631e+00	6.778128e+00	6.390367e+00	6.040152e+00
5.723261e+00	5.434765e+00	5.169149e+00	4.923424e+00	4.698695e+00	4.493105e+00
4.303799e+00	4.120536e+00	3.935803e+00	3.846619e+00	3.766164e+00	3.710096e+00
3.649038e+00	3.632903e+00	3.621222e+00	3.619998e+00	3.618745e+00	3.618553e+00
3.618419e+00	3.618408e+00	1.094026e+01	1.054398e+01	1.015530e+01	9.780686e+00
9.422924e+00	8.752857e+00	8.148775e+00	7.598363e+00	7.098004e+00	6.644821e+00
6.237145e+00	5.870545e+00	5.539726e+00	5.238938e+00	4.961440e+00	4.703195e+00
4.465284e+00	4.246300e+00	4.043323e+00	3.848085e+00	3.655025e+00	3.562378e+00
3.477038e+00	3.415810e+00	3.352811e+00	3.337803e+00	3.325428e+00	3.323931e+00
3.322799e+00	3.322655e+00	3.322459e+00	3.322390e+00	1.112024e+01	1.067953e+01
1.024942e+01	9.838774e+00	9.448575e+00	8.740060e+00	8.091640e+00	7.508083e+00
6.983167e+00	6.510862e+00	6.087309e+00	5.706915e+00	5.363427e+00	5.050314e+00
4.759809e+00	4.487172e+00	4.233707e+00	3.999644e+00	3.782810e+00	3.577132e+00
3.379010e+00	3.284766e+00	3.195592e+00	3.129647e+00	3.065902e+00	3.050940e+00
3.038246e+00	3.036685e+00	3.035555e+00	3.035404e+00	3.035229e+00	3.035103e+00
1.129095e+01	1.080308e+01	1.033021e+01	9.884276e+00	9.465181e+00	8.701783e+00
8.017392e+00	7.406909e+00	6.862675e+00	6.375709e+00	5.939253e+00	5.546980e+00
5.191919e+00	4.866885e+00	4.563297e+00	4.275974e+00	4.006521e+00	3.757343e+00
3.527405e+00	3.312738e+00	3.111526e+00	3.016743e+00	2.924667e+00	2.854768e+00
2.790985e+00	2.775562e+00	2.762791e+00	2.761278e+00	2.760092e+00	2.759908e+00
2.759793e+00	2.759621e+00	1.146016e+01	1.092400e+01	1.040774e+01	9.926782e+00
9.479300e+00	8.665048e+00	7.946487e+00	7.310933e+00	6.748961e+00	6.248569e+00
5.799839e+00	5.395748e+00	5.029145e+00	4.692647e+00	4.377507e+00	4.078411e+00
3.796794e+00	3.535665e+00	3.294706e+00	3.070903e+00	2.863898e+00	2.767292e+00
2.673421e+00	2.602057e+00	2.537337e+00	2.521519e+00	2.508751e+00	2.507261e+00
2.506028e+00	2.505844e+00	2.505737e+00	2.505581e+00	1.162694e+01	1.104127e+01
1.048097e+01	9.965437e+00	9.490571e+00	8.629287e+00	7.878745e+00	7.220111e+00
6.642074e+00	6.129536e+00	5.669084e+00	5.253035e+00	4.874678e+00	4.526964e+00
4.201741e+00	3.893872e+00	3.603956e+00	3.333837e+00	3.083545e+00	2.849874e+00
2.633670e+00	2.533666e+00	2.439156e+00	2.369031e+00	2.302245e+00	2.286054e+00
2.273363e+00	2.271865e+00	2.270590e+00	2.270440e+00	2.270285e+00	2.270213e+00
1.178959e+01	1.115784e+01	1.055698e+01	1.001003e+01	9.509526e+00	8.609295e+00
7.827317e+00	7.147122e+00	6.553293e+00	6.028388e+00	5.556264e+00	5.128596e+00
4.738992e+00	4.380714e+00	4.046082e+00	3.730077e+00	3.432693e+00	3.154819e+00
2.896752e+00	2.655053e+00	2.430533e+00	2.326695e+00	2.229798e+00	2.158852e+00
2.090424e+00	2.074019e+00	2.061340e+00	2.059837e+00	2.058530e+00	2.058397e+00
2.058218e+00	2.058254e+00	1.194846e+01	1.127485e+01	1.063759e+01	1.006327e+01
9.541323e+00	8.603165e+00	7.795709e+00	7.094667e+00	6.485292e+00	5.947931e+00
5.464219e+00	5.025290e+00	4.624928e+00	4.256657e+00	3.913116e+00	3.589377e+00
3.285031e+00	3.000325e+00	2.735596e+00	2.487298e+00	2.255051e+00	2.146933e+00
2.046057e+00	1.972422e+00	1.902513e+00	1.885959e+00	1.873175e+00	1.871659e+00
1.870324e+00	1.870191e+00	1.870013e+00	1.870151e+00	1.210511e+01	1.139454e+01
1.072541e+01	1.012809e+01	9.588190e+00	8.616224e+00	7.784579e+00	7.068311e+00
6.445270e+00	5.895109e+00	5.399733e+00	4.949791e+00	4.539045e+00	4.161181e+00
3.809088e+00	3.477857e+00	3.166783e+00	2.875793e+00	2.604858e+00	2.350532e+00
2.110460e+00	1.997540e+00	1.891527e+00	1.813913e+00	1.742053e+00	1.725205e+00
1.712096e+00	1.710538e+00	1.709172e+00	1.709020e+00	1.708861e+00	1.709038e+00
1.225851e+01	1.151613e+01	1.082020e+01	1.020430e+01	9.650511e+00	8.652118e+00
7.801583e+00	7.073164e+00	6.437967e+00	5.873632e+00	5.364929e+00	4.902425e+00
4.479837e+00	4.090891e+00	3.731866e+00	3.394306e+00	3.077303e+00	2.780679e+00
2.503901e+00	2.243598e+00	1.995530e+00	1.877591e+00	1.766158e+00	1.684211e+00
1.609625e+00	1.592176e+00	1.578505e+00	1.576887e+00	1.575481e+00	1.575311e+00
1.575155e+00	1.575282e+00	1.241091e+01	1.164135e+01	1.092284e+01	1.029184e+01
9.726974e+00	8.706621e+00	7.836251e+00	7.089498e+00	6.442563e+00	5.873229e+00
5.359507e+00	4.892204e+00	4.465123e+00	4.072072e+00	3.702462e+00	3.355063e+00
3.029135e+00	2.724178e+00	2.438908e+00	2.169088e+00	1.911178e+00	1.787464e+00
1.669977e+00	1.583086e+00	1.504191e+00	1.485628e+00	1.471039e+00	1.469317e+00
1.467834e+00	1.467650e+00	1.467485e+00	1.467464e+00	1.256054e+01	1.177003e+01
1.103486e+01	1.039396e+01	9.822436e+00	8.787984e+00	7.906931e+00	7.151815e+00
6.495907e+00	5.915517e+00	5.390960e+00	4.913180e+00	4.475951e+00	4.072878e+00
3.696846e+00	3.343012e+00	3.010514e+00	2.698903e+00	2.406456e+00	2.127880e+00
1.858201e+00	1.727429e+00	1.602583e+00	1.509530e+00	1.424404e+00	1.404159e+00
1.388216e+00	1.386335e+00	1.384734e+00	1.384534e+00	1.384353e+00	1.384143e+00
1.270177e+01	1.189602e+01	1.114908e+01	1.050224e+01	9.927316e+00	8.884086e+00
7.996429e+00	7.234023e+00	6.570532e+00	5.982289e+00	5.449899e+00	4.964249e+00
4.518859e+00	4.106802e+00	3.726004e+00	3.367393e+00	3.029759e+00	2.712811e+00
2.414682e+00	2.129574e+00	1.840638e+00	1.697061e+00	1.557900e+00	1.457684e+00
1.364271e+00	1.341676e+00	1.323712e+00	1.321610e+00	1.319866e+00	1.319637e+00
1.319445e+00	1.319139e+00	1.283644e+01	1.201913e+01	1.126388e+01	1.061420e+01
1.003869e+01	8.991929e+00	8.102436e+00	7.335828e+00	6.667231e+00	6.073652e+00
5.536379e+00	5.046306e+00	4.596832e+00	4.180888e+00	3.791679e+00	3.423122e+00
3.074573e+00	2.746054e+00	2.435228e+00	2.134318e+00	1.830223e+00	1.677494e+00
1.527186e+00	1.417823e+00	1.314822e+00	1.289647e+00	1.269468e+00	1.267113e+00
1.265189e+00	1.264926e+00	1.264723e+00	1.264421e+00	1.295857e+01	1.213402e+01
1.137442e+01	1.072511e+01	1.015174e+01	9.105751e+00	8.217041e+00	7.447917e+00
6.775329e+00	6.177277e+00	5.635892e+00	5.141947e+00	4.688476e+00	4.267948e+00
3.871750e+00	3.494291e+00	3.135353e+00	2.795398e+00	2.471515e+00	2.152651e+00
1.836736e+00	1.679325e+00	1.523321e+00	1.393427e+00	1.276283e+00	1.247826e+00
1.224773e+00	1.222039e+00	1.219843e+00	1.219561e+00	1.219314e+00	1.219294e+00
1.306706e+01	1.223926e+01	1.147934e+01	1.083407e+01	1.026642e+01	9.227864e+00
8.344913e+00	7.577097e+00	6.903608e+00	6.303928e+00	5.761324e+00	5.266386e+00
4.811579e+00	4.388704e+00	3.988146e+00	3.603833e+00	3.236037e+00	2.885962e+00
2.550687e+00	2.217668e+00	1.877125e+00	1.703117e+00	1.525594e+00	1.379018e+00
1.246698e+00	1.214639e+00	1.188567e+00	1.185408e+00	1.182825e+00	1.182511e+00
1.182230e+00	1.182665e+00	1.317248e+01	1.233569e+01	1.157320e+01	1.093228e+01
1.037225e+01	9.347009e+00	8.474413e+00	7.713336e+00	7.043888e+00	6.446077e+00
5.903469e+00	5.407000e+00	4.949519e+00	4.523178e+00	4.118610e+00	3.729525e+00
3.355294e+00	2.995828e+00	2.647185e+00	2.296226e+00	1.930375e+00	1.739521e+00
1.538592e+00	1.380449e+00	1.221995e+00	1.186219e+00	1.158120e+00	1.154545e+00
1.151006e+00	1.150504e+00	1.150384e+00	1.151519e+00	1.327002e+01	1.242434e+01
1.165987e+01	1.102447e+01	1.047381e+01	9.466487e+00	8.607883e+00	7.857605e+00
7.195948e+00	6.602899e+00	6.061783e+00	5.564175e+00	5.103906e+00	4.674165e+00
4.266737e+00	3.875402e+00	3.497661e+00	3.130358e+00	2.767485e+00	2.396544e+00
2.003703e+00	1.794939e+00	1.572636e+00	1.387608e+00	1.200714e+00	1.161038e+00
1.131415e+00	1.127478e+00	1.122763e+00	1.122004e+00	1.122140e+00	1.124037e+00
1.329879e+01	1.247899e+01	1.173312e+01	1.111499e+01	1.058070e+01	9.598018e+00
8.753581e+00	8.010892e+00	7.352382e+00	6.760319e+00	6.219988e+00	5.723333e+00
5.264002e+00	4.834922e+00	4.427589e+00	4.035227e+00	3.654142e+00	3.279117e+00
2.902345e+00	2.510626e+00	2.087979e+00	1.859278e+00	1.613040e+00	1.399265e+00
1.185761e+00	1.137380e+00	1.107171e+00	1.103539e+00	1.097254e+00	1.096016e+00
1.096771e+00	1.099093e+00	1.330041e+01	1.250746e+01	1.179252e+01	1.120452e+01
1.069665e+01	9.749601e+00	8.918999e+00	8.177657e+00	7.514075e+00	6.916654e+00
6.375629e+00	5.882764e+00	5.430024e+00	5.008273e+00	4.606173e+00	4.214926e+00
3.830740e+00	3.448361e+00	3.058981e+00	2.646227e+00	2.190309e+00	1.939277e+00
1.667056e+00	1.428531e+00	1.175477e+00	1.115086e+00	1.085477e+00	1.082848e+00
1.074613e+00	1.072661e+00	1.074414e+00	1.076846e+00	1.331610e+01	1.254165e+01
1.184315e+01	1.127540e+01	1.078850e+01	9.873105e+00	9.061604e+00	8.331701e+00
7.674439e+00	7.080969e+00	6.544081e+00	6.055966e+00	5.608209e+00	5.190990e+00
4.791954e+00	4.401442e+00	4.015284e+00	3.627603e+00	3.227987e+00	2.796257e+00
2.307529e+00	2.032902e+00	1.730815e+00	1.463507e+00	1.170892e+00	1.097424e+00
1.066103e+00	1.064006e+00	1.054031e+00	1.051485e+00	1.054060e+00	1.056158e+00
1.334768e+01	1.257352e+01	1.188258e+01	1.133019e+01	1.086131e+01	9.974466e+00
9.185094e+00	8.473306e+00	7.830820e+00	7.249011e+00	6.720754e+00	6.238699e+00
5.795035e+00	5.380489e+00	4.983235e+00	4.593691e+00	4.207073e+00	3.816415e+00
3.409224e+00	2.961113e+00	2.440953e+00	2.141995e+00	1.806565e+00	1.506104e+00
1.169728e+00	1.083625e+00	1.048826e+00	1.046852e+00	1.035162e+00	1.032115e+00
1.035504e+00	1.036800e+00	1.335786e+01	1.258912e+01	1.190839e+01	1.137384e+01
1.092502e+01	1.006763e+01	9.301494e+00	8.608285e+00	7.980760e+00	7.410939e+00
6.892240e+00	6.417809e+00	5.980259e+00	5.570701e+00	5.177570e+00	4.791215e+00
4.406280e+00	4.014734e+00	3.601915e+00	3.138912e+00	2.587823e+00	2.264135e+00
1.894556e+00	1.558507e+00	1.174670e+00	1.074799e+00	1.032589e+00	1.030540e+00
1.018250e+00	1.014886e+00	1.017983e+00	1.018571e+00	1.335629e+01	1.259529e+01
1.192651e+01	1.141182e+01	1.098470e+01	1.015807e+01	9.416613e+00	8.743131e+00
8.131430e+00	7.574222e+00	7.065620e+00	6.599325e+00	6.168505e+00	5.764823e+00
5.377284e+00	4.996302e+00	4.615809e+00	4.226355e+00	3.810396e+00	3.332830e+00
2.747706e+00	2.396857e+00	1.991146e+00	1.619399e+00	1.193833e+00	1.078384e+00
1.012068e+00	1.010273e+00	1.006980e+00	1.004091e+00	9.982938e-01	1.002056e+00
1.335272e+01	1.259756e+01	1.194037e+01	1.144498e+01	1.103893e+01	1.024232e+01
9.525444e+00	8.872036e+00	8.276805e+00	7.733111e+00	7.235692e+00	6.778777e+00
6.356061e+00	5.959733e+00	5.579334e+00	5.205378e+00	4.831170e+00	4.445890e+00
4.029163e+00	3.539584e+00	2.922400e+00	2.544522e+00	2.101404e+00	1.690755e+00
1.218463e+00	1.083830e+00	9.962596e-01	9.937486e-01	9.957000e-01	9.930138e-01
9.812405e-01	9.870619e-01	1.334713e+01	1.259832e+01	1.195182e+01	1.147412e+01
1.108712e+01	1.031792e+01	9.624099e+00	8.990197e+00	8.411606e+00	7.882235e+00
7.397274e+00	6.951373e+00	6.538633e+00	6.151602e+00	5.780121e+00	5.414750e+00
5.048380e+00	4.669169e+00	4.254548e+00	3.757957e+00	3.115486e+00	2.713075e+00
2.232054e+00	1.777373e+00	1.245602e+00	1.091092e+00	9.873719e-01	9.827019e-01
9.832019e-01	9.802419e-01	9.681419e-01	9.737569e-01	1.336325e+01	1.261551e+01
1.197770e+01	1.151115e+01	1.113652e+01	1.038616e+01	9.709520e+00	9.091800e+00
8.528558e+00	8.013882e+00	7.543069e+00	7.110828e+00	6.711209e+00	6.336536e+00
5.976179e+00	5.620323e+00	5.261952e+00	4.889317e+00	4.479805e+00	3.986072e+00
3.334319e+00	2.911693e+00	2.386758e+00	1.876687e+00	1.275151e+00	1.101111e+00
9.866203e-01	9.770338e-01	9.696003e-01	9.668416e-01	9.589979e-01	9.618308e-01
1.338774e+01	1.264034e+01	1.200438e+01	1.154601e+01	1.118220e+01	1.044882e+01
9.787988e+00	9.185651e+00	8.637463e+00	8.137661e+00	7.681610e+00	7.264029e+00
6.878831e+00	6.517987e+00	6.170178e+00	5.825079e+00	5.475895e+00	5.111312e+00
4.709394e+00	4.223670e+00	3.570963e+00	3.131306e+00	2.560920e+00	1.989658e+00
1.309294e+00	1.114510e+00	9.861599e-01	9.725295e-01	9.563888e-01	9.539232e-01
9.511568e-01	9.508645e-01	1.338631e+01	1.264096e+01	1.200759e+01	1.156240e+01
1.121333e+01	1.050196e+01	9.859819e+00	9.274507e+00	8.742076e+00	8.257153e+00
7.815353e+00	7.411624e+00	7.040027e+00	6.692619e+00	6.357970e+00	6.025624e+00
5.688691e+00	5.335641e+00	4.943824e+00	4.464597e+00	3.806342e+00	3.351443e+00
2.746191e+00	2.123049e+00	1.356910e+00	1.134579e+00	9.844417e-01	9.664156e-01
9.463341e-01	9.438394e-01	9.429602e-01	9.410068e-01	1.335963e+01	1.262358e+01
1.200222e+01	1.157033e+01	1.123477e+01	1.054652e+01	9.924379e+00	9.356924e+00
8.840509e+00	8.370240e+00	7.942096e+00	7.551420e+00	7.192646e+00	6.858278e+00
6.537273e+00	6.219406e+00	5.897536e+00	5.559433e+00	5.180517e+00	4.707108e+00
4.040177e+00	3.572589e+00	2.944579e+00	2.282962e+00	1.426656e+00	1.168369e+00
9.811816e-01	9.591486e-01	9.386074e-01	9.359322e-01	9.346200e-01	9.323677e-01
1.332926e+01	1.260243e+01	1.199254e+01	1.157275e+01	1.125247e+01	1.058833e+01
9.986418e+00	9.436692e+00	8.935926e+00	8.479760e+00	8.064601e+00	7.686257e+00
7.339689e+00	7.017998e+00	6.710850e+00	6.408432e+00	6.103437e+00	5.782886e+00
5.420045e+00	4.955337e+00	4.281359e+00	3.801304e+00	3.150635e+00	2.452031e+00
1.510159e+00	1.214837e+00	9.822585e-01	9.535586e-01	9.320127e-01	9.292871e-01
9.252905e-01	9.253473e-01	1.329487e+01	1.257752e+01	1.197861e+01	1.157406e+01
1.126775e+01	1.062743e+01	1.004556e+01	9.513343e+00	9.027962e+00	8.585596e+00
8.183099e+00	7.816779e+00	7.482204e+00	7.173164e+00	6.880238e+00	6.594173e+00
6.307602e+00	6.006827e+00	5.662856e+00	5.209564e+00	4.530559e+00	4.039012e+00
3.367305e+00	2.634085e+00	1.609325e+00	1.275773e+00	9.865852e-01	9.488621e-01
9.261291e-01	9.233953e-01	9.156637e-01	9.192303e-01	1.327380e+01	1.256206e+01
1.197076e+01	1.157611e+01	1.128117e+01	1.065922e+01	1.009351e+01	9.576225e+00
9.104770e+00	8.675674e+00	8.286038e+00	7.932503e+00	7.610994e+00	7.315710e+00
7.037736e+00	6.768219e+00	6.500004e+00	6.219330e+00	5.896288e+00	5.460999e+00
4.789135e+00	4.292357e+00	3.602757e+00	2.833026e+00	1.715953e+00	1.340330e+00
9.931143e-01	9.479178e-01	9.199233e-01	9.170843e-01	9.089011e-01	9.135165e-01
1.326277e+01	1.255351e+01	1.196707e+01	1.157982e+01	1.129238e+01	1.068337e+01
1.012983e+01	9.624592e+00	9.165173e+00	8.748332e+00	8.371284e+00	8.030884e+00
7.723179e+00	7.442476e+00	7.179862e+00	6.926626e+00	6.676062e+00	6.415076e+00
6.114480e+00	5.704565e+00	5.056061e+00	4.563410e+00	3.860929e+00	3.052167e+00
1.830666e+00	1.408667e+00	1.007336e+00	9.510539e-01	9.131648e-01	9.100852e-01
9.045785e-01	9.082034e-01	1.325681e+01	1.255102e+01	1.196797e+01	1.158600e+01
1.130523e+01	1.070716e+01	1.016416e+01	9.669740e+00	9.221428e+00	8.816158e+00
8.451201e+00	8.123506e+00	7.829219e+00	7.562638e+00	7.314795e+00	7.077142e+00
6.843859e+00	6.603196e+00	6.327377e+00	5.946859e+00	5.327319e+00	4.842259e+00
4.130665e+00	3.285782e+00	1.959641e+00	1.487391e+00	1.026414e+00	9.571855e-01
9.069621e-01	9.033192e-01	9.014278e-01	9.038205e-01	1.324959e+01	1.254867e+01
1.197102e+01	1.159586e+01	1.132137e+01	1.073395e+01	1.020055e+01	9.715292e+00
9.275893e+00	8.879689e+00	8.524405e+00	8.207297e+00	7.924842e+00	7.671699e+00
7.439289e+00	7.219158e+00	7.005186e+00	6.784708e+00	6.530166e+00	6.176075e+00
5.590682e+00	5.122401e+00	4.417398e+00	3.547811e+00	2.108731e+00	1.576646e+00
1.044456e+00	9.633138e-01	9.044371e-01	9.004722e-01	8.992267e-01	9.002311e-01
1.322509e+01	1.253743e+01	1.197209e+01	1.160729e+01	1.134135e+01	1.076733e+01
1.024336e+01	9.764832e+00	9.330494e+00	8.938825e+00	8.588791e+00	8.278399e+00
8.004849e+00	7.763979e+00	7.548731e+00	7.351049e+00	7.161714e+00	6.960968e+00
6.717755e+00	6.379149e+00	5.830777e+00	5.393793e+00	4.726913e+00	3.859547e+00
2.285599e+00	1.673764e+00	1.054002e+00	9.649178e-01	9.090608e-01	9.057479e-01
8.976212e-01	8.972176e-01	1.321583e+01	1.253430e+01	1.197458e+01	1.161444e+01
1.135256e+01	1.078686e+01	1.027109e+01	9.801041e+00	9.375092e+00	8.991527e+00
8.649151e+00	8.346348e+00	8.081060e+00	7.850124e+00	7.647986e+00	7.467733e+00
7.299992e+00	7.123774e+00	6.907102e+00	6.598094e+00	6.081440e+00	5.660182e+00
5.008945e+00	4.141532e+00	2.481002e+00	1.791461e+00	1.079492e+00	9.776505e-01
9.087943e-01	9.035739e-01	8.949305e-01	8.946614e-01	1.320722e+01	1.253202e+01
1.197797e+01	1.162191e+01	1.136348e+01	1.080488e+01	1.029619e+01	9.833449e+00
9.414920e+00	9.038822e+00	8.703836e+00	8.408592e+00	8.151523e+00	7.930127e+00
7.739861e+00	7.574757e+00	7.426058e+00	7.273254e+00	7.084910e+00	6.809287e+00
6.328304e+00	5.924243e+00	5.289740e+00	4.426407e+00	2.692138e+00	1.924826e+00
1.112381e+00	9.950318e-01	9.088085e-01	9.014383e-01	8.922390e-01	8.924222e-01
1.319769e+01	1.253016e+01	1.198248e+01	1.163072e+01	1.137542e+01	1.082294e+01
1.032005e+01	9.862890e+00	9.449986e+00	9.079825e+00	8.751287e+00	8.463213e+00
8.214254e+00	8.002169e+00	7.822761e+00	7.670582e+00	7.537896e+00	7.405639e+00
7.243944e+00	7.002301e+00	6.562638e+00	6.181192e+00	5.569118e+00	4.715282e+00
2.917476e+00	2.076154e+00	1.151906e+00	1.015071e+00	9.100837e-01	9.003636e-01
8.901137e-01	8.905106e-01	1.318870e+01	1.252898e+01	1.198777e+01	1.164002e+01
1.138754e+01	1.084054e+01	1.034218e+01	9.889321e+00	9.480642e+00	9.115142e+00
8.792026e+00	8.510354e+00	8.268874e+00	8.065468e+00	7.895909e+00	7.755087e+00
7.636522e+00	7.523285e+00	7.387573e+00	7.179185e+00	6.782996e+00	6.428132e+00
5.840866e+00	4.999403e+00	3.156874e+00	2.249796e+00	1.198455e+00	1.037714e+00
9.123757e-01	9.008074e-01	8.894601e-01	8.888553e-01	1.317913e+01	1.252785e+01
1.199341e+01	1.164940e+01	1.139923e+01	1.085707e+01	1.036256e+01	9.913357e+00
9.508309e+00	9.146940e+00	8.828784e+00	8.553074e+00	8.318590e+00	8.123282e+00
7.962851e+00	7.832516e+00	7.727055e+00	7.631769e+00	7.521193e+00	7.345998e+00
6.995354e+00	6.669496e+00	6.109875e+00	5.285101e+00	3.411920e+00	2.442677e+00
1.251652e+00	1.063652e+00	9.158237e-01	9.018072e-01	8.889789e-01	8.873769e-01
1.316623e+01	1.252554e+01	1.199882e+01	1.165808e+01	1.140903e+01	1.087046e+01
1.037919e+01	9.933193e+00	9.531597e+00	9.174249e+00	8.860876e+00	8.590685e+00
8.362341e+00	8.173842e+00	8.021347e+00	7.900682e+00	7.807479e+00	7.728340e+00
7.640163e+00	7.498086e+00	7.195342e+00	6.898575e+00	6.369542e+00	5.569197e+00
3.682102e+00	2.647709e+00	1.312226e+00	1.096099e+00	9.202988e-01	9.030898e-01
8.877939e-01	8.861501e-01	1.314743e+01	1.252039e+01	1.200369e+01	1.166598e+01
1.141703e+01	1.088115e+01	1.039258e+01	9.949361e+00	9.550910e+00	9.197271e+00
8.888264e+00	8.622967e+00	8.399864e+00	8.217012e+00	8.071293e+00	7.959271e+00
7.877162e+00	7.812265e+00	7.743758e+00	7.633325e+00	7.378745e+00	7.111065e+00
6.615574e+00	5.847210e+00	3.964850e+00	2.865781e+00	1.383731e+00	1.138529e+00
9.269194e-01	9.049496e-01	8.859423e-01	8.851516e-01	1.311868e+01	1.251062e+01
1.200568e+01	1.167208e+01	1.142233e+01	1.088946e+01	1.040378e+01	9.963578e+00
9.568234e+00	9.217791e+00	8.912075e+00	8.650356e+00	8.431424e+00	8.253632e+00
8.114031e+00	8.009559e+00	7.937176e+00	7.885450e+00	7.835347e+00	7.751182e+00
7.538187e+00	7.302535e+00	6.850473e+00	6.124495e+00	4.248161e+00	3.094418e+00
1.468194e+00	1.188586e+00	9.352788e-01	9.063503e-01	8.858784e-01	8.843024e-01
1.307951e+01	1.249507e+01	1.200691e+01	1.167734e+01	1.142648e+01	1.089650e+01
1.041365e+01	9.976449e+00	9.584094e+00	9.236526e+00	8.933543e+00	8.674745e+00
8.459399e+00	8.286233e+00	8.152259e+00	8.054646e+00	7.991130e+00	7.951736e+00
7.919012e+00	7.858363e+00	7.683720e+00	7.481294e+00	7.078071e+00	6.401967e+00
4.537220e+00	3.336042e+00	1.565915e+00	1.246932e+00	9.456401e-01	9.076235e-01
8.860013e-01	8.835531e-01	1.303857e+01	1.247928e+01	1.200863e+01	1.168330e+01
1.143100e+01	1.090354e+01	1.042311e+01	9.988363e+00	9.598412e+00	9.253225e+00
8.952679e+00	8.696581e+00	8.484493e+00	8.315416e+00	8.186372e+00	8.094758e+00
8.039033e+00	8.010499e+00	7.993442e+00	7.955600e+00	7.819016e+00	7.648064e+00
7.290287e+00	6.664266e+00	4.834130e+00	3.594305e+00	1.673995e+00	1.311923e+00
9.578655e-01	9.099360e-01	8.862963e-01	8.829638e-01	1.299463e+01	1.246304e+01
1.201128e+01	1.169041e+01	1.143611e+01	1.091070e+01	1.043229e+01	9.999409e+00
9.611226e+00	9.267870e+00	8.969400e+00	8.715723e+00	8.506543e+00	8.341024e+00
8.216194e+00	8.129631e+00	8.080462e+00	8.061102e+00	8.057693e+00	8.041461e+00
7.942105e+00	7.800312e+00	7.482797e+00	6.904411e+00	5.135223e+00	3.870364e+00
1.795433e+00	1.386176e+00	9.734362e-01	9.156649e-01	8.877555e-01	8.825336e-01
1.295234e+01	1.244757e+01	1.201410e+01	1.169740e+01	1.144080e+01	1.091647e+01
1.043885e+01	1.000700e+01	9.620372e+00	9.278965e+00	8.982976e+00	8.732046e+00
8.525374e+00	8.362154e+00	8.240377e+00	8.158465e+00	8.115860e+00	8.105303e+00
8.114519e+00	8.120115e+00	8.054659e+00	7.935292e+00	7.655439e+00	7.134026e+00
5.444585e+00	4.148115e+00	1.929542e+00	1.471767e+00	9.915212e-01	9.217768e-01
8.909364e-01	8.820763e-01	1.291170e+01	1.243204e+01	1.201549e+01	1.170266e+01
1.144378e+01	1.092017e+01	1.044299e+01	1.001203e+01	9.626833e+00	9.287211e+00
8.993342e+00	8.744715e+00	8.540316e+00	8.379321e+00	8.260390e+00	8.182601e+00
8.145679e+00	8.142700e+00	8.162799e+00	8.187289e+00	8.153607e+00	8.057076e+00
7.814050e+00	7.343197e+00	5.739396e+00	4.440644e+00	2.081304e+00	1.566736e+00
1.012724e+00	9.304168e-01	8.932917e-01	8.815853e-01	1.287369e+01	1.241590e+01
1.201434e+01	1.170529e+01	1.144479e+01	1.092197e+01	1.044552e+01	1.001579e+01
9.632058e+00	9.293869e+00	9.001108e+00	8.753663e+00	8.551403e+00	8.393695e+00
8.278427e+00	8.204096e+00	8.171000e+00	8.173469e+00	8.202011e+00	8.239077e+00
8.235904e+00	8.171531e+00	7.967802e+00	7.522207e+00	5.990224e+00	4.772894e+00
2.258808e+00	1.664904e+00	1.037600e+00	9.481234e-01	8.899413e-01	8.811534e-01
1.284551e+01	1.240564e+01	1.201616e+01	1.170988e+01	1.144779e+01	1.092585e+01
1.045019e+01	1.002143e+01	9.638876e+00	9.301960e+00	9.010514e+00	8.764491e+00
8.563872e+00	8.408125e+00	8.295205e+00	8.223823e+00	8.194619e+00	8.202554e+00
8.239168e+00	8.289283e+00	8.310098e+00	8.267391e+00	8.101034e+00	7.705496e+00
6.261423e+00	5.072219e+00	2.454511e+00	1.785993e+00	1.068116e+00	9.621196e-01
8.923531e-01	8.810358e-01	1.282194e+01	1.239756e+01	1.201872e+01	1.171474e+01
1.145134e+01	1.093014e+01	1.045528e+01	1.002731e+01	9.645677e+00	9.309795e+00
9.019512e+00	8.774780e+00	8.575559e+00	8.421402e+00	8.310444e+00	8.241640e+00
8.215937e+00	8.228742e+00	8.272535e+00	8.334474e+00	8.376397e+00	8.352545e+00
8.221310e+00	7.877480e+00	6.527999e+00	5.369136e+00	2.667993e+00	1.921685e+00
1.103358e+00	9.780292e-01	8.957480e-01	8.809748e-01	1.280201e+01	1.239088e+01
1.202094e+01	1.171892e+01	1.145430e+01	1.093385e+01	1.045981e+01	1.003257e+01
9.651618e+00	9.316519e+00	9.027164e+00	8.783503e+00	8.585496e+00	8.432743e+00
8.323503e+00	8.256897e+00	8.234155e+00	8.251027e+00	8.300861e+00	8.372857e+00
8.433203e+00	8.426152e+00	8.326723e+00	8.030488e+00	6.778219e+00	5.663352e+00
2.899132e+00	2.072080e+00	1.145009e+00	9.984087e-01	8.996142e-01	8.809355e-01
1.278236e+01	1.238321e+01	1.202081e+01	1.172080e+01	1.145465e+01	1.093533e+01
1.046230e+01	1.003585e+01	9.655490e+00	9.321024e+00	9.032435e+00	8.789695e+00
8.592741e+00	8.441204e+00	8.333445e+00	8.268743e+00	8.248501e+00	8.268779e+00
8.323671e+00	8.404283e+00	8.480472e+00	8.487975e+00	8.416942e+00	8.165437e+00
7.012653e+00	5.948962e+00	3.146060e+00	2.239234e+00	1.193686e+00	1.023253e+00
9.042873e-01	8.808015e-01	1.276329e+01	1.237518e+01	1.202046e+01	1.172199e+01
1.145484e+01	1.093626e+01	1.046397e+01	1.003818e+01	9.658367e+00	9.324468e+00
9.036557e+00	8.794642e+00	8.598638e+00	8.448199e+00	8.341777e+00	8.278794e+00
8.260785e+00	8.284090e+00	8.343484e+00	8.431837e+00	8.522342e+00	8.543076e+00
8.498233e+00	8.289458e+00	7.238171e+00	6.231391e+00	3.409614e+00	2.423202e+00
1.248902e+00	1.052158e+00	9.096666e-01	8.805769e-01	1.274477e+01	1.236678e+01
1.201933e+01	1.172191e+01	1.145432e+01	1.093604e+01	1.046409e+01	1.003875e+01
9.659538e+00	9.326206e+00	9.038920e+00	8.797742e+00	8.602616e+00	8.453210e+00
8.348025e+00	8.286543e+00	8.270454e+00	8.296380e+00	8.359766e+00	8.454900e+00
8.557710e+00	8.589925e+00	8.568568e+00	8.400568e+00	7.449759e+00	6.501410e+00
3.686419e+00	2.625999e+00	1.311741e+00	1.085579e+00	9.158181e-01	8.802485e-01
1.272744e+01	1.235843e+01	1.201688e+01	1.172111e+01	1.145255e+01	1.093490e+01
1.046373e+01	1.003891e+01	9.660086e+00	9.327176e+00	9.040380e+00	8.799794e+00
8.605392e+00	8.456848e+00	8.352711e+00	8.292511e+00	8.278060e+00	8.306186e+00
8.372899e+00	8.473717e+00	8.587153e+00	8.629339e+00	8.627967e+00	8.495965e+00
7.644086e+00	6.757752e+00	3.972992e+00	2.848002e+00	1.385488e+00	1.126532e+00
9.232854e-01	8.798296e-01	1.271300e+01	1.235279e+01	1.201692e+01	1.172162e+01
1.145280e+01	1.093548e+01	1.046448e+01	1.004005e+01	9.661757e+00	9.329180e+00
9.042903e+00	8.802880e+00	8.608892e+00	8.460674e+00	8.357369e+00	8.299343e+00
8.287044e+00	8.316845e+00	8.383769e+00	8.488075e+00	8.614923e+00	8.670425e+00
8.679664e+00	8.561194e+00	7.822880e+00	7.044222e+00	4.253131e+00	3.064902e+00
1.470696e+00	1.180232e+00	9.326038e-01	8.798590e-01	1.270055e+01	1.234834e+01
1.201756e+01	1.172343e+01	1.145381e+01	1.093701e+01	1.046633e+01	1.004225e+01
9.664279e+00	9.331945e+00	9.046161e+00	8.806617e+00	8.612768e+00	8.464509e+00
8.361824e+00	8.306054e+00	8.296015e+00	8.327241e+00	8.393446e+00	8.500344e+00
8.641026e+00	8.710421e+00	8.726088e+00	8.613420e+00	7.991488e+00	7.343339e+00
4.535052e+00	3.285856e+00	1.567783e+00	1.246035e+00	9.437524e-01	8.800170e-01
1.269808e+01	1.234810e+01	1.201916e+01	1.172573e+01	1.145471e+01	1.093732e+01
1.046672e+01	1.004281e+01	9.665239e+00	9.333949e+00	9.048935e+00	8.810029e+00
8.616660e+00	8.468606e+00	8.365592e+00	8.307800e+00	8.297952e+00	8.331752e+00
8.406158e+00	8.518670e+00	8.663729e+00	8.734283e+00	8.763446e+00	8.676967e+00
8.147941e+00	7.552458e+00	4.837813e+00	3.544482e+00	1.674946e+00	1.311726e+00
9.563700e-01	8.802089e-01	1.270445e+01	1.235556e+01	1.202567e+01	1.172928e+01
1.145542e+01	1.093569e+01	1.046488e+01	1.004168e+01	9.665358e+00	9.335139e+00
9.051106e+00	8.813026e+00	8.620608e+00	8.473144e+00	8.368571e+00	8.307266e+00
8.293704e+00	8.332925e+00	8.425024e+00	8.551080e+00	8.682832e+00	8.745780e+00
8.791578e+00	8.760863e+00	8.290027e+00	7.675877e+00	5.166544e+00	3.862049e+00
1.794534e+00	1.374695e+00	9.713677e-01	8.804862e-01	1.270373e+01	1.235663e+01
1.202881e+01	1.173220e+01	1.145692e+01	1.093638e+01	1.046553e+01	1.004260e+01
9.666727e+00	9.337385e+00	9.053870e+00	8.816188e+00	8.624226e+00	8.477138e+00
8.372220e+00	8.309002e+00	8.294977e+00	8.336672e+00	8.436111e+00	8.567479e+00
8.699020e+00	8.761938e+00	8.820139e+00	8.819776e+00	8.413786e+00	7.831253e+00
5.478082e+00	4.163464e+00	1.937162e+00	1.454322e+00	9.891163e-01	8.802250e-01
1.269683e+01	1.235475e+01	1.202954e+01	1.173341e+01	1.145807e+01	1.093794e+01
1.046712e+01	1.004439e+01	9.668612e+00	9.339156e+00	9.055745e+00	8.818218e+00
8.626449e+00	8.479639e+00	8.375244e+00	8.313259e+00	8.300052e+00	8.342483e+00
8.442346e+00	8.575693e+00	8.712032e+00	8.780351e+00	8.846666e+00	8.861217e+00
8.520495e+00	8.007288e+00	5.771569e+00	4.450765e+00	2.104611e+00	1.553396e+00
1.010414e+00	8.797792e-01	1.268859e+01	1.235039e+01	1.202804e+01	1.173264e+01
1.145717e+01	1.093731e+01	1.046671e+01	1.004411e+01	9.668522e+00	9.339237e+00
9.055998e+00	8.818658e+00	8.627091e+00	8.480545e+00	8.376542e+00	8.315076e+00
8.302522e+00	8.345686e+00	8.445834e+00	8.580724e+00	8.721458e+00	8.794058e+00
8.867870e+00	8.896377e+00	8.613195e+00	8.157952e+00	6.056744e+00	4.745677e+00
2.287959e+00	1.666579e+00	1.035759e+00	8.802400e-01	1.267027e+01	1.234103e+01
1.202581e+01	1.173446e+01	1.146093e+01	1.094316e+01	1.047274e+01	1.004944e+01
9.672886e+00	9.342601e+00	9.058556e+00	8.820704e+00	8.629005e+00	8.483122e+00
8.381619e+00	8.324637e+00	8.315835e+00	8.355725e+00	8.443698e+00	8.572183e+00
8.727550e+00	8.811522e+00	8.894210e+00	8.929936e+00	8.693593e+00	8.297460e+00
6.334933e+00	5.044175e+00	2.487850e+00	1.805335e+00	1.065833e+00	8.800792e-01
1.266092e+01	1.233649e+01	1.202487e+01	1.173528e+01	1.146258e+01	1.094629e+01
1.047651e+01	1.005308e+01	9.675856e+00	9.344785e+00	9.060166e+00	8.822066e+00
8.630436e+00	8.485105e+00	8.385108e+00	8.330506e+00	8.323623e+00	8.362110e+00
8.443120e+00	8.568874e+00	8.733696e+00	8.825138e+00	8.914245e+00	8.957930e+00
8.766628e+00	8.421264e+00	6.602290e+00	5.345049e+00	2.703364e+00	1.958037e+00
1.100772e+00	8.800147e-01	1.265881e+01	1.233562e+01	1.202473e+01	1.173524e+01
1.146227e+01	1.094662e+01	1.047729e+01	1.005406e+01	9.676647e+00	9.345303e+00
9.060572e+00	8.822534e+00	8.631130e+00	8.486128e+00	8.386440e+00	8.332094e+00
8.325452e+00	8.364303e+00	8.446747e+00	8.573823e+00	8.740641e+00	8.834027e+00
8.926924e+00	8.979849e+00	8.832747e+00	8.527560e+00	6.854283e+00	5.644789e+00
2.934436e+00	2.121695e+00	1.142175e+00	8.800878e-01	