3.863995e-01	3.990288e-01	4.117842e-01	4.246219e-01	4.375195e-01	4.633873e-01
4.892272e-01	5.149545e-01	5.406603e-01	5.665272e-01	5.930042e-01	6.201177e-01
6.475940e-01	6.752489e-01	7.028617e-01	7.300962e-01	7.566712e-01	7.826247e-01
8.065212e-01	8.223907e-01	8.247511e-01	8.252143e-01	8.385712e-01	8.646200e-01
8.937519e-01	8.991428e-01	9.065559e-01	9.077227e-01	9.083388e-01	9.085705e-01
9.082189e-01	9.045287e-01	4.287183e-01	4.422218e-01	4.558450e-01	4.695404e-01
4.832860e-01	5.108209e-01	5.382812e-01	5.655760e-01	5.927949e-01	6.201207e-01
6.480083e-01	6.764781e-01	7.052468e-01	7.341321e-01	7.629324e-01	7.913305e-01
8.190468e-01	8.461265e-01	8.711277e-01	8.880381e-01	8.913239e-01	8.922356e-01
9.061715e-01	9.328297e-01	9.626753e-01	9.682583e-01	9.758173e-01	9.770003e-01
9.776331e-01	9.778671e-01	9.775166e-01	9.738408e-01	4.756719e-01	4.900902e-01
5.046203e-01	5.192107e-01	5.338400e-01	5.631101e-01	5.922537e-01	6.211736e-01
6.499567e-01	6.787842e-01	7.081142e-01	7.379609e-01	7.680323e-01	7.981500e-01
8.281370e-01	8.577006e-01	8.865642e-01	9.147808e-01	9.409094e-01	9.589259e-01
9.632703e-01	9.647001e-01	9.792214e-01	1.006420e+00	1.036914e+00	1.042687e+00
1.050370e+00	1.051565e+00	1.052214e+00	1.052449e+00	1.052102e+00	1.048464e+00
5.277679e-01	5.431402e-01	5.586144e-01	5.741354e-01	5.896821e-01	6.207517e-01
6.516380e-01	6.822367e-01	7.126305e-01	7.429973e-01	7.737953e-01	8.050316e-01
8.364074e-01	8.677504e-01	8.989144e-01	9.296373e-01	9.596474e-01	9.890058e-01
1.016281e+00	1.035472e+00	1.041024e+00	1.043050e+00	1.058160e+00	1.085817e+00
1.116878e+00	1.122836e+00	1.130619e+00	1.131821e+00	1.132484e+00	1.132719e+00
1.132378e+00	1.128806e+00	5.855695e-01	6.019325e-01	6.183860e-01	6.348702e-01
6.513656e-01	6.842937e-01	7.169766e-01	7.493024e-01	7.813478e-01	8.132849e-01
8.455687e-01	8.781982e-01	9.108696e-01	9.434201e-01	9.757409e-01	1.007607e+00
1.038755e+00	1.069253e+00	1.097690e+00	1.118129e+00	1.125054e+00	1.127763e+00
1.143462e+00	1.171477e+00	1.203008e+00	1.209146e+00	1.217000e+00	1.218202e+00
1.218877e+00	1.219112e+00	1.218779e+00	1.215304e+00	6.497017e-01	6.670889e-01
6.845531e-01	7.020298e-01	7.195015e-01	7.543400e-01	7.888666e-01	8.229609e-01
8.566913e-01	8.902218e-01	9.239993e-01	9.580147e-01	9.919609e-01	1.025688e+00
1.059133e+00	1.092117e+00	1.124384e+00	1.156012e+00	1.185621e+00	1.207384e+00
1.215867e+00	1.219356e+00	1.235641e+00	1.263894e+00	1.295780e+00	1.302091e+00
1.309979e+00	1.311175e+00	1.311861e+00	1.312093e+00	1.311772e+00	1.308430e+00
7.208576e-01	7.392981e-01	7.578000e-01	7.762940e-01	7.947647e-01	8.315564e-01
8.679649e-01	9.038602e-01	9.393000e-01	9.744369e-01	1.009705e+00	1.045085e+00
1.080271e+00	1.115131e+00	1.149653e+00	1.183715e+00	1.217072e+00	1.249810e+00
1.280595e+00	1.303764e+00	1.314010e+00	1.318389e+00	1.335251e+00	1.363603e+00
1.395707e+00	1.402181e+00	1.410062e+00	1.411244e+00	1.411939e+00	1.412166e+00
1.411861e+00	1.408692e+00	7.998065e-01	8.193237e-01	8.388843e-01	8.584141e-01
8.779008e-01	9.166770e-01	9.549942e-01	9.927121e-01	1.029874e+00	1.066619e+00
1.103360e+00	1.140070e+00	1.176444e+00	1.212372e+00	1.247909e+00	1.282995e+00
1.317400e+00	1.351219e+00	1.383177e+00	1.407837e+00	1.420075e+00	1.425464e+00
1.442890e+00	1.471177e+00	1.503339e+00	1.509964e+00	1.517792e+00	1.518951e+00
1.519651e+00	1.519872e+00	1.519587e+00	1.516637e+00	8.874021e-01	9.080116e-01
9.286447e-01	9.492213e-01	9.697333e-01	1.010511e+00	1.050750e+00	1.090298e+00
1.129183e+00	1.167521e+00	1.205702e+00	1.243687e+00	1.281178e+00	1.318094e+00
1.354563e+00	1.390601e+00	1.425999e+00	1.460857e+00	1.493977e+00	1.520218e+00
1.534702e+00	1.541236e+00	1.559207e+00	1.587238e+00	1.619272e+00	1.626032e+00
1.633752e+00	1.634877e+00	1.635581e+00	1.635793e+00	1.635532e+00	1.632854e+00
9.845912e-01	1.006300e+00	1.028009e+00	1.049635e+00	1.071172e+00	1.113950e+00
1.156107e+00	1.197478e+00	1.238067e+00	1.277969e+00	1.317537e+00	1.356721e+00
1.395237e+00	1.433034e+00	1.470332e+00	1.507233e+00	1.543550e+00	1.579390e+00
1.613652e+00	1.641569e+00	1.658581e+00	1.666410e+00	1.684901e+00	1.712455e+00
1.744146e+00	1.751022e+00	1.758572e+00	1.759652e+00	1.760354e+00	1.760554e+00
1.760325e+00	1.757976e+00	1.092424e+00	1.115227e+00	1.138006e+00	1.160670e+00
1.183221e+00	1.227977e+00	1.272028e+00	1.315193e+00	1.357451e+00	1.398865e+00
1.439745e+00	1.480029e+00	1.519450e+00	1.557998e+00	1.595995e+00	1.633647e+00
1.670791e+00	1.707541e+00	1.742913e+00	1.772608e+00	1.792459e+00	1.801750e+00
1.820727e+00	1.847550e+00	1.878649e+00	1.885620e+00	1.892928e+00	1.893949e+00
1.894646e+00	1.894832e+00	1.894638e+00	1.892685e+00	1.212068e+00	1.235945e+00
1.259772e+00	1.283451e+00	1.306992e+00	1.353676e+00	1.399572e+00	1.444480e+00
1.488347e+00	1.531197e+00	1.573288e+00	1.614544e+00	1.654720e+00	1.693859e+00
1.732398e+00	1.770664e+00	1.808521e+00	1.846090e+00	1.882529e+00	1.914106e+00
1.937144e+00	1.948083e+00	1.967502e+00	1.993303e+00	2.023525e+00	2.030564e+00
2.037549e+00	2.038495e+00	2.039182e+00	2.039351e+00	2.039200e+00	2.037718e+00
1.344815e+00	1.369730e+00	1.394567e+00	1.419221e+00	1.443709e+00	1.492242e+00
1.539904e+00	1.586476e+00	1.631865e+00	1.676049e+00	1.719219e+00	1.761284e+00
1.802034e+00	1.841567e+00	1.880458e+00	1.919172e+00	1.957605e+00	1.995881e+00
2.033330e+00	2.066900e+00	2.093508e+00	2.106300e+00	2.126110e+00	2.150554e+00
2.179573e+00	2.186650e+00	2.193219e+00	2.194074e+00	2.194745e+00	2.194892e+00
2.194792e+00	2.193864e+00	1.492100e+00	1.517997e+00	1.543786e+00	1.569353e+00
1.594728e+00	1.644993e+00	1.694308e+00	1.742431e+00	1.789222e+00	1.834603e+00
1.878685e+00	1.921361e+00	1.962462e+00	2.002156e+00	2.041173e+00	2.080136e+00
2.118979e+00	2.157826e+00	2.196210e+00	2.231891e+00	2.262493e+00	2.277367e+00
2.297504e+00	2.320211e+00	2.347655e+00	2.354734e+00	2.360783e+00	2.361526e+00
2.362175e+00	2.362296e+00	2.362256e+00	2.361975e+00	1.655516e+00	1.682313e+00
1.708970e+00	1.735367e+00	1.761544e+00	1.813379e+00	1.864193e+00	1.913717e+00
1.961752e+00	2.008157e+00	2.052942e+00	2.095987e+00	2.137173e+00	2.176748e+00
2.215624e+00	2.254600e+00	2.293655e+00	2.332911e+00	2.372137e+00	2.410052e+00
2.445118e+00	2.462327e+00	2.482714e+00	2.503252e+00	2.528699e+00	2.535738e+00
2.541148e+00	2.541758e+00	2.542378e+00	2.542468e+00	2.542498e+00	2.542968e+00
1.838086e+00	1.865431e+00	1.892631e+00	1.919578e+00	1.946324e+00	1.999391e+00
2.051537e+00	2.102442e+00	2.151800e+00	2.199322e+00	2.244798e+00	2.288062e+00
2.329059e+00	2.368154e+00	2.406518e+00	2.445200e+00	2.484223e+00	2.523677e+00
2.563646e+00	2.604245e+00	2.645206e+00	2.665538e+00	2.686062e+00	2.703377e+00
2.726126e+00	2.733212e+00	2.737734e+00	2.738151e+00	2.738740e+00	2.738787e+00
2.738925e+00	2.740417e+00	2.039772e+00	2.067659e+00	2.095381e+00	2.122830e+00
2.150071e+00	2.204171e+00	2.257367e+00	2.309296e+00	2.359554e+00	2.407732e+00
2.453438e+00	2.496482e+00	2.536883e+00	2.575129e+00	2.612642e+00	2.650723e+00
2.689444e+00	2.728877e+00	2.769442e+00	2.812657e+00	2.859519e+00	2.882968e+00
2.903533e+00	2.917417e+00	2.937061e+00	2.944053e+00	2.947609e+00	2.947828e+00
2.948371e+00	2.948373e+00	2.948614e+00	2.951163e+00	2.256898e+00	2.286584e+00
2.315923e+00	2.344681e+00	2.372956e+00	2.428468e+00	2.482162e+00	2.533735e+00
2.582926e+00	2.629622e+00	2.673838e+00	2.715507e+00	2.754738e+00	2.791997e+00
2.828676e+00	2.866066e+00	2.904342e+00	2.943731e+00	2.984827e+00	3.029163e+00
3.077545e+00	3.101668e+00	3.122329e+00	3.135356e+00	3.152454e+00	3.158488e+00
3.161549e+00	3.161736e+00	3.162187e+00	3.162176e+00	3.162371e+00	3.165334e+00
2.489114e+00	2.522053e+00	2.554295e+00	2.585324e+00	2.615282e+00	2.672695e+00
2.726277e+00	2.775925e+00	2.821826e+00	2.864656e+00	2.905458e+00	2.944430e+00
2.981757e+00	3.017739e+00	3.053448e+00	3.089919e+00	3.127460e+00	3.166599e+00
3.207909e+00	3.251567e+00	3.296938e+00	3.319336e+00	3.340079e+00	3.354682e+00
3.369936e+00	3.374248e+00	3.377290e+00	3.377607e+00	3.377926e+00	3.377933e+00
3.377945e+00	3.380590e+00	2.736593e+00	2.772302e+00	2.807040e+00	2.840075e+00
2.871585e+00	2.930907e+00	2.984626e+00	3.032653e+00	3.075469e+00	3.114356e+00
3.151140e+00	3.186268e+00	3.220038e+00	3.252808e+00	3.285674e+00	3.319666e+00
3.355056e+00	3.392150e+00	3.431298e+00	3.472752e+00	3.516128e+00	3.537725e+00
3.557809e+00	3.571904e+00	3.585821e+00	3.589344e+00	3.592120e+00	3.592448e+00
3.592710e+00	3.592725e+00	3.592706e+00	3.594426e+00	3.001461e+00	3.039866e+00
3.077038e+00	3.112030e+00	3.145059e+00	3.206236e+00	3.260000e+00	3.306228e+00
3.345629e+00	3.380035e+00	3.411950e+00	3.442075e+00	3.470853e+00	3.498838e+00
3.527353e+00	3.557565e+00	3.589603e+00	3.623250e+00	3.658521e+00	3.696487e+00
3.737873e+00	3.758904e+00	3.777801e+00	3.790322e+00	3.803224e+00	3.806443e+00
3.808839e+00	3.809120e+00	3.809365e+00	3.809387e+00	3.809416e+00	3.809740e+00
3.281282e+00	3.323690e+00	3.364253e+00	3.401553e+00	3.435924e+00	3.497588e+00
3.549427e+00	3.592269e+00	3.627209e+00	3.656483e+00	3.683092e+00	3.707834e+00
3.731095e+00	3.753461e+00	3.776370e+00	3.801127e+00	3.827908e+00	3.856530e+00
3.887108e+00	3.920864e+00	3.958544e+00	3.977816e+00	3.995047e+00	4.006352e+00
4.017957e+00	4.020830e+00	4.022922e+00	4.023163e+00	4.023381e+00	4.023417e+00
4.023442e+00	4.022300e+00	3.572681e+00	3.621278e+00	3.666848e+00	3.707053e+00
3.742470e+00	3.802379e+00	3.849228e+00	3.886492e+00	3.915856e+00	3.939632e+00
3.960929e+00	3.980349e+00	3.997879e+00	4.013864e+00	4.029683e+00	4.046821e+00
4.065844e+00	4.087533e+00	4.112756e+00	4.141800e+00	4.173727e+00	4.189682e+00
4.204747e+00	4.215500e+00	4.225482e+00	4.227947e+00	4.229860e+00	4.230075e+00
4.230252e+00	4.230314e+00	4.230256e+00	4.227625e+00	3.879206e+00	3.930371e+00
3.978206e+00	4.020154e+00	4.056807e+00	4.117711e+00	4.162967e+00	4.195620e+00
4.217854e+00	4.233002e+00	4.245462e+00	4.256238e+00	4.265503e+00	4.273741e+00
4.282259e+00	4.292433e+00	4.304637e+00	4.319162e+00	4.336494e+00	4.357438e+00
4.382166e+00	4.395269e+00	4.407847e+00	4.416911e+00	4.425289e+00	4.427399e+00
4.429059e+00	4.429233e+00	4.429376e+00	4.429449e+00	4.429422e+00	4.425350e+00
4.197998e+00	4.249511e+00	4.297896e+00	4.340729e+00	4.378481e+00	4.441369e+00
4.486346e+00	4.514314e+00	4.527931e+00	4.532128e+00	4.533288e+00	4.533154e+00
4.532359e+00	4.531704e+00	4.532361e+00	4.535428e+00	4.540771e+00	4.547445e+00
4.554993e+00	4.565535e+00	4.581699e+00	4.591805e+00	4.601411e+00	4.608029e+00
4.614632e+00	4.616361e+00	4.617701e+00	4.617818e+00	4.617929e+00	4.617998e+00
4.618033e+00	4.612801e+00	4.523793e+00	4.578175e+00	4.628785e+00	4.672728e+00
4.710572e+00	4.771279e+00	4.811036e+00	4.831240e+00	4.835197e+00	4.828740e+00
4.819318e+00	4.808972e+00	4.798291e+00	4.788098e+00	4.779369e+00	4.773089e+00
4.769039e+00	4.766069e+00	4.763607e+00	4.763995e+00	4.770369e+00	4.775993e+00
4.781786e+00	4.786009e+00	4.790218e+00	4.791380e+00	4.792337e+00	4.792391e+00
4.792455e+00	4.792515e+00	4.792495e+00	4.786790e+00	4.854925e+00	4.911155e+00
4.963024e+00	5.007181e+00	5.044303e+00	5.101398e+00	5.134605e+00	5.145705e+00
5.138659e+00	5.120265e+00	5.099130e+00	5.077557e+00	5.056133e+00	5.035678e+00
5.016953e+00	5.000742e+00	4.986649e+00	4.973220e+00	4.959660e+00	4.948778e+00
4.944465e+00	4.945199e+00	4.946517e+00	4.947611e+00	4.948873e+00	4.949345e+00
4.949752e+00	4.949746e+00	4.949756e+00	4.949829e+00	4.949840e+00	4.944278e+00
5.193139e+00	5.250240e+00	5.302374e+00	5.345728e+00	5.381117e+00	5.432639e+00
5.457454e+00	5.457785e+00	5.438260e+00	5.406672e+00	5.372749e+00	5.339037e+00
5.306125e+00	5.274780e+00	5.245502e+00	5.218803e+00	5.194080e+00	5.169491e+00
5.143998e+00	5.121029e+00	5.105331e+00	5.100765e+00	5.096922e+00	5.094112e+00
5.091826e+00	5.091438e+00	5.091138e+00	5.091062e+00	5.091007e+00	5.091065e+00
5.091099e+00	5.086527e+00	5.532833e+00	5.589381e+00	5.640350e+00	5.681488e+00
5.713777e+00	5.757176e+00	5.771336e+00	5.758976e+00	5.725387e+00	5.679358e+00
5.631640e+00	5.585001e+00	5.540043e+00	5.497404e+00	5.457275e+00	5.419806e+00
5.384167e+00	5.348028e+00	5.310100e+00	5.274551e+00	5.247042e+00	5.236852e+00
5.227182e+00	5.219662e+00	5.213263e+00	5.211853e+00	5.210693e+00	5.210533e+00
5.210403e+00	5.210413e+00	5.210443e+00	5.207793e+00	5.872628e+00	5.925340e+00
5.972297e+00	6.009085e+00	6.036760e+00	6.070298e+00	6.072894e+00	6.046355e+00
5.996559e+00	5.933727e+00	5.870266e+00	5.809266e+00	5.751485e+00	5.697319e+00
5.646548e+00	5.598780e+00	5.552776e+00	5.505343e+00	5.454600e+00	5.405754e+00
5.366229e+00	5.350690e+00	5.334873e+00	5.321721e+00	5.311002e+00	5.308568e+00
5.306425e+00	5.306156e+00	5.305947e+00	5.305924e+00	5.305960e+00	5.305822e+00
6.216067e+00	6.264493e+00	6.306720e+00	6.337982e+00	6.359508e+00	6.379589e+00
6.366975e+00	6.323562e+00	6.255942e+00	6.175444e+00	6.095677e+00	6.019888e+00
5.948931e+00	5.882853e+00	5.821031e+00	5.762521e+00	5.705747e+00	5.646867e+00
5.583583e+00	5.521896e+00	5.470262e+00	5.448836e+00	5.426398e+00	5.407459e+00
5.392177e+00	5.388626e+00	5.385458e+00	5.385077e+00	5.384787e+00	5.384728e+00
5.384746e+00	5.387460e+00	6.552736e+00	6.604192e+00	6.646572e+00	6.672926e+00
6.685364e+00	6.680074e+00	6.638472e+00	6.570746e+00	6.484399e+00	6.389145e+00
6.296222e+00	6.208012e+00	6.124927e+00	6.046437e+00	5.971854e+00	5.900118e+00
5.830081e+00	5.759026e+00	5.685650e+00	5.615099e+00	5.552021e+00	5.521670e+00
5.490217e+00	5.465336e+00	5.444120e+00	5.438903e+00	5.434539e+00	5.434051e+00
5.433669e+00	5.433532e+00	5.433414e+00	5.440064e+00	6.879181e+00	6.938157e+00
6.983397e+00	7.004394e+00	7.004753e+00	6.964475e+00	6.884299e+00	6.787472e+00
6.681600e+00	6.572845e+00	6.468135e+00	6.368553e+00	6.273858e+00	6.182922e+00
6.095238e+00	6.009860e+00	5.926414e+00	5.843831e+00	5.761985e+00	5.684371e+00
5.610444e+00	5.571193e+00	5.531610e+00	5.501966e+00	5.475705e+00	5.469050e+00
5.463724e+00	5.463157e+00	5.462701e+00	5.462494e+00	5.462240e+00	5.472220e+00
7.214478e+00	7.259607e+00	7.290707e+00	7.298000e+00	7.285479e+00	7.221650e+00
7.118440e+00	6.996768e+00	6.865055e+00	6.731030e+00	6.603510e+00	6.484679e+00
6.374550e+00	6.272055e+00	6.174601e+00	6.079308e+00	5.986858e+00	5.894286e+00
5.799599e+00	5.706339e+00	5.616284e+00	5.572715e+00	5.530804e+00	5.498548e+00
5.470694e+00	5.463669e+00	5.457897e+00	5.457286e+00	5.456806e+00	5.456585e+00
5.456322e+00	5.467236e+00	7.556870e+00	7.575512e+00	7.583297e+00	7.572464e+00
7.546236e+00	7.463086e+00	7.343222e+00	7.197970e+00	7.036971e+00	6.872729e+00
6.718946e+00	6.579383e+00	6.453948e+00	6.341183e+00	6.235721e+00	6.132367e+00
6.032811e+00	5.931805e+00	5.825638e+00	5.719350e+00	5.618263e+00	5.570294e+00
5.521239e+00	5.480968e+00	5.448698e+00	5.440694e+00	5.433652e+00	5.432912e+00
5.432366e+00	5.432112e+00	5.431847e+00	5.445177e+00	7.893270e+00	7.887977e+00
7.873593e+00	7.843424e+00	7.800354e+00	7.688412e+00	7.541627e+00	7.366770e+00
7.174797e+00	6.981039e+00	6.801619e+00	6.640446e+00	6.495995e+00	6.366359e+00
6.250481e+00	6.144243e+00	6.042069e+00	5.938116e+00	5.828222e+00	5.717888e+00
5.613374e+00	5.560912e+00	5.501998e+00	5.452258e+00	5.414900e+00	5.405772e+00
5.397366e+00	5.396486e+00	5.395863e+00	5.395572e+00	5.395335e+00	5.410978e+00
8.216523e+00	8.192133e+00	8.158257e+00	8.107981e+00	8.044644e+00	7.893459e+00
7.709774e+00	7.501385e+00	7.279648e+00	7.060214e+00	6.859489e+00	6.680314e+00
6.517622e+00	6.373131e+00	6.245470e+00	6.128692e+00	6.016711e+00	5.903801e+00
5.785586e+00	5.666651e+00	5.552133e+00	5.494745e+00	5.431820e+00	5.379229e+00
5.338359e+00	5.328330e+00	5.319275e+00	5.318311e+00	5.317609e+00	5.317291e+00
5.317238e+00	5.332092e+00	8.538111e+00	8.488843e+00	8.430571e+00	8.356649e+00
8.270650e+00	8.077680e+00	7.856612e+00	7.614603e+00	7.362731e+00	7.113685e+00
6.884925e+00	6.683836e+00	6.512418e+00	6.360995e+00	6.222870e+00	6.092838e+00
5.969518e+00	5.846731e+00	5.719809e+00	5.592369e+00	5.468615e+00	5.406882e+00
5.340725e+00	5.286095e+00	5.241641e+00	5.230697e+00	5.221080e+00	5.220028e+00
5.219230e+00	5.218932e+00	5.218877e+00	5.230965e+00	8.848607e+00	8.778933e+00
8.698679e+00	8.600463e+00	8.488871e+00	8.244684e+00	7.975069e+00	7.691557e+00
7.405827e+00	7.134665e+00	6.891450e+00	6.675399e+00	6.484446e+00	6.314721e+00
6.161089e+00	6.018686e+00	5.884384e+00	5.752785e+00	5.619364e+00	5.485842e+00
5.354779e+00	5.289713e+00	5.222052e+00	5.167334e+00	5.119285e+00	5.107443e+00
5.097462e+00	5.096304e+00	5.095404e+00	5.095179e+00	5.094992e+00	5.101518e+00
9.134525e+00	9.064253e+00	8.976178e+00	8.857525e+00	8.715814e+00	8.399056e+00
8.058416e+00	7.725559e+00	7.411321e+00	7.124301e+00	6.872271e+00	6.651083e+00
6.448532e+00	6.256183e+00	6.077494e+00	5.914990e+00	5.766011e+00	5.625670e+00
5.488754e+00	5.351548e+00	5.212488e+00	5.143910e+00	5.076285e+00	5.023824e+00
4.971961e+00	4.959239e+00	4.949104e+00	4.947786e+00	4.946808e+00	4.946668e+00
4.946590e+00	4.945802e+00	9.402116e+00	9.327125e+00	9.231336e+00	9.095117e+00
8.926375e+00	8.540011e+00	8.128271e+00	7.749027e+00	7.407911e+00	7.103414e+00
6.833405e+00	6.593139e+00	6.370937e+00	6.159685e+00	5.963936e+00	5.787443e+00
5.626990e+00	5.476940e+00	5.331155e+00	5.184600e+00	5.038869e+00	4.970963e+00
4.904725e+00	4.852438e+00	4.797326e+00	4.784384e+00	4.773966e+00	4.772430e+00
4.771399e+00	4.771389e+00	4.771232e+00	4.763322e+00	9.725873e+00	9.594242e+00
9.440572e+00	9.252950e+00	9.043053e+00	8.603843e+00	8.167909e+00	7.765226e+00
7.402622e+00	7.076873e+00	6.782723e+00	6.516451e+00	6.270740e+00	6.040856e+00
5.828975e+00	5.637803e+00	5.464653e+00	5.304920e+00	5.152867e+00	5.000473e+00
4.847022e+00	4.775862e+00	4.709030e+00	4.658304e+00	4.601593e+00	4.587378e+00
4.576856e+00	4.575394e+00	4.574208e+00	4.574233e+00	4.574021e+00	4.560512e+00
1.012016e+01	9.860693e+00	9.602028e+00	9.345603e+00	9.095390e+00	8.623558e+00
8.183791e+00	7.774400e+00	7.394024e+00	7.041323e+00	6.715646e+00	6.417755e+00
6.145427e+00	5.895934e+00	5.666924e+00	5.458258e+00	5.269515e+00	5.099986e+00
4.946329e+00	4.794093e+00	4.630814e+00	4.549420e+00	4.478248e+00	4.431260e+00
4.375200e+00	4.358067e+00	4.347705e+00	4.346755e+00	4.345275e+00	4.345175e+00
4.344995e+00	4.329122e+00	1.037761e+01	1.007217e+01	9.769160e+00	9.473654e+00
9.190657e+00	8.672628e+00	8.183082e+00	7.751306e+00	7.344781e+00	6.961385e+00
6.609093e+00	6.288476e+00	5.997497e+00	5.732678e+00	5.489541e+00	5.266472e+00
5.063965e+00	4.881472e+00	4.716442e+00	4.554754e+00	4.383438e+00	4.298258e+00
4.224209e+00	4.175851e+00	4.118381e+00	4.100689e+00	4.090079e+00	4.089173e+00
4.087673e+00	4.087548e+00	4.087353e+00	4.074084e+00	1.059441e+01	1.026006e+01
9.929557e+00	9.607233e+00	9.297069e+00	8.723403e+00	8.181037e+00	7.700289e+00
7.255449e+00	6.846977e+00	6.475516e+00	6.139278e+00	5.834775e+00	5.557423e+00
5.302117e+00	5.066399e+00	4.851157e+00	4.654726e+00	4.474596e+00	4.299675e+00
4.121356e+00	4.035002e+00	3.958408e+00	3.906302e+00	3.846768e+00	3.829685e+00
3.818643e+00	3.817579e+00	3.816194e+00	3.816073e+00	3.815858e+00	3.808160e+00
1.079640e+01	1.042664e+01	1.006246e+01	9.709012e+00	9.369799e+00	8.731853e+00
8.168204e+00	7.640136e+00	7.160892e+00	6.726164e+00	6.334052e+00	5.980978e+00
5.662257e+00	5.372366e+00	5.105073e+00	4.856896e+00	4.628952e+00	4.419363e+00
4.225586e+00	4.038671e+00	3.852502e+00	3.763460e+00	3.683211e+00	3.627177e+00
3.565950e+00	3.549722e+00	3.538162e+00	3.536945e+00	3.535700e+00	3.535539e+00
3.535356e+00	3.534947e+00	1.097815e+01	1.057064e+01	1.017101e+01	9.786023e+00
9.418834e+00	8.732081e+00	8.116787e+00	7.556195e+00	7.048260e+00	6.589520e+00
6.178062e+00	5.809060e+00	5.476696e+00	5.174708e+00	4.895690e+00	4.635173e+00
4.394250e+00	4.171565e+00	3.964394e+00	3.765665e+00	3.571076e+00	3.478506e+00
3.393535e+00	3.332752e+00	3.270074e+00	3.255071e+00	3.242893e+00	3.241495e+00
3.240427e+00	3.240195e+00	3.240086e+00	3.248469e+00	1.115446e+01	1.070151e+01
1.025965e+01	9.838317e+00	9.438620e+00	8.716591e+00	8.054315e+00	7.462964e+00
6.932385e+00	6.456020e+00	6.029443e+00	5.646731e+00	5.301306e+00	4.986358e+00
4.693810e+00	4.418718e+00	4.162422e+00	3.925212e+00	3.704983e+00	3.496390e+00
3.296633e+00	3.202207e+00	3.113307e+00	3.047980e+00	2.984944e+00	2.970131e+00
2.957694e+00	2.956252e+00	2.955199e+00	2.954948e+00	2.954869e+00	2.965061e+00
1.132572e+01	1.082348e+01	1.033714e+01	9.879596e+00	9.450796e+00	8.673191e+00
7.978026e+00	7.361461e+00	6.813498e+00	6.323956e+00	5.885065e+00	5.490240e+00
5.132472e+00	4.804576e+00	4.498128e+00	4.208034e+00	3.935967e+00	3.684361e+00
3.452094e+00	3.235276e+00	3.032292e+00	2.936962e+00	2.844920e+00	2.775663e+00
2.712893e+00	2.697784e+00	2.685318e+00	2.683901e+00	2.682783e+00	2.682543e+00
2.682469e+00	2.690556e+00	1.149261e+01	1.094274e+01	1.041372e+01	9.921902e+00
9.465296e+00	8.637553e+00	7.909930e+00	7.268515e+00	6.702877e+00	6.199817e+00
5.748441e+00	5.341518e+00	4.971914e+00	4.632304e+00	4.314213e+00	4.012491e+00
3.728619e+00	3.465600e+00	3.222962e+00	2.997436e+00	2.788551e+00	2.691144e+00
2.597072e+00	2.526252e+00	2.462719e+00	2.447311e+00	2.434881e+00	2.433464e+00
2.432285e+00	2.432081e+00	2.431974e+00	2.436514e+00	1.165320e+01	1.105817e+01
1.048891e+01	9.965355e+00	9.483137e+00	8.610231e+00	7.850639e+00	7.184616e+00
6.600780e+00	6.083622e+00	5.619366e+00	5.200144e+00	4.819058e+00	4.468915e+00
4.141499e+00	3.831635e+00	3.539919e+00	3.268215e+00	3.016436e+00	2.781125e+00
2.562997e+00	2.462070e+00	2.367112e+00	2.297264e+00	2.231724e+00	2.215970e+00
2.203637e+00	2.202188e+00	2.200948e+00	2.200809e+00	2.200624e+00	2.199737e+00
1.181030e+01	1.117291e+01	1.056633e+01	1.001386e+01	9.508007e+00	8.598470e+00
7.806378e+00	7.117653e+00	6.516401e+00	5.985383e+00	5.508643e+00	5.077611e+00
4.685555e+00	4.325428e+00	3.989225e+00	3.671737e+00	3.372930e+00	3.093735e+00
2.834390e+00	2.591186e+00	2.364757e+00	2.259902e+00	2.162304e+00	2.091333e+00
2.024074e+00	2.008104e+00	1.995773e+00	1.994299e+00	1.993019e+00	1.992910e+00
1.992673e+00	1.989579e+00	1.196485e+01	1.128827e+01	1.064762e+01	1.006964e+01
9.543615e+00	8.596008e+00	7.780149e+00	7.069964e+00	6.452097e+00	5.907782e+00
5.419048e+00	4.976745e+00	4.574212e+00	4.204543e+00	3.859892e+00	3.535045e+00
3.229569e+00	2.943757e+00	2.677948e+00	2.428309e+00	2.194209e+00	2.085004e+00
1.983201e+00	1.909246e+00	1.840322e+00	1.824168e+00	1.811693e+00	1.810198e+00
1.808892e+00	1.808778e+00	1.808553e+00	1.805846e+00	1.212000e+01	1.140738e+01
1.073592e+01	1.013580e+01	9.592603e+00	8.612846e+00	7.771885e+00	7.046454e+00
6.415366e+00	5.858069e+00	5.357646e+00	4.904464e+00	4.491803e+00	4.112826e+00
3.759848e+00	3.427717e+00	3.115696e+00	2.823724e+00	2.551814e+00	2.296272e+00
2.054401e+00	1.940351e+00	1.833248e+00	1.755084e+00	1.683962e+00	1.667438e+00
1.654572e+00	1.653044e+00	1.651708e+00	1.651565e+00	1.651428e+00	1.650350e+00
1.227833e+01	1.153258e+01	1.083332e+01	1.021417e+01	9.656824e+00	8.650348e+00
7.790293e+00	7.053011e+00	6.411788e+00	5.841198e+00	5.328083e+00	4.862702e+00
4.438401e+00	4.048402e+00	3.686531e+00	3.348413e+00	3.030620e+00	2.733117e+00
2.455419e+00	2.193960e+00	1.944130e+00	1.825052e+00	1.712448e+00	1.629787e+00
1.555663e+00	1.538446e+00	1.524950e+00	1.523357e+00	1.521975e+00	1.521809e+00
1.521677e+00	1.522090e+00	1.244023e+01	1.166400e+01	1.093943e+01	1.030357e+01
9.734180e+00	8.704774e+00	7.826017e+00	7.071812e+00	6.417401e+00	5.842491e+00
5.324788e+00	4.854812e+00	4.426054e+00	4.031849e+00	3.663433e+00	3.314806e+00
2.987684e+00	2.681567e+00	2.395126e+00	2.123964e+00	1.863931e+00	1.739121e+00
1.620474e+00	1.532797e+00	1.454047e+00	1.435619e+00	1.421115e+00	1.419410e+00
1.417945e+00	1.417757e+00	1.417613e+00	1.418514e+00	1.260400e+01	1.180160e+01
1.105584e+01	1.040697e+01	9.829038e+00	8.783537e+00	7.894154e+00	7.132903e+00
6.472402e+00	5.888577e+00	5.361423e+00	4.881660e+00	4.442904e+00	4.038568e+00
3.661365e+00	3.306373e+00	2.972669e+00	2.659833e+00	2.366094e+00	2.086068e+00
1.814588e+00	1.682732e+00	1.556771e+00	1.462919e+00	1.377624e+00	1.357416e+00
1.341462e+00	1.339590e+00	1.337999e+00	1.337788e+00	1.337628e+00	1.338159e+00
1.276044e+01	1.193741e+01	1.117549e+01	1.051771e+01	9.934619e+00	8.878346e+00
7.982404e+00	7.215055e+00	6.548708e+00	5.958707e+00	5.424850e+00	4.937843e+00
4.491218e+00	4.078147e+00	3.692898e+00	3.332985e+00	2.994034e+00	2.675732e+00
2.376117e+00	2.089213e+00	1.801169e+00	1.656340e+00	1.515981e+00	1.414185e+00
1.320368e+00	1.297712e+00	1.279677e+00	1.277572e+00	1.275824e+00	1.275587e+00
1.275408e+00	1.275420e+00	1.291041e+01	1.207090e+01	1.129673e+01	1.063340e+01
1.004813e+01	8.986390e+00	8.088559e+00	7.317832e+00	6.647615e+00	6.053380e+00
5.515203e+00	5.023802e+00	4.572714e+00	4.155065e+00	3.763478e+00	3.393374e+00
3.043339e+00	2.713279e+00	2.400704e+00	2.097680e+00	1.793455e+00	1.639624e+00
1.488192e+00	1.377066e+00	1.273447e+00	1.248127e+00	1.227831e+00	1.225460e+00
1.223519e+00	1.223255e+00	1.223055e+00	1.222675e+00	1.304542e+01	1.219610e+01
1.141536e+01	1.075081e+01	1.016662e+01	9.104115e+00	8.206570e+00	7.433353e+00
6.759485e+00	6.161139e+00	5.619001e+00	5.123670e+00	4.668361e+00	4.245803e+00
3.847664e+00	3.468570e+00	3.108134e+00	2.766622e+00	2.440980e+00	2.120302e+00
1.801001e+00	1.642485e+00	1.485205e+00	1.355438e+00	1.237091e+00	1.208425e+00
1.185207e+00	1.182448e+00	1.180230e+00	1.179944e+00	1.179695e+00	1.179533e+00
1.316440e+01	1.231144e+01	1.153003e+01	1.086941e+01	1.029080e+01	9.235299e+00
8.342799e+00	7.569872e+00	6.893989e+00	6.292974e+00	5.748773e+00	5.251833e+00
4.794771e+00	4.369608e+00	3.967007e+00	3.581029e+00	3.211739e+00	2.860029e+00
2.522800e+00	2.187558e+00	1.844566e+00	1.669317e+00	1.490241e+00	1.343111e+00
1.209368e+00	1.177055e+00	1.150774e+00	1.147585e+00	1.144980e+00	1.144656e+00
1.144372e+00	1.144796e+00	1.327426e+01	1.241599e+01	1.163437e+01	1.097962e+01
1.040938e+01	9.367436e+00	8.484250e+00	7.716209e+00	7.042199e+00	6.441061e+00
5.895460e+00	5.396173e+00	4.936054e+00	4.507319e+00	4.100734e+00	3.710023e+00
3.334339e+00	2.973232e+00	2.622541e+00	2.269138e+00	1.900639e+00	1.708426e+00
1.506313e+00	1.345362e+00	1.186477e+00	1.150366e+00	1.121953e+00	1.118348e+00
1.114805e+00	1.114295e+00	1.114190e+00	1.115534e+00	1.337420e+01	1.251201e+01
1.173192e+01	1.108513e+01	1.052574e+01	9.502847e+00	8.632639e+00	7.873077e+00
7.203911e+00	6.604737e+00	6.058688e+00	5.557172e+00	5.093816e+00	4.661625e+00
4.252259e+00	3.859341e+00	3.480161e+00	3.111224e+00	2.746250e+00	2.372649e+00
1.976598e+00	1.766106e+00	1.542113e+00	1.354889e+00	1.166907e+00	1.126815e+00
1.096746e+00	1.092780e+00	1.088091e+00	1.087327e+00	1.087501e+00	1.089860e+00
1.341602e+01	1.257720e+01	1.181597e+01	1.118761e+01	1.064569e+01	9.648468e+00
8.791908e+00	8.038523e+00	7.370693e+00	6.770714e+00	6.223961e+00	5.722212e+00
5.258889e+00	4.826709e+00	4.416980e+00	4.022699e+00	3.639968e+00	3.263265e+00
2.884449e+00	2.490021e+00	2.063765e+00	1.833022e+00	1.584690e+00	1.369309e+00
1.153863e+00	1.104783e+00	1.073943e+00	1.070279e+00	1.064058e+00	1.062820e+00
1.063631e+00	1.066623e+00	1.342678e+01	1.261637e+01	1.188589e+01	1.128742e+01
1.077210e+01	9.810760e+00	8.968330e+00	8.216520e+00	7.543659e+00	6.937996e+00
6.389736e+00	5.890562e+00	5.432363e+00	5.005981e+00	4.600101e+00	4.205887e+00
3.819406e+00	3.435166e+00	3.043953e+00	2.628746e+00	2.169187e+00	1.915925e+00
1.641297e+00	1.400761e+00	1.145230e+00	1.084111e+00	1.053634e+00	1.050960e+00
1.042837e+00	1.040896e+00	1.042713e+00	1.045981e+00	1.345113e+01	1.265681e+01
1.194305e+01	1.136562e+01	1.087214e+01	9.943704e+00	9.120965e+00	8.380815e+00
7.714151e+00	7.111984e+00	6.567026e+00	6.071466e+00	5.616943e+00	5.193772e+00
4.789825e+00	4.395538e+00	4.006642e+00	3.617002e+00	3.215740e+00	2.781751e+00
2.289319e+00	2.012260e+00	1.707428e+00	1.437783e+00	1.142903e+00	1.067946e+00
1.035411e+00	1.033225e+00	1.023440e+00	1.020935e+00	1.023547e+00	1.026633e+00
1.348741e+01	1.269537e+01	1.198978e+01	1.142864e+01	1.095421e+01	1.005583e+01
9.255829e+00	8.533872e+00	7.881588e+00	7.290343e+00	6.753026e+00	6.262374e+00
5.810721e+00	5.389029e+00	4.985868e+00	4.591847e+00	4.202098e+00	3.809320e+00
3.400501e+00	2.950119e+00	2.426004e+00	2.124322e+00	1.785708e+00	1.482570e+00
1.142833e+00	1.055964e+00	1.019389e+00	1.017259e+00	1.005864e+00	1.002890e+00
1.006278e+00	1.008658e+00	1.350718e+01	1.272025e+01	1.202597e+01	1.148404e+01
1.103089e+01	1.016325e+01	9.387049e+00	8.683712e+00	8.046009e+00	7.466023e+00
6.937275e+00	6.453057e+00	6.006212e+00	5.588187e+00	5.187963e+00	4.796206e+00
4.407464e+00	4.013360e+00	3.598647e+00	3.133111e+00	2.577560e+00	2.250737e+00
1.877380e+00	1.538104e+00	1.150726e+00	1.049133e+00	1.004894e+00	1.002610e+00
9.906312e-01	9.873359e-01	9.905268e-01	9.921481e-01	1.350178e+01	1.272290e+01
1.204212e+01	1.152181e+01	1.109192e+01	1.025718e+01	9.507105e+00	8.824362e+00
8.202908e+00	7.635567e+00	7.116590e+00	6.639949e+00	6.199101e+00	5.786153e+00
5.390795e+00	5.003897e+00	4.619287e+00	4.227175e+00	3.809399e+00	3.329405e+00
2.739767e+00	2.385670e+00	1.975916e+00	1.600619e+00	1.171216e+00	1.053734e+00
9.853162e-01	9.831375e-01	9.798787e-01	9.770725e-01	9.716829e-01	9.762211e-01
1.349415e+01	1.272339e+01	1.205455e+01	1.155466e+01	1.114718e+01	1.034431e+01
9.620214e+00	8.958460e+00	8.353992e+00	7.800334e+00	7.292400e+00	6.824755e+00
6.391452e+00	5.985192e+00	5.596337e+00	5.215965e+00	4.837277e+00	4.449149e+00
4.030576e+00	3.538626e+00	2.916916e+00	2.535683e+00	2.088255e+00	1.673665e+00
1.196877e+00	1.060545e+00	9.704526e-01	9.673998e-01	9.691607e-01	9.666019e-01
9.553651e-01	9.617055e-01	1.348753e+01	1.272324e+01	1.206589e+01	1.158471e+01
1.119756e+01	1.042366e+01	9.723818e+00	9.082424e+00	8.495101e+00	7.955996e+00
7.460517e+00	7.003654e+00	6.579933e+00	6.182441e+00	5.801967e+00	5.429695e+00
5.058424e+00	4.676058e+00	4.259390e+00	3.760320e+00	3.113204e+00	2.707250e+00
2.221595e+00	1.762490e+00	1.225586e+00	1.069157e+00	9.624761e-01	9.571840e-01
9.574742e-01	9.547091e-01	9.430467e-01	9.489689e-01	1.349953e+01	1.273629e+01
1.208848e+01	1.161954e+01	1.124595e+01	1.049262e+01	9.811321e+00	9.187048e+00
8.615677e+00	8.091590e+00	7.610345e+00	7.167017e+00	6.756135e+00	6.370671e+00
6.001045e+00	5.638193e+00	5.274996e+00	4.899413e+00	4.488063e+00	3.991735e+00
3.334670e+00	2.908093e+00	2.378335e+00	1.863758e+00	1.256664e+00	1.080413e+00
9.620848e-01	9.519143e-01	9.446142e-01	9.419677e-01	9.345764e-01	9.376665e-01
1.351776e+01	1.275611e+01	1.211095e+01	1.165147e+01	1.128982e+01	1.055513e+01
9.890919e+00	9.282932e+00	8.727234e+00	8.218398e+00	7.752084e+00	7.323406e+00
6.926796e+00	6.554984e+00	6.197787e+00	5.845753e+00	5.491970e+00	5.124775e+00
4.721315e+00	4.232832e+00	3.573886e+00	3.129740e+00	2.554373e+00	1.978679e+00
1.292381e+00	1.094982e+00	9.618511e-01	9.477381e-01	9.321229e-01	9.296526e-01
9.273561e-01	9.273296e-01	1.351580e+01	1.275623e+01	1.211357e+01	1.166761e+01
1.132137e+01	1.060925e+01	9.964386e+00	9.374067e+00	8.834711e+00	8.341263e+00
7.889637e+00	7.475168e+00	7.092423e+00	6.734224e+00	6.390289e+00	6.051025e+00
5.709467e+00	5.353726e+00	4.960214e+00	4.477826e+00	3.812572e+00	3.352763e+00
2.742260e+00	2.114459e+00	1.341761e+00	1.116466e+00	9.607555e-01	9.421883e-01
9.228524e-01	9.203368e-01	9.198254e-01	9.181304e-01	1.349065e+01	1.273951e+01
1.210838e+01	1.167578e+01	1.134340e+01	1.065465e+01	1.003006e+01	9.458043e+00
8.935284e+00	8.457154e+00	8.019907e+00	7.619230e+00	7.250006e+00	6.905418e+00
6.575516e+00	6.250815e+00	5.924148e+00	5.582945e+00	5.201776e+00	4.724587e+00
4.050104e+00	3.577349e+00	2.943795e+00	2.277019e+00	1.413143e+00	1.151599e+00
9.584521e-01	9.356992e-01	9.158283e-01	9.131727e-01	9.121399e-01	9.100943e-01
1.345429e+01	1.271217e+01	1.209340e+01	1.167272e+01	1.135343e+01	1.068905e+01
1.008508e+01	9.531507e+00	9.025345e+00	8.562462e+00	8.139473e+00	7.752488e+00
7.396806e+00	7.066081e+00	6.750883e+00	6.442019e+00	6.132164e+00	5.808088e+00
5.442419e+00	4.973729e+00	4.292674e+00	3.807756e+00	3.151529e+00	2.447343e+00
1.497154e+00	1.198623e+00	9.597730e-01	9.306072e-01	9.090851e-01	9.064468e-01
9.029100e-01	9.029832e-01	1.341001e+01	1.267679e+01	1.206882e+01	1.166462e+01
1.135989e+01	1.071796e+01	1.013401e+01	9.598530e+00	9.108719e+00	8.660908e+00
8.252064e+00	7.878732e+00	7.536681e+00	7.220100e+00	6.920194e+00	6.628202e+00
6.336710e+00	6.031891e+00	5.684387e+00	5.227036e+00	4.541990e+00	4.046216e+00
3.369062e+00	2.629777e+00	1.595819e+00	1.259184e+00	9.647456e-01	9.262944e-01
9.027076e-01	9.001455e-01	8.930929e-01	8.965298e-01	1.339733e+01	1.266673e+01
1.206204e+01	1.166319e+01	1.137013e+01	1.074731e+01	1.017943e+01	9.659050e+00
9.183672e+00	8.749938e+00	8.354986e+00	7.995610e+00	7.667838e+00	7.366125e+00
7.081950e+00	6.806814e+00	6.533575e+00	6.248514e+00	5.921549e+00	5.481936e+00
4.803865e+00	4.302594e+00	3.606789e+00	2.830110e+00	1.703087e+00	1.324380e+00
9.723868e-01	9.257072e-01	8.964505e-01	8.937736e-01	8.869028e-01	8.911192e-01
1.339774e+01	1.266894e+01	1.206848e+01	1.167570e+01	1.138915e+01	1.077720e+01
1.022053e+01	9.712011e+00	9.249074e+00	8.828390e+00	8.447023e+00	8.101809e+00
7.788818e+00	7.502443e+00	7.233962e+00	6.974911e+00	6.718973e+00	6.453676e+00
6.149975e+00	5.736173e+00	5.079812e+00	4.580605e+00	3.868974e+00	3.051400e+00
1.820379e+00	1.395356e+00	9.890174e-01	9.307286e-01	8.898448e-01	8.867960e-01
8.834317e-01	8.867823e-01	1.338869e+01	1.266470e+01	1.206973e+01	1.168738e+01
1.140931e+01	1.081002e+01	1.026348e+01	9.763558e+00	9.308456e+00	8.895919e+00
8.524124e+00	8.190331e+00	7.890887e+00	7.620444e+00	7.370505e+00	7.132219e+00
6.897648e+00	6.650939e+00	6.362151e+00	5.968249e+00	5.344130e+00	4.862497e+00
4.158057e+00	3.311399e+00	1.953753e+00	1.471027e+00	1.001056e+00	9.334225e-01
8.891955e-01	8.863532e-01	8.816604e-01	8.827953e-01	1.336821e+01	1.265452e+01
1.206974e+01	1.169606e+01	1.142607e+01	1.083927e+01	1.030215e+01	9.809881e+00
9.361401e+00	8.955631e+00	8.591967e+00	8.268176e+00	7.980993e+00	7.725569e+00
7.493993e+00	7.277274e+00	7.065446e+00	6.838026e+00	6.563308e+00	6.188612e+00
5.600533e+00	5.143331e+00	4.459945e+00	3.597146e+00	2.106858e+00	1.556719e+00
1.012696e+00	9.358426e-01	8.895884e-01	8.871634e-01	8.800834e-01	8.792453e-01
1.336172e+01	1.265174e+01	1.207090e+01	1.170104e+01	1.143514e+01	1.085660e+01
1.032821e+01	9.845703e+00	9.407526e+00	9.012323e+00	8.659178e+00	8.346026e+00
8.069977e+00	7.826753e+00	7.609099e+00	7.408792e+00	7.216545e+00	7.012512e+00
6.765315e+00	6.420670e+00	5.862134e+00	5.417981e+00	4.742377e+00	3.866973e+00
2.281889e+00	1.664198e+00	1.036419e+00	9.456863e-01	8.879284e-01	8.844174e-01
8.764574e-01	8.762811e-01	1.335520e+01	1.264956e+01	1.207269e+01	1.170611e+01
1.144316e+01	1.087164e+01	1.035119e+01	9.877581e+00	9.448857e+00	9.063076e+00
8.718810e+00	8.414254e+00	8.147245e+00	7.914454e+00	7.710033e+00	7.526903e+00
7.355929e+00	7.176722e+00	6.957321e+00	6.643539e+00	6.116591e+00	5.687302e+00
5.025924e+00	4.149533e+00	2.478738e+00	1.783201e+00	1.063104e+00	9.593030e-01
8.876831e-01	8.820838e-01	8.737695e-01	8.736604e-01	1.334669e+01	1.264663e+01
1.207474e+01	1.171172e+01	1.145174e+01	1.088686e+01	1.037352e+01	9.907430e+00
9.486568e+00	9.108759e+00	8.772362e+00	8.475825e+00	8.217485e+00	7.994678e+00
7.802558e+00	7.634967e+00	7.483329e+00	7.327603e+00	7.136255e+00	6.855655e+00
6.365230e+00	5.954279e+00	5.311275e+00	4.439554e+00	2.691670e+00	1.916781e+00
1.095016e+00	9.759429e-01	8.877639e-01	8.802222e-01	8.712571e-01	8.714052e-01
1.333455e+01	1.264255e+01	1.207720e+01	1.171855e+01	1.146186e+01	1.090330e+01
1.039592e+01	9.935549e+00	9.520507e+00	9.148868e+00	8.819150e+00	8.530034e+00
8.280042e+00	8.066774e+00	7.885722e+00	7.731278e+00	7.595917e+00	7.461105e+00
7.297046e+00	7.051171e+00	6.602615e+00	6.214312e+00	5.593390e+00	4.730542e+00
2.918422e+00	2.069318e+00	1.135181e+00	9.964306e-01	8.890369e-01	8.790802e-01
8.691475e-01	8.695593e-01	1.332345e+01	1.264064e+01	1.208223e+01	1.172858e+01
1.147550e+01	1.092354e+01	1.042116e+01	9.965013e+00	9.553859e+00	9.186415e+00
8.861700e+00	8.578653e+00	8.335954e+00	8.131379e+00	7.960649e+00	7.818568e+00
7.698349e+00	7.582504e+00	7.443044e+00	7.230235e+00	6.827572e+00	6.466726e+00
5.869380e+00	5.017306e+00	3.160923e+00	2.244463e+00	1.182602e+00	1.019790e+00
8.914709e-01	8.796970e-01	8.686305e-01	8.680810e-01	1.331245e+01	1.263926e+01
1.208902e+01	1.173992e+01	1.148965e+01	1.094335e+01	1.044516e+01	9.992599e+00
9.584765e+00	9.220992e+00	8.900765e+00	8.623246e+00	8.387235e+00	8.190615e+00
8.029224e+00	7.898265e+00	7.791956e+00	7.694481e+00	7.579902e+00	7.400485e+00
7.044784e+00	6.713536e+00	6.143309e+00	5.306618e+00	3.418706e+00	2.439532e+00
1.236953e+00	1.046495e+00	8.951636e-01	8.809888e-01	8.682688e-01	8.667777e-01
1.330189e+01	1.263842e+01	1.209636e+01	1.174937e+01	1.149898e+01	1.095493e+01
1.045988e+01	1.001122e+01	9.607846e+00	9.249004e+00	8.933999e+00	8.662031e+00
8.431927e+00	8.241530e+00	8.086552e+00	7.962857e+00	7.867295e+00	7.789169e+00
7.705827e+00	7.563550e+00	7.247877e+00	6.942708e+00	6.407804e+00	5.598034e+00
3.684318e+00	2.649173e+00	1.299373e+00	1.079059e+00	8.997314e-01	8.822733e-01
8.673580e-01	8.655840e-01	1.329054e+01	1.263783e+01	1.210344e+01	1.175721e+01
1.150529e+01	1.096213e+01	1.046943e+01	1.002424e+01	9.625294e+00	9.271501e+00
8.961660e+00	8.694844e+00	8.469818e+00	8.284324e+00	8.133858e+00	8.015067e+00
7.927979e+00	7.868333e+00	7.817866e+00	7.713514e+00	7.433015e+00	7.151763e+00
6.658386e+00	5.885995e+00	3.956176e+00	2.873995e+00	1.373454e+00	1.120705e+00
9.062071e-01	8.837363e-01	8.658958e-01	8.645232e-01	1.325902e+01	1.262752e+01
1.210250e+01	1.176220e+01	1.151053e+01	1.097143e+01	1.048187e+01	1.003934e+01
9.642802e+00	9.291370e+00	8.984254e+00	8.720809e+00	8.500036e+00	8.320036e+00
8.176641e+00	8.066709e+00	7.990311e+00	7.943056e+00	7.907366e+00	7.827997e+00
7.594522e+00	7.347310e+00	6.895877e+00	6.164856e+00	4.243359e+00	3.103640e+00
1.458675e+00	1.171372e+00	9.146769e-01	8.850954e-01	8.656914e-01	8.635548e-01
1.320294e+01	1.260084e+01	1.209945e+01	1.176604e+01	1.151509e+01	1.098155e+01
1.049547e+01	1.005495e+01	9.659672e+00	9.309353e+00	9.003938e+00	8.743085e+00
8.526074e+00	8.351529e+00	8.215956e+00	8.116422e+00	8.051551e+00	8.013450e+00
7.984944e+00	7.925227e+00	7.742153e+00	7.533479e+00	7.125057e+00	6.439429e+00
4.545405e+00	3.342614e+00	1.555692e+00	1.231471e+00	9.253746e-01	8.864966e-01
8.656117e-01	8.626677e-01	1.315193e+01	1.257886e+01	1.209875e+01	1.177104e+01
1.151957e+01	1.098958e+01	1.050606e+01	1.006763e+01	9.674040e+00	9.325398e+00
9.022018e+00	8.763764e+00	8.550136e+00	8.380102e+00	8.250540e+00	8.158733e+00
8.102969e+00	8.074223e+00	8.056381e+00	8.017598e+00	7.879243e+00	7.705152e+00
7.339481e+00	6.701682e+00	4.851175e+00	3.600072e+00	1.663741e+00	1.297872e+00
9.379121e-01	8.889605e-01	8.657139e-01	8.620610e-01	1.310770e+01	1.256280e+01
1.210180e+01	1.177820e+01	1.152399e+01	1.099555e+01	1.051378e+01	1.007748e+01
9.685952e+00	9.339512e+00	9.038477e+00	8.782796e+00	8.572137e+00	8.405629e+00
8.280167e+00	8.193270e+00	8.144012e+00	8.124623e+00	8.121096e+00	8.104554e+00
8.003780e+00	7.859262e+00	7.534918e+00	6.945458e+00	5.154304e+00	3.878565e+00
1.786419e+00	1.372763e+00	9.537219e-01	8.949005e-01	8.671685e-01	8.616923e-01
1.306477e+01	1.254711e+01	1.210457e+01	1.178464e+01	1.152749e+01	1.099963e+01
1.051863e+01	1.008359e+01	9.693873e+00	9.349705e+00	9.051381e+00	8.798573e+00
8.590507e+00	8.426318e+00	8.303878e+00	8.221575e+00	8.178861e+00	8.168379e+00
8.177783e+00	8.183412e+00	8.117101e+00	7.995721e+00	7.710118e+00	7.178003e+00
5.465534e+00	4.159454e+00	1.921629e+00	1.458726e+00	9.721030e-01	9.013411e-01
8.702473e-01	8.612755e-01	1.302574e+01	1.253365e+01	1.210794e+01	1.179164e+01
1.153149e+01	1.100386e+01	1.052323e+01	1.008908e+01	9.700973e+00	9.358846e+00
9.062876e+00	8.812488e+00	8.606678e+00	8.444629e+00	8.324983e+00	8.246845e+00
8.209906e+00	8.207103e+00	8.227454e+00	8.252190e+00	8.218145e+00	8.120219e+00
7.872508e+00	7.391741e+00	5.763874e+00	4.455527e+00	2.074924e+00	1.554549e+00
9.938403e-01	9.104416e-01	8.725344e-01	8.609911e-01	1.299347e+01	1.252386e+01
1.211311e+01	1.179978e+01	1.153771e+01	1.101040e+01	1.053029e+01	1.009726e+01
9.710764e+00	9.370101e+00	9.075143e+00	8.825769e+00	8.621946e+00	8.463149e+00
8.347118e+00	8.272417e+00	8.239328e+00	8.242097e+00	8.271124e+00	8.308670e+00
8.305175e+00	8.239662e+00	8.032610e+00	7.579047e+00	6.021045e+00	4.790870e+00
2.255599e+00	1.655283e+00	1.019714e+00	9.284525e-01	8.696940e-01	8.609218e-01
1.295865e+01	1.250792e+01	1.210996e+01	1.179994e+01	1.153618e+01	1.100999e+01
1.053073e+01	1.009882e+01	9.713612e+00	9.374384e+00	9.080870e+00	8.833021e+00
8.630892e+00	8.474074e+00	8.360436e+00	8.288727e+00	8.259588e+00	8.267861e+00
8.305062e+00	8.355806e+00	8.376662e+00	8.333174e+00	8.164402e+00	7.762287e+00
6.293499e+00	5.091041e+00	2.452143e+00	1.776705e+00	1.050391e+00	9.425123e-01
8.717077e-01	8.603517e-01	1.292999e+01	1.249572e+01	1.210900e+01	1.180098e+01
1.153612e+01	1.101056e+01	1.053219e+01	1.010150e+01	9.717463e+00	9.379456e+00
9.087200e+00	8.840713e+00	8.640073e+00	8.484922e+00	8.373319e+00	8.304234e+00
8.278620e+00	8.291778e+00	8.336208e+00	8.398901e+00	8.441248e+00	8.416972e+00
8.283966e+00	7.934588e+00	6.561985e+00	5.389583e+00	2.666567e+00	1.912720e+00
1.085880e+00	9.586198e-01	8.748251e-01	8.601217e-01	1.290841e+01	1.248821e+01
1.211120e+01	1.180567e+01	1.153933e+01	1.101485e+01	1.053746e+01	1.010726e+01
9.723749e+00	9.386377e+00	9.094984e+00	8.849551e+00	8.650137e+00	8.496363e+00
8.386468e+00	8.319594e+00	8.296949e+00	8.314195e+00	8.364683e+00	8.437587e+00
8.498622e+00	8.491404e+00	8.390717e+00	8.089977e+00	6.816122e+00	5.686993e+00
2.899469e+00	2.064172e+00	1.128219e+00	9.795252e-01	8.789165e-01	8.601529e-01
1.288607e+01	1.247874e+01	1.211062e+01	1.180695e+01	1.153954e+01	1.101602e+01
1.053949e+01	1.010998e+01	9.726960e+00	9.390134e+00	9.099497e+00	8.855037e+00
8.656739e+00	8.504184e+00	8.395774e+00	8.330806e+00	8.310675e+00	8.331347e+00
8.386925e+00	8.468525e+00	8.545594e+00	8.553119e+00	8.481286e+00	8.226279e+00
7.053903e+00	5.975471e+00	3.147987e+00	2.232352e+00	1.177563e+00	1.004897e+00
8.835227e-01	8.599253e-01	1.286493e+01	1.246949e+01	1.210973e+01	1.180792e+01
1.153968e+01	1.101690e+01	1.054112e+01	1.011222e+01	9.729609e+00	9.393245e+00
9.103264e+00	8.859670e+00	8.662371e+00	8.510911e+00	8.403834e+00	8.340573e+00
8.322685e+00	8.346401e+00	8.406514e+00	8.495917e+00	8.587460e+00	8.608373e+00
8.563134e+00	8.351774e+00	7.283013e+00	6.261127e+00	3.413334e+00	2.417592e+00
1.233546e+00	1.034412e+00	8.887573e-01	8.595800e-01	1.284814e+01	1.246351e+01
1.211027e+01	1.181015e+01	1.154073e+01	1.101895e+01	1.054392e+01	1.011549e+01
9.733238e+00	9.397227e+00	9.107772e+00	8.864885e+00	8.668450e+00	8.518008e+00
8.412131e+00	8.350331e+00	8.334334e+00	8.360697e+00	8.424861e+00	8.521144e+00
8.625115e+00	8.657656e+00	8.636240e+00	8.466370e+00	7.499945e+00	6.536138e+00
3.692889e+00	2.622550e+00	1.297488e+00	1.068705e+00	8.950107e-01	8.595743e-01
1.283476e+01	1.245949e+01	1.211284e+01	1.181403e+01	1.154375e+01	1.102237e+01
1.054776e+01	1.011952e+01	9.737529e+00	9.401745e+00	9.112662e+00	8.870289e+00
8.674516e+00	8.524915e+00	8.420046e+00	8.359489e+00	8.345091e+00	8.373677e+00
8.441216e+00	8.543282e+00	8.658014e+00	8.700682e+00	8.699514e+00	8.566230e+00
7.700639e+00	6.798748e+00	3.983089e+00	2.847665e+00	1.372713e+00	1.110851e+00
9.028944e-01	8.597498e-01	1.282231e+01	1.245504e+01	1.211368e+01	1.181593e+01
1.154478e+01	1.102360e+01	1.054927e+01	1.012147e+01	9.739897e+00	9.404640e+00
9.116152e+00	8.874340e+00	8.678880e+00	8.529427e+00	8.425168e+00	8.366099e+00
8.353786e+00	8.384221e+00	8.453212e+00	8.559022e+00	8.687126e+00	8.742263e+00
8.751662e+00	8.632830e+00	7.883520e+00	7.089032e+00	4.265964e+00	3.067229e+00
1.459112e+00	1.165523e+00	9.124990e-01	8.596002e-01	1.281075e+01	1.245058e+01
1.211416e+01	1.181726e+01	1.154538e+01	1.102431e+01	1.055020e+01	1.012280e+01
9.741618e+00	9.406907e+00	9.119028e+00	8.877750e+00	8.682474e+00	8.532969e+00
8.429165e+00	8.371539e+00	8.361335e+00	8.393398e+00	8.463151e+00	8.571854e+00
8.713492e+00	8.781465e+00	8.797411e+00	8.685504e+00	8.054963e+00	7.390773e+00
4.550286e+00	3.290667e+00	1.557207e+00	1.232085e+00	9.238635e-01	8.592188e-01
1.280044e+01	1.244702e+01	1.211487e+01	1.181890e+01	1.154633e+01	1.102545e+01
1.055151e+01	1.012440e+01	9.743544e+00	9.409126e+00	9.121520e+00	8.880543e+00
8.685682e+00	8.536692e+00	8.433608e+00	8.376916e+00	8.367678e+00	8.401283e+00
8.472897e+00	8.585059e+00	8.733540e+00	8.807335e+00	8.838277e+00	8.750587e+00
8.210698e+00	7.605517e+00	4.856872e+00	3.551039e+00	1.665417e+00	1.298455e+00
9.368366e-01	8.591080e-01	1.279075e+01	1.244410e+01	1.211610e+01	1.182107e+01
1.154813e+01	1.102755e+01	1.055361e+01	1.012655e+01	9.745922e+00	9.411354e+00
9.123584e+00	8.882654e+00	8.688409e+00	8.540688e+00	8.438905e+00	8.382664e+00
8.373276e+00	8.408423e+00	8.482195e+00	8.598431e+00	8.747285e+00	8.822249e+00
8.874455e+00	8.838428e+00	8.347550e+00	7.736041e+00	5.191925e+00	3.868387e+00
1.785979e+00	1.361915e+00	9.524722e-01	8.592186e-01	1.279457e+01	1.244833e+01
1.212100e+01	1.182479e+01	1.154941e+01	1.102698e+01	1.055276e+01	1.012598e+01
9.746037e+00	9.412729e+00	9.126107e+00	8.886082e+00	8.692517e+00	8.544959e+00
8.441260e+00	8.382177e+00	8.371256e+00	8.409430e+00	8.498043e+00	8.623834e+00
8.766459e+00	8.836950e+00	8.899036e+00	8.895585e+00	8.476907e+00	7.893287e+00
5.504636e+00	4.173408e+00	1.930173e+00	1.442564e+00	9.703301e-01	8.592063e-01
1.280047e+01	1.245430e+01	1.212575e+01	1.182737e+01	1.155018e+01	1.102586e+01
1.055127e+01	1.012490e+01	9.745921e+00	9.413890e+00	9.128072e+00	8.888510e+00
8.695277e+00	8.547610e+00	8.443073e+00	8.381031e+00	8.368239e+00	8.410416e+00
8.508899e+00	8.641961e+00	8.781801e+00	8.853052e+00	8.920670e+00	8.935221e+00
8.590187e+00	8.069204e+00	5.798230e+00	4.465538e+00	2.099752e+00	1.542837e+00
9.915759e-01	8.592024e-01	1.277093e+01	1.243681e+01	1.211784e+01	1.182485e+01
1.155047e+01	1.102927e+01	1.055517e+01	1.012849e+01	9.748623e+00	9.415315e+00
9.128507e+00	8.888241e+00	8.694721e+00	8.547899e+00	8.446588e+00	8.390901e+00
8.383136e+00	8.420973e+00	8.501851e+00	8.626007e+00	8.785312e+00	8.871367e+00
8.950488e+00	8.972601e+00	8.677608e+00	8.225876e+00	6.089506e+00	4.761106e+00
2.285097e+00	1.656233e+00	1.017975e+00	8.596727e-01	1.276159e+01	1.243125e+01
1.211484e+01	1.182253e+01	1.154806e+01	1.102739e+01	1.055354e+01	1.012696e+01
9.747202e+00	9.413999e+00	9.127368e+00	8.887357e+00	8.694112e+00	8.547605e+00
8.446608e+00	8.391233e+00	8.383924e+00	8.422408e+00	8.503990e+00	8.629587e+00
8.792254e+00	8.881836e+00	8.966926e+00	9.000876e+00	8.760000e+00	8.361665e+00
6.366561e+00	5.062255e+00	2.486371e+00	1.796800e+00	1.048225e+00	8.594194e-01
1.275521e+01	1.242777e+01	1.211350e+01	1.182183e+01	1.154701e+01	1.102668e+01
1.055300e+01	1.012646e+01	9.746694e+00	9.413476e+00	9.126904e+00	8.887082e+00
8.694024e+00	8.547615e+00	8.446825e+00	8.391856e+00	8.384994e+00	8.424011e+00
8.506855e+00	8.634009e+00	8.799511e+00	8.891261e+00	8.981132e+00	9.025801e+00
8.834785e+00	8.483526e+00	6.634282e+00	5.366217e+00	2.703464e+00	1.951433e+00
1.083373e+00	8.592241e-01	1.275040e+01	1.242544e+01	1.211298e+01	1.182182e+01
1.154726e+01	1.102793e+01	1.055479e+01	1.012825e+01	9.747929e+00	9.414113e+00
9.127352e+00	8.887684e+00	8.694979e+00	8.548979e+00	8.448602e+00	8.393920e+00
8.387341e+00	8.426585e+00	8.509794e+00	8.637947e+00	8.806235e+00	8.900542e+00
8.994439e+00	9.048202e+00	8.901112e+00	8.591663e+00	6.890270e+00	5.669173e+00
2.936598e+00	2.116538e+00	1.125340e+00	8.591533e-01	