3.379808e+00	3.417857e+00	3.459645e+00	3.508009e+00	3.561993e+00	3.680701e+00
3.808287e+00	3.936309e+00	4.064497e+00	4.195542e+00	4.332663e+00	4.474210e+00
4.614560e+00	4.747565e+00	4.872710e+00	4.989982e+00	5.102136e+00	5.219855e+00
5.352189e+00	5.490312e+00	5.621347e+00	5.684115e+00	5.749034e+00	5.798974e+00
5.831466e+00	5.838667e+00	5.845056e+00	5.846003e+00	5.847160e+00	5.847308e+00
5.847163e+00	5.847927e+00	3.523643e+00	3.562307e+00	3.604335e+00	3.652271e+00
3.705224e+00	3.820505e+00	3.943021e+00	4.064814e+00	4.185698e+00	4.308356e+00
4.436012e+00	4.567068e+00	4.696147e+00	4.817485e+00	4.930827e+00	5.036423e+00
5.137045e+00	5.242925e+00	5.362716e+00	5.488237e+00	5.607406e+00	5.664366e+00
5.723211e+00	5.768377e+00	5.797417e+00	5.803820e+00	5.809522e+00	5.810372e+00
5.811422e+00	5.811557e+00	5.811421e+00	5.812126e+00	3.673600e+00	3.712862e+00
3.755077e+00	3.802465e+00	3.854215e+00	3.965619e+00	4.082522e+00	4.197515e+00
4.310513e+00	4.424204e+00	4.541827e+00	4.661853e+00	4.779176e+00	4.888436e+00
4.989637e+00	5.083296e+00	5.172192e+00	5.266098e+00	5.373264e+00	5.486163e+00
5.593499e+00	5.644685e+00	5.697505e+00	5.737942e+00	5.763566e+00	5.769182e+00
5.774204e+00	5.774958e+00	5.775904e+00	5.776023e+00	5.775897e+00	5.776545e+00
3.829938e+00	3.869780e+00	3.912123e+00	3.958836e+00	4.009198e+00	4.116244e+00
4.226958e+00	4.334549e+00	4.439050e+00	4.543166e+00	4.650165e+00	4.758605e+00
4.863672e+00	4.960431e+00	5.049148e+00	5.130605e+00	5.207580e+00	5.289373e+00
5.383832e+00	5.484090e+00	5.579626e+00	5.625073e+00	5.671914e+00	5.707667e+00
5.729913e+00	5.734750e+00	5.739101e+00	5.739760e+00	5.740602e+00	5.740708e+00
5.740591e+00	5.741182e+00	3.992930e+00	4.033330e+00	4.075737e+00	4.121637e+00
4.170412e+00	4.272591e+00	4.376503e+00	4.476055e+00	4.571420e+00	4.665327e+00
4.761088e+00	4.857366e+00	4.949663e+00	5.033487e+00	5.109369e+00	5.178355e+00
5.243209e+00	5.312751e+00	5.394421e+00	5.482018e+00	5.565788e+00	5.605528e+00
5.646437e+00	5.677552e+00	5.696456e+00	5.700524e+00	5.704211e+00	5.704777e+00
5.705516e+00	5.705608e+00	5.705500e+00	5.706036e+00	4.162858e+00	4.203792e+00
4.246193e+00	4.291133e+00	4.338109e+00	4.434877e+00	4.531340e+00	4.622182e+00
4.707737e+00	4.790773e+00	4.874656e+00	4.958176e+00	5.037175e+00	5.107619e+00
5.170308e+00	5.226549e+00	5.279083e+00	5.336233e+00	5.405031e+00	5.479947e+00
5.551985e+00	5.586052e+00	5.621076e+00	5.647596e+00	5.663195e+00	5.666502e+00
5.669533e+00	5.670007e+00	5.670645e+00	5.670722e+00	5.670624e+00	5.671104e+00
4.340017e+00	4.381459e+00	4.423779e+00	4.467600e+00	4.512549e+00	4.603326e+00
4.691655e+00	4.773079e+00	4.848119e+00	4.919592e+00	4.990934e+00	5.061078e+00
5.126233e+00	5.182842e+00	5.231975e+00	5.275191e+00	5.315202e+00	5.359818e+00
5.415662e+00	5.477876e+00	5.538215e+00	5.566644e+00	5.595828e+00	5.617799e+00
5.630127e+00	5.632683e+00	5.635066e+00	5.635448e+00	5.635986e+00	5.636050e+00
5.635961e+00	5.636386e+00	4.524716e+00	4.566634e+00	4.608791e+00	4.651324e+00
4.694003e+00	4.778174e+00	4.857641e+00	4.928902e+00	4.992688e+00	5.051875e+00
5.109985e+00	5.166116e+00	5.216866e+00	5.259173e+00	5.294376e+00	5.324287e+00
5.351568e+00	5.383507e+00	5.426314e+00	5.475806e+00	5.524480e+00	5.547302e+00
5.570693e+00	5.588158e+00	5.597253e+00	5.599066e+00	5.600809e+00	5.601101e+00
5.601540e+00	5.601590e+00	5.601510e+00	5.601881e+00	4.717276e+00	4.759636e+00
4.801541e+00	4.842602e+00	4.882754e+00	4.959662e+00	5.029500e+00	5.089812e+00
5.141567e+00	5.187715e+00	5.231876e+00	5.273334e+00	5.309102e+00	5.336629e+00
5.357522e+00	5.373839e+00	5.388183e+00	5.407301e+00	5.436987e+00	5.473737e+00
5.510779e+00	5.528029e+00	5.545672e+00	5.558674e+00	5.564571e+00	5.565650e+00
5.566760e+00	5.566962e+00	5.567304e+00	5.567341e+00	5.567270e+00	5.567587e+00
4.918030e+00	4.960794e+00	5.002353e+00	5.041747e+00	5.079095e+00	5.148045e+00
5.207439e+00	5.255976e+00	5.294885e+00	5.327207e+00	5.356674e+00	5.382777e+00
5.402968e+00	5.415225e+00	5.421421e+00	5.423852e+00	5.425049e+00	5.431200e+00
5.447680e+00	5.471669e+00	5.497112e+00	5.508822e+00	5.520763e+00	5.529345e+00
5.532080e+00	5.532433e+00	5.532917e+00	5.533032e+00	5.533277e+00	5.533301e+00
5.533239e+00	5.533503e+00	5.127328e+00	5.170454e+00	5.211562e+00	5.249082e+00
5.283331e+00	5.343582e+00	5.391674e+00	5.427563e+00	5.452776e+00	5.470451e+00
5.484449e+00	5.494491e+00	5.498494e+00	5.494979e+00	5.486082e+00	5.474331e+00
5.462166e+00	5.455205e+00	5.458395e+00	5.469601e+00	5.483478e+00	5.489681e+00
5.495965e+00	5.500171e+00	5.499778e+00	5.499414e+00	5.499281e+00	5.499309e+00
5.499459e+00	5.499469e+00	5.499415e+00	5.499628e+00	5.345533e+00	5.388975e+00
5.429522e+00	5.464943e+00	5.495780e+00	5.546547e+00	5.582426e+00	5.604753e+00
5.615375e+00	5.617546e+00	5.615272e+00	5.608525e+00	5.595708e+00	5.575907e+00
5.551514e+00	5.525279e+00	5.499538e+00	5.479316e+00	5.469131e+00	5.467535e+00
5.469879e+00	5.470608e+00	5.471279e+00	5.471151e+00	5.467665e+00	5.466592e+00
5.465849e+00	5.465791e+00	5.465847e+00	5.465844e+00	5.465799e+00	5.465960e+00
5.573024e+00	5.616731e+00	5.656597e+00	5.689680e+00	5.716771e+00	5.757220e+00
5.779927e+00	5.787727e+00	5.782822e+00	5.768596e+00	5.749216e+00	5.724924e+00
5.694642e+00	5.658027e+00	5.617727e+00	5.576702e+00	5.537165e+00	5.503533e+00
5.479888e+00	5.465469e+00	5.456313e+00	5.451600e+00	5.446704e+00	5.442284e+00
5.435740e+00	5.433967e+00	5.432621e+00	5.432477e+00	5.432440e+00	5.432425e+00
5.432388e+00	5.432498e+00	5.810196e+00	5.854113e+00	5.893168e+00	5.923660e+00
5.946649e+00	5.975896e+00	5.984416e+00	5.976675e+00	5.955262e+00	5.923707e+00
5.886355e+00	5.843740e+00	5.795324e+00	5.741357e+00	5.684729e+00	5.628604e+00
5.575050e+00	5.527858e+00	5.490666e+00	5.463403e+00	5.442781e+00	5.432659e+00
5.422240e+00	5.413569e+00	5.404001e+00	5.401536e+00	5.399594e+00	5.399367e+00
5.399238e+00	5.399210e+00	5.399182e+00	5.399241e+00	6.057462e+00	6.101528e+00
6.139634e+00	6.167262e+00	6.185770e+00	6.202878e+00	6.196139e+00	6.171791e+00
6.132845e+00	6.082990e+00	6.026765e+00	5.965021e+00	5.897787e+00	5.825914e+00
5.752531e+00	5.680988e+00	5.613194e+00	5.552290e+00	5.501465e+00	5.461339e+00
5.429282e+00	5.413783e+00	5.397885e+00	5.385006e+00	5.372447e+00	5.369298e+00
5.366768e+00	5.366458e+00	5.366238e+00	5.366198e+00	5.366178e+00	5.366188e+00
6.317822e+00	6.362154e+00	6.399362e+00	6.424060e+00	6.437929e+00	6.442414e+00
6.419811e+00	6.378243e+00	6.321146e+00	6.252339e+00	6.176516e+00	6.094887e+00
6.008176e+00	5.917942e+00	5.827738e+00	5.741442e+00	5.660897e+00	5.582763e+00
5.514897e+00	5.459733e+00	5.417927e+00	5.397559e+00	5.376564e+00	5.359684e+00
5.344283e+00	5.340482e+00	5.337386e+00	5.336996e+00	5.336688e+00	5.336636e+00
5.336624e+00	5.336585e+00	6.587415e+00	6.631816e+00	6.667829e+00	6.689135e+00
6.697767e+00	6.688218e+00	6.648186e+00	6.587855e+00	6.511148e+00	6.422063e+00
6.325505e+00	6.223055e+00	6.116085e+00	6.006807e+00	5.899050e+00	5.796946e+00
5.702161e+00	5.609048e+00	5.526452e+00	5.457794e+00	5.405058e+00	5.379501e+00
5.353201e+00	5.332236e+00	5.313940e+00	5.309476e+00	5.305810e+00	5.305339e+00
5.304943e+00	5.304879e+00	5.304875e+00	5.304787e+00	6.856181e+00	6.899735e+00
6.933481e+00	6.950058e+00	6.951920e+00	6.925002e+00	6.864057e+00	6.781654e+00
6.682394e+00	6.570675e+00	6.451883e+00	6.327896e+00	6.200349e+00	6.071896e+00
5.945986e+00	5.823293e+00	5.707963e+00	5.609001e+00	5.520129e+00	5.443109e+00
5.374758e+00	5.342947e+00	5.310968e+00	5.286075e+00	5.264790e+00	5.259655e+00
5.255444e+00	5.254898e+00	5.254427e+00	5.254351e+00	5.254350e+00	5.254230e+00
7.122731e+00	7.164426e+00	7.194745e+00	7.205190e+00	7.198711e+00	7.151135e+00
7.066050e+00	6.958745e+00	6.834686e+00	6.698855e+00	6.557268e+00	6.411976e+00
6.264579e+00	6.117987e+00	5.975280e+00	5.835938e+00	5.705369e+00	5.587279e+00
5.479049e+00	5.384034e+00	5.303389e+00	5.267100e+00	5.231986e+00	5.205573e+00
5.182286e+00	5.176718e+00	5.172236e+00	5.171654e+00	5.171167e+00	5.171088e+00
5.171071e+00	5.170976e+00	7.388783e+00	7.427518e+00	7.453183e+00	7.456038e+00
7.439607e+00	7.368063e+00	7.255660e+00	7.120719e+00	6.969676e+00	6.808200e+00
6.642891e+00	6.475875e+00	6.308772e+00	6.140520e+00	5.975832e+00	5.829731e+00
5.689714e+00	5.551738e+00	5.425559e+00	5.313338e+00	5.217795e+00	5.175981e+00
5.136940e+00	5.108692e+00	5.083408e+00	5.077467e+00	5.072760e+00	5.072146e+00
5.071649e+00	5.071570e+00	5.071543e+00	5.071470e+00	7.656357e+00	7.691222e+00
7.711215e+00	7.705269e+00	7.677566e+00	7.579421e+00	7.437332e+00	7.272925e+00
7.093685e+00	6.906019e+00	6.717081e+00	6.529028e+00	6.343615e+00	6.156052e+00
5.973198e+00	5.807743e+00	5.648881e+00	5.496068e+00	5.353723e+00	5.224752e+00
5.113703e+00	5.066047e+00	5.023032e+00	4.993210e+00	4.966276e+00	4.960099e+00
4.955285e+00	4.954654e+00	4.954166e+00	4.954093e+00	4.954058e+00	4.954012e+00
7.925414e+00	7.955282e+00	7.968351e+00	7.952152e+00	7.911622e+00	7.783852e+00
7.609365e+00	7.413369e+00	7.204381e+00	6.989369e+00	6.775863e+00	6.565582e+00
6.357329e+00	6.158552e+00	5.966636e+00	5.779142e+00	5.601397e+00	5.432639e+00
5.273604e+00	5.127452e+00	5.000179e+00	4.946107e+00	4.898550e+00	4.866806e+00
4.838225e+00	4.831843e+00	4.826953e+00	4.826311e+00	4.825835e+00	4.825765e+00
4.825722e+00	4.825699e+00	8.193382e+00	8.216923e+00	8.221624e+00	8.193562e+00
8.138546e+00	7.978123e+00	7.768816e+00	7.539699e+00	7.300298e+00	7.058019e+00
6.820830e+00	6.590501e+00	6.361679e+00	6.144536e+00	5.934945e+00	5.732395e+00
5.539067e+00	5.354314e+00	5.178602e+00	5.014958e+00	4.870343e+00	4.808855e+00
4.755758e+00	4.721499e+00	4.691327e+00	4.684813e+00	4.679915e+00	4.679274e+00
4.678818e+00	4.678748e+00	4.678692e+00	4.678686e+00	8.461075e+00	8.476927e+00
8.471823e+00	8.430348e+00	8.359269e+00	8.163347e+00	7.917025e+00	7.653385e+00
7.382834e+00	7.112992e+00	6.851782e+00	6.598647e+00	6.357228e+00	6.121784e+00
5.894672e+00	5.676831e+00	5.468105e+00	5.267642e+00	5.075517e+00	4.894510e+00
4.732147e+00	4.662572e+00	4.603091e+00	4.565663e+00	4.533662e+00	4.526972e+00
4.522025e+00	4.521387e+00	4.520935e+00	4.520869e+00	4.520807e+00	4.520814e+00
8.728458e+00	8.735142e+00	8.718697e+00	8.662193e+00	8.573462e+00	8.339354e+00
8.054165e+00	7.755080e+00	7.453245e+00	7.156258e+00	6.871806e+00	6.600054e+00
6.338364e+00	6.086698e+00	5.844481e+00	5.611781e+00	5.388265e+00	5.172662e+00
4.964587e+00	4.766480e+00	4.585935e+00	4.507471e+00	4.440554e+00	4.399087e+00
4.364885e+00	4.357943e+00	4.352885e+00	4.352242e+00	4.351781e+00	4.351722e+00
4.351663e+00	4.351671e+00	8.996918e+00	8.992794e+00	8.963335e+00	8.890062e+00
8.782028e+00	8.507116e+00	8.181390e+00	7.846165e+00	7.513113e+00	7.189411e+00
6.881814e+00	6.591042e+00	6.311906e+00	6.044339e+00	5.787293e+00	5.540243e+00
5.302536e+00	5.072394e+00	4.848905e+00	4.634092e+00	4.435012e+00	4.346851e+00
4.271370e+00	4.224825e+00	4.187875e+00	4.180556e+00	4.175284e+00	4.174621e+00
4.174149e+00	4.174089e+00	4.174039e+00	4.174028e+00	9.264947e+00	9.248264e+00
9.204045e+00	9.112305e+00	8.983396e+00	8.665303e+00	8.297763e+00	7.926186e+00
7.562476e+00	7.213274e+00	6.881395e+00	6.573253e+00	6.277424e+00	5.994400e+00
5.723113e+00	5.462405e+00	5.211258e+00	4.967335e+00	4.729118e+00	4.498162e+00
4.280423e+00	4.181811e+00	4.096672e+00	4.044004e+00	4.003741e+00	3.995906e+00
3.990292e+00	3.989601e+00	3.989105e+00	3.989034e+00	3.988983e+00	3.988976e+00
9.533590e+00	9.502536e+00	9.441770e+00	9.329858e+00	9.178565e+00	8.815121e+00
8.404688e+00	7.996641e+00	7.602682e+00	7.227662e+00	6.878853e+00	6.549332e+00
6.237330e+00	5.939264e+00	5.654290e+00	5.380572e+00	5.116714e+00	4.859765e+00
4.607579e+00	4.361236e+00	4.125150e+00	4.015751e+00	3.920288e+00	3.860738e+00
3.816536e+00	3.808009e+00	3.801888e+00	3.801147e+00	3.800609e+00	3.800525e+00
3.800477e+00	3.800459e+00	9.800627e+00	9.752956e+00	9.673505e+00	9.539512e+00
9.364269e+00	8.953541e+00	8.499672e+00	8.055694e+00	7.632606e+00	7.234298e+00
6.864031e+00	6.517654e+00	6.190288e+00	5.877822e+00	5.579917e+00	5.293991e+00
5.018276e+00	4.749141e+00	4.483806e+00	4.222861e+00	3.968636e+00	3.847933e+00
3.741171e+00	3.673610e+00	3.624359e+00	3.614819e+00	3.607909e+00	3.607079e+00
3.606469e+00	3.606369e+00	3.606329e+00	3.606279e+00	1.006595e+01	9.999127e+00
9.898651e+00	9.740640e+00	9.539924e+00	9.080373e+00	8.582988e+00	8.104064e+00
7.653090e+00	7.230827e+00	6.843373e+00	6.479815e+00	6.137783e+00	5.811578e+00
5.501526e+00	5.204180e+00	4.917380e+00	4.636878e+00	4.359278e+00	4.084666e+00
3.812956e+00	3.680849e+00	3.562235e+00	3.485684e+00	3.429963e+00	3.418961e+00
3.410889e+00	3.409924e+00	3.409205e+00	3.409082e+00	3.409037e+00	3.408981e+00
1.033139e+01	1.024320e+01	1.011969e+01	9.936019e+00	9.708595e+00	9.199001e+00
8.658111e+00	8.144917e+00	7.667522e+00	7.222457e+00	6.816453e+00	6.437000e+00
6.081204e+00	5.741996e+00	5.420548e+00	5.112534e+00	4.815391e+00	4.524315e+00
4.235350e+00	3.948114e+00	3.659964e+00	3.516830e+00	3.386466e+00	3.300611e+00
3.237624e+00	3.224885e+00	3.215419e+00	3.214288e+00	3.213438e+00	3.213289e+00
3.213234e+00	3.213182e+00	1.059009e+01	1.048038e+01	1.033411e+01	1.012483e+01
9.870345e+00	9.308740e+00	8.721686e+00	8.172764e+00	7.668549e+00	7.208919e+00
6.784348e+00	6.389676e+00	6.020933e+00	5.669520e+00	5.337434e+00	5.019507e+00
4.712701e+00	4.411658e+00	4.112005e+00	3.813319e+00	3.510236e+00	3.356561e+00
3.214547e+00	3.119040e+00	3.047791e+00	3.032769e+00	3.021662e+00	3.020353e+00
3.019331e+00	3.019159e+00	3.019087e+00	3.019044e+00	1.084559e+01	1.070979e+01
1.053663e+01	1.029882e+01	1.001575e+01	9.402438e+00	8.772420e+00	8.191488e+00
7.663912e+00	7.183788e+00	6.743853e+00	6.335538e+00	5.954922e+00	5.592323e+00
5.250546e+00	4.923644e+00	4.608059e+00	4.298027e+00	3.988845e+00	3.679885e+00
3.362871e+00	3.199056e+00	3.045348e+00	2.939478e+00	2.858284e+00	2.840572e+00
2.827345e+00	2.825784e+00	2.824558e+00	2.824362e+00	2.824277e+00	2.824241e+00
1.115993e+01	1.094840e+01	1.070585e+01	1.041417e+01	1.009316e+01	9.440262e+00
8.799323e+00	8.204161e+00	7.659732e+00	7.162943e+00	6.704456e+00	6.278830e+00
5.883522e+00	5.508967e+00	5.157541e+00	4.822283e+00	4.499357e+00	4.183615e+00
3.869531e+00	3.551468e+00	3.218740e+00	3.045962e+00	2.881715e+00	2.764863e+00
2.670875e+00	2.652391e+00	2.635835e+00	2.633622e+00	2.632310e+00	2.632098e+00
2.632080e+00	2.631995e+00	1.151106e+01	1.119055e+01	1.085766e+01	1.050536e+01
1.014772e+01	9.463543e+00	8.818323e+00	8.214004e+00	7.654893e+00	7.142454e+00
6.663619e+00	6.218636e+00	5.807297e+00	5.420882e+00	5.060354e+00	4.717628e+00
4.388636e+00	4.069375e+00	3.753133e+00	3.426965e+00	3.078351e+00	2.897691e+00
2.723993e+00	2.596278e+00	2.488330e+00	2.469904e+00	2.449490e+00	2.446448e+00
2.445102e+00	2.444876e+00	2.444958e+00	2.444800e+00	1.179628e+01	1.140512e+01
1.100937e+01	1.060892e+01	1.021718e+01	9.495398e+00	8.829120e+00	8.214176e+00
7.642678e+00	7.109266e+00	6.609600e+00	6.147679e+00	5.724080e+00	5.328995e+00
4.961702e+00	4.613543e+00	4.279514e+00	3.956117e+00	3.635937e+00	3.302064e+00
2.940955e+00	2.753609e+00	2.571512e+00	2.434159e+00	2.313066e+00	2.292542e+00
2.268842e+00	2.265258e+00	2.263717e+00	2.263469e+00	2.263550e+00	2.263376e+00
1.200756e+01	1.158668e+01	1.116169e+01	1.073254e+01	1.031345e+01	9.543792e+00
8.835440e+00	8.187754e+00	7.590727e+00	7.039953e+00	6.527819e+00	6.057505e+00
5.629588e+00	5.231216e+00	4.860621e+00	4.509768e+00	4.171921e+00	3.843352e+00
3.516565e+00	3.175209e+00	2.805593e+00	2.612752e+00	2.423153e+00	2.277229e+00
2.143449e+00	2.118072e+00	2.091658e+00	2.087864e+00	2.085924e+00	2.085640e+00
2.085595e+00	2.085476e+00	1.220761e+01	1.175445e+01	1.129793e+01	1.083857e+01
1.039134e+01	9.573584e+00	8.830138e+00	8.150540e+00	7.529201e+00	6.961177e+00
6.437555e+00	5.959819e+00	5.528545e+00	5.127832e+00	4.754490e+00	4.401985e+00
4.061382e+00	3.728821e+00	3.396826e+00	3.049564e+00	2.673369e+00	2.476255e+00
2.280516e+00	2.127086e+00	1.980893e+00	1.950487e+00	1.921388e+00	1.917404e+00
1.915042e+00	1.914718e+00	1.914554e+00	1.914466e+00	1.239605e+01	1.190765e+01
1.141714e+01	1.092617e+01	1.045058e+01	9.584070e+00	8.805476e+00	8.098114e+00
7.455957e+00	6.871175e+00	6.337046e+00	5.853294e+00	5.419660e+00	5.017698e+00
4.642352e+00	4.289309e+00	3.947231e+00	3.612067e+00	3.276422e+00	2.924891e+00
2.543979e+00	2.343781e+00	2.143290e+00	1.983485e+00	1.825179e+00	1.789591e+00
1.757846e+00	1.753696e+00	1.750887e+00	1.750517e+00	1.750243e+00	1.750166e+00
1.257123e+01	1.204512e+01	1.151864e+01	1.099477e+01	1.048969e+01	9.581803e+00
8.764630e+00	8.031115e+00	7.370134e+00	6.770106e+00	6.226562e+00	5.739290e+00
5.304304e+00	4.902016e+00	4.525163e+00	4.171736e+00	3.828818e+00	3.491902e+00
3.153885e+00	2.800078e+00	2.417290e+00	2.215564e+00	2.011585e+00	1.846195e+00
1.676468e+00	1.635687e+00	1.601406e+00	1.597114e+00	1.593834e+00	1.593420e+00
1.593043e+00	1.592970e+00	1.274081e+01	1.216742e+01	1.159731e+01	1.103655e+01
1.050087e+01	9.547983e+00	8.699529e+00	7.946640e+00	7.274641e+00	6.667189e+00
6.118604e+00	5.631359e+00	5.195639e+00	4.791719e+00	4.410139e+00	4.051116e+00
3.702574e+00	3.360732e+00	3.020625e+00	2.669497e+00	2.293965e+00	2.094667e+00
1.887232e+00	1.713884e+00	1.534432e+00	1.489171e+00	1.452393e+00	1.447888e+00
1.444171e+00	1.443718e+00	1.443300e+00	1.443191e+00	1.291739e+01	1.228998e+01
1.167090e+01	1.107008e+01	1.050269e+01	9.499864e+00	8.623059e+00	7.852544e+00
7.170705e+00	6.557750e+00	6.004933e+00	5.517332e+00	5.080307e+00	4.674251e+00
4.288432e+00	3.924875e+00	3.573543e+00	3.229712e+00	2.889691e+00	2.541987e+00
2.172979e+00	1.976027e+00	1.766730e+00	1.587751e+00	1.399447e+00	1.350646e+00
1.311549e+00	1.306788e+00	1.302727e+00	1.302250e+00	1.301794e+00	1.301655e+00
1.310665e+01	1.241689e+01	1.174234e+01	1.109790e+01	1.049678e+01	9.443675e+00
8.537121e+00	7.748859e+00	7.056287e+00	6.438414e+00	5.881783e+00	5.392258e+00
4.952788e+00	4.544024e+00	4.155411e+00	3.789910e+00	3.440758e+00	3.099560e+00
2.762363e+00	2.418063e+00	2.052983e+00	1.857561e+00	1.648311e+00	1.466756e+00
1.270134e+00	1.218637e+00	1.177325e+00	1.172263e+00	1.167950e+00	1.167460e+00
1.166960e+00	1.166810e+00	1.330464e+01	1.254669e+01	1.181232e+01	1.112238e+01
1.048731e+01	9.382673e+00	8.446203e+00	7.640575e+00	6.936459e+00	6.313244e+00
5.755747e+00	5.264429e+00	4.822689e+00	4.411457e+00	4.020070e+00	3.651115e+00
3.303294e+00	2.965031e+00	2.632110e+00	2.293397e+00	1.934802e+00	1.742100e+00
1.533523e+00	1.349889e+00	1.147115e+00	1.093391e+00	1.050243e+00	1.044977e+00
1.040446e+00	1.039932e+00	1.039392e+00	1.039274e+00	1.351141e+01	1.267955e+01
1.188143e+01	1.114493e+01	1.047521e+01	9.319918e+00	8.354034e+00	7.531311e+00
6.815519e+00	6.186600e+00	5.629258e+00	5.136130e+00	4.691865e+00	4.277953e+00
3.883963e+00	3.511638e+00	3.165295e+00	2.830831e+00	2.503042e+00	2.170998e+00
1.820253e+00	1.630980e+00	1.423919e+00	1.239298e+00	1.032540e+00	9.772560e-01
9.328028e-01	9.273732e-01	9.227166e-01	9.221815e-01	9.216247e-01	9.215411e-01
1.372876e+01	1.281526e+01	1.194829e+01	1.116498e+01	1.046301e+01	9.259612e+00
8.265913e+00	7.426103e+00	6.699071e+00	6.062865e+00	5.504180e+00	5.009053e+00
4.560706e+00	4.142333e+00	3.745389e+00	3.371477e+00	3.027487e+00	2.698567e+00
2.375838e+00	2.050714e+00	1.709081e+00	1.523790e+00	1.319146e+00	1.134842e+00
9.261512e-01	8.699265e-01	8.246734e-01	8.189933e-01	8.143851e-01	8.138398e-01
8.133237e-01	8.132318e-01	1.396352e+01	1.295791e+01	1.201528e+01	1.118399e+01
1.045198e+01	9.204682e+00	8.183773e+00	7.326102e+00	6.587952e+00	5.943168e+00
5.381655e+00	4.884082e+00	4.430271e+00	4.005980e+00	3.605855e+00	3.231740e+00
2.890242e+00	2.568030e+00	2.250398e+00	1.932544e+00	1.601223e+00	1.420533e+00
1.219225e+00	1.036415e+00	8.274679e-01	7.707721e-01	7.250819e-01	7.191110e-01
7.146615e-01	7.141124e-01	7.136731e-01	7.135467e-01	1.424419e+01	1.313217e+01
1.210319e+01	1.121877e+01	1.045857e+01	9.172310e+00	8.115084e+00	7.236797e+00
6.487537e+00	5.836193e+00	5.270102e+00	4.769323e+00	4.311856e+00	3.884441e+00
3.482570e+00	3.107217e+00	2.764044e+00	2.445372e+00	2.132966e+00	1.822465e+00
1.500978e+00	1.325266e+00	1.128387e+00	9.483177e-01	7.400817e-01	6.831199e-01
6.371724e-01	6.311342e-01	6.267272e-01	6.261746e-01	6.257591e-01	6.256262e-01
1.456573e+01	1.333446e+01	1.221054e+01	1.127256e+01	1.048336e+01	9.148235e+00
8.055954e+00	7.156099e+00	6.395741e+00	5.738754e+00	5.167248e+00	4.662751e+00
4.202374e+00	3.773130e+00	3.370268e+00	2.993430e+00	2.646831e+00	2.330007e+00
2.022853e+00	1.719582e+00	1.407598e+00	1.237176e+00	1.045401e+00	8.688376e-01
6.623163e-01	6.054650e-01	5.595776e-01	5.535904e-01	5.491987e-01	5.486448e-01
5.482332e-01	5.481042e-01	1.492026e+01	1.356311e+01	1.233917e+01	1.134399e+01
1.052135e+01	9.145035e+00	8.040164e+00	7.106545e+00	6.330410e+00	5.667001e+00
5.088749e+00	4.577418e+00	4.112373e+00	3.680931e+00	3.276925e+00	2.898299e+00
2.547955e+00	2.229548e+00	1.926705e+00	1.628368e+00	1.324187e+00	1.159835e+00
9.733917e-01	7.998049e-01	5.948862e-01	5.385566e-01	4.928357e-01	4.868649e-01
4.824606e-01	4.818932e-01	4.814832e-01	4.813526e-01	1.532397e+01	1.383414e+01
1.250700e+01	1.145731e+01	1.060728e+01	9.177997e+00	8.039726e+00	7.076708e+00
6.283211e+00	5.613966e+00	5.029537e+00	4.509961e+00	4.039336e+00	3.605697e+00
3.200643e+00	2.820155e+00	2.465986e+00	2.143090e+00	1.843890e+00	1.548134e+00
1.250013e+00	1.092563e+00	9.116070e-01	7.403294e-01	5.366260e-01	4.811176e-01
4.355700e-01	4.295715e-01	4.251190e-01	4.245248e-01	4.241136e-01	4.239790e-01
1.576801e+01	1.413895e+01	1.270465e+01	1.160037e+01	1.072345e+01	9.236264e+00
8.057331e+00	7.081304e+00	6.278805e+00	5.599918e+00	5.003859e+00	4.473403e+00
3.994227e+00	3.555430e+00	3.147446e+00	2.763802e+00	2.405209e+00	2.076051e+00
1.776430e+00	1.482986e+00	1.189566e+00	1.036579e+00	8.595207e-01	6.902907e-01
4.875378e-01	4.323833e-01	3.869295e-01	3.809099e-01	3.764369e-01	3.758348e-01
3.754216e-01	3.752423e-01	1.625671e+01	1.448250e+01	1.293815e+01	1.178114e+01
1.087994e+01	9.335143e+00	8.124504e+00	7.118640e+00	6.291607e+00	5.599651e+00
4.997893e+00	4.461725e+00	3.977605e+00	3.533701e+00	3.119708e+00	2.730973e+00
2.366718e+00	2.029550e+00	1.724605e+00	1.432844e+00	1.142584e+00	9.920697e-01
8.172775e-01	6.493320e-01	4.468315e-01	3.916296e-01	3.460908e-01	3.400457e-01
3.355510e-01	3.349479e-01	3.345375e-01	3.342944e-01	1.678531e+01	1.486196e+01
1.320542e+01	1.199657e+01	1.107210e+01	9.465340e+00	8.217823e+00	7.193209e+00
6.350036e+00	5.642871e+00	5.027424e+00	4.479221e+00	3.984339e+00	3.532446e+00
3.113701e+00	2.720587e+00	2.351450e+00	2.007317e+00	1.693581e+00	1.400218e+00
1.110724e+00	9.610270e-01	7.865638e-01	6.182381e-01	4.144412e-01	3.587968e-01
3.128073e-01	3.067042e-01	3.021455e-01	3.015333e-01	3.011322e-01	3.008480e-01
1.734488e+01	1.527195e+01	1.350320e+01	1.224312e+01	1.129631e+01	9.628066e+00
8.342064e+00	7.301346e+00	6.444538e+00	5.722928e+00	5.093898e+00	4.533734e+00
4.028466e+00	3.567872e+00	3.142200e+00	2.742881e+00	2.367274e+00	2.015010e+00
1.689215e+00	1.386569e+00	1.094109e+00	9.430371e-01	7.661626e-01	5.958888e-01
3.897145e-01	3.331850e-01	2.863761e-01	2.801555e-01	2.754988e-01	2.748771e-01
2.744676e-01	2.742151e-01	1.792342e+01	1.570321e+01	1.382387e+01	1.251299e+01
1.154407e+01	9.816361e+00	8.493832e+00	7.437961e+00	6.569120e+00	5.833595e+00
5.190244e+00	4.617135e+00	4.100824e+00	3.630281e+00	3.194728e+00	2.786260e+00
2.400821e+00	2.035514e+00	1.693415e+00	1.385859e+00	1.091553e+00	9.395163e-01
7.611883e-01	5.866183e-01	3.725208e-01	3.143018e-01	2.660195e-01	2.595986e-01
2.547901e-01	2.541525e-01	2.537261e-01	2.535501e-01	1.851339e+01	1.615331e+01
1.416869e+01	1.280878e+01	1.181833e+01	1.003677e+01	8.684961e+00	7.614685e+00
6.735368e+00	5.987213e+00	5.329508e+00	4.742499e+00	4.213913e+00	3.732660e+00
3.287472e+00	2.869782e+00	2.474572e+00	2.097445e+00	1.739040e+00	1.410147e+00
1.106890e+00	9.500926e-01	7.651851e-01	5.843449e-01	3.626422e-01	3.017744e-01
2.512950e-01	2.445831e-01	2.395643e-01	2.389031e-01	2.384523e-01	2.383621e-01
1.910350e+01	1.661275e+01	1.452945e+01	1.312333e+01	1.211237e+01	1.028312e+01
8.914646e+00	7.829294e+00	6.936922e+00	6.174570e+00	5.502142e+00	4.900882e+00
4.359190e+00	3.866024e+00	3.409820e+00	2.981469e+00	2.574967e+00	2.184216e+00
1.807803e+00	1.456163e+00	1.138094e+00	9.749492e-01	7.811692e-01	5.917705e-01
3.610833e-01	2.946859e-01	2.409623e-01	2.339525e-01	2.287086e-01	2.280022e-01
2.275438e-01	2.274975e-01	1.969401e+01	1.707815e+01	1.490087e+01	1.345149e+01
1.242212e+01	1.055173e+01	9.175644e+00	8.075394e+00	7.168512e+00	6.391150e+00
5.704132e+00	5.088877e+00	4.533943e+00	4.028317e+00	3.560365e+00	3.120586e+00
2.702037e+00	2.297022e+00	1.902485e+00	1.526397e+00	1.186953e+00	1.015432e+00
8.106852e-01	6.086651e-01	3.602422e-01	2.900081e-01	2.330970e-01	2.256998e-01
2.201900e-01	2.194488e-01	2.189604e-01	2.189055e-01	2.026719e+01	1.753448e+01
1.527073e+01	1.378446e+01	1.274277e+01	1.084266e+01	9.463176e+00	8.348401e+00
7.424952e+00	6.630784e+00	5.928938e+00	5.300251e+00	4.732257e+00	4.213614e+00
3.733203e+00	3.281396e+00	2.850034e+00	2.429429e+00	2.015029e+00	1.613982e+00
1.248039e+00	1.064955e+00	8.460155e-01	6.295840e-01	3.621033e-01	2.899314e-01
2.285028e-01	2.202301e-01	2.144170e-01	2.137117e-01	2.130844e-01	2.128769e-01
2.081368e+01	1.797643e+01	1.563708e+01	1.412237e+01	1.307614e+01	1.116267e+01
9.786231e+00	8.658006e+00	7.716060e+00	6.903656e+00	6.187364e+00	5.546490e+00
4.966122e+00	4.434118e+00	3.940554e+00	3.476071e+00	3.031185e+00	2.594122e+00
2.159445e+00	1.735537e+00	1.334019e+00	1.133289e+00	8.948617e-01	6.608137e-01
3.722348e-01	2.930705e-01	2.258777e-01	2.167705e-01	2.105364e-01	2.098670e-01
2.090813e-01	2.086627e-01	2.130819e+01	1.839198e+01	1.599694e+01	1.446476e+01
1.342090e+01	1.150462e+01	1.012048e+01	8.980110e+00	8.025531e+00	7.200530e+00
6.471583e+00	5.817882e+00	5.224481e+00	4.679094e+00	4.171636e+00	3.692698e+00
3.233008e+00	2.780925e+00	2.329337e+00	1.881541e+00	1.439415e+00	1.214166e+00
9.525216e-01	6.974392e-01	3.855909e-01	2.990259e-01	2.261716e-01	2.162111e-01
2.080543e-01	2.072273e-01	2.062945e-01	2.054687e-01	2.177278e+01	1.879071e+01
1.635121e+01	1.480933e+01	1.377430e+01	1.186655e+01	1.046922e+01	9.318331e+00
8.355308e+00	7.521859e+00	6.781863e+00	6.115227e+00	5.508608e+00	4.950046e+00
4.428339e+00	3.933797e+00	3.458548e+00	2.992932e+00	2.527885e+00	2.056294e+00
1.567823e+00	1.310303e+00	1.020834e+00	7.410087e-01	4.040817e-01	3.094830e-01
2.275848e-01	2.159524e-01	2.061783e-01	2.051646e-01	2.041035e-01	2.028456e-01
2.222420e+01	1.916128e+01	1.666898e+01	1.512193e+01	1.410716e+01	1.222802e+01
1.082851e+01	9.672355e+00	8.702106e+00	7.859799e+00	7.108520e+00	6.429078e+00
5.809406e+00	5.238003e+00	4.703145e+00	4.194914e+00	3.705920e+00	3.227192e+00
2.747409e+00	2.250506e+00	1.714273e+00	1.422059e+00	1.099436e+00	7.917556e-01
4.255916e-01	3.220663e-01	2.298611e-01	2.161462e-01	2.048023e-01	2.034135e-01
2.024367e-01	2.006441e-01	2.266790e+01	1.950302e+01	1.694544e+01	1.539415e+01
1.440968e+01	1.258281e+01	1.119689e+01	1.004383e+01	9.068763e+00	8.217356e+00
7.454545e+00	6.762318e+00	6.129426e+00	5.545172e+00	4.998547e+00	4.479703e+00
3.980115e+00	3.488915e+00	2.991912e+00	2.467959e+00	1.885589e+00	1.557321e+00
1.193400e+00	8.535947e-01	4.519626e-01	3.387721e-01	2.354497e-01	2.189739e-01
2.037387e-01	2.019318e-01	2.012804e-01	1.988535e-01	2.294903e+01	1.973903e+01
1.716997e+01	1.565799e+01	1.473260e+01	1.297779e+01	1.160575e+01	1.044330e+01
9.446422e+00	8.571034e+00	7.790166e+00	7.086494e+00	6.447194e+00	5.859660e+00
5.310489e+00	4.787970e+00	4.282685e+00	3.782178e+00	3.268293e+00	2.710917e+00
2.069278e+00	1.700102e+00	1.291037e+00	9.244761e-01	4.871729e-01	3.600541e-01
2.419739e-01	2.224915e-01	2.036638e-01	2.009610e-01	1.994892e-01	1.972503e-01
2.317380e+01	1.992624e+01	1.735369e+01	1.589605e+01	1.504505e+01	1.336692e+01
1.201365e+01	1.084276e+01	9.823774e+00	8.924071e+00	8.126306e+00	7.413856e+00
6.771977e+00	6.185594e+00	5.638035e+00	5.115069e+00	4.606518e+00	4.098581e+00
3.568675e+00	2.975715e+00	2.269308e+00	1.857161e+00	1.399389e+00	1.005836e+00
5.311569e-01	3.864867e-01	2.499754e-01	2.270440e-01	2.038879e-01	2.002372e-01
1.975326e-01	1.958829e-01	2.349304e+01	2.014153e+01	1.751662e+01	1.608790e+01
1.529593e+01	1.366783e+01	1.234237e+01	1.118889e+01	1.018069e+01	9.286449e+00
8.489461e+00	7.774072e+00	7.126710e+00	6.533399e+00	5.978501e+00	5.448160e+00
4.931547e+00	4.413503e+00	3.868770e+00	3.250550e+00	2.498171e+00	2.048972e+00
1.539034e+00	1.097980e+00	5.761117e-01	4.159353e-01	2.607705e-01	2.332750e-01
2.040663e-01	1.994196e-01	1.966461e-01	1.948275e-01	2.382998e+01	2.037142e+01
1.769130e+01	1.629102e+01	1.555760e+01	1.396529e+01	1.266198e+01	1.152211e+01
1.052324e+01	9.635062e+00	8.841836e+00	8.128331e+00	7.481306e+00	6.886799e+00
6.328862e+00	5.793348e+00	5.269463e+00	4.741860e+00	4.184703e+00	3.549272e+00
2.763087e+00	2.278436e+00	1.706620e+00	1.199712e+00	6.228432e-01	4.475532e-01
2.761376e-01	2.426312e-01	2.041344e-01	1.979398e-01	1.965478e-01	1.939546e-01
2.406638e+01	2.052149e+01	1.780719e+01	1.645318e+01	1.578866e+01	1.424513e+01
1.297397e+01	1.185494e+01	1.087022e+01	9.991191e+00	9.203585e+00	8.492966e+00
7.846841e+00	7.251781e+00	6.692209e+00	6.153994e+00	5.625903e+00	5.091525e+00
4.522775e+00	3.865636e+00	3.036508e+00	2.515197e+00	1.887814e+00	1.317217e+00
6.816997e-01	4.866703e-01	2.910834e-01	2.515791e-01	2.047023e-01	1.976858e-01
1.960890e-01	1.933550e-01	2.420585e+01	2.060197e+01	1.787164e+01	1.656998e+01
1.597871e+01	1.449889e+01	1.327160e+01	1.218255e+01	1.121802e+01	1.035179e+01
9.571653e+00	8.864501e+00	8.219199e+00	7.623674e+00	7.063824e+00	6.526095e+00
5.998126e+00	5.461048e+00	4.881619e+00	4.194656e+00	3.307411e+00	2.748041e+00
2.078245e+00	1.456595e+00	7.603735e-01	5.374284e-01	3.044437e-01	2.593802e-01
2.080707e-01	1.993253e-01	1.941183e-01	1.929742e-01	2.434974e+01	2.069496e+01
1.794896e+01	1.668774e+01	1.615443e+01	1.472891e+01	1.353786e+01	1.247560e+01
1.153075e+01	1.067949e+01	9.910719e+00	9.212287e+00	8.573683e+00	7.983335e+00
7.427548e+00	6.892819e+00	6.366356e+00	5.828230e+00	5.242631e+00	4.538221e+00
3.611502e+00	3.018722e+00	2.299539e+00	1.616343e+00	8.396501e-01	5.896073e-01
3.222408e-01	2.701953e-01	2.107673e-01	2.002789e-01	1.932001e-01	1.925768e-01
2.448418e+01	2.078525e+01	1.802571e+01	1.679945e+01	1.631767e+01	1.494400e+01
1.378745e+01	1.275184e+01	1.182746e+01	1.099287e+01	1.023783e+01	9.551023e+00
8.922349e+00	8.340450e+00	7.791640e+00	7.262254e+00	6.739305e+00	6.202322e+00
5.613915e+00	4.898652e+00	3.942264e+00	3.319263e+00	2.548159e+00	1.797408e+00
9.247355e-01	6.459231e-01	3.430725e-01	2.830236e-01	2.135665e-01	2.011846e-01
1.924876e-01	1.921828e-01	2.459095e+01	2.085658e+01	1.808801e+01	1.689462e+01
1.646042e+01	1.513929e+01	1.401810e+01	1.301046e+01	1.210815e+01	1.129188e+01
1.055244e+01	9.879140e+00	9.262449e+00	8.691214e+00	8.151765e+00	7.630336e+00
7.113763e+00	6.581021e+00	5.993183e+00	5.270668e+00	4.288675e+00	3.638064e+00
2.818239e+00	1.999937e+00	1.019830e+00	7.086240e-01	3.654861e-01	2.968658e-01
2.170593e-01	2.025773e-01	1.917994e-01	1.917513e-01	2.467510e+01	2.091237e+01
1.813783e+01	1.697423e+01	1.658272e+01	1.531267e+01	1.422634e+01	1.324701e+01
1.236767e+01	1.157093e+01	1.084863e+01	1.019060e+01	9.587900e+00	9.029545e+00
8.501824e+00	7.990880e+00	7.483437e+00	6.958030e+00	6.374475e+00	5.649577e+00
4.648732e+00	3.974811e+00	3.111068e+00	2.226990e+00	1.125455e+00	7.782363e-01
3.902004e-01	3.123169e-01	2.215177e-01	2.047390e-01	1.912007e-01	1.913367e-01
2.475012e+01	2.095780e+01	1.817558e+01	1.703999e+01	1.668924e+01	1.546685e+01
1.441417e+01	1.346290e+01	1.260694e+01	1.183054e+01	1.112632e+01	1.048483e+01
9.897537e+00	9.353719e+00	8.839676e+00	8.341489e+00	7.845848e+00	7.330988e+00
6.755683e+00	6.033639e+00	5.021066e+00	4.328046e+00	3.424462e+00	2.476305e+00
1.240864e+00	8.550452e-01	4.172682e-01	3.293736e-01	2.268286e-01	2.075141e-01
1.908643e-01	1.912478e-01	2.481731e+01	2.099657e+01	1.820684e+01	1.709737e+01
1.678529e+01	1.560819e+01	1.458824e+01	1.366482e+01	1.283254e+01	1.207713e+01
1.139179e+01	1.076792e+01	1.019731e+01	9.669508e+00	9.170856e+00	8.687393e+00
8.205857e+00	7.704330e+00	7.140785e+00	6.426402e+00	5.408901e+00	4.700932e+00
3.761610e+00	2.750908e+00	1.367566e+00	9.395755e-01	4.469456e-01	3.481598e-01
2.329634e-01	2.109112e-01	1.906194e-01	1.912070e-01	2.486078e+01	2.101843e+01
1.822636e+01	1.714295e+01	1.686634e+01	1.573115e+01	1.474241e+01	1.384623e+01
1.303773e+01	1.230402e+01	1.163865e+01	1.103372e+01	1.048129e+01	9.971114e+00
9.489381e+00	9.022020e+00	8.556095e+00	8.069957e+00	7.521480e+00	6.820472e+00
5.807349e+00	5.090343e+00	4.121067e+00	3.049577e+00	1.509108e+00	1.030316e+00
4.805120e-01	3.693690e-01	2.393601e-01	2.143219e-01	1.906536e-01	1.911478e-01
2.488873e+01	2.103036e+01	1.823777e+01	1.717696e+01	1.693142e+01	1.583345e+01
1.487354e+01	1.400337e+01	1.321835e+01	1.250682e+01	1.186234e+01	1.127759e+01
1.074471e+01	1.025351e+01	9.789650e+00	9.338819e+00	8.888892e+00	8.419303e+00
7.888918e+00	7.207598e+00	6.210169e+00	5.491770e+00	4.500546e+00	3.371915e+00
1.667799e+00	1.126596e+00	5.195650e-01	3.940703e-01	2.459923e-01	2.176719e-01
1.916120e-01	1.910545e-01	2.488356e+01	2.102724e+01	1.824468e+01	1.721058e+01
1.699499e+01	1.593472e+01	1.500223e+01	1.415510e+01	1.338940e+01	1.269494e+01
1.206631e+01	1.149716e+01	1.098053e+01	1.050740e+01	1.006484e+01	9.638934e+00
9.215878e+00	8.771386e+00	8.261720e+00	7.598949e+00	6.616376e+00	5.898813e+00
4.892981e+00	3.716587e+00	1.852552e+00	1.232398e+00	5.600931e-01	4.206419e-01
2.544625e-01	2.220422e-01	1.923441e-01	1.907814e-01	2.484730e+01	2.100828e+01
1.824697e+01	1.723930e+01	1.704983e+01	1.602540e+01	1.511890e+01	1.429350e+01
1.354576e+01	1.286689e+01	1.225267e+01	1.169777e+01	1.119633e+01	1.074084e+01
1.032039e+01	9.921954e+00	9.529745e+00	9.114497e+00	8.628670e+00	7.986959e+00
7.022623e+00	6.309221e+00	5.295314e+00	4.080461e+00	2.066027e+00	1.350647e+00
6.024553e-01	4.489541e-01	2.649213e-01	2.278048e-01	1.930280e-01	1.904680e-01
2.478858e+01	2.097854e+01	1.824399e+01	1.725877e+01	1.708807e+01	1.609322e+01
1.521056e+01	1.440766e+01	1.368068e+01	1.302173e+01	1.242651e+01	1.189006e+01
1.140702e+01	1.097015e+01	1.056889e+01	1.019057e+01	9.820236e+00	9.429172e+00
8.970635e+00	8.360064e+00	7.427456e+00	6.724686e+00	5.706977e+00	4.458544e+00
2.303380e+00	1.487166e+00	6.486455e-01	4.789640e-01	2.763114e-01	2.349294e-01
1.942711e-01	1.904319e-01	2.472034e+01	2.095038e+01	1.824891e+01	1.728510e+01
1.712917e+01	1.616076e+01	1.529933e+01	1.451618e+01	1.380776e+01	1.316664e+01
1.258884e+01	1.206958e+01	1.160400e+01	1.118533e+01	1.080329e+01	1.044593e+01
1.009861e+01	9.733348e+00	9.304014e+00	8.727556e+00	7.831986e+00	7.144191e+00
6.128946e+00	4.854067e+00	2.564257e+00	1.645831e+00	6.999313e-01	5.123828e-01
2.891395e-01	2.430953e-01	1.958703e-01	1.904662e-01	2.464507e+01	2.092037e+01
1.825501e+01	1.731169e+01	1.716786e+01	1.622333e+01	1.538092e+01	1.461546e+01
1.392364e+01	1.329873e+01	1.273704e+01	1.223411e+01	1.178544e+01	1.138466e+01
1.102198e+01	1.068590e+01	1.036241e+01	1.002408e+01	9.625771e+00	9.086260e+00
8.232838e+00	7.564316e+00	6.558075e+00	5.264605e+00	2.848720e+00	1.827562e+00
7.565020e-01	5.491508e-01	3.032698e-01	2.521858e-01	1.978123e-01	1.904847e-01
2.456139e+01	2.088720e+01	1.826062e+01	1.733695e+01	1.720271e+01	1.627913e+01
1.545319e+01	1.470297e+01	1.402536e+01	1.341458e+01	1.286722e+01	1.237928e+01
1.194655e+01	1.156293e+01	1.121933e+01	1.090444e+01	1.060515e+01	1.029436e+01
9.928258e+00	9.427639e+00	8.620469e+00	7.975208e+00	6.984854e+00	5.682157e+00
3.155007e+00	2.035954e+00	8.193233e-01	5.899251e-01	3.190047e-01	2.624379e-01
2.002855e-01	1.904866e-01	2.447552e+01	2.085415e+01	1.826745e+01	1.736195e+01
1.723554e+01	1.633016e+01	1.551830e+01	1.478095e+01	1.411542e+01	1.351665e+01
1.298183e+01	1.250733e+01	1.208935e+01	1.172214e+01	1.139701e+01	1.110314e+01
1.082801e+01	1.054511e+01	1.021176e+01	9.751250e+00	8.993477e+00	8.375011e+00
7.407041e+00	6.104482e+00	3.482535e+00	2.268363e+00	8.891989e-01	6.352380e-01
3.364684e-01	2.738862e-01	2.034455e-01	1.904164e-01	2.437923e+01	2.081748e+01
1.827465e+01	1.738722e+01	1.726640e+01	1.637752e+01	1.557832e+01	1.485254e+01
1.419789e+01	1.360998e+01	1.308670e+01	1.262479e+01	1.222082e+01	1.186949e+01
1.156240e+01	1.128938e+01	1.103842e+01	1.078377e+01	1.048389e+01	1.006488e+01
9.359661e+00	8.771237e+00	7.831431e+00	6.537220e+00	3.834218e+00	2.526396e+00
9.664478e-01	6.852143e-01	3.555883e-01	2.864468e-01	2.071469e-01	1.903068e-01
2.424460e+01	2.076534e+01	1.828099e+01	1.741387e+01	1.729363e+01	1.641926e+01
1.563106e+01	1.491552e+01	1.427037e+01	1.369217e+01	1.317923e+01	1.272889e+01
1.233791e+01	1.200147e+01	1.171160e+01	1.145871e+01	1.123148e+01	1.100490e+01
1.073879e+01	1.036204e+01	9.711643e+00	9.156016e+00	8.249934e+00	6.972863e+00
4.205899e+00	2.807446e+00	1.052062e+00	7.405493e-01	3.765602e-01	3.002668e-01
2.112475e-01	1.902800e-01	2.404184e+01	2.068571e+01	1.828659e+01	1.744251e+01
1.731717e+01	1.645521e+01	1.567635e+01	1.496967e+01	1.433269e+01	1.376296e+01
1.325910e+01	1.281913e+01	1.243989e+01	1.211708e+01	1.184319e+01	1.160927e+01
1.140474e+01	1.120540e+01	1.097258e+01	1.063792e+01	1.004332e+01	9.522456e+00
8.654895e+00	7.403661e+00	4.593536e+00	3.111545e+00	1.147608e+00	8.023960e-01
3.998694e-01	3.157382e-01	2.160233e-01	1.902754e-01	2.376356e+01	2.057631e+01
1.829227e+01	1.747598e+01	1.733771e+01	1.648602e+01	1.571529e+01	1.501647e+01
1.438707e+01	1.382510e+01	1.332961e+01	1.289887e+01	1.253018e+01	1.221952e+01
1.196001e+01	1.174339e+01	1.155995e+01	1.138657e+01	1.118622e+01	1.089328e+01
1.035474e+01	9.869972e+00	9.044809e+00	7.827239e+00	4.994208e+00	3.436108e+00
1.254095e+00	8.714619e-01	4.256232e-01	3.328760e-01	2.216563e-01	1.903007e-01
2.340826e+01	2.043587e+01	1.829759e+01	1.751291e+01	1.735609e+01	1.651342e+01
1.575003e+01	1.505841e+01	1.443610e+01	1.388138e+01	1.339373e+01	1.297148e+01
1.261255e+01	1.231313e+01	1.206698e+01	1.186664e+01	1.170324e+01	1.155498e+01
1.138652e+01	1.113516e+01	1.065329e+01	1.020599e+01	9.426747e+00	8.249722e+00
5.411918e+00	3.784473e+00	1.372385e+00	9.482561e-01	4.539243e-01	3.517172e-01
2.281275e-01	1.903801e-01	2.303021e+01	2.028491e+01	1.829884e+01	1.754819e+01
1.736875e+01	1.653417e+01	1.577751e+01	1.509272e+01	1.447707e+01	1.392917e+01
1.344881e+01	1.303444e+01	1.268433e+01	1.239518e+01	1.216122e+01	1.197584e+01
1.183113e+01	1.170667e+01	1.156909e+01	1.135864e+01	1.093369e+01	1.052503e+01
9.794786e+00	8.664728e+00	5.841303e+00	4.153208e+00	1.502951e+00	1.033284e+00
4.849330e-01	3.722727e-01	2.353482e-01	1.904752e-01	2.261172e+01	2.011574e+01
1.829727e+01	1.758128e+01	1.737664e+01	1.654879e+01	1.579797e+01	1.511940e+01
1.450975e+01	1.396807e+01	1.349427e+01	1.308705e+01	1.274464e+01	1.246462e+01
1.224146e+01	1.206946e+01	1.194169e+01	1.183919e+01	1.173073e+01	1.155956e+01
1.119037e+01	1.082058e+01	1.014118e+01	9.063467e+00	6.274630e+00	4.537774e+00
1.647614e+00	1.128122e+00	5.192776e-01	3.949857e-01	2.436915e-01	1.906097e-01
2.221191e+01	1.995459e+01	1.829672e+01	1.761344e+01	1.738398e+01	1.656207e+01
1.581638e+01	1.514320e+01	1.453892e+01	1.400294e+01	1.353496e+01	1.313407e+01
1.279868e+01	1.252667e+01	1.231325e+01	1.215329e+01	1.204093e+01	1.195872e+01
1.187765e+01	1.174426e+01	1.143021e+01	1.109947e+01	1.047250e+01	9.451314e+00
6.714180e+00	4.939474e+00	1.805358e+00	1.233362e+00	5.571648e-01	4.199571e-01
2.530913e-01	1.904160e-01	2.184572e+01	1.980746e+01	1.829662e+01	1.764344e+01
1.739089e+01	1.657416e+01	1.583301e+01	1.516442e+01	1.456482e+01	1.403387e+01
1.357108e+01	1.317571e+01	1.284656e+01	1.258160e+01	1.237683e+01	1.222756e+01
1.212904e+01	1.206528e+01	1.200958e+01	1.191205e+01	1.165191e+01	1.136006e+01
1.078627e+01	9.824735e+00	7.155159e+00	5.354615e+00	1.985788e+00	1.350276e+00
5.991165e-01	4.474997e-01	2.635662e-01	1.897748e-01	2.153272e+01	1.968184e+01
1.829665e+01	1.766953e+01	1.739751e+01	1.658529e+01	1.584829e+01	1.518352e+01
1.458786e+01	1.406110e+01	1.360296e+01	1.321231e+01	1.288853e+01	1.262991e+01
1.243272e+01	1.229288e+01	1.220660e+01	1.215934e+01	1.212674e+01	1.206276e+01
1.185481e+01	1.160160e+01	1.108105e+01	1.018114e+01	7.592676e+00	5.778631e+00
2.212624e+00	1.479875e+00	6.455983e-01	4.778328e-01	2.748989e-01	1.894092e-01
2.126768e+01	1.957682e+01	1.829921e+01	1.769424e+01	1.740572e+01	1.659758e+01
1.586418e+01	1.520251e+01	1.461016e+01	1.408697e+01	1.363255e+01	1.324598e+01
1.292685e+01	1.267378e+01	1.248332e+01	1.235189e+01	1.227644e+01	1.224381e+01
1.223195e+01	1.219927e+01	1.204164e+01	1.182623e+01	1.135878e+01	1.052178e+01
8.026187e+00	6.211273e+00	2.488475e+00	1.623359e+00	6.971892e-01	5.113111e-01
2.879253e-01	1.898989e-01	2.103175e+01	1.948271e+01	1.830034e+01	1.771542e+01
1.741238e+01	1.660803e+01	1.587794e+01	1.521901e+01	1.462943e+01	1.410923e+01
1.365804e+01	1.327507e+01	1.296007e+01	1.271200e+01	1.252758e+01	1.240366e+01
1.233788e+01	1.231840e+01	1.232540e+01	1.232171e+01	1.221239e+01	1.203402e+01
1.161957e+01	1.084693e+01	8.454930e+00	6.650762e+00	2.790789e+00	1.780494e+00
7.541502e-01	5.480816e-01	3.025502e-01	1.909218e-01	2.082358e+01	1.939887e+01
1.830026e+01	1.773265e+01	1.741705e+01	1.661594e+01	1.588864e+01	1.523203e+01
1.464473e+01	1.412702e+01	1.367862e+01	1.329881e+01	1.298741e+01	1.274371e+01
1.256451e+01	1.244701e+01	1.238951e+01	1.238141e+01	1.240501e+01	1.242741e+01
1.236301e+01	1.221990e+01	1.185730e+01	1.114930e+01	8.868786e+00	7.087931e+00
3.108157e+00	1.953907e+00	8.174610e-01	5.887810e-01	3.190947e-01	1.923846e-01
2.063227e+01	1.932203e+01	1.830029e+01	1.774872e+01	1.742141e+01	1.662222e+01
1.589612e+01	1.524105e+01	1.465587e+01	1.414070e+01	1.369508e+01	1.331844e+01
1.301054e+01	1.277078e+01	1.259589e+01	1.248351e+01	1.243261e+01	1.243389e+01
1.247211e+01	1.251882e+01	1.249544e+01	1.238431e+01	1.207273e+01	1.143026e+01
9.264404e+00	7.523003e+00	3.447949e+00	2.155544e+00	8.880243e-01	6.336927e-01
3.366833e-01	1.915972e-01	2.045471e+01	1.925068e+01	1.830036e+01	1.776372e+01
1.742541e+01	1.662774e+01	1.590249e+01	1.524872e+01	1.466547e+01	1.415263e+01
1.370958e+01	1.333586e+01	1.303120e+01	1.279504e+01	1.262401e+01	1.251614e+01
1.247113e+01	1.248082e+01	1.253237e+01	1.260167e+01	1.261663e+01	1.253587e+01
1.227446e+01	1.169804e+01	9.652325e+00	7.961404e+00	3.812568e+00	2.387919e+00
9.660826e-01	6.831421e-01	3.556686e-01	1.900607e-01	2.029543e+01	1.918656e+01
1.830049e+01	1.777711e+01	1.742906e+01	1.663338e+01	1.590940e+01	1.525697e+01
1.467525e+01	1.416403e+01	1.372286e+01	1.335138e+01	1.304928e+01	1.281618e+01
1.264876e+01	1.254532e+01	1.250611e+01	1.252332e+01	1.258577e+01	1.267385e+01
1.272345e+01	1.267219e+01	1.245901e+01	1.194701e+01	1.002739e+01	8.393112e+00
4.195922e+00	2.667093e+00	1.052412e+00	7.383364e-01	3.769272e-01	1.887022e-01
2.015643e+01	1.913083e+01	1.830086e+01	1.778883e+01	1.743206e+01	1.663826e+01
1.591581e+01	1.526482e+01	1.468440e+01	1.417434e+01	1.373458e+01	1.336480e+01
1.306472e+01	1.283411e+01	1.266977e+01	1.257016e+01	1.253612e+01	1.256017e+01
1.263224e+01	1.273614e+01	1.281563e+01	1.279142e+01	1.262312e+01	1.217316e+01
1.038317e+01	8.810070e+00	4.592859e+00	3.002789e+00	1.148483e+00	8.004744e-01
4.008696e-01	1.875433e-01	2.004888e+01	1.909017e+01	1.830316e+01	1.779910e+01
1.743275e+01	1.663839e+01	1.591703e+01	1.526778e+01	1.468950e+01	1.418159e+01
1.374398e+01	1.337626e+01	1.307808e+01	1.284906e+01	1.268535e+01	1.258586e+01
1.255365e+01	1.258650e+01	1.267790e+01	1.280275e+01	1.289856e+01	1.289056e+01
1.275981e+01	1.237481e+01	1.072426e+01	9.205563e+00	5.000758e+00	3.350482e+00
1.255113e+00	8.692322e-01	4.262809e-01	1.874845e-01	1.995729e+01	1.905654e+01
1.830771e+01	1.780837e+01	1.743306e+01	1.663819e+01	1.591753e+01	1.526952e+01
1.469318e+01	1.418750e+01	1.375213e+01	1.338648e+01	1.309007e+01	1.286222e+01
1.269831e+01	1.259792e+01	1.256657e+01	1.260804e+01	1.272129e+01	1.286834e+01
1.297458e+01	1.297835e+01	1.288125e+01	1.256081e+01	1.105509e+01	9.590654e+00
5.424338e+00	3.720323e+00	1.373173e+00	9.454168e-01	4.535913e-01	1.874817e-01
1.986428e+01	1.901970e+01	1.830869e+01	1.781612e+01	1.743413e+01	1.663920e+01
1.591972e+01	1.527333e+01	1.469856e+01	1.419417e+01	1.375999e+01	1.339559e+01
1.310046e+01	1.287394e+01	1.271185e+01	1.261358e+01	1.258505e+01	1.263219e+01
1.274980e+01	1.290402e+01	1.303713e+01	1.306251e+01	1.299833e+01	1.272647e+01
1.135829e+01	9.982230e+00	5.861876e+00	4.105833e+00	1.502678e+00	1.031636e+00
4.845580e-01	1.881608e-01	1.976783e+01	1.897750e+01	1.830406e+01	1.782246e+01
1.743851e+01	1.664846e+01	1.593032e+01	1.528369e+01	1.470765e+01	1.420228e+01
1.376777e+01	1.340372e+01	1.310935e+01	1.288431e+01	1.272658e+01	1.263622e+01
1.261535e+01	1.266090e+01	1.276591e+01	1.291877e+01	1.308610e+01	1.314377e+01
1.311131e+01	1.286803e+01	1.162575e+01	1.038252e+01	6.306534e+00	4.497147e+00
1.643953e+00	1.131321e+00	5.207504e-01	1.941189e-01	1.968992e+01	1.894386e+01
1.830060e+01	1.782631e+01	1.743876e+01	1.665007e+01	1.593282e+01	1.528689e+01
1.471149e+01	1.420649e+01	1.377213e+01	1.340840e+01	1.311490e+01	1.289128e+01
1.273614e+01	1.264922e+01	1.263204e+01	1.267973e+01	1.278453e+01	1.294151e+01
1.312802e+01	1.320231e+01	1.320274e+01	1.301142e+01	1.188633e+01	1.071339e+01
6.755569e+00	4.918824e+00	1.813006e+00	1.236240e+00	5.593225e-01	1.953109e-01
1.962659e+01	1.891719e+01	1.829870e+01	1.782918e+01	1.743784e+01	1.664975e+01
1.593324e+01	1.528795e+01	1.471337e+01	1.420907e+01	1.377513e+01	1.341178e+01
1.311908e+01	1.289660e+01	1.274287e+01	1.265731e+01	1.264190e+01	1.269281e+01
1.280407e+01	1.297013e+01	1.316507e+01	1.324822e+01	1.327758e+01	1.314458e+01
1.213410e+01	1.100402e+01	7.203470e+00	5.360688e+00	2.037549e+00	1.348739e+00
6.012088e-01	1.960419e-01	1.957186e+01	1.889516e+01	1.829815e+01	1.783314e+01
1.743810e+01	1.665082e+01	1.593466e+01	1.529003e+01	1.471596e+01	1.421240e+01
1.377913e+01	1.341644e+01	1.312445e+01	1.290265e+01	1.274975e+01	1.266559e+01
1.265186e+01	1.270530e+01	1.282036e+01	1.299298e+01	1.320022e+01	1.329459e+01
1.334408e+01	1.324835e+01	1.235825e+01	1.130976e+01	7.645801e+00	5.798268e+00
2.368029e+00	1.482557e+00	6.487016e-01	2.030514e-01	1.952900e+01	1.888074e+01
1.830286e+01	1.784227e+01	1.744357e+01	1.665662e+01	1.594086e+01	1.529638e+01
1.472261e+01	1.421945e+01	1.378679e+01	1.342454e+01	1.313297e+01	1.291166e+01
1.275950e+01	1.267630e+01	1.266407e+01	1.271953e+01	1.283786e+01	1.301617e+01
1.323395e+01	1.333788e+01	1.340521e+01	1.334323e+01	1.256705e+01	1.159792e+01
8.085158e+00	6.244872e+00	2.701652e+00	1.685340e+00	7.006955e-01	1.992236e-01
1.948924e+01	1.886585e+01	1.830465e+01	1.784615e+01	1.744575e+01	1.665883e+01
1.594319e+01	1.529864e+01	1.472491e+01	1.422180e+01	1.378937e+01	1.342791e+01
1.313719e+01	1.291666e+01	1.276513e+01	1.268264e+01	1.267163e+01	1.272882e+01
1.285020e+01	1.303312e+01	1.325959e+01	1.337239e+01	1.345561e+01	1.342328e+01
1.275557e+01	1.186782e+01	8.517324e+00	6.695335e+00	3.045729e+00	1.925464e+00
7.571545e-01	1.928914e-01	1.945113e+01	1.884854e+01	1.830155e+01	1.784656e+01
1.744367e+01	1.665738e+01	1.594199e+01	1.529751e+01	1.472382e+01	1.422083e+01
1.378904e+01	1.342834e+01	1.313825e+01	1.291835e+01	1.276726e+01	1.268526e+01
1.267506e+01	1.273356e+01	1.285745e+01	1.304385e+01	1.327705e+01	1.339774e+01
1.349474e+01	1.348774e+01	1.292115e+01	1.211587e+01	8.935479e+00	7.142413e+00
3.391775e+00	2.194048e+00	8.183433e-01	1.835905e-01	