5.427066e-02	5.623517e-02	5.824488e-02	6.032978e-02	6.249200e-02	6.703619e-02
7.187661e-02	7.702810e-02	8.250629e-02	8.832035e-02	9.447243e-02	1.009628e-01
1.078050e-01	1.150344e-01	1.227155e-01	1.308991e-01	1.395515e-01	1.485846e-01
1.578193e-01	1.669409e-01	1.752256e-01	1.785357e-01	1.809357e-01	1.818218e-01
1.816555e-01	1.811957e-01	1.806746e-01	1.805887e-01	1.805523e-01	1.806012e-01
1.806358e-01	1.802212e-01	6.335110e-02	6.559102e-02	6.788079e-02	7.025402e-02
7.271308e-02	7.787505e-02	8.336547e-02	8.919993e-02	9.539484e-02	1.019594e-01
1.088949e-01	1.162007e-01	1.238898e-01	1.319989e-01	1.405962e-01	1.497333e-01
1.593679e-01	1.693966e-01	1.796173e-01	1.896869e-01	1.988180e-01	2.024702e-01
2.051386e-01	2.061669e-01	2.061187e-01	2.056825e-01	2.051815e-01	2.050956e-01
2.050568e-01	2.051084e-01	2.051442e-01	2.047072e-01	7.395087e-02	7.650341e-02
7.911085e-02	8.181080e-02	8.460591e-02	9.046640e-02	9.669072e-02	1.032951e-01
1.102967e-01	1.177046e-01	1.255192e-01	1.337384e-01	1.423745e-01	1.514653e-01
1.610823e-01	1.712775e-01	1.819982e-01	1.931238e-01	2.044262e-01	2.155321e-01
2.255869e-01	2.296133e-01	2.325789e-01	2.337717e-01	2.338762e-01	2.334784e-01
2.330125e-01	2.329281e-01	2.328872e-01	2.329413e-01	2.329780e-01	2.325199e-01
8.632416e-02	8.923130e-02	9.219880e-02	9.526867e-02	9.844391e-02	1.050936e-01
1.121459e-01	1.196176e-01	1.275265e-01	1.358813e-01	1.446814e-01	1.539229e-01
1.636171e-01	1.738024e-01	1.845533e-01	1.959215e-01	2.078420e-01	2.201744e-01
2.326616e-01	2.448988e-01	2.559600e-01	2.603952e-01	2.636898e-01	2.650727e-01
2.653719e-01	2.650307e-01	2.646185e-01	2.645377e-01	2.644947e-01	2.645510e-01
2.645882e-01	2.641115e-01	1.007677e-01	1.040767e-01	1.074520e-01	1.109404e-01
1.145452e-01	1.220858e-01	1.300714e-01	1.385194e-01	1.474478e-01	1.568650e-01
1.667689e-01	1.771538e-01	1.880293e-01	1.994336e-01	2.114443e-01	2.241113e-01
2.373556e-01	2.510139e-01	2.647970e-01	2.782667e-01	2.904225e-01	2.953037e-01
2.989622e-01	3.005647e-01	3.011089e-01	3.008469e-01	3.005117e-01	3.004369e-01
3.003920e-01	3.004501e-01	3.004872e-01	2.999953e-01	1.176279e-01	1.213920e-01
1.252286e-01	1.291900e-01	1.332800e-01	1.418255e-01	1.508622e-01	1.604079e-01
1.704811e-01	1.810892e-01	1.922285e-01	2.038908e-01	2.160837e-01	2.288447e-01
2.422536e-01	2.563573e-01	2.710602e-01	2.861731e-01	3.013709e-01	3.161811e-01
3.295251e-01	3.348920e-01	3.389528e-01	3.408090e-01	3.416586e-01	3.415034e-01
3.412734e-01	3.412078e-01	3.411612e-01	3.412206e-01	3.412570e-01	3.407544e-01
1.373092e-01	1.415880e-01	1.459462e-01	1.504418e-01	1.550791e-01	1.647568e-01
1.749763e-01	1.857553e-01	1.971124e-01	2.090541e-01	2.215747e-01	2.346631e-01
2.483240e-01	2.625932e-01	2.775520e-01	2.932428e-01	3.095509e-01	3.262569e-01
3.429964e-01	3.592614e-01	3.738924e-01	3.797875e-01	3.842927e-01	3.864417e-01
3.876691e-01	3.876542e-01	3.875641e-01	3.875115e-01	3.874637e-01	3.875236e-01
3.875583e-01	3.870514e-01	1.602835e-01	1.651440e-01	1.700912e-01	1.751895e-01
1.804436e-01	1.913958e-01	2.029447e-01	2.151080e-01	2.279039e-01	2.413377e-01
2.554011e-01	2.700798e-01	2.853747e-01	3.013187e-01	3.179937e-01	3.354356e-01
3.535072e-01	3.719553e-01	3.903712e-01	4.082115e-01	4.242334e-01	4.307017e-01
4.356976e-01	4.381845e-01	4.398756e-01	4.400418e-01	4.401337e-01	4.400989e-01
4.400503e-01	4.401099e-01	4.401418e-01	4.396385e-01	1.871017e-01	1.926191e-01
1.982308e-01	2.040081e-01	2.099566e-01	2.223419e-01	2.353837e-01	2.490989e-01
2.635054e-01	2.786066e-01	2.943915e-01	3.108417e-01	3.279533e-01	3.457552e-01
3.643280e-01	3.836993e-01	4.037054e-01	4.240546e-01	4.442895e-01	4.638311e-01
4.813523e-01	4.884415e-01	4.939785e-01	4.968554e-01	4.991127e-01	4.995090e-01
4.998339e-01	4.998226e-01	4.997740e-01	4.998320e-01	4.998598e-01	4.993705e-01
2.184072e-01	2.246651e-01	2.310257e-01	2.375674e-01	2.442968e-01	2.582916e-01
2.730077e-01	2.884611e-01	3.046684e-01	3.216309e-01	3.393343e-01	3.577556e-01
3.768849e-01	3.967448e-01	4.174137e-01	4.389073e-01	4.610317e-01	4.834513e-01
5.056549e-01	5.270291e-01	5.461617e-01	5.539218e-01	5.600555e-01	5.633821e-01
5.663272e-01	5.670127e-01	5.676318e-01	5.676512e-01	5.676035e-01	5.676584e-01
5.676802e-01	5.672180e-01	2.549505e-01	2.620427e-01	2.692461e-01	2.766472e-01
2.842535e-01	3.000539e-01	3.166456e-01	3.340431e-01	3.522615e-01	3.712993e-01
3.911383e-01	4.117501e-01	4.331171e-01	4.552541e-01	4.782345e-01	5.020588e-01
5.264984e-01	5.511677e-01	5.754963e-01	5.988378e-01	6.196971e-01	6.281804e-01
6.349712e-01	6.388163e-01	6.425932e-01	6.436388e-01	6.446260e-01	6.446845e-01
6.446387e-01	6.446886e-01	6.447024e-01	6.442836e-01	2.976083e-01	3.056388e-01
3.137897e-01	3.221557e-01	3.307456e-01	3.485686e-01	3.672587e-01	3.868280e-01
4.072893e-01	4.286378e-01	4.508508e-01	4.738937e-01	4.977394e-01	5.223920e-01
5.479173e-01	5.742968e-01	6.012614e-01	6.283690e-01	6.549841e-01	6.804307e-01
7.031333e-01	7.123941e-01	7.199080e-01	7.243509e-01	7.291299e-01	7.306201e-01
7.320638e-01	7.321716e-01	7.321292e-01	7.321717e-01	7.321749e-01	7.318199e-01
3.474034e-01	3.564880e-01	3.657024e-01	3.751503e-01	3.848418e-01	4.049275e-01
4.259618e-01	4.479538e-01	4.709132e-01	4.948309e-01	5.196792e-01	5.454163e-01
5.720035e-01	5.994309e-01	6.277535e-01	6.569287e-01	6.866408e-01	7.163838e-01
7.454508e-01	7.731407e-01	7.978034e-01	8.078975e-01	8.162063e-01	8.213382e-01
8.273203e-01	8.293562e-01	8.313617e-01	8.315312e-01	8.314939e-01	8.315261e-01
8.315156e-01	8.312494e-01	4.055302e-01	4.157970e-01	4.262035e-01	4.368625e-01
4.477858e-01	4.703989e-01	4.940481e-01	5.187386e-01	5.444759e-01	5.712459e-01
5.990153e-01	6.277335e-01	6.573480e-01	6.878310e-01	7.192226e-01	7.514499e-01
7.841440e-01	8.167267e-01	8.484129e-01	8.784827e-01	9.052199e-01	9.162040e-01
9.253859e-01	9.313116e-01	9.387337e-01	9.414354e-01	9.441284e-01	9.443744e-01
9.443444e-01	9.443627e-01	9.443347e-01	9.441879e-01	4.733826e-01	4.849732e-01
4.967137e-01	5.087263e-01	5.210249e-01	5.464561e-01	5.730174e-01	6.007087e-01
6.295301e-01	6.594615e-01	6.904630e-01	7.224745e-01	7.554261e-01	7.892677e-01
8.240194e-01	8.595711e-01	8.954928e-01	9.311245e-01	9.655961e-01	9.981777e-01
1.027099e+00	1.039030e+00	1.049170e+00	1.056010e+00	1.065151e+00	1.068661e+00
1.072191e+00	1.072531e+00	1.072511e+00	1.072511e+00	1.072461e+00	1.072471e+00
5.528823e-01	5.659379e-01	5.791547e-01	5.926650e-01	6.064847e-01	6.350333e-01
6.648202e-01	6.958394e-01	7.280856e-01	7.615339e-01	7.961399e-01	8.318320e-01
8.685221e-01	9.061278e-01	9.446373e-01	9.838867e-01	1.023373e+00	1.062336e+00
1.099805e+00	1.135042e+00	1.166218e+00	1.179118e+00	1.190275e+00	1.198169e+00
1.209514e+00	1.214122e+00	1.218793e+00	1.219260e+00	1.219254e+00	1.219227e+00
1.219145e+00	1.219384e+00	6.454822e-01	6.601813e-01	6.750526e-01	6.902380e-01
7.057564e-01	7.377795e-01	7.711520e-01	8.058596e-01	8.418890e-01	8.792079e-01
9.177650e-01	9.574755e-01	9.982273e-01	1.039901e+00	1.082450e+00	1.125649e+00
1.168914e+00	1.211379e+00	1.251970e+00	1.289958e+00	1.323492e+00	1.337434e+00
1.349725e+00	1.358832e+00	1.372680e+00	1.378518e+00	1.384470e+00	1.385083e+00
1.385093e+00	1.385035e+00	1.384918e+00	1.385425e+00	7.518987e-01	7.685286e-01
7.853367e-01	8.024699e-01	8.199530e-01	8.559666e-01	8.933999e-01	9.322236e-01
9.724076e-01	1.013896e+00	1.056613e+00	1.100466e+00	1.145296e+00	1.190966e+00
1.237420e+00	1.284411e+00	1.331276e+00	1.377063e+00	1.420632e+00	1.461378e+00
1.497577e+00	1.512827e+00	1.526554e+00	1.537042e+00	1.552926e+00	1.559534e+00
1.566286e+00	1.567003e+00	1.567033e+00	1.566955e+00	1.566814e+00	1.567505e+00
8.735871e-01	8.924905e-01	9.115696e-01	9.309709e-01	9.507281e-01	9.913231e-01
1.033344e+00	1.076737e+00	1.121441e+00	1.167358e+00	1.214360e+00	1.262354e+00
1.311108e+00	1.360504e+00	1.410516e+00	1.460931e+00	1.511022e+00	1.559795e+00
1.606104e+00	1.649550e+00	1.688718e+00	1.705595e+00	1.721133e+00	1.733201e+00
1.750403e+00	1.757121e+00	1.763977e+00	1.764734e+00	1.764792e+00	1.764711e+00
1.764567e+00	1.765311e+00	1.011971e+00	1.033321e+00	1.054843e+00	1.076687e+00
1.098898e+00	1.144439e+00	1.191411e+00	1.239721e+00	1.289243e+00	1.339793e+00
1.391137e+00	1.443125e+00	1.495489e+00	1.548115e+00	1.601074e+00	1.654270e+00
1.707014e+00	1.758449e+00	1.807515e+00	1.853521e+00	1.895178e+00	1.913727e+00
1.931424e+00	1.945498e+00	1.963705e+00	1.969991e+00	1.976361e+00	1.977127e+00
1.977263e+00	1.977193e+00	1.977093e+00	1.977758e+00	1.169466e+00	1.193530e+00
1.217756e+00	1.242292e+00	1.267199e+00	1.318147e+00	1.370480e+00	1.424058e+00
1.478655e+00	1.533977e+00	1.589648e+00	1.645425e+00	1.701037e+00	1.756371e+00
1.811658e+00	1.867000e+00	1.921816e+00	1.975522e+00	2.027217e+00	2.075590e+00
2.119423e+00	2.139757e+00	2.159968e+00	2.176414e+00	2.195221e+00	2.200568e+00
2.205861e+00	2.206595e+00	2.206851e+00	2.206807e+00	2.206790e+00	2.207249e+00
1.345259e+00	1.372872e+00	1.400567e+00	1.428436e+00	1.456550e+00	1.513597e+00
1.571512e+00	1.630112e+00	1.689152e+00	1.748389e+00	1.807561e+00	1.866430e+00
1.924741e+00	1.982392e+00	2.039726e+00	2.096959e+00	2.153480e+00	2.208658e+00
2.261639e+00	2.311563e+00	2.358064e+00	2.380481e+00	2.403266e+00	2.421676e+00
2.440249e+00	2.445046e+00	2.449026e+00	2.449585e+00	2.449960e+00	2.449954e+00
2.449996e+00	2.450224e+00	1.538563e+00	1.570984e+00	1.603292e+00	1.635432e+00
1.667475e+00	1.731491e+00	1.795061e+00	1.857981e+00	1.920159e+00	1.981708e+00
2.042933e+00	2.103757e+00	2.163958e+00	2.223443e+00	2.282578e+00	2.341518e+00
2.399384e+00	2.454912e+00	2.507109e+00	2.557382e+00	2.607418e+00	2.632329e+00
2.657649e+00	2.677249e+00	2.694344e+00	2.699341e+00	2.701807e+00	2.701980e+00
2.702462e+00	2.702511e+00	2.702562e+00	2.702547e+00	1.751852e+00	1.789812e+00
1.827387e+00	1.864295e+00	1.900618e+00	1.971905e+00	2.040873e+00	2.107350e+00
2.171516e+00	2.234061e+00	2.296163e+00	2.357953e+00	2.419230e+00	2.479813e+00
2.539905e+00	2.599457e+00	2.657419e+00	2.712270e+00	2.763165e+00	2.813236e+00
2.866079e+00	2.893352e+00	2.920936e+00	2.941364e+00	2.956984e+00	2.962207e+00
2.962959e+00	2.962746e+00	2.963346e+00	2.963437e+00	2.963526e+00	2.963226e+00
1.985490e+00	2.029564e+00	2.072897e+00	2.114913e+00	2.155718e+00	2.234271e+00
2.308086e+00	2.377084e+00	2.441834e+00	2.503828e+00	2.565375e+00	2.626868e+00
2.688106e+00	2.748753e+00	2.808690e+00	2.867571e+00	2.924302e+00	2.977449e+00
3.026550e+00	3.075835e+00	3.130473e+00	3.159716e+00	3.189083e+00	3.209985e+00
3.224393e+00	3.229803e+00	3.228822e+00	3.228262e+00	3.228989e+00	3.229103e+00
3.229256e+00	3.228653e+00	2.239731e+00	2.290002e+00	2.339117e+00	2.386183e+00
2.431319e+00	2.516568e+00	2.594309e+00	2.664595e+00	2.728446e+00	2.788281e+00
2.847616e+00	2.907166e+00	2.966743e+00	3.025908e+00	3.084240e+00	3.141170e+00
3.195625e+00	3.246247e+00	3.292892e+00	3.340691e+00	3.395919e+00	3.426287e+00
3.456647e+00	3.477766e+00	3.491559e+00	3.497049e+00	3.494738e+00	3.493922e+00
3.494759e+00	3.494880e+00	3.495095e+00	3.494249e+00	2.513760e+00	2.569940e+00
2.624512e+00	2.676220e+00	2.725208e+00	2.816009e+00	2.896315e+00	2.966341e+00
3.027607e+00	3.083517e+00	3.138823e+00	3.194586e+00	3.250660e+00	3.306526e+00
3.361610e+00	3.415190e+00	3.466273e+00	3.513662e+00	3.557428e+00	3.603069e+00
3.657313e+00	3.687668e+00	3.717983e+00	3.739064e+00	3.753275e+00	3.758711e+00
3.755803e+00	3.754893e+00	3.755776e+00	3.755900e+00	3.756156e+00	3.755204e+00
2.808560e+00	2.870093e+00	2.929525e+00	2.985205e+00	3.037321e+00	3.132134e+00
3.213328e+00	3.281347e+00	3.338231e+00	3.388383e+00	3.437786e+00	3.487835e+00
3.538462e+00	3.589140e+00	3.639259e+00	3.688073e+00	3.734732e+00	3.778222e+00
3.818711e+00	3.861508e+00	3.913091e+00	3.942219e+00	3.971402e+00	3.992176e+00
4.007850e+00	4.013095e+00	4.010408e+00	4.009585e+00	4.010451e+00	4.010563e+00
4.010836e+00	4.009960e+00	3.120318e+00	3.186002e+00	3.249076e+00	3.307491e+00
3.361497e+00	3.457938e+00	3.537731e+00	3.601616e+00	3.652131e+00	3.694597e+00
3.736124e+00	3.778400e+00	3.821476e+00	3.864943e+00	3.908289e+00	3.950915e+00
3.992161e+00	4.031178e+00	4.068075e+00	4.107331e+00	4.154387e+00	4.180925e+00
4.207763e+00	4.227911e+00	4.246109e+00	4.251009e+00	4.249489e+00	4.248959e+00
4.249739e+00	4.249819e+00	4.250079e+00	4.249509e+00	3.448416e+00	3.516747e+00
3.581966e+00	3.641630e+00	3.696063e+00	3.791321e+00	3.867169e+00	3.924615e+00
3.966726e+00	3.999611e+00	4.031366e+00	4.063943e+00	4.097537e+00	4.131973e+00
4.166935e+00	4.202106e+00	4.237019e+00	4.270925e+00	4.303726e+00	4.338655e+00
4.379618e+00	4.402485e+00	4.425973e+00	4.445111e+00	4.466274e+00	4.470689e+00
4.470965e+00	4.470872e+00	4.471516e+00	4.471554e+00	4.471782e+00	4.471683e+00
3.796850e+00	3.866498e+00	3.932533e+00	3.992115e+00	4.045653e+00	4.137173e+00
4.206702e+00	4.255526e+00	4.287260e+00	4.308738e+00	4.328948e+00	4.350099e+00
4.372558e+00	4.396435e+00	4.421682e+00	4.448318e+00	4.476052e+00	4.504160e+00
4.532224e+00	4.562062e+00	4.595870e+00	4.614430e+00	4.633963e+00	4.651744e+00
4.675785e+00	4.679627e+00	4.681936e+00	4.682334e+00	4.682818e+00	4.682808e+00
4.682992e+00	4.683492e+00	4.161247e+00	4.230012e+00	4.294743e+00	4.352303e+00
4.403175e+00	4.487872e+00	4.548452e+00	4.586267e+00	4.605430e+00	4.613531e+00
4.620383e+00	4.628476e+00	4.638346e+00	4.650361e+00	4.664811e+00	4.682042e+00
4.701857e+00	4.723298e+00	4.745460e+00	4.768973e+00	4.794814e+00	4.808918e+00
4.824180e+00	4.839962e+00	4.865622e+00	4.868756e+00	4.872835e+00	4.873662e+00
4.873973e+00	4.873920e+00	4.874051e+00	4.875352e+00	4.535876e+00	4.601492e+00
4.662684e+00	4.716051e+00	4.762164e+00	4.836203e+00	4.884570e+00	4.908831e+00
4.913514e+00	4.906787e+00	4.898967e+00	4.892811e+00	4.889031e+00	4.888233e+00
4.891078e+00	4.898199e+00	4.909424e+00	4.923410e+00	4.938714e+00	4.955059e+00
4.972508e+00	4.982055e+00	4.992879e+00	5.006183e+00	5.032092e+00	5.034517e+00
5.039980e+00	5.041146e+00	5.041300e+00	5.041208e+00	5.041280e+00	5.043493e+00
4.915778e+00	4.980955e+00	5.040055e+00	5.088371e+00	5.126966e+00	5.181750e+00
5.208944e+00	5.214983e+00	5.204630e+00	5.184653e+00	5.163382e+00	5.143436e+00
5.125982e+00	5.111982e+00	5.102225e+00	5.097402e+00	5.097613e+00	5.101939e+00
5.109327e+00	5.119197e+00	5.128978e+00	5.132972e+00	5.139244e+00	5.150098e+00
5.172743e+00	5.175466e+00	5.180685e+00	5.181838e+00	5.182101e+00	5.181959e+00
5.181969e+00	5.184976e+00	5.306551e+00	5.372161e+00	5.429271e+00	5.471277e+00
5.500024e+00	5.529420e+00	5.529570e+00	5.514138e+00	5.487775e+00	5.454733e+00
5.420079e+00	5.386118e+00	5.354604e+00	5.326915e+00	5.303854e+00	5.286061e+00
5.274021e+00	5.267557e+00	5.266352e+00	5.269799e+00	5.272149e+00	5.270281e+00
5.271977e+00	5.280283e+00	5.298127e+00	5.301483e+00	5.305815e+00	5.306815e+00
5.307277e+00	5.307085e+00	5.307034e+00	5.310759e+00	5.712350e+00	5.769316e+00
5.817077e+00	5.848843e+00	5.866825e+00	5.874251e+00	5.852400e+00	5.815848e+00
5.769502e+00	5.717528e+00	5.664884e+00	5.614096e+00	5.567038e+00	5.525060e+00
5.489088e+00	5.459583e+00	5.436779e+00	5.419802e+00	5.407772e+00	5.400685e+00
5.394124e+00	5.388606e+00	5.386012e+00	5.389740e+00	5.401979e+00	5.404432e+00
5.408512e+00	5.409454e+00	5.409770e+00	5.409597e+00	5.409528e+00	5.413506e+00
6.128820e+00	6.163837e+00	6.192230e+00	6.209049e+00	6.215876e+00	6.207815e+00
6.172697e+00	6.116761e+00	6.045716e+00	5.967604e+00	5.891731e+00	5.821302e+00
5.757530e+00	5.701121e+00	5.653237e+00	5.614011e+00	5.582716e+00	5.556109e+00
5.531360e+00	5.510061e+00	5.493686e+00	5.486908e+00	5.480602e+00	5.478231e+00
5.484812e+00	5.485045e+00	5.489463e+00	5.490445e+00	5.490322e+00	5.490225e+00
5.490177e+00	5.494125e+00	6.548474e+00	6.564984e+00	6.576140e+00	6.577877e+00
6.571527e+00	6.540813e+00	6.484562e+00	6.405134e+00	6.308902e+00	6.205934e+00
6.107810e+00	6.018097e+00	5.937786e+00	5.867069e+00	5.806625e+00	5.755892e+00
5.713556e+00	5.675234e+00	5.637359e+00	5.602812e+00	5.576577e+00	5.567041e+00
5.556218e+00	5.547592e+00	5.547092e+00	5.546303e+00	5.550770e+00	5.551710e+00
5.551354e+00	5.551325e+00	5.551234e+00	5.554277e+00	6.964642e+00	6.971624e+00
6.971706e+00	6.959830e+00	6.937962e+00	6.873696e+00	6.783692e+00	6.674604e+00
6.553303e+00	6.429005e+00	6.312238e+00	6.205849e+00	6.110141e+00	6.024651e+00
5.949804e+00	5.884876e+00	5.828480e+00	5.776322e+00	5.725382e+00	5.680110e+00
5.644771e+00	5.629555e+00	5.613089e+00	5.599660e+00	5.591034e+00	5.589666e+00
5.594477e+00	5.595383e+00	5.594900e+00	5.594854e+00	5.594790e+00	5.595957e+00
7.372512e+00	7.382460e+00	7.380475e+00	7.357767e+00	7.318037e+00	7.207258e+00
7.068289e+00	6.922082e+00	6.775576e+00	6.634165e+00	6.503933e+00	6.385254e+00
6.275818e+00	6.173899e+00	6.081369e+00	5.999079e+00	5.925895e+00	5.858186e+00
5.794176e+00	5.740346e+00	5.695999e+00	5.671657e+00	5.647977e+00	5.630582e+00
5.614524e+00	5.612467e+00	5.618112e+00	5.619052e+00	5.618460e+00	5.618301e+00
5.618391e+00	5.617385e+00	7.785394e+00	7.786267e+00	7.773032e+00	7.735354e+00
7.677806e+00	7.527631e+00	7.349117e+00	7.168911e+00	6.994292e+00	6.829441e+00
6.679119e+00	6.542865e+00	6.416979e+00	6.299026e+00	6.191002e+00	6.094145e+00
6.007098e+00	5.926050e+00	5.849836e+00	5.779621e+00	5.720466e+00	5.689454e+00
5.657833e+00	5.632260e+00	5.610501e+00	5.607940e+00	5.613905e+00	5.614846e+00
5.614116e+00	5.613974e+00	5.614110e+00	5.610732e+00	8.194233e+00	8.184807e+00
8.159233e+00	8.105390e+00	8.028666e+00	7.836140e+00	7.615229e+00	7.398713e+00
7.194069e+00	7.004323e+00	6.832777e+00	6.678149e+00	6.535428e+00	6.401495e+00
6.277050e+00	6.163364e+00	6.059708e+00	5.961636e+00	5.866597e+00	5.788446e+00
5.723162e+00	5.689587e+00	5.654997e+00	5.626701e+00	5.596432e+00	5.592890e+00
5.599153e+00	5.600057e+00	5.599083e+00	5.598974e+00	5.599150e+00	5.591792e+00
8.594285e+00	8.570454e+00	8.528370e+00	8.454715e+00	8.355907e+00	8.117229e+00
7.852370e+00	7.599171e+00	7.364663e+00	7.150327e+00	6.957402e+00	6.783609e+00
6.622857e+00	6.471336e+00	6.330685e+00	6.202596e+00	6.085207e+00	5.974159e+00
5.867371e+00	5.772213e+00	5.690637e+00	5.649904e+00	5.607791e+00	5.572888e+00
5.537756e+00	5.532965e+00	5.537176e+00	5.537756e+00	5.536706e+00	5.536616e+00
5.536546e+00	5.528005e+00	9.041876e+00	8.956384e+00	8.858640e+00	8.741376e+00
8.609905e+00	8.328385e+00	8.039532e+00	7.766354e+00	7.513230e+00	7.281882e+00
7.061292e+00	6.855947e+00	6.664718e+00	6.484478e+00	6.325984e+00	6.188050e+00
6.061166e+00	5.943393e+00	5.833240e+00	5.724474e+00	5.623734e+00	5.573506e+00
5.524478e+00	5.486793e+00	5.447545e+00	5.440171e+00	5.440014e+00	5.440061e+00
5.438952e+00	5.438844e+00	5.438720e+00	5.429678e+00	9.493935e+00	9.332181e+00
9.168929e+00	9.003358e+00	8.837720e+00	8.514426e+00	8.204177e+00	7.911880e+00
7.638612e+00	7.385961e+00	7.139569e+00	6.907227e+00	6.691700e+00	6.491727e+00
6.313318e+00	6.153065e+00	6.006660e+00	5.874774e+00	5.756069e+00	5.640385e+00
5.520397e+00	5.460050e+00	5.405261e+00	5.367448e+00	5.325954e+00	5.315212e+00
5.308617e+00	5.307886e+00	5.306784e+00	5.306652e+00	5.306535e+00	5.298477e+00
9.851976e+00	9.651838e+00	9.452909e+00	9.256888e+00	9.065536e+00	8.700286e+00
8.354747e+00	8.027113e+00	7.710714e+00	7.410867e+00	7.145596e+00	6.902914e+00
6.678910e+00	6.472827e+00	6.278779e+00	6.099413e+00	5.938426e+00	5.792691e+00
5.658327e+00	5.526541e+00	5.390904e+00	5.324981e+00	5.265756e+00	5.225150e+00
5.180670e+00	5.167055e+00	5.153247e+00	5.151366e+00	5.150326e+00	5.150291e+00
5.149856e+00	5.143917e+00	1.013689e+01	9.920901e+00	9.705453e+00	9.491261e+00
9.280098e+00	8.871776e+00	8.480915e+00	8.109708e+00	7.751163e+00	7.416547e+00
7.117284e+00	6.845275e+00	6.598948e+00	6.377092e+00	6.177133e+00	5.996651e+00
5.832002e+00	5.671830e+00	5.508471e+00	5.350848e+00	5.209999e+00	5.146315e+00
5.085447e+00	5.039278e+00	4.991589e+00	4.975855e+00	4.953910e+00	4.950417e+00
4.949523e+00	4.949736e+00	4.948586e+00	4.946929e+00	1.042760e+01	1.017695e+01
9.927901e+00	9.682334e+00	9.441877e+00	8.979486e+00	8.540222e+00	8.116027e+00
7.743187e+00	7.397423e+00	7.068968e+00	6.773464e+00	6.508821e+00	6.271889e+00
6.059183e+00	5.866852e+00	5.689862e+00	5.515066e+00	5.334524e+00	5.161961e+00
5.011815e+00	4.945243e+00	4.880385e+00	4.829751e+00	4.778244e+00	4.760797e+00
4.734773e+00	4.730576e+00	4.729677e+00	4.729906e+00	4.728492e+00	4.730404e+00
1.071477e+01	1.042067e+01	1.013116e+01	9.849883e+00	9.577934e+00	9.061927e+00
8.580659e+00	8.117636e+00	7.711532e+00	7.336812e+00	6.991282e+00	6.679670e+00
6.399297e+00	6.146667e+00	5.917214e+00	5.706686e+00	5.511620e+00	5.323629e+00
5.136386e+00	4.957364e+00	4.796376e+00	4.723852e+00	4.653663e+00	4.599448e+00
4.543775e+00	4.525141e+00	4.498499e+00	4.494309e+00	4.493304e+00	4.493393e+00
4.492032e+00	4.497018e+00	1.097255e+01	1.063622e+01	1.030729e+01	9.991374e+00
9.688657e+00	9.118056e+00	8.589717e+00	8.114022e+00	7.669648e+00	7.266460e+00
6.901980e+00	6.573426e+00	6.277294e+00	6.009455e+00	5.764227e+00	5.537007e+00
5.325913e+00	5.126760e+00	4.934682e+00	4.749802e+00	4.575618e+00	4.495090e+00
4.419244e+00	4.362774e+00	4.302673e+00	4.282933e+00	4.257617e+00	4.253868e+00
4.252756e+00	4.252699e+00	4.251523e+00	4.258581e+00	1.119698e+01	1.082163e+01
1.045629e+01	1.010859e+01	9.777706e+00	9.157696e+00	8.583443e+00	8.070041e+00
7.599171e+00	7.173371e+00	6.789449e+00	6.443973e+00	6.132817e+00	5.850977e+00
5.591644e+00	5.349956e+00	5.125807e+00	4.918766e+00	4.725304e+00	4.535619e+00
4.343679e+00	4.251245e+00	4.168998e+00	4.112627e+00	4.047506e+00	4.026661e+00
4.005775e+00	4.003168e+00	4.001942e+00	4.001715e+00	4.000930e+00	4.008693e+00
1.137613e+01	1.096228e+01	1.056152e+01	1.018387e+01	9.827096e+00	9.161390e+00
8.564617e+00	8.018170e+00	7.526346e+00	7.082805e+00	6.682164e+00	6.320344e+00
5.993255e+00	5.696048e+00	5.422195e+00	5.166990e+00	4.930112e+00	4.710826e+00
4.506552e+00	4.308594e+00	4.111412e+00	4.016054e+00	3.927230e+00	3.862374e+00
3.792351e+00	3.772647e+00	3.755695e+00	3.753775e+00	3.752450e+00	3.752174e+00
3.751827e+00	3.758689e+00	1.152030e+01	1.107077e+01	1.063782e+01	1.023390e+01
9.855263e+00	9.153810e+00	8.523780e+00	7.957950e+00	7.449937e+00	6.992098e+00
6.576872e+00	6.199797e+00	5.857163e+00	5.544765e+00	5.257047e+00	4.989643e+00
4.740992e+00	4.508012e+00	4.288352e+00	4.079926e+00	3.882680e+00	3.788076e+00
3.692575e+00	3.615700e+00	3.540919e+00	3.523112e+00	3.509224e+00	3.507663e+00
3.506278e+00	3.506048e+00	3.506187e+00	3.510820e+00	1.164097e+01	1.115958e+01
1.069780e+01	1.027012e+01	9.871186e+00	9.135569e+00	8.478551e+00	7.891701e+00
7.366679e+00	6.894261e+00	6.465575e+00	6.075743e+00	5.720963e+00	5.397005e+00
5.098420e+00	4.820902e+00	4.562734e+00	4.320721e+00	4.092278e+00	3.874824e+00
3.666752e+00	3.565863e+00	3.463829e+00	3.381700e+00	3.302199e+00	3.283961e+00
3.271730e+00	3.270519e+00	3.269138e+00	3.268977e+00	3.269609e+00	3.271604e+00
1.173162e+01	1.122297e+01	1.073739e+01	1.028801e+01	9.870061e+00	9.107617e+00
8.427713e+00	7.823146e+00	7.283587e+00	6.798596e+00	6.358431e+00	5.957921e+00
5.593136e+00	5.259721e+00	4.952186e+00	4.666154e+00	4.399632e+00	4.149122e+00
3.911614e+00	3.684786e+00	3.466040e+00	3.359142e+00	3.250870e+00	3.163617e+00
3.078840e+00	3.059340e+00	3.047044e+00	3.045932e+00	3.044551e+00	3.044491e+00
3.045462e+00	3.044663e+00	1.179370e+01	1.126067e+01	1.075255e+01	1.029134e+01
9.865248e+00	9.074180e+00	8.375136e+00	7.755577e+00	7.203591e+00	6.707868e+00
6.258142e+00	5.849006e+00	5.476347e+00	5.135586e+00	4.821040e+00	4.528141e+00
4.254567e+00	3.996443e+00	3.750292e+00	3.513869e+00	3.284130e+00	3.171075e+00
3.056677e+00	2.964496e+00	2.873722e+00	2.852162e+00	2.838379e+00	2.837148e+00
2.835738e+00	2.835750e+00	2.836851e+00	2.833862e+00	1.182723e+01	1.127774e+01
1.075567e+01	1.028092e+01	9.843239e+00	9.035823e+00	8.322747e+00	7.691615e+00
7.129768e+00	6.625493e+00	6.168392e+00	5.752873e+00	5.374593e+00	5.028681e+00
4.709152e+00	4.411145e+00	4.131968e+00	3.867269e+00	3.613025e+00	3.366665e+00
3.125077e+00	3.005204e+00	2.883970e+00	2.786199e+00	2.688197e+00	2.663844e+00
2.647215e+00	2.645635e+00	2.644114e+00	2.644134e+00	2.645104e+00	2.640862e+00
1.182397e+01	1.126938e+01	1.074251e+01	1.025963e+01	9.815447e+00	8.996627e+00
8.274639e+00	7.635305e+00	7.066077e+00	6.555286e+00	6.092710e+00	5.672643e+00
5.290486e+00	4.941137e+00	4.618308e+00	4.316827e+00	4.033624e+00	3.763798e+00
3.502632e+00	3.246758e+00	2.992631e+00	2.864864e+00	2.734869e+00	2.629366e+00
2.523022e+00	2.496056e+00	2.476281e+00	2.474210e+00	2.472389e+00	2.472318e+00
2.472897e+00	2.468501e+00	1.181534e+01	1.124954e+01	1.071333e+01	1.022791e+01
9.782081e+00	8.957625e+00	8.230517e+00	7.585504e+00	7.010757e+00	6.494937e+00
6.028203e+00	5.604788e+00	5.219875e+00	4.868177e+00	4.543165e+00	4.239388e+00
3.953378e+00	3.679613e+00	3.412546e+00	3.147663e+00	2.880515e+00	2.744158e+00
2.604101e+00	2.489451e+00	2.374223e+00	2.344946e+00	2.322153e+00	2.319553e+00
2.317318e+00	2.317086e+00	2.317126e+00	2.313465e+00	1.179455e+01	1.122022e+01
1.067876e+01	1.019231e+01	9.746699e+00	8.921732e+00	8.194347e+00	7.547426e+00
6.969893e+00	6.451077e+00	5.981821e+00	5.556796e+00	5.170778e+00	4.818373e+00
4.493039e+00	4.189110e+00	3.902551e+00	3.626824e+00	3.354897e+00	3.079916e+00
2.797511e+00	2.650451e+00	2.496602e+00	2.369088e+00	2.243618e+00	2.212687e+00
2.187300e+00	2.184133e+00	2.181291e+00	2.180784e+00	2.180032e+00	2.178584e+00
1.173803e+01	1.116760e+01	1.063014e+01	1.014863e+01	9.707800e+00	8.889172e+00
8.165710e+00	7.519699e+00	6.941466e+00	6.421317e+00	5.950923e+00	5.525244e+00
5.138911e+00	4.786489e+00	4.461492e+00	4.158095e+00	3.871760e+00	3.595071e+00
3.319685e+00	3.036445e+00	2.738766e+00	2.580170e+00	2.410651e+00	2.267797e+00
2.130332e+00	2.098042e+00	2.070443e+00	2.066709e+00	2.063075e+00	2.062185e+00
2.060469e+00	2.062619e+00	1.167326e+01	1.110801e+01	1.057646e+01	1.010208e+01
9.668513e+00	8.861594e+00	8.145998e+00	7.506989e+00	6.933600e+00	6.416783e+00
5.949392e+00	5.524360e+00	5.138554e+00	4.786750e+00	4.462518e+00	4.160007e+00
3.874467e+00	3.598054e+00	3.321756e+00	3.035471e+00	2.714135e+00	2.537134e+00
2.348422e+00	2.188572e+00	2.033507e+00	1.999035e+00	1.970172e+00	1.966084e+00
1.961278e+00	1.959814e+00	1.957188e+00	1.965488e+00	1.159626e+01	1.103968e+01
1.051717e+01	1.005262e+01	9.628732e+00	8.837059e+00	8.130477e+00	7.498438e+00
6.929154e+00	6.414761e+00	5.949267e+00	5.526161e+00	5.142348e+00	4.792741e+00
4.471089e+00	4.171462e+00	3.888503e+00	3.613131e+00	3.334363e+00	3.038816e+00
2.698105e+00	2.505022e+00	2.298572e+00	2.122192e+00	1.948107e+00	1.911141e+00
1.881457e+00	1.877128e+00	1.871046e+00	1.868949e+00	1.865484e+00	1.880755e+00
1.151497e+01	1.096821e+01	1.045610e+01	1.000279e+01	9.590028e+00	8.816786e+00
8.125092e+00	7.497267e+00	6.929738e+00	6.416455e+00	5.951844e+00	5.531838e+00
5.151132e+00	4.804727e+00	4.486595e+00	4.190684e+00	3.910930e+00	3.636903e+00
3.355359e+00	3.047903e+00	2.696835e+00	2.498128e+00	2.273837e+00	2.073488e+00
1.876233e+00	1.835345e+00	1.804553e+00	1.800127e+00	1.792859e+00	1.790142e+00
1.786098e+00	1.808521e+00	1.142661e+01	1.089170e+01	1.039214e+01	9.952195e+00
9.552493e+00	8.800480e+00	8.123827e+00	7.507159e+00	6.947828e+00	6.440800e+00
5.981722e+00	5.566454e+00	5.190221e+00	4.848095e+00	4.534085e+00	4.242039e+00
3.965531e+00	3.693292e+00	3.410620e+00	3.096450e+00	2.725618e+00	2.509824e+00
2.262199e+00	2.038081e+00	1.817031e+00	1.771218e+00	1.739090e+00	1.734686e+00
1.726322e+00	1.723002e+00	1.718609e+00	1.748138e+00	1.133957e+01	1.081662e+01
1.032988e+01	9.903998e+00	9.518187e+00	8.788760e+00	8.126298e+00	7.522484e+00
6.972560e+00	6.472934e+00	6.020520e+00	5.611249e+00	5.240680e+00	4.903896e+00
4.594835e+00	4.307201e+00	4.034237e+00	3.763933e+00	3.480179e+00	3.159087e+00
2.768537e+00	2.534526e+00	2.265987e+00	2.021303e+00	1.769609e+00	1.717314e+00
1.683466e+00	1.679195e+00	1.669838e+00	1.665986e+00	1.661319e+00	1.698866e+00
1.125537e+01	1.074425e+01	1.027041e+01	9.859173e+00	9.487900e+00	8.781749e+00
8.136645e+00	7.545863e+00	7.006229e+00	6.515217e+00	6.070748e+00	5.668999e+00
5.305536e+00	4.975365e+00	4.672194e+00	4.389521e+00	4.120345e+00	3.852099e+00
3.567443e+00	3.239747e+00	2.831969e+00	2.582478e+00	2.288091e+00	2.016582e+00
1.733211e+00	1.673005e+00	1.636876e+00	1.632799e+00	1.622557e+00	1.618196e+00
1.613731e+00	1.657873e+00	1.117586e+01	1.067613e+01	1.021506e+01	9.818776e+00
9.462363e+00	8.779250e+00	8.152300e+00	7.575612e+00	7.047467e+00	6.566322e+00
6.131058e+00	5.738099e+00	5.382945e+00	5.060449e+00	4.764023e+00	4.486860e+00
4.221807e+00	3.955884e+00	3.670712e+00	3.337127e+00	2.912884e+00	2.647636e+00
2.328248e+00	2.027194e+00	1.708063e+00	1.638116e+00	1.598629e+00	1.594729e+00
1.583722e+00	1.578871e+00	1.575319e+00	1.621940e+00	1.109954e+01	1.061089e+01
1.016242e+01	9.781141e+00	9.439641e+00	8.780260e+00	8.171394e+00	7.609724e+00
7.094105e+00	6.623932e+00	6.199037e+00	5.815983e+00	5.470223e+00	5.156417e+00
4.867590e+00	4.596578e+00	4.336130e+00	4.073042e+00	3.787983e+00	3.449559e+00
3.010206e+00	2.729530e+00	2.384529e+00	2.053186e+00	1.691918e+00	1.611106e+00
1.567213e+00	1.563414e+00	1.551734e+00	1.546730e+00	1.542925e+00	1.591361e+00
1.102855e+01	1.055055e+01	1.011434e+01	9.747671e+00	9.420833e+00	8.782980e+00
8.193665e+00	7.647485e+00	7.145011e+00	6.686529e+00	6.272717e+00	5.900292e+00
5.564650e+00	5.260244e+00	4.979659e+00	4.715368e+00	4.460067e+00	4.200384e+00
3.916211e+00	3.574099e+00	3.121063e+00	2.825391e+00	2.454405e+00	2.091162e+00
1.688067e+00	1.592173e+00	1.541767e+00	1.537893e+00	1.525558e+00	1.520400e+00
1.516620e+00	1.566013e+00	1.096472e+01	1.049681e+01	1.007230e+01	9.719434e+00
9.406487e+00	8.791005e+00	8.219924e+00	7.689443e+00	7.200614e+00	6.754475e+00
6.352357e+00	5.991169e+00	5.666253e+00	5.371857e+00	5.100102e+00	4.843117e+00
4.593622e+00	4.338116e+00	4.056001e+00	3.712084e+00	3.248085e+00	2.938769e+00
2.542501e+00	2.146293e+00	1.692004e+00	1.581652e+00	1.522270e+00	1.518040e+00
1.505380e+00	1.500150e+00	1.496860e+00	1.545931e+00	1.090706e+01	1.044894e+01
1.003531e+01	9.694957e+00	9.394580e+00	8.800682e+00	8.247495e+00	7.732586e+00
7.257516e+00	6.823916e+00	6.433658e+00	6.083814e+00	5.769718e+00	5.485488e+00
5.222865e+00	4.973683e+00	4.730729e+00	4.480496e+00	4.202019e+00	3.858758e+00
3.387229e+00	3.066020e+00	2.645497e+00	2.215942e+00	1.707513e+00	1.583756e+00
1.506103e+00	1.501195e+00	1.490323e+00	1.485754e+00	1.483712e+00	1.528902e+00
1.085528e+01	1.040641e+01	1.000295e+01	9.674313e+00	9.385712e+00	8.812532e+00
8.276586e+00	7.777085e+00	7.315825e+00	6.894908e+00	6.516651e+00	6.178281e+00
5.875155e+00	5.601303e+00	5.348144e+00	5.107248e+00	4.871506e+00	4.627477e+00
4.353964e+00	4.013418e+00	3.537330e+00	3.205816e+00	2.762097e+00	2.299067e+00
1.735943e+00	1.589081e+00	1.493286e+00	1.487201e+00	1.478229e+00	1.474383e+00
1.473289e+00	1.514012e+00	1.081498e+01	1.037417e+01	9.979776e+00	9.661875e+00
9.384790e+00	8.827573e+00	8.308392e+00	7.823792e+00	7.376040e+00	6.967611e+00
6.601149e+00	6.274044e+00	5.981722e+00	5.718160e+00	5.474534e+00	5.242229e+00
5.014258e+00	4.777297e+00	4.510087e+00	4.174538e+00	3.697507e+00	3.357808e+00
2.892494e+00	2.395182e+00	1.770097e+00	1.598990e+00	1.487547e+00	1.478531e+00
1.470315e+00	1.466931e+00	1.465065e+00	1.502064e+00	1.078422e+01	1.035015e+01
9.963380e+00	9.654391e+00	9.386663e+00	8.847218e+00	8.343065e+00	7.872525e+00
7.437829e+00	7.041591e+00	6.686601e+00	6.370416e+00	6.088584e+00	5.835090e+00
5.600972e+00	5.377532e+00	5.157939e+00	4.929054e+00	4.669783e+00	4.342135e+00
3.869162e+00	3.524681e+00	3.041326e+00	2.510817e+00	1.817895e+00	1.621963e+00
1.484883e+00	1.473325e+00	1.465216e+00	1.462148e+00	1.458946e+00	1.492623e+00
1.076000e+01	1.033124e+01	9.950916e+00	9.650805e+00	9.389962e+00	8.866055e+00
8.375941e+00	7.918772e+00	7.496702e+00	7.112336e+00	6.768484e+00	6.462838e+00
6.191107e+00	5.947348e+00	5.722587e+00	5.508156e+00	5.297523e+00	5.077971e+00
4.828819e+00	4.512196e+00	4.047384e+00	3.700421e+00	3.201114e+00	2.638556e+00
1.875836e+00	1.651799e+00	1.486206e+00	1.472568e+00	1.462679e+00	1.460121e+00
1.455604e+00	1.484667e+00	1.073983e+01	1.031552e+01	9.940754e+00	9.648360e+00
9.395467e+00	8.884851e+00	8.407907e+00	7.963579e+00	7.553830e+00	7.181126e+00
6.848199e+00	6.552858e+00	6.291013e+00	6.056854e+00	5.841494e+00	5.636380e+00
5.435327e+00	5.226114e+00	4.988621e+00	4.685384e+00	4.232469e+00	3.885631e+00
3.373366e+00	2.780405e+00	1.944965e+00	1.690405e+00	1.491061e+00	1.472233e+00
1.460955e+00	1.458845e+00	1.453206e+00	1.477681e+00	1.073251e+01	1.031030e+01
9.938258e+00	9.648189e+00	9.402097e+00	8.903199e+00	8.437917e+00	8.005412e+00
7.607338e+00	7.245812e+00	6.923269e+00	6.637696e+00	6.385332e+00	6.160753e+00
5.955509e+00	5.761230e+00	5.571391e+00	5.372943e+00	5.145544e+00	4.853841e+00
4.414987e+00	4.074032e+00	3.559919e+00	2.942156e+00	2.020635e+00	1.732146e+00
1.498139e+00	1.472902e+00	1.459660e+00	1.457376e+00	1.452658e+00	1.471661e+00
1.073067e+01	1.030930e+01	9.939139e+00	9.652940e+00	9.411055e+00	8.920851e+00
8.465388e+00	8.043462e+00	7.656227e+00	7.305223e+00	6.992344e+00	6.715832e+00
6.472400e+00	6.257311e+00	6.062973e+00	5.881324e+00	5.704616e+00	5.517059e+00
5.296923e+00	5.013447e+00	4.590668e+00	4.263394e+00	3.765243e+00	3.134316e+00
2.104970e+00	1.778097e+00	1.512363e+00	1.480688e+00	1.458614e+00	1.455504e+00
1.452946e+00	1.466563e+00	1.073277e+01	1.031151e+01	9.942846e+00	9.660506e+00
9.422532e+00	8.940244e+00	8.493859e+00	8.081897e+00	7.704926e+00	7.363863e+00
7.059906e+00	6.791511e+00	6.555874e+00	6.348898e+00	6.163855e+00	5.993318e+00
5.829363e+00	5.655322e+00	5.448732e+00	5.179610e+00	4.773837e+00	4.457009e+00
3.968824e+00	3.327658e+00	2.209364e+00	1.836677e+00	1.526457e+00	1.487706e+00
1.459069e+00	1.455369e+00	1.453307e+00	1.462963e+00	1.073753e+01	1.031706e+01
9.949702e+00	9.669438e+00	9.434419e+00	8.958983e+00	8.520804e+00	8.118046e+00
7.750630e+00	7.418815e+00	7.123048e+00	6.861945e+00	6.633182e+00	6.433275e+00
6.256349e+00	6.095809e+00	5.944277e+00	5.785644e+00	5.597491e+00	5.347975e+00
4.960628e+00	4.652177e+00	4.170117e+00	3.522511e+00	2.335560e+00	1.909818e+00
1.540906e+00	1.494112e+00	1.460750e+00	1.455596e+00	1.453496e+00	1.460009e+00
1.073871e+01	1.031944e+01	9.953556e+00	9.675356e+00	9.442847e+00	8.973377e+00
8.542347e+00	8.147702e+00	7.788853e+00	7.465429e+00	7.177251e+00	6.923014e+00
6.700818e+00	6.507777e+00	6.338890e+00	6.188356e+00	6.049276e+00	5.906075e+00
5.736453e+00	5.507615e+00	5.142100e+00	4.845118e+00	4.373598e+00	3.724267e+00
2.472653e+00	1.993106e+00	1.558451e+00	1.501558e+00	1.461590e+00	1.455280e+00
1.452748e+00	1.456719e+00	1.074116e+01	1.032463e+01	9.961384e+00	9.685470e+00
9.455055e+00	8.990065e+00	8.564248e+00	8.176077e+00	7.824584e+00	7.508756e+00
7.227706e+00	6.980115e+00	6.764279e+00	6.577813e+00	6.416860e+00	6.276476e+00
6.149591e+00	6.019701e+00	5.865278e+00	5.658663e+00	5.326284e+00	5.046502e+00
4.581924e+00	3.921118e+00	2.614879e+00	2.094837e+00	1.585041e+00	1.512597e+00
1.461205e+00	1.455131e+00	1.447495e+00	1.454258e+00	1.074618e+01	1.033187e+01
9.970274e+00	9.695315e+00	9.466005e+00	9.004416e+00	8.583084e+00	8.200345e+00
7.854962e+00	7.545629e+00	7.271069e+00	7.029976e+00	6.820680e+00	6.640832e+00
6.486573e+00	6.353558e+00	6.236731e+00	6.123292e+00	5.993096e+00	5.812165e+00
5.501510e+00	5.233447e+00	4.785788e+00	4.133043e+00	2.775474e+00	2.205007e+00
1.610054e+00	1.522428e+00	1.461392e+00	1.455243e+00	1.446061e+00	1.452301e+00
1.075430e+01	1.033946e+01	9.977561e+00	9.702895e+00	9.474241e+00	9.015574e+00
8.598300e+00	8.220049e+00	7.879453e+00	7.575271e+00	7.306194e+00	7.071021e+00
6.868073e+00	6.694711e+00	6.546024e+00	6.417965e+00	6.309262e+00	6.214837e+00
6.117572e+00	5.964956e+00	5.661494e+00	5.398746e+00	4.979312e+00	4.362660e+00
2.961671e+00	2.322523e+00	1.631682e+00	1.530538e+00	1.463828e+00	1.455970e+00
1.449681e+00	1.450760e+00	1.074790e+01	1.033625e+01	9.977150e+00	9.706077e+00
9.480055e+00	9.026269e+00	8.613449e+00	8.239357e+00	7.902671e+00	7.602212e+00
7.336813e+00	7.105549e+00	6.907191e+00	6.739615e+00	6.598662e+00	6.480668e+00
6.384130e+00	6.303268e+00	6.220616e+00	6.087275e+00	5.812408e+00	5.567821e+00
5.169961e+00	4.575480e+00	3.157114e+00	2.455661e+00	1.662153e+00	1.544117e+00
1.465305e+00	1.455393e+00	1.448429e+00	1.449182e+00	1.073492e+01	1.032990e+01
9.976526e+00	9.708405e+00	9.484897e+00	9.036121e+00	8.627547e+00	8.257173e+00
7.923817e+00	7.626421e+00	7.364055e+00	7.136084e+00	6.941781e+00	6.779656e+00
6.646701e+00	6.539842e+00	6.456371e+00	6.387152e+00	6.314215e+00	6.197997e+00
5.957721e+00	5.736021e+00	5.358633e+00	4.784036e+00	3.363221e+00	2.602146e+00
1.698968e+00	1.561741e+00	1.466696e+00	1.454518e+00	1.445949e+00	1.447697e+00
1.072298e+01	1.032419e+01	9.976462e+00	9.710890e+00	9.489073e+00	9.043998e+00
8.638493e+00	8.270816e+00	7.939982e+00	7.645186e+00	7.385809e+00	7.161368e+00
6.971357e+00	6.814559e+00	6.688422e+00	6.590253e+00	6.517302e+00	6.459918e+00
6.400637e+00	6.304145e+00	6.095269e+00	5.894284e+00	5.539819e+00	4.990042e+00
3.576097e+00	2.761510e+00	1.741010e+00	1.581878e+00	1.468546e+00	1.454526e+00
1.443817e+00	1.446522e+00	1.071096e+01	1.031911e+01	9.976756e+00	9.713513e+00
9.492666e+00	9.050250e+00	8.646924e+00	8.281210e+00	7.952312e+00	7.659702e+00
7.403085e+00	7.182069e+00	6.996221e+00	6.844365e+00	6.723942e+00	6.632506e+00
6.567990e+00	6.521955e+00	6.478367e+00	6.402999e+00	6.222907e+00	6.041020e+00
5.711153e+00	5.189532e+00	3.793492e+00	2.936412e+00	1.791914e+00	1.606976e+00
1.471147e+00	1.455433e+00	1.441859e+00	1.445605e+00	1.070190e+01	1.031819e+01
9.979589e+00	9.718269e+00	9.497228e+00	9.055801e+00	8.653819e+00	8.289929e+00
7.963293e+00	7.673294e+00	7.419636e+00	7.201925e+00	7.019697e+00	6.871736e+00
6.755327e+00	6.668349e+00	6.610218e+00	6.575446e+00	6.550020e+00	6.496483e+00
6.340746e+00	6.176401e+00	5.875173e+00	5.383816e+00	4.006515e+00	3.124668e+00
1.852946e+00	1.638496e+00	1.475274e+00	1.457358e+00	1.440401e+00	1.444937e+00
1.069403e+01	1.031782e+01	9.985978e+00	9.724720e+00	9.502192e+00	9.060802e+00
8.659772e+00	8.297554e+00	7.973201e+00	7.685902e+00	7.435214e+00	7.220679e+00
7.041740e+00	6.897111e+00	6.783854e+00	6.700231e+00	6.647429e+00	6.623528e+00
6.617031e+00	6.585566e+00	6.452065e+00	6.304520e+00	6.034089e+00	5.574788e+00
4.219915e+00	3.326539e+00	1.924198e+00	1.676721e+00	1.481242e+00	1.460815e+00
1.439200e+00	1.444389e+00	1.068310e+01	1.031654e+01	9.989176e+00	9.729202e+00
9.505403e+00	9.064601e+00	8.664593e+00	8.303834e+00	7.981335e+00	7.696235e+00
7.448004e+00	7.236172e+00	7.060152e+00	6.918621e+00	6.808579e+00	6.728554e+00
6.680913e+00	6.666048e+00	6.674614e+00	6.663205e+00	6.554725e+00	6.424852e+00
6.181384e+00	5.753810e+00	4.439629e+00	3.534319e+00	2.003457e+00	1.721092e+00
1.488634e+00	1.464528e+00	1.438846e+00	1.443760e+00	1.066561e+01	1.030973e+01
9.990235e+00	9.731833e+00	9.507058e+00	9.067093e+00	8.668074e+00	8.308518e+00
7.987451e+00	7.704100e+00	7.457880e+00	7.248328e+00	7.074847e+00	6.936082e+00
6.829105e+00	6.752670e+00	6.709830e+00	6.702162e+00	6.722504e+00	6.729214e+00
6.647158e+00	6.535053e+00	6.313462e+00	5.916713e+00	4.664826e+00	3.745286e+00
2.094267e+00	1.775835e+00	1.498982e+00	1.468644e+00	1.438807e+00	1.442958e+00
1.064003e+01	1.029797e+01	9.989026e+00	9.734192e+00	9.510136e+00	9.072987e+00
8.675693e+00	8.317081e+00	7.996397e+00	7.713222e+00	7.467421e+00	7.258809e+00
7.087088e+00	6.951342e+00	6.849198e+00	6.779302e+00	6.743257e+00	6.739270e+00
6.759134e+00	6.775012e+00	6.729231e+00	6.642755e+00	6.442213e+00	6.068199e+00
4.887177e+00	3.964893e+00	2.197113e+00	1.838005e+00	1.510981e+00	1.474616e+00
1.439247e+00	1.442958e+00	1.061432e+01	1.028614e+01	9.987077e+00	9.736796e+00
9.514235e+00	9.080768e+00	8.685337e+00	8.327280e+00	8.006325e+00	7.722591e+00
7.476595e+00	7.268416e+00	7.098028e+00	6.964995e+00	6.867611e+00	6.804478e+00
6.775224e+00	6.773487e+00	6.790059e+00	6.812533e+00	6.802069e+00	6.742475e+00
6.564307e+00	6.211324e+00	5.101688e+00	4.189592e+00	2.314761e+00	1.910025e+00
1.525348e+00	1.482480e+00	1.440583e+00	1.443159e+00	1.060205e+01	1.028221e+01
9.988938e+00	9.739702e+00	9.516426e+00	9.083534e+00	8.688924e+00	8.331860e+00
8.011987e+00	7.729415e+00	7.484637e+00	7.277752e+00	7.108756e+00	6.977327e+00
6.881897e+00	6.821299e+00	6.795431e+00	6.798360e+00	6.822088e+00	6.856487e+00
6.867236e+00	6.825283e+00	6.673429e+00	6.351662e+00	5.302508e+00	4.411344e+00
2.448969e+00	1.994709e+00	1.543051e+00	1.490478e+00	1.441531e+00	1.443080e+00
1.058656e+01	1.027377e+01	9.986543e+00	9.738749e+00	9.514953e+00	9.083038e+00
8.689347e+00	8.333209e+00	8.014368e+00	7.732835e+00	7.489045e+00	7.283164e+00
7.115294e+00	6.985262e+00	6.891605e+00	6.833347e+00	6.810514e+00	6.817441e+00
6.846923e+00	6.891044e+00	6.921158e+00	6.896702e+00	6.771446e+00	6.479784e+00
5.489714e+00	4.631064e+00	2.600126e+00	2.089885e+00	1.563164e+00	1.500979e+00
1.441987e+00	1.441800e+00	1.057690e+01	1.027109e+01	9.986645e+00	9.739593e+00
9.515441e+00	9.083848e+00	8.690814e+00	8.335595e+00	8.017757e+00	7.737373e+00
7.494853e+00	7.290275e+00	7.123579e+00	6.994559e+00	6.902042e+00	6.845430e+00
6.825023e+00	6.835686e+00	6.871106e+00	6.925109e+00	6.971259e+00	6.959652e+00
6.859375e+00	6.607915e+00	5.685519e+00	4.834538e+00	2.761635e+00	2.201668e+00
1.588557e+00	1.505940e+00	1.444856e+00	1.441388e+00	1.057204e+01	1.027212e+01
9.992339e+00	9.746367e+00	9.521375e+00	9.089373e+00	8.695813e+00	8.340535e+00
8.023289e+00	7.744095e+00	7.503222e+00	7.300322e+00	7.134734e+00	7.005997e+00
6.913692e+00	6.857879e+00	6.839218e+00	6.853259e+00	6.894601e+00	6.958405e+00
7.017108e+00	7.013827e+00	6.935943e+00	6.733223e+00	5.888830e+00	5.018796e+00
2.932529e+00	2.335149e+00	1.622693e+00	1.507427e+00	1.457834e+00	1.442093e+00
1.056404e+01	1.026987e+01	9.992333e+00	9.747657e+00	9.522128e+00	9.090498e+00
8.697333e+00	8.342713e+00	8.026247e+00	7.747905e+00	7.507782e+00	7.305520e+00
7.140534e+00	7.012450e+00	6.921066e+00	6.866648e+00	6.849925e+00	6.866522e+00
6.911488e+00	6.981538e+00	7.053788e+00	7.063329e+00	7.006179e+00	6.830582e+00
6.053782e+00	5.229685e+00	3.119960e+00	2.467447e+00	1.659038e+00	1.520071e+00
1.463000e+00	1.441904e+00	1.055473e+01	1.026533e+01	9.992317e+00	9.748389e+00
9.522536e+00	9.091142e+00	8.698258e+00	8.344156e+00	8.028357e+00	7.750707e+00
7.511141e+00	7.309339e+00	7.144844e+00	7.017399e+00	6.926956e+00	6.873921e+00
6.859032e+00	6.877836e+00	6.925692e+00	7.000791e+00	7.085833e+00	7.108755e+00
7.071103e+00	6.916209e+00	6.204238e+00	5.451826e+00	3.321145e+00	2.605349e+00
1.698785e+00	1.543963e+00	1.466994e+00	1.441558e+00	1.054591e+01	1.026098e+01
9.991778e+00	9.748227e+00	9.522232e+00	9.091006e+00	8.698292e+00	8.344478e+00
8.029163e+00	7.752016e+00	7.512969e+00	7.311699e+00	7.147779e+00	7.021009e+00
6.931454e+00	6.879639e+00	6.866359e+00	6.887131e+00	6.937544e+00	7.016961e+00
7.112887e+00	7.147284e+00	7.126691e+00	6.991907e+00	6.347607e+00	5.666626e+00
3.530686e+00	2.755013e+00	1.744553e+00	1.569197e+00	1.471891e+00	1.441329e+00
1.053776e+01	1.025676e+01	9.990073e+00	9.747395e+00	9.521068e+00	9.090295e+00
8.698010e+00	8.344556e+00	8.029522e+00	7.752702e+00	7.514044e+00	7.313223e+00
7.149827e+00	7.023688e+00	6.934929e+00	6.884146e+00	6.872202e+00	6.894662e+00
6.947307e+00	7.030343e+00	7.135102e+00	7.178976e+00	7.173455e+00	7.057918e+00
6.479861e+00	5.870050e+00	3.749450e+00	2.918077e+00	1.798734e+00	1.599663e+00
1.477334e+00	1.441180e+00	1.053296e+01	1.025538e+01	9.990523e+00	9.748125e+00
9.521718e+00	9.091099e+00	8.698912e+00	8.345593e+00	8.030806e+00	7.754161e+00
7.515686e+00	7.315190e+00	7.152442e+00	7.027315e+00	6.939500e+00	6.889290e+00
6.877933e+00	6.901819e+00	6.957504e+00	7.044621e+00	7.153089e+00	7.201547e+00
7.214656e+00	7.131578e+00	6.597988e+00	6.032420e+00	3.988510e+00	3.104793e+00
1.860105e+00	1.632584e+00	1.481570e+00	1.441216e+00	1.052940e+01	1.025459e+01
9.991921e+00	9.750141e+00	9.523516e+00	9.093252e+00	8.701307e+00	8.348017e+00
8.033054e+00	7.756227e+00	7.517669e+00	7.317369e+00	7.155307e+00	7.031366e+00
6.944520e+00	6.894593e+00	6.883428e+00	6.908569e+00	6.967521e+00	7.058734e+00
7.168709e+00	7.219929e+00	7.251944e+00	7.205943e+00	6.707702e+00	6.175738e+00
4.243657e+00	3.311146e+00	1.929158e+00	1.669130e+00	1.485368e+00	1.441315e+00
1.052606e+01	1.025368e+01	9.992651e+00	9.751268e+00	9.524353e+00	9.094370e+00
8.702729e+00	8.349567e+00	8.034640e+00	7.757876e+00	7.519466e+00	7.319434e+00
7.157737e+00	7.034159e+00	6.947805e+00	6.898810e+00	6.888599e+00	6.914842e+00
6.974755e+00	7.067998e+00	7.184034e+00	7.241434e+00	7.283030e+00	7.246686e+00
6.814453e+00	6.349249e+00	4.479197e+00	3.504420e+00	2.008498e+00	1.716522e+00
1.491756e+00	1.441326e+00	1.052270e+01	1.025250e+01	9.992841e+00	9.751617e+00
9.524516e+00	9.094700e+00	8.703355e+00	8.350308e+00	8.035523e+00	7.758998e+00
7.520968e+00	7.321285e+00	7.159581e+00	7.035707e+00	6.949549e+00	6.902231e+00
6.893782e+00	6.921000e+00	6.979100e+00	7.072752e+00	7.199047e+00	7.269030e+00
7.308010e+00	7.262792e+00	6.917269e+00	6.580969e+00	4.682879e+00	3.672542e+00
2.104015e+00	1.786229e+00	1.505574e+00	1.441142e+00	1.052953e+01	1.025803e+01
9.997220e+00	9.754708e+00	9.526199e+00	9.095242e+00	8.703613e+00	8.351081e+00
8.037094e+00	7.761411e+00	7.524097e+00	7.324976e+00	7.163648e+00	7.039771e+00
6.952677e+00	6.902483e+00	6.892747e+00	6.922232e+00	6.991519e+00	7.091403e+00
7.214380e+00	7.278338e+00	7.327497e+00	7.305379e+00	7.016897e+00	6.676461e+00
4.918367e+00	3.900040e+00	2.211171e+00	1.844181e+00	1.519160e+00	1.441428e+00
1.054067e+01	1.026661e+01	1.000313e+01	9.758232e+00	9.527896e+00	9.095070e+00
8.703167e+00	8.351019e+00	8.037824e+00	7.763000e+00	7.526273e+00	7.327569e+00
7.166743e+00	7.043183e+00	6.954744e+00	6.901290e+00	6.888313e+00	6.922196e+00
7.003361e+00	7.112569e+00	7.225014e+00	7.282393e+00	7.342503e+00	7.362671e+00
7.104672e+00	6.733841e+00	5.164812e+00	4.163961e+00	2.331661e+00	1.901316e+00
1.533197e+00	1.441845e+00	1.053023e+01	1.025855e+01	9.997034e+00	9.752626e+00
9.522375e+00	9.090002e+00	8.698486e+00	8.346678e+00	8.033767e+00	7.759194e+00
7.522705e+00	7.324222e+00	7.163626e+00	7.040304e+00	6.952179e+00	6.899280e+00
6.886982e+00	6.921040e+00	7.002811e+00	7.113126e+00	7.228524e+00	7.289579e+00
7.355332e+00	7.385536e+00	7.171251e+00	6.848739e+00	5.370187e+00	4.377285e+00
2.465997e+00	1.988622e+00	1.550434e+00	1.440899e+00	1.052123e+01	1.025498e+01
9.997568e+00	9.756116e+00	9.527529e+00	9.097026e+00	8.705710e+00	8.353381e+00
8.039583e+00	7.764011e+00	7.526682e+00	7.327628e+00	7.166874e+00	7.044161e+00
6.958259e+00	6.909225e+00	6.900077e+00	6.931260e+00	7.002068e+00	7.107172e+00
7.236055e+00	7.306628e+00	7.376304e+00	7.411017e+00	7.240168e+00	6.949582e+00
5.569688e+00	4.596477e+00	2.616038e+00	2.091164e+00	1.572249e+00	1.441562e+00
1.051375e+01	1.025119e+01	9.997344e+00	9.757267e+00	9.529433e+00	9.099790e+00
8.708563e+00	8.356003e+00	8.041806e+00	7.765790e+00	7.528099e+00	7.328814e+00
7.168029e+00	7.045636e+00	6.960778e+00	6.913515e+00	6.905816e+00	6.935751e+00
7.001634e+00	7.104593e+00	7.240439e+00	7.316007e+00	7.390935e+00	7.431941e+00
7.294273e+00	7.036034e+00	5.752857e+00	4.809498e+00	2.778406e+00	2.206240e+00
1.596282e+00	1.441766e+00	1.050799e+01	1.024642e+01	9.992906e+00	9.753304e+00
9.525540e+00	9.096090e+00	8.704865e+00	8.352316e+00	8.038112e+00	7.762144e+00
7.524601e+00	7.325554e+00	7.165143e+00	7.043197e+00	6.958777e+00	6.911862e+00
6.904483e+00	6.934829e+00	7.001472e+00	7.105430e+00	7.241894e+00	7.318495e+00
7.398316e+00	7.447470e+00	7.332153e+00	7.106620e+00	5.915327e+00	5.011181e+00
2.953269e+00	2.335000e+00	1.622253e+00	1.440874e+00	