3.679922e-01	3.811659e-01	3.944294e-01	4.077248e-01	4.210264e-01	4.474251e-01
4.733980e-01	4.988127e-01	5.237042e-01	5.483598e-01	5.732180e-01	5.984289e-01
6.237066e-01	6.490522e-01	6.744708e-01	7.000204e-01	7.255233e-01	7.510867e-01
7.753284e-01	7.918908e-01	7.948358e-01	7.954772e-01	8.089955e-01	8.348832e-01
8.623729e-01	8.670143e-01	8.738090e-01	8.749634e-01	8.754830e-01	8.756374e-01
8.754630e-01	8.711069e-01	4.088605e-01	4.229357e-01	4.370912e-01	4.512654e-01
4.654333e-01	4.935235e-01	5.211275e-01	5.481088e-01	5.745024e-01	6.006021e-01
6.268548e-01	6.534093e-01	6.799708e-01	7.065445e-01	7.331548e-01	7.598792e-01
7.865373e-01	8.132396e-01	8.385930e-01	8.561906e-01	8.600420e-01	8.611241e-01
8.752324e-01	9.017534e-01	9.299633e-01	9.347921e-01	9.417351e-01	9.429072e-01
9.434430e-01	9.435997e-01	9.434268e-01	9.390797e-01	4.542676e-01	4.692828e-01
4.843673e-01	4.994557e-01	5.145238e-01	5.443714e-01	5.736692e-01	6.022766e-01
6.302279e-01	6.578215e-01	6.855104e-01	7.134411e-01	7.413105e-01	7.691294e-01
7.969448e-01	8.248565e-01	8.526823e-01	8.805357e-01	9.070198e-01	9.257114e-01
9.305975e-01	9.321884e-01	9.468925e-01	9.739795e-01	1.002851e+00	1.007868e+00
1.014942e+00	1.016127e+00	1.016678e+00	1.016837e+00	1.016667e+00	1.012356e+00
5.047174e-01	5.207088e-01	5.367568e-01	5.527923e-01	5.687920e-01	6.004582e-01
6.315083e-01	6.617978e-01	6.913587e-01	7.204922e-01	7.496546e-01	7.789883e-01
8.081837e-01	8.372580e-01	8.662850e-01	8.953900e-01	9.243898e-01	9.534007e-01
9.810300e-01	1.000877e+00	1.006941e+00	1.009117e+00	1.024420e+00	1.051991e+00
1.081452e+00	1.086657e+00	1.093839e+00	1.095032e+00	1.095599e+00	1.095758e+00
1.095592e+00	1.091351e+00	5.607701e-01	5.777702e-01	5.948129e-01	6.118246e-01
6.287841e-01	6.623237e-01	6.951790e-01	7.272011e-01	7.584191e-01	7.891336e-01
8.198007e-01	8.505576e-01	8.810894e-01	9.114213e-01	9.416584e-01	9.719549e-01
1.002128e+00	1.032295e+00	1.061079e+00	1.082146e+00	1.089548e+00	1.092395e+00
1.108295e+00	1.136250e+00	1.166213e+00	1.171605e+00	1.178869e+00	1.180065e+00
1.180646e+00	1.180805e+00	1.180645e+00	1.176509e+00	6.230479e-01	6.410847e-01
6.591483e-01	6.771609e-01	6.951037e-01	7.305632e-01	7.652691e-01	7.990682e-01
8.319842e-01	8.643144e-01	8.965106e-01	9.287023e-01	9.605719e-01	9.921539e-01
1.023590e+00	1.055067e+00	1.086403e+00	1.117718e+00	1.147660e+00	1.170014e+00
1.178931e+00	1.182545e+00	1.199037e+00	1.227258e+00	1.257618e+00	1.263194e+00
1.270509e+00	1.271701e+00	1.272294e+00	1.272453e+00	1.272301e+00	1.268313e+00
6.922420e-01	7.113375e-01	7.304423e-01	7.494744e-01	7.684181e-01	8.058334e-01
8.424260e-01	8.780376e-01	9.126849e-01	9.466577e-01	9.803983e-01	1.014027e+00
1.047224e+00	1.080038e+00	1.112650e+00	1.145286e+00	1.177766e+00	1.210210e+00
1.241306e+00	1.265017e+00	1.275648e+00	1.280134e+00	1.297208e+00	1.325556e+00
1.356186e+00	1.361943e+00	1.369273e+00	1.370453e+00	1.371057e+00	1.371214e+00
1.371072e+00	1.367280e+00	7.691207e-01	7.892888e-01	8.094475e-01	8.295103e-01
8.494653e-01	8.888588e-01	9.273620e-01	9.648113e-01	1.001213e+00	1.036846e+00
1.072136e+00	1.107190e+00	1.141694e+00	1.175706e+00	1.209459e+00	1.243219e+00
1.276812e+00	1.310356e+00	1.342593e+00	1.367733e+00	1.380298e+00	1.385778e+00
1.403418e+00	1.431726e+00	1.462481e+00	1.468411e+00	1.475715e+00	1.476873e+00
1.477486e+00	1.477640e+00	1.477511e+00	1.473969e+00	8.545374e-01	8.757824e-01
8.969979e-01	9.180931e-01	9.390608e-01	9.804383e-01	1.020862e+00	1.060161e+00
1.098329e+00	1.135626e+00	1.172457e+00	1.208913e+00	1.244685e+00	1.279849e+00
1.314691e+00	1.349527e+00	1.384187e+00	1.418789e+00	1.452145e+00	1.478790e+00
1.493534e+00	1.500139e+00	1.518324e+00	1.546401e+00	1.577106e+00	1.583202e+00
1.590430e+00	1.591557e+00	1.592177e+00	1.592327e+00	1.592213e+00	1.588984e+00
9.494403e-01	9.717543e-01	9.940179e-01	1.016136e+00	1.038106e+00	1.081453e+00
1.123788e+00	1.164933e+00	1.204865e+00	1.243818e+00	1.282165e+00	1.319981e+00
1.356968e+00	1.393216e+00	1.429079e+00	1.464925e+00	1.500592e+00	1.536195e+00
1.570636e+00	1.598865e+00	1.616060e+00	1.623938e+00	1.642637e+00	1.670260e+00
1.700715e+00	1.706967e+00	1.714064e+00	1.715146e+00	1.715771e+00	1.715914e+00
1.715819e+00	1.712972e+00	1.054883e+00	1.078243e+00	1.101532e+00	1.124648e+00
1.147598e+00	1.192876e+00	1.237092e+00	1.280060e+00	1.321734e+00	1.362316e+00
1.402139e+00	1.441254e+00	1.479379e+00	1.516626e+00	1.553419e+00	1.590191e+00
1.626787e+00	1.663316e+00	1.698795e+00	1.728689e+00	1.748637e+00	1.757954e+00
1.777129e+00	1.804040e+00	1.834012e+00	1.840407e+00	1.847308e+00	1.848333e+00
1.848959e+00	1.849095e+00	1.849021e+00	1.846636e+00	1.172035e+00	1.196402e+00
1.220674e+00	1.244748e+00	1.268638e+00	1.315778e+00	1.361819e+00	1.406564e+00
1.449940e+00	1.492104e+00	1.533339e+00	1.573669e+00	1.612833e+00	1.650967e+00
1.688578e+00	1.726168e+00	1.763594e+00	1.800956e+00	1.837412e+00	1.869055e+00
1.892090e+00	1.903029e+00	1.922632e+00	1.948535e+00	1.977757e+00	1.984279e+00
1.990909e+00	1.991862e+00	1.992486e+00	1.992611e+00	1.992564e+00	1.990730e+00
1.302199e+00	1.327508e+00	1.352703e+00	1.377674e+00	1.402445e+00	1.451344e+00
1.499122e+00	1.545570e+00	1.590581e+00	1.634257e+00	1.676816e+00	1.718249e+00
1.758325e+00	1.797208e+00	1.835497e+00	1.873773e+00	1.911906e+00	1.949987e+00
1.987340e+00	2.020818e+00	2.047312e+00	2.060077e+00	2.080048e+00	2.104603e+00
2.132768e+00	2.139397e+00	2.145674e+00	2.146536e+00	2.147154e+00	2.147267e+00
2.147250e+00	2.146067e+00	1.446818e+00	1.472982e+00	1.499013e+00	1.524795e+00
1.550365e+00	1.600876e+00	1.650269e+00	1.698314e+00	1.744864e+00	1.789953e+00
1.833718e+00	1.876113e+00	1.916943e+00	1.956402e+00	1.995200e+00	2.034000e+00
2.072690e+00	2.111349e+00	2.149501e+00	2.184904e+00	2.215268e+00	2.230085e+00
2.250353e+00	2.273172e+00	2.299929e+00	2.306642e+00	2.312470e+00	2.313222e+00
2.313828e+00	2.313926e+00	2.313945e+00	2.313526e+00	1.607498e+00	1.634398e+00
1.661147e+00	1.687627e+00	1.713886e+00	1.765815e+00	1.816654e+00	1.866153e+00
1.914112e+00	1.960482e+00	2.005301e+00	2.048480e+00	2.089869e+00	2.129698e+00
2.168797e+00	2.207927e+00	2.246996e+00	2.286065e+00	2.324894e+00	2.362314e+00
2.397003e+00	2.414123e+00	2.434602e+00	2.455242e+00	2.480191e+00	2.486961e+00
2.492231e+00	2.492851e+00	2.493441e+00	2.493521e+00	2.493581e+00	2.494051e+00
1.787057e+00	1.814434e+00	1.841656e+00	1.868605e+00	1.895346e+00	1.948349e+00
2.000382e+00	2.051169e+00	2.100439e+00	2.148029e+00	2.193841e+00	2.237725e+00
2.279588e+00	2.319694e+00	2.359003e+00	2.398370e+00	2.437717e+00	2.477061e+00
2.516462e+00	2.556187e+00	2.596241e+00	2.616248e+00	2.636860e+00	2.654526e+00
2.676998e+00	2.683817e+00	2.688343e+00	2.688789e+00	2.689356e+00	2.689411e+00
2.689527e+00	2.691230e+00	1.985834e+00	2.013546e+00	2.041101e+00	2.068379e+00
2.095460e+00	2.149268e+00	2.202236e+00	2.254055e+00	2.304374e+00	2.352900e+00
2.399388e+00	2.443623e+00	2.485580e+00	2.525567e+00	2.564696e+00	2.603937e+00
2.643235e+00	2.682573e+00	2.722343e+00	2.764346e+00	2.809989e+00	2.833002e+00
2.853610e+00	2.867909e+00	2.887518e+00	2.894332e+00	2.898015e+00	2.898270e+00
2.898806e+00	2.898835e+00	2.899009e+00	2.901975e+00	2.201517e+00	2.229793e+00
2.257879e+00	2.285631e+00	2.313149e+00	2.367818e+00	2.421588e+00	2.474094e+00
2.524918e+00	2.573652e+00	2.619921e+00	2.663476e+00	2.704381e+00	2.743031e+00
2.780772e+00	2.818800e+00	2.857143e+00	2.895881e+00	2.935685e+00	2.979166e+00
3.028356e+00	3.053192e+00	3.073537e+00	3.085317e+00	3.102618e+00	3.109296e+00
3.112311e+00	3.112419e+00	3.112924e+00	3.112940e+00	3.113133e+00	3.116481e+00
2.433740e+00	2.463083e+00	2.492142e+00	2.520710e+00	2.548908e+00	2.604656e+00
2.659074e+00	2.711736e+00	2.762213e+00	2.810059e+00	2.854884e+00	2.896465e+00
2.934980e+00	2.970952e+00	3.006015e+00	3.041677e+00	3.078100e+00	3.115573e+00
3.154949e+00	3.198810e+00	3.248989e+00	3.274230e+00	3.294054e+00	3.304404e+00
3.320080e+00	3.326432e+00	3.329006e+00	3.329029e+00	3.329500e+00	3.329519e+00
3.329686e+00	3.332449e+00	2.678650e+00	2.710754e+00	2.742307e+00	2.772905e+00
2.802701e+00	2.860512e+00	2.915308e+00	2.966626e+00	3.014314e+00	3.058510e+00
3.099598e+00	3.137619e+00	3.172861e+00	3.205880e+00	3.238298e+00	3.271602e+00
3.306002e+00	3.341763e+00	3.379612e+00	3.421713e+00	3.469517e+00	3.493580e+00
3.512807e+00	3.523169e+00	3.537610e+00	3.542983e+00	3.545370e+00	3.545443e+00
3.545843e+00	3.545864e+00	3.545992e+00	3.547730e+00	2.939231e+00	2.975525e+00
3.010853e+00	3.044474e+00	3.076584e+00	3.137112e+00	3.191860e+00	3.240430e+00
3.283224e+00	3.321454e+00	3.356852e+00	3.389875e+00	3.420893e+00	3.450416e+00
3.479851e+00	3.510454e+00	3.542431e+00	3.575895e+00	3.611256e+00	3.649934e+00
3.692835e+00	3.714531e+00	3.733022e+00	3.744344e+00	3.757800e+00	3.761769e+00
3.764138e+00	3.764348e+00	3.764653e+00	3.764677e+00	3.764753e+00	3.765068e+00
3.215081e+00	3.256708e+00	3.296613e+00	3.333479e+00	3.367625e+00	3.429420e+00
3.482278e+00	3.526939e+00	3.564394e+00	3.596572e+00	3.626088e+00	3.653619e+00
3.679502e+00	3.704177e+00	3.728922e+00	3.754917e+00	3.782455e+00	3.811776e+00
3.843290e+00	3.877796e+00	3.915435e+00	3.934434e+00	3.951643e+00	3.963281e+00
3.975433e+00	3.978405e+00	3.980674e+00	3.980950e+00	3.981180e+00	3.981216e+00
3.981261e+00	3.980028e+00	3.503152e+00	3.551884e+00	3.597590e+00	3.637969e+00
3.673603e+00	3.734187e+00	3.782306e+00	3.821657e+00	3.853774e+00	3.880588e+00
3.904686e+00	3.926618e+00	3.946500e+00	3.964669e+00	3.982464e+00	4.001275e+00
4.021656e+00	4.044482e+00	4.070667e+00	4.100493e+00	4.132881e+00	4.148897e+00
4.164185e+00	4.175305e+00	4.185783e+00	4.188369e+00	4.190431e+00	4.190673e+00
4.190859e+00	4.190923e+00	4.190966e+00	4.188077e+00	3.806721e+00	3.858659e+00
3.907246e+00	3.949949e+00	3.987358e+00	4.049844e+00	4.096971e+00	4.131964e+00
4.156888e+00	4.174826e+00	4.189852e+00	4.202947e+00	4.214416e+00	4.224781e+00
4.235389e+00	4.247586e+00	4.261655e+00	4.277738e+00	4.296193e+00	4.318033e+00
4.343636e+00	4.357127e+00	4.370195e+00	4.379716e+00	4.388534e+00	4.390766e+00
4.392545e+00	4.392729e+00	4.392882e+00	4.392942e+00	4.392975e+00	4.388658e+00
4.122786e+00	4.175581e+00	4.225266e+00	4.269449e+00	4.308570e+00	4.374175e+00
4.421812e+00	4.452328e+00	4.468340e+00	4.474814e+00	4.478188e+00	4.480208e+00
4.481534e+00	4.482991e+00	4.485854e+00	4.491256e+00	4.498931e+00	4.507591e+00
4.516522e+00	4.528124e+00	4.545471e+00	4.556246e+00	4.566618e+00	4.573861e+00
4.580854e+00	4.582680e+00	4.584113e+00	4.584232e+00	4.584352e+00	4.584411e+00
4.584407e+00	4.579031e+00	4.445967e+00	4.502466e+00	4.555160e+00	4.601138e+00
4.640941e+00	4.705274e+00	4.748185e+00	4.771102e+00	4.777328e+00	4.772867e+00
4.765317e+00	4.756827e+00	4.748028e+00	4.739837e+00	4.733419e+00	4.729830e+00
4.728640e+00	4.728103e+00	4.727204e+00	4.728814e+00	4.736734e+00	4.743292e+00
4.750098e+00	4.755106e+00	4.759686e+00	4.760937e+00	4.761963e+00	4.762037e+00
4.762101e+00	4.762212e+00	4.762141e+00	4.756271e+00	4.776989e+00	4.836070e+00
4.890719e+00	4.937528e+00	4.977142e+00	5.038673e+00	5.075530e+00	5.089507e+00
5.084653e+00	5.068022e+00	5.048492e+00	5.028537e+00	5.008790e+00	4.990241e+00
4.973891e+00	4.960636e+00	4.949830e+00	4.939216e+00	4.927447e+00	4.917990e+00
4.915571e+00	4.917468e+00	4.920007e+00	4.922017e+00	4.923685e+00	4.924239e+00
4.924727e+00	4.924735e+00	4.924751e+00	4.924835e+00	4.924797e+00	4.918961e+00
5.115170e+00	5.175679e+00	5.231121e+00	5.277595e+00	5.315883e+00	5.372472e+00
5.401341e+00	5.404715e+00	5.387377e+00	5.357432e+00	5.324955e+00	5.292708e+00
5.261335e+00	5.231823e+00	5.204944e+00	5.181371e+00	5.160213e+00	5.138738e+00
5.115290e+00	5.093992e+00	5.080499e+00	5.077265e+00	5.074783e+00	5.072958e+00
5.071179e+00	5.070893e+00	5.070687e+00	5.070620e+00	5.070578e+00	5.070628e+00
5.070601e+00	5.065755e+00	5.454357e+00	5.514585e+00	5.569123e+00	5.613621e+00
5.649029e+00	5.697877e+00	5.716377e+00	5.707267e+00	5.675998e+00	5.631690e+00
5.585452e+00	5.540284e+00	5.496856e+00	5.456037e+00	5.418309e+00	5.384030e+00
5.352052e+00	5.319233e+00	5.283644e+00	5.250086e+00	5.225067e+00	5.216317e+00
5.208087e+00	5.201578e+00	5.195868e+00	5.194608e+00	5.193558e+00	5.193408e+00
5.193298e+00	5.193318e+00	5.193268e+00	5.190458e+00	5.794732e+00	5.851294e+00
5.901948e+00	5.942173e+00	5.973001e+00	6.012014e+00	6.018984e+00	5.995886e+00
5.948750e+00	5.887995e+00	5.826298e+00	5.766931e+00	5.710752e+00	5.658421e+00
5.610013e+00	5.565368e+00	5.522979e+00	5.478945e+00	5.430806e+00	5.384307e+00
5.347506e+00	5.333451e+00	5.319056e+00	5.306914e+00	5.297058e+00	5.294811e+00
5.292813e+00	5.292555e+00	5.292378e+00	5.292366e+00	5.292378e+00	5.292111e+00
6.139756e+00	6.191875e+00	6.237656e+00	6.272245e+00	6.296839e+00	6.322330e+00
6.314166e+00	6.274451e+00	6.209888e+00	6.131888e+00	6.054263e+00	5.980378e+00
5.911191e+00	5.847025e+00	5.787535e+00	5.732011e+00	5.678698e+00	5.623197e+00
5.562756e+00	5.503763e+00	5.455053e+00	5.435137e+00	5.414087e+00	5.396149e+00
5.381908e+00	5.378583e+00	5.375596e+00	5.375230e+00	5.374982e+00	5.374928e+00
5.374991e+00	5.377638e+00	6.480155e+00	6.533882e+00	6.578697e+00	6.607774e+00
6.623107e+00	6.623670e+00	6.587408e+00	6.523935e+00	6.440838e+00	6.348174e+00
6.257681e+00	6.171843e+00	6.091006e+00	6.014747e+00	5.942581e+00	5.873631e+00
5.806693e+00	5.738798e+00	5.668436e+00	5.600833e+00	5.540704e+00	5.512326e+00
5.482728e+00	5.458893e+00	5.438949e+00	5.434028e+00	5.429880e+00	5.429421e+00
5.429072e+00	5.428925e+00	5.428900e+00	5.435761e+00	6.812143e+00	6.871013e+00
6.916791e+00	6.939488e+00	6.942467e+00	6.908778e+00	6.835294e+00	6.743410e+00
6.640882e+00	6.534697e+00	6.432728e+00	6.336148e+00	6.244373e+00	6.156110e+00
6.070936e+00	5.988027e+00	5.907126e+00	5.827328e+00	5.748616e+00	5.674203e+00
5.603211e+00	5.566048e+00	5.528450e+00	5.499839e+00	5.474938e+00	5.468604e+00
5.463498e+00	5.462971e+00	5.462535e+00	5.462299e+00	5.462164e+00	5.472733e+00
7.151425e+00	7.195893e+00	7.227053e+00	7.235571e+00	7.225182e+00	7.167066e+00
7.070152e+00	6.953727e+00	6.826195e+00	6.695852e+00	6.572063e+00	6.456943e+00
6.350157e+00	6.250389e+00	6.156765e+00	6.063871e+00	5.973421e+00	5.883240e+00
5.791777e+00	5.702193e+00	5.615798e+00	5.571556e+00	5.529152e+00	5.498084e+00
5.471637e+00	5.464947e+00	5.459410e+00	5.458839e+00	5.458382e+00	5.458136e+00
5.457976e+00	5.469508e+00	7.497140e+00	7.515544e+00	7.523524e+00	7.513614e+00
7.488894e+00	7.409866e+00	7.295090e+00	7.155219e+00	6.999622e+00	6.840612e+00
6.691650e+00	6.556338e+00	6.434421e+00	6.324227e+00	6.223970e+00	6.122963e+00
6.024897e+00	5.925831e+00	5.822667e+00	5.719875e+00	5.622107e+00	5.573472e+00
5.524282e+00	5.485373e+00	5.454539e+00	5.446894e+00	5.440107e+00	5.439404e+00
5.438891e+00	5.438626e+00	5.438403e+00	5.452440e+00	7.837541e+00	7.831988e+00
7.817648e+00	7.788062e+00	7.746047e+00	7.637290e+00	7.495099e+00	7.325972e+00
7.140365e+00	6.952973e+00	6.779259e+00	6.623434e+00	6.483292e+00	6.357327e+00
6.241777e+00	6.136941e+00	6.036133e+00	5.933979e+00	5.826989e+00	5.720029e+00
5.618628e+00	5.568517e+00	5.511476e+00	5.462573e+00	5.426435e+00	5.417646e+00
5.409455e+00	5.408603e+00	5.408021e+00	5.407734e+00	5.407452e+00	5.423960e+00
8.165622e+00	8.140297e+00	8.105899e+00	8.055804e+00	7.993280e+00	7.845066e+00
7.666098e+00	7.463768e+00	7.248871e+00	7.036310e+00	6.841609e+00	6.669600e+00
6.511492e+00	6.370674e+00	6.242609e+00	6.127449e+00	6.016671e+00	5.905295e+00
5.789788e+00	5.674060e+00	5.562480e+00	5.506783e+00	5.445369e+00	5.393760e+00
5.354069e+00	5.344353e+00	5.335517e+00	5.334590e+00	5.333929e+00	5.333629e+00
5.333379e+00	5.348498e+00	8.491689e+00	8.440845e+00	8.381645e+00	8.307789e+00
8.222673e+00	8.033131e+00	7.817431e+00	7.581894e+00	7.336680e+00	7.095965e+00
6.873799e+00	6.675671e+00	6.509164e+00	6.361373e+00	6.227549e+00	6.098708e+00
5.975935e+00	5.854208e+00	5.729643e+00	5.605087e+00	5.483933e+00	5.423413e+00
5.358511e+00	5.304939e+00	5.261579e+00	5.250922e+00	5.241519e+00	5.240509e+00
5.239744e+00	5.239459e+00	5.239254e+00	5.251459e+00	8.803337e+00	8.734397e+00
8.654922e+00	8.557687e+00	8.447290e+00	8.206183e+00	7.941035e+00	7.663811e+00
7.385907e+00	7.120865e+00	6.884085e+00	6.674584e+00	6.487706e+00	6.321358e+00
6.170170e+00	6.029312e+00	5.896047e+00	5.765681e+00	5.634272e+00	5.503158e+00
5.374422e+00	5.310486e+00	5.244053e+00	5.190404e+00	5.143361e+00	5.131782e+00
5.122010e+00	5.120891e+00	5.120010e+00	5.119787e+00	5.119639e+00	5.126490e+00
9.084748e+00	9.022885e+00	8.941551e+00	8.826804e+00	8.686758e+00	8.370111e+00
8.029866e+00	7.702234e+00	7.396656e+00	7.119332e+00	6.874534e+00	6.657952e+00
6.458044e+00	6.267325e+00	6.090242e+00	5.929876e+00	5.783292e+00	5.644993e+00
5.509311e+00	5.373487e+00	5.236595e+00	5.169141e+00	5.102681e+00	5.051214e+00
5.000310e+00	4.987817e+00	4.977890e+00	4.976601e+00	4.975643e+00	4.975523e+00
4.975442e+00	4.974615e+00	9.357367e+00	9.288639e+00	9.198041e+00	9.065670e+00
8.899836e+00	8.517965e+00	8.111013e+00	7.737706e+00	7.403674e+00	7.105433e+00
6.840817e+00	6.604362e+00	6.384619e+00	6.175245e+00	5.981472e+00	5.807329e+00
5.649341e+00	5.501336e+00	5.356742e+00	5.211169e+00	5.066993e+00	5.000156e+00
4.935087e+00	4.883771e+00	4.829502e+00	4.816791e+00	4.806555e+00	4.805042e+00
4.804017e+00	4.803997e+00	4.804014e+00	4.795404e+00	9.686303e+00	9.559086e+00
9.410088e+00	9.227231e+00	9.021925e+00	8.590885e+00	8.161623e+00	7.765324e+00
7.406289e+00	7.085595e+00	6.795109e+00	6.531880e+00	6.288673e+00	6.060967e+00
5.851178e+00	5.662170e+00	5.491197e+00	5.333408e+00	5.182818e+00	5.031502e+00
4.879166e+00	4.808851e+00	4.743038e+00	4.693221e+00	4.637287e+00	4.623288e+00
4.612916e+00	4.611475e+00	4.610288e+00	4.610307e+00	4.610366e+00	4.595936e+00
1.008285e+01	9.829422e+00	9.576623e+00	9.325695e+00	9.080567e+00	8.617698e+00
8.185424e+00	7.782196e+00	7.406824e+00	7.058086e+00	6.735454e+00	6.439766e+00
6.169024e+00	5.920766e+00	5.692972e+00	5.485732e+00	5.298685e+00	5.131133e+00
4.979614e+00	4.829235e+00	4.667033e+00	4.585968e+00	4.515374e+00	4.469175e+00
4.413934e+00	4.396951e+00	4.386709e+00	4.385789e+00	4.384309e+00	4.384269e+00
4.384269e+00	4.368035e+00	1.034240e+01	1.004405e+01	9.747867e+00	9.458720e+00
9.181612e+00	8.673092e+00	8.192099e+00	7.763060e+00	7.366484e+00	6.985389e+00
6.634890e+00	6.315452e+00	6.025147e+00	5.760746e+00	5.518168e+00	5.296105e+00
5.095124e+00	4.914736e+00	4.752240e+00	4.592767e+00	4.422445e+00	4.337334e+00
4.263587e+00	4.215827e+00	4.159092e+00	4.141548e+00	4.131006e+00	4.130122e+00
4.128622e+00	4.128552e+00	4.128529e+00	4.114938e+00	1.056128e+01	1.023495e+01
9.912084e+00	9.596704e+00	9.292804e+00	8.729071e+00	8.195945e+00	7.719891e+00
7.280803e+00	6.875171e+00	6.505371e+00	6.169812e+00	5.865324e+00	5.587731e+00
5.332473e+00	5.097503e+00	4.883743e+00	4.689542e+00	4.512145e+00	4.339548e+00
4.162169e+00	4.075785e+00	3.999299e+00	3.947546e+00	3.888593e+00	3.871688e+00
3.860652e+00	3.859594e+00	3.858208e+00	3.858110e+00	3.858071e+00	3.849998e+00
1.076632e+01	1.040506e+01	1.004893e+01	9.702775e+00	9.370019e+00	8.743527e+00
8.186829e+00	7.665698e+00	7.190522e+00	6.758344e+00	6.367446e+00	6.014516e+00
5.695261e+00	5.404610e+00	5.136957e+00	4.889274e+00	4.662696e+00	4.455330e+00
4.264379e+00	4.079864e+00	3.894621e+00	3.805484e+00	3.725164e+00	3.669239e+00
3.608416e+00	3.592367e+00	3.580759e+00	3.579539e+00	3.578291e+00	3.578126e+00
3.578059e+00	3.577586e+00	1.095146e+01	1.055259e+01	1.016111e+01	9.783519e+00
9.422743e+00	8.746871e+00	8.138932e+00	7.584255e+00	7.080235e+00	6.623791e+00
6.213263e+00	5.844136e+00	5.511016e+00	5.208077e+00	4.928546e+00	4.668394e+00
4.428716e+00	4.208111e+00	4.003649e+00	3.807259e+00	3.613626e+00	3.520983e+00
3.435814e+00	3.374902e+00	3.312410e+00	3.297559e+00	3.285288e+00	3.283880e+00
3.282804e+00	3.282544e+00	3.282435e+00	3.291358e+00	1.112814e+01	1.068462e+01
1.025158e+01	9.837874e+00	9.444526e+00	8.732427e+00	8.078573e+00	7.491850e+00
6.964091e+00	6.489173e+00	6.063124e+00	5.680305e+00	5.334456e+00	5.019093e+00
4.726594e+00	4.452298e+00	4.197438e+00	3.962087e+00	3.743914e+00	3.537078e+00
3.338257e+00	3.243931e+00	3.154912e+00	3.089367e+00	3.026297e+00	3.011548e+00
2.998997e+00	2.997543e+00	2.996482e+00	2.996197e+00	2.996015e+00	3.006887e+00
1.129833e+01	1.080668e+01	1.033009e+01	9.880575e+00	9.458157e+00	8.690547e+00
8.002046e+00	7.389009e+00	6.842720e+00	6.353802e+00	5.915196e+00	5.520559e+00
5.163043e+00	4.835657e+00	4.530172e+00	4.241552e+00	3.971222e+00	3.721179e+00
3.490050e+00	3.274179e+00	3.072102e+00	2.977119e+00	2.885140e+00	2.815664e+00
2.752652e+00	2.737486e+00	2.724897e+00	2.723471e+00	2.722346e+00	2.722078e+00
2.721816e+00	2.730444e+00	1.146655e+01	1.092673e+01	1.040689e+01	9.922469e+00
9.471883e+00	8.652810e+00	7.930711e+00	7.292474e+00	6.728374e+00	6.226054e+00
5.775328e+00	5.369154e+00	5.000457e+00	4.662004e+00	4.345325e+00	4.045218e+00
3.762934e+00	3.501127e+00	3.259175e+00	3.034275e+00	2.826323e+00	2.729395e+00
2.635506e+00	2.564494e+00	2.500560e+00	2.485012e+00	2.472448e+00	2.471021e+00
2.469829e+00	2.469609e+00	2.469338e+00	2.474196e+00	1.163168e+01	1.104389e+01
1.048126e+01	9.963084e+00	9.485436e+00	8.619590e+00	7.864843e+00	7.202417e+00
6.621116e+00	6.105903e+00	5.643371e+00	5.225778e+00	4.846236e+00	4.497571e+00
4.171482e+00	3.862774e+00	3.572033e+00	3.301155e+00	3.050117e+00	2.815626e+00
2.598497e+00	2.498052e+00	2.403336e+00	2.333369e+00	2.267308e+00	2.251372e+00
2.238888e+00	2.237423e+00	2.236155e+00	2.236022e+00	2.235820e+00	2.234908e+00
1.179272e+01	1.116017e+01	1.055800e+01	1.000909e+01	9.506290e+00	8.601602e+00
7.814798e+00	7.130035e+00	6.532168e+00	6.004096e+00	5.529973e+00	5.101279e+00
4.711263e+00	4.352846e+00	4.017876e+00	3.701142e+00	3.402795e+00	3.124097e+00
2.865518e+00	2.623267e+00	2.397881e+00	2.293525e+00	2.196255e+00	2.125265e+00
2.057393e+00	2.041204e+00	2.028699e+00	2.027201e+00	2.025895e+00	2.025793e+00
2.025629e+00	2.022315e+00	1.195014e+01	1.127658e+01	1.063869e+01	1.006293e+01
9.538934e+00	8.596273e+00	7.784094e+00	7.078141e+00	6.464240e+00	5.923559e+00
5.438049e+00	4.998552e+00	4.598371e+00	4.230536e+00	3.887020e+00	3.562609e+00
3.257204e+00	2.971645e+00	2.706596e+00	2.457977e+00	2.224940e+00	2.116260e+00
2.014872e+00	1.941004e+00	1.871423e+00	1.855023e+00	1.842359e+00	1.840833e+00
1.839508e+00	1.839393e+00	1.839246e+00	1.836335e+00	1.210627e+01	1.139573e+01
1.072625e+01	1.012780e+01	9.586122e+00	8.610011e+00	7.773473e+00	7.052324e+00
6.425305e+00	5.871862e+00	5.374840e+00	4.924588e+00	4.514323e+00	4.137147e+00
3.785217e+00	3.453318e+00	3.141137e+00	2.849308e+00	2.578144e+00	2.323638e+00
2.082823e+00	1.969312e+00	1.862681e+00	1.784682e+00	1.712954e+00	1.696183e+00
1.683141e+00	1.681584e+00	1.680228e+00	1.680084e+00	1.679942e+00	1.678887e+00
1.226291e+01	1.151995e+01	1.082315e+01	1.020583e+01	9.650112e+00	8.647415e+00
7.791985e+00	7.058810e+00	6.421177e+00	5.853937e+00	5.343775e+00	4.880933e+00
4.458697e+00	4.070240e+00	3.710581e+00	3.372364e+00	3.054240e+00	2.756772e+00
2.479755e+00	2.219274e+00	1.970435e+00	1.851879e+00	1.739746e+00	1.657306e+00
1.582717e+00	1.565303e+00	1.551664e+00	1.550053e+00	1.548648e+00	1.548482e+00
1.548311e+00	1.548807e+00	1.241945e+01	1.164810e+01	1.092765e+01	1.029465e+01
9.727625e+00	8.702950e+00	7.828341e+00	7.077791e+00	6.426770e+00	5.854903e+00
5.339878e+00	4.872209e+00	4.445356e+00	4.052623e+00	3.683622e+00	3.335449e+00
3.008491e+00	2.702728e+00	2.417076e+00	2.146906e+00	1.888021e+00	1.763706e+00
1.645511e+00	1.558093e+00	1.479155e+00	1.460629e+00	1.446058e+00	1.444346e+00
1.442867e+00	1.442679e+00	1.442503e+00	1.443492e+00	1.257405e+01	1.177974e+01
1.104087e+01	1.039688e+01	9.822698e+00	8.783571e+00	7.898742e+00	7.140690e+00
6.482495e+00	5.900468e+00	5.374905e+00	4.896528e+00	4.458992e+00	4.055672e+00
3.679204e+00	3.324681e+00	2.991356e+00	2.679066e+00	2.386151e+00	2.107067e+00
1.836529e+00	1.705159e+00	1.579632e+00	1.486060e+00	1.400905e+00	1.380720e+00
1.364797e+00	1.362926e+00	1.361335e+00	1.361125e+00	1.360964e+00	1.361555e+00
1.272370e+01	1.191160e+01	1.115895e+01	1.050765e+01	9.929305e+00	8.880638e+00
7.989387e+00	7.224729e+00	6.559803e+00	5.970575e+00	5.437367e+00	4.950921e+00
4.504797e+00	4.092079e+00	3.709416e+00	3.350089e+00	3.011694e+00	2.694065e+00
2.395330e+00	2.109472e+00	1.820986e+00	1.676751e+00	1.536914e+00	1.435715e+00
1.342315e+00	1.319774e+00	1.301831e+00	1.299732e+00	1.297996e+00	1.297761e+00
1.297590e+00	1.297614e+00	1.286834e+01	1.204206e+01	1.127908e+01	1.062351e+01
1.004370e+01	8.990519e+00	8.097386e+00	7.328922e+00	6.659458e+00	6.065271e+00
5.527118e+00	5.035860e+00	4.585057e+00	4.167819e+00	3.777296e+00	3.407981e+00
3.058826e+00	2.729662e+00	2.418023e+00	2.116071e+00	1.811909e+00	1.658614e+00
1.507715e+00	1.397308e+00	1.294296e+00	1.269150e+00	1.248984e+00	1.246622e+00
1.244701e+00	1.244439e+00	1.244250e+00	1.243838e+00	1.300091e+01	1.216521e+01
1.139599e+01	1.073944e+01	1.016087e+01	9.107179e+00	8.214396e+00	7.443411e+00
6.770181e+00	6.171737e+00	5.629467e+00	5.134142e+00	4.679018e+00	4.256832e+00
3.859328e+00	3.481091e+00	3.121664e+00	2.781139e+00	2.456401e+00	2.136574e+00
1.818961e+00	1.661010e+00	1.504364e+00	1.374779e+00	1.257057e+00	1.228544e+00
1.205447e+00	1.202699e+00	1.200497e+00	1.200213e+00	1.199966e+00	1.199762e+00
1.312003e+01	1.227947e+01	1.150837e+01	1.085477e+01	1.028107e+01	9.233392e+00
8.345468e+00	7.575148e+00	6.900589e+00	6.300272e+00	5.756631e+00	5.260246e+00
4.803790e+00	4.379272e+00	3.977381e+00	3.592208e+00	3.223800e+00	2.873032e+00
2.536807e+00	2.202701e+00	1.861067e+00	1.686573e+00	1.508443e+00	1.361876e+00
1.228634e+00	1.196403e+00	1.170203e+00	1.167025e+00	1.164423e+00	1.164100e+00
1.163806e+00	1.164201e+00	1.323401e+01	1.238401e+01	1.160960e+01	1.095973e+01
1.039305e+01	9.357531e+00	8.478910e+00	7.714410e+00	7.043150e+00	6.444208e+00
5.900351e+00	5.402438e+00	4.943441e+00	4.515614e+00	4.109780e+00	3.719748e+00
3.344740e+00	2.984428e+00	2.634762e+00	2.282721e+00	1.915930e+00	1.724699e+00
1.523608e+00	1.363967e+00	1.205172e+00	1.168992e+00	1.140598e+00	1.137005e+00
1.133442e+00	1.132922e+00	1.132828e+00	1.134200e+00	1.333919e+01	1.248030e+01
1.170356e+01	1.105890e+01	1.050119e+01	9.482702e+00	8.616930e+00	7.862069e+00
7.197542e+00	6.602592e+00	6.059922e+00	5.560933e+00	5.099426e+00	4.668526e+00
4.260014e+00	3.867641e+00	3.488878e+00	3.120503e+00	2.756527e+00	2.384553e+00
1.990870e+00	1.781760e+00	1.559145e+00	1.373047e+00	1.185100e+00	1.144765e+00
1.114648e+00	1.110697e+00	1.105956e+00	1.105169e+00	1.105386e+00	1.107846e+00
1.337600e+01	1.254163e+01	1.178321e+01	1.115580e+01	1.061428e+01	9.619792e+00
8.767150e+00	8.018751e+00	7.356330e+00	6.761585e+00	6.219335e+00	5.721288e+00
5.260940e+00	4.831025e+00	4.422843e+00	4.029482e+00	3.647280e+00	3.271061e+00
2.893121e+00	2.500365e+00	2.076890e+00	1.847841e+00	1.601212e+00	1.386900e+00
1.171425e+00	1.122059e+00	1.091100e+00	1.087440e+00	1.081142e+00	1.079873e+00
1.080708e+00	1.083874e+00	1.338153e+01	1.257521e+01	1.184809e+01	1.125104e+01
1.073592e+01	9.776671e+00	8.936997e+00	8.188872e+00	7.520359e+00	6.919454e+00
6.376054e+00	5.881663e+00	5.428011e+00	5.005705e+00	4.603052e+00	4.211070e+00
3.825952e+00	3.442467e+00	3.051885e+00	2.637968e+00	2.181044e+00	1.929550e+00
1.656828e+00	1.417603e+00	1.162237e+00	1.100716e+00	1.070040e+00	1.067348e+00
1.059127e+00	1.057150e+00	1.058918e+00	1.062434e+00	1.340285e+01	1.261352e+01
1.190249e+01	1.132560e+01	1.083155e+01	9.903910e+00	9.083004e+00	8.345880e+00
7.683229e+00	7.085888e+00	6.546362e+00	6.056607e+00	5.607947e+00	5.190254e+00
4.790765e+00	4.399589e+00	4.012539e+00	3.623754e+00	3.222884e+00	2.789906e+00
2.300076e+00	2.024908e+00	1.722203e+00	1.454025e+00	1.159024e+00	1.083960e+00
1.051278e+00	1.049079e+00	1.039160e+00	1.036603e+00	1.039183e+00	1.042508e+00
1.343574e+01	1.264705e+01	1.194354e+01	1.138214e+01	1.090642e+01	1.000757e+01
9.208868e+00	8.489891e+00	7.842027e+00	7.256339e+00	6.725405e+00	6.241647e+00
5.797007e+00	5.381893e+00	4.984117e+00	4.593816e+00	4.206224e+00	3.814377e+00
3.405856e+00	2.956451e+00	2.435165e+00	2.135622e+00	1.799459e+00	1.497971e+00
1.158495e+00	1.071005e+00	1.034561e+00	1.032449e+00	1.020855e+00	1.017807e+00
1.021239e+00	1.023824e+00	1.344570e+01	1.266253e+01	1.196939e+01	1.142624e+01
1.097107e+01	1.010222e+01	9.327150e+00	8.626981e+00	7.994213e+00	7.420539e+00
6.899161e+00	6.422998e+00	5.984404e+00	5.574179e+00	5.180441e+00	4.793244e+00
4.407256e+00	4.014429e+00	3.600189e+00	3.135842e+00	2.583540e+00	2.259200e+00
1.888735e+00	1.551492e+00	1.164450e+00	1.062814e+00	1.018846e+00	1.016621e+00
1.004454e+00	1.001079e+00	1.004246e+00	1.006154e+00	1.344536e+01	1.267112e+01
1.199098e+01	1.146781e+01	1.103481e+01	1.019726e+01	9.447247e+00	8.766972e+00
8.150040e+00	7.588899e+00	7.077434e+00	6.609171e+00	6.177040e+00	5.772418e+00
5.384005e+00	5.001966e+00	4.620221e+00	4.229317e+00	3.811750e+00	3.332583e+00
2.745854e+00	2.394066e+00	1.987038e+00	1.613686e+00	1.184706e+00	1.067396e+00
9.993403e-01	9.972751e-01	9.939451e-01	9.910117e-01	9.852263e-01	9.904791e-01
1.344187e+01	1.267206e+01	1.200300e+01	1.150050e+01	1.108950e+01	1.028309e+01
9.558393e+00	8.898698e+00	8.298526e+00	7.751047e+00	7.250783e+00	6.791820e+00
6.367663e+00	5.970227e+00	5.588783e+00	5.213633e+00	4.838042e+00	4.451210e+00
4.032767e+00	3.541442e+00	2.922417e+00	2.543396e+00	2.098643e+00	1.686047e+00
1.210098e+00	1.073815e+00	9.841553e-01	9.813129e-01	9.831742e-01	9.804585e-01
9.686924e-01	9.758393e-01	1.342831e+01	1.266617e+01	1.200905e+01	1.152497e+01
1.113390e+01	1.035636e+01	9.655680e+00	9.016286e+00	8.433321e+00	7.900546e+00
7.412988e+00	6.965158e+00	6.551024e+00	6.162854e+00	5.790288e+00	5.423682e+00
5.055886e+00	4.675078e+00	4.258703e+00	3.760354e+00	3.116048e+00	2.712466e+00
2.229770e+00	1.773038e+00	1.237482e+00	1.081294e+00	9.754548e-01	9.704239e-01
9.707840e-01	9.678554e-01	9.559213e-01	9.623304e-01	1.343882e+01	1.267783e+01
1.202848e+01	1.155655e+01	1.117894e+01	1.042176e+01	9.739486e+00	9.117125e+00
8.550136e+00	8.032499e+00	7.559385e+00	7.125381e+00	6.724430e+00	6.348618e+00
5.987141e+00	5.629998e+00	5.270131e+00	4.895783e+00	4.484369e+00	3.988689e+00
3.334979e+00	2.911274e+00	2.384962e+00	1.873041e+00	1.267390e+00	1.091516e+00
9.747026e-01	9.648116e-01	9.573423e-01	9.545900e-01	9.469858e-01	9.504379e-01
1.345479e+01	1.269553e+01	1.205020e+01	1.158701e+01	1.122103e+01	1.048213e+01
9.816804e+00	9.210616e+00	8.659274e+00	8.156938e+00	7.698871e+00	7.279688e+00
6.893212e+00	6.531224e+00	6.182248e+00	5.835790e+00	5.485013e+00	5.118561e+00
4.714536e+00	4.226577e+00	3.571671e+00	3.131028e+00	2.559672e+00	1.986877e+00
1.301953e+00	1.105068e+00	9.742456e-01	9.603713e-01	9.443580e-01	9.418504e-01
9.393479e-01	9.396027e-01	1.345225e+01	1.269536e+01	1.205307e+01	1.160467e+01
1.125330e+01	1.053687e+01	9.890808e+00	9.302116e+00	8.766867e+00	8.279632e+00
7.835918e+00	7.430595e+00	7.057642e+00	6.708971e+00	6.373004e+00	6.039141e+00
5.700455e+00	5.345350e+00	4.951197e+00	4.469397e+00	3.808512e+00	3.352422e+00
2.746105e+00	2.121351e+00	1.350232e+00	1.125598e+00	9.727951e-01	9.545849e-01
9.348069e-01	9.322666e-01	9.315595e-01	9.300780e-01	1.342650e+01	1.267921e+01
1.204934e+01	1.161466e+01	1.127757e+01	1.058520e+01	9.959671e+00	9.389216e+00
8.870186e+00	8.397697e+00	7.967613e+00	7.575239e+00	7.214946e+00	6.879131e+00
6.556615e+00	6.237064e+00	5.913289e+00	5.572986e+00	5.191541e+00	4.715189e+00
4.045022e+00	3.575802e+00	2.946221e+00	2.282521e+00	1.420943e+00	1.160363e+00
9.702779e-01	9.479271e-01	9.276514e-01	9.249590e-01	9.237780e-01	9.218724e-01
1.339305e+01	1.265536e+01	1.203778e+01	1.161454e+01	1.129349e+01	1.062615e+01
1.002152e+01	9.469323e+00	8.966346e+00	8.508248e+00	8.091345e+00	7.711432e+00
7.363412e+00	7.040300e+00	6.731640e+00	6.427549e+00	6.120645e+00	5.797887e+00
5.432487e+00	4.964821e+00	4.287484e+00	3.805591e+00	3.152949e+00	2.451869e+00
1.504712e+00	1.207288e+00	9.715122e-01	9.426559e-01	9.210957e-01	9.184102e-01
9.146536e-01	9.148933e-01	1.335303e+01	1.262498e+01	1.201835e+01	1.161328e+01
1.130584e+01	1.066267e+01	1.007864e+01	9.544469e+00	9.057316e+00	8.613358e+00
8.209392e+00	7.841721e+00	7.505856e+00	7.195508e+00	6.901146e+00	6.613483e+00
6.325043e+00	6.022096e+00	5.675592e+00	5.219487e+00	4.537246e+00	4.043769e+00
3.369679e+00	2.633551e+00	1.603558e+00	1.268155e+00	9.762163e-01	9.381775e-01
9.150358e-01	9.124136e-01	9.050317e-01	9.086766e-01	1.333330e+01	1.261093e+01
1.201237e+01	1.161362e+01	1.131934e+01	1.069524e+01	1.012770e+01	9.608676e+00
9.135627e+00	8.705055e+00	8.314044e+00	7.959222e+00	7.636468e+00	7.339903e+00
7.060519e+00	6.789414e+00	6.519329e+00	6.236459e+00	5.910821e+00	5.472632e+00
4.797356e+00	4.298437e+00	3.606020e+00	2.832934e+00	1.710379e+00	1.332971e+00
9.832084e-01	9.373346e-01	9.089098e-01	9.062025e-01	8.985083e-01	9.030307e-01
1.332652e+01	1.260666e+01	1.201242e+01	1.162167e+01	1.133461e+01	1.072350e+01
1.016813e+01	9.661124e+00	9.200120e+00	8.781792e+00	8.403372e+00	8.061670e+00
7.752722e+00	7.470737e+00	7.206728e+00	6.951867e+00	6.699401e+00	6.436150e+00
6.132836e+00	5.719728e+00	5.067364e+00	4.572255e+00	3.866559e+00	3.054013e+00
1.826209e+00	1.402137e+00	9.979737e-01	9.410004e-01	9.026208e-01	8.996318e-01
8.945741e-01	8.979854e-01	1.332093e+01	1.260402e+01	1.201346e+01	1.162941e+01
1.134841e+01	1.074818e+01	1.020330e+01	9.707171e+00	9.257350e+00	8.850697e+00
8.484480e+00	8.155612e+00	7.860192e+00	7.592480e+00	7.343348e+00	7.104160e+00
6.869045e+00	6.626175e+00	6.347665e+00	5.963885e+00	5.340349e+00	4.852707e+00
4.137731e+00	3.288828e+00	1.955848e+00	1.481308e+00	1.017372e+00	9.475033e-01
8.965619e-01	8.929682e-01	8.915039e-01	8.936455e-01	1.331213e+01	1.260027e+01
1.201505e+01	1.163760e+01	1.136311e+01	1.077377e+01	1.023853e+01	9.751719e+00
9.310898e+00	8.913429e+00	8.556998e+00	8.238866e+00	7.955422e+00	7.701338e+00
7.467817e+00	7.246364e+00	7.030750e+00	6.808254e+00	6.551158e+00	6.193821e+00
5.604259e+00	5.133282e+00	4.424858e+00	3.551314e+00	2.105404e+00	1.570791e+00
1.035357e+00	9.535362e-01	8.940080e-01	8.900641e-01	8.891600e-01	8.899986e-01
1.328622e+01	1.258793e+01	1.201507e+01	1.164801e+01	1.138226e+01	1.080641e+01
1.028077e+01	9.800773e+00	9.365045e+00	8.972130e+00	8.620984e+00	8.309622e+00
8.035187e+00	7.793468e+00	7.577311e+00	7.378570e+00	7.187912e+00	6.985477e+00
6.739960e+00	6.398073e+00	5.844932e+00	5.404881e+00	4.734401e+00	3.863505e+00
2.283556e+00	1.668630e+00	1.044772e+00	9.550337e-01	8.987115e-01	8.954230e-01
8.872914e-01	8.869720e-01	1.327758e+01	1.258494e+01	1.201705e+01	1.165431e+01
1.139238e+01	1.082444e+01	1.030704e+01	9.835720e+00	9.408772e+00	9.024394e+00
8.681248e+00	8.377686e+00	8.111633e+00	7.879887e+00	7.676811e+00	7.495422e+00
7.326355e+00	7.148668e+00	6.930184e+00	6.618326e+00	6.096897e+00	5.672374e+00
5.017266e+00	4.146160e+00	2.479594e+00	1.786688e+00	1.070443e+00	9.678886e-01
8.983892e-01	8.931410e-01	8.844868e-01	8.842026e-01	1.326866e+01	1.258193e+01
1.201985e+01	1.166079e+01	1.140216e+01	1.084118e+01	1.033090e+01	9.867041e+00
9.447783e+00	9.071158e+00	8.735638e+00	8.439796e+00	8.182064e+00	7.959908e+00
7.768720e+00	7.602490e+00	7.452545e+00	7.298488e+00	7.108763e+00	6.830737e+00
6.345153e+00	5.937733e+00	5.299120e+00	4.431822e+00	2.691282e+00	1.920432e+00
1.103614e+00	9.854740e-01	8.983745e-01	8.909058e-01	8.817463e-01	8.818739e-01
1.325754e+01	1.257888e+01	1.202323e+01	1.166866e+01	1.141322e+01	1.085867e+01
1.035429e+01	9.896087e+00	9.482521e+00	9.111867e+00	8.782827e+00	8.494201e+00
8.244630e+00	8.031846e+00	7.851631e+00	7.698509e+00	7.564814e+00	7.431539e+00
7.268753e+00	7.025028e+00	6.581022e+00	6.196237e+00	5.579890e+00	4.721758e+00
2.917289e+00	2.072338e+00	1.143451e+00	1.005718e+00	8.996361e-01	8.897864e-01
8.796578e-01	8.800536e-01	1.324829e+01	1.257890e+01	1.202939e+01	1.167960e+01
1.142767e+01	1.087940e+01	1.037983e+01	9.925670e+00	9.515885e+00	9.149410e+00
8.825453e+00	8.543011e+00	8.300854e+00	8.096860e+00	7.926945e+00	7.786015e+00
7.667190e+00	7.552618e+00	7.414249e+00	7.203321e+00	6.804753e+00	6.447256e+00
5.854569e+00	5.007602e+00	3.159231e+00	2.246790e+00	1.190512e+00	1.028886e+00
9.020945e-01	8.904156e-01	8.792356e-01	8.786948e-01	1.323962e+01	1.257894e+01
1.203737e+01	1.169166e+01	1.144236e+01	1.089925e+01	1.040365e+01	9.952938e+00
9.546462e+00	9.183765e+00	8.864493e+00	8.587810e+00	8.352568e+00	8.156710e+00
7.996144e+00	7.866137e+00	7.760884e+00	7.664384e+00	7.550765e+00	7.373008e+00
7.020882e+00	6.692744e+00	6.127203e+00	5.296022e+00	3.416508e+00	2.441127e+00
1.244486e+00	1.055420e+00	9.058378e-01	8.917441e-01	8.789482e-01	8.775100e-01
1.323143e+01	1.257943e+01	1.204547e+01	1.170156e+01	1.145185e+01	1.091069e+01
1.041799e+01	9.971180e+00	9.569272e+00	9.211657e+00	8.897763e+00	8.626804e+00
8.397648e+00	8.208197e+00	8.054181e+00	7.931467e+00	7.836807e+00	7.759283e+00
7.676151e+00	7.534801e+00	7.222654e+00	6.920752e+00	6.390731e+00	5.586873e+00
3.681595e+00	2.649673e+00	1.306576e+00	1.087857e+00	9.104336e-01	8.930457e-01
8.781472e-01	8.762986e-01	1.322287e+01	1.258088e+01	1.205336e+01	1.170979e+01
1.145817e+01	1.091763e+01	1.042703e+01	9.983724e+00	9.586387e+00	9.234041e+00
8.925510e+00	8.659885e+00	8.435961e+00	8.251529e+00	8.102105e+00	7.984279e+00
7.897949e+00	7.838665e+00	7.787971e+00	7.684036e+00	7.406782e+00	7.128743e+00
6.640306e+00	5.874013e+00	3.952709e+00	2.873759e+00	1.380363e+00	1.129263e+00
9.168779e-01	8.946095e-01	8.767074e-01	8.751399e-01	1.319966e+01	1.257533e+01
1.205653e+01	1.171667e+01	1.146372e+01	1.092517e+01	1.043693e+01	9.996458e+00
9.602265e+00	9.253333e+00	8.948460e+00	8.686797e+00	8.467260e+00	8.287771e+00
8.143961e+00	8.032862e+00	7.955695e+00	7.910569e+00	7.881527e+00	7.807621e+00
7.571882e+00	7.322578e+00	6.873234e+00	6.146148e+00	4.236640e+00	3.110213e+00
1.464693e+00	1.177789e+00	9.251136e-01	8.969906e-01	8.762320e-01	8.742898e-01
1.315782e+01	1.255866e+01	1.205849e+01	1.172280e+01	1.146870e+01	1.093269e+01
1.044688e+01	1.000877e+01	9.616962e+00	9.270574e+00	8.968578e+00	8.710213e+00
8.494558e+00	8.319760e+00	8.181730e+00	8.077890e+00	8.009994e+00	7.976870e+00
7.964608e+00	7.917175e+00	7.725056e+00	7.506745e+00	7.096070e+00	6.410786e+00
4.533670e+00	3.361186e+00	1.560353e+00	1.234079e+00	9.353619e-01	9.003170e-01
8.759480e-01	8.735881e-01	1.311600e+01	1.254279e+01	1.206116e+01	1.172986e+01
1.147397e+01	1.093994e+01	1.045609e+01	1.002001e+01	9.630374e+00	9.286307e+00
8.986922e+00	8.731531e+00	8.519330e+00	8.348632e+00	8.215539e+00	8.117837e+00
8.057913e+00	8.035600e+00	8.039153e+00	8.016596e+00	7.865229e+00	7.676897e+00
7.306006e+00	6.666663e+00	4.835985e+00	3.625446e+00	1.667637e+00	1.297895e+00
9.475000e-01	9.044781e-01	8.759461e-01	8.730793e-01	1.307466e+01	1.252848e+01
1.206526e+01	1.173889e+01	1.148008e+01	1.094705e+01	1.046456e+01	1.003016e+01
9.642558e+00	9.300700e+00	9.003751e+00	8.751054e+00	8.541848e+00	8.374524e+00
8.245222e+00	8.152110e+00	8.098507e+00	8.085950e+00	8.105304e+00	8.106436e+00
7.990846e+00	7.829824e+00	7.498682e+00	6.908984e+00	5.138940e+00	3.901220e+00
1.790770e+00	1.372918e+00	9.630580e-01	9.103776e-01	8.766054e-01	8.727570e-01
1.301680e+01	1.250193e+01	1.206101e+01	1.173944e+01	1.148035e+01	1.095119e+01
1.047072e+01	1.003756e+01	9.650694e+00	9.309511e+00	9.013607e+00	8.762559e+00
8.555833e+00	8.392278e+00	8.268781e+00	8.183551e+00	8.138329e+00	8.131023e+00
8.151579e+00	8.164880e+00	8.093898e+00	7.969137e+00	7.680501e+00	7.135470e+00
5.434476e+00	4.186905e+00	1.927572e+00	1.456841e+00	9.810113e-01	9.175205e-01
8.771600e-01	8.720768e-01	1.295881e+01	1.247417e+01	1.205352e+01	1.173873e+01
1.147981e+01	1.095483e+01	1.047632e+01	1.004419e+01	9.657795e+00	9.316969e+00
9.021740e+00	8.771934e+00	8.567273e+00	8.407109e+00	8.289190e+00	8.211801e+00
8.174673e+00	8.171039e+00	8.189810e+00	8.211981e+00	8.182892e+00	8.094326e+00
7.848829e+00	7.348008e+00	5.722414e+00	4.480781e+00	2.081437e+00	1.551874e+00
1.002427e+00	9.265136e-01	8.778877e-01	8.714516e-01	1.292945e+01	1.246536e+01
1.205904e+01	1.174781e+01	1.148655e+01	1.096172e+01	1.048390e+01	1.005287e+01
9.668108e+00	9.328906e+00	9.035160e+00	8.786827e+00	8.583862e+00	8.425778e+00
8.310327e+00	8.236006e+00	8.203128e+00	8.206021e+00	8.235198e+00	8.273042e+00
8.270059e+00	8.205015e+00	7.999795e+00	7.551373e+00	6.007052e+00	4.780455e+00
2.257051e+00	1.660628e+00	1.028810e+00	9.381357e-01	8.801698e-01	8.713822e-01
1.290208e+01	1.245585e+01	1.206147e+01	1.175360e+01	1.149027e+01	1.096652e+01
1.048985e+01	1.005973e+01	9.675983e+00	9.337936e+00	9.045414e+00	8.798415e+00
8.597010e+00	8.440809e+00	8.327666e+00	8.256259e+00	8.227293e+00	8.235671e+00
8.272980e+00	8.324022e+00	8.345151e+00	8.301813e+00	8.134420e+00	7.737351e+00
6.281507e+00	5.080555e+00	2.453684e+00	1.782687e+00	1.059682e+00	9.521779e-01
8.826960e-01	8.712255e-01	1.287443e+01	1.244440e+01	1.206132e+01	1.175494e+01
1.149077e+01	1.096758e+01	1.049145e+01	1.006240e+01	9.679736e+00	9.342842e+00
9.051573e+00	8.805945e+00	8.606075e+00	8.451580e+00	8.340496e+00	8.271712e+00
8.246225e+00	8.259418e+00	8.303861e+00	8.366661e+00	8.409348e+00	8.385580e+00
8.253728e+00	7.907283e+00	6.546164e+00	5.380386e+00	2.667801e+00	1.917581e+00
1.094905e+00	9.686134e-01	8.856128e-01	8.709448e-01	1.284715e+01	1.243130e+01
1.205763e+01	1.175384e+01	1.148843e+01	1.096642e+01	1.049119e+01	1.006304e+01
9.681193e+00	9.345202e+00	9.054975e+00	8.810541e+00	8.612012e+00	8.458956e+00
8.349604e+00	8.283058e+00	8.260516e+00	8.277750e+00	8.328192e+00	8.401056e+00
8.462295e+00	8.455507e+00	8.355832e+00	8.057688e+00	6.795145e+00	5.673542e+00
2.898464e+00	2.067518e+00	1.136328e+00	9.887700e-01	8.891962e-01	8.705418e-01
1.282875e+01	1.242548e+01	1.206001e+01	1.175775e+01	1.149136e+01	1.096993e+01
1.049523e+01	1.006787e+01	9.686577e+00	9.351224e+00	9.061797e+00	8.818336e+00
8.620887e+00	8.469002e+00	8.361083e+00	8.296413e+00	8.276371e+00	8.297033e+00
8.352546e+00	8.434044e+00	8.511227e+00	8.519122e+00	8.448117e+00	8.195173e+00
7.032745e+00	5.961771e+00	3.146746e+00	2.235562e+00	1.185504e+00	1.014001e+00
8.939876e-01	8.705204e-01	1.281284e+01	1.242088e+01	1.206363e+01	1.176369e+01
1.149580e+01	1.097527e+01	1.050136e+01	1.007427e+01	9.693082e+00	9.358007e+00
9.069116e+00	8.826415e+00	8.629841e+00	8.478950e+00	8.372272e+00	8.309245e+00
8.291411e+00	8.315103e+00	8.375113e+00	8.464358e+00	8.555937e+00	8.577175e+00
8.532629e+00	8.322905e+00	7.262708e+00	6.248067e+00	3.412470e+00	2.421101e+00
1.241590e+00	1.043614e+00	8.996911e-01	8.705072e-01	1.279513e+01	1.241386e+01
1.206346e+01	1.176447e+01	1.149603e+01	1.097587e+01	1.050233e+01	1.007555e+01
9.694922e+00	9.360388e+00	9.072174e+00	8.830278e+00	8.634593e+00	8.484709e+00
8.379228e+00	8.317715e+00	8.301845e+00	8.328171e+00	8.392091e+00	8.488044e+00
8.592268e+00	8.625312e+00	8.604083e+00	8.434250e+00	7.477133e+00	6.523213e+00
3.690069e+00	2.624109e+00	1.305120e+00	1.077810e+00	9.059987e-01	8.703825e-01
1.277688e+01	1.240483e+01	1.206085e+01	1.176369e+01	1.149429e+01	1.097484e+01
1.050207e+01	1.007568e+01	9.695416e+00	9.361271e+00	9.073558e+00	8.832274e+00
8.637289e+00	8.488232e+00	8.383746e+00	8.323494e+00	8.309255e+00	8.337759e+00
8.404941e+00	8.506506e+00	8.621478e+00	8.664653e+00	8.663393e+00	8.529307e+00
7.673044e+00	6.782563e+00	3.977233e+00	2.846484e+00	1.379315e+00	1.119221e+00
9.134571e-01	8.700137e-01	1.276336e+01	1.239933e+01	1.206088e+01	1.176423e+01
1.149444e+01	1.097517e+01	1.050255e+01	1.007649e+01	9.696701e+00	9.362972e+00
9.075717e+00	8.834943e+00	8.640543e+00	8.492199e+00	8.388570e+00	8.329389e+00
8.316529e+00	8.346899e+00	8.416858e+00	8.523149e+00	8.647276e+00	8.699118e+00
8.714688e+00	8.612111e+00	7.852762e+00	7.026818e+00	4.271476e+00	3.082571e+00
1.464267e+00	1.167946e+00	9.227658e-01	8.698815e-01	1.275206e+01	1.239512e+01
1.206149e+01	1.176601e+01	1.149528e+01	1.097639e+01	1.050406e+01	1.007838e+01
9.698783e+00	9.365320e+00	9.078364e+00	8.837940e+00	8.643993e+00	8.496251e+00
8.393364e+00	8.335111e+00	8.323454e+00	8.355477e+00	8.427895e+00	8.538351e+00
8.670624e+00	8.730216e+00	8.760714e+00	8.686943e+00	8.021773e+00	7.261663e+00
4.575424e+00	3.334631e+00	1.560547e+00	1.224354e+00	9.338984e-01	8.697997e-01
1.274281e+01	1.239217e+01	1.206235e+01	1.176798e+01	1.149638e+01	1.097781e+01
1.050572e+01	1.008034e+01	9.700967e+00	9.367773e+00	9.081086e+00	8.840955e+00
8.647389e+00	8.500143e+00	8.397882e+00	8.340412e+00	8.329800e+00	8.363312e+00
8.437982e+00	8.551981e+00	8.691074e+00	8.757383e+00	8.801387e+00	8.755213e+00
8.176210e+00	7.480511e+00	4.884683e+00	3.601694e+00	1.667812e+00	1.288006e+00
9.467332e-01	8.697896e-01	1.273546e+01	1.239013e+01	1.206404e+01	1.177034e+01
1.149822e+01	1.097968e+01	1.050769e+01	1.008242e+01	9.703332e+00	9.370396e+00
9.083914e+00	8.843974e+00	8.650683e+00	8.503813e+00	8.402051e+00	8.345203e+00
8.335469e+00	8.370357e+00	8.447195e+00	8.563972e+00	8.707971e+00	8.779741e+00
8.836847e+00	8.821278e+00	8.312511e+00	7.673868e+00	5.196639e+00	3.885933e+00
1.789107e+00	1.361690e+00	9.625287e-01	8.699017e-01	1.273006e+01	1.238919e+01
1.206630e+01	1.177327e+01	1.150058e+01	1.098198e+01	1.051007e+01	1.008484e+01
9.705924e+00	9.373323e+00	9.087311e+00	8.847886e+00	8.654935e+00	8.508147e+00
8.406528e+00	8.350211e+00	8.341122e+00	8.376130e+00	8.452987e+00	8.573570e+00
8.732179e+00	8.812054e+00	8.860984e+00	8.830398e+00	8.449460e+00	7.957497e+00
5.464023e+00	4.123422e+00	1.937516e+00	1.463780e+00	9.779350e-01	8.701740e-01
1.272472e+01	1.238814e+01	1.206761e+01	1.177497e+01	1.150194e+01	1.098328e+01
1.051140e+01	1.008618e+01	9.707340e+00	9.374955e+00	9.089300e+00	8.850277e+00
8.657533e+00	8.510834e+00	8.409540e+00	8.353698e+00	8.345259e+00	8.380829e+00
8.458015e+00	8.581702e+00	8.748026e+00	8.833336e+00	8.882380e+00	8.837934e+00
8.566291e+00	8.164900e+00	5.729444e+00	4.370073e+00	2.110088e+00	1.576907e+00
9.964897e-01	8.703610e-01	1.271566e+01	1.238321e+01	1.206572e+01	1.177395e+01
1.150057e+01	1.098219e+01	1.051020e+01	1.008534e+01	9.707011e+00	9.374889e+00
9.089107e+00	8.849811e+00	8.657147e+00	8.510967e+00	8.410103e+00	8.354608e+00
8.346795e+00	8.384431e+00	8.465314e+00	8.589113e+00	8.746896e+00	8.831884e+00
8.912178e+00	8.935535e+00	8.641381e+00	8.184079e+00	6.077461e+00	4.755966e+00
2.286171e+00	1.659377e+00	1.027955e+00	8.698066e-01	1.270669e+01	1.237781e+01
1.206274e+01	1.177180e+01	1.149825e+01	1.098014e+01	1.050846e+01	1.008371e+01
9.705515e+00	9.373582e+00	9.088025e+00	8.848994e+00	8.656620e+00	8.510745e+00
8.410169e+00	8.354973e+00	8.347595e+00	8.385847e+00	8.467664e+00	8.592981e+00
8.753552e+00	8.841563e+00	8.928471e+00	8.964153e+00	8.722951e+00	8.312332e+00
6.354293e+00	5.058023e+00	2.486054e+00	1.797558e+00	1.057957e+00	8.698616e-01
1.269969e+01	1.237404e+01	1.206147e+01	1.177109e+01	1.149752e+01	1.097953e+01
1.050801e+01	1.008325e+01	9.705002e+00	9.373072e+00	9.087650e+00	8.848805e+00
8.656571e+00	8.510804e+00	8.410461e+00	8.355685e+00	8.348796e+00	8.387564e+00
8.470043e+00	8.596678e+00	8.761550e+00	8.852927e+00	8.942567e+00	8.987386e+00
8.798132e+00	8.450216e+00	6.616681e+00	5.354451e+00	2.702768e+00	1.954486e+00
1.091971e+00	8.698599e-01	1.269483e+01	1.237196e+01	1.206129e+01	1.177163e+01
1.149806e+01	1.098051e+01	1.050916e+01	1.008431e+01	9.705820e+00	9.373686e+00
9.088277e+00	8.849672e+00	8.657753e+00	8.512319e+00	8.412310e+00	8.357836e+00
8.351276e+00	8.390312e+00	8.473103e+00	8.600729e+00	8.768341e+00	8.862191e+00
8.955811e+00	9.009675e+00	8.864041e+00	8.557544e+00	6.870967e+00	5.655868e+00
2.934902e+00	2.118791e+00	1.132687e+00	8.696069e-01	