6.040795e-02	6.141274e-02	6.254930e-02	6.391722e-02	6.550366e-02	6.920899e-02
7.350344e-02	7.817955e-02	8.322800e-02	8.870728e-02	9.466598e-02	1.012375e-01
1.086532e-01	1.169852e-01	1.258149e-01	1.346804e-01	1.435165e-01	1.525636e-01
1.620501e-01	1.716234e-01	1.789108e-01	1.803551e-01	1.817346e-01	1.834312e-01
1.859843e-01	1.863460e-01	1.860426e-01	1.858618e-01	1.862244e-01	1.867581e-01
1.876459e-01	1.846710e-01	7.006944e-02	7.126445e-02	7.260400e-02	7.419770e-02
7.603171e-02	8.028593e-02	8.518923e-02	9.051449e-02	9.625023e-02	1.024585e-01
1.091899e-01	1.165866e-01	1.248961e-01	1.341931e-01	1.440258e-01	1.538989e-01
1.637385e-01	1.737915e-01	1.842863e-01	1.948341e-01	2.028877e-01	2.045439e-01
2.061242e-01	2.080204e-01	2.108496e-01	2.112682e-01	2.109802e-01	2.107941e-01
2.111788e-01	2.117406e-01	2.126747e-01	2.095432e-01	8.127617e-02	8.269654e-02
8.427497e-02	8.613169e-02	8.825186e-02	9.313573e-02	9.873287e-02	1.047956e-01
1.113100e-01	1.183413e-01	1.259421e-01	1.342630e-01	1.435673e-01	1.539322e-01
1.648728e-01	1.758600e-01	1.868099e-01	1.979731e-01	2.095737e-01	2.211839e-01
2.300778e-01	2.319769e-01	2.337870e-01	2.359058e-01	2.390392e-01	2.395235e-01
2.392603e-01	2.390708e-01	2.394771e-01	2.400650e-01	2.410419e-01	2.377654e-01
9.427527e-02	9.596255e-02	9.782204e-02	9.998516e-02	1.024361e-01	1.080421e-01
1.144297e-01	1.213299e-01	1.287260e-01	1.366863e-01	1.452644e-01	1.546193e-01
1.650297e-01	1.765748e-01	1.887372e-01	2.009548e-01	2.131321e-01	2.255194e-01
2.383310e-01	2.510973e-01	2.609119e-01	2.630891e-01	2.651623e-01	2.675293e-01
2.709976e-01	2.715577e-01	2.713312e-01	2.711407e-01	2.715675e-01	2.721783e-01
2.731927e-01	2.697886e-01	1.093534e-01	1.113567e-01	1.135468e-01	1.160668e-01
1.189001e-01	1.253343e-01	1.326221e-01	1.404730e-01	1.488671e-01	1.578751e-01
1.675512e-01	1.780620e-01	1.897006e-01	2.025480e-01	2.160558e-01	2.296305e-01
2.431632e-01	2.568984e-01	2.710343e-01	2.850562e-01	2.958783e-01	2.983740e-01
3.007483e-01	3.033920e-01	3.072287e-01	3.078762e-01	3.077010e-01	3.075125e-01
3.079580e-01	3.085873e-01	3.096320e-01	3.061249e-01	1.268431e-01	1.292203e-01
1.317992e-01	1.347351e-01	1.380102e-01	1.453942e-01	1.537068e-01	1.626365e-01
1.721595e-01	1.823486e-01	1.932574e-01	2.050589e-01	2.180597e-01	2.323418e-01
2.473287e-01	2.623983e-01	2.774258e-01	2.926437e-01	3.082251e-01	3.236078e-01
3.355307e-01	3.383912e-01	3.411101e-01	3.440621e-01	3.483038e-01	3.490520e-01
3.489458e-01	3.487634e-01	3.492249e-01	3.498668e-01	3.509316e-01	3.473550e-01
1.471301e-01	1.499495e-01	1.529858e-01	1.564059e-01	1.601919e-01	1.686646e-01
1.781435e-01	1.882968e-01	1.990964e-01	2.106158e-01	2.229074e-01	2.361490e-01
2.506582e-01	2.665180e-01	2.831282e-01	2.998419e-01	3.165162e-01	3.333625e-01
3.505191e-01	3.673732e-01	3.804972e-01	3.837755e-01	3.868887e-01	3.901840e-01
3.948703e-01	3.957347e-01	3.957192e-01	3.955479e-01	3.960216e-01	3.966682e-01
3.977399e-01	3.941383e-01	1.706617e-01	1.740041e-01	1.775780e-01	1.815623e-01
1.859386e-01	1.956594e-01	2.064653e-01	2.180057e-01	2.302479e-01	2.432650e-01
2.571064e-01	2.719529e-01	2.881301e-01	3.057214e-01	3.241094e-01	3.426287e-01
3.611145e-01	3.797471e-01	3.986166e-01	4.170576e-01	4.314899e-01	4.352466e-01
4.388109e-01	4.424887e-01	4.476627e-01	4.486608e-01	4.487621e-01	4.486082e-01
4.490891e-01	4.497302e-01	4.507916e-01	4.472224e-01	1.979569e-01	2.019175e-01
2.061233e-01	2.107649e-01	2.158235e-01	2.269748e-01	2.392898e-01	2.524020e-01
2.662735e-01	2.809753e-01	2.965523e-01	3.131851e-01	3.312037e-01	3.506915e-01
3.710224e-01	3.915210e-01	4.119968e-01	4.325857e-01	4.533139e-01	4.734614e-01
4.893164e-01	4.936209e-01	4.977014e-01	5.018050e-01	5.075131e-01	5.086654e-01
5.089151e-01	5.087863e-01	5.092678e-01	5.098902e-01	5.109195e-01	5.074562e-01
2.296176e-01	2.343087e-01	2.392573e-01	2.446644e-01	2.505116e-01	2.633022e-01
2.773328e-01	2.922252e-01	3.079358e-01	3.245315e-01	3.420501e-01	3.606688e-01
3.807166e-01	4.022763e-01	4.247258e-01	4.473901e-01	4.700487e-01	4.927763e-01
5.155167e-01	5.374933e-01	5.548926e-01	5.598242e-01	5.644952e-01	5.690726e-01
5.753652e-01	5.766950e-01	5.771310e-01	5.770368e-01	5.775106e-01	5.780977e-01
5.790674e-01	5.758025e-01	2.663421e-01	2.718960e-01	2.777176e-01	2.840163e-01
2.907750e-01	3.054438e-01	3.214240e-01	3.383317e-01	3.561169e-01	3.748396e-01
3.945283e-01	4.153518e-01	4.376313e-01	4.614491e-01	4.862025e-01	5.112316e-01
5.362803e-01	5.613419e-01	5.862549e-01	6.101851e-01	6.292570e-01	6.349065e-01
6.402531e-01	6.453575e-01	6.522888e-01	6.538230e-01	6.544907e-01	6.544427e-01
6.548980e-01	6.554294e-01	6.563051e-01	6.533540e-01	3.089402e-01	3.155130e-01
3.223602e-01	3.296977e-01	3.375096e-01	3.543303e-01	3.725249e-01	3.917126e-01
4.118365e-01	4.329463e-01	4.550578e-01	4.783255e-01	5.030544e-01	5.293259e-01
5.565776e-01	5.841832e-01	6.118442e-01	6.394478e-01	6.666996e-01	6.927078e-01
7.135875e-01	7.200587e-01	7.261780e-01	7.318686e-01	7.394968e-01	7.412662e-01
7.422199e-01	7.422322e-01	7.426554e-01	7.431056e-01	7.438450e-01	7.413504e-01
3.583513e-01	3.661269e-01	3.741791e-01	3.827264e-01	3.917557e-01	4.110410e-01
4.317500e-01	4.535159e-01	4.762743e-01	5.000607e-01	5.248739e-01	5.508470e-01
5.782579e-01	6.071869e-01	6.371390e-01	6.675448e-01	6.980553e-01	7.284215e-01
7.581827e-01	7.863911e-01	8.092196e-01	8.166313e-01	8.236345e-01	8.299766e-01
8.383640e-01	8.404042e-01	8.417084e-01	8.417981e-01	8.421725e-01	8.425102e-01
8.430612e-01	8.411986e-01	4.156651e-01	4.248602e-01	4.343278e-01	4.442843e-01
4.547204e-01	4.768283e-01	5.003910e-01	5.250703e-01	5.507943e-01	5.775789e-01
6.054013e-01	6.343639e-01	6.647038e-01	6.965009e-01	7.293613e-01	7.628019e-01
7.964139e-01	8.297752e-01	8.622190e-01	8.927443e-01	9.176679e-01	9.261561e-01
9.341701e-01	9.412360e-01	9.504494e-01	9.528010e-01	9.545326e-01	9.547202e-01
9.550250e-01	9.552121e-01	9.555111e-01	9.544947e-01	4.821455e-01	4.930154e-01
5.041453e-01	5.157432e-01	5.278051e-01	5.531449e-01	5.799446e-01	6.079144e-01
6.369741e-01	6.671138e-01	6.982835e-01	7.305433e-01	7.640729e-01	7.989526e-01
8.349323e-01	8.716519e-01	9.086316e-01	9.452313e-01	9.805309e-01	1.013481e+00
1.040650e+00	1.050370e+00	1.059540e+00	1.067410e+00	1.077520e+00	1.080230e+00
1.082480e+00	1.082790e+00	1.083000e+00	1.082990e+00	1.082960e+00	1.083050e+00
5.592433e-01	5.721242e-01	5.852381e-01	5.987732e-01	6.127335e-01	6.418016e-01
6.722981e-01	7.040227e-01	7.368879e-01	7.708436e-01	8.057972e-01	8.417416e-01
8.787691e-01	9.169616e-01	9.562967e-01	9.966115e-01	1.037338e+00	1.077538e+00
1.115946e+00	1.151441e+00	1.181020e+00	1.192191e+00	1.202694e+00	1.211430e+00
1.222523e+00	1.225676e+00	1.228620e+00	1.229103e+00	1.229165e+00	1.228862e+00
1.228333e+00	1.230070e+00	6.486824e-01	6.639095e-01	6.793305e-01	6.951045e-01
7.112453e-01	7.445617e-01	7.792297e-01	8.151619e-01	8.522628e-01	8.904363e-01
9.295435e-01	9.694984e-01	1.010286e+00	1.051993e+00	1.094874e+00	1.139004e+00
1.183711e+00	1.227710e+00	1.269340e+00	1.307439e+00	1.339573e+00	1.352376e+00
1.364395e+00	1.374110e+00	1.386258e+00	1.389898e+00	1.393626e+00	1.394305e+00
1.394195e+00	1.393553e+00	1.392454e+00	1.396094e+00	7.526748e-01	7.704460e-01
7.883787e-01	8.066076e-01	8.251546e-01	8.631799e-01	9.024365e-01	9.428839e-01
9.844145e-01	1.026916e+00	1.070243e+00	1.114284e+00	1.158941e+00	1.204312e+00
1.250823e+00	1.298681e+00	1.347114e+00	1.394560e+00	1.439104e+00	1.479731e+00
1.514538e+00	1.528961e+00	1.542660e+00	1.553632e+00	1.566859e+00	1.570879e+00
1.575147e+00	1.575944e+00	1.575741e+00	1.574912e+00	1.573575e+00	1.578243e+00
8.733558e-01	8.938303e-01	9.144460e-01	9.353209e-01	9.564818e-01	9.996500e-01
1.043872e+00	1.089057e+00	1.135085e+00	1.181875e+00	1.229340e+00	1.277411e+00
1.325947e+00	1.375061e+00	1.425191e+00	1.476523e+00	1.528205e+00	1.578517e+00
1.625498e+00	1.668502e+00	1.706059e+00	1.722043e+00	1.737575e+00	1.750124e+00
1.764437e+00	1.768678e+00	1.773134e+00	1.773939e+00	1.773756e+00	1.772955e+00
1.771816e+00	1.776296e+00	1.011522e+00	1.034998e+00	1.058571e+00	1.082322e+00
1.106284e+00	1.154871e+00	1.204206e+00	1.254161e+00	1.304627e+00	1.355591e+00
1.407066e+00	1.459015e+00	1.511253e+00	1.563870e+00	1.617289e+00	1.671666e+00
1.726081e+00	1.778760e+00	1.827786e+00	1.872863e+00	1.913024e+00	1.930634e+00
1.948095e+00	1.962306e+00	1.977707e+00	1.982089e+00	1.986502e+00	1.987251e+00
1.987168e+00	1.986519e+00	1.985617e+00	1.989349e+00	1.169909e+00	1.196698e+00
1.223519e+00	1.250392e+00	1.277360e+00	1.331678e+00	1.386294e+00	1.441042e+00
1.495850e+00	1.550819e+00	1.606119e+00	1.661742e+00	1.717470e+00	1.773329e+00
1.829681e+00	1.886629e+00	1.943201e+00	1.997675e+00	2.048292e+00	2.095126e+00
2.137765e+00	2.157058e+00	2.176562e+00	2.192562e+00	2.209057e+00	2.213486e+00
2.217612e+00	2.218234e+00	2.218334e+00	2.217973e+00	2.217412e+00	2.219742e+00
1.348711e+00	1.379072e+00	1.409366e+00	1.439541e+00	1.469653e+00	1.529849e+00
1.589712e+00	1.649053e+00	1.707846e+00	1.766349e+00	1.824970e+00	1.883725e+00
1.942383e+00	2.000885e+00	2.059526e+00	2.118348e+00	2.176354e+00	2.231933e+00
2.283547e+00	2.331696e+00	2.376569e+00	2.397483e+00	2.418994e+00	2.436770e+00
2.454304e+00	2.458729e+00	2.462418e+00	2.462865e+00	2.463191e+00	2.463198e+00
2.463139e+00	2.463583e+00	1.548532e+00	1.582638e+00	1.616542e+00	1.650104e+00
1.683399e+00	1.749406e+00	1.814223e+00	1.877663e+00	1.939746e+00	2.000958e+00
2.062054e+00	2.123055e+00	2.183764e+00	2.243996e+00	2.304008e+00	2.363781e+00
2.422317e+00	2.478141e+00	2.529977e+00	2.578877e+00	2.625653e+00	2.648025e+00
2.671395e+00	2.690867e+00	2.709336e+00	2.713700e+00	2.716793e+00	2.717001e+00
2.717600e+00	2.718070e+00	2.718709e+00	2.716705e+00	1.770593e+00	1.808670e+00
1.846331e+00	1.883268e+00	1.919594e+00	1.990824e+00	2.059777e+00	2.126457e+00
2.191004e+00	2.254107e+00	2.316850e+00	2.379304e+00	2.441318e+00	2.502563e+00
2.562932e+00	2.622162e+00	2.679532e+00	2.734452e+00	2.786406e+00	2.835693e+00
2.883429e+00	2.907401e+00	2.932493e+00	2.953159e+00	2.972620e+00	2.976858e+00
2.979181e+00	2.979273e+00	2.980153e+00	2.980981e+00	2.982520e+00	2.977817e+00
2.014850e+00	2.057124e+00	2.098672e+00	2.138927e+00	2.178062e+00	2.253736e+00
2.325762e+00	2.394560e+00	2.460456e+00	2.524335e+00	2.587579e+00	2.650337e+00
2.712488e+00	2.773572e+00	2.833013e+00	2.890275e+00	2.945080e+00	2.998056e+00
3.049647e+00	3.098822e+00	3.146752e+00	3.172151e+00	3.198651e+00	3.220109e+00
3.240465e+00	3.244543e+00	3.246062e+00	3.246108e+00	3.247252e+00	3.248366e+00
3.250835e+00	3.243599e+00	2.279939e+00	2.326663e+00	2.372238e+00	2.415798e+00
2.457570e+00	2.537007e+00	2.611044e+00	2.680685e+00	2.746496e+00	2.809598e+00
2.871696e+00	2.932996e+00	2.993343e+00	3.052249e+00	3.109158e+00	3.163609e+00
3.215525e+00	3.265949e+00	3.315762e+00	3.364019e+00	3.412022e+00	3.437969e+00
3.465250e+00	3.487472e+00	3.508272e+00	3.512236e+00	3.513242e+00	3.513154e+00
3.514497e+00	3.515936e+00	3.518958e+00	3.510119e+00	2.564437e+00	2.615620e+00
2.665149e+00	2.711756e+00	2.755748e+00	2.837732e+00	2.912274e+00	2.981156e+00
3.045213e+00	3.105785e+00	3.164897e+00	3.222825e+00	3.279518e+00	3.334517e+00
3.387363e+00	3.437701e+00	3.485673e+00	3.532691e+00	3.579997e+00	3.626697e+00
3.674092e+00	3.700070e+00	3.727499e+00	3.749898e+00	3.770890e+00	3.774822e+00
3.775618e+00	3.775488e+00	3.776909e+00	3.778443e+00	3.781606e+00	3.771841e+00
2.868125e+00	2.923741e+00	2.977077e+00	3.026380e+00	3.072066e+00	3.155179e+00
3.228474e+00	3.294788e+00	3.355239e+00	3.411382e+00	3.465502e+00	3.518018e+00
3.569068e+00	3.618359e+00	3.665586e+00	3.710572e+00	3.753648e+00	3.796456e+00
3.840454e+00	3.884898e+00	3.930945e+00	3.956364e+00	3.983237e+00	4.005229e+00
4.026079e+00	4.030062e+00	4.030992e+00	4.030892e+00	4.032271e+00	4.033743e+00
4.036737e+00	4.027436e+00	3.185263e+00	3.245089e+00	3.301875e+00	3.353292e+00
3.399909e+00	3.482264e+00	3.552109e+00	3.613655e+00	3.668322e+00	3.717868e+00
3.764775e+00	3.809672e+00	3.852970e+00	3.894687e+00	3.934734e+00	3.973202e+00
4.010549e+00	4.048427e+00	4.088314e+00	4.129742e+00	4.173579e+00	4.197737e+00
4.223226e+00	4.244134e+00	4.264423e+00	4.268543e+00	4.269993e+00	4.270003e+00
4.271202e+00	4.272442e+00	4.274932e+00	4.267793e+00	3.513887e+00	3.578371e+00
3.638745e+00	3.691845e+00	3.738456e+00	3.817279e+00	3.880423e+00	3.934371e+00
3.980970e+00	4.022031e+00	4.060058e+00	4.095720e+00	4.129601e+00	4.162018e+00
4.193276e+00	4.223923e+00	4.254542e+00	4.286668e+00	4.321726e+00	4.359539e+00
4.400240e+00	4.422237e+00	4.445505e+00	4.464841e+00	4.484078e+00	4.488319e+00
4.490556e+00	4.490736e+00	4.491637e+00	4.492452e+00	4.494044e+00	4.489834e+00
3.859741e+00	3.928118e+00	3.991290e+00	4.045266e+00	4.091053e+00	4.164693e+00
4.219350e+00	4.263614e+00	4.299844e+00	4.330079e+00	4.357093e+00	4.381634e+00
4.404432e+00	4.426114e+00	4.447449e+00	4.469466e+00	4.492778e+00	4.518519e+00
4.547848e+00	4.581055e+00	4.617770e+00	4.637203e+00	4.657727e+00	4.674972e+00
4.692807e+00	4.697133e+00	4.700214e+00	4.700590e+00	4.701143e+00	4.701447e+00
4.702016e+00	4.701142e+00	4.220646e+00	4.287671e+00	4.349397e+00	4.401847e+00
4.446014e+00	4.515740e+00	4.564089e+00	4.598094e+00	4.620742e+00	4.635639e+00
4.647578e+00	4.657922e+00	4.667546e+00	4.677374e+00	4.688563e+00	4.702362e+00
4.718966e+00	4.738113e+00	4.759867e+00	4.785823e+00	4.817200e+00	4.834414e+00
4.851839e+00	4.865860e+00	4.881892e+00	4.886200e+00	4.889830e+00	4.890387e+00
4.890619e+00	4.890414e+00	4.890203e+00	4.892642e+00	4.590046e+00	4.650523e+00
4.706670e+00	4.755192e+00	4.796783e+00	4.863211e+00	4.906712e+00	4.929570e+00
4.935577e+00	4.931183e+00	4.924685e+00	4.918433e+00	4.913372e+00	4.910618e+00
4.911589e+00	4.917485e+00	4.927763e+00	4.940076e+00	4.952855e+00	4.969603e+00
4.994522e+00	5.009638e+00	5.023669e+00	5.033713e+00	5.047573e+00	5.051735e+00
5.055634e+00	5.056346e+00	5.056294e+00	5.055614e+00	5.054835e+00	5.060352e+00
4.961657e+00	5.017175e+00	5.068518e+00	5.112452e+00	5.149604e+00	5.206944e+00
5.239275e+00	5.246964e+00	5.234663e+00	5.210842e+00	5.186036e+00	5.163341e+00
5.143730e+00	5.128298e+00	5.118343e+00	5.114729e+00	5.116535e+00	5.120374e+00
5.123849e+00	5.131179e+00	5.148051e+00	5.159899e+00	5.169988e+00	5.176211e+00
5.187108e+00	5.190706e+00	5.194354e+00	5.195141e+00	5.194894e+00	5.193940e+00
5.192807e+00	5.200120e+00	5.340928e+00	5.392176e+00	5.438868e+00	5.477407e+00
5.508522e+00	5.552313e+00	5.568831e+00	5.558263e+00	5.526082e+00	5.482242e+00
5.438783e+00	5.399378e+00	5.364992e+00	5.336558e+00	5.315082e+00	5.300960e+00
5.293089e+00	5.287538e+00	5.281428e+00	5.279167e+00	5.287225e+00	5.295225e+00
5.301115e+00	5.303609e+00	5.311199e+00	5.314056e+00	5.317238e+00	5.318058e+00
5.317657e+00	5.316520e+00	5.315132e+00	5.323675e+00	5.723843e+00	5.776386e+00
5.822006e+00	5.855459e+00	5.878165e+00	5.899097e+00	5.889085e+00	5.854642e+00
5.802184e+00	5.740764e+00	5.680929e+00	5.626045e+00	5.576928e+00	5.534328e+00
5.499434e+00	5.472600e+00	5.452797e+00	5.436160e+00	5.419984e+00	5.408777e+00
5.407251e+00	5.409132e+00	5.409742e+00	5.409146e+00	5.412475e+00	5.414281e+00
5.416986e+00	5.417683e+00	5.417160e+00	5.415957e+00	5.414328e+00	5.423600e+00
6.100943e+00	6.163612e+00	6.214260e+00	6.243782e+00	6.255113e+00	6.240758e+00
6.190833e+00	6.126579e+00	6.054483e+00	5.979462e+00	5.906888e+00	5.838710e+00
5.775446e+00	5.717705e+00	5.667562e+00	5.625936e+00	5.592223e+00	5.563281e+00
5.537179e+00	5.518307e+00	5.507105e+00	5.501153e+00	5.495972e+00	5.493194e+00
5.491827e+00	5.492412e+00	5.494675e+00	5.495128e+00	5.494526e+00	5.493363e+00
5.491559e+00	5.501166e+00	6.495397e+00	6.557542e+00	6.604626e+00	6.625474e+00
6.624037e+00	6.577669e+00	6.493414e+00	6.400273e+00	6.305046e+00	6.210918e+00
6.121262e+00	6.037175e+00	5.958633e+00	5.885761e+00	5.821025e+00	5.765546e+00
5.718687e+00	5.677288e+00	5.639500e+00	5.610210e+00	5.588204e+00	5.575409e+00
5.564108e+00	5.557437e+00	5.551389e+00	5.550929e+00	5.552774e+00	5.553101e+00
5.552316e+00	5.551062e+00	5.548722e+00	5.558502e+00	6.904249e+00	6.956957e+00
6.993546e+00	7.001866e+00	6.986312e+00	6.909569e+00	6.794252e+00	6.672127e+00
6.550587e+00	6.433012e+00	6.323082e+00	6.221332e+00	6.126808e+00	6.038859e+00
5.959971e+00	5.891261e+00	5.831731e+00	5.777614e+00	5.726784e+00	5.685544e+00
5.652287e+00	5.632632e+00	5.614447e+00	5.602809e+00	5.592657e+00	5.591270e+00
5.592880e+00	5.593165e+00	5.592091e+00	5.590586e+00	5.587371e+00	5.597316e+00
7.332021e+00	7.368445e+00	7.387882e+00	7.378059e+00	7.344004e+00	7.231337e+00
7.082853e+00	6.931336e+00	6.784075e+00	6.643898e+00	6.514001e+00	6.394371e+00
6.283137e+00	6.179053e+00	6.084544e+00	6.000809e+00	5.926661e+00	5.858302e+00
5.794053e+00	5.740807e+00	5.696076e+00	5.670439e+00	5.646853e+00	5.631085e+00
5.613608e+00	5.611354e+00	5.613114e+00	5.613435e+00	5.612057e+00	5.610234e+00
5.606167e+00	5.616285e+00	7.898901e+00	7.840355e+00	7.780584e+00	7.714127e+00
7.641575e+00	7.486773e+00	7.324103e+00	7.163569e+00	7.007303e+00	6.855755e+00
6.709730e+00	6.569879e+00	6.436585e+00	6.310253e+00	6.192388e+00	6.084474e+00
5.987345e+00	5.901734e+00	5.828761e+00	5.766260e+00	5.709522e+00	5.686113e+00
5.668388e+00	5.654093e+00	5.608310e+00	5.592714e+00	5.604062e+00	5.607814e+00
5.604933e+00	5.601965e+00	5.599049e+00	5.607212e+00	8.331383e+00	8.254669e+00
8.170396e+00	8.077125e+00	7.979010e+00	7.780676e+00	7.582683e+00	7.390600e+00
7.205763e+00	7.028667e+00	6.860350e+00	6.701553e+00	6.551308e+00	6.409138e+00
6.275639e+00	6.151969e+00	6.039379e+00	5.938226e+00	5.848656e+00	5.771893e+00
5.709907e+00	5.684433e+00	5.665002e+00	5.649106e+00	5.591396e+00	5.563963e+00
5.582178e+00	5.589754e+00	5.584986e+00	5.580696e+00	5.578939e+00	5.584185e+00
8.604935e+00	8.585104e+00	8.545904e+00	8.473182e+00	8.373729e+00	8.131184e+00
7.861407e+00	7.604971e+00	7.368765e+00	7.153400e+00	6.959226e+00	6.783872e+00
6.621388e+00	6.468164e+00	6.325971e+00	6.196558e+00	6.077965e+00	5.965652e+00
5.858080e+00	5.765187e+00	5.682555e+00	5.634784e+00	5.589363e+00	5.557872e+00
5.527452e+00	5.521862e+00	5.521361e+00	5.521261e+00	5.519331e+00	5.517241e+00
5.512581e+00	5.516981e+00	8.975731e+00	8.948622e+00	8.896601e+00	8.804772e+00
8.682023e+00	8.388066e+00	8.067686e+00	7.768764e+00	7.498359e+00	7.256614e+00
7.042365e+00	6.842198e+00	6.656819e+00	6.480745e+00	6.322482e+00	6.184665e+00
6.057130e+00	5.936080e+00	5.820107e+00	5.713665e+00	5.612226e+00	5.554673e+00
5.499250e+00	5.460261e+00	5.432159e+00	5.430908e+00	5.422667e+00	5.420380e+00
5.419432e+00	5.418590e+00	5.414565e+00	5.414236e+00	9.392403e+00	9.320189e+00
9.228442e+00	9.102305e+00	8.949219e+00	8.603215e+00	8.240290e+00	7.906079e+00
7.606212e+00	7.339835e+00	7.104547e+00	6.883545e+00	6.679801e+00	6.487768e+00
6.312832e+00	6.154836e+00	6.007712e+00	5.868548e+00	5.735888e+00	5.612531e+00
5.498481e+00	5.442164e+00	5.386984e+00	5.344995e+00	5.306082e+00	5.297617e+00
5.289067e+00	5.287596e+00	5.286785e+00	5.286870e+00	5.285872e+00	5.278361e+00
9.814937e+00	9.670777e+00	9.514035e+00	9.337284e+00	9.146865e+00	8.753251e+00
8.364725e+00	8.007945e+00	7.679687e+00	7.380915e+00	7.112399e+00	6.881975e+00
6.669215e+00	6.469828e+00	6.279662e+00	6.099933e+00	5.934434e+00	5.780392e+00
5.635713e+00	5.497944e+00	5.366048e+00	5.303810e+00	5.245357e+00	5.202345e+00
5.157081e+00	5.143989e+00	5.132125e+00	5.130291e+00	5.130129e+00	5.131609e+00
5.133855e+00	5.118846e+00	1.023287e+01	9.992810e+00	9.754916e+00	9.521074e+00
9.292937e+00	8.857983e+00	8.452070e+00	8.077922e+00	7.726499e+00	7.401446e+00
7.105839e+00	6.841961e+00	6.599761e+00	6.377230e+00	6.170858e+00	5.978688e+00
5.802221e+00	5.640682e+00	5.491524e+00	5.344435e+00	5.191455e+00	5.117496e+00
5.054928e+00	5.015640e+00	4.965899e+00	4.947946e+00	4.931782e+00	4.929117e+00
4.929904e+00	4.933111e+00	4.939352e+00	4.916887e+00	1.054293e+01	1.025475e+01
9.972340e+00	9.701256e+00	9.442436e+00	8.958978e+00	8.513286e+00	8.089930e+00
7.718976e+00	7.381265e+00	7.068987e+00	6.773981e+00	6.508780e+00	6.268469e+00
6.047103e+00	5.841051e+00	5.651640e+00	5.479051e+00	5.320208e+00	5.161408e+00
4.992356e+00	4.910493e+00	4.843488e+00	4.803642e+00	4.749324e+00	4.728478e+00
4.710014e+00	4.706988e+00	4.708113e+00	4.712065e+00	4.719824e+00	4.696687e+00
1.080377e+01	1.048453e+01	1.017224e+01	9.872909e+00	9.586986e+00	9.052214e+00
8.561662e+00	8.095587e+00	7.688114e+00	7.316772e+00	6.978011e+00	6.667572e+00
6.387781e+00	6.133964e+00	5.899823e+00	5.681215e+00	5.479039e+00	5.293869e+00
5.122201e+00	4.951171e+00	4.771467e+00	4.684794e+00	4.613232e+00	4.569740e+00
4.511085e+00	4.489039e+00	4.470033e+00	4.467028e+00	4.468002e+00	4.471864e+00
4.479157e+00	4.460798e+00	1.102860e+01	1.067706e+01	1.033408e+01	1.000664e+01
9.694476e+00	9.110172e+00	8.573397e+00	8.093509e+00	7.648909e+00	7.246572e+00
6.883371e+00	6.555945e+00	6.260368e+00	5.992008e+00	5.744372e+00	5.512922e+00
5.297886e+00	5.099367e+00	4.913783e+00	4.731178e+00	4.545126e+00	4.456045e+00
4.379154e+00	4.328677e+00	4.265928e+00	4.244158e+00	4.225424e+00	4.222601e+00
4.223179e+00	4.226372e+00	4.232495e+00	4.220171e+00	1.121534e+01	1.083132e+01
1.045823e+01	1.010451e+01	9.769183e+00	9.145293e+00	8.569008e+00	8.056150e+00
7.587686e+00	7.164027e+00	6.780882e+00	6.434683e+00	6.121574e+00	5.836950e+00
5.574543e+00	5.329641e+00	5.101332e+00	4.887736e+00	4.685778e+00	4.492276e+00
4.306896e+00	4.219184e+00	4.135612e+00	4.072560e+00	4.005940e+00	3.986809e+00
3.969612e+00	3.967224e+00	3.967015e+00	3.968608e+00	3.972396e+00	3.968451e+00
1.138448e+01	1.096574e+01	1.056063e+01	1.017964e+01	9.820485e+00	9.149703e+00
8.552886e+00	8.007125e+00	7.516324e+00	7.073467e+00	6.672387e+00	6.309008e+00
5.979549e+00	5.679517e+00	5.402971e+00	5.145312e+00	4.905113e+00	4.679583e+00
4.466149e+00	4.263473e+00	4.072662e+00	3.982079e+00	3.891793e+00	3.820125e+00
3.749605e+00	3.731775e+00	3.716355e+00	3.714437e+00	3.713481e+00	3.713796e+00
3.715256e+00	3.717791e+00	1.152991e+01	1.107683e+01	1.064053e+01	1.023374e+01
9.852462e+00	9.147873e+00	8.514058e+00	7.945731e+00	7.435788e+00	6.976329e+00
6.559585e+00	6.180976e+00	5.836806e+00	5.522746e+00	5.233199e+00	4.963813e+00
4.713068e+00	4.478043e+00	4.256388e+00	4.045506e+00	3.844839e+00	3.748317e+00
3.651357e+00	3.573998e+00	3.499362e+00	3.481660e+00	3.467815e+00	3.466316e+00
3.464733e+00	3.464149e+00	3.463506e+00	3.470150e+00	1.164119e+01	1.115838e+01
1.069537e+01	1.026663e+01	9.866624e+00	9.128617e+00	8.469402e+00	7.880408e+00
7.353282e+00	6.878835e+00	6.448191e+00	6.056435e+00	5.699771e+00	5.373899e+00
5.073382e+00	4.793900e+00	4.533685e+00	4.289615e+00	4.059114e+00	3.839565e+00
3.629282e+00	3.527168e+00	3.423757e+00	3.340655e+00	3.261365e+00	3.243245e+00
3.229886e+00	3.228593e+00	3.226625e+00	3.225508e+00	3.223409e+00	3.231494e+00
1.172538e+01	1.121735e+01	1.073227e+01	1.028296e+01	9.865304e+00	9.101574e+00
8.420063e+00	7.813388e+00	7.271402e+00	6.783953e+00	6.341478e+00	5.938794e+00
5.571957e+00	5.236554e+00	4.927072e+00	4.639139e+00	4.370717e+00	4.118358e+00
3.879075e+00	3.650582e+00	3.430208e+00	3.322382e+00	3.212962e+00	3.124789e+00
3.040203e+00	3.020708e+00	3.006586e+00	3.005284e+00	3.003139e+00	3.001819e+00
2.999152e+00	3.006535e+00	1.178355e+01	1.125252e+01	1.074608e+01	1.028590e+01
9.860226e+00	9.069307e+00	8.369072e+00	7.747436e+00	7.192832e+00	6.694380e+00
6.242148e+00	5.830749e+00	5.456019e+00	5.113317e+00	4.796919e+00	4.502217e+00
4.226888e+00	3.967087e+00	3.719360e+00	3.481543e+00	3.250558e+00	3.136822e+00
3.021570e+00	2.928690e+00	2.838097e+00	2.816423e+00	2.800500e+00	2.799006e+00
2.796823e+00	2.795579e+00	2.793094e+00	2.798357e+00	1.181531e+01	1.126846e+01
1.074874e+01	1.027573e+01	9.839094e+00	9.032309e+00	8.318304e+00	7.685146e+00
7.120667e+00	6.613594e+00	6.153971e+00	5.736267e+00	5.356040e+00	5.008336e+00
4.687135e+00	4.387443e+00	4.106629e+00	3.840362e+00	3.584639e+00	3.336980e+00
3.094303e+00	2.973930e+00	2.852176e+00	2.754073e+00	2.656250e+00	2.631669e+00
2.613001e+00	2.611130e+00	2.608989e+00	2.608059e+00	2.606388e+00	2.608509e+00
1.181433e+01	1.126242e+01	1.073765e+01	1.025659e+01	9.813563e+00	8.995420e+00
8.272505e+00	7.631142e+00	7.059313e+00	6.545780e+00	6.080799e+00	5.658681e+00
5.274736e+00	4.923760e+00	4.599377e+00	4.296288e+00	4.011470e+00	3.740052e+00
3.477376e+00	3.220193e+00	2.965073e+00	2.836964e+00	2.706754e+00	2.601216e+00
2.494869e+00	2.467581e+00	2.446196e+00	2.443876e+00	2.441652e+00	2.441026e+00
2.440062e+00	2.439566e+00	1.181157e+01	1.124785e+01	1.071302e+01	1.022883e+01
9.783572e+00	8.959149e+00	8.230872e+00	7.583794e+00	7.006541e+00	6.488143e+00
6.019193e+00	5.593890e+00	5.207342e+00	4.854152e+00	4.527653e+00	4.222295e+00
3.934633e+00	3.659185e+00	3.390505e+00	3.124239e+00	2.856137e+00	2.719559e+00
2.579543e+00	2.465089e+00	2.349606e+00	2.319940e+00	2.296135e+00	2.293367e+00
2.290966e+00	2.290582e+00	2.290173e+00	2.287886e+00	1.179931e+01	1.122514e+01
1.068380e+01	1.019765e+01	9.751915e+00	8.926047e+00	8.197148e+00	7.548261e+00
6.968520e+00	6.447337e+00	5.976639e+00	5.550045e+00	5.162551e+00	4.808721e+00
4.481880e+00	4.176287e+00	3.887929e+00	3.610294e+00	3.336488e+00	3.059871e+00
2.776200e+00	2.628755e+00	2.474952e+00	2.347697e+00	2.221835e+00	2.190599e+00
2.164903e+00	2.161674e+00	2.158905e+00	2.158574e+00	2.158255e+00	2.156122e+00
1.175430e+01	1.118179e+01	1.064238e+01	1.015943e+01	9.717335e+00	8.896241e+00
8.170662e+00	7.522717e+00	6.942614e+00	6.420467e+00	5.949159e+00	5.522163e+00
5.134447e+00	4.780598e+00	4.454009e+00	4.148803e+00	3.860488e+00	3.581673e+00
3.304190e+00	3.019149e+00	2.720084e+00	2.561052e+00	2.391597e+00	2.248963e+00
2.110788e+00	2.078269e+00	2.051296e+00	2.047673e+00	2.044341e+00	2.043903e+00
2.043396e+00	2.043058e+00	1.170015e+01	1.113049e+01	1.059503e+01	1.011757e+01
9.681436e+00	8.869950e+00	8.151190e+00	7.510203e+00	6.935681e+00	6.419080e+00
5.949118e+00	5.523584e+00	5.137416e+00	4.784812e+00	4.458646e+00	4.152896e+00
3.863541e+00	3.583745e+00	3.305244e+00	3.017851e+00	2.697034e+00	2.521309e+00
2.334310e+00	2.174361e+00	2.015401e+00	1.979446e+00	1.953747e+00	1.950422e+00
1.945956e+00	1.945089e+00	1.944733e+00	1.948487e+00	1.163318e+01	1.107004e+01
1.054176e+01	1.007251e+01	9.644664e+00	8.846199e+00	8.135456e+00	7.501582e+00
6.931805e+00	6.418937e+00	5.953314e+00	5.532661e+00	5.151288e+00	4.802460e+00
4.477762e+00	4.170699e+00	3.878364e+00	3.595634e+00	3.314190e+00	3.019499e+00
2.682138e+00	2.492123e+00	2.289382e+00	2.112732e+00	1.931049e+00	1.890998e+00
1.867424e+00	1.864633e+00	1.858886e+00	1.857493e+00	1.857400e+00	1.866074e+00
1.156558e+01	1.100932e+01	1.048882e+01	1.002878e+01	9.610561e+00	8.828948e+00
8.131717e+00	7.500855e+00	6.933065e+00	6.421526e+00	5.961881e+00	5.546765e+00
5.170096e+00	4.824970e+00	4.502664e+00	4.196219e+00	3.902661e+00	3.617707e+00
3.332663e+00	3.027142e+00	2.681411e+00	2.485939e+00	2.263579e+00	2.063721e+00
1.860334e+00	1.816977e+00	1.792977e+00	1.790224e+00	1.783784e+00	1.782172e+00
1.782280e+00	1.796401e+00	1.149705e+01	1.094824e+01	1.043633e+01	9.986759e+00
9.579676e+00	8.817202e+00	8.134469e+00	7.515741e+00	6.956808e+00	6.451137e+00
5.993867e+00	5.579594e+00	5.203551e+00	4.860385e+00	4.543486e+00	4.246632e+00
3.964369e+00	3.687123e+00	3.401327e+00	3.085191e+00	2.713138e+00	2.497183e+00
2.248709e+00	2.024188e+00	1.802395e+00	1.756822e+00	1.730028e+00	1.726800e+00
1.720226e+00	1.718683e+00	1.718872e+00	1.738965e+00	1.142501e+01	1.088486e+01
1.038287e+01	9.945147e+00	9.550339e+00	8.808449e+00	8.140148e+00	7.534557e+00
6.985472e+00	6.487303e+00	6.035224e+00	5.624972e+00	5.252502e+00	4.913341e+00
4.602039e+00	4.312563e+00	4.037769e+00	3.765222e+00	3.478529e+00	3.153678e+00
2.758613e+00	2.522220e+00	2.252493e+00	2.007715e+00	1.755873e+00	1.704795e+00
1.676540e+00	1.673467e+00	1.666664e+00	1.665125e+00	1.665990e+00	1.689694e+00
1.135080e+01	1.082029e+01	1.032930e+01	9.904690e+00	9.523205e+00	8.803007e+00
8.151191e+00	7.558649e+00	7.020334e+00	6.531471e+00	6.088017e+00	5.685882e+00
5.320959e+00	4.988527e+00	4.682732e+00	4.397369e+00	4.125375e+00	3.854243e+00
3.566557e+00	3.235390e+00	2.823631e+00	2.572180e+00	2.276270e+00	2.003740e+00
1.720059e+00	1.661022e+00	1.631687e+00	1.629116e+00	1.622080e+00	1.620580e+00
1.622647e+00	1.647811e+00	1.127862e+01	1.075773e+01	1.027793e+01	9.867083e+00
9.499571e+00	8.801075e+00	8.166941e+00	7.588619e+00	7.062194e+00	6.583687e+00
6.149777e+00	5.756589e+00	5.399973e+00	5.075133e+00	4.775949e+00	4.495959e+00
4.228013e+00	3.959193e+00	3.671014e+00	3.334164e+00	2.906298e+00	2.639189e+00
2.318089e+00	2.015763e+00	1.695345e+00	1.626530e+00	1.594802e+00	1.592657e+00
1.585529e+00	1.584229e+00	1.587942e+00	1.612729e+00	1.120930e+01	1.069807e+01
1.022964e+01	9.832891e+00	9.479624e+00	8.803536e+00	8.187280e+00	7.623972e+00
7.110319e+00	6.643123e+00	6.219775e+00	5.836566e+00	5.489294e+00	5.173021e+00
4.881266e+00	4.607285e+00	4.343851e+00	4.077796e+00	3.789800e+00	3.448424e+00
3.006006e+00	2.723647e+00	2.376713e+00	2.043464e+00	1.679972e+00	1.600036e+00
1.564690e+00	1.562877e+00	1.555716e+00	1.554598e+00	1.560238e+00	1.583624e+00
1.114299e+01	1.064153e+01	1.018458e+01	9.801846e+00	9.462754e+00	8.808195e+00
8.210666e+00	7.662815e+00	7.162490e+00	6.707236e+00	6.295135e+00	5.922610e+00
5.585417e+00	5.278440e+00	4.994801e+00	4.727427e+00	4.469064e+00	4.206383e+00
3.919384e+00	3.574730e+00	3.119345e+00	2.822249e+00	2.449123e+00	2.083275e+00
1.676409e+00	1.581496e+00	1.540163e+00	1.538437e+00	1.531105e+00	1.530196e+00
1.537344e+00	1.558578e+00	1.108093e+01	1.058942e+01	1.014391e+01	9.774814e+00
9.449465e+00	8.816805e+00	8.237548e+00	7.705422e+00	7.218867e+00	6.776094e+00
6.375822e+00	6.014581e+00	5.688101e+00	5.391072e+00	5.116214e+00	4.856086e+00
4.603489e+00	4.345031e+00	4.060242e+00	3.714272e+00	3.248738e+00	2.938298e+00
2.539666e+00	2.140094e+00	1.680941e+00	1.571197e+00	1.521066e+00	1.519066e+00
1.511756e+00	1.511135e+00	1.519146e+00	1.537646e+00	1.102447e+01	1.054299e+01
1.010857e+01	9.752245e+00	9.439278e+00	8.828101e+00	8.266842e+00	7.750260e+00
7.277439e+00	6.847179e+00	6.458741e+00	6.108830e+00	5.793146e+00	5.506234e+00
5.240464e+00	4.988114e+00	4.742053e+00	4.488929e+00	4.207974e+00	3.863111e+00
3.390662e+00	3.068423e+00	2.645069e+00	2.211334e+00	1.697380e+00	1.573809e+00
1.504521e+00	1.501791e+00	1.497015e+00	1.497123e+00	1.505126e+00	1.520463e+00
1.097246e+01	1.050078e+01	1.007706e+01	9.732870e+00	9.431857e+00	8.841831e+00
8.297934e+00	7.796697e+00	7.337573e+00	6.919872e+00	6.543334e+00	6.204859e+00
5.900131e+00	5.623582e+00	5.367265e+00	5.123224e+00	4.884417e+00	4.637594e+00
4.361837e+00	4.020129e+00	3.543644e+00	3.211099e+00	2.763967e+00	2.295899e+00
1.726881e+00	1.580257e+00	1.490976e+00	1.486944e+00	1.484709e+00	1.485498e+00
1.493096e+00	1.505454e+00	1.092780e+01	1.046528e+01	1.005166e+01	9.718866e+00
9.430803e+00	8.857667e+00	8.330665e+00	7.844325e+00	7.398575e+00	6.993205e+00
6.628366e+00	6.301137e+00	6.007244e+00	5.741060e+00	5.494371e+00	5.259034e+00
5.028138e+00	4.788553e+00	4.519348e+00	4.182999e+00	3.706009e+00	3.365340e+00
2.896260e+00	2.393275e+00	1.761828e+00	1.591022e+00	1.483885e+00	1.476983e+00
1.475079e+00	1.476038e+00	1.482515e+00	1.492839e+00	1.089023e+01	1.043604e+01
1.003158e+01	9.708927e+00	9.430796e+00	8.876546e+00	8.365214e+00	7.893064e+00
7.460208e+00	7.066814e+00	6.713339e+00	6.397025e+00	6.113706e+00	5.857758e+00
5.620782e+00	5.394517e+00	5.172235e+00	4.940961e+00	4.679942e+00	4.351716e+00
3.879000e+00	3.533582e+00	3.046297e+00	2.509753e+00	1.809819e+00	1.613691e+00
1.480167e+00	1.470451e+00	1.467748e+00	1.468586e+00	1.473478e+00	1.482477e+00
1.085812e+01	1.041128e+01	1.001491e+01	9.701645e+00	9.432043e+00	8.895209e+00
8.398584e+00	7.939869e+00	7.519338e+00	7.137449e+00	6.794903e+00	6.489111e+00
6.216011e+00	5.970021e+00	5.742634e+00	5.525599e+00	5.312497e+00	5.090804e+00
4.840175e+00	4.523127e+00	4.058491e+00	3.710482e+00	3.207110e+00	2.638329e+00
1.868149e+00	1.643529e+00	1.481000e+00	1.467422e+00	1.462427e+00	1.462998e+00
1.465553e+00	1.473820e+00	1.082985e+01	1.038963e+01	1.000056e+01	9.695797e+00
9.436037e+00	8.914028e+00	8.431308e+00	7.985480e+00	7.576893e+00	7.206212e+00
6.874320e+00	6.578798e+00	6.315716e+00	6.079577e+00	5.861859e+00	5.654400e+00
5.451123e+00	5.240031e+00	5.001324e+00	4.697729e+00	4.244698e+00	3.896606e+00
3.380164e+00	2.780944e+00	1.937748e+00	1.682220e+00	1.484452e+00	1.465379e+00
1.458106e+00	1.458367e+00	1.458430e+00	1.466233e+00	1.081121e+01	1.037558e+01
9.992125e+00	9.694402e+00	9.440853e+00	8.932296e+00	8.462119e+00	8.028295e+00
7.631112e+00	7.271179e+00	6.949336e+00	6.663401e+00	6.409777e+00	6.183370e+00
5.976106e+00	5.779992e+00	5.588455e+00	5.388370e+00	5.159527e+00	4.867115e+00
4.428056e+00	4.085864e+00	3.567501e+00	2.943418e+00	2.013953e+00	1.723973e+00
1.490053e+00	1.465496e+00	1.454100e+00	1.453884e+00	1.452770e+00	1.459745e+00
1.079983e+01	1.036690e+01	9.987263e+00	9.695355e+00	9.447647e+00	8.949698e+00
8.490400e+00	8.067510e+00	7.681050e+00	7.331257e+00	7.018676e+00	6.741434e+00
6.496516e+00	6.279604e+00	6.083668e+00	5.901036e+00	5.723573e+00	5.534589e+00
5.312050e+00	5.026944e+00	4.604186e+00	4.276031e+00	3.773578e+00	3.136140e+00
2.098907e+00	1.769782e+00	1.503743e+00	1.471775e+00	1.450163e+00	1.449463e+00
1.448457e+00	1.454340e+00	1.079285e+01	1.036340e+01	9.987481e+00	9.698954e+00
9.457295e+00	8.969361e+00	8.520062e+00	8.107201e+00	7.730562e+00	7.390089e+00
7.086060e+00	6.816823e+00	6.579831e+00	6.371316e+00	6.185048e+00	6.013878e+00
5.849486e+00	5.674272e+00	5.465339e+00	5.194245e+00	4.787759e+00	4.469716e+00
3.977266e+00	3.329998e+00	2.204068e+00	1.828608e+00	1.516988e+00	1.477470e+00
1.449228e+00	1.446486e+00	1.445340e+00	1.450090e+00	1.078719e+01	1.036108e+01
9.988764e+00	9.705225e+00	9.467924e+00	8.988835e+00	8.548506e+00	8.144700e+00
7.776946e+00	7.444968e+00	7.148779e+00	6.886903e+00	6.657146e+00	6.456161e+00
6.278331e+00	6.117162e+00	5.965098e+00	5.805551e+00	5.615829e+00	5.364475e+00
4.974940e+00	4.664421e+00	4.178238e+00	3.525397e+00	2.331199e+00	1.902441e+00
1.530400e+00	1.482817e+00	1.448976e+00	1.444251e+00	1.442798e+00	1.446491e+00
1.077901e+01	1.035664e+01	9.988154e+00	9.708406e+00	9.474910e+00	9.003384e+00
8.570772e+00	8.174965e+00	7.815257e+00	7.491138e+00	7.202263e+00	6.947330e+00
6.724425e+00	6.530706e+00	6.361200e+00	6.210091e+00	6.070485e+00	5.926616e+00
5.756018e+00	5.525398e+00	5.156508e+00	4.856789e+00	4.381365e+00	3.727660e+00
2.469132e+00	1.986267e+00	1.547175e+00	1.489401e+00	1.448532e+00	1.441945e+00
1.439648e+00	1.442911e+00	1.076730e+01	1.035185e+01	9.988978e+00	9.712957e+00
9.482561e+00	9.016152e+00	8.588386e+00	8.198778e+00	7.846342e+00	7.529945e+00
7.248466e+00	7.000534e+00	6.784343e+00	6.597511e+00	6.436157e+00	6.295367e+00
6.168085e+00	6.037830e+00	5.882838e+00	5.674533e+00	5.338188e+00	5.055417e+00
4.587533e+00	3.923449e+00	2.610796e+00	2.087224e+00	1.572635e+00	1.499136e+00
1.446151e+00	1.439539e+00	1.431151e+00	1.439786e+00	1.076574e+01	1.035212e+01
9.991439e+00	9.717968e+00	9.489294e+00	9.027112e+00	8.604372e+00	8.220565e+00
7.874492e+00	7.564738e+00	7.289826e+00	7.048408e+00	6.838750e+00	6.658527e+00
6.503926e+00	6.370651e+00	6.253607e+00	6.139995e+00	6.009392e+00	5.826874e+00
5.512245e+00	5.241246e+00	4.790497e+00	4.134856e+00	2.771216e+00	2.197191e+00
1.596937e+00	1.508136e+00	1.445491e+00	1.438896e+00	1.428806e+00	1.437217e+00
1.077635e+01	1.036043e+01	9.997971e+00	9.723383e+00	9.495114e+00	9.036698e+00
8.619485e+00	8.241096e+00	7.900202e+00	7.595594e+00	7.325982e+00	7.090189e+00
6.886594e+00	6.712609e+00	6.563478e+00	6.435183e+00	6.326425e+00	6.232028e+00
6.134542e+00	5.980574e+00	5.673518e+00	5.408034e+00	4.985434e+00	4.365535e+00
2.958478e+00	2.315864e+00	1.618457e+00	1.516035e+00	1.447740e+00	1.439346e+00
1.432400e+00	1.435268e+00	1.077257e+01	1.035983e+01	1.000191e+01	9.730039e+00
9.504011e+00	9.050311e+00	8.637502e+00	8.263018e+00	7.925663e+00	7.624414e+00
7.358274e+00	7.126339e+00	6.927410e+00	6.759364e+00	6.618071e+00	6.499862e+00
6.403256e+00	6.322473e+00	6.239791e+00	6.105404e+00	5.827373e+00	5.580215e+00
5.179166e+00	4.581077e+00	3.155650e+00	2.450356e+00	1.649504e+00	1.529991e+00
1.449772e+00	1.439562e+00	1.431667e+00	1.433886e+00	1.076456e+01	1.035843e+01
1.000500e+01	9.736667e+00	9.513361e+00	9.064303e+00	8.655022e+00	8.283604e+00
7.949032e+00	7.650451e+00	7.387166e+00	7.158534e+00	6.963801e+00	6.801437e+00
6.668331e+00	6.561360e+00	6.477820e+00	6.408646e+00	6.335752e+00	6.218816e+00
5.976090e+00	5.752141e+00	5.371581e+00	4.792949e+00	3.363830e+00	2.598362e+00
1.687369e+00	1.548477e+00	1.451947e+00	1.439771e+00	1.430148e+00	1.432720e+00
1.075625e+01	1.035604e+01	1.000672e+01	9.740823e+00	9.518798e+00	9.072844e+00
8.666267e+00	8.297422e+00	7.965409e+00	7.669522e+00	7.409284e+00	7.184208e+00
6.993770e+00	6.836735e+00	6.710476e+00	6.612270e+00	6.539349e+00	6.482031e+00
6.422786e+00	6.325934e+00	6.115661e+00	5.913049e+00	5.555568e+00	5.001293e+00
3.578131e+00	2.758878e+00	1.730203e+00	1.569214e+00	1.454339e+00	1.440333e+00
1.428616e+00	1.431602e+00	1.074649e+01	1.035230e+01	1.000778e+01	9.743638e+00
9.522172e+00	9.078277e+00	8.673678e+00	8.306866e+00	7.977026e+00	7.683584e+00
7.426227e+00	7.204574e+00	7.018198e+00	6.865953e+00	6.745346e+00	6.653942e+00
6.589597e+00	6.543627e+00	6.499918e+00	6.424467e+00	6.244226e+00	6.061522e+00
5.728890e+00	5.202295e+00	3.796334e+00	2.934474e+00	1.781656e+00	1.594680e+00
1.457178e+00	1.441817e+00	1.426966e+00	1.430584e+00	1.073846e+01	1.035165e+01
1.001182e+01	9.749059e+00	9.526792e+00	9.083403e+00	8.679976e+00	8.314959e+00
7.987447e+00	7.696773e+00	7.442473e+00	7.224182e+00	7.041477e+00	6.893132e+00
6.776417e+00	6.689196e+00	6.630992e+00	6.596412e+00	6.571747e+00	6.519170e+00
6.363751e+00	6.198693e+00	5.893949e+00	5.395857e+00	4.009994e+00	3.127037e+00
1.842851e+00	1.625989e+00	1.461642e+00	1.444578e+00	1.425823e+00	1.429771e+00
1.073086e+01	1.035140e+01	1.001843e+01	9.756009e+00	9.531874e+00	9.088166e+00
8.685527e+00	8.322117e+00	7.996875e+00	7.708979e+00	7.457711e+00	7.242671e+00
7.063372e+00	6.918428e+00	6.804754e+00	6.720545e+00	6.667338e+00	6.643765e+00
6.639098e+00	6.609729e+00	6.476690e+00	6.328312e+00	6.053491e+00	5.585703e+00
4.224122e+00	3.334058e+00	1.914211e+00	1.663998e+00	1.467805e+00	1.448299e+00
1.424904e+00	1.429064e+00	1.071722e+01	1.034913e+01	1.001995e+01	9.759025e+00
9.535017e+00	9.092947e+00	8.691476e+00	8.329302e+00	8.005411e+00	7.719124e+00
7.470002e+00	7.257607e+00	7.081257e+00	6.939576e+00	6.829819e+00	6.750449e+00
6.703436e+00	6.688248e+00	6.694787e+00	6.682033e+00	6.575130e+00	6.446181e+00
6.203837e+00	5.777350e+00	4.448118e+00	3.524930e+00	1.996749e+00	1.713395e+00
1.474596e+00	1.448691e+00	1.424770e+00	1.428325e+00	1.068498e+01	1.033227e+01
1.001562e+01	9.759696e+00	9.536549e+00	9.097774e+00	8.698051e+00	8.336556e+00
8.012904e+00	7.727047e+00	7.479224e+00	7.268854e+00	7.094954e+00	6.956312e+00
6.851285e+00	6.778878e+00	6.739705e+00	6.729680e+00	6.738187e+00	6.735396e+00
6.656822e+00	6.549661e+00	6.342245e+00	5.971170e+00	4.683073e+00	3.688820e+00
2.097481e+00	1.786700e+00	1.482348e+00	1.442627e+00	1.425962e+00	1.427505e+00
1.066326e+01	1.032304e+01	1.001547e+01	9.761833e+00	9.538967e+00	9.102328e+00
8.703968e+00	8.343317e+00	8.020297e+00	7.735239e+00	7.488765e+00	7.280285e+00
7.108592e+00	6.972518e+00	6.870819e+00	6.802744e+00	6.768773e+00	6.764306e+00
6.779455e+00	6.789543e+00	6.736067e+00	6.647778e+00	6.469427e+00	6.143889e+00
4.913415e+00	3.881397e+00	2.203986e+00	1.859553e+00	1.493813e+00	1.442945e+00
1.428516e+00	1.427190e+00	1.064842e+01	1.031811e+01	1.001751e+01	9.765918e+00
9.542293e+00	9.106845e+00	8.709706e+00	8.350152e+00	8.028148e+00	7.744070e+00
7.498553e+00	7.291195e+00	7.121062e+00	6.987232e+00	6.888297e+00	6.823424e+00
6.793292e+00	6.793599e+00	6.815718e+00	6.839680e+00	6.814334e+00	6.745992e+00
6.586507e+00	6.278528e+00	5.127562e+00	4.122806e+00	2.317481e+00	1.925985e+00
1.510130e+00	1.451725e+00	1.430214e+00	1.427056e+00	1.063422e+01	1.031301e+01
1.001857e+01	9.768611e+00	9.544765e+00	9.110633e+00	8.714934e+00	8.356866e+00
8.036115e+00	7.752787e+00	7.507322e+00	7.299834e+00	7.130374e+00	6.998623e+00
6.902986e+00	6.842281e+00	6.816404e+00	6.819362e+00	6.843173e+00	6.877949e+00
6.889738e+00	6.848311e+00	6.695750e+00	6.370091e+00	5.314517e+00	4.420386e+00
2.443571e+00	1.984958e+00	1.529394e+00	1.475483e+00	1.425896e+00	1.426897e+00
1.061829e+01	1.030419e+01	1.001603e+01	9.767539e+00	9.543221e+00	9.110156e+00
8.715378e+00	8.358251e+00	8.038507e+00	7.756190e+00	7.511683e+00	7.305188e+00
7.136858e+00	7.006526e+00	6.912712e+00	6.854358e+00	6.831501e+00	6.838467e+00
6.867984e+00	6.912445e+00	6.943691e+00	6.919850e+00	6.793652e+00	6.497075e+00
5.502759e+00	4.643507e+00	2.595294e+00	2.079609e+00	1.549853e+00	1.486374e+00
1.426473e+00	1.426119e+00	1.060833e+01	1.030144e+01	1.001608e+01	9.768377e+00
9.543719e+00	9.110985e+00	8.716838e+00	8.360588e+00	8.041805e+00	7.760621e+00
7.517412e+00	7.312296e+00	7.145186e+00	7.015849e+00	6.923119e+00	6.866340e+00
6.845872e+00	6.856688e+00	6.892456e+00	6.946825e+00	6.993112e+00	6.981574e+00
6.881473e+00	6.629598e+00	5.701138e+00	4.844113e+00	2.758576e+00	2.194600e+00
1.575472e+00	1.491364e+00	1.429704e+00	1.425932e+00	1.060317e+01	1.030237e+01
1.002187e+01	9.775349e+00	9.549807e+00	9.116534e+00	8.721702e+00	8.365349e+00
8.047207e+00	7.767265e+00	7.525753e+00	7.322352e+00	7.156331e+00	7.027260e+00
6.934709e+00	6.878749e+00	6.860068e+00	6.874259e+00	6.915929e+00	6.980099e+00
7.038980e+00	7.035720e+00	6.957939e+00	6.754838e+00	5.905742e+00	5.030716e+00
2.930351e+00	2.328266e+00	1.610041e+00	1.493631e+00	1.442510e+00	1.426520e+00
1.059520e+01	1.030020e+01	1.002187e+01	9.776583e+00	9.550459e+00	9.117581e+00
8.723201e+00	8.367524e+00	8.050155e+00	7.771039e+00	7.530259e+00	7.327474e+00
7.162048e+00	7.033643e+00	6.942023e+00	6.887480e+00	6.870756e+00	6.887520e+00
6.932811e+00	7.003228e+00	7.075648e+00	7.085167e+00	7.028114e+00	6.852329e+00
6.071895e+00	5.243289e+00	3.118785e+00	2.461218e+00	1.646926e+00	1.507050e+00
1.447917e+00	1.426365e+00	1.058612e+01	1.029577e+01	1.002187e+01	9.777278e+00
9.550807e+00	9.118175e+00	8.724114e+00	8.368973e+00	8.052264e+00	7.773813e+00
7.533568e+00	7.331221e+00	7.166279e+00	7.038522e+00	6.947855e+00	6.894715e+00
6.879839e+00	6.898829e+00	6.947008e+00	7.022474e+00	7.107684e+00	7.130560e+00
7.093019e+00	6.938136e+00	6.223476e+00	5.466805e+00	3.321077e+00	2.600007e+00
1.687283e+00	1.531181e+00	1.452126e+00	1.426030e+00	1.057745e+01	1.029146e+01
1.002135e+01	9.777096e+00	9.550480e+00	9.118015e+00	8.724137e+00	8.369283e+00
8.053048e+00	7.775095e+00	7.535350e+00	7.333531e+00	7.169148e+00	7.042061e+00
6.952298e+00	6.900393e+00	6.887147e+00	6.908104e+00	6.958826e+00	7.038607e+00
7.134757e+00	7.169158e+00	7.148699e+00	7.014047e+00	6.367807e+00	5.682950e+00
3.531783e+00	2.750600e+00	1.733666e+00	1.556838e+00	1.456932e+00	1.425615e+00
1.056937e+01	1.028719e+01	1.001962e+01	9.776218e+00	9.549265e+00	9.117247e+00
8.723824e+00	8.369351e+00	8.053387e+00	7.775762e+00	7.536390e+00	7.335021e+00
7.171146e+00	7.044676e+00	6.955722e+00	6.904859e+00	6.892974e+00	6.915604e+00
6.968539e+00	7.051933e+00	7.157006e+00	7.200983e+00	7.195631e+00	7.080292e+00
6.500846e+00	5.887582e+00	3.751756e+00	2.914665e+00	1.788456e+00	1.587762e+00
1.462015e+00	1.425133e+00	1.056442e+01	1.028574e+01	1.002003e+01	9.776929e+00
9.549897e+00	9.118036e+00	8.724713e+00	8.370371e+00	8.054659e+00	7.777210e+00
7.538014e+00	7.336957e+00	7.173727e+00	7.048257e+00	6.960244e+00	6.909966e+00
6.898668e+00	6.922720e+00	6.978679e+00	7.066137e+00	7.175013e+00	7.223704e+00
7.237064e+00	7.154226e+00	6.619584e+00	6.050867e+00	3.992117e+00	3.102488e+00
1.850428e+00	1.621112e+00	1.466327e+00	1.425231e+00	1.056067e+01	1.028491e+01
1.002136e+01	9.778905e+00	9.551656e+00	9.120161e+00	8.727080e+00	8.372780e+00
8.056916e+00	7.779277e+00	7.539999e+00	7.339110e+00	7.176575e+00	7.052280e+00
6.965224e+00	6.915236e+00	6.904118e+00	6.929422e+00	6.988634e+00	7.080167e+00
7.190646e+00	7.242235e+00	7.274602e+00	7.228871e+00	6.729803e+00	6.194960e+00
4.248668e+00	3.310071e+00	1.920071e+00	1.658057e+00	1.470396e+00	1.425525e+00
1.055721e+01	1.028394e+01	1.002207e+01	9.780025e+00	9.552484e+00	9.121270e+00
8.728483e+00	8.374309e+00	8.058480e+00	7.780907e+00	7.541788e+00	7.341160e+00
7.178995e+00	7.055069e+00	6.968503e+00	6.919436e+00	6.909264e+00	6.935661e+00
6.995813e+00	7.089387e+00	7.205992e+00	7.263852e+00	7.305820e+00	7.269691e+00
6.836953e+00	6.369342e+00	4.485679e+00	3.504617e+00	1.999996e+00	1.705855e+00
1.477060e+00	1.425623e+00	1.055377e+01	1.028269e+01	1.002226e+01	9.780382e+00
9.552650e+00	9.121603e+00	8.729109e+00	8.375029e+00	8.059322e+00	7.781995e+00
7.543265e+00	7.343007e+00	7.180834e+00	7.056624e+00	6.970261e+00	6.922852e+00
6.914443e+00	6.941800e+00	7.000114e+00	7.094127e+00	7.221037e+00	7.291506e+00
7.330838e+00	7.285777e+00	6.940029e+00	6.602104e+00	4.690828e+00	3.673970e+00
2.096018e+00	1.775880e+00	1.491003e+00	1.425625e+00	1.056060e+01	1.028821e+01
1.002649e+01	9.783251e+00	9.554134e+00	9.122008e+00	8.729282e+00	8.375650e+00
8.060656e+00	7.784120e+00	7.546100e+00	7.346390e+00	7.184581e+00	7.060335e+00
6.973048e+00	6.922947e+00	6.913032e+00	6.942955e+00	7.011607e+00	7.111759e+00
7.235733e+00	7.300553e+00	7.349835e+00	7.327691e+00	7.039494e+00	6.697870e+00
4.927587e+00	3.902775e+00	2.203671e+00	1.834044e+00	1.504715e+00	1.425802e+00
1.057236e+01	1.029744e+01	1.003350e+01	9.787890e+00	9.556819e+00	9.122587e+00
8.729438e+00	8.376347e+00	8.062308e+00	7.786731e+00	7.549385e+00	7.350136e+00
7.188895e+00	7.064995e+00	6.976251e+00	6.922464e+00	6.909668e+00	6.943390e+00
7.025897e+00	7.135667e+00	7.248190e+00	7.305234e+00	7.365917e+00	7.386802e+00
7.128848e+00	6.756230e+00	5.176637e+00	4.169263e+00	2.325198e+00	1.891685e+00
1.519254e+00	1.426085e+00	1.056969e+01	1.029680e+01	1.003393e+01	9.788574e+00
9.557517e+00	9.123648e+00	8.730704e+00	8.377624e+00	8.063548e+00	7.787943e+00
7.550539e+00	7.351337e+00	7.190175e+00	7.066477e+00	6.978206e+00	6.925281e+00
6.913073e+00	6.947344e+00	7.029169e+00	7.139896e+00	7.255807e+00	7.317304e+00
7.383300e+00	7.413826e+00	7.199824e+00	6.876005e+00	5.386990e+00	4.386972e+00
2.461913e+00	1.980784e+00	1.537996e+00	1.426085e+00	1.055580e+01	1.028866e+01
1.003032e+01	9.787569e+00	9.557877e+00	9.126155e+00	8.733600e+00	8.380160e+00
8.065335e+00	7.788840e+00	7.550684e+00	7.351142e+00	7.189936e+00	7.066796e+00
6.980900e+00	6.931925e+00	6.922916e+00	6.954260e+00	7.024839e+00	7.130265e+00
7.259807e+00	7.330714e+00	7.400616e+00	7.435705e+00	7.265336e+00	6.974037e+00
5.585490e+00	4.605837e+00	2.612030e+00	2.083257e+00	1.559541e+00	1.426027e+00
1.054456e+01	1.028106e+01	1.002598e+01	9.785631e+00	9.557548e+00	9.126657e+00
8.734256e+00	8.380656e+00	8.065526e+00	7.788710e+00	7.550354e+00	7.350429e+00
7.189191e+00	7.066604e+00	6.981529e+00	6.934158e+00	6.926470e+00	6.956526e+00
7.022627e+00	7.126024e+00	7.262242e+00	7.338106e+00	7.413208e+00	7.454394e+00
7.317221e+00	7.058698e+00	5.768148e+00	4.818893e+00	2.775036e+00	2.198809e+00
1.583162e+00	1.425856e+00	1.053918e+01	1.027673e+01	1.002228e+01	9.781977e+00
9.553560e+00	9.122873e+00	8.730558e+00	8.377006e+00	8.061916e+00	7.785159e+00
7.546915e+00	7.347303e+00	7.186404e+00	7.064127e+00	6.979463e+00	6.932422e+00
6.925064e+00	6.955558e+00	7.022455e+00	7.126715e+00	7.263689e+00	7.340854e+00
7.421119e+00	7.470369e+00	7.355221e+00	7.129855e+00	5.931934e+00	5.022258e+00
2.952235e+00	2.329694e+00	1.609072e+00	1.425267e+00	