99	113	32
1.000000e-04	1.178769e-04	1.389495e-04	1.637894e-04	1.930698e-04	2.275846e-04
2.682696e-04	3.162278e-04	3.727594e-04	4.393971e-04	5.179475e-04	6.105402e-04
7.196857e-04	8.483429e-04	1.000000e-03	1.178769e-03	1.389495e-03	1.637894e-03
1.930698e-03	2.275846e-03	2.682696e-03	3.162278e-03	3.727594e-03	4.393971e-03
5.179475e-03	6.105402e-03	7.196857e-03	8.483429e-03	1.000000e-02	1.178769e-02
1.389495e-02	1.637894e-02	1.930698e-02	2.275846e-02	2.682696e-02	3.162278e-02
3.727594e-02	4.393971e-02	5.179475e-02	6.105402e-02	7.196857e-02	8.483429e-02
1.000000e-01	1.178769e-01	1.389495e-01	1.637894e-01	1.930698e-01	2.275846e-01
2.682696e-01	3.162278e-01	3.727594e-01	4.393971e-01	5.179475e-01	6.105402e-01
7.196857e-01	8.483429e-01	1.000000e+00	1.178769e+00	1.389495e+00	1.637894e+00
1.930698e+00	2.275846e+00	2.682696e+00	3.162278e+00	3.727594e+00	4.393971e+00
5.179475e+00	6.105402e+00	7.196857e+00	8.483429e+00	1.000000e+01	1.178769e+01
1.389495e+01	1.637894e+01	1.930698e+01	2.275846e+01	2.682696e+01	3.162278e+01
3.727594e+01	4.393971e+01	5.179475e+01	6.105402e+01	7.196857e+01	8.483429e+01
1.000000e+02	1.178769e+02	1.389495e+02	1.637894e+02	1.930698e+02	2.275846e+02
2.682696e+02	3.162278e+02	3.727594e+02	4.393971e+02	5.179475e+02	6.105402e+02
7.196857e+02	8.483429e+02	1.000000e+03	1.178769e+03	1.389495e+03	1.637894e+03
1.930698e+03	2.275846e+03	2.682696e+03	3.162278e+03	3.727594e+03	4.393971e+03
5.179475e+03	6.105402e+03	7.196857e+03	8.483429e+03	1.000000e+04	
1.000000e-12	2.500000e-02	5.000000e-02	7.500000e-02	1.000000e-01	1.500000e-01
2.000000e-01	2.500000e-01	3.000000e-01	3.500000e-01	4.000000e-01	4.500000e-01
5.000000e-01	5.500000e-01	6.000000e-01	6.500000e-01	7.000000e-01	7.500000e-01
8.000000e-01	8.500000e-01	9.000000e-01	9.250000e-01	9.500000e-01	9.700000e-01
9.900000e-01	9.950000e-01	9.990000e-01	9.995000e-01	9.999000e-01	9.999500e-01
9.999900e-01	1.000000e+00	