7.894525e-02	8.035981e-02	8.181341e-02	8.333962e-02	8.494954e-02	8.847087e-02
9.255996e-02	9.742282e-02	1.031281e-01	1.096994e-01	1.171121e-01	1.253698e-01
1.345088e-01	1.447569e-01	1.569041e-01	1.716553e-01	1.884452e-01	2.046476e-01
2.170081e-01	2.258171e-01	2.344429e-01	2.400650e-01	2.447286e-01	2.470584e-01
2.476965e-01	2.452352e-01	2.439064e-01	2.440339e-01	2.439624e-01	2.438742e-01
2.439405e-01	2.439720e-01	9.093488e-02	9.258197e-02	9.427362e-02	9.604797e-02
9.791693e-02	1.019912e-01	1.066902e-01	1.122323e-01	1.186904e-01	1.260898e-01
1.344048e-01	1.436419e-01	1.538466e-01	1.652674e-01	1.787435e-01	1.950077e-01
2.134191e-01	2.311235e-01	2.446144e-01	2.541925e-01	2.634606e-01	2.694680e-01
2.744545e-01	2.769395e-01	2.775913e-01	2.750311e-01	2.736427e-01	2.737730e-01
2.736975e-01	2.736061e-01	2.736745e-01	2.737078e-01	1.047454e-01	1.066630e-01
1.086315e-01	1.106942e-01	1.128638e-01	1.175776e-01	1.229776e-01	1.292931e-01
1.366012e-01	1.449292e-01	1.542510e-01	1.645772e-01	1.759645e-01	1.886840e-01
2.036226e-01	2.215370e-01	2.417026e-01	2.610247e-01	2.757326e-01	2.861335e-01
2.960698e-01	3.024722e-01	3.077910e-01	3.104346e-01	3.110941e-01	3.084472e-01
3.070044e-01	3.071362e-01	3.070568e-01	3.069628e-01	3.070328e-01	3.070679e-01
1.206534e-01	1.228858e-01	1.251761e-01	1.275738e-01	1.300922e-01	1.355461e-01
1.417515e-01	1.489473e-01	1.572147e-01	1.665833e-01	1.770276e-01	1.885636e-01
2.012621e-01	2.154185e-01	2.319647e-01	2.516755e-01	2.737344e-01	2.947943e-01
3.108094e-01	3.220882e-01	3.327152e-01	3.395188e-01	3.451767e-01	3.479808e-01
3.486403e-01	3.459233e-01	3.444334e-01	3.445652e-01	3.444821e-01	3.443862e-01
3.444572e-01	3.444940e-01	1.389773e-01	1.415758e-01	1.442405e-01	1.470274e-01
1.499506e-01	1.562605e-01	1.633914e-01	1.715892e-01	1.809389e-01	1.914729e-01
2.031674e-01	2.160460e-01	2.301967e-01	2.459410e-01	2.642517e-01	2.859140e-01
3.100112e-01	3.329328e-01	3.503485e-01	3.625607e-01	3.738963e-01	3.811027e-01
3.871035e-01	3.900682e-01	3.907181e-01	3.879527e-01	3.864256e-01	3.865554e-01
3.864690e-01	3.863720e-01	3.864433e-01	3.864817e-01	1.600842e-01	1.631085e-01
1.662084e-01	1.694474e-01	1.728402e-01	1.801406e-01	1.883348e-01	1.976730e-01
2.082431e-01	2.200813e-01	2.331671e-01	2.475338e-01	2.632911e-01	2.807882e-01
3.010326e-01	3.248104e-01	3.510957e-01	3.760053e-01	3.949174e-01	4.081190e-01
4.201745e-01	4.277799e-01	4.341228e-01	4.372459e-01	4.378742e-01	4.350886e-01
4.335374e-01	4.336628e-01	4.335734e-01	4.334765e-01	4.335471e-01	4.335869e-01
1.843966e-01	1.879162e-01	1.915220e-01	1.952862e-01	1.992240e-01	2.076700e-01
2.170862e-01	2.277218e-01	2.396676e-01	2.529641e-01	2.675964e-01	2.836108e-01
3.011434e-01	3.205729e-01	3.429331e-01	3.689984e-01	3.976249e-01	4.246503e-01
4.451561e-01	4.594019e-01	4.721806e-01	4.801740e-01	4.868534e-01	4.901296e-01
4.907217e-01	4.879516e-01	4.863930e-01	4.865109e-01	4.864191e-01	4.863238e-01
4.863924e-01	4.864335e-01	2.124014e-01	2.164970e-01	2.206908e-01	2.250651e-01
2.296352e-01	2.394065e-01	2.502267e-01	2.623384e-01	2.758342e-01	2.907600e-01
3.071096e-01	3.249459e-01	3.444375e-01	3.659946e-01	3.906657e-01	4.191978e-01
4.503205e-01	4.795887e-01	5.017859e-01	5.171289e-01	5.306237e-01	5.389853e-01
5.459889e-01	5.494095e-01	5.499474e-01	5.472373e-01	5.456924e-01	5.457993e-01
5.457058e-01	5.456139e-01	5.456791e-01	5.457210e-01	2.446593e-01	2.494246e-01
2.543021e-01	2.593850e-01	2.646886e-01	2.759931e-01	2.884265e-01	3.022172e-01
3.174584e-01	3.342030e-01	3.524572e-01	3.723054e-01	3.939558e-01	4.178521e-01
4.450421e-01	4.762265e-01	5.099995e-01	5.416346e-01	5.656197e-01	5.821096e-01
5.963005e-01	6.049997e-01	6.123073e-01	6.158591e-01	6.163212e-01	6.137263e-01
6.122216e-01	6.123128e-01	6.122186e-01	6.121324e-01	6.121922e-01	6.122347e-01
2.818164e-01	2.873604e-01	2.930324e-01	2.989383e-01	3.050928e-01	3.181710e-01
3.324579e-01	3.481581e-01	3.653639e-01	3.841370e-01	4.045009e-01	4.265673e-01
4.505931e-01	4.770573e-01	5.069872e-01	5.410135e-01	5.775876e-01	6.117075e-01
6.375740e-01	6.552557e-01	6.701062e-01	6.790996e-01	6.866809e-01	6.903456e-01
6.907056e-01	6.882936e-01	6.868617e-01	6.869320e-01	6.868383e-01	6.867605e-01
6.868127e-01	6.868552e-01	3.246166e-01	3.310659e-01	3.376613e-01	3.445230e-01
3.516647e-01	3.667945e-01	3.832112e-01	4.010826e-01	4.204984e-01	4.415317e-01
4.642293e-01	4.887378e-01	5.153730e-01	5.446512e-01	5.775543e-01	6.146142e-01
6.541328e-01	6.908461e-01	7.186818e-01	7.375930e-01	7.530471e-01	7.622751e-01
7.700884e-01	7.738411e-01	7.740675e-01	7.719207e-01	7.706017e-01	7.706446e-01
7.705530e-01	7.704869e-01	7.705287e-01	7.705706e-01	3.739170e-01	3.814188e-01
3.890873e-01	3.970589e-01	4.053456e-01	4.228487e-01	4.417125e-01	4.620523e-01
4.839529e-01	5.075019e-01	5.327772e-01	5.599693e-01	5.894660e-01	6.218224e-01
6.579436e-01	6.982278e-01	7.408223e-01	7.802230e-01	8.101076e-01	8.302766e-01
8.462538e-01	8.556379e-01	8.636269e-01	8.674352e-01	8.674905e-01	8.657085e-01
8.645510e-01	8.645588e-01	8.644711e-01	8.644208e-01	8.644489e-01	8.644895e-01
4.307047e-01	4.394299e-01	4.483454e-01	4.576059e-01	4.672209e-01	4.874693e-01
5.091446e-01	5.322902e-01	5.569828e-01	5.833289e-01	6.114469e-01	6.415824e-01
6.742110e-01	7.099279e-01	7.495222e-01	7.932164e-01	8.390003e-01	8.811629e-01
9.131640e-01	9.346065e-01	9.509970e-01	9.604357e-01	9.685271e-01	9.723491e-01
9.721889e-01	9.708914e-01	9.699543e-01	9.699178e-01	9.698363e-01	9.698066e-01
9.698170e-01	9.698553e-01	4.961170e-01	5.062641e-01	5.166285e-01	5.273856e-01
5.385413e-01	5.619653e-01	5.868710e-01	6.132051e-01	6.410332e-01	6.704853e-01
7.017328e-01	7.350904e-01	7.711395e-01	8.105171e-01	8.538476e-01	9.011275e-01
9.501894e-01	9.951618e-01	1.029331e+00	1.052046e+00	1.068705e+00	1.078069e+00
1.086169e+00	1.089952e+00	1.089523e+00	1.088854e+00	1.088208e+00	1.088116e+00
1.088044e+00	1.088041e+00	1.088029e+00	1.088063e+00	5.714636e-01	5.832634e-01
5.953112e-01	6.078060e-01	6.207487e-01	6.478460e-01	6.764632e-01	7.064202e-01
7.377671e-01	7.706639e-01	8.053504e-01	8.422268e-01	8.820029e-01	9.253586e-01
9.726939e-01	1.023719e+00	1.076114e+00	1.123909e+00	1.160275e+00	1.184243e+00
1.200981e+00	1.210110e+00	1.218100e+00	1.221779e+00	1.221019e+00	1.221149e+00
1.220879e+00	1.220719e+00	1.220659e+00	1.220689e+00	1.220649e+00	1.220679e+00
6.582134e-01	6.718915e-01	6.858687e-01	7.003832e-01	7.154243e-01	7.468689e-01
7.798754e-01	8.140441e-01	8.493943e-01	8.861247e-01	9.245741e-01	9.652853e-01
1.009191e+00	1.057048e+00	1.108865e+00	1.163894e+00	1.219682e+00	1.270316e+00
1.308965e+00	1.334042e+00	1.350375e+00	1.359084e+00	1.366772e+00	1.370088e+00
1.368753e+00	1.370071e+00	1.370332e+00	1.370062e+00	1.370023e+00	1.370101e+00
1.370020e+00	1.370044e+00	7.581656e-01	7.740559e-01	7.902929e-01	8.071506e-01
8.246075e-01	8.610124e-01	8.989763e-01	9.378637e-01	9.776625e-01	1.018620e+00
1.061191e+00	1.106067e+00	1.154398e+00	1.206998e+00	1.263448e+00	1.322512e+00
1.381613e+00	1.434967e+00	1.475815e+00	1.501974e+00	1.517741e+00	1.525774e+00
1.533003e+00	1.535959e+00	1.534060e+00	1.536701e+00	1.537582e+00	1.537200e+00
1.537184e+00	1.537316e+00	1.537190e+00	1.537206e+00	8.736625e-01	8.924519e-01
9.115321e-01	9.311282e-01	9.512399e-01	9.927650e-01	1.035625e+00	1.079276e+00
1.123739e+00	1.169316e+00	1.216529e+00	1.266002e+00	1.318683e+00	1.375239e+00
1.435337e+00	1.497813e+00	1.559917e+00	1.615610e+00	1.658070e+00	1.685828e+00
1.702143e+00	1.708982e+00	1.715744e+00	1.719326e+00	1.717752e+00	1.720888e+00
1.722231e+00	1.721877e+00	1.721860e+00	1.722018e+00	1.721874e+00	1.721876e+00
1.006971e+00	1.029443e+00	1.052018e+00	1.074760e+00	1.097730e+00	1.144376e+00
1.191861e+00	1.240154e+00	1.289375e+00	1.339881e+00	1.392190e+00	1.446592e+00
1.503323e+00	1.562679e+00	1.625066e+00	1.690047e+00	1.754637e+00	1.812128e+00
1.855509e+00	1.885446e+00	1.903704e+00	1.908953e+00	1.915359e+00	1.920738e+00
1.920675e+00	1.923224e+00	1.924778e+00	1.924621e+00	1.924579e+00	1.924725e+00
1.924599e+00	1.924582e+00	1.159471e+00	1.185390e+00	1.211305e+00	1.237209e+00
1.263186e+00	1.315493e+00	1.368225e+00	1.421482e+00	1.475412e+00	1.530421e+00
1.587065e+00	1.645495e+00	1.705646e+00	1.767621e+00	1.832035e+00	1.898655e+00
1.964489e+00	2.022920e+00	2.067272e+00	2.098903e+00	2.118898e+00	2.124119e+00
2.130863e+00	2.137558e+00	2.139709e+00	2.141576e+00	2.143111e+00	2.143117e+00
2.143102e+00	2.143203e+00	2.143120e+00	2.143089e+00	1.333918e+00	1.363205e+00
1.392437e+00	1.421589e+00	1.450739e+00	1.509178e+00	1.567640e+00	1.626083e+00
1.684639e+00	1.743759e+00	1.804079e+00	1.865740e+00	1.928648e+00	1.992816e+00
2.058712e+00	2.125983e+00	2.191833e+00	2.250323e+00	2.295534e+00	2.328552e+00
2.350331e+00	2.356707e+00	2.364372e+00	2.372191e+00	2.377322e+00	2.378300e+00
2.379578e+00	2.379742e+00	2.379798e+00	2.379824e+00	2.379809e+00	2.379765e+00
1.529948e+00	1.562875e+00	1.595650e+00	1.628186e+00	1.660567e+00	1.725081e+00
1.789026e+00	1.852319e+00	1.915073e+00	1.977761e+00	2.041096e+00	2.105212e+00
2.170050e+00	2.235528e+00	2.301843e+00	2.368472e+00	2.432983e+00	2.490567e+00
2.536384e+00	2.570781e+00	2.594517e+00	2.602560e+00	2.611576e+00	2.620587e+00
2.628835e+00	2.629259e+00	2.629984e+00	2.630261e+00	2.630458e+00	2.630442e+00
2.630470e+00	2.630418e+00	1.748133e+00	1.784912e+00	1.821377e+00	1.857302e+00
1.892808e+00	1.962936e+00	2.031663e+00	2.099057e+00	2.165202e+00	2.230560e+00
2.295899e+00	2.361361e+00	2.427014e+00	2.492685e+00	2.558097e+00	2.622481e+00
2.683984e+00	2.739544e+00	2.785784e+00	2.821598e+00	2.847461e+00	2.857864e+00
2.868820e+00	2.879040e+00	2.890339e+00	2.890842e+00	2.890576e+00	2.890881e+00
2.891322e+00	2.891325e+00	2.891348e+00	2.891295e+00	1.988989e+00	2.030160e+00
2.070706e+00	2.110166e+00	2.148713e+00	2.223845e+00	2.296390e+00	2.366886e+00
2.435456e+00	2.502495e+00	2.568725e+00	2.634252e+00	2.699199e+00	2.763356e+00
2.826281e+00	2.887236e+00	2.944923e+00	2.997678e+00	3.043462e+00	3.080615e+00
3.109144e+00	3.121616e+00	3.134669e+00	3.146685e+00	3.160786e+00	3.161452e+00
3.160285e+00	3.160594e+00	3.161271e+00	3.161304e+00	3.161304e+00	3.161264e+00
2.252228e+00	2.298150e+00	2.343014e+00	2.386032e+00	2.427445e+00	2.506800e+00
2.581943e+00	2.654092e+00	2.723545e+00	2.790774e+00	2.856590e+00	2.920917e+00
2.983519e+00	3.044044e+00	3.102556e+00	3.158919e+00	3.212249e+00	3.261615e+00
3.305892e+00	3.344004e+00	3.375765e+00	3.390119e+00	3.405030e+00	3.419106e+00
3.436643e+00	3.436230e+00	3.434909e+00	3.435468e+00	3.436174e+00	3.436130e+00
3.436201e+00	3.436166e+00	2.536330e+00	2.586783e+00	2.635740e+00	2.682059e+00
2.726047e+00	2.808828e+00	2.885296e+00	2.957213e+00	3.025254e+00	3.090464e+00
3.154317e+00	3.216281e+00	3.275001e+00	3.329650e+00	3.381688e+00	3.432343e+00
3.480948e+00	3.526571e+00	3.568341e+00	3.606504e+00	3.641669e+00	3.658150e+00
3.674175e+00	3.689719e+00	3.712402e+00	3.708205e+00	3.708260e+00	3.709636e+00
3.709930e+00	3.709556e+00	3.709940e+00	3.709870e+00	2.838658e+00	2.893738e+00
2.946704e+00	2.995944e+00	3.041875e+00	3.126353e+00	3.202167e+00	3.272102e+00
3.337092e+00	3.398373e+00	3.457665e+00	3.514399e+00	3.567115e+00	3.615049e+00
3.660118e+00	3.704061e+00	3.746611e+00	3.787463e+00	3.826492e+00	3.864473e+00
3.901937e+00	3.920067e+00	3.937840e+00	3.954727e+00	3.978684e+00	3.974969e+00
3.975449e+00	3.976851e+00	3.977157e+00	3.976788e+00	3.977183e+00	3.977131e+00
3.159639e+00	3.219213e+00	3.275933e+00	3.327632e+00	3.374863e+00	3.459364e+00
3.532516e+00	3.598337e+00	3.658072e+00	3.713128e+00	3.765476e+00	3.814691e+00
3.859522e+00	3.899471e+00	3.936654e+00	3.973081e+00	4.008869e+00	4.044337e+00
4.080046e+00	4.117085e+00	4.155855e+00	4.175219e+00	4.194541e+00	4.212227e+00
4.235616e+00	4.233783e+00	4.234892e+00	4.236102e+00	4.236454e+00	4.236178e+00
4.236500e+00	4.236484e+00	3.493000e+00	3.556632e+00	3.616564e+00	3.669996e+00
3.717647e+00	3.800070e+00	3.868142e+00	3.927274e+00	3.979116e+00	4.025327e+00
4.068238e+00	4.107710e+00	4.142891e+00	4.173682e+00	4.202223e+00	4.230633e+00
4.259324e+00	4.289035e+00	4.320766e+00	4.355787e+00	4.394499e+00	4.414479e+00
4.434760e+00	4.452400e+00	4.473491e+00	4.474411e+00	4.476611e+00	4.477511e+00
4.477861e+00	4.477721e+00	4.477921e+00	4.477951e+00	3.835357e+00	3.902443e+00
3.964879e+00	4.019134e+00	4.066125e+00	4.144024e+00	4.204326e+00	4.254073e+00
4.295373e+00	4.330231e+00	4.361396e+00	4.389109e+00	4.413129e+00	4.433795e+00
4.453079e+00	4.473040e+00	4.494298e+00	4.517826e+00	4.544867e+00	4.576675e+00
4.613659e+00	4.633445e+00	4.653952e+00	4.670645e+00	4.687714e+00	4.692170e+00
4.695694e+00	4.696135e+00	4.696473e+00	4.696518e+00	4.696542e+00	4.696624e+00
4.192193e+00	4.262232e+00	4.326553e+00	4.380800e+00	4.426126e+00	4.497198e+00
4.547205e+00	4.585082e+00	4.613469e+00	4.634781e+00	4.652235e+00	4.666515e+00
4.678067e+00	4.687669e+00	4.697008e+00	4.707973e+00	4.721331e+00	4.738175e+00
4.759845e+00	4.787462e+00	4.821427e+00	4.840366e+00	4.860474e+00	4.875572e+00
4.887579e+00	4.895898e+00	4.900818e+00	4.900725e+00	4.901042e+00	4.901295e+00
4.901118e+00	4.901255e+00	4.557488e+00	4.629660e+00	4.694918e+00	4.748001e+00
4.790342e+00	4.851704e+00	4.888437e+00	4.911671e+00	4.924695e+00	4.930372e+00
4.932433e+00	4.932028e+00	4.930164e+00	4.927964e+00	4.926810e+00	4.928328e+00
4.933351e+00	4.942927e+00	4.958261e+00	4.980185e+00	5.009030e+00	5.025938e+00
5.044427e+00	5.056927e+00	5.062807e+00	5.074852e+00	5.081007e+00	5.080349e+00
5.080627e+00	5.081094e+00	5.080715e+00	5.080900e+00	4.924248e+00	4.997498e+00
5.062529e+00	5.113117e+00	5.151013e+00	5.199634e+00	5.220126e+00	5.226098e+00
5.221582e+00	5.209902e+00	5.195313e+00	5.179407e+00	5.163588e+00	5.149195e+00
5.137299e+00	5.129183e+00	5.125658e+00	5.127575e+00	5.135799e+00	5.150763e+00
5.172691e+00	5.186547e+00	5.202355e+00	5.211493e+00	5.210700e+00	5.226064e+00
5.233216e+00	5.232004e+00	5.232230e+00	5.232899e+00	5.232329e+00	5.232554e+00
5.291187e+00	5.364124e+00	5.427453e+00	5.473917e+00	5.505656e+00	5.538090e+00
5.539175e+00	5.525268e+00	5.501222e+00	5.470863e+00	5.438865e+00	5.407138e+00
5.377147e+00	5.350145e+00	5.327065e+00	5.308856e+00	5.296257e+00	5.289736e+00
5.289678e+00	5.296000e+00	5.308684e+00	5.318029e+00	5.329558e+00	5.334439e+00
5.327039e+00	5.344354e+00	5.351879e+00	5.350211e+00	5.350356e+00	5.351168e+00
5.350459e+00	5.350705e+00	5.663531e+00	5.734982e+00	5.795356e+00	5.836300e+00
5.860402e+00	5.873689e+00	5.852665e+00	5.816667e+00	5.771406e+00	5.721197e+00
5.671048e+00	5.623084e+00	5.578626e+00	5.538663e+00	5.504073e+00	5.475468e+00
5.453478e+00	5.438097e+00	5.429170e+00	5.426076e+00	5.428552e+00	5.432829e+00
5.439499e+00	5.439884e+00	5.426144e+00	5.444787e+00	5.452422e+00	5.450358e+00
5.450415e+00	5.451340e+00	5.450517e+00	5.450775e+00	6.042010e+00	6.110208e+00
6.165804e+00	6.199330e+00	6.213871e+00	6.204363e+00	6.158073e+00	6.097534e+00
6.029286e+00	5.957988e+00	5.888845e+00	5.823996e+00	5.764453e+00	5.710787e+00
5.663839e+00	5.623917e+00	5.591481e+00	5.566052e+00	5.546910e+00	5.532911e+00
5.523405e+00	5.521400e+00	5.521719e+00	5.517029e+00	5.498169e+00	5.515722e+00
5.522423e+00	5.520218e+00	5.520178e+00	5.521098e+00	5.520260e+00	5.520502e+00
6.419714e+00	6.482587e+00	6.531333e+00	6.555386e+00	6.558365e+00	6.522483e+00
6.448086e+00	6.361019e+00	6.268556e+00	6.175495e+00	6.087071e+00	6.005210e+00
5.930461e+00	5.862838e+00	5.803190e+00	5.751571e+00	5.708241e+00	5.672286e+00
5.642455e+00	5.617170e+00	5.595437e+00	5.587009e+00	5.580876e+00	5.571417e+00
5.548514e+00	5.564246e+00	5.569831e+00	5.567582e+00	5.567457e+00	5.568340e+00
5.567519e+00	5.567732e+00	6.806314e+00	6.861507e+00	6.901073e+00	6.913374e+00
6.902629e+00	6.836532e+00	6.731022e+00	6.615345e+00	6.497322e+00	6.381595e+00
6.273202e+00	6.173668e+00	6.083008e+00	6.000633e+00	5.927290e+00	5.862874e+00
5.807452e+00	5.759754e+00	5.718145e+00	5.680783e+00	5.646234e+00	5.630939e+00
5.617836e+00	5.602953e+00	5.578550e+00	5.588080e+00	5.590531e+00	5.588729e+00
5.588491e+00	5.589095e+00	5.588491e+00	5.588674e+00	7.200087e+00	7.245638e+00
7.274110e+00	7.272677e+00	7.246182e+00	7.145985e+00	7.006060e+00	6.859520e+00
6.714554e+00	6.575287e+00	6.446297e+00	6.328543e+00	6.221392e+00	6.123645e+00
6.035852e+00	5.957849e+00	5.889551e+00	5.829499e+00	5.774958e+00	5.724697e+00
5.676730e+00	5.653852e+00	5.631950e+00	5.614160e+00	5.589578e+00	5.595242e+00
5.595877e+00	5.594353e+00	5.594061e+00	5.594501e+00	5.594026e+00	5.594196e+00
7.612579e+00	7.640176e+00	7.649815e+00	7.628579e+00	7.582023e+00	7.443323e+00
7.268373e+00	7.091360e+00	6.920069e+00	6.757626e+00	6.607783e+00	6.470990e+00
6.345989e+00	6.231191e+00	6.126888e+00	6.032946e+00	5.949034e+00	5.873606e+00
5.807337e+00	5.746385e+00	5.687973e+00	5.659484e+00	5.631841e+00	5.609587e+00
5.586956e+00	5.582826e+00	5.579545e+00	5.578932e+00	5.578511e+00	5.578504e+00
5.578428e+00	5.578521e+00	8.168166e+00	8.095757e+00	8.022333e+00	7.942022e+00
7.855492e+00	7.673263e+00	7.483923e+00	7.298050e+00	7.117926e+00	6.944088e+00
6.777616e+00	6.619229e+00	6.469381e+00	6.328418e+00	6.197445e+00	6.077830e+00
5.970377e+00	5.875476e+00	5.797939e+00	5.730002e+00	5.668898e+00	5.642375e+00
5.619195e+00	5.598704e+00	5.552666e+00	5.530452e+00	5.535314e+00	5.538594e+00
5.536738e+00	5.535584e+00	5.537250e+00	5.536370e+00	8.581147e+00	8.490115e+00
8.390921e+00	8.282152e+00	8.168510e+00	7.940484e+00	7.714532e+00	7.496380e+00
7.287240e+00	7.087350e+00	6.897635e+00	6.719140e+00	6.551571e+00	6.392150e+00
6.243378e+00	6.107044e+00	5.983736e+00	5.875458e+00	5.783094e+00	5.702525e+00
5.632065e+00	5.603494e+00	5.581294e+00	5.562460e+00	5.496187e+00	5.462725e+00
5.469349e+00	5.474956e+00	5.472275e+00	5.470371e+00	5.473089e+00	5.471657e+00
8.831863e+00	8.798363e+00	8.744523e+00	8.655563e+00	8.539013e+00	8.262723e+00
7.961603e+00	7.678003e+00	7.418132e+00	7.181142e+00	6.966102e+00	6.771002e+00
6.591022e+00	6.422722e+00	6.266312e+00	6.122772e+00	5.991462e+00	5.870792e+00
5.759392e+00	5.656752e+00	5.559292e+00	5.509832e+00	5.459572e+00	5.425892e+00
5.406542e+00	5.382192e+00	5.369372e+00	5.370422e+00	5.369772e+00	5.368852e+00
5.369542e+00	5.369482e+00	9.181903e+00	9.139973e+00	9.071659e+00	8.961605e+00
8.819665e+00	8.488348e+00	8.134775e+00	7.809298e+00	7.517929e+00	7.258403e+00
7.017310e+00	6.798574e+00	6.592882e+00	6.414091e+00	6.246874e+00	6.092364e+00
5.950509e+00	5.816841e+00	5.684985e+00	5.563550e+00	5.448714e+00	5.389544e+00
5.328725e+00	5.287704e+00	5.271782e+00	5.250102e+00	5.232216e+00	5.231967e+00
5.231699e+00	5.231060e+00	5.231250e+00	5.231413e+00	9.577736e+00	9.487990e+00
9.377800e+00	9.231717e+00	9.057990e+00	8.672556e+00	8.275668e+00	7.915741e+00
7.597032e+00	7.315792e+00	7.054028e+00	6.816571e+00	6.593822e+00	6.391852e+00
6.200747e+00	6.023427e+00	5.860223e+00	5.707786e+00	5.563465e+00	5.430117e+00
5.305197e+00	5.242378e+00	5.178878e+00	5.133353e+00	5.100654e+00	5.079224e+00
5.065177e+00	5.065121e+00	5.064403e+00	5.063772e+00	5.064134e+00	5.063960e+00
9.975539e+00	9.810224e+00	9.632490e+00	9.434880e+00	9.224173e+00	8.793721e+00
8.375415e+00	7.989602e+00	7.639106e+00	7.323118e+00	7.051530e+00	6.803755e+00
6.572492e+00	6.345166e+00	6.132396e+00	5.935596e+00	5.754477e+00	5.586009e+00
5.428346e+00	5.280267e+00	5.138291e+00	5.068033e+00	4.999538e+00	4.949879e+00
4.905185e+00	4.885920e+00	4.874338e+00	4.874009e+00	4.872949e+00	4.872516e+00
4.872652e+00	4.872361e+00	1.036344e+01	1.010078e+01	9.841619e+00	9.588103e+00
9.341701e+00	8.874238e+00	8.442102e+00	8.037250e+00	7.661405e+00	7.317661e+00
7.010237e+00	6.728377e+00	6.469980e+00	6.231271e+00	6.008791e+00	5.799836e+00
5.605524e+00	5.425122e+00	5.256976e+00	5.093648e+00	4.929226e+00	4.849232e+00
4.775602e+00	4.723169e+00	4.666631e+00	4.651038e+00	4.642738e+00	4.642013e+00
4.640524e+00	4.640422e+00	4.640078e+00	4.639757e+00	1.062214e+01	1.033072e+01
1.004143e+01	9.756948e+00	9.480225e+00	8.955925e+00	8.461030e+00	8.026522e+00
7.637231e+00	7.280053e+00	6.943365e+00	6.639917e+00	6.362592e+00	6.106083e+00
5.866374e+00	5.641223e+00	5.431497e+00	5.236139e+00	5.052686e+00	4.874574e+00
4.697203e+00	4.611508e+00	4.532314e+00	4.473959e+00	4.408662e+00	4.395782e+00
4.387637e+00	4.386251e+00	4.384727e+00	4.384803e+00	4.384304e+00	4.383787e+00
1.082819e+01	1.052952e+01	1.022976e+01	9.925872e+00	9.621696e+00	9.031650e+00
8.471844e+00	7.988422e+00	7.563451e+00	7.184804e+00	6.840750e+00	6.528890e+00
6.238059e+00	5.961859e+00	5.701673e+00	5.459070e+00	5.233586e+00	5.022234e+00
4.821253e+00	4.629904e+00	4.446930e+00	4.358511e+00	4.273812e+00	4.207949e+00
4.136666e+00	4.125484e+00	4.115413e+00	4.113273e+00	4.111966e+00	4.112098e+00
4.111671e+00	4.110885e+00	1.104166e+01	1.070757e+01	1.037119e+01	1.003344e+01
9.699371e+00	9.057996e+00	8.472915e+00	7.950576e+00	7.492998e+00	7.089340e+00
6.729067e+00	6.402070e+00	6.095898e+00	5.803733e+00	5.528052e+00	5.270561e+00
5.030227e+00	4.804228e+00	4.589161e+00	4.386226e+00	4.195549e+00	4.103658e+00
4.013678e+00	3.942263e+00	3.867964e+00	3.855564e+00	3.843446e+00	3.841093e+00
3.839848e+00	3.839917e+00	3.839591e+00	3.838802e+00	1.126837e+01	1.086336e+01
1.046817e+01	1.009130e+01	9.732547e+00	9.063187e+00	8.457305e+00	7.913232e+00
7.427464e+00	6.992244e+00	6.600327e+00	6.245652e+00	5.921345e+00	5.620982e+00
5.338558e+00	5.070010e+00	4.815679e+00	4.576440e+00	4.351750e+00	4.139061e+00
3.937363e+00	3.840795e+00	3.745569e+00	3.671079e+00	3.597847e+00	3.580003e+00
3.565482e+00	3.563677e+00	3.562280e+00	3.562112e+00	3.561938e+00	3.561501e+00
1.144703e+01	1.099581e+01	1.056026e+01	1.015275e+01	9.770678e+00	9.063710e+00
8.432171e+00	7.862140e+00	7.350178e+00	6.889521e+00	6.473430e+00	6.096947e+00
5.755278e+00	5.442328e+00	5.149388e+00	4.870367e+00	4.605668e+00	4.356578e+00
4.123309e+00	3.901939e+00	3.691117e+00	3.590171e+00	3.490243e+00	3.412526e+00
3.338157e+00	3.317398e+00	3.301492e+00	3.299861e+00	3.298333e+00	3.298066e+00
3.297952e+00	3.298238e+00	1.158596e+01	1.110469e+01	1.064165e+01	1.021056e+01
9.807323e+00	9.062939e+00	8.396149e+00	7.799487e+00	7.265552e+00	6.785765e+00
6.351737e+00	5.957951e+00	5.599589e+00	5.271054e+00	4.965145e+00	4.676650e+00
4.404842e+00	4.148776e+00	3.907668e+00	3.678400e+00	3.459972e+00	3.355035e+00
3.250898e+00	3.169577e+00	3.091697e+00	3.070448e+00	3.054019e+00	3.052251e+00
3.050603e+00	3.050327e+00	3.050205e+00	3.051422e+00	1.169954e+01	1.119012e+01
1.070179e+01	1.025018e+01	9.829449e+00	9.052574e+00	8.360035e+00	7.741745e+00
7.188810e+00	6.691530e+00	6.240540e+00	5.830379e+00	5.456551e+00	5.114221e+00
4.797259e+00	4.500969e+00	4.223405e+00	3.961496e+00	3.713019e+00	3.476294e+00
3.250685e+00	3.142087e+00	3.034024e+00	2.948680e+00	2.865643e+00	2.845033e+00
2.828420e+00	2.826447e+00	2.824673e+00	2.824370e+00	2.824230e+00	2.826073e+00
1.179243e+01	1.125825e+01	1.074787e+01	1.027883e+01	9.843742e+00	9.037977e+00
8.322499e+00	7.685428e+00	7.116200e+00	6.604361e+00	6.140129e+00	5.717859e+00
5.333007e+00	4.980694e+00	4.654905e+00	4.350918e+00	4.066488e+00	3.798075e+00
3.542923e+00	3.299672e+00	3.066684e+00	2.953944e+00	2.841668e+00	2.752667e+00
2.665096e+00	2.643678e+00	2.626822e+00	2.624815e+00	2.622890e+00	2.622569e+00
2.622453e+00	2.623866e+00	1.186886e+01	1.131181e+01	1.078132e+01	1.029668e+01
9.847650e+00	9.021011e+00	8.287186e+00	7.635731e+00	7.054433e+00	6.531922e+00
6.057979e+00	5.626806e+00	5.233852e+00	4.874084e+00	4.541267e+00	4.230461e+00
3.939294e+00	3.664114e+00	3.401872e+00	3.151119e+00	2.909777e+00	2.792420e+00
2.675573e+00	2.582774e+00	2.490255e+00	2.467338e+00	2.449541e+00	2.447470e+00
2.445492e+00	2.445182e+00	2.445041e+00	2.445186e+00	1.192553e+01	1.134910e+01
1.080199e+01	1.030531e+01	9.847754e+00	9.002997e+00	8.256637e+00	7.595644e+00
7.006702e+00	6.477583e+00	5.997673e+00	5.560946e+00	5.162592e+00	4.797376e+00
4.459045e+00	4.142566e+00	3.845359e+00	3.563540e+00	3.293728e+00	3.034201e+00
2.782920e+00	2.659880e+00	2.537301e+00	2.439756e+00	2.341210e+00	2.316206e+00
2.296665e+00	2.294444e+00	2.292493e+00	2.292213e+00	2.292003e+00	2.290412e+00
1.195699e+01	1.136718e+01	1.080881e+01	1.030501e+01	9.845252e+00	8.988130e+00
8.231448e+00	7.563559e+00	6.969562e+00	6.437334e+00	5.956263e+00	5.518796e+00
5.117787e+00	4.747369e+00	4.403358e+00	4.081908e+00	3.779637e+00	3.491206e+00
3.214388e+00	2.946772e+00	2.684844e+00	2.553945e+00	2.423237e+00	2.319036e+00
2.212907e+00	2.185477e+00	2.163805e+00	2.161249e+00	2.159290e+00	2.159003e+00
2.158809e+00	2.156402e+00	1.197796e+01	1.137882e+01	1.081285e+01	1.030416e+01
9.839455e+00	8.975484e+00	8.212628e+00	7.539889e+00	6.942458e+00	6.408429e+00
5.927187e+00	5.489789e+00	5.087121e+00	4.712838e+00	4.364534e+00	4.039425e+00
3.733460e+00	3.440033e+00	3.156507e+00	2.880254e+00	2.606371e+00	2.466767e+00
2.326280e+00	2.213604e+00	2.098866e+00	2.069078e+00	2.045293e+00	2.042372e+00
2.040314e+00	2.039998e+00	2.039825e+00	2.037381e+00	1.197949e+01	1.137763e+01
1.080949e+01	1.029914e+01	9.830724e+00	8.966907e+00	8.210156e+00	7.537700e+00
6.940359e+00	6.406113e+00	5.924404e+00	5.486538e+00	5.083591e+00	4.709181e+00
4.360618e+00	4.034861e+00	3.727848e+00	3.433009e+00	3.141262e+00	2.851005e+00
2.556752e+00	2.405465e+00	2.250834e+00	2.124080e+00	1.998266e+00	1.966668e+00
1.940792e+00	1.937518e+00	1.935095e+00	1.934743e+00	1.934448e+00	1.933780e+00
1.197141e+01	1.136270e+01	1.079051e+01	1.028122e+01	9.817381e+00	8.961444e+00
8.211505e+00	7.544476e+00	6.950013e+00	6.415909e+00	5.931851e+00	5.491204e+00
5.087924e+00	4.716025e+00	4.369479e+00	4.042987e+00	3.732889e+00	3.433504e+00
3.137035e+00	2.837538e+00	2.526713e+00	2.364597e+00	2.194298e+00	2.050478e+00
1.910893e+00	1.877533e+00	1.849846e+00	1.846280e+00	1.843228e+00	1.842797e+00
1.842366e+00	1.844724e+00	1.194624e+01	1.133791e+01	1.076932e+01	1.026697e+01
9.811928e+00	8.966162e+00	8.221033e+00	7.559706e+00	6.967810e+00	6.434467e+00
5.950132e+00	5.509113e+00	5.107412e+00	4.739176e+00	4.395136e+00	4.068102e+00
3.754805e+00	3.450214e+00	3.151263e+00	2.847473e+00	2.528507e+00	2.355289e+00
2.160290e+00	1.996950e+00	1.835597e+00	1.798428e+00	1.771100e+00	1.767657e+00
1.763376e+00	1.762599e+00	1.762638e+00	1.768109e+00	1.189436e+01	1.129954e+01
1.074359e+01	1.025323e+01	9.808520e+00	8.980264e+00	8.245487e+00	7.588198e+00
6.998324e+00	6.467123e+00	5.986938e+00	5.551591e+00	5.155391e+00	4.791271e+00
4.449586e+00	4.122932e+00	3.808449e+00	3.501894e+00	3.197576e+00	2.881812e+00
2.539404e+00	2.350372e+00	2.135080e+00	1.953775e+00	1.768802e+00	1.726980e+00
1.700946e+00	1.697813e+00	1.692079e+00	1.690850e+00	1.691596e+00	1.700139e+00
1.184347e+01	1.125942e+01	1.071450e+01	1.023591e+01	9.802611e+00	8.992154e+00
8.270228e+00	7.620257e+00	7.035138e+00	6.507921e+00	6.032621e+00	5.602891e+00
5.211950e+00	4.851909e+00	4.512822e+00	4.187084e+00	3.871989e+00	3.563617e+00
3.254158e+00	2.926220e+00	2.557894e+00	2.352195e+00	2.129621e+00	1.926581e+00
1.712684e+00	1.664366e+00	1.639780e+00	1.637207e+00	1.629866e+00	1.628088e+00
1.629615e+00	1.640901e+00	1.179404e+01	1.121638e+01	1.067958e+01	1.021170e+01
9.790118e+00	9.000951e+00	8.295434e+00	7.659092e+00	7.085112e+00	6.566828e+00
6.098452e+00	5.673984e+00	5.287064e+00	4.930187e+00	4.593802e+00	4.270388e+00
3.956796e+00	3.648213e+00	3.335259e+00	2.997366e+00	2.608335e+00	2.385770e+00
2.138107e+00	1.909154e+00	1.666613e+00	1.610480e+00	1.587447e+00	1.585638e+00
1.576589e+00	1.574183e+00	1.576549e+00	1.590323e+00	1.174084e+01	1.117066e+01
1.064313e+01	1.018725e+01	9.778628e+00	9.011913e+00	8.324115e+00	7.702452e+00
7.140545e+00	6.632090e+00	6.171567e+00	5.753331e+00	5.371391e+00	5.018616e+00
4.685804e+00	4.365494e+00	4.054117e+00	3.746033e+00	3.430223e+00	3.082728e+00
2.672365e+00	2.431942e+00	2.157014e+00	1.908364e+00	1.629979e+00	1.564324e+00
1.542701e+00	1.541789e+00	1.530934e+00	1.527894e+00	1.530954e+00	1.546209e+00
1.168411e+01	1.112254e+01	1.060548e+01	1.016299e+01	9.768500e+00	9.025489e+00
8.356622e+00	7.750633e+00	7.201709e+00	6.704002e+00	6.252360e+00	5.841498e+00
5.465725e+00	5.118211e+00	4.790025e+00	4.473731e+00	4.165407e+00	3.858718e+00
3.541039e+00	3.184847e+00	2.753480e+00	2.495362e+00	2.195311e+00	1.916334e+00
1.602398e+00	1.525417e+00	1.504950e+00	1.505026e+00	1.492239e+00	1.488520e+00
1.492398e+00	1.508077e+00	1.162778e+01	1.107500e+01	1.056877e+01	1.014045e+01
9.761029e+00	9.041381e+00	8.392156e+00	7.802547e+00	7.267366e+00	6.781167e+00
6.339166e+00	5.936461e+00	5.567716e+00	5.226393e+00	4.903922e+00	4.592917e+00
4.289038e+00	3.985069e+00	3.666767e+00	3.303150e+00	2.851663e+00	2.575451e+00
2.248404e+00	1.939686e+00	1.584022e+00	1.495498e+00	1.473396e+00	1.474117e+00
1.459900e+00	1.455654e+00	1.460518e+00	1.475444e+00	1.158250e+01	1.103704e+01
1.054050e+01	1.012555e+01	9.760109e+00	9.062375e+00	8.431581e+00	7.857446e+00
7.335241e+00	6.859729e+00	6.426439e+00	6.031005e+00	5.668814e+00	5.334235e+00
5.019787e+00	4.718418e+00	4.424385e+00	4.127699e+00	3.811502e+00	3.443541e+00
2.974702e+00	2.677965e+00	2.314082e+00	1.964604e+00	1.572129e+00	1.480849e+00
1.445697e+00	1.444538e+00	1.433234e+00	1.429987e+00	1.434269e+00	1.447431e+00
1.153301e+01	1.099588e+01	1.050989e+01	1.010883e+01	9.758069e+00	9.082855e+00
8.471104e+00	7.913140e+00	7.404692e+00	6.940881e+00	6.517595e+00	6.130899e+00
5.776683e+00	5.449953e+00	5.143938e+00	4.851777e+00	4.566779e+00	4.277025e+00
3.963676e+00	3.592944e+00	3.108981e+00	2.793111e+00	2.393504e+00	2.001362e+00
1.569803e+00	1.469628e+00	1.422578e+00	1.420097e+00	1.410453e+00	1.407654e+00
1.411358e+00	1.422593e+00	1.147849e+01	1.095104e+01	1.047657e+01	1.008980e+01
9.753500e+00	9.101551e+00	8.509538e+00	7.968621e+00	7.475050e+00	7.024525e+00
6.613358e+00	6.237848e+00	5.893935e+00	5.576600e+00	5.278883e+00	4.993796e+00
4.714798e+00	4.430020e+00	4.119985e+00	3.748374e+00	3.252603e+00	2.921259e+00
2.492873e+00	2.064027e+00	1.577595e+00	1.461895e+00	1.405109e+00	1.401919e+00
1.391440e+00	1.388410e+00	1.391490e+00	1.401139e+00	1.144530e+01	1.092407e+01
1.045747e+01	1.008140e+01	9.755884e+00	9.122400e+00	8.547342e+00	8.022009e+00
7.542945e+00	7.106090e+00	6.707916e+00	6.344745e+00	6.012387e+00	5.705518e+00
5.416621e+00	5.138470e+00	4.865229e+00	4.586283e+00	4.282574e+00	3.915380e+00
3.414026e+00	3.068687e+00	2.609189e+00	2.139985e+00	1.594934e+00	1.462238e+00
1.395659e+00	1.390348e+00	1.374975e+00	1.372532e+00	1.372826e+00	1.383468e+00
1.141710e+01	1.090134e+01	1.044167e+01	1.007492e+01	9.759990e+00	9.143878e+00
8.584680e+00	8.074405e+00	7.609717e+00	7.186696e+00	6.801904e+00	6.451628e+00
6.131500e+00	5.835791e+00	5.556294e+00	5.285500e+00	5.018467e+00	4.746276e+00
4.450741e+00	4.090905e+00	3.587829e+00	3.230229e+00	2.740163e+00	2.229873e+00
1.622946e+00	1.463223e+00	1.388423e+00	1.380902e+00	1.360334e+00	1.358508e+00
1.355876e+00	1.367756e+00	1.138388e+01	1.087483e+01	1.042314e+01	1.006629e+01
9.761843e+00	9.163889e+00	8.620962e+00	8.125787e+00	7.675211e+00	7.265511e+00
6.893388e+00	6.555219e+00	6.246683e+00	5.961965e+00	5.692598e+00	5.430975e+00
5.172538e+00	4.909059e+00	4.622450e+00	4.269572e+00	3.764936e+00	3.397549e+00
2.883145e+00	2.335367e+00	1.658878e+00	1.468686e+00	1.381325e+00	1.371575e+00
1.348100e+00	1.346115e+00	1.342670e+00	1.353467e+00	1.134643e+01	1.084548e+01
1.040285e+01	1.005633e+01	9.762776e+00	9.183088e+00	8.656487e+00	8.176147e+00
7.739143e+00	7.342025e+00	6.981717e+00	6.654795e+00	6.357181e+00	6.083243e+00
5.824649e+00	5.573889e+00	5.326361e+00	5.073557e+00	4.796735e+00	4.450910e+00
3.946076e+00	3.572377e+00	3.041882e+00	2.463218e+00	1.711365e+00	1.491571e+00
1.375110e+00	1.362739e+00	1.338172e+00	1.335601e+00	1.332460e+00	1.340917e+00
1.130559e+01	1.081513e+01	1.038366e+01	1.004921e+01	9.766313e+00	9.206628e+00
8.696140e+00	8.229481e+00	7.804304e+00	7.417851e+00	7.067714e+00	6.750813e+00
6.463367e+00	6.200055e+00	5.952879e+00	5.714354e+00	5.479337e+00	5.238064e+00
4.970925e+00	4.633718e+00	4.134104e+00	3.757391e+00	3.212262e+00	2.601138e+00
1.774251e+00	1.525651e+00	1.371806e+00	1.353080e+00	1.330978e+00	1.328143e+00
1.324323e+00	1.330944e+00	1.126358e+01	1.078488e+01	1.036548e+01	1.004340e+01
9.773256e+00	9.232732e+00	8.737811e+00	8.283917e+00	7.869440e+00	7.492520e+00
7.151627e+00	6.844082e+00	6.566427e+00	6.313736e+00	6.078489e+00	5.853240e+00
5.632047e+00	5.403268e+00	5.146229e+00	4.819130e+00	4.329024e+00	3.952339e+00
3.395059e+00	2.751407e+00	1.849272e+00	1.575289e+00	1.369450e+00	1.343594e+00
1.325100e+00	1.322100e+00	1.317343e+00	1.322372e+00	1.123400e+01	1.076366e+01
1.035311e+01	1.004099e+01	9.779894e+00	9.255054e+00	8.773358e+00	8.330949e+00
7.926690e+00	7.559334e+00	7.227923e+00	6.930089e+00	6.662604e+00	6.420801e+00
6.197448e+00	5.985168e+00	5.777668e+00	5.562331e+00	5.317968e+00	5.004409e+00
4.527760e+00	4.153679e+00	3.587665e+00	2.914511e+00	1.933806e+00	1.628616e+00
1.369615e+00	1.339913e+00	1.319238e+00	1.316117e+00	1.310057e+00	1.314646e+00
1.121478e+01	1.074980e+01	1.034513e+01	1.004015e+01	9.786061e+00	9.273091e+00
8.802105e+00	8.369675e+00	7.974925e+00	7.616990e+00	7.295183e+00	7.007346e+00
6.750344e+00	6.519557e+00	6.307740e+00	6.107575e+00	5.913035e+00	5.711841e+00
5.483225e+00	5.187666e+00	4.729485e+00	4.360974e+00	3.790200e+00	3.092710e+00
2.032540e+00	1.687246e+00	1.377932e+00	1.338954e+00	1.313297e+00	1.310195e+00
1.302056e+00	1.307793e+00	1.120359e+01	1.074192e+01	1.034155e+01	1.004074e+01
9.792318e+00	9.288997e+00	8.827413e+00	8.404278e+00	8.018655e+00	7.669628e+00
7.356505e+00	7.077422e+00	6.829752e+00	6.609518e+00	6.410204e+00	6.224795e+00
6.046381e+00	5.860488e+00	5.644738e+00	5.361129e+00	4.918162e+00	4.562064e+00
4.007530e+00	3.302899e+00	2.143718e+00	1.746485e+00	1.388448e+00	1.340641e+00
1.308377e+00	1.303910e+00	1.297978e+00	1.301896e+00	1.119586e+01	1.073776e+01
1.034073e+01	1.004423e+01	9.800034e+00	9.304698e+00	8.850983e+00	8.435898e+00
8.058480e+00	7.717669e+00	7.412686e+00	7.141829e+00	6.902849e+00	6.692453e+00
6.505234e+00	6.334792e+00	6.173352e+00	6.003963e+00	5.801984e+00	5.529906e+00
5.101337e+00	4.760202e+00	4.232358e+00	3.534221e+00	2.271689e+00	1.812736e+00
1.401549e+00	1.346158e+00	1.304670e+00	1.298587e+00	1.295298e+00	1.297077e+00
1.118792e+01	1.073566e+01	1.034422e+01	1.005248e+01	9.812107e+00	9.323398e+00
8.875525e+00	8.466464e+00	8.095575e+00	7.761983e+00	7.465051e+00	7.202920e+00
6.972874e+00	6.771502e+00	6.594011e+00	6.434719e+00	6.286737e+00	6.134418e+00
5.953716e+00	5.704541e+00	5.297073e+00	4.966044e+00	4.448957e+00	3.750314e+00
2.420616e+00	1.903144e+00	1.417245e+00	1.350765e+00	1.302227e+00	1.295913e+00
1.291447e+00	1.293390e+00	1.117975e+01	1.073312e+01	1.034601e+01	1.005799e+01
9.821533e+00	9.340750e+00	8.899959e+00	8.497122e+00	8.131907e+00	7.803876e+00
7.512813e+00	7.257273e+00	7.035045e+00	6.842984e+00	6.675971e+00	6.528152e+00
6.392933e+00	6.255085e+00	6.091864e+00	5.866175e+00	5.490829e+00	5.177560e+00
4.672429e+00	3.968493e+00	2.577009e+00	2.010429e+00	1.439561e+00	1.356867e+00
1.300058e+00	1.294881e+00	1.286269e+00	1.290078e+00	1.118011e+01	1.073489e+01
1.035046e+01	1.006498e+01	9.830469e+00	9.354011e+00	8.918375e+00	8.521426e+00
8.162456e+00	7.840750e+00	7.555893e+00	7.306687e+00	7.091312e+00	6.906829e+00
6.747934e+00	6.609209e+00	6.485956e+00	6.366296e+00	6.228771e+00	6.030178e+00
5.678763e+00	5.379235e+00	4.893082e+00	4.197905e+00	2.749007e+00	2.128055e+00
1.464949e+00	1.365468e+00	1.299500e+00	1.293317e+00	1.283915e+00	1.287370e+00
1.119352e+01	1.074720e+01	1.036116e+01	1.007430e+01	9.839059e+00	9.363565e+00
8.931153e+00	8.539286e+00	8.186602e+00	7.871641e+00	7.593186e+00	7.349974e+00
7.140307e+00	6.961426e+00	6.808290e+00	6.676571e+00	6.564599e+00	6.466324e+00
6.362241e+00	6.193718e+00	5.855561e+00	5.564437e+00	5.105020e+00	4.438136e+00
2.940784e+00	2.255512e+00	1.493833e+00	1.379211e+00	1.300044e+00	1.290985e+00
1.283306e+00	1.285256e+00	1.118780e+01	1.074501e+01	1.036294e+01	1.007973e+01
9.846962e+00	9.376019e+00	8.947879e+00	8.560177e+00	8.211419e+00	7.900121e+00
7.625135e+00	7.385598e+00	7.180369e+00	7.007451e+00	6.862929e+00	6.743061e+00
6.645453e+00	6.561891e+00	6.472145e+00	6.324986e+00	6.021187e+00	5.750932e+00
5.316145e+00	4.670793e+00	3.145950e+00	2.395363e+00	1.530333e+00	1.398243e+00
1.301343e+00	1.291029e+00	1.280023e+00	1.283213e+00	1.117597e+01	1.074053e+01
1.036405e+01	1.008415e+01	9.854235e+00	9.388783e+00	8.964920e+00	8.580571e+00
8.234579e+00	7.925812e+00	7.653443e+00	7.416990e+00	7.215841e+00	7.048789e+00
6.913200e+00	6.805907e+00	6.722900e+00	6.651723e+00	6.571608e+00	6.443909e+00
6.180562e+00	5.936023e+00	5.526044e+00	4.902003e+00	3.364265e+00	2.548177e+00
1.572854e+00	1.421300e+00	1.303538e+00	1.291151e+00	1.275967e+00	1.281298e+00
1.116481e+01	1.073639e+01	1.036539e+01	1.008836e+01	9.860145e+00	9.398354e+00
8.977348e+00	8.595378e+00	8.251583e+00	7.945236e+00	7.675909e+00	7.443252e+00
7.246752e+00	7.085419e+00	6.956888e+00	6.858283e+00	6.785830e+00	6.727337e+00
6.663038e+00	6.558240e+00	6.331634e+00	6.111436e+00	5.726237e+00	5.126335e+00
3.591128e+00	2.718978e+00	1.620582e+00	1.445420e+00	1.306565e+00	1.291511e+00
1.275583e+00	1.279599e+00	1.115256e+01	1.073205e+01	1.036689e+01	1.009232e+01
9.864977e+00	9.405660e+00	8.986573e+00	8.606288e+00	8.264207e+00	7.959995e+00
7.693660e+00	7.464907e+00	7.273113e+00	7.117120e+00	6.994177e+00	6.901559e+00
6.836770e+00	6.790199e+00	6.744465e+00	6.664285e+00	6.471824e+00	6.275001e+00
5.914133e+00	5.340188e+00	3.825071e+00	2.910199e+00	1.676678e+00	1.472618e+00
1.311471e+00	1.292789e+00	1.276515e+00	1.278161e+00	1.113820e+01	1.072765e+01
1.036952e+01	1.009737e+01	9.870116e+00	9.412460e+00	8.994844e+00	8.616241e+00
8.276110e+00	7.974194e+00	7.710598e+00	7.485069e+00	7.297051e+00	7.145420e+00
7.027457e+00	6.940644e+00	6.883065e+00	6.846146e+00	6.814572e+00	6.757441e+00
6.601542e+00	6.427690e+00	6.091165e+00	5.543841e+00	4.062435e+00	3.111320e+00
1.742425e+00	1.508416e+00	1.317783e+00	1.295956e+00	1.275781e+00	1.277303e+00
1.112193e+01	1.072308e+01	1.037310e+01	1.010306e+01	9.875248e+00	9.418765e+00
9.002357e+00	8.625360e+00	8.287213e+00	7.987608e+00	7.726580e+00	7.503908e+00
7.319166e+00	7.171329e+00	7.057871e+00	6.976510e+00	6.925667e+00	6.897240e+00
6.877889e+00	6.842785e+00	6.723793e+00	6.572656e+00	6.261341e+00	5.742520e+00
4.305358e+00	3.323248e+00	1.818307e+00	1.553164e+00	1.325687e+00	1.300836e+00
1.273901e+00	1.276665e+00	1.110369e+01	1.071729e+01	1.037573e+01	1.010790e+01
9.879413e+00	9.424393e+00	9.009327e+00	8.633751e+00	8.297251e+00	7.999626e+00
7.740962e+00	7.520940e+00	7.338980e+00	7.194074e+00	7.084132e+00	7.007408e+00
6.962909e+00	6.943322e+00	6.936612e+00	6.920167e+00	6.828792e+00	6.698972e+00
6.424367e+00	5.951205e+00	4.548202e+00	3.526390e+00	1.907129e+00	1.608686e+00
1.334421e+00	1.301888e+00	1.273718e+00	1.275980e+00	1.108147e+01	1.070884e+01
1.037727e+01	1.011169e+01	9.882649e+00	9.429654e+00	9.016111e+00	8.641635e+00
8.306277e+00	8.010173e+00	7.753615e+00	7.536019e+00	7.356307e+00	7.213422e+00
7.106059e+00	7.033330e+00	6.994940e+00	6.984364e+00	6.990173e+00	6.987974e+00
6.913688e+00	6.803078e+00	6.578471e+00	6.176646e+00	4.786571e+00	3.709373e+00
2.017494e+00	1.685439e+00	1.344389e+00	1.298193e+00	1.277398e+00	1.275202e+00
1.107220e+01	1.070832e+01	1.038184e+01	1.011656e+01	9.884789e+00	9.430689e+00
9.017791e+00	8.645110e+00	8.312088e+00	8.018492e+00	7.764227e+00	7.548751e+00
7.371179e+00	7.230357e+00	7.124247e+00	7.052105e+00	7.015825e+00	7.013764e+00
7.038670e+00	7.059084e+00	7.005955e+00	6.911400e+00	6.710125e+00	6.333713e+00
5.018258e+00	3.957883e+00	2.128077e+00	1.748592e+00	1.359011e+00	1.304578e+00
1.276820e+00	1.274788e+00	1.106339e+01	1.070816e+01	1.038583e+01	1.012019e+01
9.886770e+00	9.431669e+00	9.019301e+00	8.648225e+00	8.317275e+00	8.025666e+00
7.773022e+00	7.559068e+00	7.383324e+00	7.244710e+00	7.140496e+00	7.069484e+00
7.035027e+00	7.039230e+00	7.075912e+00	7.113591e+00	7.092230e+00	7.018586e+00
6.829684e+00	6.459481e+00	5.242049e+00	4.249118e+00	2.245560e+00	1.810249e+00
1.378568e+00	1.322509e+00	1.274733e+00	1.274504e+00	1.102679e+01	1.068859e+01
1.038010e+01	1.012074e+01	9.889291e+00	9.438442e+00	9.027388e+00	8.656275e+00
8.324666e+00	8.032484e+00	7.779951e+00	7.566765e+00	7.392340e+00	7.255992e+00
7.156458e+00	7.093002e+00	7.066006e+00	7.070346e+00	7.098136e+00	7.137013e+00
7.151444e+00	7.110219e+00	6.953191e+00	6.609173e+00	5.458579e+00	4.488017e+00
2.389421e+00	1.903135e+00	1.398891e+00	1.330804e+00	1.275291e+00	1.274048e+00
1.100747e+01	1.067773e+01	1.037629e+01	1.011895e+01	9.886971e+00	9.437163e+00
9.027135e+00	8.656878e+00	8.326184e+00	8.034973e+00	7.783413e+00	7.571290e+00
7.398119e+00	7.263327e+00	7.165696e+00	7.104611e+00	7.080664e+00	7.089148e+00
7.122835e+00	7.171369e+00	7.204997e+00	7.181473e+00	7.054227e+00	6.747778e+00
5.664601e+00	4.724085e+00	2.550646e+00	2.006016e+00	1.422506e+00	1.340203e+00
1.276906e+00	1.273019e+00	1.099581e+01	1.067407e+01	1.037613e+01	1.011927e+01
9.886914e+00	9.437666e+00	9.028141e+00	8.658820e+00	8.329158e+00	8.038951e+00
7.788327e+00	7.577166e+00	7.405137e+00	7.271755e+00	7.175714e+00	7.116494e+00
7.095019e+00	7.107350e+00	7.147572e+00	7.205921e+00	7.254708e+00	7.246052e+00
7.147689e+00	6.880405e+00	5.864389e+00	4.959229e+00	2.728393e+00	2.121140e+00
1.450062e+00	1.351615e+00	1.279326e+00	1.272692e+00	1.098881e+01	1.067340e+01
1.038039e+01	1.012469e+01	9.891680e+00	9.442927e+00	9.033986e+00	8.665095e+00
8.335886e+00	8.046178e+00	7.796051e+00	7.585435e+00	7.414180e+00	7.281866e+00
7.187184e+00	7.129672e+00	7.110391e+00	7.125832e+00	7.170723e+00	7.236725e+00
7.299587e+00	7.304477e+00	7.232765e+00	7.003068e+00	6.055782e+00	5.190377e+00
2.922653e+00	2.251224e+00	1.483782e+00	1.366639e+00	1.283176e+00	1.272866e+00
1.097839e+01	1.066909e+01	1.037958e+01	1.012466e+01	9.891284e+00	9.442979e+00
9.034620e+00	8.666335e+00	8.337758e+00	8.048740e+00	7.799380e+00	7.589514e+00
7.418857e+00	7.287053e+00	7.193307e+00	7.137511e+00	7.120618e+00	7.138711e+00
7.186802e+00	7.259412e+00	7.336232e+00	7.352623e+00	7.300430e+00	7.105166e+00
6.246402e+00	5.415144e+00	3.120986e+00	2.392662e+00	1.523806e+00	1.383714e+00
1.291197e+00	1.272616e+00	1.096765e+01	1.066333e+01	1.037835e+01	1.012461e+01
9.890684e+00	9.443010e+00	9.035034e+00	8.667198e+00	8.339119e+00	8.050675e+00
7.801984e+00	7.592788e+00	7.422636e+00	7.291223e+00	7.198263e+00	7.144008e+00
7.129317e+00	7.149767e+00	7.200537e+00	7.279008e+00	7.368889e+00	7.395863e+00
7.360690e+00	7.197180e+00	6.432299e+00	5.639208e+00	3.328905e+00	2.545498e+00
1.569383e+00	1.403587e+00	1.301536e+00	1.272236e+00	1.096085e+01	1.066173e+01
1.037900e+01	1.012563e+01	9.891469e+00	9.443999e+00	9.036627e+00	8.669314e+00
8.341741e+00	8.053811e+00	7.805673e+00	7.597030e+00	7.427340e+00	7.296399e+00
7.204233e+00	7.151309e+00	7.138442e+00	7.160935e+00	7.214165e+00	7.297346e+00
7.398502e+00	7.436186e+00	7.417446e+00	7.278771e+00	6.597358e+00	5.867231e+00
3.551361e+00	2.708665e+00	1.621050e+00	1.429893e+00	1.309418e+00	1.272224e+00
1.095634e+01	1.066132e+01	1.038217e+01	1.012957e+01	9.894861e+00	9.447587e+00
9.040274e+00	8.673061e+00	8.345671e+00	8.057955e+00	7.810081e+00	7.601780e+00
7.432504e+00	7.302142e+00	7.210738e+00	7.158814e+00	7.147279e+00	7.171465e+00
7.226969e+00	7.313871e+00	7.424224e+00	7.471818e+00	7.468773e+00	7.350177e+00
6.741579e+00	6.090809e+00	3.788167e+00	2.884497e+00	1.681627e+00	1.465919e+00
1.315734e+00	1.272397e+00	1.095125e+01	1.066018e+01	1.038331e+01	1.013138e+01
9.896406e+00	9.449335e+00	9.042148e+00	8.675088e+00	8.347832e+00	8.060246e+00
7.812498e+00	7.604445e+00	7.435782e+00	7.306347e+00	7.215773e+00	7.164367e+00
7.153382e+00	7.179023e+00	7.237573e+00	7.328639e+00	7.443415e+00	7.495904e+00
7.511439e+00	7.423864e+00	6.869580e+00	6.268753e+00	4.041779e+00	3.083028e+00
1.749737e+00	1.503772e+00	1.321631e+00	1.272378e+00	1.094603e+01	1.065832e+01
1.038402e+01	1.013262e+01	9.897471e+00	9.450576e+00	9.043498e+00	8.676572e+00
8.349417e+00	8.061921e+00	7.814250e+00	7.606393e+00	7.438323e+00	7.309849e+00
7.220080e+00	7.168999e+00	7.158286e+00	7.185209e+00	7.246901e+00	7.342127e+00
7.459385e+00	7.514998e+00	7.549045e+00	7.496656e+00	6.987514e+00	6.424838e+00
4.310784e+00	3.302156e+00	1.825901e+00	1.544916e+00	1.327370e+00	1.272287e+00
1.094109e+01	1.065642e+01	1.038416e+01	1.013325e+01	9.897756e+00	9.451071e+00
9.044174e+00	8.677402e+00	8.350412e+00	8.063087e+00	7.815604e+00	7.607967e+00
7.440323e+00	7.312472e+00	7.223354e+00	7.172734e+00	7.162554e+00	7.190605e+00
7.254184e+00	7.352561e+00	7.473706e+00	7.533246e+00	7.580263e+00	7.553606e+00
7.101179e+00	6.581624e+00	4.573570e+00	3.525894e+00	1.912120e+00	1.593058e+00
1.335562e+00	1.272186e+00	1.093611e+01	1.065433e+01	1.038398e+01	1.013356e+01
9.897779e+00	9.451240e+00	9.044504e+00	8.677870e+00	8.351057e+00	8.063937e+00
7.816716e+00	7.609220e+00	7.441831e+00	7.314374e+00	7.225931e+00	7.175892e+00
7.166505e+00	7.195608e+00	7.259246e+00	7.359596e+00	7.486151e+00	7.550973e+00
7.605617e+00	7.595193e+00	7.209568e+00	6.739612e+00	4.822425e+00	3.749833e+00
2.013185e+00	1.652734e+00	1.349395e+00	1.272061e+00	1.094015e+01	1.065706e+01
1.038523e+01	1.013344e+01	9.896434e+00	9.448822e+00	9.042055e+00	8.675857e+00
8.349737e+00	8.063384e+00	7.816821e+00	7.610103e+00	7.443113e+00	7.315467e+00
7.225686e+00	7.173857e+00	7.163256e+00	7.194863e+00	7.268519e+00	7.375370e+00
7.499341e+00	7.562649e+00	7.621536e+00	7.628192e+00	7.309820e+00	6.882829e+00
5.062977e+00	3.981270e+00	2.129384e+00	1.721281e+00	1.364208e+00	1.271840e+00
1.094776e+01	1.066196e+01	1.038791e+01	1.013329e+01	9.894325e+00	9.444938e+00
9.038091e+00	8.672576e+00	8.347545e+00	8.062407e+00	7.816880e+00	7.610992e+00
7.444411e+00	7.316456e+00	7.224855e+00	7.169992e+00	7.157252e+00	7.192715e+00
7.278824e+00	7.393482e+00	7.511412e+00	7.571814e+00	7.634298e+00	7.656656e+00
7.398538e+00	7.012347e+00	5.295644e+00	4.217723e+00	2.262367e+00	1.801513e+00
1.380803e+00	1.271679e+00	1.094464e+01	1.066121e+01	1.038836e+01	1.013421e+01
9.895101e+00	9.445931e+00	9.039192e+00	8.673763e+00	8.348775e+00	8.063672e+00
7.818152e+00	7.612216e+00	7.445728e+00	7.318056e+00	7.227091e+00	7.172740e+00
7.160617e+00	7.196672e+00	7.282128e+00	7.397715e+00	7.518914e+00	7.583178e+00
7.651850e+00	7.685094e+00	7.471933e+00	7.131321e+00	5.523110e+00	4.454303e+00
2.409441e+00	1.896557e+00	1.401264e+00	1.271722e+00	1.092769e+01	1.065078e+01
1.038341e+01	1.013262e+01	9.895343e+00	9.448123e+00	9.041738e+00	8.675928e+00
8.350162e+00	8.064211e+00	7.818073e+00	7.611675e+00	7.445167e+00	7.318216e+00
7.229348e+00	7.178829e+00	7.169781e+00	7.202783e+00	7.277461e+00	7.387373e+00
7.521746e+00	7.595451e+00	7.669144e+00	7.706992e+00	7.536444e+00	7.234593e+00
5.737957e+00	4.690388e+00	2.570534e+00	2.006898e+00	1.425214e+00	1.271596e+00
1.092015e+01	1.064635e+01	1.038137e+01	1.013210e+01	9.895840e+00	9.450078e+00
9.043881e+00	8.677837e+00	8.351600e+00	8.065012e+00	7.818240e+00	7.611651e+00
7.445145e+00	7.318676e+00	7.231506e+00	7.183153e+00	7.175778e+00	7.207433e+00
7.275807e+00	7.383320e+00	7.525426e+00	7.605338e+00	7.684060e+00	7.727758e+00
7.590870e+00	7.325316e+00	5.940934e+00	4.925247e+00	2.745969e+00	2.130616e+00
1.452312e+00	1.271563e+00	1.091975e+01	1.064712e+01	1.038309e+01	1.013396e+01
9.897441e+00	9.451390e+00	9.045174e+00	8.679152e+00	8.353025e+00	8.066642e+00
7.820184e+00	7.613740e+00	7.447341e+00	7.320897e+00	7.233457e+00	7.185111e+00
7.177951e+00	7.210074e+00	7.279992e+00	7.388865e+00	7.531951e+00	7.612390e+00
7.696090e+00	7.748306e+00	7.635103e+00	7.403416e+00	6.129391e+00	5.156139e+00
2.937476e+00	2.269669e+00	1.483320e+00	1.271785e+00	