8.845292e-02	9.232214e-02	9.619146e-02	1.000150e-01	1.037782e-01	1.110888e-01
1.180689e-01	1.247502e-01	1.312771e-01	1.380086e-01	1.455182e-01	1.542207e-01
1.647398e-01	1.780072e-01	1.957093e-01	2.189579e-01	2.453968e-01	2.655684e-01
2.705096e-01	2.713464e-01	2.836788e-01	2.946220e-01	3.046704e-01	3.079271e-01
3.011918e-01	3.005556e-01	2.998233e-01	2.993929e-01	2.991493e-01	2.993759e-01
2.988451e-01	2.991626e-01	1.021289e-01	1.064353e-01	1.107399e-01	1.149949e-01
1.191857e-01	1.273396e-01	1.351482e-01	1.426497e-01	1.500024e-01	1.575934e-01
1.660386e-01	1.757815e-01	1.874857e-01	2.021364e-01	2.215070e-01	2.467283e-01
2.752423e-01	2.970647e-01	3.027891e-01	3.040310e-01	3.170884e-01	3.285174e-01
3.390357e-01	3.425106e-01	3.354731e-01	3.347842e-01	3.340280e-01	3.335830e-01
3.333262e-01	3.335615e-01	3.330099e-01	3.333395e-01	1.179194e-01	1.227059e-01
1.274887e-01	1.322185e-01	1.368806e-01	1.459676e-01	1.546980e-01	1.631174e-01
1.713986e-01	1.799574e-01	1.894527e-01	2.003567e-01	2.133721e-01	2.295363e-01
2.507052e-01	2.780207e-01	3.087177e-01	3.322965e-01	3.389205e-01	3.406525e-01
3.544327e-01	3.663123e-01	3.772772e-01	3.809783e-01	3.736564e-01	3.729109e-01
3.721347e-01	3.716775e-01	3.714078e-01	3.716508e-01	3.710805e-01	3.714208e-01
1.361513e-01	1.414638e-01	1.467706e-01	1.520218e-01	1.572027e-01	1.673207e-01
1.770759e-01	1.865218e-01	1.958468e-01	2.054950e-01	2.161685e-01	2.283676e-01
2.428327e-01	2.606504e-01	2.837523e-01	3.132819e-01	3.462644e-01	3.717067e-01
3.793633e-01	3.816852e-01	3.961751e-01	4.084555e-01	4.198321e-01	4.237662e-01
4.161856e-01	4.153797e-01	4.145889e-01	4.141224e-01	4.138401e-01	4.140896e-01
4.135035e-01	4.138526e-01	1.572021e-01	1.630891e-01	1.689688e-01	1.747911e-01
1.805418e-01	1.917975e-01	2.026907e-01	2.132844e-01	2.237822e-01	2.346568e-01
2.466518e-01	2.602946e-01	2.763610e-01	2.959819e-01	3.211555e-01	3.530153e-01
3.883776e-01	4.157909e-01	4.246321e-01	4.276605e-01	4.428337e-01	4.554471e-01
4.671870e-01	4.713597e-01	4.635555e-01	4.626849e-01	4.618863e-01	4.614144e-01
4.611201e-01	4.613744e-01	4.607764e-01	4.611319e-01	1.815076e-01	1.880203e-01
1.945244e-01	2.009708e-01	2.073461e-01	2.198549e-01	2.320109e-01	2.438869e-01
2.557024e-01	2.679568e-01	2.814336e-01	2.966852e-01	3.145186e-01	3.361028e-01
3.634891e-01	3.977880e-01	4.356127e-01	4.651036e-01	4.753028e-01	4.791736e-01
4.949873e-01	5.078449e-01	5.198834e-01	5.242985e-01	5.163169e-01	5.153776e-01
5.145795e-01	5.141071e-01	5.138017e-01	5.140586e-01	5.134537e-01	5.138124e-01
2.095711e-01	2.167627e-01	2.239452e-01	2.310715e-01	2.381298e-01	2.520167e-01
2.655725e-01	2.788804e-01	2.921756e-01	3.059824e-01	3.211202e-01	3.381633e-01
3.579447e-01	3.816620e-01	4.114030e-01	4.482393e-01	4.885926e-01	5.202647e-01
5.320199e-01	5.368916e-01	5.532832e-01	5.662709e-01	5.785235e-01	5.831828e-01
5.750836e-01	5.740710e-01	5.732840e-01	5.728172e-01	5.725021e-01	5.727589e-01
5.721531e-01	5.725113e-01	2.419735e-01	2.498989e-01	2.578156e-01	2.656807e-01
2.734839e-01	2.888833e-01	3.039888e-01	3.188948e-01	3.338513e-01	3.494043e-01
3.664033e-01	3.854403e-01	4.073666e-01	4.333969e-01	4.656327e-01	5.050892e-01
5.480159e-01	5.819678e-01	5.955050e-01	6.015620e-01	6.184448e-01	6.314187e-01
6.437780e-01	6.486805e-01	6.405391e-01	6.394488e-01	6.386858e-01	6.382318e-01
6.379088e-01	6.381621e-01	6.375633e-01	6.379160e-01	2.793858e-01	2.881005e-01
2.968088e-01	3.054735e-01	3.140868e-01	3.311431e-01	3.479623e-01	3.646505e-01
3.814716e-01	3.989881e-01	4.180721e-01	4.393269e-01	4.636123e-01	4.921446e-01
5.270107e-01	5.691494e-01	6.146665e-01	6.509890e-01	6.665657e-01	6.740221e-01
6.912806e-01	7.040615e-01	7.163929e-01	7.215343e-01	7.134447e-01	7.122721e-01
7.115487e-01	7.111167e-01	7.107881e-01	7.110337e-01	7.104514e-01	7.107927e-01
3.225826e-01	3.321420e-01	3.416994e-01	3.512263e-01	3.607178e-01	3.795848e-01
3.982967e-01	4.169714e-01	4.358844e-01	4.556083e-01	4.770269e-01	5.007472e-01
5.276239e-01	5.588556e-01	5.964794e-01	6.413343e-01	6.894232e-01	7.281960e-01
7.461059e-01	7.552103e-01	7.726945e-01	7.850617e-01	7.971984e-01	8.025704e-01
7.946483e-01	7.933888e-01	7.927241e-01	7.923249e-01	7.919936e-01	7.922265e-01
7.916722e-01	7.919950e-01	3.724581e-01	3.829161e-01	3.933795e-01	4.038319e-01
4.142720e-01	4.351129e-01	4.559123e-01	4.767994e-01	4.980586e-01	5.202634e-01
5.442953e-01	5.707542e-01	6.004738e-01	6.346093e-01	6.751052e-01	7.226744e-01
7.732718e-01	8.145597e-01	8.351375e-01	8.461778e-01	8.636966e-01	8.753807e-01
8.871183e-01	8.927076e-01	8.850944e-01	8.837434e-01	8.831601e-01	8.828070e-01
8.824766e-01	8.826907e-01	8.821784e-01	8.824739e-01	4.300451e-01	4.414519e-01
4.528760e-01	4.643165e-01	4.757770e-01	4.987641e-01	5.218622e-01	5.452117e-01
5.691014e-01	5.940938e-01	6.210497e-01	6.505487e-01	6.833821e-01	7.206316e-01
7.640952e-01	8.143309e-01	8.673184e-01	9.111662e-01	9.347932e-01	9.481027e-01
9.654164e-01	9.760907e-01	9.871807e-01	9.929683e-01	9.858350e-01	9.843880e-01
9.839134e-01	9.836219e-01	9.832970e-01	9.834849e-01	9.830315e-01	9.832893e-01
4.965357e-01	5.089360e-01	5.213709e-01	5.338604e-01	5.464135e-01	5.717266e-01
5.973521e-01	6.234399e-01	6.502776e-01	6.784014e-01	7.086276e-01	7.414988e-01
7.777376e-01	8.183144e-01	8.648155e-01	9.176120e-01	9.728029e-01	1.019230e+00
1.046341e+00	1.062305e+00	1.079116e+00	1.088387e+00	1.098530e+00	1.104489e+00
1.098042e+00	1.096495e+00	1.096161e+00	1.095950e+00	1.095636e+00	1.095789e+00
1.095414e+00	1.095622e+00	5.733067e-01	5.867363e-01	6.002254e-01	6.138203e-01
6.275370e-01	6.553624e-01	6.837620e-01	7.128925e-01	7.430327e-01	7.746730e-01
8.085554e-01	8.451643e-01	8.851210e-01	9.292383e-01	9.788124e-01	1.033992e+00
1.091117e+00	1.140110e+00	1.171199e+00	1.190263e+00	1.206206e+00	1.213603e+00
1.222438e+00	1.228535e+00	1.223020e+00	1.221368e+00	1.221214e+00	1.221105e+00
1.220809e+00	1.220917e+00	1.220645e+00	1.220788e+00	6.619475e-01	6.764298e-01
6.910061e-01	7.057563e-01	7.207046e-01	7.512331e-01	7.826715e-01	8.151800e-01
8.490183e-01	8.846065e-01	9.225747e-01	9.633227e-01	1.007331e+00	1.055198e+00
1.107836e+00	1.165133e+00	1.223820e+00	1.275327e+00	1.310956e+00	1.333634e+00
1.348264e+00	1.353224e+00	1.360323e+00	1.366513e+00	1.362223e+00	1.360463e+00
1.360533e+00	1.360553e+00	1.360283e+00	1.360333e+00	1.360193e+00	1.360253e+00
7.650831e-01	7.804684e-01	7.960042e-01	8.118198e-01	8.279492e-01	8.611985e-01
8.958540e-01	9.320762e-01	9.700925e-01	1.010209e+00	1.052882e+00	1.098381e+00
1.146977e+00	1.198948e+00	1.254635e+00	1.313584e+00	1.373225e+00	1.427329e+00
1.468803e+00	1.495958e+00	1.507645e+00	1.508838e+00	1.514022e+00	1.521468e+00
1.518266e+00	1.515406e+00	1.516098e+00	1.516515e+00	1.516259e+00	1.516173e+00
1.516355e+00	1.516205e+00	8.836215e-01	8.999749e-01	9.165470e-01	9.335226e-01
9.509470e-01	9.872019e-01	1.025433e+00	1.065792e+00	1.108457e+00	1.153588e+00
1.201419e+00	1.252058e+00	1.305514e+00	1.361687e+00	1.420251e+00	1.480391e+00
1.540409e+00	1.596835e+00	1.644501e+00	1.676660e+00	1.685383e+00	1.682405e+00
1.684875e+00	1.692791e+00	1.691373e+00	1.687989e+00	1.689165e+00	1.689876e+00
1.689658e+00	1.689457e+00	1.689908e+00	1.689587e+00	1.015566e+00	1.033860e+00
1.052403e+00	1.071402e+00	1.090913e+00	1.131538e+00	1.174406e+00	1.219633e+00
1.267332e+00	1.317550e+00	1.370324e+00	1.425635e+00	1.483285e+00	1.542914e+00
1.603813e+00	1.664976e+00	1.725161e+00	1.782486e+00	1.833286e+00	1.870011e+00
1.882127e+00	1.878054e+00	1.874246e+00	1.874205e+00	1.878485e+00	1.881418e+00
1.880795e+00	1.880222e+00	1.880210e+00	1.880300e+00	1.880010e+00	1.880205e+00
1.161838e+00	1.183277e+00	1.204952e+00	1.227048e+00	1.249622e+00	1.296273e+00
1.344996e+00	1.395835e+00	1.448812e+00	1.503928e+00	1.561089e+00	1.620216e+00
1.681010e+00	1.743041e+00	1.805620e+00	1.867765e+00	1.928099e+00	1.984707e+00
2.034816e+00	2.074950e+00	2.097102e+00	2.095878e+00	2.082749e+00	2.066528e+00
2.080079e+00	2.096216e+00	2.091375e+00	2.087896e+00	2.088254e+00	2.089060e+00
2.086988e+00	2.088406e+00	1.329517e+00	1.353742e+00	1.378185e+00	1.403014e+00
1.428303e+00	1.480337e+00	1.534325e+00	1.590233e+00	1.647979e+00	1.707454e+00
1.768412e+00	1.830708e+00	1.894050e+00	1.958081e+00	2.022406e+00	2.086244e+00
2.147908e+00	2.204741e+00	2.253432e+00	2.291537e+00	2.314007e+00	2.315094e+00
2.304379e+00	2.288953e+00	2.302961e+00	2.318542e+00	2.313544e+00	2.310139e+00
2.310530e+00	2.311340e+00	2.309309e+00	2.310698e+00	1.520232e+00	1.547189e+00
1.574326e+00	1.601793e+00	1.629685e+00	1.686855e+00	1.745795e+00	1.806387e+00
1.868440e+00	1.931705e+00	1.995800e+00	2.060523e+00	2.125692e+00	2.191145e+00
2.257031e+00	2.322912e+00	2.386594e+00	2.443964e+00	2.490064e+00	2.521947e+00
2.538756e+00	2.542244e+00	2.541946e+00	2.539768e+00	2.547560e+00	2.553136e+00
2.550594e+00	2.549264e+00	2.549463e+00	2.549799e+00	2.549045e+00	2.549555e+00
1.729073e+00	1.759951e+00	1.790867e+00	1.821871e+00	1.853083e+00	1.916341e+00
1.980512e+00	2.045429e+00	2.110904e+00	2.176793e+00	2.242928e+00	2.309129e+00
2.375268e+00	2.441236e+00	2.507395e+00	2.573422e+00	2.636882e+00	2.693066e+00
2.736545e+00	2.764743e+00	2.779069e+00	2.784366e+00	2.791525e+00	2.798991e+00
2.803502e+00	2.802770e+00	2.801347e+00	2.801265e+00	2.801402e+00	2.801420e+00
2.801515e+00	2.801445e+00	1.953478e+00	1.990126e+00	2.026517e+00	2.062468e+00
2.098111e+00	2.168892e+00	2.238627e+00	2.307166e+00	2.374564e+00	2.441221e+00
2.507770e+00	2.574168e+00	2.640214e+00	2.705584e+00	2.770271e+00	2.833702e+00
2.893687e+00	2.946340e+00	2.987609e+00	3.016789e+00	3.034373e+00	3.040310e+00
3.049169e+00	3.059227e+00	3.065657e+00	3.065597e+00	3.062871e+00	3.062495e+00
3.062804e+00	3.062799e+00	3.062935e+00	3.062851e+00	2.197887e+00	2.241046e+00
2.283561e+00	2.324944e+00	2.365346e+00	2.443814e+00	2.518638e+00	2.589726e+00
2.657504e+00	2.723162e+00	2.788429e+00	2.853490e+00	2.918029e+00	2.981440e+00
3.043204e+00	3.102448e+00	3.157495e+00	3.205977e+00	3.245468e+00	3.275562e+00
3.295731e+00	3.302890e+00	3.313674e+00	3.326200e+00	3.335352e+00	3.335379e+00
3.331640e+00	3.331015e+00	3.331412e+00	3.331509e+00	3.331534e+00	3.331511e+00
2.462136e+00	2.512298e+00	2.561344e+00	2.608410e+00	2.653672e+00	2.739596e+00
2.818684e+00	2.890956e+00	2.957328e+00	3.019968e+00	3.081949e+00	3.143753e+00
3.204972e+00	3.264754e+00	3.322120e+00	3.375969e+00	3.425208e+00	3.469041e+00
3.506508e+00	3.536758e+00	3.559002e+00	3.568252e+00	3.581494e+00	3.596377e+00
3.608283e+00	3.607939e+00	3.603624e+00	3.602857e+00	3.603278e+00	3.603529e+00
3.603387e+00	3.603447e+00	2.745479e+00	2.802657e+00	2.858183e+00	2.910758e+00
2.960585e+00	3.053131e+00	3.135219e+00	3.207053e+00	3.270100e+00	3.327581e+00
3.384033e+00	3.440269e+00	3.495936e+00	3.550124e+00	3.601751e+00	3.649683e+00
3.693123e+00	3.731776e+00	3.765493e+00	3.794542e+00	3.819585e+00	3.831789e+00
3.847852e+00	3.864458e+00	3.877889e+00	3.877916e+00	3.873377e+00	3.872540e+00
3.873027e+00	3.873300e+00	3.873140e+00	3.873206e+00	3.045722e+00	3.110065e+00
3.172095e+00	3.230005e+00	3.284017e+00	3.381856e+00	3.464956e+00	3.533835e+00
3.590726e+00	3.640305e+00	3.688906e+00	3.737815e+00	3.786597e+00	3.834165e+00
3.878889e+00	3.919364e+00	3.955322e+00	3.987743e+00	4.017796e+00	4.046250e+00
4.074290e+00	4.089194e+00	4.107370e+00	4.124719e+00	4.139177e+00	4.140104e+00
4.135815e+00	4.135070e+00	4.135636e+00	4.135755e+00	4.135817e+00	4.135787e+00
3.365085e+00	3.435526e+00	3.502975e+00	3.565115e+00	3.622205e+00	3.723159e+00
3.805189e+00	3.869145e+00	3.918007e+00	3.957781e+00	3.996425e+00	4.035677e+00
4.075133e+00	4.113781e+00	4.149902e+00	4.182185e+00	4.210739e+00	4.237160e+00
4.263335e+00	4.290687e+00	4.321084e+00	4.338166e+00	4.357528e+00	4.374633e+00
4.389858e+00	4.391726e+00	4.388520e+00	4.387966e+00	4.388551e+00	4.388566e+00
4.388760e+00	4.388675e+00	3.699481e+00	3.773775e+00	3.844479e+00	3.908804e+00
3.967079e+00	4.067831e+00	4.146134e+00	4.203109e+00	4.242326e+00	4.270724e+00
4.297441e+00	4.324589e+00	4.352037e+00	4.379235e+00	4.405103e+00	4.428931e+00
4.450889e+00	4.472087e+00	4.494155e+00	4.519493e+00	4.551040e+00	4.569429e+00
4.588677e+00	4.604306e+00	4.619885e+00	4.622594e+00	4.621494e+00	4.621234e+00
4.621744e+00	4.621764e+00	4.621914e+00	4.621854e+00	4.046587e+00	4.122604e+00
4.194461e+00	4.258920e+00	4.316410e+00	4.413358e+00	4.484820e+00	4.532233e+00
4.559685e+00	4.574891e+00	4.587898e+00	4.601148e+00	4.614907e+00	4.629215e+00
4.643855e+00	4.658847e+00	4.674247e+00	4.690192e+00	4.707587e+00	4.729947e+00
4.761406e+00	4.780217e+00	4.798058e+00	4.810856e+00	4.825831e+00	4.829507e+00
4.831299e+00	4.831455e+00	4.831820e+00	4.831832e+00	4.831927e+00	4.831908e+00
4.410769e+00	4.486639e+00	4.557806e+00	4.620602e+00	4.675575e+00	4.765530e+00
4.827364e+00	4.862852e+00	4.876565e+00	4.876881e+00	4.874584e+00	4.872431e+00
4.871152e+00	4.871432e+00	4.874023e+00	4.879706e+00	4.888292e+00	4.898665e+00
4.910748e+00	4.929232e+00	4.959480e+00	4.977982e+00	4.993459e+00	5.002503e+00
5.016136e+00	5.020776e+00	5.025944e+00	5.026592e+00	5.026765e+00	5.026772e+00
5.026795e+00	5.026827e+00	4.786913e+00	4.860046e+00	4.927971e+00	4.986649e+00
5.036767e+00	5.115507e+00	5.164187e+00	5.184972e+00	5.182879e+00	5.166817e+00
5.148055e+00	5.129654e+00	5.112759e+00	5.098602e+00	5.088831e+00	5.084814e+00
5.086031e+00	5.090004e+00	5.095592e+00	5.108573e+00	5.135389e+00	5.152198e+00
5.163777e+00	5.167738e+00	5.178635e+00	5.184060e+00	5.193158e+00	5.194396e+00
5.194312e+00	5.194331e+00	5.194256e+00	5.194348e+00	5.168979e+00	5.236267e+00
5.297956e+00	5.349721e+00	5.392397e+00	5.455431e+00	5.487430e+00	5.490935e+00
5.471313e+00	5.437813e+00	5.401904e+00	5.366920e+00	5.334335e+00	5.305804e+00
5.283738e+00	5.269899e+00	5.263366e+00	5.260279e+00	5.258417e+00	5.264532e+00
5.285970e+00	5.299914e+00	5.306477e+00	5.304552e+00	5.311717e+00	5.317698e+00
5.330846e+00	5.332705e+00	5.332329e+00	5.332368e+00	5.332182e+00	5.332338e+00
5.554554e+00	5.612949e+00	5.665418e+00	5.707440e+00	5.740045e+00	5.782718e+00
5.794283e+00	5.777693e+00	5.738691e+00	5.686739e+00	5.633324e+00	5.582030e+00
5.534412e+00	5.492263e+00	5.458284e+00	5.434203e+00	5.418754e+00	5.407068e+00
5.396118e+00	5.393264e+00	5.406326e+00	5.415691e+00	5.415880e+00	5.407313e+00
5.409286e+00	5.415297e+00	5.432259e+00	5.434735e+00	5.434045e+00	5.434086e+00
5.433777e+00	5.434007e+00	5.948350e+00	5.995155e+00	6.035821e+00	6.065697e+00
6.086030e+00	6.104544e+00	6.092693e+00	6.053808e+00	5.993959e+00	5.922687e+00
5.851348e+00	5.783727e+00	5.721314e+00	5.665871e+00	5.620130e+00	5.585562e+00
5.560601e+00	5.539591e+00	5.518857e+00	5.506211e+00	5.509812e+00	5.514068e+00
5.507652e+00	5.492524e+00	5.489130e+00	5.494995e+00	5.515412e+00	5.518458e+00
5.517468e+00	5.517505e+00	5.517078e+00	5.517382e+00	6.348031e+00	6.380965e+00
6.407609e+00	6.423231e+00	6.429308e+00	6.420070e+00	6.381727e+00	6.318012e+00
6.235296e+00	6.143232e+00	6.053049e+00	5.968594e+00	5.891252e+00	5.822465e+00
5.764638e+00	5.718691e+00	5.682805e+00	5.650900e+00	5.618900e+00	5.594497e+00
5.585553e+00	5.583089e+00	5.569523e+00	5.548401e+00	5.538616e+00	5.543071e+00
5.563558e+00	5.566677e+00	5.565501e+00	5.565526e+00	5.565050e+00	5.565383e+00
6.746500e+00	6.763209e+00	6.773574e+00	6.772844e+00	6.762731e+00	6.722358e+00
6.654791e+00	6.564173e+00	6.457113e+00	6.343382e+00	6.234048e+00	6.132834e+00
6.040966e+00	5.959285e+00	5.889556e+00	5.831948e+00	5.784511e+00	5.741136e+00
5.697598e+00	5.661235e+00	5.639712e+00	5.630983e+00	5.611372e+00	5.585414e+00
5.569392e+00	5.572004e+00	5.591030e+00	5.593996e+00	5.592710e+00	5.592722e+00
5.592233e+00	5.592572e+00	7.145643e+00	7.144740e+00	7.137447e+00	7.119024e+00
7.091406e+00	7.017410e+00	6.918299e+00	6.798640e+00	6.665319e+00	6.528273e+00
6.398622e+00	6.279869e+00	6.172955e+00	6.077944e+00	5.995632e+00	5.925314e+00
5.865001e+00	5.808899e+00	5.752940e+00	5.703547e+00	5.664884e+00	5.646616e+00
5.619722e+00	5.590668e+00	5.572344e+00	5.573866e+00	5.590708e+00	5.593358e+00
5.592102e+00	5.592104e+00	5.591652e+00	5.591959e+00	7.543584e+00	7.523862e+00
7.497756e+00	7.460587e+00	7.414497e+00	7.305115e+00	7.172741e+00	7.022218e+00
6.860795e+00	6.698722e+00	6.547509e+00	6.410407e+00	6.287899e+00	6.179167e+00
6.083729e+00	6.000001e+00	5.926132e+00	5.856374e+00	5.787105e+00	5.722979e+00
5.671965e+00	5.649065e+00	5.619366e+00	5.589548e+00	5.566076e+00	5.564141e+00
5.573027e+00	5.574521e+00	5.573467e+00	5.573440e+00	5.573135e+00	5.573318e+00
7.938588e+00	7.900962e+00	7.856499e+00	7.800266e+00	7.734813e+00	7.587239e+00
7.418310e+00	7.234443e+00	7.043399e+00	6.855334e+00	6.681785e+00	6.525667e+00
6.386746e+00	6.263325e+00	6.153380e+00	6.054387e+00	5.964525e+00	5.881378e+00
5.801181e+00	5.725865e+00	5.657623e+00	5.626221e+00	5.592679e+00	5.564020e+00
5.538694e+00	5.533392e+00	5.531894e+00	5.531836e+00	5.531175e+00	5.531141e+00
5.530999e+00	5.531071e+00	8.316124e+00	8.274367e+00	8.221286e+00	8.148678e+00
8.060850e+00	7.860477e+00	7.638964e+00	7.415495e+00	7.197114e+00	6.989364e+00
6.798727e+00	6.626751e+00	6.472367e+00	6.333589e+00	6.206975e+00	6.084814e+00
5.971786e+00	5.873646e+00	5.783596e+00	5.698019e+00	5.614255e+00	5.574888e+00
5.538185e+00	5.511765e+00	5.484910e+00	5.475489e+00	5.463527e+00	5.461815e+00
5.461412e+00	5.461589e+00	5.461295e+00	5.461408e+00	8.687565e+00	8.637732e+00
8.572731e+00	8.481632e+00	8.370357e+00	8.117066e+00	7.844082e+00	7.580922e+00
7.333570e+00	7.103660e+00	6.893483e+00	6.702802e+00	6.528447e+00	6.368551e+00
6.221247e+00	6.089970e+00	5.968401e+00	5.853390e+00	5.747504e+00	5.646758e+00
5.547307e+00	5.500550e+00	5.460245e+00	5.434921e+00	5.406647e+00	5.393271e+00
5.371649e+00	5.368361e+00	5.368131e+00	5.368568e+00	5.368014e+00	5.368244e+00
9.046818e+00	8.980055e+00	8.896321e+00	8.783397e+00	8.648161e+00	8.345418e+00
8.025885e+00	7.724182e+00	7.445671e+00	7.190150e+00	6.957560e+00	6.747162e+00
6.555714e+00	6.379726e+00	6.216259e+00	6.063983e+00	5.922547e+00	5.791642e+00
5.670297e+00	5.554742e+00	5.442627e+00	5.390425e+00	5.345153e+00	5.316662e+00
5.286221e+00	5.270380e+00	5.242639e+00	5.238269e+00	5.238059e+00	5.238689e+00
5.237879e+00	5.238269e+00	9.376879e+00	9.297120e+00	9.198895e+00	9.066355e+00
8.906658e+00	8.547684e+00	8.172097e+00	7.826800e+00	7.517396e+00	7.233329e+00
6.974242e+00	6.744386e+00	6.543422e+00	6.355492e+00	6.176641e+00	6.003141e+00
5.843492e+00	5.695815e+00	5.558588e+00	5.428468e+00	5.303039e+00	5.244163e+00
5.192342e+00	5.158514e+00	5.122134e+00	5.105658e+00	5.077118e+00	5.072699e+00
5.072469e+00	5.072997e+00	5.072378e+00	5.072610e+00	9.702346e+00	9.601507e+00
9.480910e+00	9.323046e+00	9.135806e+00	8.720505e+00	8.293399e+00	7.907961e+00
7.568922e+00	7.261450e+00	6.983824e+00	6.736649e+00	6.512730e+00	6.298959e+00
6.096250e+00	5.906174e+00	5.730969e+00	5.568484e+00	5.416998e+00	5.273571e+00
5.135250e+00	5.069294e+00	5.009845e+00	4.968871e+00	4.924224e+00	4.908566e+00
4.883984e+00	4.880357e+00	4.880003e+00	4.880244e+00	4.880027e+00	4.879966e+00
1.006234e+01	9.893770e+00	9.709260e+00	9.500551e+00	9.276160e+00	8.816109e+00
8.369058e+00	7.956867e+00	7.584473e+00	7.260434e+00	6.972483e+00	6.707977e+00
6.457124e+00	6.219404e+00	5.996088e+00	5.788669e+00	5.597575e+00	5.420561e+00
5.255679e+00	5.098560e+00	4.944947e+00	4.870766e+00	4.802518e+00	4.753641e+00
4.700570e+00	4.685505e+00	4.667966e+00	4.665637e+00	4.664887e+00	4.664867e+00
4.664781e+00	4.664657e+00	1.043853e+01	1.016417e+01	9.892302e+00	9.625340e+00
9.365279e+00	8.871206e+00	8.414354e+00	7.985314e+00	7.589576e+00	7.232836e+00
6.907714e+00	6.610132e+00	6.336757e+00	6.084504e+00	5.849376e+00	5.628945e+00
5.424374e+00	5.234949e+00	5.058798e+00	4.888133e+00	4.716752e+00	4.633110e+00
4.554731e+00	4.496977e+00	4.435044e+00	4.420542e+00	4.414384e+00	4.414070e+00
4.412604e+00	4.412321e+00	4.412094e+00	4.412147e+00	1.070954e+01	1.038342e+01
1.006404e+01	9.758200e+00	9.467171e+00	8.926831e+00	8.418221e+00	7.972864e+00
7.562806e+00	7.173423e+00	6.817526e+00	6.494893e+00	6.202198e+00	5.935092e+00
5.686789e+00	5.452862e+00	5.234332e+00	5.031094e+00	4.840839e+00	4.654996e+00
4.467380e+00	4.375923e+00	4.290539e+00	4.227705e+00	4.159532e+00	4.144160e+00
4.141643e+00	4.142058e+00	4.140272e+00	4.139890e+00	4.139565e+00	4.139712e+00
1.093460e+01	1.057542e+01	1.022459e+01	9.889325e+00	9.570204e+00	8.977855e+00
8.419409e+00	7.930033e+00	7.481458e+00	7.068317e+00	6.693719e+00	6.355254e+00
6.048595e+00	5.768520e+00	5.507663e+00	5.260965e+00	5.028860e+00	4.811493e+00
4.605985e+00	4.404815e+00	4.203189e+00	4.105644e+00	4.015670e+00	3.950297e+00
3.878041e+00	3.860972e+00	3.856982e+00	3.857234e+00	3.855397e+00	3.855036e+00
3.854634e+00	3.854829e+00	1.113365e+01	1.073993e+01	1.035646e+01	9.991490e+00
9.644621e+00	8.996718e+00	8.416219e+00	7.880022e+00	7.396934e+00	6.960864e+00
6.567945e+00	6.213897e+00	5.893412e+00	5.600293e+00	5.326260e+00	5.065588e+00
4.818625e+00	4.586341e+00	4.366548e+00	4.153044e+00	3.942565e+00	3.841525e+00
3.747511e+00	3.678469e+00	3.603815e+00	3.585502e+00	3.577721e+00	3.577344e+00
3.575591e+00	3.575281e+00	3.574914e+00	3.575080e+00	1.130388e+01	1.087478e+01
1.045852e+01	1.006515e+01	9.693302e+00	9.001284e+00	8.379011e+00	7.813243e+00
7.304935e+00	6.848177e+00	6.437837e+00	6.068650e+00	5.734492e+00	5.428038e+00
5.139542e+00	4.862533e+00	4.598036e+00	4.348830e+00	4.115436e+00	3.893358e+00
3.680915e+00	3.579755e+00	3.482206e+00	3.407743e+00	3.332818e+00	3.313759e+00
3.298728e+00	3.297024e+00	3.295553e+00	3.295336e+00	3.295162e+00	3.295188e+00
1.146751e+01	1.100150e+01	1.055153e+01	1.012976e+01	9.733419e+00	8.999727e+00
8.339928e+00	7.746808e+00	7.215501e+00	6.739113e+00	6.310793e+00	5.924679e+00
5.574616e+00	5.253295e+00	4.951138e+00	4.661779e+00	4.386025e+00	4.126146e+00
3.883177e+00	3.653186e+00	3.435150e+00	3.331549e+00	3.230644e+00	3.152833e+00
3.076339e+00	3.056531e+00	3.038050e+00	3.035728e+00	3.034331e+00	3.034151e+00
3.034048e+00	3.034039e+00	1.161873e+01	1.111625e+01	1.063342e+01	1.018477e+01
9.765707e+00	8.992034e+00	8.301022e+00	7.683133e+00	7.131183e+00	6.636412e+00
6.190138e+00	5.786222e+00	5.419036e+00	5.082135e+00	4.767328e+00	4.468915e+00
4.186626e+00	3.920590e+00	3.670827e+00	3.433760e+00	3.208397e+00	3.101017e+00
2.996537e+00	2.916032e+00	2.836796e+00	2.816435e+00	2.797839e+00	2.795483e+00
2.793982e+00	2.793806e+00	2.793676e+00	2.793704e+00	1.174660e+01	1.121193e+01
1.070033e+01	1.022877e+01	9.790610e+00	8.982786e+00	8.265204e+00	7.626297e+00
7.056534e+00	6.545485e+00	6.083160e+00	5.663322e+00	5.280845e+00	4.930042e+00
4.603915e+00	4.297351e+00	4.009072e+00	3.737465e+00	3.481378e+00	3.238475e+00
3.007602e+00	2.897048e+00	2.788306e+00	2.703480e+00	2.620827e+00	2.600307e+00
2.583130e+00	2.580980e+00	2.579303e+00	2.579127e+00	2.578949e+00	2.578992e+00
1.185554e+01	1.129275e+01	1.075635e+01	1.026574e+01	9.811999e+00	8.976006e+00
8.236401e+00	7.580418e+00	6.996044e+00	6.471369e+00	5.995446e+00	5.562081e+00
5.166565e+00	4.803838e+00	4.467913e+00	4.154079e+00	3.860259e+00	3.583456e+00
3.321449e+00	3.072951e+00	2.836217e+00	2.722188e+00	2.609155e+00	2.520170e+00
2.433638e+00	2.412618e+00	2.396404e+00	2.394504e+00	2.392687e+00	2.392404e+00
2.392300e+00	2.392229e+00	1.195217e+01	1.136369e+01	1.080495e+01	1.029762e+01
9.830628e+00	8.971370e+00	8.213259e+00	7.543522e+00	6.948271e+00	6.413779e+00
5.928306e+00	5.485636e+00	5.081160e+00	4.709976e+00	4.366385e+00	4.045785e+00
3.745783e+00	3.462889e+00	3.194323e+00	2.938863e+00	2.694422e+00	2.576042e+00
2.458607e+00	2.365902e+00	2.274864e+00	2.252727e+00	2.236085e+00	2.234188e+00
2.232288e+00	2.231981e+00	2.231863e+00	2.231671e+00	1.203342e+01	1.142285e+01
1.084521e+01	1.032419e+01	9.846767e+00	8.968881e+00	8.198228e+00	7.519381e+00
6.916779e+00	6.376115e+00	5.885001e+00	5.437052e+00	5.027456e+00	4.651060e+00
4.301841e+00	3.975065e+00	3.668421e+00	3.378667e+00	3.102881e+00	2.838923e+00
2.584410e+00	2.460326e+00	2.337532e+00	2.240654e+00	2.143966e+00	2.120012e+00
2.101521e+00	2.099369e+00	2.097418e+00	2.097168e+00	2.096948e+00	2.096658e+00
1.209407e+01	1.146728e+01	1.087608e+01	1.034620e+01	9.862646e+00	8.973321e+00
8.199899e+00	7.518723e+00	6.911227e+00	6.366786e+00	5.872782e+00	5.422445e+00
5.010413e+00	4.630853e+00	4.276863e+00	3.943330e+00	3.628455e+00	3.329851e+00
3.044533e+00	2.768147e+00	2.503075e+00	2.372252e+00	2.242036e+00	2.138524e+00
2.034211e+00	2.007748e+00	1.986793e+00	1.984371e+00	1.982318e+00	1.982041e+00
1.981823e+00	1.981385e+00	1.214213e+01	1.150292e+01	1.090164e+01	1.036576e+01
9.878564e+00	8.983694e+00	8.204334e+00	7.518393e+00	6.908190e+00	6.361475e+00
5.865699e+00	5.413898e+00	5.000358e+00	4.618777e+00	4.261604e+00	3.923353e+00
3.602491e+00	3.297251e+00	3.004623e+00	2.718419e+00	2.441122e+00	2.302340e+00
2.162803e+00	2.050750e+00	1.937743e+00	1.908683e+00	1.885234e+00	1.882525e+00
1.880319e+00	1.879999e+00	1.879795e+00	1.879340e+00	1.216924e+01	1.152501e+01
1.092071e+01	1.038342e+01	9.895919e+00	8.998200e+00	8.215189e+00	7.525007e+00
6.914476e+00	6.367491e+00	5.871698e+00	5.420047e+00	5.006643e+00	4.624950e+00
4.267090e+00	3.927403e+00	3.604510e+00	3.296905e+00	3.001563e+00	2.711780e+00
2.411939e+00	2.258562e+00	2.103080e+00	1.977004e+00	1.852813e+00	1.821260e+00
1.795494e+00	1.792414e+00	1.789946e+00	1.789640e+00	1.789345e+00	1.789280e+00
1.218427e+01	1.153813e+01	1.093372e+01	1.039848e+01	9.914485e+00	9.022750e+00
8.245312e+00	7.558315e+00	6.948382e+00	6.401858e+00	5.907232e+00	5.457209e+00
5.045352e+00	4.664419e+00	4.305553e+00	3.962524e+00	3.634265e+00	3.319797e+00
3.015815e+00	2.713395e+00	2.397749e+00	2.232252e+00	2.060096e+00	1.917084e+00
1.779217e+00	1.745186e+00	1.717403e+00	1.713924e+00	1.711046e+00	1.710753e+00
1.710345e+00	1.711113e+00	1.218220e+01	1.153709e+01	1.093422e+01	1.040796e+01
9.930800e+00	9.049757e+00	8.280335e+00	7.598734e+00	6.992273e+00	6.448114e+00
5.955301e+00	5.506650e+00	5.095761e+00	4.715367e+00	4.356515e+00	4.012613e+00
3.681910e+00	3.362427e+00	3.049624e+00	2.731842e+00	2.405443e+00	2.233504e+00
2.039762e+00	1.872010e+00	1.714276e+00	1.678328e+00	1.649827e+00	1.646020e+00
1.642235e+00	1.641719e+00	1.641494e+00	1.644428e+00	1.217243e+01	1.153128e+01
1.093396e+01	1.041519e+01	9.946131e+00	9.080579e+00	8.323129e+00	7.650710e+00
7.050987e+00	6.511484e+00	6.021487e+00	5.574274e+00	5.164086e+00	4.784338e+00
4.426889e+00	4.085213e+00	3.756155e+00	3.435151e+00	3.115458e+00	2.785152e+00
2.432680e+00	2.241936e+00	2.025958e+00	1.835281e+00	1.655954e+00	1.618071e+00
1.589550e+00	1.585514e+00	1.580612e+00	1.579768e+00	1.579868e+00	1.585448e+00
1.215426e+01	1.152029e+01	1.093221e+01	1.042055e+01	9.963915e+00	9.117225e+00
8.372677e+00	7.709055e+00	7.115166e+00	6.579799e+00	6.093271e+00	5.649139e+00
5.241710e+00	4.864485e+00	4.509409e+00	4.169737e+00	3.841441e+00	3.518344e+00
3.191826e+00	2.848091e+00	2.468380e+00	2.256450e+00	2.024189e+00	1.818896e+00
1.607600e+00	1.563277e+00	1.536290e+00	1.532873e+00	1.526441e+00	1.525057e+00
1.525836e+00	1.533979e+00	1.209899e+01	1.148530e+01	1.091685e+01	1.042472e+01
9.986408e+00	9.164926e+00	8.434599e+00	7.778475e+00	7.188263e+00	6.655775e+00
6.173774e+00	5.735832e+00	5.335367e+00	4.964765e+00	4.614250e+00	4.276048e+00
3.946590e+00	3.620511e+00	3.288463e+00	2.931985e+00	2.527162e+00	2.297317e+00
2.041804e+00	1.812418e+00	1.568628e+00	1.513795e+00	1.490023e+00	1.488056e+00
1.479718e+00	1.477594e+00	1.479382e+00	1.490067e+00	1.205082e+01	1.145058e+01
1.089711e+01	1.042213e+01	9.997003e+00	9.201978e+00	8.489673e+00	7.846417e+00
7.265457e+00	6.740183e+00	6.264819e+00	5.833241e+00	5.438721e+00	5.073353e+00
4.726852e+00	4.391048e+00	4.062307e+00	3.735097e+00	3.398733e+00	3.030416e+00
2.600587e+00	2.351460e+00	2.069410e+00	1.814625e+00	1.537427e+00	1.472505e+00
1.450007e+00	1.449003e+00	1.438914e+00	1.436143e+00	1.438890e+00	1.450874e+00
1.200694e+01	1.141525e+01	1.087235e+01	1.041118e+01	1.000235e+01	9.232180e+00
8.540058e+00	7.913579e+00	7.346478e+00	6.832385e+00	6.365767e+00	5.940901e+00
5.551608e+00	5.190472e+00	4.847775e+00	4.515513e+00	4.189538e+00	3.863303e+00
3.524208e+00	3.145536e+00	2.691841e+00	2.422862e+00	2.112628e+00	1.827864e+00
1.514062e+00	1.438686e+00	1.415750e+00	1.415361e+00	1.403635e+00	1.400293e+00
1.403868e+00	1.416056e+00	1.195680e+01	1.137506e+01	1.084449e+01	1.039921e+01
1.000689e+01	9.262841e+00	8.591952e+00	7.982843e+00	7.429986e+00	6.927547e+00
6.470432e+00	6.053356e+00	5.670572e+00	5.315028e+00	4.977417e+00	4.649849e+00
4.327730e+00	4.003679e+00	3.663232e+00	3.275532e+00	2.798714e+00	2.509769e+00
2.170747e+00	1.855056e+00	1.499917e+00	1.411786e+00	1.386729e+00	1.386817e+00
1.373478e+00	1.369604e+00	1.373813e+00	1.385265e+00	1.190355e+01	1.133216e+01
1.081431e+01	1.038551e+01	1.001023e+01	9.292539e+00	8.643532e+00	8.052548e+00
7.514766e+00	7.024825e+00	6.578118e+00	6.169783e+00	5.794458e+00	5.445522e+00
5.114078e+00	4.792348e+00	4.475380e+00	4.154936e+00	3.814734e+00	3.419714e+00
2.921122e+00	2.612365e+00	2.243803e+00	1.895073e+00	1.495117e+00	1.391135e+00
1.362170e+00	1.362473e+00	1.347608e+00	1.343255e+00	1.348124e+00	1.357740e+00
1.184814e+01	1.128755e+01	1.078272e+01	1.037040e+01	1.001260e+01	9.321122e+00
8.694256e+00	8.121827e+00	7.599631e+00	7.122795e+00	6.687171e+00	6.288314e+00
5.921255e+00	5.579801e+00	5.255492e+00	4.940689e+00	4.630099e+00	4.314660e+00
3.976241e+00	3.575434e+00	3.056327e+00	2.728108e+00	2.329876e+00	1.946643e+00
1.495434e+00	1.377892e+00	1.341149e+00	1.341387e+00	1.325107e+00	1.320280e+00
1.325793e+00	1.333346e+00	1.179618e+01	1.124590e+01	1.075342e+01	1.035683e+01
1.001445e+01	9.348319e+00	8.742911e+00	8.188830e+00	7.682368e+00	7.219115e+00
6.795300e+00	6.406833e+00	6.049106e+00	5.716268e+00	5.400229e+00	5.093490e+00
4.790491e+00	4.481561e+00	4.147003e+00	3.743558e+00	3.207817e+00	2.861449e+00
2.433264e+00	2.013309e+00	1.508127e+00	1.371341e+00	1.324253e+00	1.323573e+00
1.306064e+00	1.301004e+00	1.306624e+00	1.312394e+00	1.177405e+01	1.122841e+01
1.074259e+01	1.035586e+01	1.002293e+01	9.375053e+00	8.785858e+00	8.246931e+00
7.754753e+00	7.305070e+00	6.894191e+00	6.518079e+00	6.172087e+00	5.850218e+00
5.544004e+00	5.245736e+00	4.950123e+00	4.647944e+00	4.320249e+00	3.924695e+00
3.388520e+00	3.025682e+00	2.553802e+00	2.081159e+00	1.526602e+00	1.377973e+00
1.313000e+00	1.307688e+00	1.289618e+00	1.286041e+00	1.288032e+00	1.294353e+00
1.175657e+01	1.121466e+01	1.073432e+01	1.035525e+01	1.003423e+01	9.400978e+00
8.826445e+00	8.301736e+00	7.823390e+00	7.387252e+00	6.989669e+00	6.626606e+00
6.293292e+00	5.983460e+00	5.688037e+00	5.398980e+00	5.111423e+00	4.816925e+00
4.498080e+00	4.115351e+00	3.586993e+00	3.209803e+00	2.689415e+00	2.156699e+00
1.552738e+00	1.392498e+00	1.303945e+00	1.293528e+00	1.274916e+00	1.272966e+00
1.270868e+00	1.278130e+00	1.172797e+01	1.119226e+01	1.071974e+01	1.035169e+01
1.003866e+01	9.424689e+00	8.866681e+00	8.357204e+00	7.893052e+00	7.470293e+00
7.085457e+00	6.734656e+00	6.413213e+00	6.114890e+00	5.830493e+00	5.551871e+00
5.274308e+00	4.989535e+00	4.680342e+00	4.307030e+00	3.780842e+00	3.392795e+00
2.839641e+00	2.258067e+00	1.588973e+00	1.408188e+00	1.296432e+00	1.282534e+00
1.262208e+00	1.260547e+00	1.257474e+00	1.263853e+00	1.168490e+01	1.115873e+01
1.069655e+01	1.033998e+01	1.004037e+01	9.446325e+00	8.906059e+00	8.412461e+00
7.962599e+00	7.552853e+00	7.180079e+00	6.840677e+00	6.530266e+00	6.242922e+00
5.969778e+00	5.702832e+00	5.437311e+00	5.164566e+00	4.866250e+00	4.499508e+00
3.970671e+00	3.575547e+00	3.007632e+00	2.396698e+00	1.645400e+00	1.429508e+00
1.290460e+00	1.273907e+00	1.251656e+00	1.249383e+00	1.246796e+00	1.251574e+00
1.163178e+01	1.111732e+01	1.066742e+01	1.032552e+01	1.004013e+01	9.467555e+00
8.946024e+00	8.468557e+00	8.032577e+00	7.634932e+00	7.272913e+00	6.943416e+00
6.642632e+00	6.365338e+00	6.103619e+00	5.850040e+00	5.599569e+00	5.342633e+00
5.058353e+00	4.697192e+00	4.159332e+00	3.755565e+00	3.178005e+00	2.545895e+00
1.718871e+00	1.465137e+00	1.285550e+00	1.263552e+00	1.244754e+00	1.241727e+00
1.234374e+00	1.241118e+00	1.157425e+01	1.107263e+01	1.063595e+01	1.030944e+01
1.003937e+01	9.488331e+00	8.985806e+00	8.524414e+00	8.101975e+00	7.715877e+00
7.363908e+00	7.043567e+00	6.751746e+00	6.484131e+00	6.234093e+00	5.995049e+00
5.761679e+00	5.523266e+00	5.255546e+00	4.899881e+00	4.349656e+00	3.937039e+00
3.354980e+00	2.709750e+00	1.811148e+00	1.517169e+00	1.281395e+00	1.253180e+00
1.239383e+00	1.235592e+00	1.221544e+00	1.231835e+00	1.155121e+01	1.105592e+01
1.062721e+01	1.030535e+01	1.004010e+01	9.508527e+00	9.020353e+00	8.571862e+00
8.161274e+00	7.786282e+00	7.444870e+00	7.134825e+00	6.853387e+00	6.596724e+00
6.358838e+00	6.133696e+00	5.916113e+00	5.695229e+00	5.445385e+00	5.102603e+00
4.553399e+00	4.136790e+00	3.548387e+00	2.883603e+00	1.908020e+00	1.573329e+00
1.281461e+00	1.250454e+00	1.233121e+00	1.228794e+00	1.212281e+00	1.223987e+00
1.154608e+01	1.105239e+01	1.062729e+01	1.031054e+01	1.005124e+01	9.527750e+00
9.048728e+00	8.609960e+00	8.209530e+00	7.845152e+00	7.514715e+00	7.216029e+00
6.946339e+00	6.701790e+00	6.476146e+00	6.263500e+00	6.059433e+00	5.854484e+00
5.624248e+00	5.304018e+00	4.774920e+00	4.361668e+00	3.762219e+00	3.066399e+00
2.009441e+00	1.635647e+00	1.293748e+00	1.251506e+00	1.225303e+00	1.220891e+00
1.205603e+00	1.217589e+00	1.153955e+01	1.105169e+01	1.062959e+01	1.031948e+01
1.006636e+01	9.550836e+00	9.078744e+00	8.646131e+00	8.251639e+00	7.893774e+00
7.571246e+00	7.282167e+00	7.023987e+00	6.792984e+00	6.583024e+00	6.387623e+00
6.200414e+00	6.007915e+00	5.785171e+00	5.480223e+00	4.986930e+00	4.596221e+00
4.009579e+00	3.289309e+00	2.114854e+00	1.693964e+00	1.306346e+00	1.254412e+00
1.219830e+00	1.214542e+00	1.205740e+00	1.212028e+00	1.153523e+01	1.105184e+01
1.063647e+01	1.033137e+01	1.008292e+01	9.574688e+00	9.108252e+00	8.680419e+00
8.290486e+00	7.937760e+00	7.621832e+00	7.341145e+00	7.093459e+00	6.875360e+00
6.681166e+00	6.503965e+00	6.334973e+00	6.155274e+00	5.938360e+00	5.646777e+00
5.191587e+00	4.830052e+00	4.271340e+00	3.539749e+00	2.234340e+00	1.757366e+00
1.319814e+00	1.260060e+00	1.216419e+00	1.209878e+00	1.207181e+00	1.207361e+00
1.153476e+01	1.105419e+01	1.064106e+01	1.033892e+01	1.009347e+01	9.591670e+00
9.131932e+00	8.711390e+00	8.329224e+00	7.984533e+00	7.676763e+00	7.404452e+00
7.165601e+00	6.957136e+00	6.773753e+00	6.609118e+00	6.455403e+00	6.295070e+00
6.101875e+00	5.833963e+00	5.398365e+00	5.047060e+00	4.500936e+00	3.769761e+00
2.390239e+00	1.851357e+00	1.337042e+00	1.265454e+00	1.214299e+00	1.206870e+00
1.202853e+00	1.203542e+00	1.152495e+01	1.104886e+01	1.064015e+01	1.034095e+01
1.009815e+01	9.601989e+00	9.147982e+00	8.733527e+00	8.357925e+00	8.020340e+00
7.720330e+00	7.456520e+00	7.226921e+00	7.028427e+00	6.855589e+00	6.702219e+00
6.561507e+00	6.417637e+00	6.245932e+00	6.004645e+00	5.600579e+00	5.266396e+00
4.734919e+00	4.000567e+00	2.551578e+00	1.960082e+00	1.359786e+00	1.272071e+00
1.211065e+00	1.205103e+00	1.197145e+00	1.199445e+00	1.151966e+01	1.104710e+01
1.064083e+01	1.034468e+01	1.010456e+01	9.613636e+00	9.164813e+00	8.755837e+00
8.386096e+00	8.054784e+00	7.761500e+00	7.505006e+00	7.283444e+00	7.093865e+00
6.930970e+00	6.788888e+00	6.661582e+00	6.534428e+00	6.383967e+00	6.169004e+00
5.797367e+00	5.482264e+00	4.970064e+00	4.239845e+00	2.728094e+00	2.080504e+00
1.386811e+00	1.281480e+00	1.210047e+00	1.203751e+00	1.192669e+00	1.196274e+00
1.151887e+01	1.105016e+01	1.064763e+01	1.035356e+01	1.011516e+01	9.628270e+00
9.183746e+00	8.779426e+00	8.414609e+00	8.088446e+00	7.800467e+00	7.549642e+00
7.334412e+00	7.152239e+00	6.998393e+00	6.867608e+00	6.754356e+00	6.644502e+00
6.515066e+00	6.325126e+00	5.984229e+00	5.688833e+00	5.200928e+00	4.486238e+00
2.924213e+00	2.213581e+00	1.419464e+00	1.296586e+00	1.210262e+00	1.202685e+00
1.190111e+00	1.194079e+00	1.151478e+01	1.104922e+01	1.065043e+01	1.035870e+01
1.012213e+01	9.639212e+00	9.198633e+00	8.798359e+00	8.437651e+00	8.115699e+00
7.832044e+00	7.585888e+00	7.375917e+00	7.199996e+00	7.053986e+00	6.933325e+00
6.833268e+00	6.740785e+00	6.633696e+00	6.470283e+00	6.160223e+00	5.883545e+00
5.418801e+00	4.726539e+00	3.138553e+00	2.361388e+00	1.456203e+00	1.314792e+00
1.211808e+00	1.201580e+00	1.189355e+00	1.191729e+00	1.150790e+01	1.104778e+01
1.065279e+01	1.036332e+01	1.012846e+01	9.649266e+00	9.212307e+00	8.815667e+00
8.458584e+00	8.140324e+00	7.860477e+00	7.618474e+00	7.413220e+00	7.242965e+00
7.104129e+00	6.992860e+00	6.905255e+00	6.829551e+00	6.744633e+00	6.608261e+00
6.330292e+00	6.073032e+00	5.632278e+00	4.966762e+00	3.368472e+00	2.523500e+00
1.497650e+00	1.336320e+00	1.214902e+00	1.200698e+00	1.188836e+00	1.189558e+00
1.150136e+01	1.104773e+01	1.065730e+01	1.037043e+01	1.013716e+01	9.661484e+00
9.227624e+00	8.833932e+00	8.479727e+00	8.164456e+00	7.887871e+00	7.649579e+00
7.448659e+00	7.283666e+00	7.151412e+00	7.048575e+00	6.971866e+00	6.910372e+00
6.844447e+00	6.734290e+00	6.492847e+00	6.258417e+00	5.843344e+00	5.203871e+00
3.605506e+00	2.701432e+00	1.547324e+00	1.362234e+00	1.218615e+00	1.201151e+00
1.188086e+00	1.188141e+00	1.149404e+01	1.104836e+01	1.066421e+01	1.037978e+01
1.014724e+01	9.674291e+00	9.242823e+00	8.851428e+00	8.499495e+00	8.186670e+00
7.912891e+00	7.677885e+00	7.480854e+00	7.320560e+00	7.194047e+00	7.098383e+00
7.030868e+00	6.981426e+00	6.932181e+00	6.847168e+00	6.644362e+00	6.434954e+00
6.047159e+00	5.433703e+00	3.847636e+00	2.897432e+00	1.609029e+00	1.395239e+00
1.223938e+00	1.203925e+00	1.187104e+00	1.187170e+00	1.148252e+01	1.104653e+01
1.066729e+01	1.038416e+01	1.015026e+01	9.678091e+00	9.248341e+00	8.859418e+00
8.510449e+00	8.200889e+00	7.930496e+00	7.698992e+00	7.505600e+00	7.349067e+00
7.226370e+00	7.135035e+00	7.074146e+00	7.037204e+00	7.008848e+00	6.950042e+00
6.778056e+00	6.590303e+00	6.235437e+00	5.655510e+00	4.086946e+00	3.104987e+00
1.680237e+00	1.434479e+00	1.230365e+00	1.206715e+00	1.185685e+00	1.185766e+00
1.146679e+01	1.104110e+01	1.066932e+01	1.038709e+01	1.015186e+01	9.680094e+00
9.251563e+00	8.864646e+00	8.518338e+00	8.211898e+00	7.944795e+00	7.716654e+00
7.526632e+00	7.373359e+00	7.253639e+00	7.165469e+00	7.110006e+00	7.085066e+00
7.078475e+00	7.045889e+00	6.901244e+00	6.733748e+00	6.414647e+00	5.872828e+00
4.328299e+00	3.325803e+00	1.761651e+00	1.480429e+00	1.238147e+00	1.209926e+00
1.184064e+00	1.184215e+00	1.145022e+01	1.103623e+01	1.067266e+01	1.039190e+01
1.015510e+01	9.683787e+00	9.256601e+00	8.871618e+00	8.527625e+00	8.223753e+00
7.959339e+00	7.733991e+00	7.546891e+00	7.396634e+00	7.279965e+00	7.195276e+00
7.145141e+00	7.130199e+00	7.140770e+00	7.131168e+00	7.015788e+00	6.869598e+00
6.583594e+00	6.080633e+00	4.578129e+00	3.556115e+00	1.852852e+00	1.533438e+00
1.247868e+00	1.213961e+00	1.183618e+00	1.183595e+00	1.143267e+01	1.103241e+01
1.067916e+01	1.040121e+01	1.016300e+01	9.691989e+00	9.265660e+00	8.881812e+00
8.539226e+00	8.237050e+00	7.974592e+00	7.751423e+00	7.566768e+00	7.419206e+00
7.305514e+00	7.224468e+00	7.179405e+00	7.172266e+00	7.195809e+00	7.206170e+00
7.120601e+00	6.995921e+00	6.738978e+00	6.274908e+00	4.835785e+00	3.794022e+00
1.958038e+00	1.597928e+00	1.261455e+00	1.219626e+00	1.183747e+00	1.183475e+00
1.140260e+01	1.101992e+01	1.067690e+01	1.040220e+01	1.016489e+01	9.698445e+00
9.274615e+00	8.891942e+00	8.549605e+00	8.247308e+00	7.984965e+00	7.762408e+00
7.579266e+00	7.434651e+00	7.326079e+00	7.252248e+00	7.214748e+00	7.211546e+00
7.234193e+00	7.254032e+00	7.208241e+00	7.113620e+00	6.886001e+00	6.453406e+00
5.086980e+00	4.040659e+00	2.076070e+00	1.669182e+00	1.275967e+00	1.227275e+00
1.183934e+00	1.183039e+00	1.136665e+01	1.100100e+01	1.067154e+01	1.040151e+01
1.016547e+01	9.702219e+00	9.279840e+00	8.897996e+00	8.556159e+00	8.254159e+00
7.992184e+00	7.770293e+00	7.588531e+00	7.446553e+00	7.342711e+00	7.275713e+00
7.245202e+00	7.244682e+00	7.264535e+00	7.291255e+00	7.282487e+00	7.218280e+00
7.021376e+00	6.619503e+00	5.328568e+00	4.291321e+00	2.208563e+00	1.750575e+00
1.293020e+00	1.235913e+00	1.184325e+00	1.182104e+00	1.134667e+01	1.099343e+01
1.067242e+01	1.040502e+01	1.016764e+01	9.703684e+00	9.280689e+00	8.899099e+00
8.558409e+00	8.258206e+00	7.998331e+00	7.778665e+00	7.599111e+00	7.459127e+00
7.357054e+00	7.291902e+00	7.264011e+00	7.268389e+00	7.297257e+00	7.337163e+00
7.349419e+00	7.304719e+00	7.140751e+00	6.780468e+00	5.559387e+00	4.538186e+00
2.356000e+00	1.847855e+00	1.316417e+00	1.242980e+00	1.185561e+00	1.181356e+00
1.133053e+01	1.098648e+01	1.067232e+01	1.040619e+01	1.016822e+01	9.705162e+00
9.283028e+00	8.902275e+00	8.562430e+00	8.263156e+00	8.004364e+00	7.785956e+00
7.607812e+00	7.469414e+00	7.369231e+00	7.306431e+00	7.281670e+00	7.290435e+00
7.325858e+00	7.376246e+00	7.407916e+00	7.381281e+00	7.248963e+00	6.929332e+00
5.778411e+00	4.787129e+00	2.524350e+00	1.954954e+00	1.341941e+00	1.253722e+00
1.187591e+00	1.181254e+00	1.131821e+01	1.098227e+01	1.067271e+01	1.040808e+01
1.016947e+01	9.707455e+00	9.286413e+00	8.906516e+00	8.567340e+00	8.268747e+00
8.010807e+00	7.793436e+00	7.616484e+00	7.479455e+00	7.380939e+00	7.320248e+00
7.298282e+00	7.310931e+00	7.352084e+00	7.411718e+00	7.460507e+00	7.450127e+00
7.348013e+00	7.068820e+00	5.989830e+00	5.035705e+00	2.709158e+00	2.073826e+00
1.371210e+00	1.266767e+00	1.190334e+00	1.181167e+00	1.130908e+01	1.098004e+01
1.067549e+01	1.041183e+01	1.017277e+01	9.711233e+00	9.290784e+00	8.911418e+00
8.572796e+00	8.274786e+00	8.017570e+00	7.801077e+00	7.625126e+00	7.489239e+00
7.392086e+00	7.333116e+00	7.313419e+00	7.329327e+00	7.375399e+00	7.442987e+00
7.506287e+00	7.509966e+00	7.435689e+00	7.195809e+00	6.189880e+00	5.278255e+00
2.910396e+00	2.207645e+00	1.406431e+00	1.282902e+00	1.194167e+00	1.181070e+00
1.130017e+01	1.097747e+01	1.067715e+01	1.041470e+01	1.017495e+01	9.714055e+00
9.294223e+00	8.915443e+00	8.577411e+00	8.280037e+00	8.023370e+00	7.807560e+00
7.632402e+00	7.497463e+00	7.401445e+00	7.343894e+00	7.326103e+00	7.344734e+00
7.394964e+00	7.469339e+00	7.544982e+00	7.560689e+00	7.511459e+00	7.309100e+00
6.377751e+00	5.512938e+00	3.126172e+00	2.356258e+00	1.447794e+00	1.302628e+00
1.198886e+00	1.181010e+00	1.129126e+01	1.097454e+01	1.067834e+01	1.041687e+01
1.017654e+01	9.716159e+00	9.296809e+00	8.918496e+00	8.580935e+00	8.284073e+00
8.027947e+00	7.812775e+00	7.638345e+00	7.504277e+00	7.409299e+00	7.353034e+00
7.336967e+00	7.358034e+00	7.411978e+00	7.492487e+00	7.579256e+00	7.605774e+00
7.579628e+00	7.413452e+00	6.558595e+00	5.744123e+00	3.356328e+00	2.518943e+00
1.494659e+00	1.325560e+00	1.204372e+00	1.180948e+00	1.128035e+01	1.096942e+01
1.067749e+01	1.041647e+01	1.017592e+01	9.715771e+00	9.296647e+00	8.918572e+00
8.581254e+00	8.284648e+00	8.029168e+00	7.814650e+00	7.640937e+00	7.507697e+00
7.413713e+00	7.358657e+00	7.344163e+00	7.367371e+00	7.424501e+00	7.510471e+00
7.607094e+00	7.642875e+00	7.636639e+00	7.504248e+00	6.728712e+00	5.966327e+00
3.596822e+00	2.695344e+00	1.547745e+00	1.352154e+00	1.210548e+00	1.180675e+00
1.126855e+01	1.096246e+01	1.067411e+01	1.041415e+01	1.017317e+01	9.713512e+00
9.294903e+00	8.917387e+00	8.580642e+00	8.284633e+00	8.029519e+00	7.815420e+00
7.642213e+00	7.509597e+00	7.416400e+00	7.362334e+00	7.349146e+00	7.374127e+00
7.433883e+00	7.524513e+00	7.629581e+00	7.673093e+00	7.683566e+00	7.581716e+00
6.885776e+00	6.176066e+00	3.846311e+00	2.887353e+00	1.610047e+00	1.384693e+00
1.217940e+00	1.180062e+00	1.126371e+01	1.096235e+01	1.067531e+01	1.041602e+01
1.017503e+01	9.715412e+00	9.296849e+00	8.919431e+00	8.582824e+00	8.286962e+00
8.032159e+00	7.818419e+00	7.645709e+00	7.513809e+00	7.421784e+00	7.368929e+00
7.357062e+00	7.383788e+00	7.444212e+00	7.538478e+00	7.651602e+00	7.702344e+00
7.726882e+00	7.651567e+00	7.032980e+00	6.376283e+00	4.102861e+00	3.091713e+00
1.682126e+00	1.424044e+00	1.227219e+00	1.180173e+00	1.126058e+01	1.096321e+01
1.067934e+01	1.042114e+01	1.017985e+01	9.720262e+00	9.301741e+00	8.924484e+00
8.588129e+00	8.292540e+00	8.037533e+00	7.823720e+00	7.651164e+00	7.519722e+00
7.428671e+00	7.376840e+00	7.366069e+00	7.394293e+00	7.454898e+00	7.552267e+00
7.672739e+00	7.729986e+00	7.766777e+00	7.715633e+00	7.173277e+00	6.570025e+00
4.367879e+00	3.309613e+00	1.764226e+00	1.470406e+00	1.238260e+00	1.180519e+00
1.126081e+01	1.096509e+01	1.068313e+01	1.042383e+01	1.018131e+01	9.721488e+00
9.302951e+00	8.925824e+00	8.589689e+00	8.294334e+00	8.040278e+00	7.827155e+00
7.655008e+00	7.523557e+00	7.431326e+00	7.378763e+00	7.367996e+00	7.397280e+00
7.466480e+00	7.569242e+00	7.691959e+00	7.751156e+00	7.796252e+00	7.767701e+00
7.303255e+00	6.749730e+00	4.631522e+00	3.537708e+00	1.856128e+00	1.523357e+00
1.250169e+00	1.180619e+00	1.126913e+01	1.097127e+01	1.068681e+01	1.042480e+01
1.018002e+01	9.718074e+00	9.299328e+00	8.922939e+00	8.588079e+00	8.294147e+00
8.041256e+00	7.829107e+00	7.657529e+00	7.525756e+00	7.431790e+00	7.375864e+00
7.362747e+00	7.397314e+00	7.479917e+00	7.592612e+00	7.709352e+00	7.766182e+00
7.816095e+00	7.807664e+00	7.421326e+00	6.911453e+00	4.887809e+00	3.774901e+00
1.961849e+00	1.586692e+00	1.263336e+00	1.180478e+00	1.126822e+01	1.097078e+01
1.068637e+01	1.042414e+01	1.017824e+01	9.715730e+00	9.297135e+00	8.921134e+00
8.586822e+00	8.293635e+00	8.041134e+00	7.829238e+00	7.657870e+00	7.526349e+00
7.432281e+00	7.375618e+00	7.362246e+00	7.398191e+00	7.485810e+00	7.602351e+00
7.720687e+00	7.779422e+00	7.835707e+00	7.843380e+00	7.520279e+00	7.061285e+00
5.140452e+00	4.015353e+00	2.083483e+00	1.659081e+00	1.278639e+00	1.180210e+00
1.126204e+01	1.096739e+01	1.068479e+01	1.042294e+01	1.017714e+01	9.714915e+00
9.296469e+00	8.920583e+00	8.586371e+00	8.293227e+00	8.040869e+00	7.829172e+00
7.658023e+00	7.526796e+00	7.433070e+00	7.376986e+00	7.364266e+00	7.401101e+00
7.489209e+00	7.607363e+00	7.729211e+00	7.791501e+00	7.854705e+00	7.875285e+00
7.604317e+00	7.198339e+00	5.386445e+00	4.258203e+00	2.222855e+00	1.743526e+00
1.296760e+00	1.179999e+00	1.125894e+01	1.096633e+01	1.068506e+01	1.042353e+01
1.017757e+01	9.715622e+00	9.297309e+00	8.921512e+00	8.587396e+00	8.294306e+00
8.041977e+00	7.830437e+00	7.659461e+00	7.528398e+00	7.435154e+00	7.379535e+00
7.367313e+00	7.404639e+00	7.492845e+00	7.612238e+00	7.737412e+00	7.803305e+00
7.872151e+00	7.903533e+00	7.680039e+00	7.321656e+00	5.622540e+00	4.504619e+00
2.377175e+00	1.843608e+00	1.318195e+00	1.180009e+00	1.124150e+01	1.095523e+01
1.067956e+01	1.042146e+01	1.017745e+01	9.717482e+00	9.299680e+00	8.923588e+00
8.588708e+00	8.294740e+00	8.041770e+00	7.829767e+00	7.658762e+00	7.528448e+00
7.437297e+00	7.385603e+00	7.376597e+00	7.410918e+00	7.488112e+00	7.601507e+00
7.739825e+00	7.815585e+00	7.891060e+00	7.927567e+00	7.744499e+00	7.431634e+00
5.847876e+00	4.751187e+00	2.545853e+00	1.959584e+00	1.342795e+00	1.179822e+00
1.123267e+01	1.095054e+01	1.067723e+01	1.042071e+01	1.017756e+01	9.719253e+00
9.301671e+00	8.925316e+00	8.589924e+00	8.295334e+00	8.041818e+00	7.829628e+00
7.658633e+00	7.528721e+00	7.439271e+00	7.389796e+00	7.382551e+00	7.415538e+00
7.486389e+00	7.597256e+00	7.743212e+00	7.825471e+00	7.906680e+00	7.950742e+00
7.804863e+00	7.529036e+00	6.063594e+00	4.999524e+00	2.729086e+00	2.088477e+00
1.371226e+00	1.179740e+00	1.123143e+01	1.095054e+01	1.067856e+01	1.042237e+01
1.017918e+01	9.720525e+00	9.302813e+00	8.926348e+00	8.590912e+00	8.296425e+00
8.043165e+00	7.831174e+00	7.660391e+00	7.530607e+00	7.440980e+00	7.391602e+00
7.384603e+00	7.417991e+00	7.490188e+00	7.602574e+00	7.750097e+00	7.832624e+00
7.918290e+00	7.973698e+00	7.862163e+00	7.613283e+00	6.267219e+00	5.247822e+00
2.928288e+00	2.231357e+00	1.404972e+00	1.179761e+00	