3.082079e-01	3.179142e-01	3.277878e-01	3.379271e-01	3.483034e-01	3.696978e-01
3.918877e-01	4.148518e-01	4.383943e-01	4.624436e-01	4.867765e-01	5.112469e-01
5.355560e-01	5.596078e-01	5.833428e-01	6.066095e-01	6.287805e-01	6.489517e-01
6.660909e-01	6.795136e-01	6.895998e-01	6.957283e-01	7.088079e-01	7.275291e-01
7.500978e-01	7.555515e-01	7.607428e-01	7.614390e-01	7.619177e-01	7.619992e-01
7.621184e-01	7.568437e-01	3.439805e-01	3.544662e-01	3.651205e-01	3.760452e-01
3.872105e-01	4.101916e-01	4.339702e-01	4.585170e-01	4.836215e-01	5.092018e-01
5.350208e-01	5.609225e-01	5.865974e-01	6.119512e-01	6.369405e-01	6.614272e-01
6.847693e-01	7.060444e-01	7.242076e-01	7.385979e-01	7.496299e-01	7.562508e-01
7.699210e-01	7.892279e-01	8.125166e-01	8.181749e-01	8.235111e-01	8.242228e-01
8.247183e-01	8.248010e-01	8.249254e-01	8.196334e-01	3.839050e-01	3.952208e-01
4.067052e-01	4.184630e-01	4.304637e-01	4.551208e-01	4.805716e-01	5.067782e-01
5.335146e-01	5.606879e-01	5.880466e-01	6.154249e-01	6.425033e-01	6.691905e-01
6.954628e-01	7.211985e-01	7.457435e-01	7.681598e-01	7.873951e-01	8.028196e-01
8.148855e-01	8.220384e-01	8.363033e-01	8.561591e-01	8.801294e-01	8.859889e-01
8.914583e-01	8.921835e-01	8.926952e-01	8.927787e-01	8.929084e-01	8.876322e-01
4.284635e-01	4.406610e-01	4.530260e-01	4.656655e-01	4.785486e-01	5.049711e-01
5.321774e-01	5.601191e-01	5.885550e-01	6.173798e-01	6.463277e-01	6.752230e-01
7.037373e-01	7.317837e-01	7.593621e-01	7.863713e-01	8.121470e-01	8.357400e-01
8.560957e-01	8.726255e-01	8.858217e-01	8.935489e-01	9.084090e-01	9.287665e-01
9.533686e-01	9.594236e-01	9.650119e-01	9.657478e-01	9.662750e-01	9.663589e-01
9.664939e-01	9.612725e-01	4.781937e-01	4.913257e-01	5.046225e-01	5.181925e-01
5.320047e-01	5.602817e-01	5.893247e-01	6.190743e-01	6.492736e-01	6.798039e-01
7.103851e-01	7.408315e-01	7.708073e-01	8.002316e-01	8.291325e-01	8.574335e-01
8.844633e-01	9.092656e-01	9.307905e-01	9.485010e-01	9.629330e-01	9.712802e-01
9.867316e-01	1.007531e+00	1.032702e+00	1.038945e+00	1.044634e+00	1.045378e+00
1.045920e+00	1.046003e+00	1.046144e+00	1.041022e+00	5.336960e-01	5.478156e-01
5.620955e-01	5.766445e-01	5.914322e-01	6.216505e-01	6.526088e-01	6.842350e-01
7.162562e-01	7.485397e-01	7.807912e-01	8.128148e-01	8.442694e-01	8.750819e-01
9.053134e-01	9.349175e-01	9.632190e-01	9.892598e-01	1.012002e+00	1.030974e+00
1.046757e+00	1.055774e+00	1.071807e+00	1.092976e+00	1.118638e+00	1.125057e+00
1.130826e+00	1.131574e+00	1.132129e+00	1.132212e+00	1.132357e+00	1.127388e+00
5.956402e-01	6.108004e-01	6.261143e-01	6.416898e-01	6.574980e-01	6.897413e-01
7.226886e-01	7.562541e-01	7.901492e-01	8.242256e-01	8.581752e-01	8.917925e-01
9.247328e-01	9.569333e-01	9.884939e-01	1.019403e+00	1.048987e+00	1.076292e+00
1.100300e+00	1.120618e+00	1.137877e+00	1.147617e+00	1.164218e+00	1.185667e+00
1.211724e+00	1.218307e+00	1.224130e+00	1.224877e+00	1.225444e+00	1.225526e+00
1.225676e+00	1.220919e+00	6.647740e-01	6.810268e-01	6.974243e-01	7.140723e-01
7.309436e-01	7.652901e-01	8.002938e-01	8.358535e-01	8.716654e-01	9.075641e-01
9.432287e-01	9.784441e-01	1.012865e+00	1.046441e+00	1.079317e+00	1.111524e+00
1.142393e+00	1.170980e+00	1.196302e+00	1.218057e+00	1.236930e+00	1.247450e+00
1.264596e+00	1.286219e+00	1.312557e+00	1.319286e+00	1.325132e+00	1.325873e+00
1.326450e+00	1.326530e+00	1.326685e+00	1.322209e+00	7.419319e-01	7.593274e-01
7.768560e-01	7.946194e-01	8.125935e-01	8.491140e-01	8.862326e-01	9.238312e-01
9.615912e-01	9.993291e-01	1.036712e+00	1.073515e+00	1.109396e+00	1.144320e+00
1.178485e+00	1.211970e+00	1.244115e+00	1.273999e+00	1.300680e+00	1.323968e+00
1.344606e+00	1.355968e+00	1.373629e+00	1.395298e+00	1.421780e+00	1.428634e+00
1.434467e+00	1.435197e+00	1.435782e+00	1.435859e+00	1.436019e+00	1.431903e+00
8.280453e-01	8.466306e-01	8.653345e-01	8.842523e-01	9.033640e-01	9.421193e-01
9.813999e-01	1.021069e+00	1.060794e+00	1.100373e+00	1.139460e+00	1.177824e+00
1.215128e+00	1.251355e+00	1.286764e+00	1.321492e+00	1.354895e+00	1.386081e+00
1.414165e+00	1.439088e+00	1.461654e+00	1.473926e+00	1.492063e+00	1.513627e+00
1.540092e+00	1.547046e+00	1.552824e+00	1.553535e+00	1.554126e+00	1.554198e+00
1.554363e+00	1.550698e+00	9.241536e-01	9.439714e-01	9.638901e-01	9.839958e-01
1.004274e+00	1.045312e+00	1.086787e+00	1.128542e+00	1.170232e+00	1.211633e+00
1.252392e+00	1.292268e+00	1.330936e+00	1.368402e+00	1.404993e+00	1.440912e+00
1.475540e+00	1.508024e+00	1.537551e+00	1.564218e+00	1.588892e+00	1.602145e+00
1.620708e+00	1.641992e+00	1.668250e+00	1.675272e+00	1.680946e+00	1.681630e+00
1.682224e+00	1.682291e+00	1.682459e+00	1.679347e+00	1.031417e+00	1.052504e+00
1.073670e+00	1.094990e+00	1.116456e+00	1.159807e+00	1.203490e+00	1.247326e+00
1.290959e+00	1.334142e+00	1.376516e+00	1.417832e+00	1.457781e+00	1.496396e+00
1.534084e+00	1.571123e+00	1.606927e+00	1.640695e+00	1.671703e+00	1.700228e+00
1.727206e+00	1.741519e+00	1.760445e+00	1.781242e+00	1.807071e+00	1.814125e+00
1.819640e+00	1.820288e+00	1.820880e+00	1.820940e+00	1.821113e+00	1.818670e+00
1.151130e+00	1.173515e+00	1.195954e+00	1.218505e+00	1.241170e+00	1.286843e+00
1.332726e+00	1.378613e+00	1.424142e+00	1.469039e+00	1.512942e+00	1.555596e+00
1.596716e+00	1.636363e+00	1.675036e+00	1.713101e+00	1.750013e+00	1.785038e+00
1.817560e+00	1.848064e+00	1.877560e+00	1.893016e+00	1.912230e+00	1.932302e+00
1.957445e+00	1.964488e+00	1.969777e+00	1.970378e+00	1.970965e+00	1.971017e+00
1.971192e+00	1.969552e+00	1.284737e+00	1.308439e+00	1.332165e+00	1.355952e+00
1.379814e+00	1.427794e+00	1.475839e+00	1.523719e+00	1.571064e+00	1.617576e+00
1.662889e+00	1.706747e+00	1.748891e+00	1.789421e+00	1.828939e+00	1.867909e+00
1.905840e+00	1.942080e+00	1.976144e+00	2.008755e+00	2.041003e+00	2.057693e+00
2.077101e+00	2.096173e+00	2.120332e+00	2.127314e+00	2.132302e+00	2.132844e+00
2.133420e+00	2.133462e+00	2.133640e+00	2.132951e+00	1.433852e+00	1.458876e+00
1.483889e+00	1.508903e+00	1.533946e+00	1.584183e+00	1.634321e+00	1.684098e+00
1.733144e+00	1.781131e+00	1.827698e+00	1.872584e+00	1.915570e+00	1.956796e+00
1.996982e+00	2.036707e+00	2.075543e+00	2.112938e+00	2.148563e+00	2.183418e+00
2.218673e+00	2.236695e+00	2.256188e+00	2.273941e+00	2.296774e+00	2.303635e+00
2.308236e+00	2.308706e+00	2.309266e+00	2.309296e+00	2.309476e+00	2.309906e+00
1.601399e+00	1.627572e+00	1.653712e+00	1.679811e+00	1.705914e+00	1.758228e+00
1.810357e+00	1.861997e+00	1.912761e+00	1.962242e+00	2.010026e+00	2.055833e+00
2.099491e+00	2.141199e+00	2.181846e+00	2.222165e+00	2.261804e+00	2.300319e+00
2.337587e+00	2.375076e+00	2.414184e+00	2.433928e+00	2.453312e+00	2.468979e+00
2.489926e+00	2.496679e+00	2.500717e+00	2.501076e+00	2.501619e+00	2.501633e+00
2.501822e+00	2.503809e+00	1.787606e+00	1.814991e+00	1.842305e+00	1.869506e+00
1.896659e+00	1.950968e+00	2.004921e+00	2.058172e+00	2.110335e+00	2.160949e+00
2.209592e+00	2.255974e+00	2.299985e+00	2.341884e+00	2.382721e+00	2.423390e+00
2.463629e+00	2.503133e+00	2.542001e+00	2.582122e+00	2.625037e+00	2.646442e+00
2.665599e+00	2.679007e+00	2.697716e+00	2.704232e+00	2.707643e+00	2.707888e+00
2.708403e+00	2.708399e+00	2.708590e+00	2.712195e+00	1.989421e+00	2.018936e+00
2.048229e+00	2.077143e+00	2.105772e+00	2.162442e+00	2.217934e+00	2.271929e+00
2.324179e+00	2.374464e+00	2.422716e+00	2.468761e+00	2.512542e+00	2.554309e+00
2.595086e+00	2.635777e+00	2.676259e+00	2.716502e+00	2.756760e+00	2.798426e+00
2.842304e+00	2.863864e+00	2.882995e+00	2.895996e+00	2.912845e+00	2.918532e+00
2.921634e+00	2.921876e+00	2.922317e+00	2.922303e+00	2.922447e+00	2.926593e+00
2.206700e+00	2.239429e+00	2.271657e+00	2.303020e+00	2.333641e+00	2.393130e+00
2.449837e+00	2.503566e+00	2.554378e+00	2.602640e+00	2.649052e+00	2.693666e+00
2.736471e+00	2.777630e+00	2.817951e+00	2.858202e+00	2.898430e+00	2.938966e+00
2.980124e+00	3.021958e+00	3.063825e+00	3.084065e+00	3.103356e+00	3.117768e+00
3.133260e+00	3.137592e+00	3.140714e+00	3.141062e+00	3.141389e+00	3.141378e+00
3.141428e+00	3.144901e+00	2.439501e+00	2.475332e+00	2.510416e+00	2.544193e+00
2.576814e+00	2.639217e+00	2.697256e+00	2.750757e+00	2.800018e+00	2.845896e+00
2.889741e+00	2.931829e+00	2.972250e+00	3.011235e+00	3.049667e+00	3.088349e+00
3.127285e+00	3.166554e+00	3.206260e+00	3.246679e+00	3.287521e+00	3.307443e+00
3.326514e+00	3.340712e+00	3.355196e+00	3.358893e+00	3.361823e+00	3.362182e+00
3.362459e+00	3.362458e+00	3.362487e+00	3.364748e+00	2.690070e+00	2.729136e+00
2.767197e+00	2.803482e+00	2.838172e+00	2.903540e+00	2.962809e+00	3.015809e+00
3.063049e+00	3.105876e+00	3.146267e+00	3.184734e+00	3.221514e+00	3.256992e+00
3.292307e+00	3.328381e+00	3.365051e+00	3.401771e+00	3.438298e+00	3.476017e+00
3.515996e+00	3.536014e+00	3.554592e+00	3.567712e+00	3.581409e+00	3.584861e+00
3.587493e+00	3.587811e+00	3.588075e+00	3.588090e+00	3.588140e+00	3.588680e+00
2.957317e+00	3.000209e+00	3.041673e+00	3.080595e+00	3.117218e+00	3.184744e+00
3.243983e+00	3.295185e+00	3.339211e+00	3.377992e+00	3.414215e+00	3.448549e+00
3.481186e+00	3.512470e+00	3.543559e+00	3.575409e+00	3.607920e+00	3.640648e+00
3.673501e+00	3.707959e+00	3.745410e+00	3.764603e+00	3.782390e+00	3.794765e+00
3.807401e+00	3.810573e+00	3.812960e+00	3.813241e+00	3.813479e+00	3.813516e+00
3.813601e+00	3.812238e+00	3.239078e+00	3.286353e+00	3.331602e+00	3.373224e+00
3.411547e+00	3.480168e+00	3.537808e+00	3.585566e+00	3.624857e+00	3.658401e+00
3.689795e+00	3.719732e+00	3.748010e+00	3.774562e+00	3.800194e+00	3.825755e+00
3.851622e+00	3.878605e+00	3.907506e+00	3.938299e+00	3.971118e+00	3.988283e+00
4.004984e+00	4.017194e+00	4.028447e+00	4.031304e+00	4.033538e+00	4.033794e+00
4.033987e+00	4.034052e+00	4.034197e+00	4.030761e+00	3.530563e+00	3.587848e+00
3.641089e+00	3.687111e+00	3.726695e+00	3.791750e+00	3.841905e+00	3.883798e+00
3.919098e+00	3.949190e+00	3.975954e+00	3.999893e+00	4.021389e+00	4.040903e+00
4.059380e+00	4.077855e+00	4.096891e+00	4.117615e+00	4.140979e+00	4.166307e+00
4.193375e+00	4.208067e+00	4.223129e+00	4.234745e+00	4.244662e+00	4.247055e+00
4.249096e+00	4.249308e+00	4.249486e+00	4.249600e+00	4.249650e+00	4.244518e+00
3.836216e+00	3.901519e+00	3.961050e+00	4.010566e+00	4.051259e+00	4.113735e+00
4.157638e+00	4.193525e+00	4.223371e+00	4.247634e+00	4.267168e+00	4.282644e+00
4.295291e+00	4.306311e+00	4.316928e+00	4.328339e+00	4.340842e+00	4.354759e+00
4.370416e+00	4.387987e+00	4.408391e+00	4.420353e+00	4.433235e+00	4.443589e+00
4.452002e+00	4.453921e+00	4.455715e+00	4.455875e+00	4.456032e+00	4.456178e+00
4.456139e+00	4.449636e+00	4.166777e+00	4.222938e+00	4.275900e+00	4.323227e+00
4.365357e+00	4.436447e+00	4.488568e+00	4.522345e+00	4.540651e+00	4.548901e+00
4.554117e+00	4.558116e+00	4.561370e+00	4.564424e+00	4.568131e+00	4.573275e+00
4.579483e+00	4.585617e+00	4.591104e+00	4.598579e+00	4.611616e+00	4.620702e+00
4.630846e+00	4.639021e+00	4.645305e+00	4.646935e+00	4.648412e+00	4.648526e+00
4.648600e+00	4.648698e+00	4.648828e+00	4.641285e+00	4.497265e+00	4.555186e+00
4.609446e+00	4.657268e+00	4.699161e+00	4.767940e+00	4.814950e+00	4.840857e+00
4.849152e+00	4.846297e+00	4.840544e+00	4.834021e+00	4.827191e+00	4.820623e+00
4.814994e+00	4.810965e+00	4.808083e+00	4.804984e+00	4.800984e+00	4.799068e+00
4.803340e+00	4.808450e+00	4.814883e+00	4.820406e+00	4.824253e+00	4.825316e+00
4.826336e+00	4.826394e+00	4.826430e+00	4.826527e+00	4.826545e+00	4.819527e+00
4.836303e+00	4.896325e+00	4.951896e+00	4.999599e+00	5.040118e+00	5.103484e+00
5.142172e+00	5.158010e+00	5.155036e+00	5.140348e+00	5.122870e+00	5.104941e+00
5.087073e+00	5.069916e+00	5.053962e+00	5.039739e+00	5.026772e+00	5.013586e+00
4.999458e+00	4.987544e+00	4.982267e+00	4.982846e+00	4.984697e+00	4.986663e+00
4.987615e+00	4.987974e+00	4.988393e+00	4.988393e+00	4.988384e+00	4.988461e+00
4.988435e+00	4.982860e+00	5.179843e+00	5.239573e+00	5.294293e+00	5.340162e+00
5.377992e+00	5.434122e+00	5.463102e+00	5.467192e+00	5.451042e+00	5.422652e+00
5.391912e+00	5.361402e+00	5.331632e+00	5.303232e+00	5.276463e+00	5.251633e+00
5.228183e+00	5.204403e+00	5.179463e+00	5.156893e+00	5.141583e+00	5.137233e+00
5.133653e+00	5.131053e+00	5.128653e+00	5.128203e+00	5.127873e+00	5.127813e+00
5.127743e+00	5.127773e+00	5.127813e+00	5.124543e+00	5.525044e+00	5.582782e+00
5.634959e+00	5.677329e+00	5.710857e+00	5.756745e+00	5.773358e+00	5.763421e+00
5.732220e+00	5.688596e+00	5.643374e+00	5.599258e+00	5.556862e+00	5.516650e+00
5.478660e+00	5.442913e+00	5.408719e+00	5.374092e+00	5.338047e+00	5.304532e+00
5.278831e+00	5.269221e+00	5.259542e+00	5.251618e+00	5.245548e+00	5.244212e+00
5.243022e+00	5.242879e+00	5.242752e+00	5.242729e+00	5.242687e+00	5.242610e+00
5.876931e+00	5.931206e+00	5.979372e+00	6.016781e+00	6.044578e+00	6.077533e+00
6.079344e+00	6.053243e+00	6.005173e+00	5.944805e+00	5.883864e+00	5.825152e+00
5.769396e+00	5.716820e+00	5.667221e+00	5.620272e+00	5.575122e+00	5.529464e+00
5.482118e+00	5.437441e+00	5.401041e+00	5.385908e+00	5.369691e+00	5.355990e+00
5.346046e+00	5.343771e+00	5.341650e+00	5.341416e+00	5.341233e+00	5.341153e+00
5.341039e+00	5.344527e+00	6.230690e+00	6.279497e+00	6.321644e+00	6.352095e+00
6.372210e+00	6.388559e+00	6.372250e+00	6.327088e+00	6.259717e+00	6.180636e+00
6.102390e+00	6.027959e+00	5.958086e+00	5.892713e+00	5.831362e+00	5.773240e+00
5.717299e+00	5.660826e+00	5.602330e+00	5.546502e+00	5.499161e+00	5.478194e+00
5.454938e+00	5.434990e+00	5.421132e+00	5.417679e+00	5.414362e+00	5.414021e+00
5.413776e+00	5.413624e+00	5.413650e+00	5.421515e+00	6.580724e+00	6.621789e+00
6.655686e+00	6.677013e+00	6.687385e+00	6.683400e+00	6.645789e+00	6.578974e+00
6.490299e+00	6.391051e+00	6.294456e+00	6.203717e+00	6.119477e+00	6.041338e+00
5.968505e+00	5.899625e+00	5.833428e+00	5.766737e+00	5.697685e+00	5.631217e+00
5.573247e+00	5.546511e+00	5.516274e+00	5.490150e+00	5.472433e+00	5.467928e+00
5.463537e+00	5.463101e+00	5.462805e+00	5.462588e+00	5.462808e+00	5.474569e+00
6.926852e+00	6.957549e+00	6.980589e+00	6.990249e+00	6.988426e+00	6.959583e+00
6.896702e+00	6.804850e+00	6.692124e+00	6.570608e+00	6.454050e+00	6.346000e+00
6.246890e+00	6.155937e+00	6.072043e+00	5.993218e+00	5.918127e+00	5.840075e+00
5.758956e+00	5.679831e+00	5.608161e+00	5.573582e+00	5.533850e+00	5.499018e+00
5.474661e+00	5.469822e+00	5.465117e+00	5.464650e+00	5.464335e+00	5.464101e+00
5.464313e+00	5.476940e+00	7.273387e+00	7.291525e+00	7.301583e+00	7.297550e+00
7.281635e+00	7.224591e+00	7.133715e+00	7.014722e+00	6.876456e+00	6.731750e+00
6.594739e+00	6.469297e+00	6.355538e+00	6.252218e+00	6.157891e+00	6.069899e+00
5.986853e+00	5.898235e+00	5.806033e+00	5.715514e+00	5.631944e+00	5.590913e+00
5.543904e+00	5.503065e+00	5.474676e+00	5.468756e+00	5.463000e+00	5.462429e+00
5.462053e+00	5.461762e+00	5.461905e+00	5.476989e+00	7.618535e+00	7.621102e+00
7.615292e+00	7.594920e+00	7.562505e+00	7.473086e+00	7.350792e+00	7.201779e+00
7.035451e+00	6.865169e+00	6.705302e+00	6.559956e+00	6.429310e+00	6.311873e+00
6.203643e+00	6.102154e+00	6.005113e+00	5.912176e+00	5.816271e+00	5.721881e+00
5.634269e+00	5.591132e+00	5.541858e+00	5.499228e+00	5.469583e+00	5.461954e+00
5.454589e+00	5.453859e+00	5.453387e+00	5.453015e+00	5.453080e+00	5.471621e+00
7.956818e+00	7.940023e+00	7.914933e+00	7.875435e+00	7.824306e+00	7.699436e+00
7.544066e+00	7.364126e+00	7.169217e+00	6.972885e+00	6.789479e+00	6.623693e+00
6.476928e+00	6.348682e+00	6.226937e+00	6.113482e+00	6.005818e+00	5.903795e+00
5.798411e+00	5.693907e+00	5.595382e+00	5.546721e+00	5.492035e+00	5.445185e+00
5.411003e+00	5.402494e+00	5.394498e+00	5.393677e+00	5.393111e+00	5.392749e+00
5.393016e+00	5.409639e+00	8.287475e+00	8.256146e+00	8.214668e+00	8.155643e+00
8.082707e+00	7.911595e+00	7.710083e+00	7.489330e+00	7.260815e+00	7.039424e+00
6.840743e+00	6.664684e+00	6.503626e+00	6.353338e+00	6.223712e+00	6.102767e+00
5.988952e+00	5.874472e+00	5.758726e+00	5.645230e+00	5.535987e+00	5.480460e+00
5.421012e+00	5.372452e+00	5.333516e+00	5.323803e+00	5.315327e+00	5.314415e+00
5.313734e+00	5.313410e+00	5.313668e+00	5.326643e+00	8.607808e+00	8.564493e+00
8.507865e+00	8.428271e+00	8.330728e+00	8.105608e+00	7.851034e+00	7.587047e+00
7.326117e+00	7.082119e+00	6.867124e+00	6.680174e+00	6.511450e+00	6.349950e+00
6.195352e+00	6.054839e+00	5.925503e+00	5.802180e+00	5.680675e+00	5.562359e+00
5.444550e+00	5.382799e+00	5.321072e+00	5.273934e+00	5.230560e+00	5.219554e+00
5.210783e+00	5.209761e+00	5.208961e+00	5.208721e+00	5.208737e+00	5.215583e+00
8.916108e+00	8.857832e+00	8.783363e+00	8.680944e+00	8.557071e+00	8.276324e+00
7.969866e+00	7.666365e+00	7.376466e+00	7.108717e+00	6.875401e+00	6.668692e+00
6.478682e+00	6.298881e+00	6.131837e+00	5.979601e+00	5.839705e+00	5.707298e+00
5.577585e+00	5.448720e+00	5.320694e+00	5.258291e+00	5.196893e+00	5.149270e+00
5.102075e+00	5.090506e+00	5.081270e+00	5.080049e+00	5.079181e+00	5.079064e+00
5.078976e+00	5.078230e+00	9.199300e+00	9.136888e+00	9.055298e+00	8.936465e+00
8.787310e+00	8.441374e+00	8.067611e+00	7.717484e+00	7.398333e+00	7.108293e+00
6.856810e+00	6.630573e+00	6.421703e+00	6.225454e+00	6.043602e+00	5.878258e+00
5.726693e+00	5.584123e+00	5.445139e+00	5.305152e+00	5.167637e+00	5.105418e+00
5.044959e+00	4.996974e+00	4.945872e+00	4.934021e+00	4.924383e+00	4.922929e+00
4.921981e+00	4.922015e+00	4.921903e+00	4.913233e+00	9.538795e+00	9.423487e+00
9.287804e+00	9.120507e+00	8.931766e+00	8.532252e+00	8.130052e+00	7.756481e+00
7.414471e+00	7.106356e+00	6.828057e+00	6.577013e+00	6.346243e+00	6.131106e+00
5.932393e+00	5.751804e+00	5.587171e+00	5.434940e+00	5.290003e+00	5.143643e+00
4.996090e+00	4.929202e+00	4.867256e+00	4.820638e+00	4.767307e+00	4.753874e+00
4.744058e+00	4.742686e+00	4.741547e+00	4.741619e+00	4.741539e+00	4.726401e+00
9.950236e+00	9.711684e+00	9.473893e+00	9.238152e+00	9.007813e+00	8.571710e+00
8.163395e+00	7.781617e+00	7.425385e+00	7.093719e+00	6.786250e+00	6.503857e+00
6.244820e+00	6.006969e+00	5.788523e+00	5.589611e+00	5.409965e+00	5.249004e+00
5.103216e+00	4.957538e+00	4.798857e+00	4.719527e+00	4.651670e+00	4.608638e+00
4.555645e+00	4.538630e+00	4.528918e+00	4.528118e+00	4.526637e+00	4.526557e+00
4.526557e+00	4.508483e+00	1.022616e+01	9.942349e+00	9.661029e+00	9.386953e+00
9.124239e+00	8.639448e+00	8.187173e+00	7.769939e+00	7.392670e+00	7.036200e+00
6.700048e+00	6.393405e+00	6.114371e+00	5.859977e+00	5.626520e+00	5.412799e+00
5.219310e+00	5.045519e+00	4.888539e+00	4.733322e+00	4.565548e+00	4.481343e+00
4.409541e+00	4.364401e+00	4.309223e+00	4.291366e+00	4.281216e+00	4.280444e+00
4.278920e+00	4.278810e+00	4.278749e+00	4.263513e+00	1.046107e+01	1.014860e+01
9.839855e+00	9.538852e+00	9.248863e+00	8.708506e+00	8.203904e+00	7.742384e+00
7.322106e+00	6.934572e+00	6.579400e+00	6.256917e+00	5.964135e+00	5.697100e+00
5.451344e+00	5.224708e+00	5.018088e+00	4.829964e+00	4.657538e+00	4.488568e+00
4.313171e+00	4.227440e+00	4.152291e+00	4.102282e+00	4.044027e+00	4.026722e+00
4.015880e+00	4.014891e+00	4.013477e+00	4.013372e+00	4.013201e+00	4.004357e+00
1.068117e+01	1.033362e+01	9.991431e+00	9.659408e+00	9.340323e+00	8.741314e+00
8.199978e+00	7.702422e+00	7.244442e+00	6.827957e+00	6.451080e+00	6.110684e+00
5.802695e+00	5.522243e+00	5.263706e+00	5.023894e+00	4.803919e+00	4.602050e+00
4.415556e+00	4.234308e+00	4.050926e+00	3.962317e+00	3.882734e+00	3.827591e+00
3.766628e+00	3.750112e+00	3.738485e+00	3.737291e+00	3.736012e+00	3.735845e+00
3.735636e+00	3.735122e+00	1.087999e+01	1.049500e+01	1.011753e+01	9.753893e+00
9.406425e+00	8.756976e+00	8.167400e+00	7.631955e+00	7.144519e+00	6.702793e+00
6.305175e+00	5.947445e+00	5.624501e+00	5.330718e+00	5.059314e+00	4.806146e+00
4.572289e+00	4.356497e+00	4.156037e+00	3.962860e+00	3.771515e+00	3.679528e+00
3.594566e+00	3.533345e+00	3.469895e+00	3.454585e+00	3.442056e+00	3.440627e+00
3.439521e+00	3.439244e+00	3.439063e+00	3.448686e+00	1.106881e+01	1.063943e+01
1.022052e+01	9.820979e+00	9.441593e+00	8.747838e+00	8.119462e+00	7.549930e+00
7.037474e+00	6.575969e+00	6.161487e+00	5.788689e+00	5.451659e+00	5.144112e+00
4.858454e+00	4.589999e+00	4.340055e+00	4.108988e+00	3.894796e+00	3.691398e+00
3.495018e+00	3.401307e+00	3.312171e+00	3.245757e+00	3.181158e+00	3.165869e+00
3.152896e+00	3.151394e+00	3.150289e+00	3.149976e+00	3.149878e+00	3.161543e+00
1.124979e+01	1.077274e+01	1.031050e+01	9.875186e+00	9.466228e+00	8.719509e+00
8.052407e+00	7.455848e+00	6.923667e+00	6.446788e+00	6.018300e+00	5.632170e+00
5.281958e+00	4.960863e+00	4.660754e+00	4.376678e+00	4.110274e+00	3.864040e+00
3.637039e+00	3.424934e+00	3.225357e+00	3.130920e+00	3.038656e+00	2.968065e+00
2.903137e+00	2.887312e+00	2.874191e+00	2.872701e+00	2.871513e+00	2.871207e+00
2.871213e+00	2.880288e+00	1.142209e+01	1.089906e+01	1.039535e+01	9.926143e+00
9.489248e+00	8.693173e+00	7.989585e+00	7.366412e+00	6.814457e+00	6.322096e+00
5.879645e+00	5.480407e+00	5.117678e+00	4.784378e+00	4.472149e+00	4.175856e+00
3.896976e+00	3.638564e+00	3.400357e+00	3.179024e+00	2.973679e+00	2.877451e+00
2.783361e+00	2.711204e+00	2.645145e+00	2.628873e+00	2.615714e+00	2.614212e+00
2.612951e+00	2.612693e+00	2.612712e+00	2.617732e+00	1.158291e+01	1.101643e+01
1.047382e+01	9.973091e+00	9.510213e+00	8.668819e+00	7.931442e+00	7.281758e+00
6.709647e+00	6.201402e+00	5.744775e+00	5.332439e+00	4.957737e+00	4.613587e+00
4.291730e+00	3.986856e+00	3.699608e+00	3.431823e+00	3.183588e+00	2.951861e+00
2.737414e+00	2.638040e+00	2.543523e+00	2.472683e+00	2.404437e+00	2.387768e+00
2.374674e+00	2.373129e+00	2.371801e+00	2.371640e+00	2.371574e+00	2.370536e+00
1.173825e+01	1.113090e+01	1.055199e+01	1.002259e+01	9.536055e+00	8.655555e+00
7.885630e+00	7.211792e+00	6.620780e+00	6.097307e+00	5.627126e+00	5.202201e+00
4.815944e+00	4.461352e+00	4.130284e+00	3.817357e+00	3.522535e+00	3.246678e+00
2.990136e+00	2.749991e+00	2.527369e+00	2.424408e+00	2.327748e+00	2.256228e+00
2.186335e+00	2.169455e+00	2.156375e+00	2.154800e+00	2.153428e+00	2.153319e+00
2.153126e+00	2.149666e+00	1.188947e+01	1.124405e+01	1.063167e+01	1.007673e+01
9.569571e+00	8.651715e+00	7.855370e+00	7.159221e+00	6.551026e+00	6.013224e+00
5.530154e+00	5.093174e+00	4.695741e+00	4.330981e+00	3.990910e+00	3.670170e+00
3.368243e+00	3.085311e+00	2.821763e+00	2.574786e+00	2.344606e+00	2.237586e+00
2.137182e+00	2.063149e+00	1.991881e+00	1.974871e+00	1.961701e+00	1.960107e+00
1.958714e+00	1.958613e+00	1.958353e+00	1.955383e+00	1.203976e+01	1.135915e+01
1.071635e+01	1.013913e+01	9.614385e+00	8.663563e+00	7.843048e+00	7.130984e+00
6.507269e+00	5.956209e+00	5.460930e+00	5.012448e+00	4.604210e+00	4.229510e+00
3.880569e+00	3.552084e+00	3.243259e+00	2.953872e+00	2.683958e+00	2.430878e+00
2.193036e+00	2.081392e+00	1.976063e+00	1.898264e+00	1.825258e+00	1.807978e+00
1.794515e+00	1.792899e+00	1.791495e+00	1.791370e+00	1.791204e+00	1.790043e+00
1.218882e+01	1.147620e+01	1.080632e+01	1.021002e+01	9.670853e+00	8.693407e+00
7.854412e+00	7.131224e+00	6.492976e+00	5.928540e+00	5.420274e+00	4.959126e+00
4.538652e+00	4.154496e+00	3.798114e+00	3.462767e+00	3.147678e+00	2.852439e+00
2.576597e+00	2.317530e+00	2.071794e+00	1.955243e+00	1.844695e+00	1.762812e+00
1.687358e+00	1.669548e+00	1.655581e+00	1.653922e+00	1.652483e+00	1.652313e+00
1.652157e+00	1.652660e+00	1.233803e+01	1.159641e+01	1.090234e+01	1.028956e+01
9.738342e+00	8.738284e+00	7.879390e+00	7.137659e+00	6.494515e+00	5.925422e+00
5.412397e+00	4.946526e+00	4.521521e+00	4.128630e+00	3.761280e+00	3.416180e+00
3.092242e+00	2.788861e+00	2.504856e+00	2.236725e+00	1.981685e+00	1.859430e+00
1.743044e+00	1.656537e+00	1.577106e+00	1.558283e+00	1.543476e+00	1.541729e+00
1.540219e+00	1.540026e+00	1.539864e+00	1.540916e+00	1.248516e+01	1.171928e+01
1.100555e+01	1.038048e+01	9.821100e+00	8.805789e+00	7.936978e+00	7.189117e+00
6.537319e+00	5.959486e+00	5.437084e+00	4.961348e+00	4.526142e+00	4.125081e+00
3.751021e+00	3.399077e+00	3.068329e+00	2.758287e+00	2.467299e+00	2.190542e+00
1.923481e+00	1.794275e+00	1.670772e+00	1.578453e+00	1.493139e+00	1.472744e+00
1.456672e+00	1.454780e+00	1.453159e+00	1.452959e+00	1.452789e+00	1.453419e+00
1.262279e+01	1.183893e+01	1.111102e+01	1.047812e+01	9.914072e+00	8.888976e+00
8.013879e+00	7.260044e+00	6.602459e+00	6.018488e+00	5.489383e+00	5.006258e+00
4.562701e+00	4.155282e+00	3.776929e+00	3.420231e+00	3.084413e+00	2.769190e+00
2.472826e+00	2.189263e+00	1.899740e+00	1.758061e+00	1.621497e+00	1.522587e+00
1.429221e+00	1.406543e+00	1.388520e+00	1.386420e+00	1.384664e+00	1.384434e+00
1.384256e+00	1.384291e+00	1.275238e+01	1.195501e+01	1.121706e+01	1.057992e+01
1.001428e+01	8.984963e+00	8.108352e+00	7.351432e+00	6.690222e+00	6.102325e+00
5.569458e+00	5.082798e+00	4.635954e+00	4.222822e+00	3.835751e+00	3.469123e+00
3.122449e+00	2.795828e+00	2.487123e+00	2.188625e+00	1.885117e+00	1.734209e+00
1.586805e+00	1.478956e+00	1.376222e+00	1.351019e+00	1.330839e+00	1.328493e+00
1.326564e+00	1.326300e+00	1.326111e+00	1.325687e+00	1.286508e+01	1.206128e+01
1.131936e+01	1.068249e+01	1.011861e+01	9.089714e+00	8.213677e+00	7.454462e+00
6.789731e+00	6.197953e+00	5.661573e+00	5.171622e+00	4.721330e+00	4.303427e+00
3.909475e+00	3.534033e+00	3.176959e+00	2.838830e+00	2.516911e+00	2.200664e+00
1.889964e+00	1.734440e+00	1.579177e+00	1.449907e+00	1.333919e+00	1.305527e+00
1.282524e+00	1.279794e+00	1.277601e+00	1.277323e+00	1.277081e+00	1.276887e+00
1.296108e+01	1.215676e+01	1.141669e+01	1.078518e+01	1.022758e+01	9.206808e+00
8.336141e+00	7.577477e+00	6.910917e+00	6.316819e+00	5.779008e+00	5.288303e+00
4.837266e+00	4.417759e+00	4.020157e+00	3.638438e+00	3.272894e+00	2.924884e+00
2.591774e+00	2.261655e+00	1.925210e+00	1.753373e+00	1.577553e+00	1.431674e+00
1.300702e+00	1.268770e+00	1.242771e+00	1.239601e+00	1.237021e+00	1.236717e+00
1.236428e+00	1.236889e+00	1.305034e+01	1.224263e+01	1.150396e+01	1.087906e+01
1.033020e+01	9.323589e+00	8.462866e+00	7.709807e+00	7.045835e+00	6.452325e+00
5.913852e+00	5.421553e+00	4.968188e+00	4.545760e+00	4.144699e+00	3.758629e+00
3.386958e+00	3.029773e+00	2.683477e+00	2.335647e+00	1.974031e+00	1.785377e+00
1.587002e+00	1.431761e+00	1.272537e+00	1.236961e+00	1.209030e+00	1.205454e+00
1.201902e+00	1.201403e+00	1.201262e+00	1.202698e+00	1.313120e+01	1.232081e+01
1.158467e+01	1.096794e+01	1.042997e+01	9.442501e+00	8.595540e+00	7.852049e+00
7.194142e+00	6.603719e+00	6.065711e+00	5.571893e+00	5.115819e+00	4.690335e+00
4.286846e+00	3.898880e+00	3.524048e+00	3.159373e+00	2.799206e+00	2.431766e+00
2.043581e+00	1.837311e+00	1.617493e+00	1.434959e+00	1.248008e+00	1.208585e+00
1.179264e+00	1.175346e+00	1.170591e+00	1.169816e+00	1.169926e+00	1.172430e+00
1.315849e+01	1.237131e+01	1.165316e+01	1.105382e+01	1.053243e+01	9.569968e+00
8.737410e+00	8.001580e+00	7.346798e+00	6.757221e+00	6.219663e+00	5.726284e+00
5.270573e+00	4.845242e+00	4.441547e+00	4.052493e+00	3.674505e+00	3.302513e+00
2.929022e+00	2.541393e+00	2.123916e+00	1.897975e+00	1.654151e+00	1.441719e+00
1.229857e+00	1.181974e+00	1.152304e+00	1.148722e+00	1.142350e+00	1.141075e+00
1.141840e+00	1.145027e+00	1.316217e+01	1.239977e+01	1.170912e+01	1.113696e+01
1.063989e+01	9.711402e+00	8.893759e+00	8.161772e+00	7.504764e+00	6.912031e+00
6.374506e+00	5.884344e+00	5.433808e+00	5.014009e+00	4.614004e+00	4.225247e+00
3.844052e+00	3.465230e+00	3.080140e+00	2.672539e+00	2.222537e+00	1.974538e+00
1.704951e+00	1.468069e+00	1.216826e+00	1.156986e+00	1.128241e+00	1.125702e+00
1.117311e+00	1.115301e+00	1.117150e+00	1.120656e+00	1.317677e+01	1.243005e+01
1.175503e+01	1.120246e+01	1.072569e+01	9.828385e+00	9.030291e+00	8.310621e+00
7.660945e+00	7.072939e+00	6.539689e+00	6.053827e+00	5.607412e+00	5.191168e+00
4.793432e+00	4.405031e+00	4.021897e+00	3.638213e+00	3.243638e+00	2.817913e+00
2.335869e+00	2.064613e+00	1.765489e+00	1.500077e+00	1.208965e+00	1.136788e+00
1.106829e+00	1.104881e+00	1.094663e+00	1.092027e+00	1.094682e+00	1.098077e+00
1.319915e+01	1.245610e+01	1.179012e+01	1.125330e+01	1.079453e+01	9.925875e+00
9.149947e+00	8.448224e+00	7.812973e+00	7.236183e+00	6.711145e+00	6.230989e+00
5.788343e+00	5.374538e+00	4.978454e+00	4.591042e+00	4.207633e+00	3.821341e+00
3.419716e+00	2.978239e+00	2.465486e+00	2.170267e+00	1.838193e+00	1.539830e+00
1.206122e+00	1.120673e+00	1.087902e+00	1.086151e+00	1.074099e+00	1.070924e+00
1.074362e+00	1.077088e+00	1.320543e+01	1.246768e+01	1.181278e+01	1.129378e+01
1.085467e+01	1.001518e+01	9.262272e+00	8.578975e+00	7.958492e+00	7.393445e+00
6.877706e+00	6.404883e+00	5.968091e+00	5.559007e+00	5.166904e+00	4.782726e+00
4.401244e+00	4.014457e+00	3.607769e+00	3.152023e+00	2.608933e+00	2.289287e+00
1.923364e+00	1.589664e+00	1.208409e+00	1.110193e+00	1.070388e+00	1.068641e+00
1.055890e+00	1.052348e+00	1.055569e+00	1.057505e+00	1.319569e+01	1.246556e+01
1.182350e+01	1.132427e+01	1.090640e+01	1.009751e+01	9.369226e+00	8.705653e+00
8.101029e+00	7.548650e+00	7.043018e+00	6.578353e+00	6.148290e+00	5.745131e+00
5.358740e+00	4.980190e+00	4.603535e+00	4.219384e+00	3.810247e+00	3.340703e+00
2.764374e+00	2.418025e+00	2.016514e+00	1.647657e+00	1.225297e+00	1.111996e+00
1.048080e+00	1.046757e+00	1.043374e+00	1.040233e+00	1.034524e+00	1.039679e+00
1.318495e+01	1.246391e+01	1.183301e+01	1.135248e+01	1.095502e+01	1.017561e+01
9.471552e+00	8.827821e+00	8.239530e+00	7.700588e+00	7.206075e+00	6.750755e+00
6.328778e+00	5.933004e+00	5.553855e+00	5.182554e+00	4.812523e+00	4.433025e+00
4.023710e+00	3.542774e+00	2.934982e+00	2.561955e+00	2.123525e+00	1.716338e+00
1.248165e+00	1.115329e+00	1.031024e+00	1.029145e+00	1.031189e+00	1.028208e+00
1.016344e+00	1.023379e+00	1.317847e+01	1.246337e+01	1.184330e+01	1.137977e+01
1.100057e+01	1.024766e+01	9.566017e+00	8.941342e+00	8.369383e+00	7.844547e+00
7.362362e+00	6.917968e+00	6.505944e+00	6.119476e+00	5.749333e+00	5.386802e+00
5.024911e+00	4.651897e+00	4.245183e+00	3.757737e+00	3.125051e+00	2.727660e+00
2.251588e+00	1.800802e+00	1.273825e+00	1.121453e+00	1.021425e+00	1.017524e+00
1.018184e+00	1.014973e+00	1.002359e+00	1.008821e+00	1.318936e+01	1.247495e+01
1.186305e+01	1.140988e+01	1.104252e+01	1.030783e+01	9.642965e+00	9.034241e+00
8.477508e+00	7.967350e+00	7.499381e+00	7.068758e+00	6.670000e+00	6.296091e+00
5.937334e+00	5.584679e+00	5.231269e+00	4.865474e+00	4.464735e+00	3.981257e+00
3.340415e+00	2.923038e+00	2.402674e+00	1.896304e+00	1.301104e+00	1.130048e+00
1.020077e+00	1.011136e+00	1.003499e+00	1.000639e+00	9.922192e-01	9.959282e-01
1.320590e+01	1.249253e+01	1.188260e+01	1.143739e+01	1.108039e+01	1.036205e+01
9.712563e+00	9.118945e+00	8.577099e+00	8.081766e+00	7.628603e+00	7.212743e+00
6.828551e+00	6.468679e+00	6.122737e+00	5.781189e+00	5.437424e+00	5.080304e+00
4.688044e+00	4.213811e+00	3.573404e+00	3.139253e+00	2.572739e+00	2.004663e+00
1.332596e+00	1.141948e+00	1.019226e+00	1.005999e+00	9.891551e-01	9.867471e-01
9.834836e-01	9.841720e-01	1.320391e+01	1.249252e+01	1.188491e+01	1.145249e+01
1.110877e+01	1.041091e+01	9.779161e+00	9.201958e+00	8.675527e+00	8.194926e+00
7.756012e+00	7.354100e+00	6.983667e+00	6.637414e+00	6.304794e+00	5.976099e+00
5.644698e+00	5.299297e+00	4.917521e+00	4.450551e+00	3.805688e+00	3.356585e+00
2.754830e+00	2.134486e+00	1.377938e+00	1.160511e+00	1.016958e+00	9.995166e-01
9.786009e-01	9.761486e-01	9.748072e-01	9.738149e-01	1.318025e+01	1.247729e+01
1.188068e+01	1.146068e+01	1.112969e+01	1.045378e+01	9.841073e+00	9.281031e+00
8.770222e+00	8.304092e+00	7.878814e+00	7.490057e+00	7.132633e+00	6.799607e+00
6.480757e+00	6.166505e+00	5.850056e+00	5.519462e+00	5.150525e+00	4.689640e+00
4.036852e+00	3.575415e+00	2.951068e+00	2.292473e+00	1.446599e+00	1.193396e+00
1.013381e+00	9.921424e-01	9.707228e-01	9.679976e-01	9.663382e-01	9.648833e-01
1.314950e+01	1.245544e+01	1.187015e+01	1.146037e+01	1.114419e+01	1.049166e+01
9.898589e+00	9.355861e+00	8.860466e+00	8.408338e+00	7.996067e+00	7.619764e+00
7.274731e+00	6.954577e+00	6.649759e+00	6.351084e+00	6.051565e+00	5.738516e+00
5.385522e+00	4.933051e+00	4.272994e+00	3.799458e+00	3.153710e+00	2.459621e+00
1.529149e+00	1.238787e+00	1.013989e+00	9.856476e-01	9.640372e-01	9.611623e-01
9.565845e-01	9.574171e-01	1.311220e+01	1.242745e+01	1.185284e+01	1.145885e+01
1.115571e+01	1.052608e+01	9.952557e+00	9.427023e+00	8.946840e+00	8.508435e+00
8.108859e+00	7.744703e+00	7.411838e+00	7.104522e+00	6.814106e+00	6.531966e+00
6.250970e+00	5.957706e+00	5.623333e+00	5.181561e+00	4.515565e+00	4.030889e+00
3.366104e+00	2.639872e+00	1.627684e+00	1.298693e+00	1.016849e+00	9.798636e-01
9.580996e-01	9.551169e-01	9.463853e-01	9.508183e-01	1.309092e+01	1.241125e+01
1.184384e+01	1.145860e+01	1.116656e+01	1.055432e+01	9.996335e+00	9.485373e+00
9.018950e+00	8.593789e+00	8.207159e+00	7.855918e+00	7.536264e+00	7.242816e+00
6.967356e+00	6.701659e+00	6.438833e+00	6.165537e+00	5.852020e+00	5.427903e+00
4.768262e+00	4.278301e+00	3.596641e+00	2.835691e+00	1.733230e+00	1.362321e+00
1.021964e+00	9.786277e-01	9.514548e-01	9.483064e-01	9.390074e-01	9.446068e-01
1.308149e+01	1.240314e+01	1.184033e+01	1.146190e+01	1.117625e+01	1.057548e+01
1.002891e+01	9.529687e+00	9.075325e+00	8.662656e+00	8.288949e+00	7.951131e+00
7.645478e+00	7.366637e+00	7.106218e+00	6.856151e+00	6.610305e+00	6.356587e+00
6.066345e+00	5.668319e+00	5.031233e+00	4.544209e+00	3.848231e+00	3.048488e+00
1.846147e+00	1.430229e+00	1.036541e+00	9.814873e-01	9.432381e-01	9.398108e-01
9.337617e-01	9.387364e-01	1.307326e+01	1.240191e+01	1.184410e+01	1.147277e+01
1.119528e+01	1.060681e+01	1.007027e+01	9.579979e+00	9.133945e+00	8.729826e+00
8.365720e+00	8.038923e+00	7.745988e+00	7.481835e+00	7.238331e+00	7.007092e+00
6.780626e+00	6.543879e+00	6.267899e+00	5.890783e+00	5.289002e+00	4.821075e+00
4.132201e+00	3.301807e+00	1.973679e+00	1.503040e+00	1.048559e+00	9.838168e-01
9.418908e-01	9.387491e-01	9.326495e-01	9.344475e-01	1.306395e+01	1.240097e+01
1.185071e+01	1.148750e+01	1.121707e+01	1.064003e+01	1.011235e+01	9.629491e+00
9.190092e+00	8.792691e+00	8.436307e+00	8.118714e+00	7.836906e+00	7.586383e+00
7.359838e+00	7.148851e+00	6.943929e+00	6.725297e+00	6.462381e+00	6.104299e+00
5.539686e+00	5.097024e+00	4.429953e+00	3.584094e+00	2.122724e+00	1.585077e+00
1.060232e+00	9.866873e-01	9.417552e-01	9.387626e-01	9.321934e-01	9.310036e-01
1.305259e+01	1.239399e+01	1.184930e+01	1.149130e+01	1.122559e+01	1.065748e+01
1.013872e+01	9.664892e+00	9.234618e+00	8.846271e+00	8.498737e+00	8.190145e+00
7.918017e+00	7.678644e+00	7.465781e+00	7.272008e+00	7.088313e+00	6.895090e+00
6.660735e+00	6.329536e+00	5.786041e+00	5.353631e+00	4.698702e+00	3.852034e+00
2.301069e+00	1.686496e+00	1.079196e+00	9.953036e-01	9.404834e-01	9.339839e-01
9.300229e-01	9.274838e-01	1.305239e+01	1.239737e+01	1.185546e+01	1.149885e+01
1.123502e+01	1.067175e+01	1.015915e+01	9.693079e+00	9.271750e+00	8.893200e+00
8.555892e+00	8.257815e+00	7.996360e+00	7.767524e+00	7.564561e+00	7.380831e+00
7.211072e+00	7.042671e+00	6.847353e+00	6.554768e+00	6.035293e+00	5.613755e+00
4.975080e+00	4.126914e+00	2.485034e+00	1.808459e+00	1.105940e+00	1.005484e+00
9.389600e-01	9.325212e-01	9.269848e-01	9.244738e-01	1.304885e+01	1.239732e+01
1.185920e+01	1.150672e+01	1.124588e+01	1.068900e+01	1.018308e+01	9.724295e+00
9.310481e+00	8.939582e+00	8.609992e+00	8.319913e+00	8.067132e+00	7.848142e+00
7.656790e+00	7.486983e+00	7.334212e+00	7.187122e+00	7.018269e+00	6.758374e+00
6.277025e+00	5.874920e+00	5.255175e+00	4.409077e+00	2.688656e+00	1.942015e+00
1.137952e+00	1.019922e+00	9.386274e-01	9.313692e-01	9.232993e-01	9.220306e-01
1.302777e+01	1.238815e+01	1.186001e+01	1.151401e+01	1.125849e+01	1.071115e+01
1.021270e+01	9.760018e+00	9.351219e+00	8.984786e+00	8.659592e+00	8.374426e+00
8.127938e+00	7.917910e+00	7.740133e+00	7.589247e+00	7.457816e+00	7.327384e+00
7.168931e+00	6.932760e+00	6.503416e+00	6.131046e+00	5.532612e+00	4.693569e+00
2.916902e+00	2.086776e+00	1.176454e+00	1.042103e+00	9.399834e-01	9.305012e-01
9.196054e-01	9.201393e-01	1.301523e+01	1.238436e+01	1.186253e+01	1.152118e+01
1.126878e+01	1.072752e+01	1.023406e+01	9.785706e+00	9.381043e+00	9.019066e+00
8.699046e+00	8.419973e+00	8.180692e+00	7.979255e+00	7.811804e+00	7.673329e+00
7.556758e+00	7.443992e+00	7.307244e+00	7.101470e+00	6.717788e+00	6.373234e+00
5.798703e+00	4.972172e+00	3.155460e+00	2.256432e+00	1.221596e+00	1.064499e+00
9.421744e-01	9.307679e-01	9.187294e-01	9.183430e-01	1.300507e+01	1.238189e+01
1.186678e+01	1.152861e+01	1.127827e+01	1.074160e+01	1.025211e+01	9.807452e+00
9.406580e+00	9.048916e+00	8.734055e+00	8.461103e+00	8.228915e+00	8.035484e+00
7.876799e+00	7.748204e+00	7.644102e+00	7.549033e+00	7.437847e+00	7.265215e+00
6.924930e+00	6.608064e+00	6.061035e+00	5.252648e+00	3.407185e+00	2.446696e+00
1.273218e+00	1.089156e+00	9.453542e-01	9.314138e-01	9.181398e-01	9.167138e-01
1.299855e+01	1.238304e+01	1.187375e+01	1.153779e+01	1.128774e+01	1.075314e+01
1.026646e+01	9.825384e+00	9.428789e+00	9.075983e+00	8.766412e+00	8.499171e+00
8.273085e+00	8.086060e+00	7.933818e+00	7.812268e+00	7.718349e+00	7.641605e+00
7.560081e+00	7.422654e+00	7.120383e+00	6.828751e+00	6.316911e+00	5.536562e+00
3.667315e+00	2.651651e+00	1.333318e+00	1.120075e+00	9.495462e-01	9.324179e-01
9.171257e-01	9.154734e-01	1.299389e+01	1.238790e+01	1.188463e+01	1.154863e+01
1.129677e+01	1.076252e+01	1.027780e+01	9.839964e+00	9.447617e+00	9.099713e+00
8.795245e+00	8.533178e+00	8.312262e+00	8.130289e+00	7.982679e+00	7.866038e+00
7.780342e+00	7.721300e+00	7.671060e+00	7.569511e+00	7.300536e+00	7.031987e+00
6.560982e+00	5.817724e+00	3.933862e+00	2.873122e+00	1.405626e+00	1.160237e+00
9.558113e-01	9.343934e-01	9.158175e-01	9.145290e-01	1.297637e+01	1.238404e+01
1.188978e+01	1.155696e+01	1.130376e+01	1.077139e+01	1.028887e+01	9.853744e+00
9.464490e+00	9.120001e+00	8.819194e+00	8.561075e+00	8.344479e+00	8.167275e+00
8.024963e+00	7.914597e+00	7.837626e+00	7.792667e+00	7.764617e+00	7.692978e+00
7.462907e+00	7.221078e+00	6.787418e+00	6.082375e+00	4.212746e+00	3.107484e+00
1.488147e+00	1.207220e+00	9.637624e-01	9.371264e-01	9.152997e-01	9.136637e-01
1.293981e+01	1.237083e+01	1.189334e+01	1.156413e+01	1.130974e+01	1.077984e+01
1.029961e+01	9.866837e+00	9.480051e+00	9.138225e+00	8.840356e+00	8.585543e+00
8.372753e+00	8.200015e+00	8.063095e+00	7.959449e+00	7.891252e+00	7.858349e+00
7.847973e+00	7.803014e+00	7.613864e+00	7.400724e+00	7.003590e+00	6.339054e+00
4.504505e+00	3.356244e+00	1.581763e+00	1.261904e+00	9.736923e-01	9.406424e-01
9.149676e-01	9.128758e-01	1.289797e+01	1.235469e+01	1.189400e+01	1.157016e+01
1.131542e+01	1.078919e+01	1.031164e+01	9.881049e+00	9.496088e+00	9.155978e+00
8.860035e+00	8.607622e+00	8.397987e+00	8.229525e+00	8.098519e+00	8.002565e+00
7.943374e+00	7.919436e+00	7.918370e+00	7.892682e+00	7.747271e+00	7.567494e+00
7.210976e+00	6.592763e+00	4.803715e+00	3.610624e+00	1.687020e+00	1.325682e+00
9.856662e-01	9.438064e-01	9.150269e-01	9.122987e-01	1.284503e+01	1.233132e+01
1.189190e+01	1.157528e+01	1.132119e+01	1.080059e+01	1.032647e+01	9.897771e+00
9.513620e+00	9.173885e+00	8.878566e+00	8.627484e+00	8.420291e+00	8.255945e+00
8.131501e+00	8.044482e+00	7.994643e+00	7.975843e+00	7.975201e+00	7.961165e+00
7.860510e+00	7.718866e+00	7.407174e+00	6.840887e+00	5.106447e+00	3.864975e+00
1.808507e+00	1.404199e+00	1.001488e+00	9.464116e-01	9.166691e-01	9.119305e-01
1.279660e+01	1.230929e+01	1.188905e+01	1.157726e+01	1.132167e+01	1.080254e+01
1.032977e+01	9.902434e+00	9.519909e+00	9.182072e+00	8.889052e+00	8.640490e+00
8.435751e+00	8.273939e+00	8.153247e+00	8.072003e+00	8.029601e+00	8.018533e+00
8.026314e+00	8.030369e+00	7.965667e+00	7.848833e+00	7.575671e+00	7.068030e+00
5.411942e+00	4.129043e+00	1.941078e+00	1.490907e+00	1.019056e+00	9.504543e-01
9.198599e-01	9.112223e-01	1.275734e+01	1.229344e+01	1.188792e+01	1.157953e+01
1.132192e+01	1.080358e+01	1.033151e+01	9.905176e+00	9.524140e+00	9.188201e+00
8.897455e+00	8.651300e+00	8.448826e+00	8.289150e+00	8.171168e+00	8.093902e+00
8.057072e+00	8.053769e+00	8.073213e+00	8.096874e+00	8.062500e+00	7.966689e+00
7.728369e+00	7.269834e+00	5.700878e+00	4.417473e+00	2.090152e+00	1.583962e+00
1.039351e+00	9.586068e-01	9.220876e-01	9.106367e-01	1.272950e+01	1.228561e+01
1.189400e+01	1.158886e+01	1.132985e+01	1.081226e+01	1.034074e+01	9.915291e+00
9.535405e+00	9.200552e+00	8.910540e+00	8.665306e+00	8.464775e+00	8.308383e+00
8.194068e+00	8.120241e+00	8.087165e+00	8.089184e+00	8.116825e+00	8.152819e+00
8.148965e+00	8.084991e+00	7.883869e+00	7.447182e+00	5.950380e+00	4.751046e+00
2.266020e+00	1.680769e+00	1.064332e+00	9.770519e-01	9.190428e-01	9.105948e-01
1.269883e+01	1.227166e+01	1.189164e+01	1.158938e+01	1.132907e+01	1.081262e+01
1.034198e+01	9.917622e+00	9.538849e+00	9.205238e+00	8.916614e+00	8.672924e+00
8.474139e+00	8.319755e+00	8.207777e+00	8.136904e+00	8.107700e+00	8.115178e+00
8.150875e+00	8.199770e+00	8.219436e+00	8.176604e+00	8.011979e+00	7.624003e+00
6.213968e+00	5.044303e+00	2.458356e+00	1.799840e+00	1.093761e+00	9.901892e-01
9.211855e-01	9.100243e-01	1.267433e+01	1.226164e+01	1.189118e+01	1.159091e+01
1.132944e+01	1.081393e+01	1.034431e+01	9.920985e+00	9.543202e+00	9.210658e+00
8.923263e+00	8.680967e+00	8.483717e+00	8.331019e+00	8.221040e+00	8.152745e+00
8.127002e+00	8.139336e+00	8.182205e+00	8.242803e+00	8.283218e+00	8.258883e+00
8.128621e+00	7.790931e+00	6.473190e+00	5.335062e+00	2.668498e+00	1.933587e+00
1.127844e+00	1.005205e+00	9.244174e-01	9.097982e-01	1.265666e+01	1.225613e+01
1.189409e+01	1.159593e+01	1.133328e+01	1.081866e+01	1.034973e+01	9.926923e+00
9.549724e+00	9.217847e+00	8.931343e+00	8.690142e+00	8.494133e+00	8.342828e+00
8.234555e+00	8.168426e+00	8.145610e+00	8.161997e+00	8.210889e+00	8.281488e+00
8.340098e+00	8.332350e+00	8.233245e+00	7.941652e+00	6.718059e+00	5.624635e+00
2.897064e+00	2.082495e+00	1.168652e+00	1.024995e+00	9.285006e-01	9.098876e-01
1.263806e+01	1.224858e+01	1.189404e+01	1.159751e+01	1.133382e+01	1.081996e+01
1.035188e+01	9.929746e+00	9.553124e+00	9.221869e+00	8.936154e+00	8.695927e+00
8.501023e+00	8.350953e+00	8.244156e+00	8.179925e+00	8.159609e+00	8.179405e+00
8.233361e+00	8.312495e+00	8.386809e+00	8.393502e+00	8.322366e+00	8.074174e+00
6.946734e+00	5.904971e+00	3.141047e+00	2.247800e+00	1.216305e+00	1.049041e+00
9.331918e-01	9.096642e-01	1.262041e+01	1.224109e+01	1.189396e+01	1.159872e+01
1.133418e+01	1.082094e+01	1.035359e+01	9.932046e+00	9.555931e+00	9.225223e+00
8.940200e+00	8.700831e+00	8.506910e+00	8.357947e+00	8.252475e+00	8.189954e+00
8.171878e+00	8.194706e+00	8.253174e+00	8.339978e+00	8.428514e+00	8.448364e+00
8.403087e+00	8.196401e+00	7.166855e+00	6.182144e+00	3.401548e+00	2.429698e+00
1.270419e+00	1.077066e+00	9.385490e-01	9.093254e-01	1.260652e+01	1.223660e+01
1.189480e+01	1.160122e+01	1.133564e+01	1.082311e+01	1.035643e+01	9.935396e+00
9.559718e+00	9.229473e+00	8.945022e+00	8.706360e+00	8.513260e+00	8.365255e+00
8.260957e+00	8.199935e+00	8.183822e+00	8.209275e+00	8.271651e+00	8.365164e+00
8.466246e+00	8.497739e+00	8.475286e+00	8.306970e+00	7.375473e+00	6.450960e+00
3.675266e+00	2.629535e+00	1.332362e+00	1.110002e+00	9.449179e-01	9.092881e-01
1.259550e+01	1.223374e+01	1.189788e+01	1.160522e+01	1.133896e+01	1.082667e+01
1.036026e+01	9.939514e+00	9.564142e+00	9.234231e+00	8.950182e+00	8.712026e+00
8.519551e+00	8.372334e+00	8.269034e+00	8.209277e+00	8.194821e+00	8.222471e+00
8.288134e+00	8.387343e+00	8.499198e+00	8.540730e+00	8.537909e+00	8.404200e+00
7.568603e+00	6.706136e+00	3.959868e+00	2.849214e+00	1.405429e+00	1.150548e+00
9.528739e-01	9.093683e-01	1.258298e+01	1.222947e+01	1.189874e+01	1.160748e+01
1.134036e+01	1.082833e+01	1.036227e+01	9.941868e+00	9.566925e+00	9.237465e+00
8.953861e+00	8.715973e+00	8.523956e+00	8.377531e+00	8.275499e+00	8.216947e+00
8.204055e+00	8.233824e+00	8.300609e+00	8.404102e+00	8.525838e+00	8.576797e+00
8.591072e+00	8.487609e+00	7.743584e+00	6.944952e+00	4.250601e+00	3.081570e+00
1.488743e+00	1.198009e+00	9.622685e-01	9.094099e-01	1.257071e+01	1.222477e+01
1.189919e+01	1.160915e+01	1.134130e+01	1.082947e+01	1.036371e+01	9.943616e+00
9.569072e+00	9.240037e+00	8.956843e+00	8.719147e+00	8.527508e+00	8.381803e+00
8.280974e+00	8.223510e+00	8.212029e+00	8.243727e+00	8.311163e+00	8.418327e+00
8.549003e+00	8.608560e+00	8.638158e+00	8.562354e+00	7.907277e+00	7.173625e+00
4.550264e+00	3.329093e+00	1.582953e+00	1.252839e+00	9.731216e-01	9.094403e-01
1.256762e+01	1.222376e+01	1.189992e+01	1.160945e+01	1.134104e+01	1.082898e+01
1.036326e+01	9.943365e+00	9.569128e+00	9.240438e+00	8.957555e+00	8.720739e+00
8.529715e+00	8.384124e+00	8.282319e+00	8.224691e+00	8.213295e+00	8.246209e+00
8.322893e+00	8.436316e+00	8.570370e+00	8.632921e+00	8.673459e+00	8.624643e+00
8.059662e+00	7.385540e+00	4.851160e+00	3.590028e+00	1.687944e+00	1.315158e+00
9.853033e-01	9.093830e-01	1.256947e+01	1.222631e+01	1.190134e+01	1.160855e+01
1.133695e+01	1.082245e+01	1.035635e+01	9.937517e+00	9.565031e+00	9.238335e+00
8.957206e+00	8.721329e+00	8.530861e+00	8.385105e+00	8.281812e+00	8.220314e+00
8.206472e+00	8.245492e+00	8.336669e+00	8.461578e+00	8.589873e+00	8.650134e+00
8.697564e+00	8.673839e+00	8.198691e+00	7.575717e+00	5.146639e+00	3.862941e+00
1.807004e+00	1.388692e+00	9.995650e-01	9.088251e-01	1.256805e+01	1.222649e+01
1.190315e+01	1.160948e+01	1.133711e+01	1.082217e+01	1.035610e+01	9.937516e+00
9.565439e+00	9.239196e+00	8.958439e+00	8.723295e+00	8.533286e+00	8.387544e+00
8.283362e+00	8.221294e+00	8.207241e+00	8.247873e+00	8.346396e+00	8.476191e+00
8.606219e+00	8.668723e+00	8.724672e+00	8.721440e+00	8.320154e+00	7.755809e+00
5.442465e+00	4.143642e+00	1.948040e+00	1.472666e+00	1.016875e+00	9.089260e-01
1.256178e+01	1.222488e+01	1.190416e+01	1.161119e+01	1.133856e+01	1.082371e+01
1.035784e+01	9.939349e+00	9.567395e+00	9.241319e+00	8.960789e+00	8.725685e+00
8.535837e+00	8.390470e+00	8.287067e+00	8.225601e+00	8.212369e+00	8.254192e+00
8.352851e+00	8.484602e+00	8.619198e+00	8.686540e+00	8.751696e+00	8.764856e+00
8.425140e+00	7.922217e+00	5.733838e+00	4.429947e+00	2.112634e+00	1.569327e+00
1.037829e+00	9.092106e-01	1.255417e+01	1.222077e+01	1.190263e+01	1.161057e+01
1.133764e+01	1.082305e+01	1.035732e+01	9.939095e+00	9.567335e+00	9.241427e+00
8.961076e+00	8.726156e+00	8.536525e+00	8.391442e+00	8.288423e+00	8.227485e+00
8.214913e+00	8.257470e+00	8.356390e+00	8.489654e+00	8.628599e+00	8.700260e+00
8.772964e+00	8.800098e+00	8.516545e+00	8.070123e+00	6.014416e+00	4.720362e+00
2.292762e+00	1.681217e+00	1.062122e+00	9.086892e-01	1.253680e+01	1.221182e+01
1.190038e+01	1.161211e+01	1.134120e+01	1.082889e+01	1.036324e+01	9.944431e+00
9.571775e+00	9.244881e+00	8.963704e+00	8.728225e+00	8.538459e+00	8.394069e+00
8.293550e+00	8.237046e+00	8.228154e+00	8.267488e+00	8.354388e+00	8.481357e+00
8.634763e+00	8.717631e+00	8.799136e+00	8.833711e+00	8.596619e+00	8.207111e+00
6.287735e+00	5.014164e+00	2.489473e+00	1.817555e+00	1.091224e+00	9.090430e-01
1.252795e+01	1.220752e+01	1.189954e+01	1.161288e+01	1.134276e+01	1.083187e+01
1.036689e+01	9.947972e+00	9.574692e+00	9.247052e+00	8.965360e+00	8.729683e+00
8.539994e+00	8.396136e+00	8.297097e+00	8.242937e+00	8.235958e+00	8.273889e+00
8.353876e+00	8.478166e+00	8.640960e+00	8.731112e+00	8.818996e+00	8.861796e+00
8.669598e+00	8.328874e+00	6.549901e+00	5.310176e+00	2.701794e+00	1.967576e+00
1.125211e+00	9.091916e-01	1.252599e+01	1.220673e+01	1.189948e+01	1.161293e+01
1.134248e+01	1.083209e+01	1.036761e+01	9.948849e+00	9.575394e+00	9.247527e+00
8.965787e+00	8.730256e+00	8.540833e+00	8.397258e+00	8.298481e+00	8.244561e+00
8.237850e+00	8.276127e+00	8.357571e+00	8.483203e+00	8.647912e+00	8.739868e+00
8.831554e+00	8.883843e+00	8.735797e+00	8.433654e+00	6.796428e+00	5.604970e+00
2.929802e+00	2.128672e+00	1.165734e+00	9.090949e-01	