1.983463e+00	2.007367e+00	2.031824e+00	2.057279e+00	2.083631e+00	2.138539e+00
2.196497e+00	2.257333e+00	2.320640e+00	2.385839e+00	2.451860e+00	2.518319e+00
2.584787e+00	2.650465e+00	2.715161e+00	2.778761e+00	2.841943e+00	2.907286e+00
2.978612e+00	3.060427e+00	3.156755e+00	3.207743e+00	3.252173e+00	3.276311e+00
3.286869e+00	3.288034e+00	3.288946e+00	3.288953e+00	3.288980e+00	3.288999e+00
3.289120e+00	3.289298e+00	2.103025e+00	2.128001e+00	2.153446e+00	2.179737e+00
2.206786e+00	2.262732e+00	2.321201e+00	2.381998e+00	2.444731e+00	2.508882e+00
2.573496e+00	2.638211e+00	2.702611e+00	2.765934e+00	2.828059e+00	2.888939e+00
2.949226e+00	3.011391e+00	3.079116e+00	3.156834e+00	3.248534e+00	3.297094e+00
3.339268e+00	3.362001e+00	3.371721e+00	3.372730e+00	3.373509e+00	3.373505e+00
3.373521e+00	3.373538e+00	3.373654e+00	3.373823e+00	2.229793e+00	2.255885e+00
2.282348e+00	2.309485e+00	2.337220e+00	2.394138e+00	2.452984e+00	2.513548e+00
2.575457e+00	2.638270e+00	2.701167e+00	2.763812e+00	2.825805e+00	2.886432e+00
2.945650e+00	3.003484e+00	3.060559e+00	3.119225e+00	3.183010e+00	3.256278e+00
3.342982e+00	3.388933e+00	3.428696e+00	3.449932e+00	3.458764e+00	3.459607e+00
3.460247e+00	3.460229e+00	3.460236e+00	3.460250e+00	3.460361e+00	3.460520e+00
2.364203e+00	2.391454e+00	2.418965e+00	2.446955e+00	2.475364e+00	2.533175e+00
2.592248e+00	2.652363e+00	2.713173e+00	2.774331e+00	2.835171e+00	2.895391e+00
2.954616e+00	3.012181e+00	3.068132e+00	3.122571e+00	3.176094e+00	3.230919e+00
3.290410e+00	3.358855e+00	3.440175e+00	3.483330e+00	3.520519e+00	3.540163e+00
3.548053e+00	3.548722e+00	3.549214e+00	3.549184e+00	3.549179e+00	3.549191e+00
3.549296e+00	3.549445e+00	2.506715e+00	2.535170e+00	2.563761e+00	2.592609e+00
2.621673e+00	2.680287e+00	2.739420e+00	2.798845e+00	2.858253e+00	2.917410e+00
2.975823e+00	3.033236e+00	3.089298e+00	3.143408e+00	3.195706e+00	3.246380e+00
3.295991e+00	3.346613e+00	3.401434e+00	3.464663e+00	3.540195e+00	3.580357e+00
3.614801e+00	3.632754e+00	3.639647e+00	3.640132e+00	3.640470e+00	3.640425e+00
3.640408e+00	3.640418e+00	3.640517e+00	3.640655e+00	2.657818e+00	2.687522e+00
2.717223e+00	2.746932e+00	2.776630e+00	2.835942e+00	2.894947e+00	2.953416e+00
3.011091e+00	3.067867e+00	3.123453e+00	3.177642e+00	3.230120e+00	3.280351e+00
3.328585e+00	3.375098e+00	3.420413e+00	3.466450e+00	3.516205e+00	3.573804e+00
3.643122e+00	3.680086e+00	3.711608e+00	3.727766e+00	3.733606e+00	3.733898e+00
3.734071e+00	3.734011e+00	3.733983e+00	3.733990e+00	3.734082e+00	3.734209e+00
2.818029e+00	2.849031e+00	2.879872e+00	2.910442e+00	2.940745e+00	3.000636e+00
3.059303e+00	3.116523e+00	3.172102e+00	3.226083e+00	3.278407e+00	3.328924e+00
3.377360e+00	3.423261e+00	3.466988e+00	3.508920e+00	3.549533e+00	3.590578e+00
3.634847e+00	3.686383e+00	3.749041e+00	3.782593e+00	3.811007e+00	3.825264e+00
3.829991e+00	3.830078e+00	3.830079e+00	3.830004e+00	3.829962e+00	3.829968e+00
3.830052e+00	3.830167e+00	2.987897e+00	3.020245e+00	3.052256e+00	3.083684e+00
3.114561e+00	3.174895e+00	3.232991e+00	3.288639e+00	3.341722e+00	3.392460e+00
3.441048e+00	3.487408e+00	3.531313e+00	3.572396e+00	3.611147e+00	3.648048e+00
3.683527e+00	3.719151e+00	3.757493e+00	3.802508e+00	3.858041e+00	3.887956e+00
3.913069e+00	3.925311e+00	3.928864e+00	3.928736e+00	3.928556e+00	3.928464e+00
3.928409e+00	3.928412e+00	3.928489e+00	3.928590e+00	3.168005e+00	3.201749e+00
3.234959e+00	3.267238e+00	3.298650e+00	3.359274e+00	3.416540e+00	3.470259e+00
3.520413e+00	3.567416e+00	3.611758e+00	3.653437e+00	3.692283e+00	3.728029e+00
3.761300e+00	3.792692e+00	3.822579e+00	3.852328e+00	3.884277e+00	3.922292e+00
3.970209e+00	3.996253e+00	4.017864e+00	4.027975e+00	4.030289e+00	4.029935e+00
4.029565e+00	4.029456e+00	4.029386e+00	4.029386e+00	4.029455e+00	4.029543e+00
3.358969e+00	3.394160e+00	3.428599e+00	3.461719e+00	3.493620e+00	3.554360e+00
3.610509e+00	3.661910e+00	3.708658e+00	3.751396e+00	3.790936e+00	3.827370e+00
3.860590e+00	3.890442e+00	3.917696e+00	3.943071e+00	3.966880e+00	3.990274e+00
4.015339e+00	4.045849e+00	4.085638e+00	4.107567e+00	4.125465e+00	4.133324e+00
4.134332e+00	4.133741e+00	4.133170e+00	4.133043e+00	4.132959e+00	4.132956e+00
4.133016e+00	4.133090e+00	3.561445e+00	3.598134e+00	3.633829e+00	3.667775e+00
3.700114e+00	3.760776e+00	3.815491e+00	3.864146e+00	3.906970e+00	3.944863e+00
3.979004e+00	4.009584e+00	4.036570e+00	4.059930e+00	4.080596e+00	4.099413e+00
4.116629e+00	4.133159e+00	4.150823e+00	4.173298e+00	4.204423e+00	4.221982e+00
4.235948e+00	4.241429e+00	4.241062e+00	4.240220e+00	4.239440e+00	4.239294e+00
4.239194e+00	4.239188e+00	4.239240e+00	4.239298e+00	3.776126e+00	3.814366e+00
3.851344e+00	3.886097e+00	3.918813e+00	3.979179e+00	4.032111e+00	4.077550e+00
4.115885e+00	4.148308e+00	4.176401e+00	4.200473e+00	4.220572e+00	4.236803e+00
4.250269e+00	4.261953e+00	4.272031e+00	4.281161e+00	4.290879e+00	4.304762e+00
4.326662e+00	4.339583e+00	4.349389e+00	4.352361e+00	4.350547e+00	4.349443e+00
4.348442e+00	4.348276e+00	4.348160e+00	4.348151e+00	4.348193e+00	4.348236e+00
4.003747e+00	4.043593e+00	4.081879e+00	4.117415e+00	4.150439e+00	4.210266e+00
4.261028e+00	4.302739e+00	4.335972e+00	4.362246e+00	4.383591e+00	4.400450e+00
4.412961e+00	4.421381e+00	4.426996e+00	4.430938e+00	4.433299e+00	4.434463e+00
4.435661e+00	4.440367e+00	4.452455e+00	4.460461e+00	4.465869e+00	4.466195e+00
4.462858e+00	4.461479e+00	4.460246e+00	4.460060e+00	4.459927e+00	4.459914e+00
4.459946e+00	4.459972e+00	4.245090e+00	4.286595e+00	4.326214e+00	4.362502e+00
4.395754e+00	4.454773e+00	4.502942e+00	4.540366e+00	4.567828e+00	4.587216e+00
4.601060e+00	4.609947e+00	4.614120e+00	4.613999e+00	4.611073e+00	4.606624e+00
4.600655e+00	4.593254e+00	4.585327e+00	4.580244e+00	4.581905e+00	4.584705e+00
4.585468e+00	4.583005e+00	4.578068e+00	4.576401e+00	4.574925e+00	4.574718e+00
4.574567e+00	4.574550e+00	4.574571e+00	4.574580e+00	4.500980e+00	4.544201e+00
4.585174e+00	4.622177e+00	4.655570e+00	4.713479e+00	4.758591e+00	4.791115e+00
4.812081e+00	4.823789e+00	4.829318e+00	4.829418e+00	4.824448e+00	4.815010e+00
4.802803e+00	4.789275e+00	4.774328e+00	4.757731e+00	4.740044e+00	4.724527e+00
4.715119e+00	4.712410e+00	4.708270e+00	4.702871e+00	4.696253e+00	4.694283e+00
4.692553e+00	4.692323e+00	4.692153e+00	4.692133e+00	4.692143e+00	4.692133e+00
4.775950e+00	4.820630e+00	4.862785e+00	4.900471e+00	4.934087e+00	4.991226e+00
5.033593e+00	5.061154e+00	5.075154e+00	5.078377e+00	5.074584e+00	5.064803e+00
5.049684e+00	5.030102e+00	5.007866e+00	4.984475e+00	4.959704e+00	4.932977e+00
4.904469e+00	4.877274e+00	4.855506e+00	4.846771e+00	4.837242e+00	4.828597e+00
4.820323e+00	4.818073e+00	4.816089e+00	4.815840e+00	4.815653e+00	4.815629e+00
4.815627e+00	4.815593e+00	5.064887e+00	5.111287e+00	5.154766e+00	5.193074e+00
5.226678e+00	5.282235e+00	5.320751e+00	5.342217e+00	5.348175e+00	5.341934e+00
5.327946e+00	5.307476e+00	5.281371e+00	5.250742e+00	5.217605e+00	5.183599e+00
5.148376e+00	5.110985e+00	5.071209e+00	5.032007e+00	4.997592e+00	4.982637e+00
4.967586e+00	4.955642e+00	4.945547e+00	4.942976e+00	4.940717e+00	4.940445e+00
4.940238e+00	4.940210e+00	4.940196e+00	4.940140e+00	5.353210e+00	5.403217e+00
5.449222e+00	5.488167e+00	5.520778e+00	5.570984e+00	5.600914e+00	5.612607e+00
5.608250e+00	5.591584e+00	5.567430e+00	5.536744e+00	5.499628e+00	5.457032e+00
5.411922e+00	5.366810e+00	5.321245e+00	5.273803e+00	5.223860e+00	5.174635e+00
5.129786e+00	5.109100e+00	5.089206e+00	5.074572e+00	5.062070e+00	5.058989e+00
5.056392e+00	5.056073e+00	5.055834e+00	5.055801e+00	5.055775e+00	5.055717e+00
5.638787e+00	5.693960e+00	5.743426e+00	5.782840e+00	5.813367e+00	5.854457e+00
5.871339e+00	5.869879e+00	5.853099e+00	5.824993e+00	5.790421e+00	5.749650e+00
5.701438e+00	5.646334e+00	5.588691e+00	5.532295e+00	5.476628e+00	5.419809e+00
5.360869e+00	5.303421e+00	5.250140e+00	5.224396e+00	5.200390e+00	5.183565e+00
5.168200e+00	5.164461e+00	5.161470e+00	5.161084e+00	5.160804e+00	5.160765e+00
5.160727e+00	5.160685e+00	5.923890e+00	5.982690e+00	6.034180e+00	6.072778e+00
6.100072e+00	6.130114e+00	6.132355e+00	6.116187e+00	6.085190e+00	6.043256e+00
5.995030e+00	5.940889e+00	5.879968e+00	5.813123e+00	5.744216e+00	5.676741e+00
5.610555e+00	5.544552e+00	5.478182e+00	5.413491e+00	5.352299e+00	5.323109e+00
5.295974e+00	5.276752e+00	5.258476e+00	5.254099e+00	5.250632e+00	5.250175e+00
5.249856e+00	5.249808e+00	5.249760e+00	5.249730e+00	6.211507e+00	6.272752e+00
6.325152e+00	6.361923e+00	6.385072e+00	6.402495e+00	6.388721e+00	6.356424e+00
6.309645e+00	6.252092e+00	6.188200e+00	6.118892e+00	6.044401e+00	5.966090e+00
5.886489e+00	5.808140e+00	5.731450e+00	5.656511e+00	5.583434e+00	5.512042e+00
5.443453e+00	5.411599e+00	5.381840e+00	5.360196e+00	5.339017e+00	5.334009e+00
5.330038e+00	5.329509e+00	5.329152e+00	5.329094e+00	5.329037e+00	5.329018e+00
6.504106e+00	6.561983e+00	6.610547e+00	6.642850e+00	6.661061e+00	6.667485e+00
6.640174e+00	6.591040e+00	6.524893e+00	6.446887e+00	6.363336e+00	6.276092e+00
6.186097e+00	6.095087e+00	6.004680e+00	5.916696e+00	5.831326e+00	5.748098e+00
5.666658e+00	5.587454e+00	5.513161e+00	5.479484e+00	5.447502e+00	5.423397e+00
5.399480e+00	5.393798e+00	5.389291e+00	5.388707e+00	5.388281e+00	5.388224e+00
5.388163e+00	5.388158e+00	6.799374e+00	6.845605e+00	6.883992e+00	6.908616e+00
6.921238e+00	6.919672e+00	6.883069e+00	6.817030e+00	6.727683e+00	6.624131e+00
6.517234e+00	6.410005e+00	6.303455e+00	6.199398e+00	6.098877e+00	6.003148e+00
5.911460e+00	5.821215e+00	5.730762e+00	5.643643e+00	5.565487e+00	5.530762e+00
5.497057e+00	5.470736e+00	5.444579e+00	5.438297e+00	5.433319e+00	5.432702e+00
5.432196e+00	5.432148e+00	5.432088e+00	5.432096e+00	7.090131e+00	7.128497e+00
7.159050e+00	7.175908e+00	7.180854e+00	7.163803e+00	7.109429e+00	7.021609e+00
6.907844e+00	6.779642e+00	6.650455e+00	6.523878e+00	6.400880e+00	6.283149e+00
6.171144e+00	6.065580e+00	5.965355e+00	5.867238e+00	5.768018e+00	5.672879e+00
5.589489e+00	5.553064e+00	5.517334e+00	5.488785e+00	5.459778e+00	5.452735e+00
5.447156e+00	5.446480e+00	5.445898e+00	5.445842e+00	5.445782e+00	5.445792e+00
7.376738e+00	7.409330e+00	7.433128e+00	7.441539e+00	7.436711e+00	7.397895e+00
7.319321e+00	7.206078e+00	7.066736e+00	6.914101e+00	6.762983e+00	6.617234e+00
6.477766e+00	6.346029e+00	6.222002e+00	6.105264e+00	5.994747e+00	5.886919e+00
5.781152e+00	5.681952e+00	5.595803e+00	5.558490e+00	5.521789e+00	5.492242e+00
5.461968e+00	5.454600e+00	5.448767e+00	5.448064e+00	5.447452e+00	5.447392e+00
5.447332e+00	5.447342e+00	7.661841e+00	7.687791e+00	7.703668e+00	7.702011e+00
7.685505e+00	7.620795e+00	7.513962e+00	7.372347e+00	7.205758e+00	7.027975e+00
6.854502e+00	6.689253e+00	6.533036e+00	6.386666e+00	6.249340e+00	6.122295e+00
6.003553e+00	5.888637e+00	5.774597e+00	5.667756e+00	5.576490e+00	5.537511e+00
5.499077e+00	5.467843e+00	5.435758e+00	5.427933e+00	5.421717e+00	5.420961e+00
5.420308e+00	5.420258e+00	5.420198e+00	5.420197e+00	7.931424e+00	7.966758e+00
7.986055e+00	7.977353e+00	7.945359e+00	7.836357e+00	7.680807e+00	7.502230e+00
7.310566e+00	7.115173e+00	6.926211e+00	6.746411e+00	6.576736e+00	6.411108e+00
6.254325e+00	6.113166e+00	5.981752e+00	5.857248e+00	5.738080e+00	5.627061e+00
5.529718e+00	5.488184e+00	5.448074e+00	5.416210e+00	5.382916e+00	5.374875e+00
5.368479e+00	5.367657e+00	5.367020e+00	5.366953e+00	5.366886e+00	5.366886e+00
8.204725e+00	8.242128e+00	8.258743e+00	8.239391e+00	8.190577e+00	8.038958e+00
7.838275e+00	7.623193e+00	7.403700e+00	7.186283e+00	6.978227e+00	6.778302e+00
6.588535e+00	6.414937e+00	6.250673e+00	6.092102e+00	5.943904e+00	5.807142e+00
5.681763e+00	5.566106e+00	5.462516e+00	5.418081e+00	5.376038e+00	5.343592e+00
5.309518e+00	5.301356e+00	5.294867e+00	5.293995e+00	5.293375e+00	5.293293e+00
5.293225e+00	5.293222e+00	8.483344e+00	8.508705e+00	8.511925e+00	8.476733e+00
8.410431e+00	8.222393e+00	7.985013e+00	7.735302e+00	7.484242e+00	7.239272e+00
7.008152e+00	6.790963e+00	6.585885e+00	6.391796e+00	6.209699e+00	6.039872e+00
5.882425e+00	5.736059e+00	5.600053e+00	5.475688e+00	5.366454e+00	5.318972e+00
5.274370e+00	5.240788e+00	5.206687e+00	5.198507e+00	5.192026e+00	5.191156e+00
5.190526e+00	5.190446e+00	5.190396e+00	5.190376e+00	8.741261e+00	8.760391e+00
8.756236e+00	8.709568e+00	8.627951e+00	8.402018e+00	8.120337e+00	7.829128e+00
7.541768e+00	7.266442e+00	7.007961e+00	6.779681e+00	6.562618e+00	6.349480e+00
6.151932e+00	5.969689e+00	5.801762e+00	5.644943e+00	5.497502e+00	5.363390e+00
5.246590e+00	5.194389e+00	5.145259e+00	5.109357e+00	5.077513e+00	5.070619e+00
5.063379e+00	5.062173e+00	5.061664e+00	5.061674e+00	5.061450e+00	5.061540e+00
9.007945e+00	9.014267e+00	8.995725e+00	8.931387e+00	8.829718e+00	8.561319e+00
8.236813e+00	7.907447e+00	7.587578e+00	7.285791e+00	7.007414e+00	6.755280e+00
6.517437e+00	6.289386e+00	6.077451e+00	5.882815e+00	5.703970e+00	5.536252e+00
5.377155e+00	5.232885e+00	5.107713e+00	5.050611e+00	4.997303e+00	4.959578e+00
4.928517e+00	4.922040e+00	4.914759e+00	4.913510e+00	4.913047e+00	4.913074e+00
4.912805e+00	4.912924e+00	9.374926e+00	9.312126e+00	9.229266e+00	9.111857e+00
8.968620e+00	8.645880e+00	8.296004e+00	7.950719e+00	7.617632e+00	7.298417e+00
7.004914e+00	6.729756e+00	6.471000e+00	6.224491e+00	5.994950e+00	5.783187e+00
5.588310e+00	5.407025e+00	5.237645e+00	5.084496e+00	4.951544e+00	4.893096e+00
4.842366e+00	4.807957e+00	4.764890e+00	4.750863e+00	4.749161e+00	4.750146e+00
4.749030e+00	4.748480e+00	4.749297e+00	4.748725e+00	9.824736e+00	9.639053e+00
9.452765e+00	9.261690e+00	9.069292e+00	8.695073e+00	8.328942e+00	7.975796e+00
7.636246e+00	7.306189e+00	6.993121e+00	6.695712e+00	6.413799e+00	6.146579e+00
5.896704e+00	5.663099e+00	5.446825e+00	5.249184e+00	5.070986e+00	4.909902e+00
4.768915e+00	4.712179e+00	4.670165e+00	4.643672e+00	4.576201e+00	4.546552e+00
4.556175e+00	4.561682e+00	4.559216e+00	4.557495e+00	4.560527e+00	4.558547e+00
1.001286e+01	9.845959e+00	9.660425e+00	9.452449e+00	9.234890e+00	8.808897e+00
8.399645e+00	8.004019e+00	7.630009e+00	7.285785e+00	6.952877e+00	6.632795e+00
6.332808e+00	6.049598e+00	5.785533e+00	5.539429e+00	5.311494e+00	5.101456e+00
4.909278e+00	4.734573e+00	4.579635e+00	4.514267e+00	4.464256e+00	4.433767e+00
4.368409e+00	4.341237e+00	4.349328e+00	4.354278e+00	4.352018e+00	4.350456e+00
4.353201e+00	4.351429e+00	1.013149e+01	1.000735e+01	9.858204e+00	9.665988e+00
9.444608e+00	8.973991e+00	8.493911e+00	8.031015e+00	7.607185e+00	7.223772e+00
6.868006e+00	6.537990e+00	6.229534e+00	5.936145e+00	5.663229e+00	5.410930e+00
5.176896e+00	4.956601e+00	4.747899e+00	4.556506e+00	4.384084e+00	4.303782e+00
4.234576e+00	4.191177e+00	4.146463e+00	4.132551e+00	4.131556e+00	4.132769e+00
4.131697e+00	4.131127e+00	4.132011e+00	4.131466e+00	1.029066e+01	1.018541e+01
1.004492e+01	9.846589e+00	9.607149e+00	9.080229e+00	8.535775e+00	8.036158e+00
7.577625e+00	7.161017e+00	6.784854e+00	6.442793e+00	6.123928e+00	5.819463e+00
5.536298e+00	5.275396e+00	5.032632e+00	4.801073e+00	4.577391e+00	4.370634e+00
4.181727e+00	4.089551e+00	4.006491e+00	3.953970e+00	3.919499e+00	3.912905e+00
3.906633e+00	3.905731e+00	3.905317e+00	3.905304e+00	3.905133e+00	3.905284e+00
1.052277e+01	1.038751e+01	1.022038e+01	9.997102e+00	9.730765e+00	9.141145e+00
8.548257e+00	8.013502e+00	7.530037e+00	7.095717e+00	6.703500e+00	6.346584e+00
6.014557e+00	5.697624e+00	5.401950e+00	5.128574e+00	4.872725e+00	4.627983e+00
4.391233e+00	4.170694e+00	3.966549e+00	3.866635e+00	3.776674e+00	3.719732e+00
3.681457e+00	3.673468e+00	3.667514e+00	3.666822e+00	3.666304e+00	3.666226e+00
3.666143e+00	3.666237e+00	1.083682e+01	1.060279e+01	1.034600e+01	1.005356e+01
9.743484e+00	9.130569e+00	8.539015e+00	7.989631e+00	7.491450e+00	7.038763e+00
6.624474e+00	6.244864e+00	5.894543e+00	5.564451e+00	5.257010e+00	4.971908e+00
4.704533e+00	4.451117e+00	4.208519e+00	3.975935e+00	3.750444e+00	3.641216e+00
3.544559e+00	3.483699e+00	3.439856e+00	3.432670e+00	3.425753e+00	3.424809e+00
3.424361e+00	3.424251e+00	3.424332e+00	3.424289e+00	1.115511e+01	1.080464e+01
1.045010e+01	1.009138e+01	9.741201e+00	9.102321e+00	8.507344e+00	7.958469e+00
7.449196e+00	6.976077e+00	6.537057e+00	6.132828e+00	5.763935e+00	5.422277e+00
5.105041e+00	4.810161e+00	4.533215e+00	4.273187e+00	4.026588e+00	3.782113e+00
3.533611e+00	3.414531e+00	3.311122e+00	3.246347e+00	3.196114e+00	3.190195e+00
3.181642e+00	3.180244e+00	3.179907e+00	3.179796e+00	3.179994e+00	3.179827e+00
1.133216e+01	1.095311e+01	1.057136e+01	1.018688e+01	9.811187e+00	9.117528e+00
8.482401e+00	7.898760e+00	7.362909e+00	6.869527e+00	6.416407e+00	6.003096e+00
5.627346e+00	5.279773e+00	4.956027e+00	4.654476e+00	4.369556e+00	4.099413e+00
3.840206e+00	3.581517e+00	3.317854e+00	3.190912e+00	3.080597e+00	3.011078e+00
2.955047e+00	2.947044e+00	2.937744e+00	2.936348e+00	2.935862e+00	2.935740e+00
2.935843e+00	2.935703e+00	1.150040e+01	1.108798e+01	1.067384e+01	1.025897e+01
9.855902e+00	9.112324e+00	8.440988e+00	7.827354e+00	7.268084e+00	6.756157e+00
6.289049e+00	5.867104e+00	5.484883e+00	5.132192e+00	4.802805e+00	4.495198e+00
4.203382e+00	3.924637e+00	3.654830e+00	3.383633e+00	3.105871e+00	2.971580e+00
2.854520e+00	2.779791e+00	2.717005e+00	2.706842e+00	2.696441e+00	2.694976e+00
2.694328e+00	2.694194e+00	2.694234e+00	2.694087e+00	1.165539e+01	1.120895e+01
1.076206e+01	1.031702e+01	9.884463e+00	9.100069e+00	8.388897e+00	7.746034e+00
7.163902e+00	6.634566e+00	6.154626e+00	5.725053e+00	5.337430e+00	4.980641e+00
4.646707e+00	4.333878e+00	4.036489e+00	3.750550e+00	3.471712e+00	3.189830e+00
2.900046e+00	2.759350e+00	2.635978e+00	2.555795e+00	2.485806e+00	2.473435e+00
2.461720e+00	2.460138e+00	2.459314e+00	2.459175e+00	2.459148e+00	2.459001e+00
1.179724e+01	1.131475e+01	1.083356e+01	1.035706e+01	9.898570e+00	9.066955e+00
8.321396e+00	7.651076e+00	7.047503e+00	6.502884e+00	6.012257e+00	5.576222e+00
5.184214e+00	4.824029e+00	4.486224e+00	4.168426e+00	3.866394e+00	3.574567e+00
3.288532e+00	2.998385e+00	2.699385e+00	2.553397e+00	2.423734e+00	2.337140e+00
2.259278e+00	2.244512e+00	2.231187e+00	2.229436e+00	2.228406e+00	2.228266e+00
2.228166e+00	2.228036e+00	1.194180e+01	1.141115e+01	1.088508e+01	1.036911e+01
9.884708e+00	9.008497e+00	8.230528e+00	7.539256e+00	6.921609e+00	6.368548e+00
5.873103e+00	5.432605e+00	5.035972e+00	4.670451e+00	4.325816e+00	3.999259e+00
3.689643e+00	3.391251e+00	3.100518e+00	2.807547e+00	2.506514e+00	2.357892e+00
2.221115e+00	2.125186e+00	2.040093e+00	2.022380e+00	2.007432e+00	2.005574e+00
2.004267e+00	2.004093e+00	2.003957e+00	2.003854e+00	1.208773e+01	1.150307e+01
1.092892e+01	1.037618e+01	9.855545e+00	8.931053e+00	8.125582e+00	7.417969e+00
6.790464e+00	6.232292e+00	5.734595e+00	5.290627e+00	4.889484e+00	4.518242e+00
4.166287e+00	3.830486e+00	3.513194e+00	3.209359e+00	2.916164e+00	2.623387e+00
2.323562e+00	2.173663e+00	2.030454e+00	1.925340e+00	1.833808e+00	1.813285e+00
1.796787e+00	1.794832e+00	1.793255e+00	1.793041e+00	1.792886e+00	1.792814e+00
1.223505e+01	1.159356e+01	1.096878e+01	1.037609e+01	9.824114e+00	8.852791e+00
8.018112e+00	7.293094e+00	6.655514e+00	6.091396e+00	5.590609e+00	5.143133e+00
4.737568e+00	4.361434e+00	4.004102e+00	3.662217e+00	3.340294e+00	3.034643e+00
2.741424e+00	2.449689e+00	2.150370e+00	1.999014e+00	1.850757e+00	1.738582e+00
1.640731e+00	1.617956e+00	1.599804e+00	1.597683e+00	1.595900e+00	1.595654e+00
1.595493e+00	1.595447e+00	1.238520e+01	1.168308e+01	1.100521e+01	1.037285e+01
9.788823e+00	8.771853e+00	7.907209e+00	7.164416e+00	6.517377e+00	5.947264e+00
5.442936e+00	4.991932e+00	4.581920e+00	4.201476e+00	3.840366e+00	3.495047e+00
3.170887e+00	2.866368e+00	2.575249e+00	2.285529e+00	1.986627e+00	1.833908e+00
1.681793e+00	1.564133e+00	1.459862e+00	1.435149e+00	1.415213e+00	1.412869e+00
1.410916e+00	1.410642e+00	1.410484e+00	1.410460e+00	1.254743e+01	1.178327e+01
1.105150e+01	1.037779e+01	9.769813e+00	8.702957e+00	7.807654e+00	7.046005e+00
6.390475e+00	5.816230e+00	5.308224e+00	4.853486e+00	4.439363e+00	4.055035e+00
3.690531e+00	3.342063e+00	3.014982e+00	2.710833e+00	2.421700e+00	2.134244e+00
1.837088e+00	1.684400e+00	1.530501e+00	1.409237e+00	1.298783e+00	1.272048e+00
1.250457e+00	1.247926e+00	1.245783e+00	1.245483e+00	1.245308e+00	1.245306e+00
1.272020e+01	1.189204e+01	1.110582e+01	1.039498e+01	9.756054e+00	8.642182e+00
7.716901e+00	6.936178e+00	6.272515e+00	5.694842e+00	5.182999e+00	4.724389e+00
4.306320e+00	3.918401e+00	3.550970e+00	3.200006e+00	2.870254e+00	2.566429e+00
2.279415e+00	1.994542e+00	1.700129e+00	1.548417e+00	1.394215e+00	1.270850e+00
1.155083e+00	1.126563e+00	1.103582e+00	1.100890e+00	1.098578e+00	1.098260e+00
1.098061e+00	1.098075e+00	1.291058e+01	1.201282e+01	1.116867e+01	1.041839e+01
9.754502e+00	8.614945e+00	7.661945e+00	6.859972e+00	6.183855e+00	5.598797e+00
5.080469e+00	4.615688e+00	4.191746e+00	3.798692e+00	3.428088e+00	3.075967e+00
2.745354e+00	2.440891e+00	2.154400e+00	1.871012e+00	1.579744e+00	1.429472e+00
1.275823e+00	1.151228e+00	1.030391e+00	1.000261e+00	9.760643e-01	9.731074e-01
9.706898e-01	9.703742e-01	9.701414e-01	9.701447e-01	1.312699e+01	1.215167e+01
1.124576e+01	1.046059e+01	9.777173e+00	8.604612e+00	7.629536e+00	6.807494e+00
6.118727e+00	5.524514e+00	4.998244e+00	4.525754e+00	4.094413e+00	3.694827e+00
3.320859e+00	2.968986e+00	2.639327e+00	2.333358e+00	2.045773e+00	1.762575e+00
1.474646e+00	1.326115e+00	1.173661e+00	1.048472e+00	9.225077e-01	8.908582e-01
8.655476e-01	8.622123e-01	8.597438e-01	8.594516e-01	8.591737e-01	8.591432e-01
1.337490e+01	1.232004e+01	1.135057e+01	1.052874e+01	9.823397e+00	8.615545e+00
7.629668e+00	6.795679e+00	6.087243e+00	5.479513e+00	4.943168e+00	4.462776e+00
4.024128e+00	3.618372e+00	3.240095e+00	2.885706e+00	2.553965e+00	2.244698e+00
1.955511e+00	1.672861e+00	1.387218e+00	1.239928e+00	1.087839e+00	9.613896e-01
8.307590e-01	7.975244e-01	7.710192e-01	7.674753e-01	7.649061e-01	7.646054e-01
7.643088e-01	7.642261e-01	1.365758e+01	1.252260e+01	1.149045e+01	1.063450e+01
9.910366e+00	8.664723e+00	7.651190e+00	6.796329e+00	6.078605e+00	5.463277e+00
4.919294e+00	4.428552e+00	3.981293e+00	3.568509e+00	3.184630e+00	2.825675e+00
2.490000e+00	2.176244e+00	1.883956e+00	1.601543e+00	1.317001e+00	1.170231e+00
1.017548e+00	8.890811e-01	7.537902e-01	7.188998e-01	6.910975e-01	6.874147e-01
6.847174e-01	6.843932e-01	6.840923e-01	6.839499e-01	1.396383e+01	1.275141e+01
1.165885e+01	1.077073e+01	1.002871e+01	8.744463e+00	7.706683e+00	6.837131e+00
6.103502e+00	5.473644e+00	4.917877e+00	4.419602e+00	3.965244e+00	3.546211e+00
3.157112e+00	2.793854e+00	2.452979e+00	2.133097e+00	1.834779e+00	1.550801e+00
1.265567e+00	1.118176e+00	9.636419e-01	8.321385e-01	6.913998e-01	6.547071e-01
6.254195e-01	6.215631e-01	6.187125e-01	6.183693e-01	6.180539e-01	6.178740e-01
1.427319e+01	1.301108e+01	1.187783e+01	1.096317e+01	1.019891e+01	8.856215e+00
7.775866e+00	6.889411e+00	6.149600e+00	5.515640e+00	4.953460e+00	4.447968e+00
3.986714e+00	3.561641e+00	3.166278e+00	2.796360e+00	2.446312e+00	2.116424e+00
1.808946e+00	1.519383e+00	1.229748e+00	1.081064e+00	9.242979e-01	7.891674e-01
6.423495e-01	6.036491e-01	5.726380e-01	5.687445e-01	5.656067e-01	5.652350e-01
5.648552e-01	5.647257e-01	1.460111e+01	1.328298e+01	1.210535e+01	1.116482e+01
1.038164e+01	8.988729e+00	7.870348e+00	6.967392e+00	6.221415e+00	5.583625e+00
5.014932e+00	4.499340e+00	4.028357e+00	3.594391e+00	3.189467e+00	2.808100e+00
2.450751e+00	2.116979e+00	1.805259e+00	1.512351e+00	1.220431e+00	1.067285e+00
9.035789e-01	7.613057e-01	6.058051e-01	5.645404e-01	5.314144e-01	5.273370e-01
5.239224e-01	5.235232e-01	5.231056e-01	5.230352e-01	1.495179e+01	1.356220e+01
1.233011e+01	1.136310e+01	1.056721e+01	9.145332e+00	8.010384e+00	7.096508e+00
6.340457e+00	5.691882e+00	5.112792e+00	4.587857e+00	4.108523e+00	3.666901e+00
3.255159e+00	2.867761e+00	2.502473e+00	2.157542e+00	1.831588e+00	1.523678e+00
1.222117e+00	1.064732e+00	8.956915e-01	7.471089e-01	5.811325e-01	5.366819e-01
5.009832e-01	4.965672e-01	4.928822e-01	4.924526e-01	4.920230e-01	4.920020e-01
1.530145e+01	1.384780e+01	1.256721e+01	1.157714e+01	1.077064e+01	9.323658e+00
8.177606e+00	7.253029e+00	6.487097e+00	5.828411e+00	5.239451e+00	4.705226e+00
4.217254e+00	3.767491e+00	3.347842e+00	2.952364e+00	2.578136e+00	2.222264e+00
1.882353e+00	1.557913e+00	1.242454e+00	1.079298e+00	9.039841e-01	7.490624e-01
5.662077e-01	5.176163e-01	4.791056e-01	4.743361e-01	4.703345e-01	4.698491e-01
4.694218e-01	4.694507e-01	1.565098e+01	1.413681e+01	1.281113e+01	1.180086e+01
1.098638e+01	9.519888e+00	8.368890e+00	7.435047e+00	6.659402e+00	5.990729e+00
5.392276e+00	4.849160e+00	4.352838e+00	3.895114e+00	3.467562e+00	3.063802e+00
2.680285e+00	2.313158e+00	1.959361e+00	1.617875e+00	1.285665e+00	1.112574e+00
9.233928e-01	7.541160e-01	5.561962e-01	5.036144e-01	4.619551e-01	4.567899e-01
4.524562e-01	4.519168e-01	4.514749e-01	4.515208e-01	1.598960e+01	1.442111e+01
1.305593e+01	1.203029e+01	1.121199e+01	9.733217e+00	8.580492e+00	7.638713e+00
6.853370e+00	6.174350e+00	5.566087e+00	5.013777e+00	4.508758e+00	4.042638e+00
3.606653e+00	3.193967e+00	2.800433e+00	2.421227e+00	2.052332e+00	1.691836e+00
1.338459e+00	1.154203e+00	9.499568e-01	7.646180e-01	5.553280e-01	4.974931e-01
4.505916e-01	4.448243e-01	4.400704e-01	4.395010e-01	4.389677e-01	4.389569e-01
1.631296e+01	1.469769e+01	1.330007e+01	1.226537e+01	1.144913e+01	9.969522e+00
8.820996e+00	7.873936e+00	7.079471e+00	6.390139e+00	5.772180e+00	5.210787e+00
4.697079e+00	4.222434e+00	3.777756e+00	3.355775e+00	2.951890e+00	2.560528e+00
2.176617e+00	1.796502e+00	1.415489e+00	1.217132e+00	9.945267e-01	7.910716e-01
5.582707e-01	4.946756e-01	4.431624e-01	4.367611e-01	4.315765e-01	4.309796e-01
4.303314e-01	4.302031e-01	1.661129e+01	1.495685e+01	1.353385e+01	1.249640e+01
1.168901e+01	1.022148e+01	9.078615e+00	8.128360e+00	7.325976e+00	6.626813e+00
5.998963e+00	5.427953e+00	4.904928e+00	4.421227e+00	3.967672e+00	3.536717e+00
3.123266e+00	2.720903e+00	2.322822e+00	1.921858e+00	1.508993e+00	1.291522e+00
1.047767e+00	8.237988e-01	5.657356e-01	4.961746e-01	4.389898e-01	4.317765e-01
4.260293e-01	4.252989e-01	4.245361e-01	4.238801e-01	1.689387e+01	1.520495e+01
1.376123e+01	1.272565e+01	1.193246e+01	1.048793e+01	9.353065e+00	8.401930e+00
7.592980e+00	6.884688e+00	6.247122e+00	5.666381e+00	5.133814e+00	4.640875e+00
4.178509e+00	3.739049e+00	3.316934e+00	2.904928e+00	2.493982e+00	2.071635e+00
1.622478e+00	1.380579e+00	1.112384e+00	8.655966e-01	5.807675e-01	5.015100e-01
4.359835e-01	4.280635e-01	4.217913e-01	4.209177e-01	4.200484e-01	4.188050e-01
1.716068e+01	1.543784e+01	1.397550e+01	1.294590e+01	1.217146e+01	1.075632e+01
9.632022e+00	8.682587e+00	7.869454e+00	7.154090e+00	6.508405e+00	5.919122e+00
5.377879e+00	4.876329e+00	4.405578e+00	3.957874e+00	3.527245e+00	3.105666e+00
2.681938e+00	2.238316e+00	1.752117e+00	1.483732e+00	1.186572e+00	9.133117e-01
5.981728e-01	5.086666e-01	4.353214e-01	4.258114e-01	4.184201e-01	4.174192e-01
4.162207e-01	4.144239e-01	1.741831e+01	1.565763e+01	1.417540e+01	1.315398e+01
1.240235e+01	1.102355e+01	9.912930e+00	8.969097e+00	8.155876e+00	7.437149e+00
6.786075e+00	6.190028e+00	5.641158e+00	5.131570e+00	4.652710e+00	4.196865e+00
3.757737e+00	3.326603e+00	2.890451e+00	2.426894e+00	1.905222e+00	1.608459e+00
1.275188e+00	9.699171e-01	6.200291e-01	5.209540e-01	4.360188e-01	4.244411e-01
4.158544e-01	4.147644e-01	4.130505e-01	4.107501e-01	1.753260e+01	1.578812e+01
1.433171e+01	1.335176e+01	1.264428e+01	1.131969e+01	1.022380e+01	9.275702e+00
8.448116e+00	7.713418e+00	7.051624e+00	6.450447e+00	5.900387e+00	5.391495e+00
4.912615e+00	4.454222e+00	4.009644e+00	3.569495e+00	3.118670e+00	2.629646e+00
2.065797e+00	1.740136e+00	1.373032e+00	1.039987e+00	6.482668e-01	5.341345e-01
4.371037e-01	4.240546e-01	4.133398e-01	4.119446e-01	4.100144e-01	4.072338e-01
1.761440e+01	1.588812e+01	1.446085e+01	1.353019e+01	1.287548e+01	1.161087e+01
1.053442e+01	9.583244e+00	8.740799e+00	7.989322e+00	7.317265e+00	6.712826e+00
6.164554e+00	5.659991e+00	5.184633e+00	4.726532e+00	4.278453e+00	3.830153e+00
3.364165e+00	2.847608e+00	2.238773e+00	1.883977e+00	1.483210e+00	1.122977e+00
6.833001e-01	5.497303e-01	4.390978e-01	4.240010e-01	4.108697e-01	4.090689e-01
4.070702e-01	4.039120e-01	1.779240e+01	1.602672e+01	1.458519e+01	1.367794e+01
1.306024e+01	1.183607e+01	1.078679e+01	9.854300e+00	9.024648e+00	8.280866e+00
7.612014e+00	7.007211e+00	6.456088e+00	5.947278e+00	5.467252e+00	5.004462e+00
4.551123e+00	4.095884e+00	3.619105e+00	3.083221e+00	2.438186e+00	2.054059e+00
1.611593e+00	1.209945e+00	7.214948e-01	5.719239e-01	4.431064e-01	4.245402e-01
4.085026e-01	4.064428e-01	4.041871e-01	4.009087e-01	1.793705e+01	1.613993e+01
1.469024e+01	1.381208e+01	1.323549e+01	1.205235e+01	1.103234e+01	1.011993e+01
9.303988e+00	8.568903e+00	7.904996e+00	7.302312e+00	6.751291e+00	6.241230e+00
5.759232e+00	5.293904e+00	4.836968e+00	4.376075e+00	3.889541e+00	3.335135e+00
2.654432e+00	2.241058e+00	1.756187e+00	1.308874e+00	7.663495e-01	5.981161e-01
4.484401e-01	4.259279e-01	4.062957e-01	4.039046e-01	4.014182e-01	3.982962e-01
1.804999e+01	1.622609e+01	1.477220e+01	1.392528e+01	1.339046e+01	1.224946e+01
1.126082e+01	1.037117e+01	9.571786e+00	8.848293e+00	8.192210e+00	7.594454e+00
7.046211e+00	6.537417e+00	6.055734e+00	5.589935e+00	5.131308e+00	4.666610e+00
4.172192e+00	3.601300e+00	2.886814e+00	2.444648e+00	1.916651e+00	1.419475e+00
8.171564e-01	6.280544e-01	4.548816e-01	4.279090e-01	4.040659e-01	4.012561e-01
3.986790e-01	3.957419e-01	1.812999e+01	1.628572e+01	1.483127e+01	1.401502e+01
1.352016e+01	1.242163e+01	1.146553e+01	1.060087e+01	9.820685e+00	9.111707e+00
8.466518e+00	7.876806e+00	7.334409e+00	6.829844e+00	6.351197e+00	5.887384e+00
5.429363e+00	4.963139e+00	4.463265e+00	3.878845e+00	3.134055e+00	2.664761e+00
2.094545e+00	1.544376e+00	8.754197e-01	6.628842e-01	4.629226e-01	4.307627e-01
4.018438e-01	3.984687e-01	3.960110e-01	3.932481e-01	1.819081e+01	1.633332e+01
1.488117e+01	1.409225e+01	1.363279e+01	1.257640e+01	1.165243e+01	1.081366e+01
1.005411e+01	9.361697e+00	8.729752e+00	8.150652e+00	7.616778e+00	7.119089e+00
6.645989e+00	6.186482e+00	5.731313e+00	5.265842e+00	4.763055e+00	4.168210e+00
3.396860e+00	2.902253e+00	2.290823e+00	1.687733e+00	9.421111e-01	7.033130e-01
4.730605e-01	4.349501e-01	3.999758e-01	3.959223e-01	3.936774e-01	3.911750e-01
1.823932e+01	1.637144e+01	1.492277e+01	1.415952e+01	1.373309e+01	1.271833e+01
1.182639e+01	1.101421e+01	1.027645e+01	9.602211e+00	8.985407e+00	8.419020e+00
7.895906e+00	7.407376e+00	6.942072e+00	6.489046e+00	6.038898e+00	5.576427e+00
5.073216e+00	4.470899e+00	3.676379e+00	3.157984e+00	2.505959e+00	1.848793e+00
1.016986e+00	7.489750e-01	4.849874e-01	4.403180e-01	3.983663e-01	3.935237e-01
3.915398e-01	3.893036e-01	1.826824e+01	1.639259e+01	1.494948e+01	1.421014e+01
1.381409e+01	1.283985e+01	1.197957e+01	1.119425e+01	1.047930e+01	9.824757e+00
9.225080e+00	8.673691e+00	8.163829e+00	7.687071e+00	7.232183e+00	6.788193e+00
6.345629e+00	5.888862e+00	5.388288e+00	4.782313e+00	3.969353e+00	3.429615e+00
2.738857e+00	2.026734e+00	1.100527e+00	8.002261e-01	4.986977e-01	4.467146e-01
3.971792e-01	3.912933e-01	3.896409e-01	3.875926e-01	1.828531e+01	1.640416e+01
1.496580e+01	1.424702e+01	1.387774e+01	1.294126e+01	1.211112e+01	1.135209e+01
1.066018e+01	1.002623e+01	9.445153e+00	8.910657e+00	8.416274e+00	7.953740e+00
7.511804e+00	7.079383e+00	6.646994e+00	6.198734e+00	5.704097e+00	5.098828e+00
4.273418e+00	3.715940e+00	2.990116e+00	2.224220e+00	1.194925e+00	8.589327e-01
5.152164e-01	4.549590e-01	3.963739e-01	3.893066e-01	3.879844e-01	3.860659e-01
1.829114e+01	1.640357e+01	1.496627e+01	1.427009e+01	1.392588e+01	1.302409e+01
1.222199e+01	1.148824e+01	1.081906e+01	1.020606e+01	9.644460e+00	9.128253e+00
8.651159e+00	8.204977e+00	7.778300e+00	7.359882e+00	6.940291e+00	6.503467e+00
6.018256e+00	5.418184e+00	4.586339e+00	4.014750e+00	3.257547e+00	2.439563e+00
1.299688e+00	9.250667e-01	5.343813e-01	4.649016e-01	3.965084e-01	3.877815e-01
3.865164e-01	3.847105e-01	1.829470e+01	1.639984e+01	1.496545e+01	1.428750e+01
1.396576e+01	1.309600e+01	1.232027e+01	1.161086e+01	1.096398e+01	1.037202e+01
9.830394e+00	9.333385e+00	8.874850e+00	8.446598e+00	8.036980e+00	7.634547e+00
7.229962e+00	6.807113e+00	6.334411e+00	5.743568e+00	4.910791e+00	4.328462e+00
3.543348e+00	2.674755e+00	1.416016e+00	9.991734e-01	5.562963e-01	4.766499e-01
3.971078e-01	3.865188e-01	3.851764e-01	3.834711e-01	1.829424e+01	1.639335e+01
1.496262e+01	1.429560e+01	1.399526e+01	1.315452e+01	1.240318e+01	1.171663e+01
1.109128e+01	1.052002e+01	9.998528e+00	9.521340e+00	9.082380e+00	8.673422e+00
8.282518e+00	7.897993e+00	7.510654e+00	7.104481e+00	6.647674e+00	6.070547e+00
5.242998e+00	4.653693e+00	3.844562e+00	2.927607e+00	1.546491e+00	1.081530e+00
5.809147e-01	4.900701e-01	3.980761e-01	3.862013e-01	3.839630e-01	3.823607e-01
1.828138e+01	1.637654e+01	1.494859e+01	1.429834e+01	1.401505e+01	1.319925e+01
1.246969e+01	1.180403e+01	1.119895e+01	1.064761e+01	1.014601e+01	9.688879e+00
9.270123e+00	8.881409e+00	8.510396e+00	8.145126e+00	7.776645e+00	7.389250e+00
6.951354e+00	6.392711e+00	5.577948e+00	4.986492e+00	4.158423e+00	3.197150e+00
1.694640e+00	1.174221e+00	6.095012e-01	5.061768e-01	4.005098e-01	3.862491e-01
3.828892e-01	3.813803e-01	1.827156e+01	1.636891e+01	1.494734e+01	1.430853e+01
1.404141e+01	1.324697e+01	1.253544e+01	1.188686e+01	1.129807e+01	1.076303e+01
1.027792e+01	9.837863e+00	9.437211e+00	9.068040e+00	8.718377e+00	8.376512e+00
8.033451e+00	7.673047e+00	7.261920e+00	6.724287e+00	5.917472e+00	5.323370e+00
4.484584e+00	3.489190e+00	1.862445e+00	1.276478e+00	6.419238e-01	5.246645e-01
4.038976e-01	3.869623e-01	3.818867e-01	3.806354e-01	1.825951e+01	1.636259e+01
1.494891e+01	1.432143e+01	1.406681e+01	1.329107e+01	1.259513e+01	1.196137e+01
1.138672e+01	1.086598e+01	1.039554e+01	9.970963e+00	9.587197e+00	9.236921e+00
8.908908e+00	8.592033e+00	8.277362e+00	7.948209e+00	7.568681e+00	7.055177e+00
6.257002e+00	5.662428e+00	4.820802e+00	3.800887e+00	2.051144e+00	1.390274e+00
6.787717e-01	5.460949e-01	4.085740e-01	3.890777e-01	3.811113e-01	3.800302e-01
1.821972e+01	1.633758e+01	1.493802e+01	1.432369e+01	1.407935e+01	1.332132e+01
1.264066e+01	1.202187e+01	1.146197e+01	1.095610e+01	1.050108e+01	1.009276e+01
9.726395e+00	9.394925e+00	9.087457e+00	8.793139e+00	8.503366e+00	8.201642e+00
7.851495e+00	7.366267e+00	6.590713e+00	6.004055e+00	5.164512e+00	4.123248e+00
2.257885e+00	1.519035e+00	7.200840e-01	5.707713e-01	4.143990e-01	3.911395e-01
3.806862e-01	3.794300e-01	1.817525e+01	1.631262e+01	1.492929e+01	1.432729e+01
1.409075e+01	1.334774e+01	1.268034e+01	1.207451e+01	1.152743e+01	1.103481e+01
1.059361e+01	1.020005e+01	9.849674e+00	9.535952e+00	9.248335e+00	8.976393e+00
8.712027e+00	8.439078e+00	8.120787e+00	7.667792e+00	6.920721e+00	6.345845e+00
5.513338e+00	4.456986e+00	2.483541e+00	1.665265e+00	7.665497e-01	5.987040e-01
4.215635e-01	3.941835e-01	3.802920e-01	3.787952e-01	1.813376e+01	1.629289e+01
1.492719e+01	1.433381e+01	1.410458e+01	1.337511e+01	1.271930e+01	1.212482e+01
1.158904e+01	1.110803e+01	1.067902e+01	1.029862e+01	9.962752e+00	9.665299e+00
9.396232e+00	9.145692e+00	8.906293e+00	8.662621e+00	8.378120e+00	7.961063e+00
7.248285e+00	6.688921e+00	5.867893e+00	4.802150e+00	2.728729e+00	1.830015e+00
8.184672e-01	6.300396e-01	4.300268e-01	3.980989e-01	3.800239e-01	3.783659e-01
1.809679e+01	1.627865e+01	1.493057e+01	1.434745e+01	1.412322e+01	1.340505e+01
1.275875e+01	1.217363e+01	1.164719e+01	1.117564e+01	1.075667e+01	1.038728e+01
1.006388e+01	9.780688e+00	9.528437e+00	9.297968e+00	9.082575e+00	8.867591e+00
8.617069e+00	8.238606e+00	7.566745e+00	7.027182e+00	6.221742e+00	5.152693e+00
2.993222e+00	2.015885e+00	8.772581e-01	6.658936e-01	4.403935e-01	4.033660e-01
3.798873e-01	3.781178e-01	1.805534e+01	1.626291e+01	1.493465e+01	1.436191e+01
1.414335e+01	1.343693e+01	1.279979e+01	1.222259e+01	1.170307e+01	1.123835e+01
1.082646e+01	1.046522e+01	1.015169e+01	9.881161e+00	9.645529e+00	9.436341e+00
9.245941e+00	9.056860e+00	8.832828e+00	8.490390e+00	7.871280e+00	7.359871e+00
6.572274e+00	5.503718e+00	3.278689e+00	2.220449e+00	9.432166e-01	7.067173e-01
4.527213e-01	4.098245e-01	3.800487e-01	3.777954e-01	1.800847e+01	1.624556e+01
1.493970e+01	1.437765e+01	1.416390e+01	1.346839e+01	1.283950e+01	1.226911e+01
1.175535e+01	1.129637e+01	1.089054e+01	1.053646e+01	1.023171e+01	9.972788e+00
9.752849e+00	9.564290e+00	9.398354e+00	9.234244e+00	9.035386e+00	8.729734e+00
8.169010e+00	7.690011e+00	6.924126e+00	5.861710e+00	3.585458e+00	2.444909e+00
1.016461e+00	7.522805e-01	4.667382e-01	4.173942e-01	3.804253e-01	3.774887e-01
1.794758e+01	1.622357e+01	1.494654e+01	1.439477e+01	1.418262e+01	1.349480e+01
1.287165e+01	1.230647e+01	1.179798e+01	1.134472e+01	1.094557e+01	1.059911e+01
1.030293e+01	1.005388e+01	9.846496e+00	9.674352e+00	9.529088e+00	9.389800e+00
9.221262e+00	8.957969e+00	8.454431e+00	8.005960e+00	7.268971e+00	6.224585e+00
3.907310e+00	2.687185e+00	1.097989e+00	8.030693e-01	4.824335e-01	4.263030e-01
3.809217e-01	3.773307e-01	1.786170e+01	1.619314e+01	1.495466e+01	1.441332e+01
1.419907e+01	1.351660e+01	1.289747e+01	1.233631e+01	1.183243e+01	1.138446e+01
1.099184e+01	1.065277e+01	1.036448e+01	1.012372e+01	9.926340e+00	9.767189e+00
9.639209e+00	9.523432e+00	9.387446e+00	9.169466e+00	8.721948e+00	8.302994e+00
7.601013e+00	6.585373e+00	4.240859e+00	2.947643e+00	1.189804e+00	8.606836e-01
5.006297e-01	4.372494e-01	3.817909e-01	3.772406e-01	1.773850e+01	1.614572e+01
1.495650e+01	1.442956e+01	1.420943e+01	1.353317e+01	1.291904e+01	1.236235e+01
1.186264e+01	1.141896e+01	1.103089e+01	1.069703e+01	1.041509e+01	1.018238e+01
9.994836e+00	9.847813e+00	9.735416e+00	9.640491e+00	9.533241e+00	9.355571e+00
8.966409e+00	8.584670e+00	7.921045e+00	6.933412e+00	4.580534e+00	3.228646e+00
1.292724e+00	9.254098e-01	5.214349e-01	4.494774e-01	3.832658e-01	3.770391e-01
1.757769e+01	1.608057e+01	1.495743e+01	1.444471e+01	1.421734e+01	1.354702e+01
1.293792e+01	1.238568e+01	1.188985e+01	1.144993e+01	1.106550e+01	1.073586e+01
1.045946e+01	1.023437e+01	1.005620e+01	9.920486e+00	9.822450e+00	9.746766e+00
9.666246e+00	9.526434e+00	9.196629e+00	8.856335e+00	8.234352e+00	7.276616e+00
4.930750e+00	3.531658e+00	1.407548e+00	9.977336e-01	5.448878e-01	4.631289e-01
3.855512e-01	3.767341e-01	1.740807e+01	1.601209e+01	1.495788e+01	1.446015e+01
1.422370e+01	1.355824e+01	1.295338e+01	1.240518e+01	1.191307e+01	1.147687e+01
1.109614e+01	1.077063e+01	1.049934e+01	1.028080e+01	1.011069e+01	9.984995e+00
9.899770e+00	9.841176e+00	9.784635e+00	9.680728e+00	9.409396e+00	9.110859e+00
8.535445e+00	7.615933e+00	5.290041e+00	3.850019e+00	1.534706e+00	1.078372e+00
5.709851e-01	4.785790e-01	3.883822e-01	3.764391e-01	1.722319e+01	1.593789e+01
1.495812e+01	1.447606e+01	1.422869e+01	1.356707e+01	1.296573e+01	1.242106e+01
1.193238e+01	1.149973e+01	1.112263e+01	1.080102e+01	1.053433e+01	1.032122e+01
1.015783e+01	1.004074e+01	9.966605e+00	9.922680e+00	9.886893e+00	9.816018e+00
9.600811e+00	9.343348e+00	8.818667e+00	7.945421e+00	5.652200e+00	4.179731e+00
1.676735e+00	1.169631e+00	6.008016e-01	4.968011e-01	3.923607e-01	3.761373e-01
1.704420e+01	1.586574e+01	1.495813e+01	1.449072e+01	1.423242e+01	1.357318e+01
1.297378e+01	1.243171e+01	1.194634e+01	1.151753e+01	1.114482e+01	1.082783e+01
1.056547e+01	1.035651e+01	1.019820e+01	1.008810e+01	1.002355e+01	9.992586e+00
9.975728e+00	9.937278e+00	9.774749e+00	9.553228e+00	9.080212e+00	8.267545e+00
6.028810e+00	4.516874e+00	1.829271e+00	1.270662e+00	6.344559e-01	5.171209e-01
3.974123e-01	3.762319e-01	1.688057e+01	1.580052e+01	1.495848e+01	1.450524e+01
1.423654e+01	1.357912e+01	1.298107e+01	1.244113e+01	1.195866e+01	1.153330e+01
1.116453e+01	1.085166e+01	1.059323e+01	1.038808e+01	1.023425e+01	1.013004e+01
1.007354e+01	1.005383e+01	1.005388e+01	1.004426e+01	9.930250e+00	9.744389e+00
9.324868e+00	8.575642e+00	6.401774e+00	4.864997e+00	2.000684e+00	1.383434e+00
6.723644e-01	5.400101e-01	4.033620e-01	3.764371e-01	1.674371e+01	1.574734e+01
1.496192e+01	1.451995e+01	1.424277e+01	1.358746e+01	1.299145e+01	1.245381e+01
1.197347e+01	1.155020e+01	1.118334e+01	1.087250e+01	1.061742e+01	1.041692e+01
1.026829e+01	1.016965e+01	1.011976e+01	1.010972e+01	1.012441e+01	1.013643e+01
1.006612e+01	9.922422e+00	9.560555e+00	8.860999e+00	6.742706e+00	5.232959e+00
2.210600e+00	1.510395e+00	7.142876e-01	5.658851e-01	4.093645e-01	3.762162e-01
1.661535e+01	1.569148e+01	1.495717e+01	1.452540e+01	1.424145e+01	1.358836e+01
1.299443e+01	1.245882e+01	1.198050e+01	1.155914e+01	1.119435e+01	1.088582e+01
1.063344e+01	1.043625e+01	1.029197e+01	1.019903e+01	1.015629e+01	1.015421e+01
1.017950e+01	1.021079e+01	1.017998e+01	1.007206e+01	9.765866e+00	9.129894e+00
7.091439e+00	5.594645e+00	2.446199e+00	1.649447e+00	7.613626e-01	5.945447e-01
4.172752e-01	3.761920e-01	1.651892e+01	1.565507e+01	1.495703e+01	1.453318e+01
1.424153e+01	1.358950e+01	1.299695e+01	1.246313e+01	1.198703e+01	1.156802e+01
1.120575e+01	1.089983e+01	1.065018e+01	1.045557e+01	1.031336e+01	1.022196e+01
1.018248e+01	1.019049e+01	1.023522e+01	1.029065e+01	1.028892e+01	1.020509e+01
9.946248e+00	9.381323e+00	7.448165e+00	5.956643e+00	2.701305e+00	1.803394e+00
8.139897e-01	6.265146e-01	4.265604e-01	3.761563e-01	1.645132e+01	1.563468e+01
1.496811e+01	1.454689e+01	1.424634e+01	1.359187e+01	1.299979e+01	1.246769e+01
1.199408e+01	1.157796e+01	1.121873e+01	1.091569e+01	1.066874e+01	1.047587e+01
1.033330e+01	1.023982e+01	1.020063e+01	1.021962e+01	1.029201e+01	1.037669e+01
1.039169e+01	1.032080e+01	1.010035e+01	9.609461e+00	7.804801e+00	6.313779e+00
2.971955e+00	1.975308e+00	8.736200e-01	6.629428e-01	4.376594e-01	3.760873e-01
1.637358e+01	1.560602e+01	1.497099e+01	1.455655e+01	1.425035e+01	1.359631e+01
1.300514e+01	1.247428e+01	1.200201e+01	1.158719e+01	1.122939e+01	1.092798e+01
1.068264e+01	1.049165e+01	1.035109e+01	1.025978e+01	1.022384e+01	1.024929e+01
1.033221e+01	1.043145e+01	1.047068e+01	1.042268e+01	1.024584e+01	9.820161e+00
8.132263e+00	6.673566e+00	3.263120e+00	2.167584e+00	9.403237e-01	7.040299e-01
4.505892e-01	3.760412e-01	1.629532e+01	1.557499e+01	1.497280e+01	1.456483e+01
1.425405e+01	1.360168e+01	1.301151e+01	1.248142e+01	1.200985e+01	1.159575e+01
1.123885e+01	1.093863e+01	1.069457e+01	1.050533e+01	1.036724e+01	1.027938e+01
1.024775e+01	1.027756e+01	1.036616e+01	1.047618e+01	1.053922e+01	1.051544e+01
1.038240e+01	1.001860e+01	8.447873e+00	7.037518e+00	3.575464e+00	2.382277e+00
1.014301e+00	7.496816e-01	4.651377e-01	3.760078e-01	1.622637e+01	1.554794e+01
1.497384e+01	1.457200e+01	1.425677e+01	1.360533e+01	1.301602e+01	1.248674e+01
1.201595e+01	1.160278e+01	1.124673e+01	1.094755e+01	1.070466e+01	1.051690e+01
1.038062e+01	1.029516e+01	1.026678e+01	1.030106e+01	1.039656e+01	1.051721e+01
1.059936e+01	1.059551e+01	1.050144e+01	1.019784e+01	8.751819e+00	7.395181e+00
3.903155e+00	2.626862e+00	1.096644e+00	8.005232e-01	4.814149e-01	3.762259e-01
1.616497e+01	1.552360e+01	1.497443e+01	1.457773e+01	1.425864e+01	1.360792e+01
1.301937e+01	1.249080e+01	1.202068e+01	1.160838e+01	1.125304e+01	1.095467e+01
1.071279e+01	1.052625e+01	1.039145e+01	1.030802e+01	1.028235e+01	1.032060e+01
1.042205e+01	1.055162e+01	1.065005e+01	1.066329e+01	1.060335e+01	1.035527e+01
9.036921e+00	7.741991e+00	4.242629e+00	2.903982e+00	1.189222e+00	8.581949e-01
5.002119e-01	3.769606e-01	1.610187e+01	1.549578e+01	1.497181e+01	1.457986e+01
1.425886e+01	1.361074e+01	1.302309e+01	1.249479e+01	1.202465e+01	1.161226e+01
1.125722e+01	1.095935e+01	1.071800e+01	1.053232e+01	1.040006e+01	1.032115e+01
1.030029e+01	1.033997e+01	1.043697e+01	1.056732e+01	1.068888e+01	1.072401e+01
1.069392e+01	1.048531e+01	9.294121e+00	8.091630e+00	4.590420e+00	3.186397e+00
1.292045e+00	9.243230e-01	5.216153e-01	3.769934e-01	1.603971e+01	1.546673e+01
1.496524e+01	1.458112e+01	1.425894e+01	1.361347e+01	1.302677e+01	1.249854e+01
1.202811e+01	1.161535e+01	1.126048e+01	1.096297e+01	1.072200e+01	1.053703e+01
1.040742e+01	1.033393e+01	1.031882e+01	1.035851e+01	1.044796e+01	1.057755e+01
1.072160e+01	1.077938e+01	1.077636e+01	1.060009e+01	9.535140e+00	8.441883e+00
4.950478e+00	3.482171e+00	1.406055e+00	9.990463e-01	5.456948e-01	3.769584e-01
1.599071e+01	1.544495e+01	1.496223e+01	1.458272e+01	1.425896e+01	1.361470e+01
1.302858e+01	1.250066e+01	1.203043e+01	1.161778e+01	1.126305e+01	1.096587e+01
1.072556e+01	1.054172e+01	1.041420e+01	1.034364e+01	1.033125e+01	1.037194e+01
1.045973e+01	1.059134e+01	1.075210e+01	1.082370e+01	1.084344e+01	1.070740e+01
9.768059e+00	8.752864e+00	5.320839e+00	3.803940e+00	1.532194e+00	1.080173e+00
5.727974e-01	3.767916e-01	1.595446e+01	1.542984e+01	1.496148e+01	1.458488e+01
1.425897e+01	1.361504e+01	1.302917e+01	1.250158e+01	1.203175e+01	1.161952e+01
1.126489e+01	1.096799e+01	1.072857e+01	1.054638e+01	1.042030e+01	1.035036e+01
1.033842e+01	1.038063e+01	1.047266e+01	1.061185e+01	1.078021e+01	1.085684e+01
1.089489e+01	1.080687e+01	9.990841e+00	9.013382e+00	5.696204e+00	4.155178e+00
1.672217e+00	1.168124e+00	6.043972e-01	3.755445e-01	1.592502e+01	1.541884e+01
1.496225e+01	1.458831e+01	1.425991e+01	1.361636e+01	1.303079e+01	1.250359e+01
1.203413e+01	1.162226e+01	1.126788e+01	1.097132e+01	1.073265e+01	1.055163e+01
1.042667e+01	1.035745e+01	1.034622e+01	1.039000e+01	1.048522e+01	1.062975e+01
1.080575e+01	1.088923e+01	1.094254e+01	1.088922e+01	1.018930e+01	9.273731e+00
6.069163e+00	4.510511e+00	1.835922e+00	1.268299e+00	6.375624e-01	3.739945e-01
1.590059e+01	1.541026e+01	1.496443e+01	1.459244e+01	1.426215e+01	1.361866e+01
1.303329e+01	1.250641e+01	1.203730e+01	1.162579e+01	1.127207e+01	1.097601e+01
1.073773e+01	1.055674e+01	1.043218e+01	1.036393e+01	1.035422e+01	1.039976e+01
1.049686e+01	1.064427e+01	1.082825e+01	1.092053e+01	1.098657e+01	1.095398e+01
1.035805e+01	9.539139e+00	6.437592e+00	4.861659e+00	2.035474e+00	1.383991e+00
6.730253e-01	3.734048e-01	1.587847e+01	1.540190e+01	1.496521e+01	1.459468e+01
1.426289e+01	1.361959e+01	1.303448e+01	1.250779e+01	1.203911e+01	1.162812e+01
1.127516e+01	1.097980e+01	1.074162e+01	1.056014e+01	1.043540e+01	1.036815e+01
1.036048e+01	1.040789e+01	1.050624e+01	1.065529e+01	1.084672e+01	1.094791e+01
1.102526e+01	1.100416e+01	1.049706e+01	9.802161e+00	6.802538e+00	5.207896e+00
2.285338e+00	1.520303e+00	7.132644e-01	3.771950e-01	1.585391e+01	1.539040e+01
1.496303e+01	1.459473e+01	1.426164e+01	1.361871e+01	1.303397e+01	1.250750e+01
1.203882e+01	1.162778e+01	1.127473e+01	1.097942e+01	1.074185e+01	1.056151e+01
1.043781e+01	1.037082e+01	1.036299e+01	1.041097e+01	1.051157e+01	1.066419e+01
1.086012e+01	1.096508e+01	1.105233e+01	1.105836e+01	1.064136e+01	9.988691e+00
7.154842e+00	5.591582e+00	2.549110e+00	1.690068e+00	7.613032e-01	3.785611e-01
1.583481e+01	1.538291e+01	1.496239e+01	1.459532e+01	1.426149e+01	1.361878e+01
1.303421e+01	1.250782e+01	1.203913e+01	1.162808e+01	1.127502e+01	1.097978e+01
1.074267e+01	1.056328e+01	1.044013e+01	1.037352e+01	1.036601e+01	1.041481e+01
1.051723e+01	1.067253e+01	1.087271e+01	1.098166e+01	1.107850e+01	1.110621e+01
1.076553e+01	1.017088e+01	7.504675e+00	5.972999e+00	2.827135e+00	1.886251e+00
8.140983e-01	3.781474e-01	1.582190e+01	1.537934e+01	1.496569e+01	1.460034e+01
1.426539e+01	1.362321e+01	1.303873e+01	1.251216e+01	1.204330e+01	1.163244e+01
1.127970e+01	1.098486e+01	1.074723e+01	1.056640e+01	1.044249e+01	1.037658e+01
1.037078e+01	1.042118e+01	1.052430e+01	1.068062e+01	1.088524e+01	1.099936e+01
1.110577e+01	1.114558e+01	1.086464e+01	1.036217e+01	7.850921e+00	6.335500e+00
3.115143e+00	2.110430e+00	8.712096e-01	3.711432e-01	