3.130754e-01	3.239907e-01	3.350993e-01	3.464924e-01	3.581412e-01	3.820437e-01
4.066921e-01	4.319297e-01	4.575811e-01	4.833305e-01	5.089957e-01	5.342933e-01
5.588927e-01	5.827747e-01	6.061083e-01	6.289937e-01	6.508490e-01	6.709213e-01
6.882041e-01	7.022007e-01	7.133800e-01	7.200949e-01	7.333248e-01	7.517916e-01
7.753794e-01	7.816623e-01	7.869656e-01	7.876267e-01	7.881531e-01	7.882269e-01
7.884570e-01	7.830295e-01	3.497003e-01	3.614497e-01	3.733922e-01	3.856214e-01
3.981080e-01	4.236839e-01	4.499948e-01	4.768720e-01	5.041278e-01	5.314306e-01
5.585884e-01	5.853073e-01	6.112485e-01	6.363999e-01	6.609533e-01	6.850287e-01
7.080317e-01	7.291945e-01	7.475002e-01	7.624789e-01	7.746365e-01	7.818606e-01
7.956792e-01	8.147137e-01	8.390282e-01	8.455293e-01	8.509769e-01	8.516524e-01
8.521964e-01	8.522715e-01	8.525072e-01	8.470666e-01	3.906098e-01	4.032397e-01
4.160608e-01	4.291693e-01	4.425349e-01	4.698625e-01	4.979082e-01	5.264905e-01
5.554093e-01	5.843175e-01	6.130129e-01	6.411921e-01	6.685089e-01	6.949594e-01
7.207612e-01	7.460558e-01	7.702385e-01	7.925291e-01	8.119052e-01	8.279314e-01
8.411529e-01	8.489242e-01	8.633356e-01	8.829021e-01	9.079017e-01	9.146146e-01
9.201949e-01	9.208826e-01	9.214436e-01	9.215198e-01	9.217605e-01	9.163408e-01
4.363050e-01	4.498614e-01	4.636054e-01	4.776350e-01	4.919196e-01	5.210743e-01
5.509231e-01	5.812719e-01	6.119074e-01	6.424677e-01	6.727402e-01	7.024127e-01
7.311334e-01	7.589075e-01	7.859809e-01	8.125195e-01	8.379106e-01	8.613647e-01
8.818595e-01	8.990024e-01	9.133810e-01	9.217401e-01	9.367449e-01	9.567976e-01
9.824288e-01	9.893446e-01	9.950429e-01	9.957405e-01	9.963177e-01	9.963947e-01
9.966396e-01	9.912803e-01	4.873459e-01	5.018733e-01	5.165830e-01	5.315739e-01
5.468153e-01	5.778678e-01	6.095829e-01	6.417532e-01	6.741527e-01	7.064048e-01
7.382869e-01	7.694786e-01	7.996243e-01	8.287398e-01	8.571021e-01	8.849043e-01
9.115284e-01	9.361790e-01	9.578410e-01	9.761743e-01	9.918111e-01	1.000802e+00
1.016396e+00	1.036878e+00	1.063074e+00	1.070181e+00	1.075979e+00	1.076684e+00
1.077276e+00	1.077353e+00	1.077601e+00	1.072348e+00	5.443577e-01	5.598987e-01
5.756145e-01	5.916041e-01	6.078372e-01	6.408514e-01	6.744885e-01	7.085277e-01
7.427298e-01	7.767048e-01	8.102199e-01	8.429479e-01	8.745313e-01	9.049979e-01
9.346589e-01	9.637376e-01	9.916141e-01	1.017491e+00	1.040369e+00	1.059971e+00
1.076976e+00	1.086645e+00	1.102820e+00	1.123661e+00	1.150338e+00	1.157621e+00
1.163499e+00	1.164206e+00	1.164813e+00	1.164890e+00	1.165140e+00	1.160046e+00
6.080391e-01	6.246329e-01	6.413918e-01	6.584134e-01	6.756687e-01	7.106999e-01
7.463049e-01	7.822500e-01	8.182827e-01	8.540009e-01	8.891616e-01	9.234321e-01
9.564555e-01	9.882731e-01	1.019234e+00	1.049594e+00	1.078736e+00	1.105866e+00
1.130008e+00	1.150960e+00	1.169453e+00	1.179851e+00	1.196592e+00	1.217707e+00
1.244767e+00	1.252207e+00	1.258137e+00	1.258844e+00	1.259462e+00	1.259539e+00
1.259790e+00	1.254916e+00	6.791702e-01	6.968515e-01	7.146856e-01	7.327674e-01
7.510700e-01	7.881613e-01	8.257681e-01	8.636431e-01	9.015212e-01	9.389894e-01
9.757947e-01	1.011601e+00	1.046054e+00	1.079211e+00	1.111461e+00	1.143099e+00
1.173512e+00	1.201917e+00	1.227370e+00	1.249761e+00	1.269872e+00	1.281052e+00
1.298338e+00	1.319624e+00	1.346946e+00	1.354520e+00	1.360473e+00	1.361174e+00
1.361803e+00	1.361878e+00	1.362129e+00	1.357545e+00	7.586225e-01	7.774199e-01
7.963549e-01	8.155182e-01	8.348856e-01	8.740654e-01	9.136920e-01	9.535052e-01
9.932269e-01	1.032436e+00	1.070869e+00	1.108188e+00	1.144046e+00	1.178517e+00
1.212034e+00	1.244934e+00	1.276616e+00	1.306310e+00	1.333121e+00	1.357043e+00
1.378913e+00	1.390934e+00	1.408736e+00	1.430071e+00	1.457513e+00	1.465193e+00
1.471133e+00	1.471823e+00	1.472459e+00	1.472533e+00	1.472781e+00	1.468567e+00
8.473694e-01	8.673034e-01	8.873568e-01	9.076140e-01	9.280547e-01	9.693325e-01
1.010978e+00	1.052717e+00	1.094261e+00	1.135182e+00	1.175206e+00	1.213997e+00
1.251218e+00	1.286960e+00	1.321708e+00	1.355841e+00	1.388777e+00	1.419770e+00
1.447984e+00	1.473533e+00	1.497318e+00	1.510240e+00	1.528520e+00	1.549763e+00
1.577156e+00	1.584909e+00	1.590794e+00	1.591467e+00	1.592108e+00	1.592178e+00
1.592423e+00	1.588668e+00	9.464984e-01	9.675790e-01	9.887578e-01	1.010110e+00
1.031621e+00	1.074983e+00	1.118622e+00	1.162253e+00	1.205573e+00	1.248153e+00
1.289709e+00	1.329909e+00	1.368429e+00	1.405382e+00	1.441306e+00	1.476629e+00
1.510794e+00	1.543085e+00	1.572743e+00	1.600024e+00	1.625889e+00	1.639780e+00
1.658490e+00	1.679472e+00	1.706621e+00	1.714407e+00	1.720188e+00	1.720836e+00
1.721478e+00	1.721545e+00	1.721783e+00	1.718591e+00	1.057224e+00	1.079448e+00
1.101746e+00	1.124181e+00	1.146745e+00	1.192149e+00	1.237728e+00	1.283185e+00
1.328208e+00	1.372367e+00	1.415368e+00	1.456887e+00	1.496621e+00	1.534701e+00
1.571726e+00	1.608177e+00	1.643530e+00	1.677111e+00	1.708251e+00	1.737373e+00
1.765501e+00	1.780431e+00	1.799511e+00	1.820037e+00	1.846713e+00	1.854485e+00
1.860107e+00	1.860722e+00	1.861361e+00	1.861423e+00	1.861651e+00	1.859140e+00
1.180903e+00	1.204252e+00	1.227646e+00	1.251134e+00	1.274716e+00	1.322085e+00
1.369515e+00	1.416701e+00	1.463318e+00	1.508942e+00	1.553271e+00	1.595990e+00
1.636821e+00	1.675920e+00	1.713947e+00	1.751444e+00	1.787929e+00	1.822777e+00
1.855435e+00	1.886512e+00	1.917101e+00	1.933147e+00	1.952523e+00	1.972367e+00
1.998304e+00	2.006009e+00	2.011407e+00	2.011978e+00	2.012610e+00	2.012667e+00
2.012882e+00	2.011183e+00	1.319050e+00	1.343484e+00	1.367933e+00	1.392423e+00
1.416968e+00	1.466183e+00	1.515335e+00	1.564108e+00	1.612172e+00	1.659109e+00
1.704610e+00	1.748374e+00	1.790154e+00	1.830133e+00	1.869037e+00	1.907475e+00
1.945014e+00	1.981096e+00	2.015301e+00	2.048453e+00	2.081718e+00	2.098961e+00
2.118546e+00	2.137447e+00	2.162340e+00	2.169913e+00	2.175014e+00	2.175531e+00
2.176150e+00	2.176199e+00	2.176399e+00	2.175660e+00	1.473358e+00	1.498815e+00
1.524251e+00	1.549668e+00	1.575094e+00	1.625987e+00	1.676681e+00	1.726854e+00
1.776167e+00	1.824220e+00	1.870694e+00	1.915308e+00	1.957852e+00	1.998536e+00
2.038161e+00	2.077406e+00	2.115900e+00	2.153165e+00	2.188940e+00	2.224296e+00
2.260471e+00	2.278998e+00	2.298685e+00	2.316343e+00	2.339840e+00	2.347209e+00
2.351928e+00	2.352378e+00	2.352978e+00	2.353018e+00	2.353198e+00	2.353588e+00
1.647223e+00	1.673432e+00	1.699596e+00	1.725694e+00	1.751771e+00	1.803937e+00
1.855845e+00	1.907169e+00	1.957550e+00	2.006596e+00	2.053943e+00	2.099322e+00
2.142556e+00	2.183867e+00	2.224103e+00	2.264001e+00	2.303289e+00	2.341662e+00
2.379142e+00	2.417122e+00	2.456978e+00	2.477161e+00	2.496789e+00	2.512499e+00
2.534009e+00	2.541160e+00	2.545329e+00	2.545672e+00	2.546252e+00	2.546281e+00
2.546437e+00	2.548395e+00	1.840377e+00	1.867311e+00	1.894165e+00	1.920883e+00
1.947532e+00	2.000772e+00	2.053638e+00	2.105799e+00	2.156889e+00	2.206536e+00
2.254355e+00	2.300101e+00	2.343649e+00	2.385242e+00	2.425803e+00	2.466142e+00
2.506090e+00	2.545483e+00	2.584601e+00	2.625167e+00	2.668660e+00	2.690426e+00
2.709867e+00	2.723455e+00	2.742633e+00	2.749423e+00	2.752977e+00	2.753212e+00
2.753761e+00	2.753776e+00	2.753903e+00	2.757487e+00	2.048015e+00	2.076527e+00
2.104839e+00	2.132809e+00	2.160527e+00	2.215486e+00	2.269457e+00	2.322109e+00
2.373141e+00	2.422302e+00	2.469377e+00	2.514234e+00	2.556879e+00	2.597701e+00
2.637906e+00	2.678528e+00	2.719352e+00	2.759884e+00	2.800104e+00	2.841895e+00
2.886473e+00	2.908353e+00	2.927661e+00	2.940757e+00	2.958100e+00	2.963981e+00
2.967200e+00	2.967463e+00	2.967927e+00	2.967930e+00	2.968014e+00	2.972129e+00
2.269452e+00	2.300610e+00	2.331353e+00	2.361381e+00	2.390809e+00	2.448319e+00
2.503597e+00	2.556320e+00	2.606359e+00	2.653731e+00	2.698651e+00	2.741203e+00
2.781602e+00	2.820489e+00	2.859525e+00	2.900078e+00	2.941748e+00	2.983271e+00
3.023813e+00	3.065231e+00	3.108193e+00	3.128742e+00	3.147967e+00	3.162167e+00
3.178283e+00	3.182780e+00	3.185957e+00	3.186372e+00	3.186710e+00	3.186700e+00
3.186736e+00	3.190156e+00	2.504874e+00	2.539102e+00	2.572662e+00	2.605066e+00
2.636449e+00	2.696769e+00	2.753202e+00	2.805414e+00	2.853549e+00	2.898192e+00
2.940320e+00	2.980229e+00	3.018173e+00	3.054796e+00	3.091745e+00	3.130383e+00
3.170315e+00	3.210294e+00	3.249459e+00	3.289582e+00	3.331346e+00	3.351474e+00
3.370368e+00	3.384260e+00	3.399291e+00	3.403133e+00	3.406110e+00	3.406528e+00
3.406819e+00	3.406814e+00	3.406849e+00	3.409091e+00	2.756596e+00	2.794447e+00
2.831317e+00	2.866473e+00	2.900073e+00	2.963415e+00	3.020760e+00	3.071814e+00
3.117100e+00	3.158005e+00	3.196536e+00	3.233199e+00	3.268193e+00	3.301993e+00
3.335926e+00	3.371124e+00	3.407356e+00	3.443908e+00	3.480364e+00	3.518300e+00
3.558701e+00	3.578756e+00	3.597113e+00	3.609953e+00	3.623995e+00	3.627581e+00
3.630280e+00	3.630618e+00	3.630906e+00	3.630917e+00	3.630980e+00	3.631572e+00
3.023927e+00	3.066310e+00	3.107147e+00	3.145273e+00	3.180940e+00	3.246293e+00
3.303197e+00	3.352150e+00	3.394055e+00	3.430800e+00	3.465033e+00	3.497456e+00
3.528386e+00	3.558238e+00	3.587949e+00	3.618386e+00	3.649580e+00	3.681520e+00
3.714386e+00	3.749246e+00	3.786808e+00	3.805825e+00	3.823275e+00	3.835374e+00
3.848209e+00	3.851469e+00	3.853918e+00	3.854196e+00	3.854465e+00	3.854507e+00
3.854552e+00	3.853325e+00	3.304296e+00	3.352315e+00	3.397900e+00	3.439192e+00
3.476624e+00	3.542493e+00	3.597160e+00	3.642963e+00	3.681121e+00	3.713515e+00
3.742817e+00	3.769903e+00	3.795501e+00	3.820131e+00	3.844241e+00	3.868373e+00
3.892964e+00	3.918963e+00	3.947355e+00	3.978251e+00	4.011193e+00	4.027911e+00
4.044048e+00	4.055958e+00	4.067361e+00	4.070203e+00	4.072465e+00	4.072718e+00
4.072944e+00	4.073035e+00	4.073000e+00	4.069790e+00	3.594642e+00	3.651897e+00
3.704972e+00	3.750607e+00	3.789640e+00	3.853284e+00	3.901910e+00	3.942436e+00
3.976385e+00	4.004711e+00	4.028916e+00	4.049741e+00	4.068327e+00	4.085619e+00
4.102279e+00	4.119114e+00	4.136723e+00	4.156265e+00	4.178798e+00	4.203832e+00
4.230701e+00	4.244833e+00	4.259220e+00	4.270404e+00	4.280289e+00	4.282660e+00
4.284691e+00	4.284907e+00	4.285103e+00	4.285241e+00	4.285123e+00	4.280340e+00
3.898542e+00	3.962517e+00	4.021059e+00	4.070095e+00	4.110739e+00	4.173803e+00
4.218217e+00	4.253272e+00	4.280996e+00	4.302355e+00	4.318928e+00	4.331536e+00
4.341436e+00	4.349924e+00	4.358245e+00	4.367675e+00	4.378542e+00	4.391139e+00
4.405762e+00	4.422554e+00	4.442229e+00	4.453641e+00	4.465806e+00	4.475527e+00
4.483678e+00	4.485600e+00	4.487342e+00	4.487511e+00	4.487668e+00	4.487821e+00
4.487645e+00	4.481773e+00	4.224763e+00	4.281610e+00	4.335172e+00	4.382918e+00
4.425287e+00	4.496439e+00	4.548048e+00	4.580810e+00	4.597573e+00	4.603777e+00
4.606476e+00	4.607546e+00	4.607568e+00	4.607356e+00	4.608165e+00	4.611101e+00
4.615743e+00	4.620553e+00	4.624618e+00	4.630728e+00	4.642614e+00	4.651131e+00
4.660457e+00	4.667819e+00	4.673725e+00	4.675287e+00	4.676648e+00	4.676762e+00
4.676846e+00	4.676943e+00	4.676794e+00	4.670332e+00	4.552256e+00	4.611200e+00
4.666372e+00	4.714880e+00	4.757236e+00	4.826436e+00	4.873194e+00	4.898261e+00
4.905105e+00	4.900227e+00	4.891876e+00	4.882278e+00	4.871995e+00	4.861917e+00
4.853189e+00	4.846827e+00	4.842259e+00	4.837613e+00	4.831769e+00	4.827990e+00
4.830739e+00	4.835158e+00	4.840684e+00	4.845322e+00	4.848574e+00	4.849489e+00
4.850347e+00	4.850403e+00	4.850436e+00	4.850524e+00	4.850549e+00	4.843995e+00
4.889551e+00	4.950299e+00	5.006585e+00	5.054964e+00	5.096095e+00	5.160442e+00
5.199481e+00	5.214688e+00	5.210113e+00	5.193056e+00	5.172689e+00	5.151488e+00
5.130068e+00	5.109366e+00	5.090319e+00	5.073772e+00	5.059047e+00	5.044070e+00
5.027614e+00	5.013288e+00	5.006124e+00	5.005921e+00	5.006813e+00	5.007826e+00
5.007952e+00	5.008087e+00	5.008296e+00	5.008276e+00	5.008257e+00	5.008327e+00
5.008421e+00	5.002893e+00	5.232181e+00	5.293013e+00	5.348715e+00	5.395336e+00
5.433718e+00	5.490400e+00	5.519161e+00	5.522251e+00	5.504390e+00	5.473639e+00
5.440078e+00	5.406337e+00	5.373096e+00	5.341204e+00	5.311343e+00	5.284102e+00
5.258692e+00	5.232831e+00	5.205210e+00	5.179849e+00	5.162258e+00	5.156958e+00
5.152378e+00	5.148848e+00	5.145358e+00	5.144608e+00	5.144028e+00	5.143918e+00
5.143838e+00	5.143868e+00	5.143898e+00	5.140677e+00	5.568802e+00	5.638321e+00
5.699405e+00	5.745577e+00	5.778603e+00	5.815824e+00	5.820836e+00	5.805579e+00
5.775059e+00	5.734597e+00	5.690764e+00	5.645481e+00	5.600122e+00	5.555877e+00
5.513447e+00	5.473449e+00	5.435481e+00	5.398085e+00	5.360499e+00	5.325417e+00
5.296636e+00	5.285130e+00	5.274353e+00	5.266182e+00	5.258505e+00	5.256771e+00
5.255352e+00	5.255164e+00	5.254994e+00	5.254950e+00	5.255037e+00	5.254829e+00
5.910289e+00	5.990037e+00	6.057216e+00	6.102204e+00	6.127976e+00	6.140320e+00
6.116263e+00	6.079544e+00	6.035040e+00	5.984483e+00	5.930072e+00	5.872846e+00
5.814872e+00	5.757658e+00	5.702017e+00	5.648651e+00	5.597624e+00	5.548426e+00
5.500891e+00	5.456269e+00	5.416107e+00	5.397867e+00	5.380384e+00	5.367295e+00
5.355230e+00	5.352426e+00	5.350117e+00	5.349853e+00	5.349594e+00	5.349473e+00
5.349603e+00	5.352797e+00	6.262126e+00	6.341268e+00	6.405727e+00	6.444625e+00
6.461665e+00	6.452280e+00	6.404196e+00	6.345537e+00	6.281730e+00	6.214104e+00
6.144476e+00	6.073551e+00	6.002738e+00	5.932865e+00	5.864854e+00	5.799347e+00
5.736432e+00	5.675649e+00	5.617030e+00	5.562629e+00	5.512075e+00	5.486351e+00
5.461325e+00	5.443161e+00	5.426085e+00	5.421835e+00	5.418375e+00	5.418028e+00
5.417708e+00	5.417529e+00	5.417513e+00	5.425195e+00	6.618670e+00	6.686149e+00
6.739319e+00	6.767453e+00	6.774248e+00	6.745560e+00	6.677698e+00	6.596613e+00
6.508998e+00	6.418760e+00	6.330387e+00	6.244445e+00	6.160737e+00	6.078798e+00
5.999525e+00	5.923276e+00	5.849850e+00	5.778239e+00	5.708393e+00	5.644240e+00
5.584042e+00	5.551135e+00	5.518615e+00	5.495165e+00	5.473774e+00	5.468214e+00
5.463731e+00	5.463314e+00	5.462956e+00	5.462737e+00	5.462536e+00	5.474251e+00
6.967803e+00	7.018227e+00	7.055837e+00	7.071104e+00	7.067466e+00	7.022320e+00
6.937770e+00	6.832839e+00	6.715799e+00	6.595355e+00	6.481014e+00	6.374557e+00
6.275466e+00	6.182739e+00	6.096314e+00	6.015079e+00	5.931773e+00	5.849308e+00
5.766434e+00	5.687273e+00	5.612589e+00	5.573710e+00	5.531842e+00	5.497370e+00
5.474763e+00	5.468935e+00	5.464070e+00	5.463605e+00	5.463231e+00	5.463003e+00
5.462825e+00	5.475328e+00	7.318634e+00	7.346536e+00	7.364276e+00	7.364104e+00
7.348850e+00	7.287187e+00	7.186713e+00	7.057008e+00	6.908184e+00	6.754818e+00
6.612342e+00	6.484145e+00	6.369545e+00	6.266889e+00	6.174703e+00	6.090100e+00
5.997956e+00	5.905669e+00	5.810804e+00	5.717845e+00	5.630871e+00	5.587529e+00
5.538846e+00	5.497244e+00	5.470646e+00	5.464001e+00	5.457949e+00	5.457340e+00
5.456908e+00	5.456642e+00	5.456591e+00	5.471293e+00	7.711986e+00	7.700859e+00
7.682604e+00	7.651775e+00	7.610637e+00	7.507769e+00	7.376866e+00	7.223625e+00
7.056724e+00	6.888027e+00	6.730081e+00	6.584228e+00	6.451409e+00	6.330051e+00
6.217218e+00	6.109005e+00	6.012732e+00	5.916429e+00	5.818095e+00	5.721562e+00
5.631268e+00	5.586914e+00	5.537248e+00	5.494387e+00	5.459204e+00	5.449733e+00
5.443523e+00	5.443202e+00	5.442472e+00	5.442013e+00	5.442326e+00	5.459774e+00
8.178246e+00	8.096450e+00	8.014234e+00	7.929595e+00	7.843956e+00	7.674962e+00
7.504460e+00	7.332366e+00	7.161524e+00	6.996653e+00	6.840318e+00	6.681591e+00
6.526948e+00	6.379391e+00	6.239585e+00	6.107735e+00	5.991257e+00	5.880549e+00
5.777799e+00	5.680196e+00	5.586605e+00	5.542304e+00	5.498537e+00	5.460190e+00
5.396880e+00	5.372727e+00	5.378298e+00	5.381954e+00	5.379335e+00	5.377672e+00
5.379666e+00	5.395089e+00	8.457348e+00	8.377628e+00	8.292270e+00	8.198446e+00
8.099426e+00	7.897371e+00	7.689914e+00	7.480179e+00	7.270777e+00	7.064737e+00
6.866781e+00	6.688488e+00	6.525617e+00	6.373406e+00	6.230951e+00	6.096270e+00
5.966283e+00	5.846429e+00	5.733807e+00	5.626039e+00	5.521812e+00	5.472234e+00
5.424299e+00	5.383493e+00	5.315823e+00	5.292710e+00	5.295835e+00	5.299005e+00
5.296452e+00	5.294938e+00	5.296766e+00	5.308955e+00	8.671285e+00	8.609965e+00
8.538994e+00	8.452111e+00	8.353211e+00	8.135402e+00	7.892095e+00	7.631727e+00
7.365464e+00	7.106983e+00	6.872979e+00	6.667185e+00	6.487437e+00	6.329158e+00
6.186586e+00	6.053689e+00	5.927401e+00	5.802414e+00	5.674930e+00	5.548489e+00
5.426896e+00	5.366934e+00	5.303375e+00	5.251503e+00	5.209800e+00	5.200313e+00
5.189893e+00	5.188474e+00	5.187819e+00	5.187707e+00	5.187630e+00	5.194479e+00
8.992725e+00	8.902121e+00	8.802461e+00	8.687535e+00	8.561591e+00	8.293741e+00
8.005983e+00	7.708132e+00	7.410939e+00	7.130247e+00	6.876893e+00	6.651408e+00
6.453860e+00	6.279024e+00	6.120570e+00	5.973216e+00	5.834001e+00	5.698616e+00
5.563472e+00	5.429990e+00	5.301124e+00	5.238874e+00	5.176038e+00	5.125918e+00
5.078128e+00	5.066370e+00	5.056857e+00	5.055711e+00	5.054749e+00	5.054629e+00
5.054538e+00	5.053696e+00	9.263919e+00	9.179659e+00	9.077507e+00	8.944538e+00
8.788582e+00	8.445043e+00	8.082792e+00	7.736623e+00	7.410497e+00	7.119061e+00
6.856459e+00	6.619096e+00	6.405075e+00	6.208659e+00	6.028145e+00	5.863144e+00
5.710882e+00	5.566790e+00	5.425861e+00	5.284354e+00	5.145313e+00	5.081526e+00
5.019402e+00	4.970235e+00	4.918439e+00	4.906172e+00	4.896364e+00	4.894988e+00
4.893948e+00	4.893920e+00	4.893803e+00	4.885143e+00	9.528942e+00	9.440850e+00
9.328066e+00	9.172767e+00	8.985769e+00	8.570680e+00	8.142357e+00	7.751388e+00
7.407141e+00	7.096916e+00	6.818518e+00	6.567061e+00	6.334727e+00	6.116736e+00
5.915396e+00	5.733237e+00	5.567383e+00	5.412890e+00	5.264121e+00	5.114942e+00
4.967911e+00	4.901717e+00	4.839034e+00	4.790376e+00	4.735814e+00	4.722572e+00
4.712458e+00	4.710934e+00	4.709858e+00	4.709955e+00	4.709764e+00	4.694993e+00
9.796849e+00	9.679518e+00	9.536596e+00	9.349999e+00	9.131750e+00	8.658888e+00
8.182896e+00	7.758078e+00	7.384785e+00	7.052345e+00	6.750469e+00	6.475834e+00
6.223532e+00	5.989811e+00	5.774352e+00	5.577835e+00	5.397879e+00	5.229654e+00
5.068749e+00	4.912346e+00	4.760902e+00	4.690046e+00	4.623990e+00	4.574866e+00
4.519551e+00	4.504479e+00	4.494029e+00	4.492558e+00	4.491478e+00	4.491728e+00
4.491368e+00	4.474277e+00	1.010979e+01	9.912282e+00	9.697849e+00	9.458140e+00
9.203368e+00	8.689522e+00	8.190896e+00	7.749401e+00	7.350577e+00	6.990789e+00
6.662777e+00	6.363907e+00	6.090498e+00	5.838997e+00	5.607288e+00	5.394795e+00
5.200473e+00	5.020611e+00	4.851656e+00	4.688021e+00	4.526226e+00	4.448870e+00
4.378437e+00	4.328281e+00	4.271247e+00	4.255062e+00	4.244304e+00	4.242988e+00
4.241791e+00	4.241928e+00	4.241639e+00	4.227292e+00	1.042816e+01	1.013430e+01
9.840196e+00	9.546811e+00	9.258366e+00	8.709905e+00	8.195328e+00	7.728001e+00
7.301630e+00	6.912161e+00	6.557056e+00	6.234274e+00	5.940502e+00	5.671773e+00
5.424198e+00	5.195988e+00	4.987698e+00	4.797077e+00	4.621210e+00	4.450078e+00
4.276203e+00	4.192035e+00	4.116708e+00	4.064714e+00	4.005708e+00	3.989001e+00
3.977905e+00	3.976754e+00	3.975429e+00	3.975345e+00	3.975226e+00	3.966793e+00
1.067411e+01	1.032272e+01	9.977228e+00	9.643319e+00	9.323923e+00	8.728124e+00
8.188686e+00	7.691129e+00	7.232198e+00	6.813042e+00	6.432938e+00	6.089106e+00
5.777689e+00	5.493959e+00	5.232449e+00	4.990172e+00	4.768355e+00	4.565473e+00
4.378877e+00	4.197846e+00	4.014194e+00	3.925141e+00	3.844902e+00	3.789124e+00
3.727996e+00	3.711679e+00	3.699978e+00	3.698775e+00	3.697492e+00	3.697274e+00
3.697267e+00	3.696596e+00	1.086647e+01	1.048120e+01	1.010346e+01	9.739472e+00
9.391681e+00	8.741952e+00	8.151974e+00	7.615152e+00	7.126065e+00	6.682359e+00
6.282547e+00	5.922512e+00	5.597181e+00	5.300984e+00	5.027378e+00	4.772350e+00
4.537009e+00	4.320097e+00	4.118888e+00	3.925313e+00	3.733860e+00	3.641814e+00
3.556508e+00	3.494800e+00	3.431400e+00	3.416365e+00	3.403823e+00	3.402371e+00
3.401275e+00	3.400991e+00	3.401049e+00	3.409859e+00	1.105786e+01	1.062789e+01
1.020851e+01	9.808324e+00	9.428355e+00	8.732823e+00	8.101699e+00	7.530616e+00
7.016303e+00	6.552859e+00	6.136430e+00	5.761731e+00	5.422813e+00	5.113399e+00
4.826042e+00	4.556102e+00	4.304923e+00	4.072845e+00	3.857859e+00	3.653914e+00
3.457274e+00	3.363489e+00	3.274139e+00	3.207501e+00	3.143189e+00	3.128160e+00
3.115245e+00	3.113737e+00	3.112649e+00	3.112354e+00	3.112384e+00	3.123503e+00
1.124458e+01	1.076578e+01	1.030202e+01	9.865049e+00	9.454591e+00	8.704862e+00
8.034569e+00	7.435493e+00	6.900929e+00	6.421893e+00	5.991533e+00	5.603793e+00
5.252128e+00	4.929700e+00	4.628371e+00	4.343163e+00	4.075753e+00	3.828622e+00
3.600834e+00	3.388083e+00	3.188077e+00	3.093503e+00	3.001106e+00	2.930506e+00
2.866067e+00	2.850475e+00	2.837475e+00	2.835999e+00	2.834837e+00	2.834568e+00
2.834518e+00	2.843780e+00	1.142553e+01	1.089897e+01	1.039209e+01	9.919920e+00
9.480425e+00	8.679742e+00	7.972349e+00	7.345954e+00	6.791339e+00	6.296798e+00
5.852602e+00	5.451967e+00	5.088065e+00	4.753744e+00	4.440560e+00	4.143327e+00
3.863563e+00	3.604337e+00	3.365418e+00	3.143441e+00	2.937565e+00	2.841136e+00
2.746932e+00	2.674867e+00	2.609410e+00	2.593359e+00	2.580360e+00	2.578879e+00
2.577647e+00	2.577426e+00	2.577302e+00	2.582802e+00	1.159855e+01	1.102596e+01
1.047774e+01	9.972372e+00	9.505573e+00	8.657577e+00	7.915536e+00	7.262268e+00
6.687552e+00	6.177360e+00	5.719195e+00	5.305587e+00	4.929796e+00	4.584647e+00
4.261813e+00	3.955974e+00	3.667812e+00	3.399248e+00	3.150448e+00	2.918198e+00
2.703213e+00	2.603578e+00	2.508891e+00	2.438098e+00	2.370485e+00	2.354039e+00
2.341119e+00	2.339593e+00	2.338287e+00	2.338144e+00	2.337940e+00	2.337230e+00
1.176395e+01	1.114852e+01	1.056229e+01	1.002696e+01	9.535509e+00	8.647578e+00
7.871760e+00	7.193956e+00	6.600293e+00	6.074983e+00	5.603399e+00	5.177323e+00
4.790076e+00	4.434554e+00	4.102544e+00	3.788651e+00	3.492890e+00	3.216283e+00
2.959254e+00	2.718671e+00	2.495497e+00	2.392219e+00	2.295300e+00	2.223744e+00
2.154435e+00	2.137764e+00	2.124845e+00	2.123290e+00	2.121939e+00	2.121836e+00
2.121665e+00	2.117994e+00	1.192140e+01	1.126680e+01	1.064625e+01	1.008469e+01
9.572110e+00	8.645321e+00	7.843112e+00	7.142834e+00	6.531864e+00	5.992309e+00
5.507966e+00	5.070006e+00	4.671762e+00	4.306239e+00	3.965358e+00	3.643704e+00
3.340860e+00	3.057207e+00	2.793214e+00	2.545852e+00	2.315119e+00	2.207736e+00
2.106990e+00	2.032823e+00	1.962040e+00	1.945212e+00	1.932177e+00	1.930602e+00
1.929227e+00	1.929122e+00	1.929013e+00	1.925310e+00	1.207225e+01	1.138237e+01
1.073131e+01	1.014744e+01	9.617332e+00	8.657883e+00	7.831226e+00	7.115033e+00
6.488953e+00	5.936144e+00	5.439690e+00	4.990404e+00	4.581579e+00	4.206327e+00
3.856774e+00	3.527475e+00	3.217821e+00	2.927751e+00	2.657431e+00	2.403993e+00
2.165610e+00	2.053575e+00	1.947851e+00	1.869835e+00	1.797198e+00	1.780075e+00
1.766720e+00	1.765113e+00	1.763718e+00	1.763576e+00	1.763445e+00	1.761596e+00
1.222056e+01	1.149910e+01	1.082139e+01	1.021894e+01	9.674824e+00	8.689203e+00
7.844194e+00	7.116731e+00	6.477283e+00	5.911079e+00	5.401647e+00	4.939739e+00
4.518752e+00	4.133357e+00	3.776579e+00	3.440540e+00	3.124656e+00	2.828753e+00
2.552479e+00	2.293021e+00	2.046677e+00	1.929707e+00	1.818702e+00	1.736535e+00
1.661317e+00	1.643635e+00	1.629751e+00	1.628092e+00	1.626661e+00	1.626496e+00
1.626364e+00	1.626300e+00	1.236605e+01	1.161658e+01	1.091562e+01	1.029767e+01
9.742298e+00	8.735217e+00	7.871288e+00	7.126183e+00	6.479766e+00	5.908985e+00
5.394823e+00	4.928195e+00	4.502657e+00	4.110133e+00	3.742164e+00	3.396337e+00
3.071621e+00	2.767577e+00	2.483066e+00	2.214319e+00	1.958540e+00	1.835835e+00
1.718962e+00	1.632136e+00	1.552852e+00	1.534125e+00	1.519377e+00	1.517631e+00
1.516134e+00	1.515944e+00	1.515794e+00	1.516770e+00	1.250639e+01	1.173404e+01
1.101464e+01	1.038561e+01	9.823140e+00	8.802334e+00	7.929452e+00	7.178662e+00
6.524754e+00	5.945357e+00	5.421848e+00	4.945319e+00	4.509503e+00	4.107926e+00
3.733302e+00	3.380716e+00	3.049298e+00	2.738657e+00	2.447143e+00	2.169810e+00
1.901946e+00	1.772237e+00	1.648233e+00	1.555585e+00	1.470373e+00	1.450046e+00
1.434013e+00	1.432131e+00	1.430530e+00	1.430310e+00	1.430130e+00	1.431381e+00
1.263842e+01	1.184936e+01	1.111696e+01	1.048112e+01	9.914912e+00	8.885662e+00
8.007456e+00	7.251296e+00	6.591937e+00	6.006545e+00	5.476359e+00	4.992430e+00
4.548281e+00	4.139122e+00	3.760137e+00	3.402784e+00	3.066304e+00	2.750467e+00
2.453502e+00	2.170076e+00	1.880000e+00	1.737692e+00	1.600070e+00	1.501018e+00
1.407748e+00	1.385127e+00	1.367150e+00	1.365060e+00	1.363321e+00	1.363072e+00
1.362886e+00	1.363805e+00	1.276423e+01	1.196260e+01	1.122112e+01	1.058182e+01
1.001477e+01	8.982367e+00	8.103427e+00	7.344616e+00	6.681816e+00	6.092540e+00
5.558459e+00	5.070755e+00	4.622996e+00	4.208784e+00	3.820951e+00	3.453647e+00
3.106348e+00	2.779124e+00	2.469758e+00	2.170863e+00	1.866614e+00	1.715063e+00
1.566475e+00	1.458561e+00	1.355925e+00	1.330775e+00	1.310653e+00	1.308317e+00
1.306400e+00	1.306123e+00	1.305932e+00	1.306394e+00	1.287903e+01	1.207078e+01
1.132527e+01	1.068630e+01	1.012117e+01	9.089411e+00	8.211286e+00	7.450276e+00
6.783946e+00	6.190707e+00	5.652979e+00	5.161812e+00	4.710418e+00	4.291501e+00
3.896681e+00	3.520520e+00	3.162844e+00	2.824161e+00	2.501660e+00	2.184248e+00
1.871965e+00	1.715755e+00	1.560587e+00	1.430841e+00	1.314783e+00	1.286446e+00
1.263511e+00	1.260791e+00	1.258607e+00	1.258322e+00	1.258079e+00	1.258113e+00
1.298186e+01	1.217248e+01	1.142832e+01	1.079438e+01	1.023522e+01	9.210995e+00
8.337749e+00	7.576827e+00	6.908287e+00	6.312399e+00	5.773016e+00	5.280925e+00
4.828675e+00	4.408065e+00	4.009494e+00	3.626898e+00	3.260596e+00	2.911883e+00
2.578043e+00	2.246802e+00	1.908780e+00	1.736103e+00	1.559890e+00	1.413685e+00
1.282643e+00	1.250780e+00	1.224863e+00	1.221704e+00	1.219132e+00	1.218827e+00
1.218537e+00	1.218277e+00	1.307929e+01	1.226682e+01	1.152347e+01	1.089546e+01
1.034434e+01	9.333110e+00	8.468786e+00	7.712592e+00	7.045927e+00	6.450121e+00
5.909800e+00	5.416032e+00	4.961500e+00	4.538090e+00	4.136152e+00	3.749223e+00
3.376729e+00	3.018697e+00	2.671461e+00	2.322293e+00	1.958912e+00	1.769361e+00
1.569752e+00	1.414119e+00	1.255448e+00	1.219947e+00	1.192086e+00	1.188515e+00
1.184978e+00	1.184482e+00	1.184359e+00	1.184852e+00	1.316981e+01	1.235499e+01
1.161349e+01	1.099285e+01	1.045172e+01	9.458136e+00	8.606130e+00	7.858261e+00
7.196640e+00	6.603234e+00	6.063046e+00	5.567749e+00	5.110690e+00	4.684528e+00
4.280410e+00	3.891726e+00	3.516047e+00	3.150327e+00	2.788879e+00	2.419756e+00
2.029518e+00	1.822214e+00	1.601406e+00	1.418357e+00	1.231809e+00	1.192467e+00
1.163191e+00	1.159269e+00	1.154538e+00	1.153773e+00	1.153921e+00	1.155560e+00
1.321893e+01	1.242024e+01	1.169320e+01	1.108795e+01	1.056201e+01	9.591350e+00
8.752134e+00	8.010746e+00	7.351449e+00	6.758437e+00	6.218517e+00	5.723690e+00
5.267164e+00	4.841401e+00	4.437286e+00	4.047622e+00	3.668765e+00	3.295575e+00
2.920523e+00	2.530893e+00	2.111055e+00	1.883930e+00	1.639223e+00	1.426467e+00
1.214544e+00	1.166717e+00	1.137034e+00	1.133439e+00	1.127102e+00	1.125833e+00
1.126590e+00	1.129409e+00	1.323958e+01	1.246415e+01	1.176174e+01	1.118107e+01
1.067752e+01	9.737800e+00	8.911616e+00	8.173054e+00	7.511139e+00	6.914903e+00
6.375070e+00	5.883552e+00	5.432337e+00	5.012235e+00	4.611919e+00	4.222579e+00
3.840478e+00	3.460382e+00	3.073574e+00	2.663724e+00	2.211029e+00	1.961659e+00
1.690977e+00	1.453584e+00	1.202284e+00	1.142552e+00	1.113706e+00	1.111142e+00
1.102803e+00	1.100785e+00	1.102500e+00	1.106570e+00	1.327130e+01	1.250776e+01
1.181885e+01	1.125594e+01	1.077118e+01	9.860077e+00	9.051572e+00	8.324121e+00
7.668849e+00	7.077027e+00	6.541412e+00	6.054291e+00	5.607424e+00	5.191145e+00
4.793340e+00	4.404492e+00	4.020476e+00	3.635430e+00	3.238952e+00	2.810701e+00
2.325603e+00	2.052795e+00	1.752396e+00	1.486372e+00	1.195412e+00	1.123102e+00
1.092898e+00	1.090907e+00	1.080761e+00	1.078119e+00	1.080679e+00	1.085226e+00
1.331023e+01	1.254829e+01	1.186622e+01	1.131736e+01	1.084925e+01	9.964524e+00
9.176348e+00	8.465473e+00	7.823662e+00	7.242452e+00	6.714784e+00	6.233364e+00
5.790464e+00	5.376923e+00	4.981034e+00	4.593310e+00	4.209013e+00	3.821194e+00
3.417370e+00	2.972983e+00	2.456710e+00	2.159717e+00	1.826175e+00	1.527127e+00
1.193142e+00	1.107926e+00	1.074659e+00	1.072846e+00	1.060895e+00	1.057720e+00
1.061160e+00	1.065319e+00	1.333381e+01	1.257662e+01	1.190381e+01	1.137142e+01
1.092177e+01	1.006395e+01	9.296973e+00	8.603076e+00	7.975000e+00	7.404831e+00
6.886032e+00	6.411757e+00	5.974698e+00	5.565982e+00	5.174143e+00	4.789591e+00
4.407044e+00	4.018436e+00	3.609093e+00	3.149896e+00	2.602674e+00	2.280930e+00
1.913249e+00	1.578644e+00	1.197094e+00	1.098539e+00	1.058167e+00	1.056346e+00
1.043687e+00	1.040141e+00	1.043378e+00	1.046784e+00	1.333522e+01	1.258638e+01
1.192451e+01	1.141075e+01	1.098152e+01	1.015268e+01	9.409014e+00	8.733860e+00
8.120924e+00	7.562963e+00	7.054032e+00	6.587875e+00	6.157660e+00	5.755037e+00
5.369063e+00	4.990183e+00	4.612401e+00	4.226242e+00	3.814148e+00	3.340776e+00
2.759913e+00	2.411257e+00	2.007778e+00	1.637814e+00	1.214897e+00	1.100996e+00
1.036648e+00	1.035185e+00	1.031698e+00	1.028538e+00	1.022892e+00	1.028969e+00
1.333392e+01	1.258850e+01	1.193805e+01	1.144266e+01	1.103348e+01	1.023326e+01
9.513134e+00	8.857310e+00	8.260348e+00	7.715631e+00	7.217786e+00	6.761076e+00
6.339149e+00	5.944160e+00	5.565653e+00	5.194164e+00	4.823032e+00	4.441459e+00
4.029038e+00	3.544093e+00	2.931620e+00	2.556209e+00	2.115711e+00	1.707276e+00
1.238159e+00	1.105040e+00	1.019865e+00	1.017811e+00	1.019747e+00	1.016772e+00
1.005092e+00	1.012810e+00	1.332629e+01	1.258791e+01	1.194756e+01	1.146898e+01
1.107813e+01	1.030434e+01	9.606559e+00	8.969736e+00	8.389094e+00	7.858521e+00
7.373126e+00	6.927516e+00	6.515749e+00	6.130331e+00	5.761060e+00	5.398532e+00
5.035623e+00	4.660560e+00	4.250713e+00	3.759216e+00	3.121892e+00	2.722160e+00
2.244067e+00	1.792024e+00	1.264033e+00	1.111254e+00	1.010296e+00	1.006164e+00
1.006694e+00	1.003543e+00	9.914067e-01	9.986724e-01	1.333724e+01	1.259973e+01
1.196789e+01	1.150197e+01	1.112248e+01	1.036690e+01	9.686010e+00	9.065192e+00
8.499799e+00	7.983895e+00	7.512686e+00	7.080831e+00	6.682334e+00	6.309496e+00
5.951635e+00	5.598978e+00	5.244511e+00	4.876540e+00	4.472412e+00	3.984429e+00
3.338375e+00	2.918546e+00	2.396416e+00	1.889019e+00	1.292183e+00	1.120324e+00
1.009291e+00	1.000134e+00	9.924583e-01	9.896280e-01	9.816216e-01	9.858335e-01
1.335388e+01	1.261770e+01	1.198834e+01	1.153136e+01	1.116237e+01	1.042365e+01
9.758511e+00	9.153056e+00	8.602716e+00	8.101724e+00	7.645334e+00	7.228229e+00
6.844272e+00	6.485429e+00	6.140346e+00	5.798733e+00	5.453849e+00	5.094410e+00
4.698485e+00	4.219238e+00	3.572906e+00	3.136155e+00	2.568229e+00	1.999453e+00
1.324861e+00	1.132919e+00	1.008669e+00	9.953497e-01	9.786807e-01	9.762459e-01
9.732120e-01	9.740347e-01	1.334946e+01	1.261570e+01	1.198919e+01	1.154035e+01
1.118844e+01	1.047201e+01	9.825786e+00	9.237520e+00	8.703084e+00	8.217111e+00
7.775096e+00	7.371951e+00	7.001688e+00	6.656352e+00	6.324496e+00	5.995663e+00
5.663106e+00	5.315341e+00	4.929807e+00	4.457630e+00	3.806557e+00	3.354791e+00
2.751755e+00	2.130826e+00	1.371173e+00	1.152125e+00	1.006689e+00	9.891072e-01
9.684046e-01	9.659316e-01	9.647554e-01	9.637209e-01	1.331389e+01	1.259040e+01
1.197668e+01	1.154315e+01	1.120506e+01	1.051218e+01	9.886486e+00	9.316517e+00
8.798461e+00	8.327433e+00	7.899285e+00	7.509332e+00	7.151973e+00	6.819675e+00
6.501413e+00	6.186913e+00	5.869257e+00	5.536314e+00	5.163696e+00	4.697748e+00
4.038907e+00	3.574821e+00	2.949046e+00	2.289556e+00	1.440221e+00	1.185359e+00
1.003233e+00	9.818102e-01	9.606277e-01	9.579118e-01	9.563944e-01	9.548596e-01
1.326817e+01	1.255550e+01	1.195462e+01	1.153671e+01	1.121028e+01	1.054398e+01
9.939866e+00	9.388622e+00	8.886987e+00	8.430626e+00	8.015845e+00	7.638473e+00
7.293448e+00	6.973873e+00	6.669488e+00	6.370495e+00	6.069793e+00	5.754526e+00
5.398150e+00	4.941129e+00	4.275671e+00	3.799618e+00	3.152156e+00	2.456732e+00
1.522735e+00	1.230865e+00	1.003868e+00	9.753039e-01	9.537071e-01	9.508764e-01
9.464637e-01	9.472326e-01	1.321312e+01	1.251188e+01	1.192367e+01	1.152107e+01
1.121311e+01	1.057126e+01	9.988565e+00	9.455972e+00	8.970635e+00	8.528735e+00
8.127054e+00	7.761975e+00	7.429058e+00	7.122162e+00	6.831996e+00	6.549450e+00
6.267294e+00	5.971969e+00	5.634615e+00	5.189026e+00	4.518599e+00	4.031604e+00
3.364668e+00	2.636461e+00	1.620784e+00	1.290572e+00	1.006812e+00	9.694682e-01
9.474112e-01	9.445093e-01	9.359557e-01	9.404069e-01	1.318197e+01	1.248777e+01
1.190834e+01	1.151628e+01	1.121833e+01	1.059741e+01	1.003211e+01	9.515269e+00
9.044428e+00	8.616130e+00	8.227472e+00	7.875173e+00	7.555194e+00	7.261852e+00
6.986407e+00	6.720230e+00	6.456262e+00	6.180885e+00	5.864279e+00	5.436429e+00
4.772927e+00	4.280943e+00	3.597067e+00	2.833578e+00	1.726593e+00	1.354326e+00
1.011936e+00	9.682141e-01	9.410873e-01	9.380473e-01	9.290655e-01	9.344069e-01
1.316855e+01	1.247783e+01	1.190338e+01	1.151905e+01	1.122998e+01	1.062249e+01
1.007008e+01	9.565758e+00	9.107281e+00	8.691388e+00	8.315372e+00	7.976094e+00
7.669707e+00	7.390646e+00	7.130188e+00	6.879862e+00	6.633095e+00	6.376934e+00
6.082307e+00	5.679455e+00	5.039138e+00	4.551260e+00	3.854488e+00	3.052046e+00
1.841157e+00	1.422726e+00	1.026479e+00	9.714842e-01	9.346612e-01	9.314050e-01
9.251290e-01	9.292739e-01	1.315506e+01	1.246796e+01	1.189777e+01	1.152066e+01
1.123870e+01	1.064273e+01	1.010156e+01	9.608687e+00	9.161797e+00	8.757824e+00
8.394149e+00	8.067722e+00	7.774771e+00	7.509737e+00	7.263773e+00	7.028594e+00
6.798539e+00	6.562094e+00	6.291689e+00	5.918049e+00	5.307182e+00	4.827266e+00
4.121599e+00	3.283166e+00	1.968726e+00	1.501107e+00	1.045683e+00	9.772560e-01
9.282518e-01	9.244833e-01	9.214403e-01	9.247314e-01	1.313868e+01	1.245772e+01
1.189467e+01	1.152307e+01	1.124846e+01	1.066440e+01	1.013373e+01	9.650850e+00
9.213463e+00	8.818929e+00	8.465025e+00	8.149080e+00	7.867702e+00	7.615830e+00
7.385172e+00	7.167615e+00	6.957058e+00	6.740905e+00	6.491566e+00	6.143468e+00
5.565203e+00	5.101733e+00	4.403722e+00	3.543087e+00	2.117409e+00	1.588462e+00
1.062377e+00	9.832140e-01	9.255305e-01	9.211792e-01	9.197011e-01	9.209394e-01
1.311481e+01	1.244706e+01	1.189592e+01	1.153520e+01	1.126910e+01	1.069866e+01
1.017761e+01	9.701627e+00	9.269295e+00	8.879069e+00	8.529880e+00	8.219883e+00
7.946602e+00	7.706382e+00	7.492964e+00	7.298840e+00	7.114590e+00	6.919833e+00
6.682389e+00	6.347346e+00	5.800135e+00	5.365753e+00	4.708062e+00	3.857871e+00
2.299613e+00	1.681260e+00	1.069502e+00	9.854833e-01	9.310542e-01	9.247433e-01
9.208446e-01	9.179949e-01	1.309433e+01	1.243495e+01	1.189285e+01	1.153785e+01
1.127660e+01	1.071537e+01	1.020266e+01	9.734584e+00	9.309946e+00	8.927557e+00
8.586709e+00	8.285770e+00	8.022530e+00	7.793599e+00	7.593038e+00	7.413821e+00
7.247430e+00	7.074730e+00	6.864364e+00	6.560360e+00	6.047176e+00	5.630468e+00
4.987085e+00	4.132979e+00	2.489945e+00	1.801220e+00	1.094883e+00	9.958684e-01
9.300818e-01	9.228161e-01	9.181518e-01	9.149902e-01	1.308444e+01	1.243151e+01
1.189234e+01	1.154205e+01	1.128490e+01	1.073115e+01	1.022571e+01	9.765142e+00
9.348190e+00	8.973630e+00	8.640680e+00	8.347904e+00	8.093430e+00	7.874308e+00
7.685245e+00	7.519986e+00	7.370854e+00	7.219701e+00	7.036446e+00	6.766106e+00
6.291076e+00	5.893059e+00	5.266076e+00	4.412655e+00	2.695266e+00	1.935550e+00
1.128482e+00	1.011538e+00	9.297113e-01	9.213267e-01	9.141337e-01	9.125564e-01
1.308088e+01	1.243296e+01	1.189911e+01	1.155170e+01	1.129657e+01	1.074823e+01
1.024886e+01	9.794990e+00	9.385044e+00	9.017455e+00	8.691066e+00	8.404755e+00
8.157173e+00	7.946152e+00	7.767551e+00	7.616083e+00	7.484219e+00	7.353316e+00
7.194020e+00	6.956066e+00	6.522965e+00	6.147459e+00	5.544626e+00	4.700979e+00
2.917283e+00	2.083394e+00	1.168507e+00	1.033384e+00	9.304126e-01	9.208462e-01
9.101642e-01	9.107590e-01	1.307444e+01	1.243389e+01	1.190575e+01	1.156206e+01
1.130966e+01	1.076674e+01	1.027200e+01	9.822400e+00	9.416633e+00	9.053639e+00
8.732595e+00	8.452547e+00	8.212286e+00	8.009810e+00	7.841185e+00	7.701529e+00
7.584053e+00	7.471177e+00	7.335379e+00	7.129340e+00	6.740870e+00	6.392280e+00
5.813621e+00	4.982334e+00	3.156016e+00	2.254743e+00	1.214462e+00	1.056080e+00
9.325053e-01	9.212580e-01	9.095318e-01	9.091250e-01	1.306716e+01	1.243489e+01
1.191319e+01	1.157315e+01	1.132295e+01	1.078452e+01	1.029344e+01	9.847192e+00
9.444812e+00	9.085788e+00	8.769667e+00	8.495605e+00	8.262435e+00	8.068134e+00
7.908645e+00	7.779359e+00	7.674693e+00	7.579202e+00	7.467712e+00	7.294130e+00
6.950772e+00	6.630943e+00	6.079362e+00	5.265228e+00	3.410398e+00	2.446143e+00
1.266608e+00	1.081286e+00	9.361160e-01	9.221914e-01	9.091223e-01	9.076319e-01
1.306211e+01	1.243780e+01	1.192266e+01	1.158429e+01	1.133393e+01	1.079710e+01
1.030850e+01	9.865664e+00	9.467445e+00	9.113224e+00	8.802376e+00	8.534036e+00
8.307027e+00	8.119222e+00	7.966325e+00	7.844234e+00	7.749862e+00	7.672705e+00
7.590699e+00	7.452361e+00	7.147818e+00	6.853725e+00	6.337384e+00	5.551017e+00
3.672133e+00	2.652043e+00	1.327186e+00	1.112603e+00	9.404919e-01	9.233397e-01
9.081736e-01	9.063105e-01	1.305805e+01	1.244324e+01	1.193362e+01	1.159526e+01
1.134293e+01	1.080621e+01	1.031933e+01	9.879561e+00	9.485493e+00	9.136149e+00
8.830428e+00	8.567312e+00	8.345560e+00	8.162894e+00	8.014741e+00	7.897644e+00
7.811545e+00	7.752158e+00	7.701520e+00	7.599273e+00	7.328507e+00	7.057810e+00
6.582558e+00	5.833446e+00	3.939652e+00	2.874035e+00	1.399770e+00	1.152983e+00
9.467122e-01	9.251182e-01	9.066783e-01	9.051844e-01	1.304047e+01	1.243912e+01
1.193869e+01	1.160390e+01	1.135048e+01	1.081562e+01	1.033090e+01	9.893729e+00
9.502640e+00	9.156577e+00	8.854408e+00	8.595174e+00	8.377736e+00	8.199950e+00
8.057361e+00	7.946912e+00	7.869824e+00	7.824265e+00	7.794692e+00	7.721572e+00
7.491015e+00	7.248227e+00	6.811156e+00	6.100810e+00	4.220227e+00	3.108121e+00
1.482755e+00	1.200525e+00	9.547277e-01	9.275935e-01	9.061430e-01	9.043998e-01
1.300212e+01	1.242534e+01	1.194215e+01	1.161129e+01	1.135701e+01	1.082463e+01
1.034224e+01	9.907379e+00	9.518660e+00	9.175112e+00	8.875754e+00	8.619741e+00
8.406079e+00	8.232864e+00	8.095936e+00	7.992604e+00	7.924605e+00	7.890810e+00
7.877644e+00	7.830285e+00	7.642015e+00	7.429228e+00	7.029667e+00	6.360523e+00
4.513898e+00	3.356480e+00	1.576932e+00	1.255849e+00	9.647582e-01	9.309064e-01
9.058126e-01	9.037675e-01	1.296142e+01	1.240984e+01	1.194284e+01	1.161593e+01
1.135972e+01	1.083007e+01	1.035003e+01	9.917424e+00	9.531020e+00	9.189871e+00
8.893124e+00	8.640053e+00	8.429782e+00	8.260598e+00	8.128555e+00	8.031292e+00
7.971153e+00	7.947997e+00	7.950319e+00	7.927179e+00	7.778603e+00	7.595014e+00
7.233990e+00	6.609582e+00	4.811087e+00	3.617870e+00	1.682371e+00	1.318269e+00
9.764842e-01	9.350468e-01	9.057533e-01	9.030607e-01	1.291641e+01	1.239060e+01
1.194123e+01	1.161850e+01	1.136041e+01	1.083265e+01	1.035452e+01	9.923905e+00
9.539668e+00	9.200783e+00	8.906442e+00	8.656018e+00	8.448737e+00	8.282991e+00
8.154848e+00	8.062231e+00	8.008360e+00	7.994749e+00	8.012372e+00	8.012074e+00
7.898797e+00	7.742366e+00	7.419684e+00	6.841813e+00	5.105323e+00	3.891736e+00
1.803179e+00	1.390939e+00	9.911896e-01	9.409438e-01	9.060031e-01	9.022239e-01
1.286296e+01	1.236616e+01	1.193758e+01	1.162112e+01	1.136271e+01	1.083857e+01
1.036272e+01	9.933634e+00	9.550501e+00	9.212675e+00	8.919804e+00	8.671264e+00
8.466105e+00	8.303123e+00	8.179850e+00	8.094818e+00	8.049646e+00	8.041990e+00
8.061784e+00	8.074987e+00	8.002156e+00	7.875332e+00	7.594223e+00	7.077096e+00
5.415562e+00	4.152391e+00	1.936645e+00	1.479274e+00	1.009170e+00	9.444785e-01
9.090039e-01	9.016680e-01	1.281013e+01	1.234150e+01	1.193315e+01	1.162358e+01
1.136558e+01	1.084522e+01	1.037124e+01	9.943263e+00	9.560737e+00	9.223442e+00
8.931440e+00	8.684201e+00	8.480838e+00	8.320586e+00	8.202278e+00	8.124934e+00
8.088097e+00	8.084562e+00	8.103163e+00	8.126085e+00	8.092281e+00	7.996921e+00
7.757576e+00	7.295272e+00	5.714385e+00	4.423607e+00	2.087380e+00	1.578796e+00
1.030791e+00	9.488472e-01	9.129033e-01	9.012466e-01	1.277503e+01	1.232668e+01
1.193198e+01	1.162572e+01	1.136625e+01	1.084716e+01	1.037418e+01	9.947489e+00
9.566362e+00	9.230370e+00	8.939401e+00	8.693342e+00	8.492083e+00	8.335103e+00
8.220339e+00	8.146318e+00	8.113246e+00	8.115356e+00	8.143010e+00	8.178960e+00
8.174969e+00	8.110809e+00	7.908920e+00	7.469552e+00	5.961703e+00	4.756749e+00
2.262876e+00	1.674977e+00	1.055225e+00	9.673288e-01	9.092009e-01	9.008134e-01
1.274861e+01	1.231704e+01	1.193371e+01	1.163012e+01	1.136927e+01	1.085131e+01
1.037928e+01	9.953543e+00	9.573443e+00	9.238582e+00	8.948889e+00	8.704296e+00
8.504742e+00	8.349724e+00	8.237297e+00	8.166206e+00	8.137011e+00	8.144591e+00
8.180360e+00	8.229284e+00	8.248903e+00	8.205938e+00	8.040705e+00	7.650364e+00
6.229323e+00	5.053263e+00	2.456894e+00	1.795117e+00	1.085261e+00	9.809603e-01
9.117109e-01	9.005823e-01	1.272651e+01	1.230964e+01	1.193637e+01	1.163505e+01
1.137297e+01	1.085584e+01	1.038461e+01	9.959665e+00	9.580377e+00	9.246452e+00
8.957901e+00	8.714657e+00	8.516593e+00	8.363198e+00	8.252734e+00	8.184202e+00
8.158460e+00	8.170899e+00	8.213893e+00	8.274609e+00	8.315037e+00	8.290564e+00
8.159868e+00	7.820293e+00	6.492150e+00	5.347000e+00	2.668631e+00	1.929880e+00
1.119953e+00	9.964426e-01	9.152670e-01	9.004957e-01	1.270777e+01	1.230366e+01
1.193895e+01	1.163945e+01	1.137614e+01	1.085973e+01	1.038922e+01	9.964983e+00
9.586355e+00	9.253167e+00	8.965531e+00	8.723406e+00	8.526642e+00	8.374719e+00
8.265996e+00	8.199655e+00	8.176814e+00	8.193295e+00	8.242336e+00	8.313107e+00
8.371799e+00	8.363928e+00	8.264526e+00	7.971520e+00	6.738634e+00	5.637990e+00
2.897952e+00	2.079214e+00	1.160985e+00	1.016392e+00	9.193316e-01	9.004712e-01
1.268865e+01	1.229591e+01	1.193892e+01	1.164109e+01	1.137671e+01	1.086103e+01
1.039123e+01	9.967625e+00	9.589594e+00	9.257070e+00	8.970243e+00	8.729090e+00
8.533455e+00	8.382815e+00	8.275612e+00	8.211158e+00	8.190788e+00	8.210650e+00
8.264774e+00	8.344166e+00	8.418615e+00	8.425197e+00	8.353819e+00	8.104577e+00
6.969064e+00	5.919987e+00	3.142874e+00	2.245098e+00	1.208942e+00	1.040663e+00
9.240226e-01	9.003363e-01	1.267055e+01	1.228825e+01	1.193887e+01	1.164235e+01
1.137710e+01	1.086200e+01	1.039283e+01	9.969761e+00	9.592254e+00	9.260315e+00
8.974201e+00	8.733906e+00	8.539271e+00	8.389777e+00	8.283939e+00	8.221180e+00
8.203027e+00	8.225899e+00	8.284553e+00	8.371698e+00	8.460419e+00	8.480171e+00
8.434681e+00	8.227247e+00	7.190891e+00	6.198881e+00	3.404396e+00	2.427673e+00
1.263396e+00	1.068936e+00	9.293534e-01	9.001605e-01	1.265616e+01	1.228355e+01
1.193973e+01	1.164490e+01	1.137857e+01	1.086411e+01	1.039559e+01	9.972986e+00
9.595929e+00	9.264474e+00	8.978952e+00	8.739371e+00	8.545563e+00	8.397043e+00
8.292393e+00	8.231134e+00	8.214938e+00	8.240448e+00	8.303040e+00	8.396926e+00
8.498258e+00	8.529683e+00	8.507058e+00	8.338209e+00	7.401045e+00	6.469410e+00
3.679165e+00	2.628326e+00	1.325713e+00	1.102163e+00	9.356481e-01	9.001088e-01
1.264463e+01	1.228048e+01	1.194279e+01	1.164886e+01	1.138177e+01	1.086750e+01
1.039941e+01	9.977060e+00	9.600301e+00	9.269170e+00	8.984062e+00	8.745002e+00
8.551813e+00	8.404072e+00	8.300410e+00	8.240431e+00	8.225906e+00	8.253653e+00
8.319563e+00	8.419144e+00	8.531320e+00	8.572824e+00	8.569876e+00	8.435771e+00
7.595515e+00	6.726256e+00	3.964823e+00	2.848966e+00	1.399189e+00	1.143050e+00
9.434639e-01	9.000951e-01	1.263162e+01	1.227592e+01	1.194339e+01	1.165090e+01
1.138299e+01	1.086911e+01	1.040136e+01	9.979386e+00	9.603048e+00	9.272350e+00
8.987693e+00	8.748930e+00	8.556204e+00	8.409211e+00	8.306808e+00	8.248057e+00
8.235144e+00	8.265038e+00	8.332074e+00	8.435936e+00	8.558059e+00	8.609075e+00
8.623244e+00	8.519448e+00	7.771634e+00	6.966674e+00	4.256667e+00	3.082333e+00
1.482949e+00	1.190870e+00	9.527992e-01	9.001080e-01	1.261890e+01	1.227089e+01
1.194363e+01	1.165237e+01	1.138376e+01	1.087023e+01	1.040274e+01	9.981113e+00
9.605166e+00	9.274877e+00	8.990631e+00	8.752091e+00	8.559750e+00	8.413428e+00
8.312219e+00	8.254581e+00	8.243133e+00	8.274979e+00	8.342661e+00	8.450190e+00
8.581316e+00	8.641028e+00	8.670531e+00	8.594426e+00	7.936340e+00	7.196913e+00
4.557508e+00	3.330951e+00	1.577652e+00	1.246081e+00	9.636675e-01	9.001401e-01
1.261567e+01	1.226978e+01	1.194416e+01	1.165261e+01	1.138346e+01	1.086972e+01
1.040226e+01	9.980844e+00	9.605209e+00	9.275264e+00	8.991330e+00	8.753659e+00
8.561931e+00	8.415733e+00	8.313546e+00	8.255746e+00	8.244394e+00	8.277464e+00
8.354427e+00	8.468242e+00	8.602767e+00	8.665503e+00	8.706000e+00	8.656942e+00
8.089537e+00	7.410288e+00	4.859689e+00	3.593073e+00	1.683175e+00	1.308789e+00
9.759413e-01	9.000961e-01	1.261735e+01	1.227223e+01	1.194568e+01	1.165169e+01
1.137928e+01	1.086296e+01	1.039527e+01	9.974880e+00	9.601044e+00	9.273136e+00
8.990964e+00	8.754230e+00	8.563045e+00	8.416717e+00	8.313036e+00	8.251329e+00
8.237484e+00	8.276685e+00	8.368246e+00	8.493643e+00	8.622349e+00	8.682766e+00
8.730238e+00	8.706360e+00	8.229146e+00	7.601789e+00	5.156551e+00	3.867242e+00
1.802778e+00	1.382683e+00	9.904644e-01	8.996280e-01	1.261584e+01	1.227238e+01
1.194746e+01	1.165268e+01	1.137941e+01	1.086265e+01	1.039495e+01	9.974823e+00
9.601401e+00	9.273971e+00	8.992190e+00	8.756171e+00	8.565448e+00	8.419170e+00
8.314598e+00	8.252311e+00	8.238243e+00	8.279055e+00	8.377961e+00	8.508247e+00
8.638717e+00	8.701405e+00	8.757426e+00	8.754110e+00	8.351213e+00	7.782970e+00
5.453758e+00	4.149284e+00	1.944540e+00	1.466980e+00	1.007670e+00	8.996485e-01
1.260946e+01	1.227074e+01	1.194841e+01	1.165449e+01	1.138085e+01	1.086423e+01
1.039662e+01	9.976596e+00	9.603287e+00	9.275999e+00	8.994457e+00	8.758495e+00
8.567965e+00	8.422090e+00	8.318311e+00	8.256633e+00	8.243378e+00	8.285376e+00
8.384392e+00	8.516633e+00	8.651724e+00	8.719280e+00	8.784505e+00	8.797617e+00
8.456770e+00	7.950294e+00	5.746546e+00	4.437002e+00	2.110051e+00	1.564035e+00
1.028504e+00	8.997860e-01	1.260179e+01	1.226668e+01	1.194713e+01	1.165383e+01
1.137997e+01	1.086353e+01	1.039605e+01	9.976271e+00	9.603147e+00	9.276041e+00
8.994664e+00	8.758896e+00	8.568602e+00	8.423027e+00	8.319651e+00	8.258510e+00
8.245915e+00	8.288645e+00	8.387925e+00	8.521711e+00	8.661201e+00	8.733064e+00
8.805869e+00	8.832947e+00	8.548581e+00	8.099084e+00	6.028677e+00	4.728896e+00
2.291163e+00	1.676645e+00	1.053734e+00	8.993729e-01	1.258389e+01	1.225765e+01
1.194509e+01	1.165574e+01	1.138382e+01	1.086938e+01	1.040184e+01	9.981424e+00
9.607447e+00	9.279428e+00	8.997258e+00	8.760920e+00	8.570491e+00	8.425650e+00
8.324831e+00	8.268124e+00	8.259162e+00	8.298626e+00	8.385882e+00	8.513351e+00
8.667340e+00	8.750487e+00	8.832178e+00	8.866695e+00	8.628791e+00	8.236957e+00
6.303642e+00	5.024263e+00	2.488920e+00	1.813508e+00	1.083183e+00	8.997191e-01
1.257476e+01	1.225317e+01	1.194416e+01	1.165658e+01	1.138549e+01	1.087238e+01
1.040546e+01	9.984897e+00	9.610317e+00	9.281594e+00	8.998928e+00	8.762383e+00
8.571995e+00	8.427668e+00	8.328314e+00	8.273970e+00	8.266975e+00	8.305059e+00
8.385356e+00	8.510135e+00	8.673541e+00	8.764057e+00	8.852197e+00	8.894945e+00
8.701890e+00	8.359437e+00	6.567569e+00	5.321920e+00	2.702298e+00	1.964276e+00
1.117254e+00	8.998528e-01	1.257276e+01	1.225227e+01	1.194399e+01	1.165642e+01
1.138505e+01	1.087262e+01	1.040620e+01	9.985797e+00	9.611040e+00	9.282075e+00
8.999361e+00	8.762970e+00	8.572811e+00	8.428713e+00	8.329588e+00	8.275524e+00
8.268872e+00	8.307352e+00	8.389093e+00	8.515196e+00	8.680559e+00	8.772923e+00
8.864906e+00	8.917170e+00	8.768241e+00	8.464733e+00	6.815956e+00	5.618415e+00
2.931309e+00	2.126531e+00	1.157530e+00	8.996471e-01	