5.725247e-01	5.939078e-01	6.152342e-01	6.361359e-01	6.565389e-01	6.957062e-01
7.322576e-01	7.660824e-01	7.975597e-01	8.279244e-01	8.590012e-01	8.915148e-01
9.254406e-01	9.612598e-01	9.994335e-01	1.040370e+00	1.083294e+00	1.126088e+00
1.164314e+00	1.189002e+00	1.191339e+00	1.189377e+00	1.203173e+00	1.233154e+00
1.265941e+00	1.272103e+00	1.281428e+00	1.283053e+00	1.283791e+00	1.283877e+00
1.283677e+00	1.283930e+00	6.299333e-01	6.523746e-01	6.747253e-01	6.966044e-01
7.179408e-01	7.588593e-01	7.970083e-01	8.322894e-01	8.651001e-01	8.967030e-01
9.289528e-01	9.625797e-01	9.975571e-01	1.034376e+00	1.073529e+00	1.115450e+00
1.159359e+00	1.203138e+00	1.242358e+00	1.268074e+00	1.271467e+00	1.270006e+00
1.284247e+00	1.314518e+00	1.347658e+00	1.353945e+00	1.363321e+00	1.364947e+00
1.365693e+00	1.365780e+00	1.365584e+00	1.365835e+00	6.930984e-01	7.165972e-01
7.399691e-01	7.628208e-01	7.850853e-01	8.277452e-01	8.674847e-01	9.042183e-01
9.383600e-01	9.711952e-01	1.004601e+00	1.039309e+00	1.075293e+00	1.113055e+00
1.153118e+00	1.195948e+00	1.240766e+00	1.285460e+00	1.325632e+00	1.352404e+00
1.356984e+00	1.356100e+00	1.370785e+00	1.401251e+00	1.434649e+00	1.441052e+00
1.450448e+00	1.452068e+00	1.452820e+00	1.452908e+00	1.452718e+00	1.452964e+00
7.625973e-01	7.871421e-01	8.115217e-01	8.353314e-01	8.585094e-01	9.028843e-01
9.441929e-01	9.823634e-01	1.017824e+00	1.051876e+00	1.086409e+00	1.122155e+00
1.159087e+00	1.197717e+00	1.238607e+00	1.282255e+00	1.327889e+00	1.373414e+00
1.414489e+00	1.442342e+00	1.448254e+00	1.448030e+00	1.463153e+00	1.493707e+00
1.527256e+00	1.533764e+00	1.543144e+00	1.544749e+00	1.545506e+00	1.545594e+00
1.545411e+00	1.545652e+00	8.390650e-01	8.646317e-01	8.899932e-01	9.147346e-01
9.388004e-01	9.848441e-01	1.027684e+00	1.067262e+00	1.104017e+00	1.139259e+00
1.174879e+00	1.211605e+00	1.249411e+00	1.288820e+00	1.330434e+00	1.374791e+00
1.421129e+00	1.467387e+00	1.509302e+00	1.538262e+00	1.545662e+00	1.546192e+00
1.561745e+00	1.592263e+00	1.625841e+00	1.632440e+00	1.641763e+00	1.643347e+00
1.644105e+00	1.644193e+00	1.644019e+00	1.644252e+00	9.232003e-01	9.497498e-01
9.760527e-01	1.001685e+00	1.026601e+00	1.074244e+00	1.118558e+00	1.159498e+00
1.197509e+00	1.233901e+00	1.270554e+00	1.308185e+00	1.346774e+00	1.386852e+00
1.429069e+00	1.474005e+00	1.520916e+00	1.567789e+00	1.610469e+00	1.640560e+00
1.649621e+00	1.651009e+00	1.666981e+00	1.697321e+00	1.730789e+00	1.737464e+00
1.746685e+00	1.748237e+00	1.748994e+00	1.749082e+00	1.748918e+00	1.749143e+00
1.015772e+00	1.043247e+00	1.070434e+00	1.096902e+00	1.122612e+00	1.171759e+00
1.217468e+00	1.259705e+00	1.298919e+00	1.336405e+00	1.374019e+00	1.412464e+00
1.451723e+00	1.492340e+00	1.535017e+00	1.580379e+00	1.627710e+00	1.675062e+00
1.718418e+00	1.749661e+00	1.760573e+00	1.762931e+00	1.779309e+00	1.809312e+00
1.842512e+00	1.849246e+00	1.858312e+00	1.859823e+00	1.860575e+00	1.860662e+00
1.860512e+00	1.860724e+00	1.117626e+00	1.145949e+00	1.173941e+00	1.201169e+00
1.227603e+00	1.278126e+00	1.325124e+00	1.368572e+00	1.408916e+00	1.447425e+00
1.485911e+00	1.525055e+00	1.564851e+00	1.605853e+00	1.648819e+00	1.694429e+00
1.742002e+00	1.789674e+00	1.833603e+00	1.866018e+00	1.878987e+00	1.882441e+00
1.899205e+00	1.928692e+00	1.961447e+00	1.968219e+00	1.977073e+00	1.978530e+00
1.979274e+00	1.979360e+00	1.979225e+00	1.979424e+00	1.229694e+00	1.258761e+00
1.287458e+00	1.315347e+00	1.342413e+00	1.394149e+00	1.442300e+00	1.486848e+00
1.528228e+00	1.567668e+00	1.606914e+00	1.646621e+00	1.686794e+00	1.727999e+00
1.771059e+00	1.816710e+00	1.864320e+00	1.912128e+00	1.956509e+00	1.990113e+00
2.005366e+00	2.010052e+00	2.027180e+00	2.055948e+00	2.088058e+00	2.094846e+00
2.103423e+00	2.104815e+00	2.105546e+00	2.105630e+00	2.105513e+00	2.105695e+00
1.352998e+00	1.382679e+00	1.411951e+00	1.440378e+00	1.467960e+00	1.520703e+00
1.569837e+00	1.615346e+00	1.657645e+00	1.697899e+00	1.737770e+00	1.777878e+00
1.818241e+00	1.859437e+00	1.902361e+00	1.947815e+00	1.995227e+00	2.042960e+00
2.087653e+00	2.122461e+00	2.140245e+00	2.146314e+00	2.163779e+00	2.191601e+00
2.222843e+00	2.229620e+00	2.237849e+00	2.239159e+00	2.239874e+00	2.239956e+00
2.239859e+00	2.240022e+00	1.488667e+00	1.518796e+00	1.548482e+00	1.577295e+00
1.605249e+00	1.658746e+00	1.708651e+00	1.754949e+00	1.798020e+00	1.838950e+00
1.879283e+00	1.919597e+00	1.959930e+00	2.000872e+00	2.043397e+00	2.088382e+00
2.135325e+00	2.182745e+00	2.227587e+00	2.263610e+00	2.284196e+00	2.291813e+00
2.309582e+00	2.336205e+00	2.366328e+00	2.373065e+00	2.380865e+00	2.382079e+00
2.382771e+00	2.382851e+00	2.382778e+00	2.382918e+00	1.637940e+00	1.668313e+00
1.698215e+00	1.727226e+00	1.755378e+00	1.809320e+00	1.859740e+00	1.906616e+00
1.950283e+00	1.991718e+00	2.032320e+00	2.072613e+00	2.112661e+00	2.153065e+00
2.194889e+00	2.239093e+00	2.285261e+00	2.332094e+00	2.376901e+00	2.414146e+00
2.437828e+00	2.447176e+00	2.465210e+00	2.490349e+00	2.519075e+00	2.525738e+00
2.533022e+00	2.534121e+00	2.534785e+00	2.534861e+00	2.534815e+00	2.534929e+00
1.802181e+00	1.832548e+00	1.862427e+00	1.891409e+00	1.919548e+00	1.973562e+00
2.024190e+00	2.071392e+00	2.115441e+00	2.157177e+00	2.197819e+00	2.237826e+00
2.277293e+00	2.316834e+00	2.357613e+00	2.400680e+00	2.445725e+00	2.491662e+00
2.536224e+00	2.574693e+00	2.601794e+00	2.613070e+00	2.631324e+00	2.654664e+00
2.681682e+00	2.688234e+00	2.694902e+00	2.695867e+00	2.696497e+00	2.696569e+00
2.696554e+00	2.696638e+00	1.982890e+00	2.012952e+00	2.042517e+00	2.071198e+00
2.099071e+00	2.152713e+00	2.203181e+00	2.250407e+00	2.294584e+00	2.336381e+00
2.376795e+00	2.416209e+00	2.454755e+00	2.493060e+00	2.532400e+00	2.573929e+00
2.617456e+00	2.662148e+00	2.706226e+00	2.745917e+00	2.776788e+00	2.790211e+00
2.808632e+00	2.829821e+00	2.854785e+00	2.861184e+00	2.867128e+00	2.867937e+00
2.868526e+00	2.868592e+00	2.868613e+00	2.868662e+00	2.181720e+00	2.211116e+00
2.240022e+00	2.268078e+00	2.295384e+00	2.348127e+00	2.398000e+00	2.444894e+00
2.488898e+00	2.530472e+00	2.570346e+00	2.608811e+00	2.646046e+00	2.682691e+00
2.720146e+00	2.759680e+00	2.801245e+00	2.844299e+00	2.887623e+00	2.928527e+00
2.963552e+00	2.979360e+00	2.997888e+00	3.016535e+00	3.039062e+00	3.045261e+00
3.050360e+00	3.050990e+00	3.051530e+00	3.051590e+00	3.051650e+00	3.051660e+00
2.402737e+00	2.430767e+00	2.458355e+00	2.485187e+00	2.511393e+00	2.562355e+00
2.610992e+00	2.657129e+00	2.700709e+00	2.741899e+00	2.781061e+00	2.818361e+00
2.854028e+00	2.888700e+00	2.923898e+00	2.961000e+00	3.000131e+00	3.041111e+00
3.083434e+00	3.125820e+00	3.166113e+00	3.184973e+00	3.203651e+00	3.219073e+00
3.238542e+00	3.244504e+00	3.248542e+00	3.248945e+00	3.249424e+00	3.249477e+00
3.249588e+00	3.249547e+00	2.644336e+00	2.670650e+00	2.696583e+00	2.721867e+00
2.746662e+00	2.795271e+00	2.842149e+00	2.887042e+00	2.929721e+00	2.970032e+00
3.007942e+00	3.043485e+00	3.076953e+00	3.108992e+00	3.141274e+00	3.175312e+00
3.211424e+00	3.249826e+00	3.290765e+00	3.334427e+00	3.379996e+00	3.401935e+00
3.420608e+00	3.432480e+00	3.448543e+00	3.454198e+00	3.457081e+00	3.457243e+00
3.457653e+00	3.457698e+00	3.457861e+00	3.457767e+00	2.898570e+00	2.923922e+00
2.948881e+00	2.973178e+00	2.996994e+00	3.043768e+00	3.088928e+00	3.132139e+00
3.173049e+00	3.211296e+00	3.246579e+00	3.278870e+00	3.308564e+00	3.336420e+00
3.364388e+00	3.394257e+00	3.426553e+00	3.461833e+00	3.500849e+00	3.544499e+00
3.592483e+00	3.615822e+00	3.633845e+00	3.642861e+00	3.656008e+00	3.661258e+00
3.663241e+00	3.663229e+00	3.663578e+00	3.663611e+00	3.663804e+00	3.663685e+00
3.163544e+00	3.189137e+00	3.214218e+00	3.238431e+00	3.261968e+00	3.307766e+00
3.351314e+00	3.392233e+00	3.430149e+00	3.464715e+00	3.495635e+00	3.522935e+00
3.547152e+00	3.569263e+00	3.591585e+00	3.616283e+00	3.644055e+00	3.675672e+00
3.712057e+00	3.754067e+00	3.801196e+00	3.824122e+00	3.840871e+00	3.847877e+00
3.858674e+00	3.863376e+00	3.864750e+00	3.864645e+00	3.864939e+00	3.864961e+00
3.865156e+00	3.865042e+00	3.436508e+00	3.464825e+00	3.492249e+00	3.518142e+00
3.542734e+00	3.589035e+00	3.630748e+00	3.667513e+00	3.699354e+00	3.726750e+00
3.750455e+00	3.770853e+00	3.788633e+00	3.804910e+00	3.822067e+00	3.842296e+00
3.866130e+00	3.893794e+00	3.925683e+00	3.962779e+00	4.005083e+00	4.025994e+00
4.041318e+00	4.047618e+00	4.056415e+00	4.059988e+00	4.061034e+00	4.060958e+00
4.061179e+00	4.061195e+00	4.061342e+00	4.061259e+00	3.720721e+00	3.753761e+00
3.785327e+00	3.814305e+00	3.840979e+00	3.888798e+00	3.928261e+00	3.959191e+00
3.982392e+00	3.999802e+00	4.013968e+00	4.025812e+00	4.036145e+00	4.046150e+00
4.058069e+00	4.073895e+00	4.093786e+00	4.116969e+00	4.142891e+00	4.172741e+00
4.207408e+00	4.225111e+00	4.238774e+00	4.245124e+00	4.252125e+00	4.254225e+00
4.255121e+00	4.255147e+00	4.255284e+00	4.255298e+00	4.255367e+00	4.255332e+00
4.016318e+00	4.055334e+00	4.091899e+00	4.124144e+00	4.152523e+00	4.200127e+00
4.235228e+00	4.259042e+00	4.273213e+00	4.280725e+00	4.285417e+00	4.288534e+00
4.290897e+00	4.293630e+00	4.298647e+00	4.307664e+00	4.320763e+00	4.337055e+00
4.355911e+00	4.378515e+00	4.405414e+00	4.419151e+00	4.430196e+00	4.435829e+00
4.440890e+00	4.441923e+00	4.442592e+00	4.442665e+00	4.442738e+00	4.442745e+00
4.442766e+00	4.442763e+00	4.319633e+00	4.366120e+00	4.408658e+00	4.444247e+00
4.473668e+00	4.518539e+00	4.546554e+00	4.561984e+00	4.567284e+00	4.565751e+00
4.561673e+00	4.556327e+00	4.550445e+00	4.544939e+00	4.541060e+00	4.540115e+00
4.542664e+00	4.549087e+00	4.559901e+00	4.575849e+00	4.595334e+00	4.604312e+00
4.611650e+00	4.615654e+00	4.618663e+00	4.619185e+00	4.619535e+00	4.619583e+00
4.619618e+00	4.619612e+00	4.619624e+00	4.619633e+00	4.628861e+00	4.684643e+00
4.734521e+00	4.774032e+00	4.804378e+00	4.844972e+00	4.863530e+00	4.868645e+00
4.863764e+00	4.852568e+00	4.839624e+00	4.825648e+00	4.810226e+00	4.793840e+00
4.778835e+00	4.767528e+00	4.760358e+00	4.757131e+00	4.757994e+00	4.764399e+00
4.774910e+00	4.779249e+00	4.782556e+00	4.784160e+00	4.785063e+00	4.785100e+00
4.785092e+00	4.785094e+00	4.785094e+00	4.785084e+00	4.785089e+00	4.785095e+00
4.942449e+00	5.008525e+00	5.066433e+00	5.109993e+00	5.140907e+00	5.175602e+00
5.182548e+00	5.175543e+00	5.159162e+00	5.137509e+00	5.115329e+00	5.092376e+00
5.066324e+00	5.037136e+00	5.009435e+00	4.987427e+00	4.970978e+00	4.958050e+00
4.947375e+00	4.941906e+00	4.941967e+00	4.941606e+00	4.940578e+00	4.939226e+00
4.937849e+00	4.937367e+00	4.936956e+00	4.936906e+00	4.936866e+00	4.936854e+00
4.936854e+00	4.936855e+00	5.261128e+00	5.336197e+00	5.400910e+00	5.447403e+00
5.477898e+00	5.505033e+00	5.499012e+00	5.478604e+00	5.449521e+00	5.416225e+00
5.383671e+00	5.350805e+00	5.313658e+00	5.271752e+00	5.231345e+00	5.197988e+00
5.171113e+00	5.147360e+00	5.124397e+00	5.106265e+00	5.094665e+00	5.089039e+00
5.083278e+00	5.078760e+00	5.074628e+00	5.073512e+00	5.072623e+00	5.072526e+00
5.072431e+00	5.072410e+00	5.072410e+00	5.072420e+00	5.585019e+00	5.666864e+00
5.736341e+00	5.784081e+00	5.812798e+00	5.830442e+00	5.810227e+00	5.775316e+00
5.732458e+00	5.686423e+00	5.642406e+00	5.598720e+00	5.550201e+00	5.495861e+00
5.443027e+00	5.397971e+00	5.359839e+00	5.324381e+00	5.288584e+00	5.257149e+00
5.232993e+00	5.221800e+00	5.211026e+00	5.203054e+00	5.195627e+00	5.193769e+00
5.192300e+00	5.192131e+00	5.191979e+00	5.191953e+00	5.191949e+00	5.191961e+00
5.914273e+00	6.000185e+00	6.071946e+00	6.118883e+00	6.144190e+00	6.150106e+00
6.114312e+00	6.063680e+00	6.005809e+00	5.945776e+00	5.889015e+00	5.833435e+00
5.773187e+00	5.706834e+00	5.641996e+00	5.585051e+00	5.534954e+00	5.487075e+00
5.438123e+00	5.393011e+00	5.355588e+00	5.338523e+00	5.322413e+00	5.310623e+00
5.299298e+00	5.296546e+00	5.294378e+00	5.294109e+00	5.293898e+00	5.293866e+00
5.293851e+00	5.293858e+00	6.243826e+00	6.329905e+00	6.400466e+00	6.443821e+00
6.463608e+00	6.455119e+00	6.402316e+00	6.334764e+00	6.260634e+00	6.185313e+00
6.114442e+00	6.045850e+00	5.973650e+00	5.896059e+00	5.820059e+00	5.751407e+00
5.688985e+00	5.628363e+00	5.566401e+00	5.507738e+00	5.456755e+00	5.433607e+00
5.411870e+00	5.395902e+00	5.380154e+00	5.376365e+00	5.373385e+00	5.372995e+00
5.372715e+00	5.372675e+00	5.372645e+00	5.372645e+00	6.572358e+00	6.654733e+00
6.720559e+00	6.757430e+00	6.769410e+00	6.743365e+00	6.671656e+00	6.585602e+00
6.493757e+00	6.401683e+00	6.315236e+00	6.232421e+00	6.147985e+00	6.059831e+00
5.973552e+00	5.893657e+00	5.819097e+00	5.746018e+00	5.671712e+00	5.600279e+00
5.536433e+00	5.507711e+00	5.481005e+00	5.459071e+00	5.437268e+00	5.431993e+00
5.427841e+00	5.427295e+00	5.426898e+00	5.426838e+00	5.426797e+00	5.426796e+00
6.904065e+00	6.979848e+00	7.038294e+00	7.066434e+00	7.068745e+00	7.022347e+00
6.929775e+00	6.823559e+00	6.712507e+00	6.602271e+00	6.498866e+00	6.400662e+00
6.303385e+00	6.204693e+00	6.108433e+00	6.017517e+00	5.931020e+00	5.845766e+00
5.759535e+00	5.675753e+00	5.599048e+00	5.564293e+00	5.531843e+00	5.504900e+00
5.478092e+00	5.471593e+00	5.466476e+00	5.465805e+00	5.465309e+00	5.465232e+00
5.465183e+00	5.465183e+00	7.230376e+00	7.298121e+00	7.347868e+00	7.365869e+00
7.356953e+00	7.286776e+00	7.169633e+00	7.039663e+00	6.906048e+00	6.774489e+00
6.651124e+00	6.535125e+00	6.423821e+00	6.315123e+00	6.210919e+00	6.109200e+00
6.010374e+00	5.912638e+00	5.814133e+00	5.717374e+00	5.625416e+00	5.581488e+00
5.538950e+00	5.510242e+00	5.481777e+00	5.474872e+00	5.469370e+00	5.468641e+00
5.468118e+00	5.468039e+00	5.467983e+00	5.467984e+00	7.552326e+00	7.607472e+00
7.644256e+00	7.648512e+00	7.625444e+00	7.527394e+00	7.383372e+00	7.228100e+00
7.070854e+00	6.917195e+00	6.773168e+00	6.638923e+00	6.513414e+00	6.394689e+00
6.282530e+00	6.171445e+00	6.062508e+00	5.954753e+00	5.846627e+00	5.740014e+00
5.637029e+00	5.587054e+00	5.538468e+00	5.503318e+00	5.469402e+00	5.461095e+00
5.454411e+00	5.453539e+00	5.452913e+00	5.452822e+00	5.452764e+00	5.452752e+00
7.930962e+00	7.938663e+00	7.931253e+00	7.898848e+00	7.846671e+00	7.708356e+00
7.540987e+00	7.368146e+00	7.196208e+00	7.029146e+00	6.871259e+00	6.717190e+00
6.569777e+00	6.428339e+00	6.291837e+00	6.170759e+00	6.056835e+00	5.945090e+00
5.834561e+00	5.726234e+00	5.621433e+00	5.570846e+00	5.521628e+00	5.480318e+00
5.434756e+00	5.421759e+00	5.416783e+00	5.416788e+00	5.415637e+00	5.415256e+00
5.415645e+00	5.415357e+00	8.346940e+00	8.282660e+00	8.212214e+00	8.131481e+00
8.043811e+00	7.861261e+00	7.672308e+00	7.484820e+00	7.301321e+00	7.123779e+00
6.954270e+00	6.781338e+00	6.612586e+00	6.450376e+00	6.295637e+00	6.158240e+00
6.029405e+00	5.906686e+00	5.790225e+00	5.678117e+00	5.569306e+00	5.517529e+00
5.468344e+00	5.426840e+00	5.361498e+00	5.338975e+00	5.341207e+00	5.343847e+00
5.341486e+00	5.340354e+00	5.341930e+00	5.340941e+00	8.705091e+00	8.592005e+00
8.477091e+00	8.359619e+00	8.242466e+00	8.017368e+00	7.800122e+00	7.588800e+00
7.383101e+00	7.181475e+00	6.981819e+00	6.796179e+00	6.619756e+00	6.450172e+00
6.289254e+00	6.132685e+00	5.986273e+00	5.852355e+00	5.730706e+00	5.615692e+00
5.503407e+00	5.450276e+00	5.400312e+00	5.356864e+00	5.272236e+00	5.241375e+00
5.250413e+00	5.255407e+00	5.251850e+00	5.250025e+00	5.252618e+00	5.251054e+00
8.997712e+00	8.859772e+00	8.721145e+00	8.580999e+00	8.442152e+00	8.176744e+00
7.922768e+00	7.678756e+00	7.445485e+00	7.216326e+00	6.986917e+00	6.777425e+00
6.578751e+00	6.388760e+00	6.209861e+00	6.041484e+00	5.886989e+00	5.749064e+00
5.627563e+00	5.513879e+00	5.400906e+00	5.346037e+00	5.292501e+00	5.243382e+00
5.146031e+00	5.110946e+00	5.125624e+00	5.132027e+00	5.127419e+00	5.125112e+00
5.128162e+00	5.126435e+00	9.193575e+00	9.065650e+00	8.932573e+00	8.791024e+00
8.645086e+00	8.354124e+00	8.061779e+00	7.770989e+00	7.482043e+00	7.209644e+00
6.960114e+00	6.722193e+00	6.503673e+00	6.303091e+00	6.119614e+00	5.951409e+00
5.797147e+00	5.654646e+00	5.521286e+00	5.393152e+00	5.266831e+00	5.204603e+00
5.141356e+00	5.085797e+00	5.003719e+00	4.977301e+00	4.982304e+00	4.985789e+00
4.982426e+00	4.980905e+00	4.982743e+00	4.981695e+00	9.367884e+00	9.252026e+00
9.126145e+00	8.984040e+00	8.831025e+00	8.512417e+00	8.177626e+00	7.832952e+00
7.494530e+00	7.171515e+00	6.878619e+00	6.619534e+00	6.392594e+00	6.192480e+00
6.013707e+00	5.850607e+00	5.698467e+00	5.549289e+00	5.396847e+00	5.244735e+00
5.097297e+00	5.024873e+00	4.950163e+00	4.890453e+00	4.839980e+00	4.828325e+00
4.815912e+00	4.814188e+00	4.813357e+00	4.813317e+00	4.813086e+00	4.813133e+00
9.639604e+00	9.490482e+00	9.332317e+00	9.159124e+00	8.976581e+00	8.604284e+00
8.221820e+00	7.845113e+00	7.476581e+00	7.128569e+00	6.815530e+00	6.538679e+00
6.294979e+00	6.078207e+00	5.882209e+00	5.702200e+00	5.534230e+00	5.373185e+00
5.214646e+00	5.058963e+00	4.908052e+00	4.834999e+00	4.761873e+00	4.704169e+00
4.648913e+00	4.635338e+00	4.624411e+00	4.623082e+00	4.621970e+00	4.621843e+00
4.621750e+00	4.621732e+00	9.846070e+00	9.710030e+00	9.559283e+00	9.376258e+00
9.167550e+00	8.705435e+00	8.230173e+00	7.803994e+00	7.409694e+00	7.051682e+00
6.733423e+00	6.450008e+00	6.192157e+00	5.952623e+00	5.732014e+00	5.531956e+00
5.348836e+00	5.177331e+00	5.012156e+00	4.850037e+00	4.693109e+00	4.620181e+00
4.548834e+00	4.492706e+00	4.435387e+00	4.421832e+00	4.410863e+00	4.409377e+00
4.408309e+00	4.408199e+00	4.408084e+00	4.408068e+00	1.011284e+01	9.934485e+00
9.733575e+00	9.499332e+00	9.244998e+00	8.731453e+00	8.229198e+00	7.764083e+00
7.348876e+00	6.976603e+00	6.643628e+00	6.344532e+00	6.067966e+00	5.807048e+00
5.565342e+00	5.346916e+00	5.148970e+00	4.967255e+00	4.796749e+00	4.629728e+00
4.464931e+00	4.388657e+00	4.317461e+00	4.264258e+00	4.206322e+00	4.191867e+00
4.181045e+00	4.179681e+00	4.178555e+00	4.178407e+00	4.178320e+00	4.178296e+00
1.046279e+01	1.015669e+01	9.852186e+00	9.551368e+00	9.259053e+00	8.711556e+00
8.205342e+00	7.737580e+00	7.305930e+00	6.908181e+00	6.542962e+00	6.210885e+00
5.908547e+00	5.631837e+00	5.377344e+00	5.144389e+00	4.932230e+00	4.739758e+00
4.564201e+00	4.393615e+00	4.218879e+00	4.134421e+00	4.060457e+00	4.011221e+00
3.954553e+00	3.938007e+00	3.927544e+00	3.926674e+00	3.925343e+00	3.925093e+00
3.925093e+00	3.925053e+00	1.061705e+01	1.031422e+01	1.000503e+01	9.686884e+00
9.351912e+00	8.734455e+00	8.171405e+00	7.663881e+00	7.203481e+00	6.786354e+00
6.408131e+00	6.065419e+00	5.749749e+00	5.454901e+00	5.181756e+00	4.932913e+00
4.707658e+00	4.502115e+00	4.312742e+00	4.131446e+00	3.951930e+00	3.866073e+00
3.789681e+00	3.737645e+00	3.680411e+00	3.664539e+00	3.654024e+00	3.653013e+00
3.651760e+00	3.651542e+00	3.651516e+00	3.651479e+00	1.073979e+01	1.045111e+01
1.015281e+01	9.830882e+00	9.471942e+00	8.769316e+00	8.126687e+00	7.561041e+00
7.067752e+00	6.636271e+00	6.254450e+00	5.909743e+00	5.585744e+00	5.274169e+00
4.982828e+00	4.718865e+00	4.481065e+00	4.261803e+00	4.056209e+00	3.862245e+00
3.679749e+00	3.594584e+00	3.515451e+00	3.457947e+00	3.399820e+00	3.385592e+00
3.374887e+00	3.373544e+00	3.372463e+00	3.372317e+00	3.372231e+00	3.372201e+00
1.092506e+01	1.058833e+01	1.023223e+01	9.853508e+00	9.479780e+00	8.758885e+00
8.074461e+00	7.476342e+00	6.955414e+00	6.499387e+00	6.097911e+00	5.737796e+00
5.402299e+00	5.082176e+00	4.781867e+00	4.505516e+00	4.253237e+00	4.019776e+00
3.801917e+00	3.598469e+00	3.409967e+00	3.322329e+00	3.238671e+00	3.176341e+00
3.118598e+00	3.105153e+00	3.094348e+00	3.092947e+00	3.091935e+00	3.091800e+00
3.091704e+00	3.091666e+00	1.117127e+01	1.072061e+01	1.027800e+01	9.852299e+00
9.439713e+00	8.688587e+00	8.008643e+00	7.399809e+00	6.855007e+00	6.368048e+00
5.935126e+00	5.548628e+00	5.199525e+00	4.878829e+00	4.577574e+00	4.291225e+00
4.023029e+00	3.774926e+00	3.547462e+00	3.336297e+00	3.138976e+00	3.046307e+00
2.956492e+00	2.889490e+00	2.832905e+00	2.819625e+00	2.808757e+00	2.807491e+00
2.806472e+00	2.806306e+00	2.806234e+00	2.806176e+00	1.136203e+01	1.084429e+01
1.034191e+01	9.865838e+00	9.438312e+00	8.636151e+00	7.931019e+00	7.301286e+00
6.737160e+00	6.232254e+00	5.782366e+00	5.380552e+00	5.019143e+00	4.689442e+00
4.379830e+00	4.083560e+00	3.804132e+00	3.545546e+00	3.308312e+00	3.087610e+00
2.880836e+00	2.783597e+00	2.689722e+00	2.620345e+00	2.563317e+00	2.550016e+00
2.539106e+00	2.537873e+00	2.536855e+00	2.536682e+00	2.536608e+00	2.536550e+00
1.153005e+01	1.096274e+01	1.041617e+01	9.906507e+00	9.441370e+00	8.588983e+00
7.845058e+00	7.189561e+00	6.610731e+00	6.096208e+00	5.636783e+00	5.224728e+00
4.851916e+00	4.510075e+00	4.189308e+00	3.883864e+00	3.596144e+00	3.329749e+00
3.083565e+00	2.853318e+00	2.637391e+00	2.536062e+00	2.439497e+00	2.369178e+00
2.311059e+00	2.297619e+00	2.286702e+00	2.285464e+00	2.284445e+00	2.284277e+00
2.284189e+00	2.284141e+00	1.169769e+01	1.108041e+01	1.048973e+01	9.946525e+00
9.446450e+00	8.550322e+00	7.771697e+00	7.092546e+00	6.499304e+00	5.974982e+00
5.505933e+00	5.083713e+00	4.700215e+00	4.347566e+00	4.017076e+00	3.703592e+00
3.408562e+00	3.134916e+00	2.881064e+00	2.642442e+00	2.418026e+00	2.312875e+00
2.214032e+00	2.143002e+00	2.083135e+00	2.069381e+00	2.058393e+00	2.057135e+00
2.056094e+00	2.055939e+00	2.055831e+00	2.055796e+00	1.186431e+01	1.119643e+01
1.056164e+01	9.985227e+00	9.460291e+00	8.517810e+00	7.710691e+00	7.010627e+00
6.403302e+00	5.868830e+00	5.389892e+00	4.957448e+00	4.563941e+00	4.201845e+00
3.863020e+00	3.542437e+00	3.240774e+00	2.960070e+00	2.699471e+00	2.453192e+00
2.220473e+00	2.111562e+00	2.010748e+00	1.939227e+00	1.876820e+00	1.862545e+00
1.851411e+00	1.850118e+00	1.849030e+00	1.848896e+00	1.848761e+00	1.848745e+00
1.203163e+01	1.131604e+01	1.063999e+01	1.003309e+01	9.484125e+00	8.509985e+00
7.669557e+00	6.950321e+00	6.329136e+00	5.784083e+00	5.295072e+00	4.852387e+00
4.448952e+00	4.077668e+00	3.730844e+00	3.403599e+00	3.095992e+00	2.809222e+00
2.542944e+00	2.290516e+00	2.050384e+00	1.937496e+00	1.833351e+00	1.759580e+00
1.694458e+00	1.679646e+00	1.668199e+00	1.666863e+00	1.665721e+00	1.665588e+00
1.665450e+00	1.665446e+00	1.220076e+01	1.144093e+01	1.072723e+01	1.009386e+01
9.525154e+00	8.510336e+00	7.653289e+00	6.914504e+00	6.279021e+00	5.722488e+00
5.223193e+00	4.770387e+00	4.357206e+00	3.976988e+00	3.622420e+00	3.288753e+00
2.975577e+00	2.683379e+00	2.411942e+00	2.154359e+00	1.907293e+00	1.790146e+00
1.681456e+00	1.603890e+00	1.535733e+00	1.520297e+00	1.508344e+00	1.506948e+00
1.505743e+00	1.505602e+00	1.505474e+00	1.505475e+00	1.237358e+01	1.157347e+01
1.082616e+01	1.017013e+01	9.584936e+00	8.539235e+00	7.654776e+00	6.902743e+00
6.256474e+00	5.690534e+00	5.180738e+00	4.717633e+00	4.294855e+00	3.905893e+00
3.543655e+00	3.203434e+00	2.884489e+00	2.586901e+00	2.309980e+00	2.047282e+00
1.793090e+00	1.671300e+00	1.557116e+00	1.474586e+00	1.402647e+00	1.386333e+00
1.373598e+00	1.372103e+00	1.370821e+00	1.370669e+00	1.370549e+00	1.370547e+00
1.254821e+01	1.171242e+01	1.093598e+01	1.026128e+01	9.662980e+00	8.590960e+00
7.686724e+00	6.922528e+00	6.266554e+00	5.692406e+00	5.171624e+00	4.697057e+00
4.263702e+00	3.864942e+00	3.493647e+00	3.145049e+00	2.818211e+00	2.516425e+00
2.234456e+00	1.966586e+00	1.705238e+00	1.578726e+00	1.458851e+00	1.371038e+00
1.294477e+00	1.276970e+00	1.263188e+00	1.261562e+00	1.260184e+00	1.260011e+00
1.259888e+00	1.259861e+00	1.272654e+01	1.185901e+01	1.105692e+01	1.036647e+01
9.757434e+00	8.662752e+00	7.741779e+00	6.962002e+00	6.291863e+00	5.703354e+00
5.175682e+00	4.697066e+00	4.259807e+00	3.857334e+00	3.482496e+00	3.130524e+00
2.800521e+00	2.488387e+00	2.196217e+00	1.917805e+00	1.645388e+00	1.512814e+00
1.386593e+00	1.292757e+00	1.209898e+00	1.190663e+00	1.175439e+00	1.173644e+00
1.172131e+00	1.171931e+00	1.171795e+00	1.171726e+00	1.290897e+01	1.201502e+01
1.119214e+01	1.049017e+01	9.873999e+00	8.763193e+00	7.830045e+00	7.040635e+00
6.362029e+00	5.765893e+00	5.229162e+00	4.741398e+00	4.295665e+00	3.884934e+00
3.501560e+00	3.140476e+00	2.800803e+00	2.482260e+00	2.182685e+00	1.895282e+00
1.613054e+00	1.474042e+00	1.339844e+00	1.238688e+00	1.147621e+00	1.126091e+00
1.108984e+00	1.106973e+00	1.105281e+00	1.105051e+00	1.104891e+00	1.104780e+00
1.309299e+01	1.217636e+01	1.133600e+01	1.062517e+01	1.000416e+01	8.881583e+00
7.940721e+00	7.143311e+00	6.456856e+00	5.852928e+00	5.308833e+00	4.814110e+00
4.361584e+00	3.943826e+00	3.552625e+00	3.182497e+00	2.832356e+00	2.507715e+00
2.201611e+00	1.906347e+00	1.615526e+00	1.467977e+00	1.317986e+00	1.202999e+00
1.102774e+00	1.078386e+00	1.058865e+00	1.056570e+00	1.054664e+00	1.054410e+00
1.054187e+00	1.054097e+00	1.327841e+01	1.234145e+01	1.148594e+01	1.076838e+01
1.014461e+01	9.014631e+00	8.070601e+00	7.267908e+00	6.575719e+00	5.965931e+00
5.416315e+00	4.916319e+00	4.458519e+00	4.035184e+00	3.637655e+00	3.260314e+00
2.902529e+00	2.565535e+00	2.245523e+00	1.933100e+00	1.622219e+00	1.464706e+00
1.304156e+00	1.178366e+00	1.067295e+00	1.039832e+00	1.017739e+00	1.015133e+00
1.012984e+00	1.012702e+00	1.012427e+00	1.012378e+00	1.346402e+01	1.250824e+01
1.163915e+01	1.091647e+01	1.029172e+01	9.157913e+00	8.213312e+00	7.407381e+00
6.710911e+00	6.096243e+00	5.541577e+00	5.036342e+00	4.572957e+00	4.143424e+00
3.738676e+00	3.352879e+00	2.985623e+00	2.637143e+00	2.303990e+00	1.974510e+00
1.640853e+00	1.472623e+00	1.306127e+00	1.174206e+00	1.042809e+00	1.011359e+00
9.859403e-01	9.829068e-01	9.804212e-01	9.801013e-01	9.797974e-01	9.798465e-01
1.364789e+01	1.267547e+01	1.179512e+01	1.106978e+01	1.044680e+01	9.315286e+00
8.375071e+00	7.570080e+00	6.872731e+00	6.255941e+00	5.698163e+00	5.188875e+00
4.720530e+00	4.285082e+00	3.873372e+00	3.479466e+00	3.102993e+00	2.744206e+00
2.399056e+00	2.053753e+00	1.697672e+00	1.514753e+00	1.326427e+00	1.173775e+00
1.026155e+00	9.905427e-01	9.616952e-01	9.582054e-01	9.553095e-01	9.549402e-01
9.546594e-01	9.547928e-01	1.382260e+01	1.283445e+01	1.194405e+01	1.121798e+01
1.059940e+01	9.476663e+00	8.544151e+00	7.743964e+00	7.048971e+00	6.432118e+00
5.871703e+00	5.357714e+00	4.883345e+00	4.441298e+00	4.023238e+00	3.623300e+00
3.239933e+00	2.871608e+00	2.512801e+00	2.148754e+00	1.766520e+00	1.566810e+00
1.357119e+00	1.181306e+00	1.015048e+00	9.740962e-01	9.422778e-01	9.383903e-01
9.346533e-01	9.341640e-01	9.342466e-01	9.341396e-01	1.399088e+01	1.298796e+01
1.208864e+01	1.136345e+01	1.075140e+01	9.642659e+00	8.721023e+00	7.929214e+00
7.239740e+00	6.625115e+00	6.063054e+00	5.544357e+00	5.063512e+00	4.614638e+00
4.191031e+00	3.787172e+00	3.399448e+00	3.022976e+00	2.649796e+00	2.265181e+00
1.854300e+00	1.635618e+00	1.403502e+00	1.205231e+00	1.006503e+00	9.602957e-01
9.257564e-01	9.215060e-01	9.168066e-01	9.161767e-01	9.167393e-01	9.162713e-01
1.414149e+01	1.312731e+01	1.222258e+01	1.150162e+01	1.089911e+01	9.808362e+00
8.899559e+00	8.117697e+00	7.435174e+00	6.824257e+00	6.262203e+00	5.740488e+00
5.254691e+00	4.800118e+00	4.371462e+00	3.963602e+00	3.571457e+00	3.187627e+00
2.801736e+00	2.397307e+00	1.955926e+00	1.715841e+00	1.457380e+00	1.232988e+00
1.004450e+00	9.494215e-01	9.110540e-01	9.063758e-01	9.006601e-01	8.999056e-01
9.010846e-01	9.000015e-01	1.427282e+01	1.325089e+01	1.234425e+01	1.163084e+01
1.104116e+01	9.973097e+00	9.079413e+00	8.309347e+00	7.635509e+00	7.030197e+00
6.470442e+00	5.948204e+00	5.459809e+00	5.001330e+00	4.568341e+00	4.156143e+00
3.759268e+00	3.369492e+00	2.974464e+00	2.552976e+00	2.079839e+00	1.815135e+00
1.524356e+00	1.268909e+00	1.005147e+00	9.410417e-01	8.982517e-01	8.930980e-01
8.863210e-01	8.854588e-01	8.873735e-01	8.854460e-01	1.438005e+01	1.335393e+01
1.244909e+01	1.174745e+01	1.117386e+01	1.013165e+01	9.255445e+00	8.498819e+00
7.835042e+00	7.236689e+00	6.680740e+00	6.159659e+00	5.670397e+00	5.209749e+00
4.774080e+00	4.359047e+00	3.958762e+00	3.564121e+00	3.160716e+00	2.722624e+00
2.217435e+00	1.927224e+00	1.601434e+00	1.312422e+00	1.008440e+00	9.353305e-01
8.864571e-01	8.807138e-01	8.729828e-01	8.720200e-01	8.747782e-01	8.717651e-01
1.446318e+01	1.343632e+01	1.253583e+01	1.184922e+01	1.129472e+01	1.028067e+01
9.424321e+00	8.682954e+00	8.030910e+00	7.441189e+00	6.890839e+00	6.372792e+00
5.884576e+00	5.423683e+00	4.987222e+00	4.571155e+00	4.169101e+00	3.770948e+00
3.360198e+00	2.906444e+00	2.369763e+00	2.053655e+00	1.690663e+00	1.365324e+00
1.017989e+00	9.326255e-01	8.755946e-01	8.690727e-01	8.605070e-01	8.594849e-01
8.629850e-01	8.588462e-01	1.451099e+01	1.348679e+01	1.259994e+01	1.193614e+01
1.140574e+01	1.042303e+01	9.588346e+00	8.862157e+00	8.220847e+00	7.638911e+00
7.094822e+00	6.581924e+00	6.097869e+00	5.640185e+00	5.206008e+00	4.791243e+00
4.389111e+00	3.988579e+00	3.571268e+00	3.102600e+00	2.535176e+00	2.193361e+00
1.793208e+00	1.428880e+00	1.032635e+00	9.322431e-01	8.656030e-01	8.581933e-01
8.487827e-01	8.477270e-01	8.516901e-01	8.465915e-01	1.441643e+01	1.345797e+01
1.263226e+01	1.202620e+01	1.154345e+01	1.061388e+01	9.798537e+00	9.069783e+00
8.415311e+00	7.820770e+00	7.274255e+00	6.768790e+00	6.298790e+00	5.857814e+00
5.437567e+00	5.030228e+00	4.629144e+00	4.223682e+00	3.794931e+00	3.305618e+00
2.704668e+00	2.340162e+00	1.911919e+00	1.514903e+00	1.056596e+00	9.329786e-01
8.568231e-01	8.496675e-01	8.377848e-01	8.361354e-01	8.424881e-01	8.351901e-01
1.437482e+01	1.344670e+01	1.265863e+01	1.209381e+01	1.164938e+01	1.076632e+01
9.975798e+00	9.256197e+00	8.601662e+00	8.004913e+00	7.460981e+00	6.963583e+00
6.505482e+00	6.077964e+00	5.669658e+00	5.270530e+00	4.873664e+00	4.467941e+00
4.032614e+00	3.525562e+00	2.889699e+00	2.499582e+00	2.038622e+00	1.605461e+00
1.089231e+00	9.381192e-01	8.463027e-01	8.387463e-01	8.296899e-01	8.282194e-01
8.309501e-01	8.248131e-01	1.438098e+01	1.346094e+01	1.268296e+01	1.213866e+01
1.171750e+01	1.086669e+01	1.010321e+01	9.406474e+00	8.771341e+00	8.190568e+00
7.658842e+00	7.170433e+00	6.719147e+00	6.297463e+00	5.895425e+00	5.503621e+00
5.114468e+00	4.715332e+00	4.282173e+00	3.765363e+00	3.096737e+00	2.676973e+00
2.173648e+00	1.696533e+00	1.133176e+00	9.643141e-01	8.355968e-01	8.252330e-01
8.239826e-01	8.232243e-01	8.165228e-01	8.156075e-01	1.440506e+01	1.348774e+01
1.271822e+01	1.218744e+01	1.178244e+01	1.095510e+01	1.021220e+01	9.533991e+00
8.915714e+00	8.350450e+00	7.833061e+00	7.357958e+00	6.918988e+00	6.508542e+00
6.116353e+00	5.732790e+00	5.350362e+00	4.956499e+00	4.527018e+00	4.011167e+00
3.330394e+00	2.888636e+00	2.339773e+00	1.806345e+00	1.173128e+00	9.831802e-01
8.360501e-01	8.210628e-01	8.148825e-01	8.141077e-01	8.099617e-01	8.070707e-01
1.443492e+01	1.351561e+01	1.274992e+01	1.223061e+01	1.184007e+01	1.103421e+01
1.031049e+01	9.650199e+00	9.048848e+00	8.499801e+00	7.998019e+00	7.537946e+00
7.113315e+00	6.716196e+00	6.335620e+00	5.961515e+00	5.586673e+00	5.199063e+00
4.775371e+00	4.266040e+00	3.583302e+00	3.124070e+00	2.528957e+00	1.932398e+00
1.215462e+00	1.002445e+00	8.370029e-01	8.181673e-01	8.049073e-01	8.036928e-01
8.049044e-01	7.991679e-01	1.443445e+01	1.351658e+01	1.275399e+01	1.225268e+01
1.188056e+01	1.110151e+01	1.040007e+01	9.759719e+00	9.176421e+00	8.644040e+00
8.157828e+00	7.712480e+00	7.301911e+00	6.918233e+00	6.550355e+00	6.188041e+00
5.824054e+00	5.446231e+00	5.030707e+00	4.526059e+00	3.836172e+00	3.360689e+00
2.729051e+00	2.078287e+00	1.271973e+00	1.029807e+00	8.378706e-01	8.141520e-01
7.977090e-01	7.963471e-01	7.989537e-01	7.923499e-01	1.440782e+01	1.349907e+01
1.274959e+01	1.226398e+01	1.190854e+01	1.115721e+01	1.047929e+01	9.859895e+00
9.295241e+00	8.779730e+00	8.309004e+00	7.878154e+00	7.481491e+00	7.111457e+00
6.757304e+00	6.408903e+00	6.058807e+00	5.694218e+00	5.289498e+00	4.788601e+00
4.088185e+00	3.598743e+00	2.942049e+00	2.249536e+00	1.348743e+00	1.069773e+00
8.389356e-01	8.099919e-01	7.922779e-01	7.908891e-01	7.923850e-01	7.865445e-01
1.437258e+01	1.347308e+01	1.273680e+01	1.226246e+01	1.192526e+01	1.120285e+01
1.054877e+01	9.950292e+00	9.404097e+00	8.905214e+00	8.449737e+00	8.033242e+00
7.650509e+00	7.294496e+00	6.955019e+00	6.622232e+00	6.288517e+00	5.940370e+00
5.550135e+00	5.056318e+00	4.347321e+00	3.844254e+00	3.162606e+00	2.429383e+00
1.436845e+00	1.120793e+00	8.439950e-01	8.099809e-01	7.859319e-01	7.843761e-01
7.849075e-01	7.814663e-01	1.432935e+01	1.343889e+01	1.271383e+01	1.225776e+01
1.193756e+01	1.124246e+01	1.061165e+01	1.003373e+01	9.505765e+00	9.023377e+00
8.583107e+00	8.181041e+00	7.812456e+00	7.470918e+00	7.146938e+00	6.831081e+00
6.515629e+00	6.186391e+00	5.813592e+00	5.329759e+00	4.614553e+00	4.099108e+00
3.394382e+00	2.622512e+00	1.538254e+00	1.183656e+00	8.553771e-01	8.106383e-01
7.795382e-01	7.777586e-01	7.771328e-01	7.768755e-01	1.430463e+01	1.341813e+01
1.269968e+01	1.225628e+01	1.194838e+01	1.127401e+01	1.066189e+01	1.010177e+01
9.590785e+00	9.124853e+00	8.700707e+00	8.314616e+00	7.962005e+00	7.636546e+00
7.328730e+00	7.029192e+00	6.730521e+00	6.418783e+00	6.063886e+00	5.596072e+00
4.888998e+00	4.370379e+00	3.650331e+00	2.840740e+00	1.650628e+00	1.249856e+00
8.663089e-01	8.116509e-01	7.765895e-01	7.748080e-01	7.722439e-01	7.727082e-01
1.429435e+01	1.340851e+01	1.269305e+01	1.225693e+01	1.195741e+01	1.129716e+01
1.069889e+01	1.015336e+01	9.657586e+00	9.207645e+00	8.800296e+00	8.431686e+00
8.096957e+00	7.789149e+00	7.497624e+00	7.212538e+00	6.927479e+00	6.630302e+00
6.293015e+00	5.848067e+00	5.168128e+00	4.660168e+00	3.937807e+00	3.093376e+00
1.776790e+00	1.318881e+00	8.762627e-01	8.140505e-01	7.756266e-01	7.739873e-01
7.695824e-01	7.689772e-01	1.427501e+01	1.339427e+01	1.268698e+01	1.225951e+01
1.197045e+01	1.132650e+01	1.074266e+01	1.021032e+01	9.726826e+00	9.288345e+00
8.891927e+00	8.534406e+00	8.211922e+00	7.918929e+00	7.646639e+00	7.385642e+00
7.126520e+00	6.850870e+00	6.528015e+00	6.099689e+00	5.445347e+00	4.949903e+00
4.229327e+00	3.357050e+00	1.922320e+00	1.401982e+00	8.907568e-01	8.189750e-01
7.746940e-01	7.720636e-01	7.676184e-01	7.659469e-01	1.425675e+01	1.338472e+01
1.268449e+01	1.226665e+01	1.198662e+01	1.135709e+01	1.078567e+01	1.026435e+01
9.790920e+00	9.361853e+00	8.974521e+00	8.626414e+00	8.314662e+00	8.035209e+00
7.781335e+00	7.544562e+00	7.313609e+00	7.065533e+00	6.765411e+00	6.356937e+00
5.722598e+00	5.236400e+00	4.520504e+00	3.629630e+00	2.088116e+00	1.501843e+00
9.119045e-01	8.281010e-01	7.736969e-01	7.694554e-01	7.656604e-01	7.634322e-01
1.425248e+01	1.338497e+01	1.268940e+01	1.227610e+01	1.200003e+01	1.137807e+01
1.081455e+01	1.030215e+01	9.838547e+00	9.420902e+00	9.046794e+00	8.713386e+00
8.417144e+00	8.152784e+00	7.911649e+00	7.685444e+00	7.468316e+00	7.247843e+00
6.993233e+00	6.625811e+00	6.005275e+00	5.520261e+00	4.811284e+00	3.911818e+00
2.268545e+00	1.616025e+00	9.394821e-01	8.400449e-01	7.728166e-01	7.681520e-01
7.626088e-01	7.611745e-01	1.423251e+01	1.337386e+01	1.268774e+01	1.228054e+01
1.200953e+01	1.139751e+01	1.084322e+01	1.033992e+01	9.885484e+00	9.477304e+00
9.113146e+00	8.790440e+00	8.505928e+00	8.254676e+00	8.028414e+00	7.819341e+00
7.622342e+00	7.425983e+00	7.200056e+00	6.864348e+00	6.276043e+00	5.806772e+00
5.110729e+00	4.203570e+00	2.467219e+00	1.745407e+00	9.716880e-01	8.554276e-01
7.731726e-01	7.667903e-01	7.602581e-01	7.591509e-01	1.421550e+01	1.336758e+01
1.268837e+01	1.228742e+01	1.202135e+01	1.141862e+01	1.087266e+01	1.037751e+01
9.931200e+00	9.531293e+00	9.175779e+00	8.862391e+00	8.588218e+00	8.348806e+00
8.136507e+00	7.944147e+00	7.767106e+00	7.594222e+00	7.395957e+00	7.092920e+00
6.542162e+00	6.092868e+00	5.414125e+00	4.504517e+00	2.683494e+00	1.890592e+00
1.009204e+00	8.741513e-01	7.740618e-01	7.661332e-01	7.585035e-01	7.575913e-01
1.420510e+01	1.336654e+01	1.269617e+01	1.230029e+01	1.203771e+01	1.144233e+01
1.090296e+01	1.041439e+01	9.974647e+00	9.581516e+00	9.233254e+00	8.927839e+00
8.662662e+00	8.433683e+00	8.233803e+00	8.056452e+00	7.897750e+00	7.747437e+00
7.577165e+00	7.308509e+00	6.798754e+00	6.371965e+00	5.714188e+00	4.808952e+00
2.917626e+00	2.054178e+00	1.054358e+00	8.978256e-01	7.765316e-01	7.659511e-01
7.572866e-01	7.564626e-01	1.418503e+01	1.335924e+01	1.269805e+01	1.230895e+01
1.205105e+01	1.146421e+01	1.093135e+01	1.044792e+01	1.001268e+01	9.623958e+00
9.280686e+00	8.981290e+00	8.723619e+00	8.504293e+00	8.317133e+00	8.156030e+00
8.016342e+00	7.885598e+00	7.735796e+00	7.498331e+00	7.039172e+00	6.641279e+00
6.005151e+00	5.108076e+00	3.170431e+00	2.234476e+00	1.106632e+00	9.257669e-01
7.798201e-01	7.666118e-01	7.562483e-01	7.552665e-01	1.415951e+01	1.334770e+01
1.269946e+01	1.231686e+01	1.206334e+01	1.148467e+01	1.095783e+01	1.047889e+01
1.004747e+01	9.662425e+00	9.323402e+00	9.029276e+00	8.778366e+00	8.567972e+00
8.392892e+00	8.247512e+00	8.126225e+00	8.013844e+00	7.882646e+00	7.675761e+00
7.270760e+00	6.905296e+00	6.294294e+00	5.410835e+00	3.441128e+00	2.431140e+00
1.165966e+00	9.581906e-01	7.841408e-01	7.677177e-01	7.553604e-01	7.541365e-01
1.413637e+01	1.334037e+01	1.270342e+01	1.232659e+01	1.207521e+01	1.150207e+01
1.097986e+01	1.050527e+01	1.007812e+01	9.697384e+00	9.362983e+00	9.074067e+00
8.829311e+00	8.626479e+00	8.461029e+00	8.327937e+00	8.221756e+00	8.127110e+00
8.017532e+00	7.842578e+00	7.488244e+00	7.155913e+00	6.579886e+00	5.721710e+00
3.721980e+00	2.639779e+00	1.234334e+00	9.975966e-01	7.900100e-01	7.681397e-01
7.546802e-01	7.532752e-01	1.411289e+01	1.333500e+01	1.271128e+01	1.233785e+01
1.208614e+01	1.151652e+01	1.099786e+01	1.052722e+01	1.010436e+01	9.728077e+00
9.398290e+00	9.114269e+00	8.874945e+00	8.678382e+00	8.520476e+00	8.396868e+00
8.302978e+00	8.224832e+00	8.138051e+00	7.995145e+00	7.688029e+00	7.388936e+00
6.855565e+00	6.033690e+00	4.010857e+00	2.861239e+00	1.315091e+00	1.047131e+00
7.987180e-01	7.683134e-01	7.542061e-01	7.526143e-01	1.407372e+01	1.332241e+01
1.271555e+01	1.234729e+01	1.209418e+01	1.152795e+01	1.101241e+01	1.054510e+01
1.012562e+01	9.752906e+00	9.426901e+00	9.147032e+00	8.912445e+00	8.721437e+00
8.570262e+00	8.455113e+00	8.372287e+00	8.309237e+00	8.243731e+00	8.131603e+00
7.870777e+00	7.603827e+00	7.110817e+00	6.328077e+00	4.310570e+00	3.102389e+00
1.405495e+00	1.101821e+00	8.091318e-01	7.699519e-01	7.545227e-01	7.520097e-01
1.401900e+01	1.330144e+01	1.271868e+01	1.235582e+01	1.210081e+01	1.153768e+01
1.102495e+01	1.056057e+01	1.014404e+01	9.774426e+00	9.451752e+00	9.175592e+00
8.945283e+00	8.759321e+00	8.614271e+00	8.506829e+00	8.434180e+00	8.385244e+00
8.340010e+00	8.257743e+00	8.042490e+00	7.807315e+00	7.354399e+00	6.613793e+00
4.622293e+00	3.363830e+00	1.506696e+00	1.162582e+00	8.214939e-01	7.745412e-01
7.553296e-01	7.514538e-01	1.396035e+01	1.327855e+01	1.271982e+01	1.236321e+01
1.210547e+01	1.154522e+01	1.103507e+01	1.057334e+01	1.015932e+01	9.792318e+00
9.472414e+00	9.199318e+00	8.972640e+00	8.791127e+00	8.651731e+00	8.551633e+00
8.488613e+00	8.452435e+00	8.425035e+00	8.370513e+00	8.200752e+00	7.997884e+00
7.584581e+00	6.883969e+00	4.935013e+00	3.645820e+00	1.620561e+00	1.229346e+00
8.354236e-01	7.808462e-01	7.555560e-01	7.509562e-01	1.389483e+01	1.325207e+01
1.272006e+01	1.236931e+01	1.210844e+01	1.155075e+01	1.104295e+01	1.058359e+01
1.017165e+01	9.806682e+00	9.488876e+00	9.218088e+00	8.994308e+00	8.816591e+00
8.682326e+00	8.589145e+00	8.535121e+00	8.510165e+00	8.497759e+00	8.468122e+00
8.343060e+00	8.172727e+00	7.797020e+00	7.130607e+00	5.240280e+00	3.951451e+00
1.751730e+00	1.303602e+00	8.517840e-01	7.919429e-01	7.552502e-01	7.505211e-01
1.383220e+01	1.322728e+01	1.272092e+01	1.237589e+01	1.211167e+01	1.155536e+01
1.104881e+01	1.059086e+01	1.018076e+01	9.818216e+00	9.503459e+00	9.236025e+00
9.015495e+00	8.840857e+00	8.710243e+00	8.622065e+00	8.574936e+00	8.559567e+00
8.561489e+00	8.556202e+00	8.469125e+00	8.324597e+00	7.990947e+00	7.384010e+00
5.566712e+00	4.243007e+00	1.892100e+00	1.393564e+00	8.731087e-01	7.998409e-01
7.576863e-01	7.501498e-01	1.377396e+01	1.320441e+01	1.272214e+01	1.238248e+01
1.211501e+01	1.155941e+01	1.105338e+01	1.059638e+01	1.018788e+01	9.827642e+00
9.515850e+00	9.251773e+00	9.034505e+00	8.862830e+00	8.735316e+00	8.650978e+00
8.609146e+00	8.601790e+00	8.616520e+00	8.632294e+00	8.578968e+00	8.460147e+00
8.171205e+00	7.627937e+00	5.887428e+00	4.536686e+00	2.048970e+00	1.498127e+00
8.995746e-01	8.078445e-01	7.614587e-01	7.498293e-01	1.372250e+01	1.318385e+01
1.272256e+01	1.238806e+01	1.211807e+01	1.156339e+01	1.105767e+01	1.060168e+01
1.019463e+01	9.836073e+00	9.525923e+00	9.263741e+00	9.049047e+00	8.880813e+00
8.757108e+00	8.676645e+00	8.639418e+00	8.638752e+00	8.663724e+00	8.694263e+00
8.674010e+00	8.589610e+00	8.345456e+00	7.835587e+00	6.158731e+00	4.872030e+00
2.238763e+00	1.607190e+00	9.280885e-01	8.257348e-01	7.589421e-01	7.495570e-01
1.368210e+01	1.316896e+01	1.272479e+01	1.239451e+01	1.212216e+01	1.156827e+01
1.106324e+01	1.060826e+01	1.020243e+01	9.845380e+00	9.536885e+00	9.276485e+00
9.063726e+00	8.897688e+00	8.776626e+00	8.699549e+00	8.666868e+00	8.672509e+00
8.706824e+00	8.752354e+00	8.759476e+00	8.699683e+00	8.497154e+00	8.041159e+00
6.450036e+00	5.186663e+00	2.444920e+00	1.734447e+00	9.627638e-01	8.429899e-01
7.612322e-01	7.494101e-01	1.364510e+01	1.315421e+01	1.272527e+01	1.239760e+01
1.212330e+01	1.157034e+01	1.106654e+01	1.061269e+01	1.020806e+01	9.852326e+00
9.545193e+00	9.286293e+00	9.075182e+00	8.911091e+00	8.792417e+00	8.718399e+00
8.689778e+00	8.701000e+00	8.743576e+00	8.802650e+00	8.834036e+00	8.795950e+00
8.632975e+00	8.232812e+00	6.736122e+00	5.499948e+00	2.668505e+00	1.875619e+00
1.002386e+00	8.626719e-01	7.644333e-01	7.492254e-01	1.361140e+01	1.313947e+01
1.272331e+01	1.239862e+01	1.212262e+01	1.157081e+01	1.106808e+01	1.061524e+01
1.021168e+01	9.857008e+00	9.550894e+00	9.293163e+00	9.083435e+00	8.921121e+00
8.804622e+00	8.733256e+00	8.708035e+00	8.723929e+00	8.773482e+00	8.844068e+00
8.896470e+00	8.877706e+00	8.751190e+00	8.403920e+00	7.005442e+00	5.809275e+00
2.909156e+00	2.031829e+00	1.048538e+00	8.867990e-01	7.681069e-01	7.490095e-01
1.358531e+01	1.313033e+01	1.272537e+01	1.240277e+01	1.212518e+01	1.157417e+01
1.107256e+01	1.062065e+01	1.021792e+01	9.863942e+00	9.558539e+00	9.301632e+00
9.093003e+00	8.932208e+00	8.817569e+00	8.748443e+00	8.726082e+00	8.745906e+00
8.801387e+00	8.881889e+00	8.952369e+00	8.950383e+00	8.856771e+00	8.559761e+00
7.262839e+00	6.113621e+00	3.167120e+00	2.206521e+00	1.102448e+00	9.160247e-01
7.730576e-01	7.490279e-01	1.356208e+01	1.312262e+01	1.272850e+01	1.240825e+01
1.212915e+01	1.157894e+01	1.107805e+01	1.062681e+01	1.022463e+01	9.871097e+00
9.566211e+00	9.309937e+00	9.102243e+00	8.942785e+00	8.829801e+00	8.762667e+00
8.742845e+00	8.766164e+00	8.826941e+00	8.916387e+00	9.003243e+00	9.016539e+00
8.953479e+00	8.704932e+00	7.513060e+00	6.416843e+00	3.442916e+00	2.399660e+00
1.163507e+00	9.497695e-01	7.790891e-01	7.490559e-01	1.353870e+01	1.311370e+01
1.272886e+01	1.241073e+01	1.213001e+01	1.158074e+01	1.108061e+01	1.063001e+01
1.022837e+01	9.875395e+00	9.571094e+00	9.315517e+00	9.108738e+00	8.950440e+00
8.838897e+00	8.773507e+00	8.755890e+00	8.782236e+00	8.847587e+00	8.944928e+00
9.046329e+00	9.072988e+00	9.036879e+00	8.833402e+00	7.749091e+00	6.711278e+00
3.731701e+00	2.612192e+00	1.232439e+00	9.885017e-01	7.861909e-01	7.489373e-01
1.351636e+01	1.310427e+01	1.272827e+01	1.241194e+01	1.213012e+01	1.158146e+01
1.108191e+01	1.063181e+01	1.023063e+01	9.878147e+00	9.574360e+00	9.319400e+00
9.113407e+00	8.956060e+00	8.845717e+00	8.781811e+00	8.766074e+00	8.795001e+00
8.864208e+00	8.968202e+00	9.082091e+00	9.120294e+00	9.107282e+00	8.944457e+00
7.967596e+00	6.991246e+00	4.030599e+00	2.846307e+00	1.312334e+00	1.034658e+00
7.951317e-01	7.485308e-01	1.349921e+01	1.309745e+01	1.272838e+01	1.241350e+01
1.213057e+01	1.158300e+01	1.108476e+01	1.063535e+01	1.023459e+01	9.882203e+00
9.578418e+00	9.323589e+00	9.117935e+00	8.961227e+00	8.851908e+00	8.789509e+00
8.775852e+00	8.807558e+00	8.880246e+00	8.988422e+00	9.112307e+00	9.162393e+00
9.168347e+00	9.040289e+00	8.173905e+00	7.251040e+00	4.334186e+00	3.097897e+00
1.404018e+00	1.087496e+00	8.057810e-01	7.486103e-01	1.348461e+01	1.309180e+01
1.272884e+01	1.241524e+01	1.213155e+01	1.158513e+01	1.108844e+01	1.063974e+01
1.023929e+01	9.886724e+00	9.582684e+00	9.327751e+00	9.122221e+00	8.965988e+00
8.857571e+00	8.796616e+00	8.785028e+00	8.819474e+00	8.895339e+00	9.006561e+00
9.139098e+00	9.200678e+00	9.223217e+00	9.126527e+00	8.371087e+00	7.499391e+00
4.646430e+00	3.368577e+00	1.507952e+00	1.147569e+00	8.182681e-01	7.488553e-01
1.347076e+01	1.308675e+01	1.272954e+01	1.241734e+01	1.213276e+01	1.158654e+01
1.108948e+01	1.064093e+01	1.024060e+01	9.888609e+00	9.585380e+00	9.331121e+00
9.126146e+00	8.970461e+00	8.862702e+00	8.802617e+00	8.792179e+00	8.828212e+00
8.906569e+00	9.022339e+00	9.163353e+00	9.232564e+00	9.269762e+00	9.202014e+00
8.545454e+00	7.741191e+00	4.967347e+00	3.648291e+00	1.622083e+00	1.216298e+00
8.330113e-01	7.489127e-01	1.345762e+01	1.308229e+01	1.273102e+01	1.242012e+01
1.213454e+01	1.158731e+01	1.108918e+01	1.064026e+01	1.024031e+01	9.889032e+00
9.586792e+00	9.333678e+00	9.129690e+00	8.974645e+00	8.867275e+00	8.807473e+00
8.797356e+00	8.834007e+00	8.914172e+00	9.035647e+00	9.184944e+00	9.257842e+00
9.307643e+00	9.266054e+00	8.693131e+00	7.973711e+00	5.293268e+00	3.931374e+00
1.748001e+00	1.297943e+00	8.517156e-01	7.487223e-01	1.344719e+01	1.307878e+01
1.273208e+01	1.242217e+01	1.213571e+01	1.158815e+01	1.108949e+01	1.064060e+01
1.024083e+01	9.890195e+00	9.588686e+00	9.336252e+00	9.132827e+00	8.978198e+00
8.871223e+00	8.811887e+00	8.802413e+00	8.840060e+00	8.922019e+00	9.047228e+00
9.203070e+00	9.280997e+00	9.341298e+00	9.321082e+00	8.830268e+00	8.183926e+00
5.613306e+00	4.228435e+00	1.898406e+00	1.389339e+00	8.730227e-01	7.487460e-01
1.343779e+01	1.307509e+01	1.273225e+01	1.242285e+01	1.213593e+01	1.158840e+01
1.108992e+01	1.064123e+01	1.024167e+01	9.891196e+00	9.589841e+00	9.337591e+00
9.134468e+00	8.980214e+00	8.873688e+00	8.814945e+00	8.806305e+00	8.845170e+00
8.928841e+00	9.056399e+00	9.217468e+00	9.300954e+00	9.369994e+00	9.367228e+00
8.954328e+00	8.371862e+00	5.924360e+00	4.536508e+00	2.076243e+00	1.491918e+00
8.978340e-01	7.488245e-01	1.342738e+01	1.306956e+01	1.272996e+01	1.242135e+01
1.213394e+01	1.158650e+01	1.108837e+01	1.063995e+01	1.024072e+01	9.890485e+00
9.589422e+00	9.337495e+00	9.134677e+00	8.980751e+00	8.874608e+00	8.816338e+00
8.808344e+00	8.848151e+00	8.933213e+00	9.062880e+00	9.228458e+00	9.316533e+00
9.393149e+00	9.405460e+00	9.061685e+00	8.541303e+00	6.226848e+00	4.848958e+00
2.273706e+00	1.608960e+00	9.274103e-01	7.486353e-01	1.342118e+01	1.306762e+01
1.273078e+01	1.242282e+01	1.213496e+01	1.158796e+01	1.108991e+01	1.064146e+01
1.024232e+01	9.892170e+00	9.591292e+00	9.339729e+00	9.137135e+00	8.983558e+00
8.877865e+00	8.819808e+00	8.812142e+00	8.852533e+00	8.938694e+00	9.070611e+00
9.240358e+00	9.331805e+00	9.415199e+00	9.441338e+00	9.158598e+00	8.697015e+00
6.522744e+00	5.165444e+00	2.486807e+00	1.759309e+00	9.624198e-01	7.487072e-01
1.341477e+01	1.306489e+01	1.273075e+01	1.242316e+01	1.213514e+01	1.158857e+01
1.109160e+01	1.064356e+01	1.024449e+01	9.894177e+00	9.592930e+00	9.340746e+00
9.138110e+00	8.984595e+00	8.879071e+00	8.821855e+00	8.815181e+00	8.856574e+00
8.943703e+00	9.076186e+00	9.248537e+00	9.344594e+00	9.434905e+00	9.473745e+00
9.247119e+00	8.835651e+00	6.805308e+00	5.487314e+00	2.717136e+00	1.922779e+00
1.002469e+00	7.487266e-01	1.340723e+01	1.305950e+01	1.272697e+01	1.242014e+01
1.213241e+01	1.158806e+01	1.109282e+01	1.064588e+01	1.024674e+01	9.895856e+00
9.593709e+00	9.340756e+00	9.137437e+00	8.983863e+00	8.878883e+00	8.822508e+00
8.817048e+00	8.859862e+00	8.947890e+00	9.079492e+00	9.253168e+00	9.354607e+00
9.451966e+00	9.502320e+00	9.327024e+00	8.955430e+00	7.068838e+00	5.812012e+00
2.965302e+00	2.092232e+00	1.048806e+00	7.486036e-01	