1.388593e-01	1.431092e-01	1.473859e-01	1.516966e-01	1.560342e-01	1.647972e-01
1.736526e-01	1.826709e-01	1.919712e-01	2.017779e-01	2.124841e-01	2.244577e-01
2.383355e-01	2.551733e-01	2.767887e-01	3.044402e-01	3.359830e-01	3.627092e-01
3.739767e-01	3.703976e-01	3.684764e-01	3.806697e-01	4.072236e-01	4.349407e-01
4.166001e-01	3.976668e-01	4.045181e-01	4.086113e-01	4.077289e-01	4.066741e-01
4.088242e-01	4.073365e-01	1.581280e-01	1.628456e-01	1.675921e-01	1.723768e-01
1.771926e-01	1.869261e-01	1.967704e-01	2.068011e-01	2.171449e-01	2.280400e-01
2.399015e-01	2.531160e-01	2.683505e-01	2.867075e-01	3.100767e-01	3.397288e-01
3.733469e-01	4.018132e-01	4.140885e-01	4.108139e-01	4.090955e-01	4.218268e-01
4.493059e-01	4.778202e-01	4.591162e-01	4.396993e-01	4.467460e-01	4.509419e-01
4.500285e-01	4.489483e-01	4.511648e-01	4.496377e-01	1.800704e-01	1.853038e-01
1.905685e-01	1.958762e-01	2.012202e-01	2.120266e-01	2.229657e-01	2.341188e-01
2.456197e-01	2.577202e-01	2.708567e-01	2.854335e-01	3.021455e-01	3.221387e-01
3.473681e-01	3.791077e-01	4.148659e-01	4.451329e-01	4.585026e-01	4.556403e-01
4.541922e-01	4.674337e-01	4.957370e-01	5.249272e-01	5.059714e-01	4.861745e-01
4.933821e-01	4.976578e-01	4.967165e-01	4.956170e-01	4.978905e-01	4.963319e-01
2.050577e-01	2.108593e-01	2.166949e-01	2.225792e-01	2.285059e-01	2.404975e-01
2.526484e-01	2.650450e-01	2.778285e-01	2.912634e-01	3.058061e-01	3.218771e-01
3.401965e-01	3.619484e-01	3.891444e-01	4.230512e-01	4.610022e-01	4.931231e-01
5.076804e-01	5.053579e-01	5.042603e-01	5.179715e-01	5.469663e-01	5.766782e-01
5.576083e-01	5.375620e-01	5.448866e-01	5.492133e-01	5.482480e-01	5.471369e-01
5.494554e-01	5.478752e-01	2.335123e-01	2.399391e-01	2.464032e-01	2.529225e-01
2.594916e-01	2.727915e-01	2.862827e-01	3.000565e-01	3.142609e-01	3.291724e-01
3.452651e-01	3.629738e-01	3.830395e-01	4.066778e-01	4.359449e-01	4.720883e-01
5.122693e-01	5.462870e-01	5.621329e-01	5.605006e-01	5.598475e-01	5.739734e-01
6.034896e-01	6.335313e-01	6.145151e-01	5.943811e-01	6.017677e-01	6.061098e-01
6.051257e-01	6.040124e-01	6.063608e-01	6.047712e-01	2.659154e-01	2.730294e-01
2.801844e-01	2.874024e-01	2.946790e-01	3.094220e-01	3.243945e-01	3.396929e-01
3.554708e-01	3.720153e-01	3.898156e-01	4.093177e-01	4.312780e-01	4.569348e-01
4.883738e-01	5.268094e-01	5.692376e-01	6.051827e-01	6.224258e-01	6.216602e-01
6.215625e-01	6.360301e-01	6.658540e-01	6.959893e-01	6.772294e-01	6.572058e-01
6.645866e-01	6.689005e-01	6.679041e-01	6.668001e-01	6.691597e-01	6.675757e-01
3.028148e-01	3.106832e-01	3.185969e-01	3.265827e-01	3.346378e-01	3.509712e-01
3.675801e-01	3.845651e-01	4.020847e-01	4.204344e-01	4.401146e-01	4.615787e-01
4.855914e-01	5.134026e-01	5.471082e-01	5.878735e-01	6.325412e-01	6.704279e-01
6.891857e-01	6.894932e-01	6.900806e-01	7.047962e-01	7.346631e-01	7.646050e-01
7.463441e-01	7.266709e-01	7.339632e-01	7.381960e-01	7.371954e-01	7.361147e-01
7.384625e-01	7.369024e-01	3.448346e-01	3.535299e-01	3.622757e-01	3.711044e-01
3.800151e-01	3.980996e-01	4.165148e-01	4.353648e-01	4.548112e-01	4.751554e-01
4.969038e-01	5.205122e-01	5.467449e-01	5.768487e-01	6.129062e-01	6.560156e-01
7.028847e-01	7.427072e-01	7.631060e-01	7.647280e-01	7.661519e-01	7.809971e-01
8.105829e-01	8.399852e-01	8.225123e-01	8.034784e-01	8.105821e-01	8.146704e-01
8.136752e-01	8.126346e-01	8.149427e-01	8.134285e-01	3.926852e-01	4.022856e-01
4.119426e-01	4.216956e-01	4.315456e-01	4.515565e-01	4.719640e-01	4.928749e-01
5.144518e-01	5.369986e-01	5.610206e-01	5.869703e-01	6.155997e-01	6.481354e-01
6.866174e-01	7.320562e-01	7.810509e-01	8.227790e-01	8.449548e-01	8.481721e-01
8.506089e-01	8.654367e-01	8.943483e-01	9.227969e-01	9.064538e-01	8.884042e-01
8.951993e-01	8.990672e-01	8.980895e-01	8.971088e-01	8.993437e-01	8.979018e-01
4.471757e-01	4.577652e-01	4.684188e-01	4.791836e-01	4.900638e-01	5.121915e-01
5.347950e-01	5.579819e-01	5.819133e-01	6.068909e-01	6.334107e-01	6.619137e-01
6.931259e-01	7.282316e-01	7.691935e-01	8.169110e-01	8.679098e-01	9.114834e-01
9.355825e-01	9.407212e-01	9.443760e-01	9.590057e-01	9.867699e-01	1.013773e+00
9.989620e-01	9.823065e-01	9.886498e-01	9.922071e-01	9.912612e-01	9.903642e-01
9.924859e-01	9.911475e-01	5.092275e-01	5.208961e-01	5.326377e-01	5.445088e-01
5.565171e-01	5.809686e-01	6.059904e-01	6.316892e-01	6.582212e-01	6.858799e-01
7.151414e-01	7.464257e-01	7.804154e-01	8.182261e-01	8.617007e-01	9.116015e-01
9.644280e-01	1.009751e+00	1.035931e+00	1.043369e+00	1.048480e+00	1.062691e+00
1.088742e+00	1.113718e+00	1.100911e+00	1.086134e+00	1.091856e+00	1.094996e+00
1.094099e+00	1.093314e+00	1.095275e+00	1.094077e+00	5.798899e-01	5.927335e-01
6.056609e-01	6.187394e-01	6.319815e-01	6.589810e-01	6.866639e-01	7.151331e-01
7.445355e-01	7.751496e-01	8.074181e-01	8.417280e-01	8.786978e-01	9.193421e-01
9.653332e-01	1.017268e+00	1.071680e+00	1.118613e+00	1.147042e+00	1.157217e+00
1.164059e+00	1.177587e+00	1.201253e+00	1.223516e+00	1.213265e+00	1.200936e+00
1.205835e+00	1.208434e+00	1.207606e+00	1.206965e+00	1.208709e+00	1.207695e+00
6.603576e-01	6.744781e-01	6.886953e-01	7.030896e-01	7.176790e-01	7.474690e-01
7.780772e-01	8.095996e-01	8.421685e-01	8.760380e-01	9.116014e-01	9.491984e-01
9.893575e-01	1.032954e+00	1.081429e+00	1.135182e+00	1.190859e+00	1.239212e+00
1.270071e+00	1.283488e+00	1.292380e+00	1.304905e+00	1.325390e+00	1.344139e+00
1.337084e+00	1.327872e+00	1.331713e+00	1.333623e+00	1.332888e+00	1.332430e+00
1.333891e+00	1.333112e+00	7.519914e-01	7.674961e-01	7.831135e-01	7.989389e-01
8.149972e-01	8.478392e-01	8.816600e-01	9.165448e-01	9.526044e-01	9.900575e-01
1.029228e+00	1.070390e+00	1.113953e+00	1.160606e+00	1.211487e+00	1.266765e+00
1.323292e+00	1.372812e+00	1.406295e+00	1.423537e+00	1.434845e+00	1.445988e+00
1.462355e+00	1.476654e+00	1.473541e+00	1.468225e+00	1.470731e+00	1.471781e+00
1.471168e+00	1.470937e+00	1.472038e+00	1.471553e+00	8.563406e-01	8.733424e-01
8.904762e-01	9.078550e-01	9.255118e-01	9.616871e-01	9.990324e-01	1.037617e+00
1.077522e+00	1.118917e+00	1.162032e+00	1.207056e+00	1.254240e+00	1.304033e+00
1.357187e+00	1.413599e+00	1.470452e+00	1.520816e+00	1.557131e+00	1.578868e+00
1.593016e+00	1.602325e+00	1.613474e+00	1.622233e+00	1.623923e+00	1.623413e+00
1.624262e+00	1.624252e+00	1.623793e+00	1.623843e+00	1.624492e+00	1.624372e+00
9.754001e-01	9.940080e-01	1.012776e+00	1.031841e+00	1.051248e+00	1.091103e+00
1.132388e+00	1.175150e+00	1.219423e+00	1.265309e+00	1.312896e+00	1.362250e+00
1.413394e+00	1.466433e+00	1.521563e+00	1.578341e+00	1.634537e+00	1.685245e+00
1.725063e+00	1.752971e+00	1.771059e+00	1.777610e+00	1.781167e+00	1.781987e+00
1.790114e+00	1.796306e+00	1.794941e+00	1.793461e+00	1.793187e+00	1.793624e+00
1.793665e+00	1.794055e+00	1.110821e+00	1.131161e+00	1.151692e+00	1.172576e+00
1.193870e+00	1.237702e+00	1.283249e+00	1.330526e+00	1.379514e+00	1.430226e+00
1.482584e+00	1.536508e+00	1.591757e+00	1.648033e+00	1.704903e+00	1.761559e+00
1.816478e+00	1.867073e+00	1.910364e+00	1.944794e+00	1.967023e+00	1.970414e+00
1.965517e+00	1.957615e+00	1.972941e+00	1.986560e+00	1.982651e+00	1.979538e+00
1.979499e+00	1.980366e+00	1.979707e+00	1.980662e+00	1.264258e+00	1.286407e+00
1.308765e+00	1.331509e+00	1.354705e+00	1.402500e+00	1.452207e+00	1.503804e+00
1.557239e+00	1.612421e+00	1.669153e+00	1.727238e+00	1.786259e+00	1.845646e+00
1.904572e+00	1.961953e+00	2.016537e+00	2.066873e+00	2.111207e+00	2.147888e+00
2.171321e+00	2.172989e+00	2.163969e+00	2.152064e+00	2.172565e+00	2.190448e+00
2.184331e+00	2.180216e+00	2.180536e+00	2.181682e+00	2.180431e+00	2.181709e+00
1.436917e+00	1.461111e+00	1.485496e+00	1.510243e+00	1.535421e+00	1.587216e+00
1.640901e+00	1.696421e+00	1.753724e+00	1.812633e+00	1.872929e+00	1.934352e+00
1.996439e+00	2.058532e+00	2.119750e+00	2.178888e+00	2.234416e+00	2.284463e+00
2.326964e+00	2.360929e+00	2.382354e+00	2.384071e+00	2.376355e+00	2.366653e+00
2.389072e+00	2.406863e+00	2.399296e+00	2.395090e+00	2.395874e+00	2.397057e+00
2.395429e+00	2.396692e+00	1.623635e+00	1.651687e+00	1.679777e+00	1.707963e+00
1.736334e+00	1.793878e+00	1.852343e+00	1.911651e+00	1.971770e+00	2.032670e+00
2.094403e+00	2.156778e+00	2.219433e+00	2.281866e+00	2.343584e+00	2.403650e+00
2.460250e+00	2.510608e+00	2.551858e+00	2.583709e+00	2.603889e+00	2.606664e+00
2.603182e+00	2.598577e+00	2.617291e+00	2.630580e+00	2.624543e+00	2.621612e+00
2.622537e+00	2.623220e+00	2.621857e+00	2.622721e+00	1.827852e+00	1.861323e+00
1.894576e+00	1.927451e+00	1.960057e+00	2.024835e+00	2.088681e+00	2.151508e+00
2.213356e+00	2.274589e+00	2.335823e+00	2.397066e+00	2.458191e+00	2.519043e+00
2.579845e+00	2.640184e+00	2.697882e+00	2.748782e+00	2.788751e+00	2.818307e+00
2.837420e+00	2.842181e+00	2.845689e+00	2.849090e+00	2.859633e+00	2.864827e+00
2.862443e+00	2.861866e+00	2.862730e+00	2.862490e+00	2.861869e+00	2.862018e+00
2.053091e+00	2.091980e+00	2.130355e+00	2.167822e+00	2.204507e+00	2.276053e+00
2.344646e+00	2.410218e+00	2.472994e+00	2.533842e+00	2.594087e+00	2.653933e+00
2.713360e+00	2.772334e+00	2.831324e+00	2.890123e+00	2.946487e+00	2.995973e+00
3.034277e+00	3.062252e+00	3.081037e+00	3.087435e+00	3.095797e+00	3.104659e+00
3.110818e+00	3.110962e+00	3.110304e+00	3.111333e+00	3.112394e+00	3.111349e+00
3.111110e+00	3.110776e+00	2.299713e+00	2.343506e+00	2.386463e+00	2.427958e+00
2.468131e+00	2.545207e+00	2.617322e+00	2.684466e+00	2.747200e+00	2.807004e+00
2.866048e+00	2.924685e+00	2.982764e+00	3.039963e+00	3.096188e+00	3.150912e+00
3.202400e+00	3.247723e+00	3.284065e+00	3.311815e+00	3.331513e+00	3.338856e+00
3.348309e+00	3.358275e+00	3.366360e+00	3.366770e+00	3.364561e+00	3.365868e+00
3.367533e+00	3.365933e+00	3.365468e+00	3.365063e+00	2.566767e+00	2.615610e+00
2.663244e+00	2.708752e+00	2.752308e+00	2.834467e+00	2.909306e+00	2.976929e+00
3.038270e+00	3.095536e+00	3.151834e+00	3.207710e+00	3.262904e+00	3.316842e+00
3.368943e+00	3.418432e+00	3.464108e+00	3.504490e+00	3.538158e+00	3.565183e+00
3.585704e+00	3.594143e+00	3.604949e+00	3.616204e+00	3.625940e+00	3.626465e+00
3.622884e+00	3.624477e+00	3.626692e+00	3.624577e+00	3.623923e+00	3.623417e+00
2.852664e+00	2.906654e+00	2.958999e+00	3.008431e+00	3.055167e+00	3.141718e+00
3.218181e+00	3.284835e+00	3.343053e+00	3.395907e+00	3.447576e+00	3.498843e+00
3.549384e+00	3.598446e+00	3.645078e+00	3.688332e+00	3.727505e+00	3.762340e+00
3.792587e+00	3.818201e+00	3.839229e+00	3.848834e+00	3.861266e+00	3.874050e+00
3.884865e+00	3.885188e+00	3.880663e+00	3.882557e+00	3.885192e+00	3.882646e+00
3.881878e+00	3.881263e+00	3.156674e+00	3.214556e+00	3.270383e+00	3.322590e+00
3.371438e+00	3.460555e+00	3.537266e+00	3.601946e+00	3.656251e+00	3.703823e+00
3.749545e+00	3.794388e+00	3.838048e+00	3.879818e+00	3.918799e+00	3.954271e+00
3.986017e+00	4.014707e+00	4.041015e+00	4.065000e+00	4.086841e+00	4.097754e+00
4.111328e+00	4.124665e+00	4.136214e+00	4.136676e+00	4.131647e+00	4.133621e+00
4.136457e+00	4.133748e+00	4.132907e+00	4.132263e+00	3.497397e+00	3.547501e+00
3.596324e+00	3.642846e+00	3.687334e+00	3.771409e+00	3.847704e+00	3.915723e+00
3.975391e+00	4.027287e+00	4.072372e+00	4.110546e+00	4.141947e+00	4.167360e+00
4.189050e+00	4.209374e+00	4.229167e+00	4.250015e+00	4.273515e+00	4.300110e+00
4.329737e+00	4.344647e+00	4.356800e+00	4.364082e+00	4.376198e+00	4.379731e+00
4.374214e+00	4.375263e+00	4.378095e+00	4.376019e+00	4.375099e+00	4.374350e+00
3.837541e+00	3.886937e+00	3.934900e+00	3.980412e+00	4.023836e+00	4.105882e+00
4.180085e+00	4.245489e+00	4.301240e+00	4.346861e+00	4.382411e+00	4.408087e+00
4.425053e+00	4.435811e+00	4.445391e+00	4.458135e+00	4.473840e+00	4.490698e+00
4.507848e+00	4.529319e+00	4.558778e+00	4.574655e+00	4.586780e+00	4.592883e+00
4.604605e+00	4.608457e+00	4.604134e+00	4.604649e+00	4.607055e+00	4.605864e+00
4.604479e+00	4.604082e+00	4.161483e+00	4.221603e+00	4.279004e+00	4.331586e+00
4.379768e+00	4.465194e+00	4.534383e+00	4.587135e+00	4.624399e+00	4.648735e+00
4.663932e+00	4.671651e+00	4.673931e+00	4.674401e+00	4.679480e+00	4.693837e+00
4.714344e+00	4.731481e+00	4.738320e+00	4.745709e+00	4.765076e+00	4.778034e+00
4.791562e+00	4.802260e+00	4.812358e+00	4.813348e+00	4.812029e+00	4.812608e+00
4.814118e+00	4.813848e+00	4.811829e+00	4.812218e+00	4.526234e+00	4.579649e+00
4.630417e+00	4.676645e+00	4.718856e+00	4.793712e+00	4.854173e+00	4.899842e+00
4.931022e+00	4.948985e+00	4.955753e+00	4.952390e+00	4.941097e+00	4.925929e+00
4.914103e+00	4.911271e+00	4.915856e+00	4.922276e+00	4.927001e+00	4.937064e+00
4.958918e+00	4.971843e+00	4.981116e+00	4.984575e+00	4.992694e+00	4.996927e+00
4.997008e+00	4.996897e+00	4.997530e+00	4.997537e+00	4.996965e+00	4.997162e+00
4.913268e+00	4.954066e+00	4.992959e+00	5.028470e+00	5.061146e+00	5.120297e+00
5.169242e+00	5.206986e+00	5.232706e+00	5.245711e+00	5.245409e+00	5.231881e+00
5.207195e+00	5.175349e+00	5.143780e+00	5.119251e+00	5.103267e+00	5.096507e+00
5.099968e+00	5.114921e+00	5.140576e+00	5.153504e+00	5.156902e+00	5.150663e+00
5.156334e+00	5.164643e+00	5.166262e+00	5.165215e+00	5.164787e+00	5.165166e+00
5.166443e+00	5.166301e+00	5.279007e+00	5.320696e+00	5.359348e+00	5.392791e+00
5.421822e+00	5.470088e+00	5.503542e+00	5.521886e+00	5.525435e+00	5.515623e+00
5.495034e+00	5.465009e+00	5.427756e+00	5.386538e+00	5.347006e+00	5.314266e+00
5.289648e+00	5.274128e+00	5.268923e+00	5.274972e+00	5.292228e+00	5.301648e+00
5.301556e+00	5.292483e+00	5.294677e+00	5.302114e+00	5.307899e+00	5.305914e+00
5.303736e+00	5.305823e+00	5.307570e+00	5.307827e+00	5.622994e+00	5.675529e+00
5.722886e+00	5.761047e+00	5.791022e+00	5.831608e+00	5.845075e+00	5.833556e+00
5.801511e+00	5.756433e+00	5.707645e+00	5.658008e+00	5.609173e+00	5.563087e+00
5.522818e+00	5.490605e+00	5.465653e+00	5.444451e+00	5.424903e+00	5.412863e+00
5.414773e+00	5.418834e+00	5.416319e+00	5.407735e+00	5.405807e+00	5.409929e+00
5.420959e+00	5.418045e+00	5.413835e+00	5.418253e+00	5.419744e+00	5.420761e+00
5.989167e+00	6.038482e+00	6.081434e+00	6.113361e+00	6.135570e+00	6.157433e+00
6.148493e+00	6.112096e+00	6.054235e+00	5.984375e+00	5.913965e+00	5.846570e+00
5.783605e+00	5.726422e+00	5.677116e+00	5.636752e+00	5.603836e+00	5.573389e+00
5.542426e+00	5.518617e+00	5.510502e+00	5.509964e+00	5.501896e+00	5.487802e+00
5.480721e+00	5.484236e+00	5.498954e+00	5.494773e+00	5.488677e+00	5.495002e+00
5.496960e+00	5.498448e+00	6.372228e+00	6.409600e+00	6.440460e+00	6.459963e+00
6.469589e+00	6.466575e+00	6.433242e+00	6.373316e+00	6.293212e+00	6.202721e+00
6.113310e+00	6.028728e+00	5.950270e+00	5.879167e+00	5.817479e+00	5.765884e+00
5.722658e+00	5.682125e+00	5.640888e+00	5.607418e+00	5.591029e+00	5.586221e+00
5.572044e+00	5.551461e+00	5.539486e+00	5.542995e+00	5.560714e+00	5.555319e+00
5.547554e+00	5.555512e+00	5.558033e+00	5.559891e+00	6.756631e+00	6.780391e+00
6.797431e+00	6.802725e+00	6.797966e+00	6.766524e+00	6.705400e+00	6.618812e+00
6.513696e+00	6.400352e+00	6.290459e+00	6.187879e+00	6.093732e+00	6.008791e+00
5.934603e+00	5.871111e+00	5.816320e+00	5.764165e+00	5.710970e+00	5.665111e+00
5.634944e+00	5.622598e+00	5.599999e+00	5.572139e+00	5.554047e+00	5.557505e+00
5.575898e+00	5.570175e+00	5.561975e+00	5.570348e+00	5.573022e+00	5.574976e+00
7.134372e+00	7.143281e+00	7.145153e+00	7.134763e+00	7.114081e+00	7.051106e+00
6.959178e+00	6.843180e+00	6.710711e+00	6.572828e+00	6.441676e+00	6.321123e+00
6.212013e+00	6.114299e+00	6.028581e+00	5.953827e+00	5.887856e+00	5.824559e+00
5.760287e+00	5.702844e+00	5.657904e+00	5.638279e+00	5.608819e+00	5.575993e+00
5.553002e+00	5.555125e+00	5.572270e+00	5.566521e+00	5.558339e+00	5.566591e+00
5.569181e+00	5.571182e+00	7.512940e+00	7.504746e+00	7.489280e+00	7.461185e+00
7.422716e+00	7.324946e+00	7.199514e+00	7.051989e+00	6.890583e+00	6.726890e+00
6.573603e+00	6.434382e+00	6.309695e+00	6.198601e+00	6.100488e+00	6.013394e+00
5.935255e+00	5.857886e+00	5.778367e+00	5.706748e+00	5.654999e+00	5.631941e+00
5.599905e+00	5.565885e+00	5.540047e+00	5.539791e+00	5.553564e+00	5.548218e+00
5.540706e+00	5.548100e+00	5.550396e+00	5.552251e+00	7.889907e+00	7.862019e+00
7.826827e+00	7.778986e+00	7.721008e+00	7.585729e+00	7.424825e+00	7.244231e+00
7.052654e+00	6.862105e+00	6.685933e+00	6.527498e+00	6.386745e+00	6.261837e+00
6.150772e+00	6.049650e+00	5.956609e+00	5.868971e+00	5.781663e+00	5.699401e+00
5.629137e+00	5.597542e+00	5.560089e+00	5.524701e+00	5.495647e+00	5.492593e+00
5.499056e+00	5.495363e+00	5.490312e+00	5.494976e+00	5.496508e+00	5.497644e+00
8.260999e+00	8.213135e+00	8.157510e+00	8.088520e+00	8.009126e+00	7.831888e+00
7.631398e+00	7.415520e+00	7.193322e+00	6.976396e+00	6.777681e+00	6.600062e+00
6.442507e+00	6.302374e+00	6.176121e+00	6.063122e+00	5.958701e+00	5.856748e+00
5.755647e+00	5.659791e+00	5.574752e+00	5.536160e+00	5.495851e+00	5.462134e+00
5.431586e+00	5.424811e+00	5.421196e+00	5.419784e+00	5.418251e+00	5.419271e+00
5.419372e+00	5.419717e+00	8.608144e+00	8.561723e+00	8.501484e+00	8.416088e+00
8.310729e+00	8.068558e+00	7.804129e+00	7.544610e+00	7.296540e+00	7.064401e+00
6.853653e+00	6.663928e+00	6.485532e+00	6.323193e+00	6.174573e+00	6.046545e+00
5.926568e+00	5.810877e+00	5.700035e+00	5.593906e+00	5.493334e+00	5.446705e+00
5.403322e+00	5.372226e+00	5.340602e+00	5.329021e+00	5.316454e+00	5.316056e+00
5.318025e+00	5.317890e+00	5.313138e+00	5.314064e+00	8.965295e+00	8.894938e+00
8.809024e+00	8.697541e+00	8.567017e+00	8.278518e+00	7.972152e+00	7.675750e+00
7.396258e+00	7.136059e+00	6.896612e+00	6.681442e+00	6.494089e+00	6.323141e+00
6.164580e+00	6.012913e+00	5.872836e+00	5.742792e+00	5.620980e+00	5.503216e+00
5.387534e+00	5.333665e+00	5.287090e+00	5.257378e+00	5.224122e+00	5.208731e+00
5.187222e+00	5.188556e+00	5.193723e+00	5.190930e+00	5.183982e+00	5.184508e+00
9.335611e+00	9.203849e+00	9.066167e+00	8.918524e+00	8.764330e+00	8.449362e+00
8.126113e+00	7.801344e+00	7.483616e+00	7.183889e+00	6.913715e+00	6.675014e+00
6.464295e+00	6.276378e+00	6.103773e+00	5.941609e+00	5.788795e+00	5.644292e+00
5.506780e+00	5.373448e+00	5.244337e+00	5.185211e+00	5.134827e+00	5.102914e+00
5.066331e+00	5.049979e+00	5.020617e+00	5.025087e+00	5.032328e+00	5.023677e+00
5.020987e+00	5.018937e+00	9.697649e+00	9.511802e+00	9.324403e+00	9.134758e+00
8.945327e+00	8.574060e+00	8.209900e+00	7.853676e+00	7.505597e+00	7.182626e+00
6.903129e+00	6.649291e+00	6.415625e+00	6.206628e+00	6.014089e+00	5.833603e+00
5.664992e+00	5.507348e+00	5.359108e+00	5.214435e+00	5.070210e+00	5.002611e+00
4.945147e+00	4.909071e+00	4.867515e+00	4.850329e+00	4.821396e+00	4.825297e+00
4.831817e+00	4.823743e+00	4.821602e+00	4.819383e+00	1.004764e+01	9.809749e+00
9.573325e+00	9.340010e+00	9.112157e+00	8.678343e+00	8.271024e+00	7.886670e+00
7.518230e+00	7.178987e+00	6.876483e+00	6.599234e+00	6.344762e+00	6.111797e+00
5.896087e+00	5.695588e+00	5.511222e+00	5.342020e+00	5.185684e+00	5.031899e+00
4.872867e+00	4.795970e+00	4.729838e+00	4.687811e+00	4.640035e+00	4.622641e+00
4.599582e+00	4.601014e+00	4.604894e+00	4.600701e+00	4.597940e+00	4.596728e+00
1.034939e+01	1.006618e+01	9.787311e+00	9.516400e+00	9.255311e+00	8.765171e+00
8.309383e+00	7.888028e+00	7.508521e+00	7.156046e+00	6.825992e+00	6.524110e+00
6.248143e+00	5.995142e+00	5.761024e+00	5.543445e+00	5.343593e+00	5.160561e+00
4.991897e+00	4.826042e+00	4.653889e+00	4.569788e+00	4.495447e+00	4.445704e+00
4.390209e+00	4.373535e+00	4.358165e+00	4.357628e+00	4.358108e+00	4.356968e+00
4.355544e+00	4.355119e+00	1.060280e+01	1.028263e+01	9.968676e+00	9.665879e+00
9.375685e+00	8.833417e+00	8.332359e+00	7.870318e+00	7.450570e+00	7.065453e+00
6.714287e+00	6.395391e+00	6.105645e+00	5.840900e+00	5.595009e+00	5.364076e+00
5.149345e+00	4.950261e+00	4.764733e+00	4.583972e+00	4.401466e+00	4.312640e+00
4.230344e+00	4.170527e+00	4.105709e+00	4.090823e+00	4.085750e+00	4.083414e+00
4.079480e+00	4.081111e+00	4.082690e+00	4.083047e+00	1.079729e+01	1.046495e+01
1.013611e+01	9.811595e+00	9.493436e+00	8.877416e+00	8.320927e+00	7.823202e+00
7.368405e+00	6.961947e+00	6.597267e+00	6.267162e+00	5.963150e+00	5.679419e+00
5.414311e+00	5.167079e+00	4.937628e+00	4.723022e+00	4.519791e+00	4.325158e+00
4.136350e+00	4.044363e+00	3.955524e+00	3.887502e+00	3.817479e+00	3.803008e+00
3.800534e+00	3.797301e+00	3.792011e+00	3.794550e+00	3.797126e+00	3.797626e+00
1.096294e+01	1.062728e+01	1.029097e+01	9.948394e+00	9.602667e+00	8.911183e+00
8.284554e+00	7.736898e+00	7.258017e+00	6.839518e+00	6.468567e+00	6.132143e+00
5.814777e+00	5.509162e+00	5.221714e+00	4.957366e+00	4.713848e+00	4.484498e+00
4.263740e+00	4.056525e+00	3.864364e+00	3.770592e+00	3.676685e+00	3.602198e+00
3.529739e+00	3.514855e+00	3.510136e+00	3.506709e+00	3.502027e+00	3.504182e+00
3.506520e+00	3.506757e+00	1.115144e+01	1.077869e+01	1.040062e+01	1.001812e+01
9.638106e+00	8.916857e+00	8.250142e+00	7.667823e+00	7.163778e+00	6.724241e+00
6.336009e+00	5.984923e+00	5.653355e+00	5.333226e+00	5.031633e+00	4.753065e+00
4.494922e+00	4.251352e+00	4.017634e+00	3.799774e+00	3.600395e+00	3.503939e+00
3.406829e+00	3.329479e+00	3.255553e+00	3.239374e+00	3.230572e+00	3.227653e+00
3.224267e+00	3.225418e+00	3.226956e+00	3.226935e+00	1.137794e+01	1.091747e+01
1.046938e+01	1.004429e+01	9.641911e+00	8.891750e+00	8.218712e+00	7.619481e+00
7.089088e+00	6.617636e+00	6.196016e+00	5.816153e+00	5.468938e+00	5.146436e+00
4.842431e+00	4.552997e+00	4.278649e+00	4.020720e+00	3.779302e+00	3.552616e+00
3.340543e+00	3.240038e+00	3.141953e+00	3.066145e+00	2.991841e+00	2.973151e+00
2.957580e+00	2.956106e+00	2.955003e+00	2.954279e+00	2.954226e+00	2.953918e+00
1.155807e+01	1.104226e+01	1.054666e+01	1.008691e+01	9.658772e+00	8.878318e+00
8.182333e+00	7.561612e+00	7.008404e+00	6.513796e+00	6.069033e+00	5.667832e+00
5.304257e+00	4.971058e+00	4.658167e+00	4.358817e+00	4.074038e+00	3.806559e+00
3.557676e+00	3.323064e+00	3.101913e+00	2.997805e+00	2.897581e+00	2.821249e+00
2.745813e+00	2.725890e+00	2.707256e+00	2.706408e+00	2.706272e+00	2.704661e+00
2.703973e+00	2.703763e+00	1.170360e+01	1.115407e+01	1.062839e+01	1.014433e+01
9.695557e+00	8.873138e+00	8.145571e+00	7.500748e+00	6.928728e+00	6.417976e+00
5.957352e+00	5.539966e+00	5.159996e+00	4.810999e+00	4.485070e+00	4.176744e+00
3.885698e+00	3.612085e+00	3.356044e+00	3.114491e+00	2.887030e+00	2.779672e+00
2.676176e+00	2.597277e+00	2.519858e+00	2.499752e+00	2.481283e+00	2.480298e+00
2.479946e+00	2.478448e+00	2.477840e+00	2.478017e+00	1.183791e+01	1.125556e+01
1.070092e+01	1.019427e+01	9.727265e+00	8.871608e+00	8.119749e+00	7.455326e+00
6.866767e+00	6.340718e+00	5.864728e+00	5.431869e+00	5.036893e+00	4.674207e+00
4.337139e+00	4.020832e+00	3.723888e+00	3.444687e+00	3.182242e+00	2.934787e+00
2.701659e+00	2.591088e+00	2.483575e+00	2.400794e+00	2.320547e+00	2.300608e+00
2.283914e+00	2.282326e+00	2.281095e+00	2.280443e+00	2.280095e+00	2.280666e+00
1.196007e+01	1.134851e+01	1.076844e+01	1.024280e+01	9.760692e+00	8.878262e+00
8.104511e+00	7.421603e+00	6.820137e+00	6.281568e+00	5.792772e+00	5.347020e+00
4.939541e+00	4.565360e+00	4.218768e+00	3.895274e+00	3.592671e+00	3.308092e+00
3.039572e+00	2.786397e+00	2.547181e+00	2.433050e+00	2.321399e+00	2.234821e+00
2.151255e+00	2.131155e+00	2.115757e+00	2.113623e+00	2.111639e+00	2.111731e+00
2.111604e+00	2.112160e+00	1.207205e+01	1.143492e+01	1.083290e+01	1.029132e+01
9.796703e+00	8.890959e+00	8.101663e+00	7.411018e+00	6.797289e+00	6.248173e+00
5.749293e+00	5.293745e+00	4.876773e+00	4.493455e+00	4.138221e+00	3.806707e+00
3.497244e+00	3.206448e+00	2.931500e+00	2.671419e+00	2.424240e+00	2.305531e+00
2.189334e+00	2.099064e+00	2.011371e+00	1.990357e+00	1.974759e+00	1.972370e+00
1.970097e+00	1.970444e+00	1.970401e+00	1.970493e+00	1.217106e+01	1.151323e+01
1.089383e+01	1.034026e+01	9.836755e+00	8.915052e+00	8.112377e+00	7.410138e+00
6.789792e+00	6.234439e+00	5.729618e+00	5.268357e+00	4.845790e+00	4.456806e+00
4.095539e+00	3.757558e+00	3.440781e+00	3.142566e+00	2.860421e+00	2.591866e+00
2.334317e+00	2.209596e+00	2.087666e+00	1.992964e+00	1.899853e+00	1.877118e+00
1.859827e+00	1.857435e+00	1.855274e+00	1.855424e+00	1.855334e+00	1.854703e+00
1.225604e+01	1.158319e+01	1.095151e+01	1.039023e+01	9.881365e+00	8.948881e+00
8.137681e+00	7.427306e+00	6.804227e+00	6.246641e+00	5.740182e+00	5.277683e+00
4.853933e+00	4.463441e+00	4.099883e+00	3.758824e+00	3.433397e+00	3.123505e+00
2.830051e+00	2.547593e+00	2.271863e+00	2.140406e+00	2.011355e+00	1.910018e+00
1.809414e+00	1.784222e+00	1.764398e+00	1.762001e+00	1.759977e+00	1.759820e+00
1.759643e+00	1.758661e+00	1.233087e+01	1.164678e+01	1.100631e+01	1.044040e+01
9.928981e+00	8.991328e+00	8.178064e+00	7.465591e+00	6.837152e+00	6.275075e+00
5.765295e+00	5.300263e+00	4.874026e+00	4.480214e+00	4.111318e+00	3.762433e+00
3.429471e+00	3.112381e+00	2.811144e+00	2.518366e+00	2.228291e+00	2.088788e+00
1.950434e+00	1.840544e+00	1.731282e+00	1.703496e+00	1.681060e+00	1.678589e+00
1.676616e+00	1.676186e+00	1.675925e+00	1.674930e+00	1.238874e+01	1.169985e+01
1.105619e+01	1.048986e+01	9.979007e+00	9.040166e+00	8.226086e+00	7.511258e+00
6.879207e+00	6.313972e+00	5.802106e+00	5.335723e+00	4.908117e+00	4.511887e+00
4.138001e+00	3.780391e+00	3.441193e+00	3.120984e+00	2.816284e+00	2.518956e+00
2.222658e+00	2.067363e+00	1.908717e+00	1.784491e+00	1.663655e+00	1.633192e+00
1.608282e+00	1.605409e+00	1.603147e+00	1.602746e+00	1.602392e+00	1.602285e+00
1.243211e+01	1.174271e+01	1.110028e+01	1.053776e+01	1.003152e+01	9.099065e+00
8.289707e+00	7.576433e+00	6.944544e+00	6.379458e+00	5.868804e+00	5.404398e+00
4.978881e+00	4.583936e+00	4.209432e+00	3.848840e+00	3.502771e+00	3.172690e+00
2.856526e+00	2.543920e+00	2.225166e+00	2.057928e+00	1.881969e+00	1.741084e+00
1.606112e+00	1.572873e+00	1.545797e+00	1.542346e+00	1.539486e+00	1.539267e+00
1.538902e+00	1.540262e+00	1.246288e+01	1.177643e+01	1.113585e+01	1.057879e+01
1.007966e+01	9.159105e+00	8.358612e+00	7.651093e+00	7.022785e+00	6.459876e+00
5.950596e+00	5.486955e+00	5.061692e+00	4.666504e+00	4.291231e+00	3.928957e+00
3.579200e+00	3.242212e+00	2.915077e+00	2.586440e+00	2.242241e+00	2.065839e+00
1.881370e+00	1.712091e+00	1.555262e+00	1.519649e+00	1.491964e+00	1.488093e+00
1.484005e+00	1.483659e+00	1.483957e+00	1.486766e+00	1.248736e+01	1.180456e+01
1.116647e+01	1.061602e+01	1.012576e+01	9.221675e+00	8.434022e+00	7.736371e+00
7.115215e+00	6.556948e+00	6.049899e+00	5.586666e+00	5.160801e+00	4.764905e+00
4.389863e+00	4.028812e+00	3.679384e+00	3.338531e+00	3.000932e+00	2.655751e+00
2.288487e+00	2.092902e+00	1.883425e+00	1.689685e+00	1.509606e+00	1.471546e+00
1.444037e+00	1.439871e+00	1.434296e+00	1.433692e+00	1.434938e+00	1.439128e+00
1.249070e+01	1.181121e+01	1.118787e+01	1.065157e+01	1.017423e+01	9.290650e+00
8.516522e+00	7.827792e+00	7.212216e+00	6.657541e+00	6.153220e+00	5.692199e+00
5.268175e+00	4.873926e+00	4.500509e+00	4.140804e+00	3.791200e+00	3.446448e+00
3.099073e+00	2.736964e+00	2.343527e+00	2.127409e+00	1.889057e+00	1.684547e+00
1.472181e+00	1.427225e+00	1.401290e+00	1.397627e+00	1.390195e+00	1.389127e+00
1.391644e+00	1.396634e+00	1.246258e+01	1.180541e+01	1.120256e+01	1.068594e+01
1.022696e+01	9.370422e+00	8.610640e+00	7.928720e+00	7.315633e+00	6.762475e+00
6.261466e+00	5.805571e+00	5.387665e+00	4.999458e+00	4.630384e+00	4.272232e+00
3.921464e+00	3.573017e+00	3.218189e+00	2.840268e+00	2.417679e+00	2.181193e+00
1.919635e+00	1.689543e+00	1.442394e+00	1.386558e+00	1.363785e+00	1.361419e+00
1.351786e+00	1.350053e+00	1.354166e+00	1.359420e+00	1.244189e+01	1.179845e+01
1.120795e+01	1.070868e+01	1.026664e+01	9.436876e+00	8.695264e+00	8.025990e+00
7.421673e+00	6.875089e+00	6.379989e+00	5.929708e+00	5.517034e+00	5.133419e+00
4.767841e+00	4.411639e+00	4.061022e+00	3.710457e+00	3.349621e+00	2.957389e+00
2.506542e+00	2.248804e+00	1.960262e+00	1.700818e+00	1.419313e+00	1.352706e+00
1.330919e+00	1.329418e+00	1.317845e+00	1.315534e+00	1.320867e+00	1.325923e+00
1.242418e+01	1.178844e+01	1.120897e+01	1.072334e+01	1.029709e+01	9.493240e+00
8.772141e+00	8.119683e+00	7.529101e+00	6.993463e+00	6.506754e+00	6.062772e+00
5.654821e+00	5.274856e+00	4.912412e+00	4.558929e+00	4.210088e+00	3.859311e+00
3.494294e+00	3.089806e+00	2.612529e+00	2.333322e+00	2.014597e+00	1.724476e+00
1.403016e+00	1.325085e+00	1.302260e+00	1.301286e+00	1.288008e+00	1.285170e+00
1.291398e+00	1.295793e+00	1.239616e+01	1.176968e+01	1.120217e+01	1.073277e+01
1.032373e+01	9.546593e+00	8.846890e+00	8.211789e+00	7.635290e+00	7.111024e+00
6.633483e+00	6.196927e+00	5.795072e+00	5.420312e+00	5.062574e+00	4.713374e+00
4.367921e+00	4.018681e+00	3.651306e+00	3.236187e+00	2.733301e+00	2.432472e+00
2.082982e+00	1.760005e+00	1.394866e+00	1.303209e+00	1.277251e+00	1.276647e+00
1.261816e+00	1.258429e+00	1.265337e+00	1.268571e+00	1.235273e+01	1.173801e+01
1.118591e+01	1.073581e+01	1.034391e+01	9.594656e+00	8.918125e+00	8.301865e+00
7.740646e+00	7.228695e+00	6.761111e+00	6.332671e+00	5.937633e+00	5.568911e+00
5.217032e+00	4.873662e+00	4.533477e+00	4.187784e+00	3.819829e+00	3.394682e+00
2.865892e+00	2.543917e+00	2.165486e+00	1.810884e+00	1.395709e+00	1.284808e+00
1.254694e+00	1.255072e+00	1.238708e+00	1.234306e+00	1.242622e+00	1.243823e+00
1.234227e+01	1.173082e+01	1.118389e+01	1.074540e+01	1.037014e+01	9.642490e+00
8.984323e+00	8.384138e+00	7.837235e+00	7.338126e+00	6.882142e+00	6.464230e+00
6.078780e+00	5.718744e+00	5.374592e+00	5.037893e+00	4.703265e+00	4.361852e+00
3.996412e+00	3.570242e+00	3.026844e+00	2.682826e+00	2.261460e+00	1.857745e+00
1.397822e+00	1.280550e+00	1.238033e+00	1.235268e+00	1.218150e+00	1.214928e+00
1.220216e+00	1.221747e+00	1.236038e+01	1.174734e+01	1.120282e+01	1.077152e+01
1.040414e+01	9.689499e+00	9.044314e+00	8.457092e+00	7.923192e+00	7.437143e+00
6.994213e+00	6.589232e+00	6.216328e+00	5.867930e+00	5.533584e+00	5.204360e+00
4.875376e+00	4.538881e+00	4.179700e+00	3.765067e+00	3.226506e+00	2.861103e+00
2.375334e+00	1.898737e+00	1.404896e+00	1.287320e+00	1.226626e+00	1.217514e+00
1.200320e+00	1.200010e+00	1.198329e+00	1.202600e+00	1.233372e+01	1.172713e+01
1.119022e+01	1.076821e+01	1.041681e+01	9.726262e+00	9.100782e+00	8.530756e+00
8.012116e+00	7.539791e+00	7.109354e+00	6.715903e+00	6.353782e+00	6.015583e+00
5.690939e+00	5.370895e+00	5.050493e+00	4.721743e+00	4.368869e+00	3.957198e+00
3.409899e+00	3.027545e+00	2.505245e+00	1.979445e+00	1.427398e+00	1.293711e+00
1.214182e+00	1.202935e+00	1.184669e+00	1.184399e+00	1.181580e+00	1.185319e+00
1.228320e+01	1.168912e+01	1.116695e+01	1.076320e+01	1.042608e+01	9.759463e+00
9.155146e+00	8.603560e+00	8.100939e+00	7.642637e+00	7.224646e+00	6.842462e+00
6.490831e+00	6.162751e+00	5.848294e+00	5.538678e+00	5.228706e+00	4.909697e+00
4.564242e+00	4.153552e+00	3.594138e+00	3.197100e+00	2.650056e+00	2.091191e+00
1.465997e+00	1.301603e+00	1.202685e+00	1.190193e+00	1.170575e+00	1.169438e+00
1.167130e+00	1.169569e+00	1.224761e+01	1.166318e+01	1.115225e+01	1.076249e+01
1.043826e+01	9.793399e+00	9.208137e+00	8.673463e+00	8.185914e+00	7.741228e+00
7.335728e+00	6.965218e+00	6.624764e+00	6.307683e+00	6.004326e+00	5.706046e+00
5.407523e+00	5.099640e+00	4.763776e+00	4.357864e+00	3.791772e+00	3.382536e+00
2.810802e+00	2.214015e+00	1.510711e+00	1.315229e+00	1.194955e+00	1.179815e+00
1.158505e+00	1.156767e+00	1.154833e+00	1.156108e+00	1.221913e+01	1.164305e+01
1.114168e+01	1.076298e+01	1.045142e+01	9.826630e+00	9.258895e+00	8.739964e+00
8.266651e+00	7.835065e+00	7.441827e+00	7.083013e+00	6.754000e+00	6.448431e+00
6.156925e+00	5.871011e+00	5.585299e+00	5.290345e+00	4.966424e+00	4.568340e+00
3.999889e+00	3.581898e+00	2.990247e+00	2.357391e+00	1.570411e+00	1.341581e+00
1.189771e+00	1.171362e+00	1.148451e+00	1.146189e+00	1.144332e+00	1.144777e+00
1.217353e+01	1.160892e+01	1.111995e+01	1.075751e+01	1.045647e+01	9.854944e+00
9.306484e+00	8.804051e+00	8.344938e+00	7.925765e+00	7.543619e+00	7.195104e+00
6.876173e+00	6.581236e+00	6.301864e+00	6.030178e+00	5.760524e+00	5.482506e+00
5.173794e+00	4.782278e+00	4.204747e+00	3.776722e+00	3.171716e+00	2.513095e+00
1.647292e+00	1.380750e+00	1.186304e+00	1.161440e+00	1.141009e+00	1.138109e+00
1.131868e+00	1.135040e+00	1.211935e+01	1.156744e+01	1.109167e+01	1.074437e+01
1.045949e+01	9.880505e+00	9.351578e+00	8.865698e+00	8.420594e+00	8.013434e+00
7.641822e+00	7.303004e+00	6.993622e+00	6.709058e+00	6.442177e+00	6.185951e+00
5.934476e+00	5.676186e+00	5.385366e+00	5.000713e+00	4.411360e+00	3.973278e+00
3.359891e+00	2.683112e+00	1.742122e+00	1.435277e+00	1.183626e+00	1.151580e+00
1.134825e+00	1.131279e+00	1.118777e+00	1.126340e+00	1.209628e+01	1.155076e+01
1.108297e+01	1.074051e+01	1.046464e+01	9.903604e+00	9.389399e+00	8.916925e+00
8.484217e+00	8.088745e+00	7.728342e+00	7.400545e+00	7.102323e+00	6.829522e+00
6.575668e+00	6.334286e+00	6.099690e+00	5.860136e+00	5.588495e+00	5.218131e+00
4.630650e+00	4.187806e+00	3.565186e+00	2.864846e+00	1.842182e+00	1.493662e+00
1.184105e+00	1.148993e+00	1.127820e+00	1.123747e+00	1.109374e+00	1.118516e+00
1.208962e+01	1.154666e+01	1.108261e+01	1.074548e+01	1.047534e+01	9.923566e+00
9.419153e+00	8.956894e+00	8.534797e+00	8.150459e+00	7.801756e+00	7.486206e+00
7.200703e+00	6.940918e+00	6.700197e+00	6.472210e+00	6.252254e+00	6.029846e+00
5.778966e+00	5.432420e+00	4.865830e+00	4.425940e+00	3.791223e+00	3.058075e+00
1.947556e+00	1.557225e+00	1.196586e+00	1.149954e+00	1.119340e+00	1.114921e+00
1.102928e+00	1.111594e+00	1.208875e+01	1.154848e+01	1.108682e+01	1.075585e+01
1.049128e+01	9.947669e+00	9.450836e+00	8.996217e+00	8.581938e+00	8.205716e+00
7.865562e+00	7.559632e+00	7.285743e+00	7.040193e+00	6.816434e+00	6.607021e+00
6.404117e+00	6.194279e+00	5.952234e+00	5.621867e+00	5.092656e+00	4.677715e+00
4.054726e+00	3.286914e+00	2.057250e+00	1.622155e+00	1.209918e+00	1.152380e+00
1.114005e+00	1.109837e+00	1.100382e+00	1.105872e+00	1.208779e+01	1.155183e+01
1.109535e+01	1.076913e+01	1.050902e+01	9.972837e+00	9.482363e+00	9.033873e+00
8.625777e+00	8.256097e+00	7.923180e+00	7.625778e+00	7.362531e+00	7.130485e+00
6.923562e+00	6.733568e+00	6.549365e+00	6.352702e+00	6.117680e+00	5.801568e+00
5.312022e+00	4.928197e+00	4.332170e+00	3.544448e+00	2.183188e+00	1.693502e+00
1.223617e+00	1.157150e+00	1.111085e+00	1.106217e+00	1.099196e+00	1.101117e+00
1.208010e+01	1.154894e+01	1.109732e+01	1.077559e+01	1.051979e+01	9.991478e+00
9.508313e+00	9.066750e+00	8.665622e+00	8.303634e+00	7.979804e+00	7.692514e+00
7.439560e+00	7.217656e+00	7.021207e+00	6.843636e+00	6.676857e+00	6.502782e+00
6.293592e+00	6.003374e+00	5.531756e+00	5.153080e+00	4.569100e+00	3.796545e+00
2.352223e+00	1.785107e+00	1.238440e+00	1.162552e+00	1.109530e+00	1.101944e+00
1.097998e+00	1.097011e+00	1.208808e+01	1.155823e+01	1.110704e+01	1.078574e+01
1.053076e+01	1.000575e+01	9.527489e+00	9.092495e+00	8.699255e+00	8.346049e+00
8.031497e+00	7.753831e+00	7.510689e+00	7.298516e+00	7.111193e+00	6.942781e+00
6.788488e+00	6.636467e+00	6.461401e+00	6.204180e+00	5.751872e+00	5.382215e+00
4.815311e+00	4.048425e+00	2.525480e+00	1.896870e+00	1.261818e+00	1.170777e+00
1.107371e+00	1.099873e+00	1.094407e+00	1.093572e+00	1.209048e+01	1.156202e+01
1.111311e+01	1.079380e+01	1.054041e+01	1.001945e+01	9.546121e+00	9.117087e+00
8.730650e+00	8.384814e+00	8.077987e+00	7.808452e+00	7.573944e+00	7.370922e+00
7.193139e+00	7.035087e+00	6.894045e+00	6.762436e+00	6.617108e+00	6.391103e+00
5.964690e+00	5.609693e+00	5.064054e+00	4.305042e+00	2.711997e+00	2.023280e+00
1.289989e+00	1.181545e+00	1.106648e+00	1.098246e+00	1.090812e+00	1.090478e+00
1.208064e+01	1.155878e+01	1.111487e+01	1.079908e+01	1.054864e+01	1.003348e+01
9.565500e+00	9.141575e+00	8.760223e+00	8.419615e+00	8.118401e+00	7.855102e+00
7.627710e+00	7.433026e+00	7.265345e+00	7.119620e+00	6.993532e+00	6.879696e+00
6.755697e+00	6.556167e+00	6.163922e+00	5.830429e+00	5.309517e+00	4.562933e+00
2.914954e+00	2.165242e+00	1.323739e+00	1.196492e+00	1.106620e+00	1.097097e+00
1.088102e+00	1.087763e+00	1.206562e+01	1.155249e+01	1.111593e+01	1.080453e+01
1.055778e+01	1.004955e+01	9.586858e+00	9.167121e+00	8.789280e+00	8.452077e+00
8.154745e+00	7.896157e+00	7.674692e+00	7.487740e+00	7.330454e+00	7.198187e+00
7.087583e+00	6.988555e+00	6.878836e+00	6.703047e+00	6.353377e+00	6.045750e+00
5.546251e+00	4.815111e+00	3.139918e+00	2.320875e+00	1.363707e+00	1.216291e+00
1.108158e+00	1.097097e+00	1.086165e+00	1.085577e+00	1.205025e+01	1.154590e+01
1.111693e+01	1.081020e+01	1.056697e+01	1.006525e+01	9.607363e+00	9.191360e+00
8.816560e+00	8.482290e+00	8.188349e+00	7.933943e+00	7.717830e+00	7.537983e+00
7.390387e+00	7.270816e+00	7.174923e+00	7.090018e+00	6.993967e+00	6.841956e+00
6.536915e+00	6.256878e+00	5.780102e+00	5.068302e+00	3.381331e+00	2.491254e+00
1.409685e+00	1.240338e+00	1.111530e+00	1.097098e+00	1.084509e+00	1.083689e+00
1.204575e+01	1.154643e+01	1.112066e+01	1.081728e+01	1.057513e+01	1.007608e+01
9.621308e+00	9.208982e+00	8.838188e+00	8.508160e+00	8.218624e+00	7.968875e+00
7.757809e+00	7.583563e+00	7.442253e+00	7.330165e+00	7.244537e+00	7.175771e+00
7.103405e+00	6.980608e+00	6.711116e+00	6.454414e+00	6.008883e+00	5.323735e+00
3.623075e+00	2.679967e+00	1.463816e+00	1.268307e+00	1.115266e+00	1.097653e+00
1.082833e+00	1.082176e+00	1.204438e+01	1.155162e+01	1.112992e+01	1.082587e+01
1.058236e+01	1.008381e+01	9.631116e+00	9.222046e+00	8.855357e+00	8.529982e+00
8.245199e+00	8.000158e+00	7.793671e+00	7.623760e+00	7.486311e+00	7.378328e+00
7.299934e+00	7.247363e+00	7.204046e+00	7.113871e+00	6.872843e+00	6.636163e+00
6.227862e+00	5.575838e+00	3.864565e+00	2.888931e+00	1.529941e+00	1.302980e+00
1.120367e+00	1.100342e+00	1.081299e+00	1.080988e+00	1.203426e+01	1.154953e+01
1.113518e+01	1.083339e+01	1.058939e+01	1.009266e+01	9.642156e+00	9.235622e+00
8.871723e+00	8.549361e+00	8.267776e+00	8.026190e+00	7.823507e+00	7.657870e+00
7.525305e+00	7.423246e+00	7.352984e+00	7.312987e+00	7.288881e+00	7.225025e+00
7.019426e+00	6.806696e+00	6.430746e+00	5.812601e+00	4.120316e+00	3.106548e+00
1.605367e+00	1.345169e+00	1.127435e+00	1.103254e+00	1.080473e+00	1.080001e+00
1.200978e+01	1.154208e+01	1.113916e+01	1.084034e+01	1.059603e+01	1.010167e+01
9.653307e+00	9.248840e+00	8.887041e+00	8.566927e+00	8.287843e+00	8.049127e+00
7.849812e+00	7.688242e+00	7.560737e+00	7.465114e+00	7.403107e+00	7.373805e+00
7.364633e+00	7.324200e+00	7.156391e+00	6.969395e+00	6.624016e+00	6.041302e+00
4.388779e+00	3.335863e+00	1.690884e+00	1.395150e+00	1.136689e+00	1.106749e+00
1.079880e+00	1.079139e+00	1.198437e+01	1.153373e+01	1.114135e+01	1.084565e+01
1.060034e+01	1.010787e+01	9.661321e+00	9.258701e+00	8.898842e+00	8.580844e+00
8.304088e+00	8.068007e+00	7.871771e+00	7.713854e+00	7.590759e+00	7.500639e+00
7.445757e+00	7.426117e+00	7.431072e+00	7.412837e+00	7.280878e+00	7.119047e+00
6.804838e+00	6.259806e+00	4.659222e+00	3.576575e+00	1.786679e+00	1.451667e+00
1.147458e+00	1.111133e+00	1.079738e+00	1.078395e+00	1.195739e+01	1.152348e+01
1.114254e+01	1.084951e+01	1.060273e+01	1.011147e+01	9.666291e+00	9.265250e+00
8.907169e+00	8.591168e+00	8.316565e+00	8.082859e+00	7.889372e+00	7.734622e+00
7.615077e+00	7.529177e+00	7.479965e+00	7.469009e+00	7.487973e+00	7.490813e+00
7.391155e+00	7.252944e+00	6.969479e+00	6.462566e+00	4.925650e+00	3.829026e+00
1.896923e+00	1.517884e+00	1.160921e+00	1.117455e+00	1.079754e+00	1.077783e+00
1.192036e+01	1.150661e+01	1.114066e+01	1.085187e+01	1.060543e+01	1.011698e+01
9.673397e+00	9.273376e+00	8.916031e+00	8.600845e+00	8.327551e+00	8.095639e+00
7.904246e+00	7.752194e+00	7.637148e+00	7.558089e+00	7.516614e+00	7.510912e+00
7.531910e+00	7.547839e+00	7.484880e+00	7.371574e+00	7.123053e+00	6.671736e+00
5.206826e+00	4.058214e+00	2.020412e+00	1.601824e+00	1.177094e+00	1.119024e+00
1.082014e+00	1.077036e+00	1.188367e+01	1.148999e+01	1.113773e+01	1.085448e+01
1.060905e+01	1.012413e+01	9.681954e+00	9.282428e+00	8.925224e+00	8.610258e+00
8.337713e+00	8.107098e+00	7.917485e+00	7.768047e+00	7.657609e+00	7.585564e+00
7.551543e+00	7.549252e+00	7.568908e+00	7.594227e+00	7.567333e+00	7.481450e+00
7.268178e+00	6.865155e+00	5.476233e+00	4.296620e+00	2.159982e+00	1.696450e+00
1.196592e+00	1.121027e+00	1.085293e+00	1.076453e+00	1.186450e+01	1.148404e+01
1.114099e+01	1.085982e+01	1.061331e+01	1.012903e+01	9.687559e+00	9.288976e+00
8.932794e+00	8.618820e+00	8.347130e+00	8.117573e+00	7.929907e+00	7.783414e+00
7.676234e+00	7.607273e+00	7.576710e+00	7.579251e+00	7.606456e+00	7.642951e+00
7.645488e+00	7.590303e+00	7.407258e+00	7.013301e+00	5.694961e+00	4.614736e+00
2.318204e+00	1.781068e+00	1.219366e+00	1.141330e+00	1.082177e+00	1.076252e+00
1.184120e+01	1.147139e+01	1.113758e+01	1.085870e+01	1.061132e+01	1.012824e+01
9.687846e+00	9.290131e+00	8.934883e+00	8.621951e+00	8.351470e+00	8.123309e+00
7.937200e+00	7.792492e+00	7.687454e+00	7.621124e+00	7.594053e+00	7.601456e+00
7.635937e+00	7.683995e+00	7.707929e+00	7.672312e+00	7.522502e+00	7.170831e+00
5.927757e+00	4.879328e+00	2.494780e+00	1.891815e+00	1.245888e+00	1.152737e+00
1.084078e+00	1.075348e+00	1.182590e+01	1.146676e+01	1.113737e+01	1.085973e+01
1.061185e+01	1.012937e+01	9.689763e+00	9.293128e+00	8.938914e+00	8.627050e+00
8.357754e+00	8.130895e+00	7.946182e+00	7.803031e+00	7.699856e+00	7.635857e+00
7.611924e+00	7.623723e+00	7.664769e+00	7.723327e+00	7.765896e+00	7.747326e+00
7.629458e+00	7.322981e+00	6.157766e+00	5.140252e+00	2.688824e+00	2.017429e+00
1.276824e+00	1.165734e+00	1.087152e+00	1.075051e+00	1.181749e+01	1.146655e+01
1.114372e+01	1.086749e+01	1.061876e+01	1.013681e+01	9.697700e+00	9.301447e+00
8.947748e+00	8.636474e+00	8.367855e+00	8.141760e+00	7.958000e+00	7.816054e+00
7.714383e+00	7.652306e+00	7.630964e+00	7.646416e+00	7.692891e+00	7.760288e+00
7.819185e+00	7.816024e+00	7.727495e+00	7.462576e+00	6.376207e+00	5.401080e+00
2.901107e+00	2.157696e+00	1.314374e+00	1.183399e+00	1.091459e+00	1.075318e+00
1.180471e+01	1.146238e+01	1.114304e+01	1.086802e+01	1.061863e+01	1.013728e+01
9.698859e+00	9.303381e+00	8.950474e+00	8.640006e+00	8.372156e+00	8.146875e+00
7.964031e+00	7.823182e+00	7.722876e+00	7.662519e+00	7.643424e+00	7.661984e+00
7.713033e+00	7.787989e+00	7.860887e+00	7.871098e+00	7.809177e+00	7.584053e+00
6.578427e+00	5.651371e+00	3.127245e+00	2.312504e+00	1.357797e+00	1.204431e+00
1.096226e+00	1.075143e+00	1.179067e+01	1.145502e+01	1.114200e+01	1.086834e+01
1.061842e+01	1.013756e+01	9.699579e+00	9.304652e+00	8.952355e+00	8.642541e+00
8.375329e+00	8.150735e+00	7.968675e+00	7.828780e+00	7.729671e+00	7.670833e+00
7.653725e+00	7.675030e+00	7.730124e+00	7.811864e+00	7.897369e+00	7.919666e+00
7.882383e+00	7.695576e+00	6.772329e+00	5.897670e+00	3.368228e+00	2.481947e+00
1.406841e+00	1.228748e+00	1.101598e+00	1.074816e+00	1.177873e+01	1.144958e+01
1.114183e+01	1.086896e+01	1.061848e+01	1.013806e+01	9.700486e+00	9.306019e+00
8.954241e+00	8.644973e+00	8.378310e+00	8.154313e+00	7.972982e+00	7.833990e+00
7.735941e+00	7.678381e+00	7.662941e+00	7.686615e+00	7.745329e+00	7.833211e+00
7.929530e+00	7.962018e+00	7.946771e+00	7.796926e+00	6.955714e+00	6.133931e+00
3.622105e+00	2.667912e+00	1.462879e+00	1.257182e+00	1.107915e+00	1.074580e+00
1.176895e+01	1.144562e+01	1.114187e+01	1.086999e+01	1.061896e+01	1.013886e+01
9.701556e+00	9.307443e+00	8.956096e+00	8.647274e+00	8.381059e+00	8.157537e+00
7.976811e+00	7.838593e+00	7.741458e+00	7.685014e+00	7.671021e+00	7.696693e+00
7.758411e+00	7.851552e+00	7.957277e+00	7.998432e+00	8.001854e+00	7.884889e+00
7.125669e+00	6.359193e+00	3.885891e+00	2.870800e+00	1.529114e+00	1.292579e+00
1.115769e+00	1.074413e+00	1.176401e+01	1.144494e+01	1.114246e+01	1.087129e+01
1.061982e+01	1.014024e+01	9.703844e+00	9.310581e+00	8.959953e+00	8.651617e+00
8.385589e+00	8.161819e+00	7.980746e+00	7.842655e+00	7.746661e+00	7.692454e+00
7.680881e+00	7.708542e+00	7.769457e+00	7.865294e+00	7.983900e+00	8.037567e+00
8.049885e+00	7.944060e+00	7.285054e+00	6.614348e+00	4.141359e+00	3.068284e+00
1.606155e+00	1.340006e+00	1.125801e+00	1.074435e+00	1.176057e+01	1.144463e+01
1.114419e+01	1.087285e+01	1.062098e+01	1.014198e+01	9.706955e+00	9.314867e+00
8.965064e+00	8.657105e+00	8.390952e+00	8.166488e+00	7.984620e+00	7.846354e+00
7.751463e+00	7.699762e+00	7.690958e+00	7.720439e+00	7.779390e+00	7.876933e+00
8.009101e+00	8.076061e+00	8.092981e+00	7.991041e+00	7.436967e+00	6.882197e+00
4.396894e+00	3.268731e+00	1.694194e+00	1.398784e+00	1.137815e+00	1.074504e+00
1.176008e+01	1.144495e+01	1.114631e+01	1.087435e+01	1.062126e+01	1.014208e+01
9.707276e+00	9.315479e+00	8.965971e+00	8.658271e+00	8.392305e+00	8.168617e+00
7.987690e+00	7.849680e+00	7.754115e+00	7.701313e+00	7.692766e+00	7.723368e+00
7.790861e+00	7.893572e+00	8.029033e+00	8.095808e+00	8.125381e+00	8.047681e+00
7.575659e+00	7.063733e+00	4.671558e+00	3.502917e+00	1.791113e+00	1.456883e+00
1.150019e+00	1.074492e+00	1.176289e+01	1.144864e+01	1.114939e+01	1.087572e+01
1.062070e+01	1.013859e+01	9.702134e+00	9.309851e+00	8.960885e+00	8.654620e+00
8.390810e+00	8.169192e+00	7.989883e+00	7.852537e+00	7.755216e+00	7.697709e+00
7.684635e+00	7.720777e+00	7.805076e+00	7.921229e+00	8.043711e+00	8.103128e+00
8.147536e+00	8.121423e+00	7.698698e+00	7.165793e+00	4.970802e+00	3.790387e+00
1.899389e+00	1.511945e+00	1.162274e+00	1.074197e+00	1.176289e+01	1.145049e+01
1.115254e+01	1.087844e+01	1.062202e+01	1.013939e+01	9.702557e+00	9.310185e+00
8.961312e+00	8.655345e+00	8.391979e+00	8.171314e+00	7.993045e+00	7.856134e+00
7.758046e+00	7.698942e+00	7.685238e+00	7.722848e+00	7.814944e+00	7.936235e+00
8.057713e+00	8.116318e+00	8.172555e+00	8.174991e+00	7.808222e+00	7.300506e+00
5.251423e+00	4.061462e+00	2.027312e+00	1.583277e+00	1.177860e+00	1.074245e+00
1.176047e+01	1.145087e+01	1.115417e+01	1.088061e+01	1.062432e+01	1.014179e+01
9.705027e+00	9.312778e+00	8.964022e+00	8.658210e+00	8.394988e+00	8.174281e+00
7.995930e+00	7.859231e+00	7.761747e+00	7.703564e+00	7.690634e+00	7.729359e+00
7.821384e+00	7.944288e+00	8.070044e+00	8.133748e+00	8.197555e+00	8.213730e+00
7.904396e+00	7.458028e+00	5.512912e+00	4.318305e+00	2.176483e+00	1.674087e+00
1.197292e+00	1.074412e+00	1.175521e+01	1.144817e+01	1.115365e+01	1.088047e+01
1.062402e+01	1.014176e+01	9.705194e+00	9.313052e+00	8.964421e+00	8.658652e+00
8.395507e+00	8.174925e+00	7.996719e+00	7.860205e+00	7.763210e+00	7.705571e+00
7.693252e+00	7.732605e+00	7.824879e+00	7.949130e+00	8.078448e+00	8.146122e+00
8.216755e+00	8.245849e+00	7.988226e+00	7.591417e+00	5.764419e+00	4.580573e+00
2.339997e+00	1.778411e+00	1.219365e+00	1.074316e+00	1.173553e+01	1.143563e+01
1.114703e+01	1.087756e+01	1.062319e+01	1.014338e+01	9.707350e+00	9.314799e+00
8.965319e+00	8.658729e+00	8.394885e+00	8.173936e+00	7.995780e+00	7.860021e+00
7.765292e+00	7.711692e+00	7.702515e+00	7.738709e+00	7.819726e+00	7.938044e+00
8.081596e+00	8.158992e+00	8.236005e+00	8.273610e+00	8.064792e+00	7.705142e+00
6.004569e+00	4.847533e+00	2.518829e+00	1.899795e+00	1.245861e+00	1.074082e+00
1.172604e+01	1.143002e+01	1.114421e+01	1.087633e+01	1.062290e+01	1.014458e+01
9.709066e+00	9.316470e+00	8.966493e+00	8.659062e+00	8.394860e+00	8.173761e+00
7.995588e+00	7.860089e+00	7.766807e+00	7.715647e+00	7.708912e+00	7.743885e+00
7.817840e+00	7.933434e+00	8.085656e+00	8.171634e+00	8.254148e+00	8.292702e+00
8.121945e+00	7.825961e+00	6.237174e+00	5.100832e+00	2.711348e+00	2.040798e+00
1.274608e+00	1.074031e+00	1.172479e+01	1.142965e+01	1.114452e+01	1.087678e+01
1.062315e+01	1.014499e+01	9.709794e+00	9.317554e+00	8.967989e+00	8.661130e+00
8.397287e+00	8.176329e+00	7.997766e+00	7.861529e+00	7.767677e+00	7.717070e+00
7.711430e+00	7.747354e+00	7.821894e+00	7.936828e+00	8.092788e+00	8.183900e+00
8.270881e+00	8.304305e+00	8.160367e+00	7.963052e+00	6.460441e+00	5.331527e+00
2.917591e+00	2.207680e+00	1.305346e+00	1.074356e+00	