8.539540e-02	8.696990e-02	8.855784e-02	9.017376e-02	9.183920e-02	9.543706e-02
9.965917e-02	1.048351e-01	1.109628e-01	1.178729e-01	1.253455e-01	1.336556e-01
1.436366e-01	1.560321e-01	1.708142e-01	1.876500e-01	2.056771e-01	2.222400e-01
2.342774e-01	2.426368e-01	2.517797e-01	2.583109e-01	2.639586e-01	2.662752e-01
2.655189e-01	2.643014e-01	2.621225e-01	2.618293e-01	2.617823e-01	2.617765e-01
2.617844e-01	2.617716e-01	9.819517e-02	1.000186e-01	1.018592e-01	1.037345e-01
1.056679e-01	1.098337e-01	1.146844e-01	1.205701e-01	1.274880e-01	1.352573e-01
1.436457e-01	1.529501e-01	1.640633e-01	1.777775e-01	1.940587e-01	2.125419e-01
2.322753e-01	2.503705e-01	2.635128e-01	2.725833e-01	2.823452e-01	2.892881e-01
2.952886e-01	2.977472e-01	2.969145e-01	2.956339e-01	2.933708e-01	2.930661e-01
2.930148e-01	2.930082e-01	2.930161e-01	2.930029e-01	1.129135e-01	1.150251e-01
1.171583e-01	1.193346e-01	1.215788e-01	1.264022e-01	1.319749e-01	1.386668e-01
1.464742e-01	1.552056e-01	1.646176e-01	1.750300e-01	1.873950e-01	2.025535e-01
2.204664e-01	2.407358e-01	2.623131e-01	2.820616e-01	2.963963e-01	3.062259e-01
3.166213e-01	3.239802e-01	3.303373e-01	3.329391e-01	3.320223e-01	3.306808e-01
3.283442e-01	3.280294e-01	3.279734e-01	3.279660e-01	3.279738e-01	3.279604e-01
1.298379e-01	1.322832e-01	1.347554e-01	1.372808e-01	1.398854e-01	1.454699e-01
1.518723e-01	1.594797e-01	1.682879e-01	1.780959e-01	1.886513e-01	2.002973e-01
2.140446e-01	2.307823e-01	2.504676e-01	2.726696e-01	2.962354e-01	3.177642e-01
3.333834e-01	3.440206e-01	3.550584e-01	3.628327e-01	3.695461e-01	3.722903e-01
3.712814e-01	3.698824e-01	3.674870e-01	3.671640e-01	3.671029e-01	3.670946e-01
3.671021e-01	3.670886e-01	1.492991e-01	1.521306e-01	1.549955e-01	1.579257e-01
1.609486e-01	1.674141e-01	1.747695e-01	1.834165e-01	1.933502e-01	2.043622e-01
2.161939e-01	2.292122e-01	2.444841e-01	2.629452e-01	2.845515e-01	3.088394e-01
3.345446e-01	3.579858e-01	3.749861e-01	3.864800e-01	3.981617e-01	4.063444e-01
4.134086e-01	4.162926e-01	4.151825e-01	4.137314e-01	4.112960e-01	4.109673e-01
4.109008e-01	4.108915e-01	4.108985e-01	4.108850e-01	1.716772e-01	1.749558e-01
1.782757e-01	1.816754e-01	1.851834e-01	1.926685e-01	2.011188e-01	2.109461e-01
2.221450e-01	2.345024e-01	2.477577e-01	2.623013e-01	2.792525e-01	2.995905e-01
3.232735e-01	3.498072e-01	3.778078e-01	4.032987e-01	4.217804e-01	4.341797e-01
4.464977e-01	4.550742e-01	4.624773e-01	4.654958e-01	4.642747e-01	4.627786e-01
4.603276e-01	4.599965e-01	4.599241e-01	4.599136e-01	4.599199e-01	4.599067e-01
1.974096e-01	2.012057e-01	2.050526e-01	2.089966e-01	2.130674e-01	2.217326e-01
2.314407e-01	2.426076e-01	2.552280e-01	2.690877e-01	2.839297e-01	3.001671e-01
3.189653e-01	3.413429e-01	3.672648e-01	3.962094e-01	4.266659e-01	4.543470e-01
4.744141e-01	4.877666e-01	5.007015e-01	5.096478e-01	5.173701e-01	5.205144e-01
5.191716e-01	5.176402e-01	5.152044e-01	5.148750e-01	5.147961e-01	5.147843e-01
5.147898e-01	5.147771e-01	2.269990e-01	2.313940e-01	2.358513e-01	2.404265e-01
2.451499e-01	2.551810e-01	2.663341e-01	2.790213e-01	2.932379e-01	3.087739e-01
3.253827e-01	3.434992e-01	3.643258e-01	3.889140e-01	4.172425e-01	4.487669e-01
4.818423e-01	5.118570e-01	5.336159e-01	5.479673e-01	5.614855e-01	5.707659e-01
5.787783e-01	5.820358e-01	5.805596e-01	5.790056e-01	5.766232e-01	5.763006e-01
5.762148e-01	5.762016e-01	5.762058e-01	5.761939e-01	2.610235e-01	2.661117e-01
2.712759e-01	2.765830e-01	2.820633e-01	2.936750e-01	3.064883e-01	3.209005e-01
3.369085e-01	3.543131e-01	3.728877e-01	3.930867e-01	4.161370e-01	4.431150e-01
4.740211e-01	5.082962e-01	5.441542e-01	5.766464e-01	6.002055e-01	6.155980e-01
6.296486e-01	6.392135e-01	6.474752e-01	6.508287e-01	6.492063e-01	6.476458e-01
6.453638e-01	6.450544e-01	6.449612e-01	6.449463e-01	6.449489e-01	6.449382e-01
3.001479e-01	3.060383e-01	3.120213e-01	3.181769e-01	3.245349e-01	3.379759e-01
3.526964e-01	3.690654e-01	3.870827e-01	4.065686e-01	4.273283e-01	4.498326e-01
4.753163e-01	5.048696e-01	5.385263e-01	5.757222e-01	6.145241e-01	6.496366e-01
6.751047e-01	6.915758e-01	7.060865e-01	7.158694e-01	7.243260e-01	7.277525e-01
7.259699e-01	7.244232e-01	7.222992e-01	7.220106e-01	7.219095e-01	7.218927e-01
7.218932e-01	7.218842e-01	3.451366e-01	3.519554e-01	3.588867e-01	3.660259e-01
3.734016e-01	3.889596e-01	4.058710e-01	4.244595e-01	4.447291e-01	4.665310e-01
4.897172e-01	5.147704e-01	5.429116e-01	5.752307e-01	6.118094e-01	6.520922e-01
6.939944e-01	7.318657e-01	7.593506e-01	7.769308e-01	7.918039e-01	8.017181e-01
8.102984e-01	8.137682e-01	8.118102e-01	8.103023e-01	8.084063e-01	8.081479e-01
8.080382e-01	8.080194e-01	8.080173e-01	8.080105e-01	3.968685e-01	4.047618e-01
4.127911e-01	4.210707e-01	4.296265e-01	4.476342e-01	4.670627e-01	4.881679e-01
5.109605e-01	5.353369e-01	5.612146e-01	5.890826e-01	6.201197e-01	6.553976e-01
6.950649e-01	7.385928e-01	7.837417e-01	8.245032e-01	8.541095e-01	8.728204e-01
8.879271e-01	8.978620e-01	9.064752e-01	9.099504e-01	9.078005e-01	9.063624e-01
9.047784e-01	9.045615e-01	9.044427e-01	9.044215e-01	9.044162e-01	9.044123e-01
4.563544e-01	4.654911e-01	4.747920e-01	4.843934e-01	4.943173e-01	5.151598e-01
5.374799e-01	5.614385e-01	5.870555e-01	6.142905e-01	6.431505e-01	6.741225e-01
7.083076e-01	7.467369e-01	7.896499e-01	8.365677e-01	8.850951e-01	9.288664e-01
9.606932e-01	9.805448e-01	9.957194e-01	1.005536e+00	1.014067e+00	1.017501e+00
1.015141e+00	1.013810e+00	1.012639e+00	1.012477e+00	1.012349e+00	1.012325e+00
1.012316e+00	1.012316e+00	5.247566e-01	5.353320e-01	5.461054e-01	5.572388e-01
5.687490e-01	5.928717e-01	6.185137e-01	6.457065e-01	6.744829e-01	7.048886e-01
7.370489e-01	7.714388e-01	8.090369e-01	8.508057e-01	8.971061e-01	9.475391e-01
9.995555e-01	1.046440e+00	1.080577e+00	1.101565e+00	1.116598e+00	1.126122e+00
1.134430e+00	1.137763e+00	1.135174e+00	1.133996e+00	1.133359e+00	1.133268e+00
1.133129e+00	1.133102e+00	1.133088e+00	1.133092e+00	6.034115e-01	6.156517e-01
6.281299e-01	6.410391e-01	6.543882e-01	6.823064e-01	7.117646e-01	7.426226e-01
7.749305e-01	8.088484e-01	8.446561e-01	8.828036e-01	9.240910e-01	9.693781e-01
1.019185e+00	1.073231e+00	1.128818e+00	1.178895e+00	1.215422e+00	1.237521e+00
1.252150e+00	1.261169e+00	1.269079e+00	1.272239e+00	1.269399e+00	1.268429e+00
1.268469e+00	1.268469e+00	1.268319e+00	1.268289e+00	1.268269e+00	1.268279e+00
6.938389e-01	7.079595e-01	7.223841e-01	7.373568e-01	7.528712e-01	7.852994e-01
8.192771e-01	8.543680e-01	8.906508e-01	9.284718e-01	9.683634e-01	1.010728e+00
1.056070e+00	1.105077e+00	1.158526e+00	1.216353e+00	1.275724e+00	1.329245e+00
1.368361e+00	1.391361e+00	1.404947e+00	1.413248e+00	1.420484e+00	1.423173e+00
1.419921e+00	1.419267e+00	1.420294e+00	1.420425e+00	1.420262e+00	1.420222e+00
1.420199e+00	1.420214e+00	7.978320e-01	8.141602e-01	8.308575e-01	8.482178e-01
8.662185e-01	9.037827e-01	9.428594e-01	9.826906e-01	1.023389e+00	1.065509e+00
1.109863e+00	1.156786e+00	1.206428e+00	1.259270e+00	1.316379e+00	1.377935e+00
1.440983e+00	1.497841e+00	1.539503e+00	1.563419e+00	1.575744e+00	1.582981e+00
1.589319e+00	1.591553e+00	1.587944e+00	1.587660e+00	1.589795e+00	1.590074e+00
1.589898e+00	1.589851e+00	1.589821e+00	1.589844e+00	9.176588e-01	9.368879e-01
9.564378e-01	9.765594e-01	9.972436e-01	1.040002e+00	1.084078e+00	1.128806e+00
1.174300e+00	1.221133e+00	1.270096e+00	1.321476e+00	1.375279e+00	1.431891e+00
1.492420e+00	1.557067e+00	1.622751e+00	1.681735e+00	1.725159e+00	1.750962e+00
1.763434e+00	1.768755e+00	1.774182e+00	1.777169e+00	1.773952e+00	1.773857e+00
1.776539e+00	1.776901e+00	1.776715e+00	1.776705e+00	1.776634e+00	1.776681e+00
1.055516e+00	1.078443e+00	1.101496e+00	1.124759e+00	1.148276e+00	1.196097e+00
1.244848e+00	1.294475e+00	1.345053e+00	1.396912e+00	1.450466e+00	1.505980e+00
1.563600e+00	1.623756e+00	1.687278e+00	1.754100e+00	1.821050e+00	1.880642e+00
1.924853e+00	1.953568e+00	1.967949e+00	1.970658e+00	1.975317e+00	1.980431e+00
1.978632e+00	1.978519e+00	1.980952e+00	1.981299e+00	1.981117e+00	1.981188e+00
1.981043e+00	1.981130e+00	1.212471e+00	1.238913e+00	1.265362e+00	1.291819e+00
1.318351e+00	1.371816e+00	1.425790e+00	1.480395e+00	1.535702e+00	1.591988e+00
1.649622e+00	1.708837e+00	1.769763e+00	1.832745e+00	1.898433e+00	1.966603e+00
2.034089e+00	2.093789e+00	2.138388e+00	2.168590e+00	2.184684e+00	2.187199e+00
2.192002e+00	2.198187e+00	2.198784e+00	2.198947e+00	2.200526e+00	2.200756e+00
2.200679e+00	2.200743e+00	2.200650e+00	2.200705e+00	1.391287e+00	1.421221e+00
1.451092e+00	1.480860e+00	1.510600e+00	1.570205e+00	1.629810e+00	1.689416e+00
1.749123e+00	1.809295e+00	1.870500e+00	1.932931e+00	1.996600e+00	2.061677e+00
2.128660e+00	2.197197e+00	2.264251e+00	2.323306e+00	2.367809e+00	2.398591e+00
2.416521e+00	2.420590e+00	2.426264e+00	2.432910e+00	2.436884e+00	2.437550e+00
2.437672e+00	2.437680e+00	2.437789e+00	2.437788e+00	2.437833e+00	2.437806e+00
1.591852e+00	1.625555e+00	1.659088e+00	1.692340e+00	1.725395e+00	1.791180e+00
1.856218e+00	1.920415e+00	1.983931e+00	2.047298e+00	2.111380e+00	2.176326e+00
2.241997e+00	2.308283e+00	2.375349e+00	2.442643e+00	2.507523e+00	2.564814e+00
2.609331e+00	2.641467e+00	2.661677e+00	2.667264e+00	2.673867e+00	2.681185e+00
2.688930e+00	2.690347e+00	2.688928e+00	2.688578e+00	2.688833e+00	2.688867e+00
2.688874e+00	2.688883e+00	1.814723e+00	1.852409e+00	1.889780e+00	1.926594e+00
1.962955e+00	2.034664e+00	2.104557e+00	2.172504e+00	2.238767e+00	2.304204e+00
2.370120e+00	2.436615e+00	2.503336e+00	2.569709e+00	2.635291e+00	2.699203e+00
2.759633e+00	2.813858e+00	2.858924e+00	2.893866e+00	2.916952e+00	2.923729e+00
2.931181e+00	2.939467e+00	2.951316e+00	2.953865e+00	2.950917e+00	2.949997e+00
2.950320e+00	2.950558e+00	2.950223e+00	2.950473e+00	2.061032e+00	2.103052e+00
2.144442e+00	2.184736e+00	2.224092e+00	2.300695e+00	2.374230e+00	2.445020e+00
2.513347e+00	2.580067e+00	2.646480e+00	2.712708e+00	2.778587e+00	2.843504e+00
2.906609e+00	2.966811e+00	3.022790e+00	3.073251e+00	3.116698e+00	3.152122e+00
3.178192e+00	3.187678e+00	3.197484e+00	3.207428e+00	3.222767e+00	3.225675e+00
3.221384e+00	3.220215e+00	3.220604e+00	3.220954e+00	3.220510e+00	3.220819e+00
2.329858e+00	2.376533e+00	2.422099e+00	2.465736e+00	2.507698e+00	2.587951e+00
2.663616e+00	2.735917e+00	2.805135e+00	2.871900e+00	2.937194e+00	3.001226e+00
3.064231e+00	3.125850e+00	3.185109e+00	3.240887e+00	3.292146e+00	3.338227e+00
3.378523e+00	3.413003e+00	3.442181e+00	3.455130e+00	3.468153e+00	3.480208e+00
3.498376e+00	3.501197e+00	3.495903e+00	3.494717e+00	3.495171e+00	3.495549e+00
3.495166e+00	3.495404e+00	2.618295e+00	2.669482e+00	2.719086e+00	2.765886e+00
2.810225e+00	2.893461e+00	2.970155e+00	3.042216e+00	3.110127e+00	3.174641e+00
3.236871e+00	3.297076e+00	3.355454e+00	3.411663e+00	3.464943e+00	3.514456e+00
3.559700e+00	3.600971e+00	3.638776e+00	3.673605e+00	3.705910e+00	3.721020e+00
3.736273e+00	3.750147e+00	3.770721e+00	3.774053e+00	3.768343e+00	3.767014e+00
3.767532e+00	3.767945e+00	3.767511e+00	3.767774e+00	2.928089e+00	2.980813e+00
3.032085e+00	3.080774e+00	3.127143e+00	3.214268e+00	3.293234e+00	3.364347e+00
3.428274e+00	3.486838e+00	3.542607e+00	3.596099e+00	3.647332e+00	3.696018e+00
3.741977e+00	3.785001e+00	3.824835e+00	3.861904e+00	3.896936e+00	3.930895e+00
3.964857e+00	3.981903e+00	3.999539e+00	4.015312e+00	4.036748e+00	4.040658e+00
4.035500e+00	4.034066e+00	4.034679e+00	4.035145e+00	4.034637e+00	4.034967e+00
3.253809e+00	3.310402e+00	3.364928e+00	3.415809e+00	3.463403e+00	3.550711e+00
3.627157e+00	3.693848e+00	3.751867e+00	3.803447e+00	3.851712e+00	3.897198e+00
3.939791e+00	3.979362e+00	4.016384e+00	4.051384e+00	4.084467e+00	4.116428e+00
4.148415e+00	4.181706e+00	4.217297e+00	4.235720e+00	4.254769e+00	4.271448e+00
4.293102e+00	4.297231e+00	4.293511e+00	4.292425e+00	4.293053e+00	4.293422e+00
4.293084e+00	4.293316e+00	3.587089e+00	3.651447e+00	3.711935e+00	3.765604e+00
3.813202e+00	3.894970e+00	3.961858e+00	4.019586e+00	4.069784e+00	4.113923e+00
4.154192e+00	4.190791e+00	4.223550e+00	4.252629e+00	4.279218e+00	4.304677e+00
4.329626e+00	4.355546e+00	4.384255e+00	4.417064e+00	4.454013e+00	4.472992e+00
4.492131e+00	4.508371e+00	4.529250e+00	4.533160e+00	4.531930e+00	4.531710e+00
4.532230e+00	4.532340e+00	4.532420e+00	4.532380e+00	3.931793e+00	3.999984e+00
4.063199e+00	4.117663e+00	4.164362e+00	4.240732e+00	4.298744e+00	4.346175e+00
4.385258e+00	4.417914e+00	4.446816e+00	4.471967e+00	4.492737e+00	4.509431e+00
4.524623e+00	4.540957e+00	4.559160e+00	4.580214e+00	4.605279e+00	4.635243e+00
4.670310e+00	4.689220e+00	4.708619e+00	4.724357e+00	4.741118e+00	4.745152e+00
4.747871e+00	4.748276e+00	4.748613e+00	4.748633e+00	4.748732e+00	4.748702e+00
4.291491e+00	4.361772e+00	4.426167e+00	4.480200e+00	4.525051e+00	4.594609e+00
4.642373e+00	4.677452e+00	4.702799e+00	4.721275e+00	4.736549e+00	4.748465e+00
4.755761e+00	4.758824e+00	4.761823e+00	4.768787e+00	4.780369e+00	4.796589e+00
4.817445e+00	4.843210e+00	4.874604e+00	4.892821e+00	4.912109e+00	4.926949e+00
4.937953e+00	4.942126e+00	4.949455e+00	4.950453e+00	4.950562e+00	4.950540e+00
4.950532e+00	4.950601e+00	4.658490e+00	4.730403e+00	4.795294e+00	4.847832e+00
4.889458e+00	4.948956e+00	4.983069e+00	5.002855e+00	5.012113e+00	5.014518e+00
5.014588e+00	5.012088e+00	5.005195e+00	4.994334e+00	4.984968e+00	4.982168e+00
4.986462e+00	4.996897e+00	5.012354e+00	5.032448e+00	5.058181e+00	5.074386e+00
5.092183e+00	5.104995e+00	5.108903e+00	5.112895e+00	5.125086e+00	5.126770e+00
5.126614e+00	5.126523e+00	5.126436e+00	5.126585e+00	5.025872e+00	5.098514e+00
5.162848e+00	5.212586e+00	5.249493e+00	5.295712e+00	5.313031e+00	5.314866e+00
5.305949e+00	5.290677e+00	5.274295e+00	5.256569e+00	5.235183e+00	5.210524e+00
5.189003e+00	5.176362e+00	5.172950e+00	5.176845e+00	5.185870e+00	5.198991e+00
5.217347e+00	5.230426e+00	5.245585e+00	5.255503e+00	5.251570e+00	5.255131e+00
5.272030e+00	5.274403e+00	5.273969e+00	5.273804e+00	5.273645e+00	5.273865e+00
5.391961e+00	5.463998e+00	5.526328e+00	5.571630e+00	5.602052e+00	5.631422e+00
5.628676e+00	5.610006e+00	5.581046e+00	5.546791e+00	5.512950e+00	5.479446e+00
5.443707e+00	5.405969e+00	5.372887e+00	5.350136e+00	5.337898e+00	5.333613e+00
5.334397e+00	5.338708e+00	5.347495e+00	5.355869e+00	5.366685e+00	5.372583e+00
5.360510e+00	5.363241e+00	5.383852e+00	5.386796e+00	5.386093e+00	5.385860e+00
5.385649e+00	5.385910e+00	5.762300e+00	5.832601e+00	5.891700e+00	5.931169e+00
5.953600e+00	5.963103e+00	5.937561e+00	5.896253e+00	5.845677e+00	5.791315e+00
5.739165e+00	5.689372e+00	5.639214e+00	5.588688e+00	5.544290e+00	5.511235e+00
5.489560e+00	5.476261e+00	5.467947e+00	5.462663e+00	5.461065e+00	5.464184e+00
5.470096e+00	5.471685e+00	5.451748e+00	5.453544e+00	5.477292e+00	5.480729e+00
5.479775e+00	5.479482e+00	5.479226e+00	5.479517e+00	6.138308e+00	6.205114e+00
6.259158e+00	6.290869e+00	6.303352e+00	6.289256e+00	6.237722e+00	6.171390e+00
6.097520e+00	6.021815e+00	5.950322e+00	5.883374e+00	5.818345e+00	5.754927e+00
5.698952e+00	5.654760e+00	5.622223e+00	5.598156e+00	5.578960e+00	5.562459e+00
5.548774e+00	5.545337e+00	5.544684e+00	5.541037e+00	5.514986e+00	5.515449e+00
5.539271e+00	5.542763e+00	5.541660e+00	5.541327e+00	5.541051e+00	5.541358e+00
6.513247e+00	6.574506e+00	6.621436e+00	6.643313e+00	6.643818e+00	6.602470e+00
6.522078e+00	6.428824e+00	6.330549e+00	6.232843e+00	6.141542e+00	6.057119e+00
5.977287e+00	5.901341e+00	5.833986e+00	5.778354e+00	5.734211e+00	5.698512e+00
5.667758e+00	5.639747e+00	5.614006e+00	5.604025e+00	5.596899e+00	5.588431e+00
5.557561e+00	5.556774e+00	5.580182e+00	5.583696e+00	5.582476e+00	5.582103e+00
5.581807e+00	5.582143e+00	6.896109e+00	6.949393e+00	6.986805e+00	6.996499e+00
6.982806e+00	6.910317e+00	6.798096e+00	6.675921e+00	6.551978e+00	6.431362e+00
6.319412e+00	6.216674e+00	6.121329e+00	6.032315e+00	5.952813e+00	5.884637e+00
5.827476e+00	5.778657e+00	5.735093e+00	5.694721e+00	5.656510e+00	5.639336e+00
5.623093e+00	5.608256e+00	5.577183e+00	5.574505e+00	5.589725e+00	5.591979e+00
5.590952e+00	5.590653e+00	5.590433e+00	5.590664e+00	7.285476e+00	7.328737e+00
7.354632e+00	7.350100e+00	7.320140e+00	7.212580e+00	7.065275e+00	6.912017e+00
6.761109e+00	6.616716e+00	6.483361e+00	6.361608e+00	6.250149e+00	6.147607e+00
6.055361e+00	5.973905e+00	5.902952e+00	5.839866e+00	5.782188e+00	5.728534e+00
5.676848e+00	5.652346e+00	5.631064e+00	5.612949e+00	5.582708e+00	5.579091e+00
5.589917e+00	5.591573e+00	5.590656e+00	5.590401e+00	5.590211e+00	5.590395e+00
7.693557e+00	7.718335e+00	7.724845e+00	7.699975e+00	7.649445e+00	7.502509e+00
7.319648e+00	7.135765e+00	6.958498e+00	6.790658e+00	6.635606e+00	6.493959e+00
6.364851e+00	6.246694e+00	6.139189e+00	6.041768e+00	5.953960e+00	5.875931e+00
5.806155e+00	5.741774e+00	5.680283e+00	5.649819e+00	5.619662e+00	5.596586e+00
5.570919e+00	5.565200e+00	5.564050e+00	5.564051e+00	5.563452e+00	5.563331e+00
5.563293e+00	5.563306e+00	8.243099e+00	8.167326e+00	8.090290e+00	8.006109e+00
7.915582e+00	7.725386e+00	7.528415e+00	7.335597e+00	7.149148e+00	6.969547e+00
6.797740e+00	6.634361e+00	6.479674e+00	6.333892e+00	6.198410e+00	6.074830e+00
5.963797e+00	5.867855e+00	5.787798e+00	5.716978e+00	5.652808e+00	5.624131e+00
5.597961e+00	5.577088e+00	5.530872e+00	5.509212e+00	5.511350e+00	5.513799e+00
5.511451e+00	5.510410e+00	5.511948e+00	5.511073e+00	8.652164e+00	8.555991e+00
8.451836e+00	8.338363e+00	8.220293e+00	7.984160e+00	7.750761e+00	7.525543e+00
7.309633e+00	7.103216e+00	6.907117e+00	6.722822e+00	6.549806e+00	6.386609e+00
6.234566e+00	6.094724e+00	5.967654e+00	5.856948e+00	5.761553e+00	5.677790e+00
5.603499e+00	5.572845e+00	5.548759e+00	5.529127e+00	5.467408e+00	5.438269e+00
5.437009e+00	5.439592e+00	5.436393e+00	5.435159e+00	5.437105e+00	5.436003e+00
8.901031e+00	8.859956e+00	8.798970e+00	8.703640e+00	8.581478e+00	8.295849e+00
7.987187e+00	7.696767e+00	7.430370e+00	7.186745e+00	6.964642e+00	6.763122e+00
6.579053e+00	6.409306e+00	6.251570e+00	6.104935e+00	5.968991e+00	5.843218e+00
5.727136e+00	5.619715e+00	5.517744e+00	5.467379e+00	5.418404e+00	5.384501e+00
5.364399e+00	5.355568e+00	5.328805e+00	5.323495e+00	5.323145e+00	5.324085e+00
5.322735e+00	5.323465e+00	9.245827e+00	9.195496e+00	9.119413e+00	9.002445e+00
8.854377e+00	8.512741e+00	8.150842e+00	7.818185e+00	7.520570e+00	7.251705e+00
7.003806e+00	6.778545e+00	6.575540e+00	6.395231e+00	6.225732e+00	6.067696e+00
5.921150e+00	5.777057e+00	5.640793e+00	5.514894e+00	5.396420e+00	5.336830e+00
5.277126e+00	5.235200e+00	5.218792e+00	5.213873e+00	5.180810e+00	5.174270e+00
5.174580e+00	5.175722e+00	5.174152e+00	5.174939e+00	9.634192e+00	9.536370e+00
9.418518e+00	9.265395e+00	9.085271e+00	8.688765e+00	8.282765e+00	7.915180e+00
7.590175e+00	7.299014e+00	7.031061e+00	6.787900e+00	6.565825e+00	6.360569e+00
6.166077e+00	5.984828e+00	5.817102e+00	5.658800e+00	5.509890e+00	5.372452e+00
5.244643e+00	5.181024e+00	5.116785e+00	5.069306e+00	5.038606e+00	5.027912e+00
5.002023e+00	4.997928e+00	4.997769e+00	4.998095e+00	4.997803e+00	4.997802e+00
1.002365e+01	9.850635e+00	9.665413e+00	9.460796e+00	9.243618e+00	8.801733e+00
8.374137e+00	7.978944e+00	7.620815e+00	7.303057e+00	7.024876e+00	6.771382e+00
6.531733e+00	6.301054e+00	6.085223e+00	5.884827e+00	5.699710e+00	5.527015e+00
5.365124e+00	5.213289e+00	5.068591e+00	4.997326e+00	4.927602e+00	4.876057e+00
4.831846e+00	4.817791e+00	4.799844e+00	4.797704e+00	4.797017e+00	4.796915e+00
4.796983e+00	4.796805e+00	1.040274e+01	1.013297e+01	9.866793e+00	9.606687e+00
9.354085e+00	8.875283e+00	8.433637e+00	8.018472e+00	7.634853e+00	7.286981e+00
6.972792e+00	6.685313e+00	6.421783e+00	6.178931e+00	5.952617e+00	5.739826e+00
5.541685e+00	5.357515e+00	5.185590e+00	5.018553e+00	4.850761e+00	4.769507e+00
4.695324e+00	4.642241e+00	4.580614e+00	4.563442e+00	4.557828e+00	4.557969e+00
4.556379e+00	4.556051e+00	4.555789e+00	4.555932e+00	1.065914e+01	1.035751e+01
1.005835e+01	9.765651e+00	9.482432e+00	8.948616e+00	8.443844e+00	8.005389e+00
7.608040e+00	7.238401e+00	6.897677e+00	6.590233e+00	6.308639e+00	6.047325e+00
5.802987e+00	5.573768e+00	5.360406e+00	5.161610e+00	4.974567e+00	4.792620e+00
4.611541e+00	4.524541e+00	4.444778e+00	4.386131e+00	4.314580e+00	4.296662e+00
4.294843e+00	4.295498e+00	4.293645e+00	4.293244e+00	4.292924e+00	4.293120e+00
1.086468e+01	1.055209e+01	1.023886e+01	9.924655e+00	9.613543e+00	9.016159e+00
8.448675e+00	7.960620e+00	7.527029e+00	7.138977e+00	6.790863e+00	6.476116e+00
6.181402e+00	5.899548e+00	5.633721e+00	5.386678e+00	5.157682e+00	4.943080e+00
4.738468e+00	4.542921e+00	4.355898e+00	4.266168e+00	4.180529e+00	4.114277e+00
4.038242e+00	4.021048e+00	4.017374e+00	4.017320e+00	4.015618e+00	4.015273e+00
4.015025e+00	4.015132e+00	1.106693e+01	1.072612e+01	1.038372e+01	1.004004e+01
9.699571e+00	9.043645e+00	8.447220e+00	7.913305e+00	7.447610e+00	7.038716e+00
6.676302e+00	6.348132e+00	6.038301e+00	5.739015e+00	5.456192e+00	5.193974e+00
4.950681e+00	4.721822e+00	4.502780e+00	4.295377e+00	4.100753e+00	4.007324e+00
3.916121e+00	3.844321e+00	3.767042e+00	3.749801e+00	3.742225e+00	3.741366e+00
3.739821e+00	3.739542e+00	3.739360e+00	3.739389e+00	1.126615e+01	1.087811e+01
1.049398e+01	1.011744e+01	9.750723e+00	9.052037e+00	8.420515e+00	7.860413e+00
7.369520e+00	6.935803e+00	6.547692e+00	6.195224e+00	5.867002e+00	5.556240e+00
5.263801e+00	4.990200e+00	4.734162e+00	4.492766e+00	4.263134e+00	4.045730e+00
3.840847e+00	3.742156e+00	3.645501e+00	3.570710e+00	3.496702e+00	3.478378e+00
3.463685e+00	3.461802e+00	3.460447e+00	3.460257e+00	3.460137e+00	3.460096e+00
1.145024e+01	1.100756e+01	1.057664e+01	1.016669e+01	9.776662e+00	9.049609e+00
8.393357e+00	7.810211e+00	7.293478e+00	6.832765e+00	6.417869e+00	6.041426e+00
5.696021e+00	5.375374e+00	5.074856e+00	4.791212e+00	4.523775e+00	4.271466e+00
4.033223e+00	3.807447e+00	3.593766e+00	3.491074e+00	3.389835e+00	3.311526e+00
3.237708e+00	3.218698e+00	3.200378e+00	3.197987e+00	3.196648e+00	3.196467e+00
3.196394e+00	3.196322e+00	1.160548e+01	1.111456e+01	1.064276e+01	1.020429e+01
9.794860e+00	9.039206e+00	8.364275e+00	7.759597e+00	7.218348e+00	6.732208e+00
6.292871e+00	5.894752e+00	5.532845e+00	5.201282e+00	4.892125e+00	4.599723e+00
4.323464e+00	4.062836e+00	3.817436e+00	3.584426e+00	3.363193e+00	3.257221e+00
3.152088e+00	3.069993e+00	2.993084e+00	2.973597e+00	2.954964e+00	2.952531e+00
2.951027e+00	2.950818e+00	2.950727e+00	2.950684e+00	1.171783e+01	1.119980e+01
1.070356e+01	1.024517e+01	9.818358e+00	9.030437e+00	8.328626e+00	7.702388e+00
7.142639e+00	6.639475e+00	6.183400e+00	5.768723e+00	5.390815e+00	5.044655e+00
4.723953e+00	4.423901e+00	4.142544e+00	3.876920e+00	3.624907e+00	3.385043e+00
3.156838e+00	3.047206e+00	2.938418e+00	2.852877e+00	2.770507e+00	2.750272e+00
2.733150e+00	2.730943e+00	2.729153e+00	2.728948e+00	2.728749e+00	2.728775e+00
1.181275e+01	1.126986e+01	1.075142e+01	1.027555e+01	9.834223e+00	9.018321e+00
8.293879e+00	7.649156e+00	7.073323e+00	6.555651e+00	6.086186e+00	5.659118e+00
5.269819e+00	4.913339e+00	4.583649e+00	4.276000e+00	3.988123e+00	3.716502e+00
3.458422e+00	3.212639e+00	2.977546e+00	2.863993e+00	2.751265e+00	2.662250e+00
2.574804e+00	2.553409e+00	2.536990e+00	2.535054e+00	2.533136e+00	2.532846e+00
2.532744e+00	2.532667e+00	1.189200e+01	1.132622e+01	1.078771e+01	1.029650e+01
9.842516e+00	9.004692e+00	8.262202e+00	7.603461e+00	7.015888e+00	6.487803e+00
6.008746e+00	5.572762e+00	5.175150e+00	4.810888e+00	4.473977e+00	4.159609e+00
3.865303e+00	3.587281e+00	3.322475e+00	3.069601e+00	2.826578e+00	2.708581e+00
2.591457e+00	2.498755e+00	2.406229e+00	2.383289e+00	2.366245e+00	2.364365e+00
2.362421e+00	2.362087e+00	2.362019e+00	2.361836e+00	1.195335e+01	1.136775e+01
1.081237e+01	1.030902e+01	9.845773e+00	8.990961e+00	8.236399e+00	7.568631e+00
6.973850e+00	6.439459e+00	5.954514e+00	5.512920e+00	5.109886e+00	4.740239e+00
4.397846e+00	4.077774e+00	3.777392e+00	3.492798e+00	3.220650e+00	2.959238e+00
2.706510e+00	2.582987e+00	2.460235e+00	2.362846e+00	2.264606e+00	2.239704e+00
2.220714e+00	2.218643e+00	2.216722e+00	2.216392e+00	2.216272e+00	2.216012e+00
1.199927e+01	1.139717e+01	1.082796e+01	1.031586e+01	9.846467e+00	8.981382e+00
8.220350e+00	7.547315e+00	6.948433e+00	6.410767e+00	5.923230e+00	5.479409e+00
5.074118e+00	4.701625e+00	4.355062e+00	4.029145e+00	3.721574e+00	3.429039e+00
3.148028e+00	2.878644e+00	2.614984e+00	2.484275e+00	2.353631e+00	2.249333e+00
2.143830e+00	2.116589e+00	2.095136e+00	2.092769e+00	2.090786e+00	2.090448e+00
2.090295e+00	2.089882e+00	1.203275e+01	1.141809e+01	1.083866e+01	1.032037e+01
9.846936e+00	8.974512e+00	8.209307e+00	7.532756e+00	6.931161e+00	6.391390e+00
5.902278e+00	5.457148e+00	5.050497e+00	4.676154e+00	4.326660e+00	3.996421e+00
3.683381e+00	3.384725e+00	3.096833e+00	2.818896e+00	2.542886e+00	2.403996e+00
2.263776e+00	2.150776e+00	2.036868e+00	2.007312e+00	1.983443e+00	1.980746e+00
1.978611e+00	1.978257e+00	1.978073e+00	1.977626e+00	1.203856e+01	1.142065e+01
1.083953e+01	1.032074e+01	9.847976e+00	8.975061e+00	8.210420e+00	7.534081e+00
6.932524e+00	6.392658e+00	5.903351e+00	5.457949e+00	5.050944e+00	4.676157e+00
4.326094e+00	3.995074e+00	3.680875e+00	3.380451e+00	3.090077e+00	2.797845e+00
2.500905e+00	2.348904e+00	2.194638e+00	2.067673e+00	1.942301e+00	1.910815e+00
1.884899e+00	1.881793e+00	1.879311e+00	1.878943e+00	1.878679e+00	1.878550e+00
1.203916e+01	1.141836e+01	1.083609e+01	1.031952e+01	9.850253e+00	8.983487e+00
8.224603e+00	7.551704e+00	6.952110e+00	6.413191e+00	5.924139e+00	5.478522e+00
5.070946e+00	4.695430e+00	4.344680e+00	4.012818e+00	3.696650e+00	3.391508e+00
3.092342e+00	2.789812e+00	2.476984e+00	2.313385e+00	2.143547e+00	1.999893e+00
1.860111e+00	1.826650e+00	1.799129e+00	1.795618e+00	1.792563e+00	1.792145e+00
1.791824e+00	1.792451e+00	1.202602e+01	1.140739e+01	1.082869e+01	1.031806e+01
9.856805e+00	8.999830e+00	8.247793e+00	7.578335e+00	6.980280e+00	6.442298e+00
5.954590e+00	5.510711e+00	5.104924e+00	4.730886e+00	4.380813e+00	4.048370e+00
3.729953e+00	3.420063e+00	3.111685e+00	2.802317e+00	2.480749e+00	2.310852e+00
2.114881e+00	1.950939e+00	1.789410e+00	1.752019e+00	1.724615e+00	1.721132e+00
1.716842e+00	1.716112e+00	1.716105e+00	1.718981e+00	1.198667e+01	1.138084e+01
1.081473e+01	1.031594e+01	9.867261e+00	9.026323e+00	8.283047e+00	7.617673e+00
7.021191e+00	6.484562e+00	5.999896e+00	5.560588e+00	5.160088e+00	4.790969e+00
4.443887e+00	4.111613e+00	3.791167e+00	3.478230e+00	3.165800e+00	2.843780e+00
2.497156e+00	2.310241e+00	2.094179e+00	1.911620e+00	1.726747e+00	1.684625e+00
1.658085e+00	1.654819e+00	1.649039e+00	1.647890e+00	1.648366e+00	1.654061e+00
1.194744e+01	1.135208e+01	1.079732e+01	1.031150e+01	9.870249e+00	9.049397e+00
8.318211e+00	7.660386e+00	7.068547e+00	6.535493e+00	6.055002e+00	5.620532e+00
5.225027e+00	4.860335e+00	4.516111e+00	4.184505e+00	3.862798e+00	3.547174e+00
3.230095e+00	2.895191e+00	2.521931e+00	2.313356e+00	2.090158e+00	1.888316e+00
1.674374e+00	1.625722e+00	1.599951e+00	1.597054e+00	1.589594e+00	1.587927e+00
1.589202e+00	1.598141e+00	1.190817e+01	1.131897e+01	1.077202e+01	1.029657e+01
9.868089e+00	9.067876e+00	8.353014e+00	7.708703e+00	7.127885e+00	6.603652e+00
6.129984e+00	5.700650e+00	5.309014e+00	4.947258e+00	4.605412e+00	4.275647e+00
3.954827e+00	3.638237e+00	3.316803e+00	2.970993e+00	2.575957e+00	2.350868e+00
2.102060e+00	1.874440e+00	1.631609e+00	1.575190e+00	1.550097e+00	1.547694e+00
1.538418e+00	1.536150e+00	1.538530e+00	1.551189e+00	1.186402e+01	1.128217e+01
1.074433e+01	1.028073e+01	9.865937e+00	9.088068e+00	8.390901e+00	7.761216e+00
7.192386e+00	6.677857e+00	6.211887e+00	5.788611e+00	5.401759e+00	5.043855e+00
4.705260e+00	4.378205e+00	4.059095e+00	3.742388e+00	3.417372e+00	3.061100e+00
2.643731e+00	2.400853e+00	2.124634e+00	1.875053e+00	1.598165e+00	1.532240e+00
1.507415e+00	1.505576e+00	1.494369e+00	1.491485e+00	1.494648e+00	1.509198e+00
1.181488e+01	1.124160e+01	1.071430e+01	1.026427e+01	9.864067e+00	9.110062e+00
8.431971e+00	7.817997e+00	7.262103e+00	6.758183e+00	6.300887e+00	5.884740e+00
5.503779e+00	5.150848e+00	4.816570e+00	4.493240e+00	4.176841e+00	3.861108e+00
3.533673e+00	3.167954e+00	2.728603e+00	2.467494e+00	2.165543e+00	1.886443e+00
1.573632e+00	1.496370e+00	1.471343e+00	1.470114e+00	1.456870e+00	1.453356e+00
1.457228e+00	1.471972e+00	1.176399e+01	1.119961e+01	1.068356e+01	1.024812e+01
9.863021e+00	9.133387e+00	8.475193e+00	7.877654e+00	7.335428e+00	6.842867e+00
6.395043e+00	5.986843e+00	5.612661e+00	5.265686e+00	4.936890e+00	4.618565e+00
4.306328e+00	3.992986e+00	3.664541e+00	3.290839e+00	2.830533e+00	2.550817e+00
2.221338e+00	1.912134e+00	1.557992e+00	1.469148e+00	1.441125e+00	1.440134e+00
1.425307e+00	1.421369e+00	1.426054e+00	1.439610e+00	1.171831e+01	1.116296e+01
1.065802e+01	1.023719e+01	9.867375e+00	9.160552e+00	8.521007e+00	7.938691e+00
7.408951e+00	6.926707e+00	6.487579e+00	6.086973e+00	5.719827e+00	5.379953e+00
5.059082e+00	4.749634e+00	4.446101e+00	4.139020e+00	3.812207e+00	3.434285e+00
2.957110e+00	2.656943e+00	2.290144e+00	1.939382e+00	1.548325e+00	1.456211e+00
1.414687e+00	1.411401e+00	1.398681e+00	1.395679e+00	1.400321e+00	1.411927e+00
1.166751e+01	1.112214e+01	1.062918e+01	1.022360e+01	9.868893e+00	9.185748e+00
8.565681e+00	7.999417e+00	7.483053e+00	7.012148e+00	6.582923e+00	6.191214e+00
5.832366e+00	5.500638e+00	5.188235e+00	4.887665e+00	4.592602e+00	4.291948e+00
3.967749e+00	3.587048e+00	3.094803e+00	2.775382e+00	2.372431e+00	1.978495e+00
1.546845e+00	1.446582e+00	1.392364e+00	1.387390e+00	1.375771e+00	1.373212e+00
1.377683e+00	1.387001e+00	1.161228e+01	1.107730e+01	1.059661e+01	1.020600e+01
9.866783e+00	9.207472e+00	8.607577e+00	8.058481e+00	7.556935e+00	7.099098e+00
6.681762e+00	6.300998e+00	5.952287e+00	5.629939e+00	5.326028e+00	5.033014e+00
4.744529e+00	4.449326e+00	4.128608e+00	3.746704e+00	3.241728e+00	2.906164e+00
2.473802e+00	2.042769e+00	1.556649e+00	1.440125e+00	1.375100e+00	1.369141e+00
1.356594e+00	1.353884e+00	1.357814e+00	1.365052e+00	1.158152e+01	1.105159e+01
1.057786e+01	1.019737e+01	9.868529e+00	9.228174e+00	8.645623e+00	8.112825e+00
7.626587e+00	7.183076e+00	6.779047e+00	6.410622e+00	6.073282e+00	5.761201e+00
5.466110e+00	5.180355e+00	4.898151e+00	4.609263e+00	4.295148e+00	3.917877e+00
3.407246e+00	3.057011e+00	2.591915e+00	2.119252e+00	1.575566e+00	1.441237e+00
1.365004e+00	1.356637e+00	1.340083e+00	1.338126e+00	1.338793e+00	1.347021e+00
1.155600e+01	1.103020e+01	1.056235e+01	1.019056e+01	9.871977e+00	9.248464e+00
8.682263e+00	8.165392e+00	7.694549e+00	7.265769e+00	6.875592e+00	6.520134e+00
6.194833e+00	5.893662e+00	5.607938e+00	5.329859e+00	5.054437e+00	4.772870e+00
4.467310e+00	4.097827e+00	3.585682e+00	3.222480e+00	2.724723e+00	2.209150e+00
1.604635e+00	1.444217e+00	1.357137e+00	1.346273e+00	1.325453e+00	1.324270e+00
1.321422e+00	1.331123e+00	1.152458e+01	1.100495e+01	1.054473e+01	1.018277e+01
9.874785e+00	9.269404e+00	8.719857e+00	8.218602e+00	7.762396e+00	7.347369e+00
6.970074e+00	6.626769e+00	6.312990e+00	6.022749e+00	5.747268e+00	5.478703e+00
5.212418e+00	4.940154e+00	4.644002e+00	4.281719e+00	3.767679e+00	3.394018e+00
2.870535e+00	2.316066e+00	1.641771e+00	1.451682e+00	1.349882e+00	1.336723e+00
1.313374e+00	1.312094e+00	1.308078e+00	1.317328e+00	1.148740e+01	1.097630e+01
1.052552e+01	1.017434e+01	9.877378e+00	9.290965e+00	8.758042e+00	8.271800e+00
7.829241e+00	7.426828e+00	7.061352e+00	6.729340e+00	6.426547e+00	6.147224e+00
5.882798e+00	5.625510e+00	5.370692e+00	5.109754e+00	4.823982e+00	4.468829e+00
3.953775e+00	3.573212e+00	3.033135e+00	2.447115e+00	1.695073e+00	1.474110e+00
1.343790e+00	1.328167e+00	1.303618e+00	1.301737e+00	1.297852e+00	1.305620e+00
1.144112e+01	1.094148e+01	1.050266e+01	1.016411e+01	9.880142e+00	9.313627e+00
8.797129e+00	8.324611e+00	7.893754e+00	7.501864e+00	7.146560e+00	6.824747e+00
6.532468e+00	6.264264e+00	6.011888e+00	5.767591e+00	5.526108e+00	5.277504e+00
5.002031e+00	4.655553e+00	4.145051e+00	3.761203e+00	3.206698e+00	2.588021e+00
1.758038e+00	1.507274e+00	1.340355e+00	1.318585e+00	1.295911e+00	1.293562e+00
1.289380e+00	1.295399e+00	1.139035e+01	1.090396e+01	1.047854e+01	1.015353e+01
9.883152e+00	9.336877e+00	8.836438e+00	8.376745e+00	7.956422e+00	7.573882e+00
7.227854e+00	6.915654e+00	6.633652e+00	6.376729e+00	6.137072e+00	5.906957e+00
5.680240e+00	5.445015e+00	5.180285e+00	4.843934e+00	4.342273e+00	3.958352e+00
3.392431e+00	2.741412e+00	1.832393e+00	1.554815e+00	1.337854e+00	1.309149e+00
1.289344e+00	1.286575e+00	1.281982e+00	1.286216e+00	1.135996e+01	1.088202e+01
1.046578e+01	1.015078e+01	9.887748e+00	9.358542e+00	8.871608e+00	8.423501e+00
8.013428e+00	7.640473e+00	7.304042e+00	7.001760e+00	6.730249e+00	6.484661e+00
6.257459e+00	6.041008e+00	5.828762e+00	5.607754e+00	5.356322e+00	5.033716e+00
4.545099e+00	4.163563e+00	3.589008e+00	2.908050e+00	1.916891e+00	1.606872e+00
1.338024e+00	1.305999e+00	1.283353e+00	1.280312e+00	1.274670e+00	1.278538e+00
1.134478e+01	1.087145e+01	1.046055e+01	1.015209e+01	9.896433e+00	9.378576e+00
8.902287e+00	8.464305e+00	8.064025e+00	7.700798e+00	7.374258e+00	7.082190e+00
6.821341e+00	6.586999e+00	6.371624e+00	6.167715e+00	5.968991e+00	5.762775e+00
5.527734e+00	5.223658e+00	4.753569e+00	4.377275e+00	3.797087e+00	3.090312e+00
2.016870e+00	1.665868e+00	1.346725e+00	1.305507e+00	1.277954e+00	1.274887e+00
1.267206e+00	1.272407e+00	1.133324e+01	1.086274e+01	1.045522e+01	1.015201e+01
9.901477e+00	9.392940e+00	8.926217e+00	8.497877e+00	8.107133e+00	7.753258e+00
7.435751e+00	7.152741e+00	6.901486e+00	6.677967e+00	6.475499e+00	6.286942e+00
6.105105e+00	5.914999e+00	5.693569e+00	5.402005e+00	4.947329e+00	4.583269e+00
4.018751e+00	3.303670e+00	2.129112e+00	1.725658e+00	1.357016e+00	1.306998e+00
1.273290e+00	1.268806e+00	1.263073e+00	1.266683e+00	1.132326e+01	1.085614e+01
1.045248e+01	1.015198e+01	9.905929e+00	9.405355e+00	8.946548e+00	8.526588e+00
8.144549e+00	7.799444e+00	7.490440e+00	7.215921e+00	6.973636e+00	6.760307e+00
6.570400e+00	6.397378e+00	6.233203e+00	6.060395e+00	5.853596e+00	5.574299e+00
5.134386e+00	4.785166e+00	4.246863e+00	3.537427e+00	2.258070e+00	1.792276e+00
1.369418e+00	1.312035e+00	1.269557e+00	1.263371e+00	1.260145e+00	1.261617e+00
1.131285e+01	1.085190e+01	1.045376e+01	1.015853e+01	9.916085e+00	9.421465e+00
8.968083e+00	8.554398e+00	8.179553e+00	7.842333e+00	7.541742e+00	7.276059e+00
7.042948e+00	6.839137e+00	6.659468e+00	6.497977e+00	6.347623e+00	6.192436e+00
6.007774e+00	5.752364e+00	5.334185e+00	4.995047e+00	4.467105e+00	3.756716e+00
2.408426e+00	1.882111e+00	1.385200e+00	1.316895e+00	1.266933e+00	1.260508e+00
1.255991e+00	1.257582e+00	1.130314e+01	1.084706e+01	1.045347e+01	1.016146e+01
9.922793e+00	9.436355e+00	8.990477e+00	8.583201e+00	8.214104e+00	7.882570e+00
7.588219e+00	7.329652e+00	7.104774e+00	6.910512e+00	6.741571e+00	6.591903e+00
6.454796e+00	6.314634e+00	6.148055e+00	5.916782e+00	5.531490e+00	5.210512e+00
4.694744e+00	3.978547e+00	2.565860e+00	1.989598e+00	1.407773e+00	1.323199e+00
1.264590e+00	1.259248e+00	1.250597e+00	1.254018e+00	1.130265e+01	1.084771e+01
1.045492e+01	1.016581e+01	9.929361e+00	9.447576e+00	9.007161e+00	8.605875e+00
8.243055e+00	7.917920e+00	7.630033e+00	7.378188e+00	7.160509e+00	6.974046e+00
6.813439e+00	6.673168e+00	6.548415e+00	6.426946e+00	6.286687e+00	6.083203e+00
5.722642e+00	5.415868e+00	4.919444e+00	4.211554e+00	2.739137e+00	2.108072e+00
1.433483e+00	1.331975e+00	1.263960e+00	1.257463e+00	1.247902e+00	1.250923e+00
1.131378e+01	1.085790e+01	1.046447e+01	1.017378e+01	9.936502e+00	9.455728e+00
9.018624e+00	8.622482e+00	8.266071e+00	7.947824e+00	7.666491e+00	7.420803e+00
7.209052e+00	7.028408e+00	6.873746e+00	6.740700e+00	6.627459e+00	6.527769e+00
6.421583e+00	6.248964e+00	5.902487e+00	5.604525e+00	5.135164e+00	4.455200e+00
2.932846e+00	2.237213e+00	1.462756e+00	1.345838e+00	1.264315e+00	1.255021e+00
1.247017e+00	1.248396e+00	1.130920e+01	1.085679e+01	1.046810e+01	1.018046e+01
9.945292e+00	9.468819e+00	9.035969e+00	8.644104e+00	8.291755e+00	7.977315e+00
7.699616e+00	7.457761e+00	7.250579e+00	7.076000e+00	6.930002e+00	6.808830e+00
6.709999e+00	6.625232e+00	6.533858e+00	6.383438e+00	6.072344e+00	5.795574e+00
5.350844e+00	4.692285e+00	3.141568e+00	2.379295e+00	1.500115e+00	1.365485e+00
1.265705e+00	1.255145e+00	1.243765e+00	1.246630e+00	1.129983e+01	1.085472e+01
1.047095e+01	1.018697e+01	9.954745e+00	9.483785e+00	9.055096e+00	8.666532e+00
8.316891e+00	8.004966e+00	7.729921e+00	7.491217e+00	7.288179e+00	7.119546e+00
6.982551e+00	6.873992e+00	6.789783e+00	6.717474e+00	6.636013e+00	6.505832e+00
6.236418e+00	5.985791e+00	5.565825e+00	4.928515e+00	3.364458e+00	2.534997e+00
1.543865e+00	1.389502e+00	1.268320e+00	1.255468e+00	1.240050e+00	1.245132e+00
1.129146e+01	1.085344e+01	1.047515e+01	1.019420e+01	9.963823e+00	9.496566e+00
9.070706e+00	8.684474e+00	8.336960e+00	8.027381e+00	7.755281e+00	7.520297e+00
7.321877e+00	7.158986e+00	7.029120e+00	6.929311e+00	6.855703e+00	6.796050e+00
6.730440e+00	6.623785e+00	6.392763e+00	6.167248e+00	5.771584e+00	5.157127e+00
3.596208e+00	2.710934e+00	1.592846e+00	1.414363e+00	1.271823e+00	1.256418e+00
1.239876e+00	1.243644e+00	1.128248e+01	1.085250e+01	1.048028e+01	1.020175e+01
9.972180e+00	9.507322e+00	9.083322e+00	8.698691e+00	8.352812e+00	8.045309e+00
7.776120e+00	7.544971e+00	7.351213e+00	7.193633e+00	7.069369e+00	6.975566e+00
6.909681e+00	6.861992e+00	6.815028e+00	6.733383e+00	6.537832e+00	6.336646e+00
5.965509e+00	5.376025e+00	3.834952e+00	2.907986e+00	1.650677e+00	1.442515e+00
1.277235e+00	1.258409e+00	1.241279e+00	1.242256e+00	1.126734e+01	1.084807e+01
1.048257e+01	1.020656e+01	9.976896e+00	9.514024e+00	9.091702e+00	8.708809e+00
8.364886e+00	8.059755e+00	7.793530e+00	7.565832e+00	7.375766e+00	7.222113e+00
7.102490e+00	7.014663e+00	6.956741e+00	6.919919e+00	6.888145e+00	6.827761e+00
6.662458e+00	6.484123e+00	6.150845e+00	5.605864e+00	4.072892e+00	3.091389e+00
1.723193e+00	1.486056e+00	1.282725e+00	1.257683e+00	1.240924e+00	1.241198e+00
1.124705e+01	1.083984e+01	1.048405e+01	1.021032e+01	9.980326e+00	9.519111e+00
9.098242e+00	8.716969e+00	8.374975e+00	8.072212e+00	7.808866e+00	7.584360e+00
7.397499e+00	7.247101e+00	7.131512e+00	7.049269e+00	6.998966e+00	6.972299e+00
6.954306e+00	6.913514e+00	6.775803e+00	6.619434e+00	6.330053e+00	5.840565e+00
4.313825e+00	3.272876e+00	1.809586e+00	1.543944e+00	1.288767e+00	1.255690e+00
1.239758e+00	1.240305e+00	1.123143e+01	1.083605e+01	1.048686e+01	1.021483e+01
9.983571e+00	9.522746e+00	9.103060e+00	8.723628e+00	8.383885e+00	8.083634e+00
7.822913e+00	7.601112e+00	7.417095e+00	7.269668e+00	7.157076e+00	7.078116e+00
7.032792e+00	7.015869e+00	7.014683e+00	6.996113e+00	6.886880e+00	6.751092e+00
6.493138e+00	6.039668e+00	4.556353e+00	3.490079e+00	1.899640e+00	1.597609e+00
1.297397e+00	1.256470e+00	1.238946e+00	1.239554e+00	1.122118e+01	1.083525e+01
1.049336e+01	1.022073e+01	9.986739e+00	9.525185e+00	9.106381e+00	8.728846e+00
8.391604e+00	8.094021e+00	7.835660e+00	7.616040e+00	7.434481e+00	7.289714e+00
7.179000e+00	7.101022e+00	7.058171e+00	7.050289e+00	7.068856e+00	7.075691e+00
6.995839e+00	6.878533e+00	6.636116e+00	6.195902e+00	4.796324e+00	3.767021e+00
1.992452e+00	1.643611e+00	1.312260e+00	1.270695e+00	1.238453e+00	1.238950e+00
1.120575e+01	1.083152e+01	1.049467e+01	1.022411e+01	9.988394e+00	9.527312e+00
9.109467e+00	8.733345e+00	8.397843e+00	8.102150e+00	7.845694e+00	7.628030e+00
7.448654e+00	7.306257e+00	7.197752e+00	7.121894e+00	7.082349e+00	7.081692e+00
7.114314e+00	7.141338e+00	7.088250e+00	6.989542e+00	6.769627e+00	6.358284e+00
5.038595e+00	4.021716e+00	2.101873e+00	1.706493e+00	1.328074e+00	1.280152e+00
1.238498e+00	1.238277e+00	1.118037e+01	1.081975e+01	1.049407e+01	1.022525e+01
9.989656e+00	9.530200e+00	9.113564e+00	8.738442e+00	8.403851e+00	8.109070e+00
7.853746e+00	7.637495e+00	7.459869e+00	7.319742e+00	7.214476e+00	7.142951e+00
7.108366e+00	7.112161e+00	7.148434e+00	7.186024e+00	7.163471e+00	7.088429e+00
6.897161e+00	6.521708e+00	5.275484e+00	4.259486e+00	2.230672e+00	1.789104e+00
1.345505e+00	1.287021e+00	1.238954e+00	1.237863e+00	1.114526e+01	1.080135e+01
1.048812e+01	1.022529e+01	9.991879e+00	9.536480e+00	9.121318e+00	8.746435e+00
8.411438e+00	8.116192e+00	7.860911e+00	7.645272e+00	7.468864e+00	7.331058e+00
7.230525e+00	7.166454e+00	7.139165e+00	7.143449e+00	7.171264e+00	7.210082e+00
7.223904e+00	7.181728e+00	7.022349e+00	6.672190e+00	5.495096e+00	4.505810e+00
2.376031e+00	1.881437e+00	1.366489e+00	1.296246e+00	1.239786e+00	1.237817e+00
1.113122e+01	1.079639e+01	1.048907e+01	1.022808e+01	9.994004e+00	9.539577e+00
9.125348e+00	8.751157e+00	8.416937e+00	8.122544e+00	7.868170e+00	7.653594e+00
7.478428e+00	7.342195e+00	7.243587e+00	7.181914e+00	7.157740e+00	7.166229e+00
7.200040e+00	7.248676e+00	7.281984e+00	7.257717e+00	7.128547e+00	6.816739e+00
5.708288e+00	4.748576e+00	2.540587e+00	1.986320e+00	1.391329e+00	1.306797e+00
1.241831e+00	1.237502e+00	1.111796e+01	1.079080e+01	1.048900e+01	1.022910e+01
9.994293e+00	9.540186e+00	9.126361e+00	8.753072e+00	8.419788e+00	8.126360e+00
7.872935e+00	7.659387e+00	7.485411e+00	7.350562e+00	7.253502e+00	7.193652e+00
7.171975e+00	7.184396e+00	7.224927e+00	7.283601e+00	7.332263e+00	7.322991e+00
7.222937e+00	6.951113e+00	5.912898e+00	4.988725e+00	2.720420e+00	2.102591e+00
1.419675e+00	1.318939e+00	1.244391e+00	1.236925e+00	1.110410e+01	1.078373e+01
1.048655e+01	1.022796e+01	9.992686e+00	9.539374e+00	9.126316e+00	8.753680e+00
8.421098e+00	8.128399e+00	7.875704e+00	7.662962e+00	7.489994e+00	7.356360e+00
7.260779e+00	7.202683e+00	7.183231e+00	7.198805e+00	7.244096e+00	7.310549e+00
7.373382e+00	7.377781e+00	7.304901e+00	7.071568e+00	6.104319e+00	5.221585e+00
2.915661e+00	2.232594e+00	1.453127e+00	1.333747e+00	1.247473e+00	1.236177e+00
1.109523e+01	1.078119e+01	1.048778e+01	1.022977e+01	9.994210e+00	9.541150e+00
9.128353e+00	8.756394e+00	8.424441e+00	8.132317e+00	7.880163e+00	7.668041e+00
7.495911e+00	7.363415e+00	7.269129e+00	7.212441e+00	7.194757e+00	7.213001e+00
7.262579e+00	7.335847e+00	7.410053e+00	7.425754e+00	7.378775e+00	7.184462e+00
6.284117e+00	5.445129e+00	3.128384e+00	2.379250e+00	1.492976e+00	1.352331e+00
1.251720e+00	1.236215e+00	1.108806e+01	1.077950e+01	1.049026e+01	1.023334e+01
9.997197e+00	9.544603e+00	9.132299e+00	8.760551e+00	8.428884e+00	8.137097e+00
7.885319e+00	7.673671e+00	7.502183e+00	7.370592e+00	7.277378e+00	7.221962e+00
7.205915e+00	7.226526e+00	7.279779e+00	7.359118e+00	7.443960e+00	7.470049e+00
7.446269e+00	7.288150e+00	6.459147e+00	5.668383e+00	3.354391e+00	2.539233e+00
1.538619e+00	1.374457e+00	1.257303e+00	1.236279e+00	1.108209e+01	1.077842e+01
1.049258e+01	1.023640e+01	9.999725e+00	9.547416e+00	9.135457e+00	8.764000e+00
8.432677e+00	8.141353e+00	7.890166e+00	7.679108e+00	7.508002e+00	7.376632e+00
7.284044e+00	7.230109e+00	7.216165e+00	7.238839e+00	7.294080e+00	7.378150e+00
7.475910e+00	7.513054e+00	7.502755e+00	7.367316e+00	6.635212e+00	5.905112e+00
3.578066e+00	2.704530e+00	1.591660e+00	1.401744e+00	1.266269e+00	1.236308e+00
1.107717e+01	1.077769e+01	1.049476e+01	1.023913e+01	1.000194e+01	9.549811e+00
9.138107e+00	8.766928e+00	8.435929e+00	8.145086e+00	7.894566e+00	7.684125e+00
7.513210e+00	7.381664e+00	7.289428e+00	7.236955e+00	7.225208e+00	7.249628e+00
7.305834e+00	7.393625e+00	7.504587e+00	7.552361e+00	7.549346e+00	7.428767e+00
6.805701e+00	6.145229e+00	3.800397e+00	2.877664e+00	1.655290e+00	1.436875e+00
1.280005e+00	1.236321e+00	1.107168e+01	1.077621e+01	1.049546e+01	1.024061e+01
1.000304e+01	9.551207e+00	9.139721e+00	8.768745e+00	8.437935e+00	8.147255e+00
7.896894e+00	7.686715e+00	7.516388e+00	7.385660e+00	7.294190e+00	7.242346e+00
7.231301e+00	7.257210e+00	7.316244e+00	7.408251e+00	7.524462e+00	7.577252e+00
7.591363e+00	7.500502e+00	6.941503e+00	6.328220e+00	4.053192e+00	3.078647e+00
1.725265e+00	1.474658e+00	1.287832e+00	1.236307e+00	1.106601e+01	1.077404e+01
1.049588e+01	1.024167e+01	1.000382e+01	9.552241e+00	9.140935e+00	8.770124e+00
8.439452e+00	8.148854e+00	7.898538e+00	7.688525e+00	7.518782e+00	7.389067e+00
7.298467e+00	7.246930e+00	7.236116e+00	7.263325e+00	7.325646e+00	7.421913e+00
7.540425e+00	7.596389e+00	7.629788e+00	7.575632e+00	7.060207e+00	6.485283e+00
4.329722e+00	3.303827e+00	1.802584e+00	1.516170e+00	1.293728e+00	1.236257e+00
1.106055e+01	1.077182e+01	1.049593e+01	1.024202e+01	1.000399e+01	9.552492e+00
9.141417e+00	8.770825e+00	8.440375e+00	8.149979e+00	7.899847e+00	7.690024e+00
7.520682e+00	7.391600e+00	7.301665e+00	7.250586e+00	7.240308e+00	7.268675e+00
7.332985e+00	7.432461e+00	7.554797e+00	7.614769e+00	7.661673e+00	7.634162e+00
7.174864e+00	6.643744e+00	4.598766e+00	3.532811e+00	1.890228e+00	1.565012e+00
1.302215e+00	1.236189e+00	1.105496e+01	1.076933e+01	1.049555e+01	1.024209e+01
1.000384e+01	9.552473e+00	9.141577e+00	8.771172e+00	8.440950e+00	8.150813e+00
7.900961e+00	7.691266e+00	7.522137e+00	7.393417e+00	7.304116e+00	7.253632e+00
7.244197e+00	7.273656e+00	7.338069e+00	7.439535e+00	7.567378e+00	7.632764e+00
7.687461e+00	7.676367e+00	7.284745e+00	6.804426e+00	4.851652e+00	3.760446e+00
1.993082e+00	1.626079e+00	1.316267e+00	1.236068e+00	1.105870e+01	1.077194e+01
1.049677e+01	1.024202e+01	1.000239e+01	9.550041e+00	9.139052e+00	8.769043e+00
8.439496e+00	8.150139e+00	7.900978e+00	7.692073e+00	7.523358e+00	7.394447e+00
7.303813e+00	7.251522e+00	7.240893e+00	7.272896e+00	7.347418e+00	7.455437e+00
7.580694e+00	7.644565e+00	7.703687e+00	7.709899e+00	7.386156e+00	6.950248e+00
5.095151e+00	3.994636e+00	2.111514e+00	1.696480e+00	1.331230e+00	1.235797e+00
1.106597e+01	1.077675e+01	1.049935e+01	1.024197e+01	1.000044e+01	9.546202e+00
9.134996e+00	8.765593e+00	8.437098e+00	8.148963e+00	7.900882e+00	7.692864e+00
7.524593e+00	7.395383e+00	7.302918e+00	7.247563e+00	7.234811e+00	7.270727e+00
7.357818e+00	7.473755e+00	7.592932e+00	7.653836e+00	7.716653e+00	7.738710e+00
7.476026e+00	7.082158e+00	5.329834e+00	4.233096e+00	2.247190e+00	1.779063e+00
1.347933e+00	1.235573e+00	1.106263e+01	1.077567e+01	1.049966e+01	1.024279e+01
1.000111e+01	9.547090e+00	9.135997e+00	8.766676e+00	8.438250e+00	8.150136e+00
7.902061e+00	7.694037e+00	7.525873e+00	7.396913e+00	7.305122e+00	7.250303e+00
7.238138e+00	7.274680e+00	7.361136e+00	7.478067e+00	7.600621e+00	7.665447e+00
7.734325e+00	7.767235e+00	7.550839e+00	7.203268e+00	5.559235e+00	4.471959e+00
2.397174e+00	1.876708e+00	1.368578e+00	1.235666e+00	1.104573e+01	1.076517e+01
1.049467e+01	1.024103e+01	1.000119e+01	9.549089e+00	9.138426e+00	8.768775e+00
8.439603e+00	8.150639e+00	7.901935e+00	7.693432e+00	7.525236e+00	7.397010e+00
7.307283e+00	7.256328e+00	7.247341e+00	7.280861e+00	7.356435e+00	7.467607e+00
7.603414e+00	7.677813e+00	7.752082e+00	7.789757e+00	7.615773e+00	7.308988e+00
5.777305e+00	4.711167e+00	2.561201e+00	1.989782e+00	1.393020e+00	1.235498e+00
1.103799e+01	1.076078e+01	1.049260e+01	1.024044e+01	1.000148e+01	9.551052e+00
9.140615e+00	8.770692e+00	8.440969e+00	8.151345e+00	7.902037e+00	7.693335e+00
7.525148e+00	7.397373e+00	7.309387e+00	7.260655e+00	7.253369e+00	7.285519e+00
7.354759e+00	7.463496e+00	7.607076e+00	7.687818e+00	7.767300e+00	7.810993e+00
7.671094e+00	7.401796e+00	5.986003e+00	4.951861e+00	2.739548e+00	2.115354e+00
1.420829e+00	1.235425e+00	1.103740e+01	1.076146e+01	1.049423e+01	1.024240e+01
1.000327e+01	9.552580e+00	9.142078e+00	8.772071e+00	8.442259e+00	8.152673e+00
7.903551e+00	7.695005e+00	7.527043e+00	7.399487e+00	7.311356e+00	7.262660e+00
7.255549e+00	7.288113e+00	7.358872e+00	7.468986e+00	7.613694e+00	7.695025e+00
7.779395e+00	7.831712e+00	7.716837e+00	7.481488e+00	6.183093e+00	5.192238e+00
2.933792e+00	2.254496e+00	1.452824e+00	1.235446e+00	