1.039922e-01	1.049599e-01	1.061556e-01	1.077395e-01	1.096909e-01	1.144719e-01
1.202672e-01	1.268010e-01	1.339809e-01	1.416724e-01	1.497446e-01	1.585532e-01
1.690555e-01	1.824308e-01	2.000278e-01	2.227488e-01	2.488098e-01	2.707400e-01
2.797655e-01	2.788068e-01	2.871275e-01	3.035957e-01	3.150255e-01	3.137821e-01
3.089688e-01	3.091255e-01	3.080739e-01	3.075919e-01	3.074550e-01	3.075560e-01
3.072351e-01	3.075320e-01	1.189227e-01	1.201168e-01	1.215555e-01	1.234124e-01
1.256658e-01	1.311218e-01	1.376752e-01	1.450291e-01	1.530851e-01	1.617026e-01
1.707470e-01	1.806014e-01	1.922875e-01	2.070560e-01	2.263212e-01	2.509955e-01
2.791264e-01	3.027955e-01	3.127781e-01	3.121039e-01	3.209436e-01	3.381711e-01
3.501288e-01	3.488976e-01	3.438686e-01	3.440108e-01	3.429216e-01	3.424229e-01
3.422779e-01	3.423818e-01	3.420497e-01	3.423572e-01	1.359969e-01	1.374624e-01
1.391895e-01	1.413653e-01	1.439672e-01	1.501935e-01	1.576030e-01	1.658775e-01
1.749134e-01	1.845648e-01	1.946951e-01	2.057155e-01	2.187121e-01	2.350051e-01
2.560710e-01	2.828241e-01	3.131369e-01	3.386463e-01	3.496863e-01	3.493776e-01
3.587423e-01	3.766841e-01	3.891436e-01	3.879428e-01	3.827104e-01	3.828328e-01
3.817111e-01	3.811980e-01	3.810450e-01	3.811511e-01	3.808094e-01	3.811260e-01
1.555225e-01	1.573128e-01	1.593817e-01	1.619298e-01	1.649339e-01	1.720392e-01
1.804151e-01	1.897229e-01	1.998541e-01	2.106593e-01	2.220021e-01	2.343220e-01
2.487681e-01	2.667270e-01	2.897313e-01	3.186889e-01	3.512914e-01	3.787419e-01
3.909497e-01	3.911028e-01	4.009927e-01	4.195833e-01	4.325058e-01	4.313576e-01
4.259396e-01	4.260360e-01	4.248882e-01	4.243639e-01	4.242029e-01	4.243104e-01
4.239612e-01	4.242851e-01	1.778514e-01	1.800297e-01	1.825031e-01	1.854859e-01
1.889541e-01	1.970623e-01	2.065292e-01	2.169962e-01	2.283511e-01	2.404431e-01
2.531390e-01	2.669065e-01	2.829544e-01	3.027308e-01	3.278162e-01	3.591017e-01
3.940949e-01	4.235848e-01	4.370823e-01	4.378111e-01	4.482191e-01	4.673680e-01
4.806999e-01	4.796309e-01	4.740518e-01	4.741147e-01	4.729493e-01	4.724178e-01
4.722489e-01	4.723568e-01	4.720028e-01	4.723315e-01	2.033862e-01	2.060270e-01
2.089787e-01	2.124686e-01	2.164725e-01	2.257250e-01	2.364231e-01	2.481901e-01
2.609114e-01	2.744380e-01	2.886431e-01	3.040221e-01	3.218386e-01	3.435945e-01
3.709073e-01	4.046393e-01	4.421139e-01	4.737371e-01	4.886585e-01	4.900977e-01
5.010075e-01	5.205948e-01	5.342642e-01	5.333066e-01	5.275985e-01	5.276191e-01
5.264468e-01	5.259132e-01	5.257367e-01	5.258437e-01	5.254882e-01	5.258187e-01
2.325872e-01	2.357786e-01	2.392951e-01	2.433765e-01	2.479986e-01	2.585567e-01
2.706440e-01	2.838682e-01	2.981145e-01	3.132391e-01	3.291267e-01	3.462990e-01
3.660664e-01	3.899741e-01	4.196627e-01	4.559514e-01	4.959838e-01	5.298274e-01
5.463208e-01	5.486287e-01	5.600130e-01	5.798834e-01	5.937972e-01	5.929891e-01
5.871936e-01	5.871616e-01	5.859957e-01	5.854662e-01	5.852827e-01	5.853871e-01
5.850344e-01	5.853629e-01	2.659806e-01	2.698264e-01	2.740096e-01	2.787807e-01
2.841159e-01	2.961637e-01	3.098182e-01	3.246752e-01	3.406224e-01	3.575262e-01
3.752884e-01	3.944549e-01	4.163722e-01	4.426142e-01	4.748270e-01	5.137704e-01
5.564176e-01	5.925588e-01	6.107873e-01	6.141499e-01	6.259678e-01	6.459241e-01
6.599639e-01	6.593506e-01	6.535204e-01	6.534236e-01	6.522805e-01	6.517629e-01
6.515730e-01	6.516729e-01	6.513282e-01	6.516499e-01	3.041684e-01	3.087909e-01
3.137600e-01	3.193351e-01	3.254933e-01	3.392408e-01	3.546627e-01	3.713484e-01
3.891914e-01	4.080747e-01	4.279245e-01	4.493072e-01	4.735910e-01	5.023599e-01
5.372426e-01	5.789214e-01	6.242150e-01	6.627175e-01	6.828609e-01	6.874961e-01
6.996904e-01	7.194860e-01	7.335036e-01	7.331387e-01	7.273390e-01	7.271632e-01
7.260630e-01	7.255669e-01	7.253714e-01	7.254645e-01	7.251340e-01	7.254433e-01
3.478390e-01	3.533822e-01	3.592770e-01	3.657890e-01	3.728966e-01	3.885833e-01
4.059981e-01	4.247309e-01	4.446858e-01	4.657700e-01	4.879430e-01	5.117872e-01
5.386730e-01	5.701702e-01	6.078627e-01	6.523342e-01	7.002732e-01	7.411830e-01
7.634393e-01	7.696019e-01	7.820955e-01	8.014255e-01	8.152378e-01	8.151845e-01
8.094959e-01	8.092245e-01	8.081914e-01	8.077283e-01	8.075284e-01	8.076118e-01
8.073033e-01	8.075931e-01	3.977795e-01	4.044127e-01	4.113971e-01	4.190005e-01
4.272035e-01	4.451028e-01	4.647641e-01	4.857874e-01	5.080930e-01	5.316224e-01
5.563795e-01	5.829556e-01	6.126987e-01	6.471339e-01	6.877657e-01	7.350564e-01
7.855989e-01	8.289388e-01	8.535261e-01	8.615133e-01	8.742058e-01	8.926968e-01
9.060797e-01	9.064120e-01	9.009329e-01	9.005466e-01	8.996097e-01	8.991934e-01
8.989906e-01	8.990610e-01	8.987836e-01	8.990457e-01	4.548902e-01	4.628123e-01
4.710782e-01	4.799528e-01	4.894194e-01	5.098430e-01	5.320360e-01	5.556209e-01
5.805415e-01	6.067854e-01	6.344146e-01	6.640206e-01	6.968972e-01	7.344863e-01
7.781718e-01	8.282685e-01	8.813211e-01	9.270848e-01	9.542432e-01	9.644015e-01
9.771643e-01	9.943627e-01	1.007044e+00	1.007849e+00	1.002698e+00	1.002174e+00
1.001369e+00	1.001016e+00	1.000812e+00	1.000865e+00	1.000630e+00	1.000854e+00
5.202005e-01	5.296451e-01	5.394173e-01	5.497718e-01	5.606962e-01	5.839997e-01
6.090453e-01	6.354932e-01	6.633203e-01	6.925752e-01	7.233944e-01	7.563583e-01
7.926664e-01	8.336300e-01	8.804618e-01	9.333009e-01	9.887068e-01	1.036851e+00
1.066845e+00	1.079577e+00	1.092249e+00	1.107607e+00	1.119259e+00	1.120638e+00
1.115958e+00	1.115271e+00	1.114638e+00	1.114368e+00	1.114166e+00	1.114197e+00
1.114018e+00	1.114192e+00	5.948877e-01	6.061290e-01	6.176703e-01	6.297474e-01
6.423534e-01	6.689424e-01	6.972012e-01	7.268474e-01	7.579025e-01	7.904943e-01
8.248541e-01	8.615364e-01	9.015965e-01	9.461564e-01	9.961977e-01	1.051652e+00
1.109177e+00	1.159614e+00	1.192734e+00	1.208508e+00	1.220887e+00	1.233748e+00
1.243978e+00	1.246048e+00	1.242012e+00	1.241131e+00	1.240720e+00	1.240557e+00
1.240359e+00	1.240363e+00	1.240253e+00	1.240364e+00	6.802979e-01	6.936577e-01
7.072754e-01	7.213572e-01	7.359028e-01	7.662401e-01	7.981171e-01	8.313341e-01
8.659710e-01	9.022576e-01	9.405441e-01	9.813404e-01	1.025496e+00	1.073872e+00
1.127147e+00	1.185012e+00	1.244326e+00	1.296912e+00	1.333478e+00	1.352837e+00
1.364675e+00	1.374255e+00	1.382594e+00	1.385494e+00	1.382304e+00	1.381194e+00
1.381064e+00	1.381034e+00	1.380844e+00	1.380814e+00	1.380794e+00	1.380824e+00
7.777734e-01	7.937240e-01	8.098628e-01	8.263435e-01	8.431741e-01	8.778415e-01
9.138056e-01	9.510086e-01	9.896289e-01	1.030063e+00	1.072853e+00	1.118433e+00
1.167316e+00	1.219929e+00	1.276429e+00	1.336143e+00	1.396420e+00	1.450884e+00
1.491894e+00	1.516313e+00	1.526991e+00	1.531472e+00	1.536885e+00	1.540989e+00
1.539077e+00	1.537565e+00	1.537849e+00	1.538031e+00	1.537852e+00	1.537765e+00
1.537891e+00	1.537795e+00	8.893802e-01	9.083110e-01	9.273441e-01	9.465677e-01
9.660003e-01	1.005571e+00	1.046125e+00	1.087771e+00	1.130795e+00	1.175772e+00
1.223447e+00	1.274154e+00	1.328007e+00	1.384938e+00	1.444556e+00	1.505841e+00
1.566713e+00	1.622794e+00	1.668260e+00	1.697981e+00	1.707312e+00	1.706099e+00
1.708209e+00	1.713575e+00	1.713114e+00	1.711232e+00	1.711973e+00	1.712378e+00
1.712216e+00	1.712071e+00	1.712348e+00	1.712118e+00	1.018507e+00	1.040323e+00
1.062196e+00	1.084187e+00	1.106326e+00	1.151185e+00	1.196881e+00	1.243547e+00
1.291457e+00	1.341153e+00	1.393331e+00	1.448246e+00	1.505857e+00	1.566045e+00
1.628605e+00	1.692660e+00	1.755926e+00	1.813691e+00	1.860021e+00	1.890678e+00
1.900108e+00	1.897210e+00	1.898099e+00	1.903561e+00	1.903676e+00	1.902216e+00
1.903149e+00	1.903540e+00	1.903406e+00	1.903294e+00	1.903527e+00	1.903296e+00
1.167627e+00	1.192093e+00	1.216636e+00	1.241326e+00	1.266212e+00	1.316668e+00
1.368014e+00	1.420223e+00	1.473400e+00	1.527795e+00	1.583773e+00	1.641566e+00
1.701325e+00	1.763406e+00	1.828591e+00	1.896672e+00	1.964279e+00	2.023676e+00
2.066690e+00	2.093460e+00	2.104663e+00	2.104831e+00	2.107141e+00	2.111394e+00
2.111107e+00	2.110951e+00	2.111695e+00	2.111793e+00	2.111700e+00	2.111723e+00
2.111695e+00	2.111615e+00	1.335223e+00	1.362954e+00	1.390704e+00	1.418502e+00
1.446416e+00	1.502710e+00	1.559513e+00	1.616734e+00	1.674422e+00	1.732796e+00
1.792225e+00	1.852912e+00	1.915009e+00	1.978931e+00	2.045665e+00	2.115125e+00
2.183672e+00	2.243071e+00	2.285026e+00	2.311043e+00	2.323611e+00	2.325227e+00
2.328595e+00	2.333178e+00	2.333809e+00	2.334126e+00	2.334317e+00	2.334260e+00
2.334247e+00	2.334297e+00	2.334228e+00	2.334181e+00	1.524355e+00	1.555882e+00
1.587313e+00	1.618586e+00	1.649789e+00	1.712173e+00	1.774309e+00	1.836109e+00
1.897649e+00	1.959308e+00	2.021711e+00	2.085016e+00	2.149271e+00	2.214665e+00
2.281875e+00	2.350608e+00	2.417553e+00	2.475576e+00	2.517539e+00	2.544554e+00
2.558455e+00	2.560936e+00	2.565434e+00	2.571341e+00	2.573855e+00	2.574141e+00
2.573428e+00	2.573276e+00	2.573376e+00	2.573391e+00	2.573412e+00	2.573330e+00
1.735395e+00	1.770986e+00	1.806322e+00	1.841220e+00	1.875784e+00	1.944217e+00
2.011389e+00	2.077221e+00	2.141867e+00	2.205953e+00	2.270464e+00	2.335537e+00
2.401073e+00	2.466953e+00	2.533379e+00	2.599795e+00	2.663451e+00	2.718933e+00
2.760807e+00	2.789438e+00	2.805454e+00	2.809088e+00	2.814639e+00	2.821632e+00
2.826768e+00	2.827226e+00	2.825442e+00	2.825096e+00	2.825313e+00	2.825360e+00
2.825346e+00	2.825311e+00	1.968730e+00	2.008568e+00	2.047936e+00	2.086490e+00
2.124344e+00	2.198445e+00	2.269959e+00	2.338839e+00	2.405390e+00	2.470622e+00
2.536015e+00	2.601716e+00	2.667425e+00	2.732587e+00	2.796686e+00	2.858825e+00
2.917121e+00	2.968718e+00	3.010575e+00	3.041849e+00	3.061190e+00	3.066350e+00
3.072633e+00	3.080092e+00	3.088904e+00	3.089922e+00	3.086862e+00	3.086163e+00
3.086495e+00	3.086689e+00	3.086420e+00	3.086572e+00	2.225260e+00	2.269185e+00
2.312412e+00	2.354417e+00	2.395333e+00	2.474554e+00	2.549731e+00	2.620819e+00
2.688248e+00	2.753343e+00	2.817988e+00	2.882370e+00	2.946122e+00	3.008549e+00
3.068963e+00	3.126486e+00	3.179816e+00	3.227527e+00	3.267977e+00	3.299847e+00
3.321315e+00	3.328419e+00	3.337462e+00	3.347733e+00	3.358552e+00	3.359204e+00
3.355370e+00	3.354564e+00	3.354962e+00	3.355208e+00	3.354934e+00	3.355108e+00
2.504141e+00	2.551883e+00	2.598676e+00	2.643790e+00	2.687391e+00	2.770866e+00
2.848671e+00	2.920748e+00	2.987652e+00	3.050973e+00	3.112969e+00	3.173914e+00
3.233509e+00	3.291164e+00	3.346477e+00	3.398859e+00	3.447318e+00	3.490903e+00
3.528558e+00	3.559400e+00	3.582542e+00	3.592126e+00	3.605114e+00	3.619240e+00
3.630909e+00	3.630842e+00	3.626677e+00	3.625912e+00	3.626342e+00	3.626579e+00
3.626442e+00	3.626545e+00	2.802568e+00	2.853910e+00	2.903990e+00	2.951821e+00
2.997619e+00	3.084149e+00	3.163059e+00	3.234320e+00	3.298698e+00	3.358159e+00
3.415520e+00	3.471201e+00	3.524962e+00	3.576301e+00	3.625043e+00	3.670859e+00
3.713104e+00	3.751449e+00	3.785623e+00	3.815709e+00	3.841979e+00	3.854553e+00
3.870137e+00	3.885653e+00	3.898936e+00	3.899283e+00	3.894905e+00	3.894044e+00
3.894517e+00	3.894799e+00	3.894605e+00	3.894770e+00	3.119676e+00	3.173572e+00
3.225983e+00	3.275756e+00	3.323114e+00	3.411630e+00	3.490524e+00	3.559319e+00
3.618980e+00	3.672106e+00	3.722382e+00	3.770509e+00	3.816412e+00	3.859836e+00
3.900771e+00	3.939189e+00	3.974747e+00	4.007621e+00	4.038134e+00	4.067033e+00
4.095692e+00	4.110886e+00	4.128583e+00	4.144950e+00	4.159401e+00	4.160268e+00
4.156333e+00	4.155492e+00	4.155991e+00	4.156285e+00	4.156049e+00	4.156274e+00
3.451614e+00	3.510345e+00	3.566619e+00	3.618568e+00	3.666606e+00	3.753275e+00
3.827257e+00	3.890045e+00	3.943029e+00	3.988874e+00	4.031269e+00	4.070867e+00
4.107550e+00	4.141277e+00	4.172571e+00	4.202054e+00	4.229803e+00	4.256573e+00
4.283373e+00	4.311546e+00	4.342176e+00	4.358608e+00	4.377292e+00	4.394081e+00
4.409086e+00	4.410679e+00	4.407811e+00	4.407177e+00	4.407671e+00	4.407905e+00
4.407735e+00	4.407937e+00	3.790433e+00	3.857019e+00	3.919195e+00	3.973602e+00
4.021099e+00	4.100804e+00	4.163620e+00	4.216167e+00	4.260404e+00	4.298252e+00
4.332300e+00	4.362708e+00	4.389017e+00	4.411335e+00	4.431254e+00	4.450483e+00
4.469612e+00	4.489911e+00	4.513029e+00	4.540738e+00	4.572406e+00	4.588385e+00
4.606564e+00	4.623013e+00	4.637752e+00	4.640242e+00	4.639192e+00	4.638972e+00
4.639412e+00	4.639512e+00	4.639522e+00	4.639612e+00	4.138933e+00	4.209787e+00
4.274876e+00	4.329778e+00	4.375666e+00	4.447879e+00	4.499611e+00	4.540509e+00
4.573139e+00	4.599497e+00	4.622173e+00	4.640942e+00	4.654779e+00	4.663928e+00
4.671640e+00	4.681108e+00	4.693027e+00	4.708031e+00	4.727007e+00	4.751261e+00
4.781072e+00	4.797320e+00	4.814172e+00	4.827891e+00	4.841974e+00	4.845248e+00
4.846972e+00	4.847164e+00	4.847471e+00	4.847516e+00	4.847526e+00	4.847616e+00
4.501978e+00	4.574349e+00	4.640002e+00	4.693758e+00	4.737010e+00	4.800801e+00
4.840931e+00	4.868644e+00	4.887160e+00	4.899097e+00	4.907755e+00	4.912748e+00
4.912619e+00	4.907777e+00	4.902956e+00	4.902609e+00	4.907381e+00	4.916976e+00
4.931173e+00	4.950576e+00	4.976950e+00	4.993047e+00	5.007761e+00	5.017693e+00
5.030415e+00	5.034457e+00	5.039449e+00	5.040109e+00	5.040246e+00	5.040236e+00
5.040225e+00	5.040325e+00	4.876164e+00	4.943634e+00	5.004560e+00	5.054008e+00
5.093336e+00	5.149608e+00	5.180485e+00	5.194767e+00	5.196248e+00	5.189308e+00
5.179468e+00	5.167340e+00	5.152272e+00	5.134997e+00	5.119521e+00	5.109619e+00
5.105983e+00	5.108345e+00	5.116428e+00	5.130468e+00	5.151804e+00	5.165235e+00
5.176208e+00	5.182033e+00	5.191245e+00	5.196187e+00	5.204816e+00	5.206150e+00
5.206114e+00	5.205910e+00	5.206087e+00	5.206063e+00	5.253922e+00	5.310245e+00
5.361449e+00	5.403608e+00	5.437692e+00	5.486801e+00	5.510060e+00	5.510400e+00
5.492206e+00	5.462731e+00	5.431006e+00	5.399472e+00	5.369026e+00	5.340687e+00
5.316168e+00	5.297182e+00	5.284489e+00	5.278404e+00	5.279197e+00	5.287071e+00
5.301940e+00	5.310997e+00	5.317065e+00	5.318411e+00	5.322799e+00	5.328556e+00
5.340891e+00	5.342972e+00	5.342749e+00	5.342312e+00	5.342740e+00	5.342544e+00
5.622958e+00	5.672581e+00	5.717016e+00	5.752297e+00	5.779422e+00	5.814177e+00
5.821199e+00	5.802354e+00	5.762957e+00	5.711938e+00	5.660051e+00	5.610600e+00
5.564871e+00	5.523941e+00	5.489007e+00	5.461022e+00	5.440222e+00	5.425607e+00
5.416460e+00	5.414360e+00	5.420589e+00	5.425110e+00	5.424820e+00	5.419461e+00
5.418741e+00	5.424355e+00	5.440709e+00	5.443334e+00	5.442732e+00	5.442452e+00
5.442561e+00	5.442485e+00	5.991804e+00	6.036493e+00	6.075152e+00	6.103196e+00
6.121877e+00	6.137483e+00	6.123059e+00	6.081746e+00	6.019796e+00	5.947182e+00
5.875548e+00	5.808620e+00	5.747557e+00	5.693384e+00	5.647495e+00	5.610539e+00
5.581952e+00	5.558669e+00	5.538491e+00	5.525060e+00	5.521969e+00	5.521944e+00
5.515045e+00	5.502661e+00	5.497005e+00	5.502206e+00	5.522344e+00	5.525417e+00
5.524412e+00	5.524380e+00	5.524040e+00	5.524153e+00	6.365558e+00	6.402857e+00
6.433373e+00	6.451993e+00	6.460230e+00	6.453198e+00	6.414409e+00	6.348166e+00
6.261682e+00	6.166001e+00	6.073716e+00	5.988826e+00	5.912317e+00	5.844823e+00
5.787444e+00	5.740160e+00	5.701788e+00	5.667972e+00	5.635622e+00	5.609467e+00
5.594277e+00	5.588123e+00	5.574030e+00	5.554847e+00	5.543011e+00	5.546744e+00
5.567031e+00	5.570129e+00	5.568901e+00	5.568955e+00	5.568436e+00	5.568641e+00
6.737824e+00	6.764737e+00	6.784334e+00	6.791124e+00	6.786858e+00	6.753931e+00
6.688367e+00	6.595313e+00	6.482921e+00	6.363325e+00	6.250122e+00	6.147407e+00
6.055955e+00	5.975670e+00	5.906868e+00	5.848563e+00	5.799277e+00	5.754222e+00
5.710001e+00	5.671695e+00	5.644723e+00	5.632888e+00	5.612898e+00	5.587721e+00
5.569821e+00	5.571846e+00	5.590743e+00	5.593696e+00	5.592360e+00	5.592411e+00
5.591863e+00	5.592099e+00	7.108584e+00	7.125341e+00	7.134416e+00	7.129692e+00
7.113076e+00	7.053883e+00	6.959649e+00	6.836245e+00	6.693610e+00	6.546201e+00
6.409554e+00	6.287571e+00	6.180458e+00	6.087200e+00	6.006975e+00	5.937863e+00
5.878360e+00	5.822982e+00	5.763734e+00	5.709709e+00	5.666022e+00	5.645702e+00
5.618210e+00	5.590733e+00	5.571477e+00	5.572658e+00	5.589271e+00	5.591798e+00
5.590538e+00	5.590609e+00	5.590036e+00	5.590307e+00	7.525367e+00	7.514870e+00
7.496830e+00	7.466056e+00	7.424887e+00	7.321907e+00	7.192293e+00	7.042098e+00
6.879303e+00	6.714901e+00	6.561736e+00	6.423407e+00	6.300247e+00	6.190930e+00
6.094038e+00	6.007285e+00	5.928358e+00	5.853772e+00	5.785535e+00	5.722790e+00
5.670601e+00	5.646967e+00	5.617951e+00	5.589658e+00	5.562420e+00	5.558314e+00
5.568381e+00	5.570476e+00	5.569203e+00	5.569016e+00	5.568982e+00	5.568994e+00
8.068158e+00	7.979891e+00	7.890221e+00	7.798534e+00	7.706746e+00	7.528694e+00
7.356279e+00	7.189615e+00	7.028169e+00	6.871059e+00	6.718234e+00	6.570643e+00
6.429273e+00	6.294440e+00	6.167651e+00	6.050091e+00	5.944258e+00	5.851244e+00
5.770448e+00	5.701185e+00	5.642966e+00	5.621786e+00	5.609241e+00	5.597794e+00
5.534205e+00	5.503354e+00	5.519366e+00	5.526514e+00	5.523480e+00	5.521330e+00
5.524928e+00	5.522865e+00	8.472735e+00	8.352520e+00	8.234522e+00	8.118582e+00
8.005579e+00	7.791270e+00	7.588356e+00	7.393783e+00	7.205890e+00	7.022865e+00
6.844144e+00	6.670968e+00	6.504415e+00	6.345655e+00	6.197016e+00	6.058089e+00
5.937315e+00	5.833358e+00	5.743701e+00	5.667141e+00	5.601305e+00	5.576453e+00
5.560946e+00	5.546403e+00	5.473645e+00	5.437539e+00	5.448027e+00	5.454297e+00
5.450712e+00	5.448560e+00	5.451981e+00	5.450205e+00	8.788504e+00	8.684415e+00
8.574198e+00	8.454780e+00	8.329845e+00	8.077162e+00	7.825008e+00	7.582169e+00
7.350297e+00	7.129453e+00	6.920361e+00	6.723427e+00	6.538275e+00	6.365083e+00
6.203926e+00	6.058954e+00	5.926007e+00	5.808336e+00	5.706870e+00	5.617191e+00
5.536856e+00	5.503108e+00	5.475829e+00	5.453579e+00	5.389255e+00	5.358097e+00
5.354800e+00	5.357206e+00	5.354317e+00	5.353113e+00	5.354890e+00	5.354189e+00
9.036042e+00	8.981944e+00	8.908244e+00	8.800800e+00	8.667261e+00	8.361290e+00
8.034815e+00	7.728333e+00	7.447275e+00	7.190230e+00	6.955818e+00	6.743029e+00
6.548713e+00	6.369628e+00	6.203506e+00	6.049395e+00	5.906645e+00	5.774167e+00
5.650870e+00	5.535235e+00	5.425750e+00	5.374393e+00	5.328786e+00	5.299052e+00
5.268468e+00	5.253116e+00	5.225522e+00	5.221082e+00	5.220852e+00	5.221522e+00
5.220632e+00	5.221352e+00	9.365493e+00	9.302163e+00	9.213579e+00	9.084553e+00
8.924873e+00	8.561627e+00	8.179934e+00	7.829493e+00	7.516964e+00	7.227753e+00
6.966745e+00	6.738471e+00	6.534530e+00	6.343568e+00	6.164603e+00	5.993934e+00
5.834950e+00	5.684977e+00	5.542736e+00	5.409396e+00	5.283047e+00	5.221662e+00
5.166265e+00	5.130355e+00	5.101630e+00	5.090215e+00	5.057343e+00	5.051604e+00
5.051931e+00	5.052858e+00	5.051636e+00	5.052397e+00	9.735247e+00	9.626167e+00
9.497086e+00	9.332522e+00	9.140873e+00	8.721913e+00	8.294535e+00	7.907652e+00
7.566877e+00	7.253254e+00	6.973130e+00	6.726166e+00	6.499611e+00	6.283295e+00
6.079086e+00	5.888730e+00	5.712978e+00	5.548492e+00	5.393576e+00	5.249769e+00
5.113627e+00	5.046080e+00	4.984768e+00	4.943092e+00	4.900253e+00	4.885741e+00
4.860506e+00	4.856642e+00	4.856404e+00	4.856723e+00	4.856379e+00	4.856449e+00
1.011250e+01	9.927022e+00	9.729203e+00	9.511883e+00	9.282165e+00	8.816575e+00
8.366970e+00	7.951202e+00	7.574478e+00	7.250678e+00	6.959892e+00	6.691462e+00
6.439209e+00	6.200487e+00	5.976603e+00	5.768864e+00	5.577266e+00	5.398659e+00
5.231132e+00	5.073559e+00	4.920859e+00	4.844868e+00	4.775312e+00	4.726549e+00
4.673786e+00	4.658741e+00	4.641515e+00	4.639247e+00	4.638502e+00	4.638482e+00
4.638380e+00	4.638127e+00	1.048417e+01	1.019853e+01	9.917219e+00	9.642986e+00
9.377168e+00	8.874262e+00	8.410585e+00	7.975124e+00	7.574824e+00	7.216497e+00
6.888992e+00	6.589816e+00	6.316161e+00	6.064629e+00	5.830381e+00	5.610263e+00
5.405399e+00	5.214971e+00	5.037093e+00	4.864167e+00	4.689820e+00	4.604449e+00
4.525357e+00	4.468086e+00	4.406135e+00	4.391440e+00	4.385667e+00	4.385431e+00
4.383960e+00	4.383687e+00	4.383431e+00	4.383080e+00	1.072412e+01	1.040964e+01
1.009733e+01	9.791181e+00	9.494676e+00	8.935553e+00	8.409685e+00	7.954799e+00
7.540593e+00	7.149220e+00	6.798309e+00	6.481423e+00	6.190983e+00	5.921070e+00
5.668653e+00	5.432001e+00	5.211769e+00	5.006550e+00	4.813358e+00	4.625390e+00
4.438829e+00	4.348626e+00	4.262072e+00	4.196284e+00	4.128460e+00	4.113639e+00
4.111204e+00	4.111482e+00	4.109752e+00	4.109373e+00	4.109135e+00	4.108566e+00
1.091199e+01	1.059044e+01	1.026744e+01	9.941674e+00	9.617701e+00	8.992897e+00
8.400223e+00	7.891735e+00	7.440928e+00	7.036984e+00	6.679840e+00	6.357619e+00
6.055276e+00	5.764853e+00	5.490517e+00	5.235731e+00	4.999658e+00	4.778527e+00
4.567675e+00	4.365883e+00	4.173965e+00	4.082119e+00	3.989952e+00	3.916354e+00
3.845128e+00	3.829818e+00	3.825440e+00	3.825223e+00	3.823538e+00	3.823166e+00
3.823026e+00	3.822220e+00	1.110269e+01	1.075404e+01	1.040217e+01	1.004643e+01
9.692168e+00	9.007799e+00	8.384859e+00	7.829795e+00	7.348068e+00	6.927259e+00
6.556336e+00	6.221529e+00	5.904812e+00	5.597419e+00	5.306323e+00	5.036415e+00
4.785961e+00	4.550499e+00	4.325295e+00	4.111856e+00	3.912668e+00	3.817623e+00
3.721448e+00	3.644114e+00	3.570374e+00	3.553871e+00	3.545574e+00	3.544650e+00
3.543072e+00	3.542758e+00	3.542658e+00	3.541873e+00	1.129785e+01	1.089884e+01
1.050293e+01	1.011297e+01	9.732021e+00	9.003976e+00	8.347668e+00	7.768466e+00
7.263967e+00	6.820101e+00	6.423690e+00	6.063920e+00	5.728581e+00	5.410465e+00
5.110614e+00	4.829660e+00	4.566400e+00	4.318202e+00	4.082495e+00	3.859723e+00
3.650279e+00	3.549682e+00	3.451499e+00	3.375719e+00	3.300470e+00	3.281753e+00
3.266535e+00	3.264542e+00	3.263170e+00	3.262990e+00	3.262855e+00	3.262411e+00
1.148550e+01	1.102598e+01	1.057875e+01	1.015325e+01	9.748612e+00	8.994620e+00
8.315744e+00	7.715911e+00	7.186853e+00	6.716547e+00	6.293266e+00	5.909119e+00
5.556451e+00	5.228764e+00	4.921229e+00	4.630484e+00	4.356001e+00	4.097105e+00
3.853095e+00	3.622319e+00	3.404290e+00	3.300041e+00	3.199164e+00	3.122016e+00
3.045081e+00	3.025124e+00	3.006559e+00	3.004138e+00	3.002779e+00	3.002616e+00
3.002499e+00	3.002779e+00	1.164854e+01	1.113477e+01	1.064188e+01	1.018549e+01
9.760774e+00	8.980346e+00	8.285900e+00	7.666169e+00	7.113198e+00	6.617598e+00
6.170079e+00	5.764567e+00	5.395735e+00	5.057377e+00	4.741286e+00	4.441726e+00
4.158361e+00	3.891310e+00	3.640593e+00	3.403019e+00	3.177998e+00	3.071029e+00
2.966616e+00	2.885852e+00	2.806658e+00	2.786298e+00	2.767607e+00	2.765254e+00
2.763760e+00	2.763562e+00	2.763446e+00	2.764611e+00	1.176706e+01	1.122474e+01
1.070626e+01	1.022925e+01	9.786725e+00	8.972391e+00	8.250803e+00	7.609666e+00
7.038761e+00	6.526995e+00	6.063725e+00	5.642682e+00	5.258785e+00	4.906521e+00
4.579077e+00	4.271434e+00	3.982267e+00	3.709844e+00	3.452976e+00	3.209525e+00
2.978497e+00	2.867986e+00	2.759298e+00	2.674509e+00	2.592011e+00	2.571547e+00
2.554389e+00	2.552261e+00	2.550595e+00	2.550399e+00	2.550201e+00	2.551864e+00
1.186785e+01	1.129976e+01	1.075871e+01	1.026419e+01	9.807344e+00	8.966061e+00
8.223411e+00	7.565267e+00	6.979429e+00	6.453664e+00	5.976621e+00	5.542121e+00
5.145426e+00	4.781565e+00	4.444587e+00	4.129857e+00	3.835232e+00	3.557683e+00
3.294954e+00	3.045825e+00	2.808580e+00	2.694369e+00	2.581329e+00	2.492500e+00
2.406304e+00	2.385393e+00	2.369280e+00	2.367419e+00	2.365614e+00	2.365305e+00
2.365203e+00	2.366411e+00	1.195819e+01	1.136664e+01	1.080518e+01	1.029548e+01
9.826522e+00	8.964348e+00	8.203362e+00	7.531371e+00	6.933969e+00	6.398018e+00
5.911231e+00	5.467411e+00	5.061875e+00	4.689709e+00	4.345152e+00	4.023636e+00
3.722761e+00	3.439129e+00	3.169944e+00	2.913861e+00	2.668678e+00	2.549960e+00
2.432461e+00	2.339978e+00	2.249368e+00	2.227375e+00	2.210871e+00	2.209008e+00
2.207118e+00	2.206801e+00	2.206690e+00	2.206716e+00	1.203555e+01	1.142379e+01
1.084494e+01	1.032303e+01	9.844658e+00	8.964636e+00	8.191746e+00	7.510662e+00
6.905913e+00	6.363320e+00	5.870618e+00	5.421381e+00	5.010697e+00	4.633302e+00
4.283064e+00	3.955210e+00	3.647527e+00	3.356974e+00	3.080670e+00	2.816163e+00
2.560841e+00	2.436357e+00	2.313464e+00	2.216827e+00	2.120570e+00	2.096776e+00
2.078425e+00	2.076283e+00	2.074342e+00	2.074112e+00	2.073882e+00	2.072371e+00
1.209464e+01	1.146656e+01	1.087489e+01	1.034529e+01	9.861854e+00	8.970842e+00
8.195184e+00	7.511957e+00	6.905034e+00	6.358073e+00	5.862114e+00	5.410248e+00
4.996978e+00	4.616326e+00	4.261215e+00	3.926462e+00	3.610375e+00	3.310742e+00
3.024649e+00	2.747597e+00	2.481105e+00	2.350341e+00	2.220014e+00	2.116493e+00
2.012721e+00	1.986389e+00	1.965522e+00	1.963134e+00	1.961077e+00	1.960824e+00
1.960559e+00	1.958353e+00	1.214093e+01	1.150125e+01	1.090053e+01	1.036586e+01
9.879561e+00	8.984693e+00	8.203716e+00	7.515489e+00	6.904593e+00	6.355246e+00
5.857380e+00	5.403940e+00	4.989095e+00	4.606401e+00	4.248102e+00	3.908615e+00
3.586492e+00	3.280093e+00	2.986498e+00	2.699543e+00	2.420821e+00	2.282317e+00
2.142693e+00	2.030502e+00	1.918004e+00	1.889041e+00	1.865646e+00	1.862976e+00
1.860760e+00	1.860458e+00	1.860182e+00	1.857993e+00	1.216231e+01	1.152466e+01
1.092466e+01	1.038977e+01	9.902693e+00	9.003752e+00	8.218482e+00	7.525760e+00
6.911314e+00	6.362148e+00	5.864835e+00	5.411957e+00	4.997119e+00	4.613675e+00
4.254224e+00	3.913358e+00	3.589487e+00	3.280752e+00	2.984115e+00	2.693476e+00
2.394527e+00	2.240322e+00	2.084594e+00	1.959113e+00	1.834623e+00	1.803180e+00
1.777608e+00	1.774424e+00	1.771985e+00	1.771673e+00	1.771363e+00	1.770869e+00
1.217253e+01	1.153948e+01	1.094451e+01	1.041438e+01	9.930948e+00	9.034508e+00
8.250055e+00	7.558441e+00	6.946164e+00	6.399297e+00	5.905528e+00	5.455983e+00
5.042199e+00	4.656961e+00	4.294580e+00	3.950581e+00	3.622575e+00	3.307238e+00
3.000636e+00	2.697261e+00	2.382490e+00	2.215346e+00	2.043048e+00	1.901677e+00
1.762435e+00	1.728537e+00	1.701149e+00	1.697358e+00	1.694568e+00	1.694238e+00
1.693913e+00	1.696306e+00	1.217394e+01	1.153998e+01	1.094731e+01	1.042451e+01
9.949088e+00	9.064872e+00	8.288576e+00	7.602047e+00	6.993203e+00	6.448792e+00
5.957049e+00	5.509070e+00	5.096303e+00	4.711472e+00	4.348878e+00	4.003895e+00
3.673468e+00	3.352969e+00	3.036948e+00	2.718291e+00	2.390695e+00	2.217266e+00
2.024998e+00	1.858012e+00	1.699151e+00	1.663132e+00	1.634803e+00	1.630758e+00
1.627035e+00	1.626469e+00	1.626302e+00	1.632204e+00	1.217455e+01	1.153951e+01
1.094848e+01	1.043087e+01	9.963460e+00	9.096942e+00	8.336076e+00	7.660183e+00
7.057544e+00	6.516016e+00	6.025001e+00	5.577180e+00	5.165771e+00	4.783933e+00
4.424389e+00	4.081163e+00	3.750696e+00	3.427598e+00	3.104984e+00	2.772930e+00
2.419247e+00	2.227698e+00	2.013104e+00	1.822307e+00	1.642512e+00	1.604279e+00
1.575542e+00	1.571443e+00	1.566546e+00	1.565648e+00	1.565740e+00	1.575272e+00
1.217047e+01	1.153633e+01	1.094793e+01	1.043796e+01	9.981303e+00	9.134601e+00
8.388753e+00	7.722726e+00	7.125915e+00	6.587782e+00	6.099155e+00	5.653652e+00
5.245391e+00	4.867565e+00	4.511439e+00	4.169851e+00	3.838974e+00	3.513011e+00
3.183700e+00	2.837518e+00	2.456383e+00	2.244517e+00	2.011915e+00	1.807297e+00
1.595570e+00	1.550773e+00	1.523202e+00	1.519765e+00	1.513329e+00	1.511898e+00
1.512739e+00	1.524805e+00	1.212636e+01	1.150973e+01	1.093874e+01	1.044666e+01
1.000558e+01	9.182401e+00	8.450305e+00	7.792385e+00	7.200420e+00	6.666351e+00
6.183025e+00	5.743997e+00	5.342572e+00	4.970934e+00	4.619001e+00	4.278764e+00
3.946746e+00	3.617733e+00	3.282626e+00	2.923331e+00	2.516590e+00	2.286381e+00
2.030660e+00	1.801965e+00	1.557730e+00	1.502464e+00	1.477752e+00	1.475675e+00
1.467374e+00	1.465219e+00	1.467299e+00	1.480859e+00	1.208778e+01	1.148310e+01
1.092580e+01	1.044711e+01	1.002132e+01	9.222532e+00	8.507535e+00	7.862259e+00
7.279787e+00	6.753380e+00	6.277066e+00	5.844622e+00	5.449203e+00	5.082722e+00
4.734708e+00	4.396825e+00	4.065449e+00	3.735106e+00	3.395304e+00	3.023741e+00
2.591542e+00	2.341744e+00	2.059556e+00	1.804743e+00	1.527665e+00	1.462263e+00
1.438599e+00	1.437428e+00	1.427399e+00	1.424628e+00	1.427468e+00	1.442115e+00
1.205223e+01	1.145518e+01	1.090755e+01	1.044316e+01	1.003156e+01	9.256878e+00
8.561330e+00	7.932256e+00	7.363237e+00	6.847794e+00	6.380203e+00	5.954622e+00
5.564680e+00	5.202722e+00	4.858708e+00	4.524414e+00	4.195669e+00	3.866012e+00
3.523058e+00	3.140699e+00	2.684244e+00	2.414453e+00	2.103976e+00	1.819405e+00
1.505248e+00	1.429337e+00	1.405105e+00	1.404521e+00	1.392869e+00	1.389567e+00
1.392976e+00	1.407893e+00	1.200931e+01	1.142117e+01	1.088500e+01	1.043564e+01
1.004008e+01	9.290482e+00	8.615385e+00	8.003163e+00	7.448087e+00	6.944148e+00
6.486090e+00	6.068444e+00	5.685218e+00	5.329108e+00	4.990387e+00	4.660889e+00
4.336001e+00	4.008389e+00	3.663829e+00	3.272146e+00	2.792244e+00	2.502342e+00
2.162943e+00	1.847322e+00	1.491783e+00	1.403041e+00	1.376594e+00	1.376471e+00
1.363224e+00	1.359421e+00	1.363632e+00	1.377400e+00	1.196512e+01	1.138631e+01
1.086196e+01	1.042815e+01	1.004951e+01	9.324805e+00	8.670659e+00	8.075868e+00
7.535387e+00	7.043665e+00	6.595892e+00	6.186997e+00	5.811347e+00	5.462001e+00
5.129605e+00	4.806024e+00	4.486279e+00	4.162173e+00	3.817656e+00	3.418329e+00
2.916288e+00	2.606361e+00	2.237183e+00	1.888317e+00	1.487846e+00	1.383152e+00
1.352728e+00	1.352808e+00	1.338038e+00	1.333743e+00	1.338710e+00	1.350867e+00
1.191575e+01	1.134693e+01	1.083486e+01	1.041738e+01	1.005479e+01	9.355750e+00
8.723041e+00	8.146273e+00	7.621028e+00	7.142216e+00	6.705473e+00	6.306121e+00
5.938908e+00	5.597263e+00	5.272230e+00	4.955747e+00	4.642494e+00	4.323442e+00
3.980662e+00	3.575394e+00	3.052612e+00	2.723075e+00	2.324057e+00	1.940533e+00
1.488367e+00	1.370145e+00	1.331982e+00	1.332009e+00	1.315831e+00	1.311047e+00
1.316750e+00	1.326811e+00	1.186638e+01	1.130723e+01	1.080696e+01	1.040437e+01
1.005726e+01	9.382745e+00	8.770956e+00	8.212162e+00	7.702436e+00	7.237099e+00
6.812180e+00	6.423342e+00	6.065676e+00	5.732924e+00	5.416447e+00	5.108278e+00
4.802838e+00	4.490470e+00	4.151639e+00	3.743766e+00	3.204288e+00	2.856549e+00
2.427512e+00	2.007163e+00	1.500996e+00	1.363512e+00	1.315005e+00	1.314115e+00
1.296719e+00	1.291701e+00	1.297569e+00	1.305447e+00	1.185154e+01	1.129616e+01
1.080177e+01	1.040776e+01	1.006995e+01	9.412767e+00	8.816467e+00	8.272293e+00
7.776496e+00	7.324524e+00	6.912486e+00	6.536059e+00	6.190282e+00	5.868694e+00
5.562196e+00	5.262556e+00	4.964446e+00	4.658663e+00	4.326461e+00	3.926269e+00
3.386260e+00	3.022030e+00	2.549272e+00	2.076061e+00	1.519861e+00	1.370354e+00
1.304193e+00	1.298684e+00	1.280699e+00	1.277206e+00	1.279333e+00	1.287549e+00
1.184051e+01	1.128806e+01	1.079820e+01	1.041290e+01	1.008656e+01	9.442670e+00
8.860230e+00	8.329737e+00	7.847423e+00	7.408807e+00	7.010021e+00	6.646704e+00
6.313759e+00	6.004391e+00	5.708812e+00	5.418399e+00	5.128228e+00	4.829891e+00
4.506253e+00	4.118667e+00	3.586457e+00	3.207903e+00	2.686611e+00	2.153090e+00
1.546719e+00	1.385273e+00	1.295564e+00	1.285017e+00	1.266459e+00	1.264625e+00
1.262555e+00	1.271492e+00	1.181629e+01	1.126953e+01	1.078736e+01	1.041097e+01
1.009146e+01	9.467526e+00	8.901503e+00	8.386086e+00	7.917831e+00	7.492513e+00
7.106431e+00	6.755380e+00	6.434355e+00	6.136579e+00	5.852129e+00	5.572279e+00
5.292254e+00	5.003846e+00	4.690055e+00	4.311715e+00	3.780937e+00	3.391193e+00
2.837275e+00	2.255393e+00	1.583740e+00	1.401236e+00	1.287825e+00	1.273999e+00
1.253946e+00	1.252362e+00	1.248997e+00	1.256859e+00	1.177111e+01	1.123417e+01
1.076254e+01	1.039855e+01	1.009283e+01	9.488547e+00	8.940285e+00	8.440747e+00
7.986742e+00	7.574414e+00	7.200348e+00	6.860675e+00	6.550683e+00	6.263919e+00
5.990812e+00	5.722807e+00	5.455074e+00	5.179033e+00	4.876487e+00	4.504867e+00
3.971160e+00	3.574120e+00	3.005290e+00	2.394041e+00	1.640197e+00	1.422518e+00
1.281590e+00	1.265169e+00	1.243283e+00	1.241021e+00	1.238108e+00	1.243923e+00
1.172466e+01	1.119844e+01	1.073823e+01	1.038693e+01	1.009472e+01	9.510893e+00
8.980239e+00	8.495819e+00	8.054888e+00	7.654204e+00	7.290893e+00	6.961460e+00
6.661565e+00	6.385275e+00	6.123743e+00	5.868805e+00	5.615224e+00	5.353132e+00
5.062837e+00	4.700449e+00	4.169194e+00	3.767774e+00	3.185272e+00	2.542648e+00
1.706726e+00	1.456501e+00	1.279401e+00	1.255909e+00	1.234878e+00	1.232380e+00
1.228718e+00	1.233222e+00	1.167703e+01	1.116221e+01	1.071394e+01	1.037558e+01
1.009698e+01	9.533593e+00	9.020262e+00	8.550427e+00	8.121864e+00	7.732053e+00
7.378770e+00	7.058941e+00	6.768677e+00	6.502704e+00	6.253118e+00	6.012282e+00
5.774329e+00	5.527512e+00	5.250374e+00	4.898875e+00	4.373972e+00	3.971293e+00
3.378815e+00	2.705881e+00	1.785357e+00	1.504686e+00	1.278059e+00	1.247178e+00
1.227695e+00	1.225080e+00	1.220340e+00	1.223837e+00	1.164701e+01	1.114051e+01
1.070137e+01	1.037272e+01	1.010097e+01	9.555029e+00	9.055670e+00	8.598413e+00
8.181285e+00	7.801954e+00	7.458377e+00	7.148112e+00	6.868154e+00	6.613998e+00
6.378231e+00	6.153060e+00	5.931088e+00	5.698622e+00	5.433239e+00	5.092874e+00
4.580679e+00	4.183766e+00	3.588910e+00	2.886134e+00	1.872541e+00	1.556734e+00
1.278681e+00	1.244886e+00	1.221056e+00	1.218246e+00	1.212737e+00	1.215706e+00
1.163119e+01	1.112992e+01	1.069657e+01	1.037454e+01	1.011042e+01	9.575049e+00
9.085834e+00	8.638921e+00	8.232125e+00	7.862718e+00	7.528288e+00	7.227307e+00
6.958236e+00	6.717573e+00	6.497883e+00	6.290222e+00	6.084221e+00	5.864098e+00
5.607719e+00	5.277922e+00	4.786565e+00	4.405718e+00	3.820456e+00	3.088607e+00
1.971364e+00	1.614156e+00	1.288764e+00	1.245231e+00	1.214920e+00	1.211932e+00
1.205867e+00	1.208874e+00	1.161331e+01	1.111680e+01	1.068856e+01	1.037366e+01
1.011577e+01	9.591535e+00	9.112493e+00	8.674914e+00	8.276948e+00	7.916359e+00
7.591222e+00	7.300053e+00	7.041278e+00	6.811683e+00	6.604708e+00	6.412169e+00
6.223812e+00	6.021852e+00	5.782089e+00	5.468201e+00	4.993369e+00	4.622016e+00
4.047543e+00	3.307564e+00	2.090574e+00	1.677789e+00	1.299030e+00	1.246668e+00
1.210293e+00	1.205727e+00	1.200997e+00	1.202758e+00	1.159653e+01	1.110520e+01
1.068278e+01	1.037205e+01	1.012027e+01	9.607047e+00	9.137564e+00	8.708256e+00
8.317891e+00	7.965079e+00	7.648719e+00	7.367079e+00	7.117921e+00	6.897962e+00
6.701744e+00	6.522602e+00	6.352023e+00	6.171347e+00	5.953991e+00	5.660903e+00
5.200787e+00	4.835292e+00	4.272350e+00	3.538727e+00	2.231959e+00	1.751994e+00
1.310619e+00	1.250539e+00	1.207024e+00	1.200505e+00	1.197236e+00	1.197596e+00
1.158571e+01	1.110018e+01	1.068298e+01	1.037825e+01	1.013106e+01	9.625819e+00
9.163533e+00	8.741110e+00	8.357584e+00	8.011780e+00	7.702864e+00	7.429359e+00
7.189233e+00	6.979468e+00	6.794842e+00	6.629069e+00	6.474266e+00	6.312654e+00
6.117746e+00	5.847538e+00	5.408772e+00	5.055229e+00	4.505949e+00	3.771202e+00
2.386224e+00	1.844992e+00	1.328116e+00	1.256144e+00	1.204708e+00	1.197207e+00
1.193149e+00	1.193661e+00	1.157223e+01	1.109497e+01	1.068427e+01	1.038421e+01
1.014090e+01	9.642020e+00	9.184724e+00	8.767559e+00	8.389929e+00	8.050802e+00
7.749471e+00	7.484303e+00	7.252950e+00	7.052503e+00	6.878806e+00	6.726434e+00
6.587405e+00	6.443142e+00	6.267282e+00	6.020473e+00	5.612702e+00	5.277717e+00
4.744514e+00	4.006198e+00	2.547094e+00	1.951160e+00	1.353970e+00	1.266737e+00
1.201437e+00	1.193950e+00	1.185191e+00	1.190338e+00	1.157049e+01	1.109544e+01
1.068794e+01	1.039053e+01	1.014901e+01	9.654406e+00	9.202158e+00	8.790776e+00
8.419564e+00	8.087303e+00	7.793156e+00	7.535481e+00	7.311982e+00	7.119755e+00
6.954659e+00	6.811847e+00	6.685420e+00	6.560744e+00	6.412903e+00	6.195423e+00
5.812901e+00	5.492268e+00	4.979623e+00	4.250152e+00	2.725648e+00	2.071702e+00
1.381167e+00	1.277370e+00	1.200525e+00	1.192515e+00	1.182718e+00	1.187235e+00
1.158207e+01	1.110506e+01	1.069543e+01	1.039679e+01	1.015533e+01	9.663553e+00
9.216446e+00	8.811240e+00	8.446677e+00	8.121037e+00	7.833140e+00	7.581616e+00
7.364716e+00	7.179520e+00	7.020819e+00	6.884014e+00	6.767116e+00	6.663385e+00
6.551626e+00	6.369229e+00	6.004556e+00	5.692773e+00	5.204643e+00	4.500283e+00
2.927512e+00	2.209884e+00	1.408671e+00	1.287243e+00	1.201609e+00	1.192121e+00
1.183862e+00	1.184352e+00	1.156973e+01	1.109918e+01	1.069498e+01	1.040036e+01
1.016171e+01	9.675569e+00	9.233277e+00	8.832027e+00	8.470778e+00	8.148314e+00
7.863991e+00	7.616840e+00	7.405495e+00	7.227526e+00	7.078325e+00	6.953540e+00
6.850691e+00	6.761697e+00	6.665590e+00	6.506930e+00	6.181001e+00	5.892248e+00
5.425222e+00	4.738855e+00	3.143427e+00	2.358623e+00	1.445156e+00	1.304393e+00
1.203233e+00	1.191493e+00	1.182381e+00	1.181827e+00	1.155104e+01	1.109025e+01
1.069429e+01	1.040360e+01	1.016829e+01	9.688220e+00	9.250055e+00	8.851792e+00
8.492883e+00	8.172765e+00	7.891357e+00	7.648028e+00	7.441709e+00	7.270521e+00
7.130807e+00	7.018676e+00	6.930362e+00	6.854289e+00	6.769524e+00	6.632403e+00
6.350182e+00	6.089193e+00	5.644353e+00	4.976270e+00	3.371960e+00	2.520365e+00
1.488843e+00	1.327196e+00	1.205542e+00	1.190936e+00	1.179610e+00	1.179629e+00
1.154944e+01	1.109188e+01	1.069775e+01	1.041033e+01	1.017648e+01	9.698785e+00
9.263058e+00	8.867804e+00	8.512298e+00	8.195909e+00	7.918425e+00	7.679365e+00
7.477723e+00	7.311786e+00	7.178024e+00	7.073020e+00	6.994393e+00	6.933256e+00
6.870308e+00	6.760614e+00	6.512809e+00	6.274652e+00	5.859889e+00	5.217254e+00
3.601509e+00	2.700867e+00	1.540243e+00	1.353320e+00	1.208660e+00	1.191474e+00
1.177671e+00	1.178149e+00	1.155468e+01	1.110227e+01	1.071108e+01	1.042189e+01
1.018600e+01	9.707638e+00	9.273228e+00	8.880717e+00	8.528931e+00	8.216887e+00
7.943802e+00	7.709112e+00	7.511666e+00	7.349660e+00	7.219303e+00	7.117888e+00
7.045783e+00	6.999689e+00	6.964066e+00	6.885387e+00	6.665127e+00	6.446383e+00
6.067321e+00	5.456056e+00	3.831206e+00	2.902112e+00	1.603581e+00	1.385899e+00
1.213480e+00	1.194418e+00	1.176230e+00	1.177125e+00	1.154791e+01	1.110084e+01
1.071611e+01	1.042888e+01	1.019236e+01	9.715398e+00	9.282696e+00	8.892294e+00
8.542927e+00	8.233570e+00	7.963394e+00	7.731889e+00	7.537985e+00	7.379969e+00
7.254153e+00	7.158204e+00	7.093595e+00	7.059140e+00	7.041451e+00	6.987666e+00
6.801382e+00	6.605659e+00	6.257544e+00	5.678915e+00	4.074591e+00	3.110641e+00
1.675321e+00	1.425579e+00	1.220053e+00	1.197324e+00	1.175133e+00	1.175996e+00
1.152646e+01	1.109449e+01	1.071928e+01	1.043428e+01	1.019743e+01	9.722348e+00
9.291417e+00	8.902788e+00	8.555265e+00	8.247918e+00	7.980037e+00	7.751179e+00
7.560421e+00	7.406204e+00	7.285098e+00	7.195088e+00	7.138103e+00	7.113551e+00
7.109799e+00	7.078097e+00	6.927811e+00	6.756670e+00	6.437727e+00	5.893380e+00
4.330053e+00	3.329691e+00	1.756322e+00	1.472672e+00	1.228653e+00	1.200598e+00
1.174227e+00	1.174854e+00	1.150425e+01	1.108717e+01	1.072054e+01	1.043824e+01
1.020053e+01	9.727075e+00	9.297719e+00	8.910710e+00	8.564906e+00	8.259450e+00
7.993710e+00	7.767263e+00	7.579342e+00	7.428503e+00	7.311460e+00	7.226489e+00
7.176042e+00	7.160377e+00	7.169738e+00	7.158910e+00	7.042692e+00	6.895531e+00
6.606238e+00	6.098189e+00	4.587376e+00	3.559616e+00	1.847108e+00	1.526045e+00
1.238737e+00	1.204795e+00	1.173802e+00	1.173790e+00	1.148055e+01	1.107767e+01
1.072101e+01	1.044084e+01	1.020208e+01	9.729742e+00	9.301609e+00	8.915979e+00
8.571734e+00	8.268043e+00	8.004282e+00	7.779992e+00	7.594575e+00	7.446643e+00
7.332851e+00	7.251723e+00	7.206440e+00	7.198693e+00	7.220974e+00	7.229919e+00
7.144361e+00	7.019695e+00	6.759586e+00	6.288108e+00	4.840979e+00	3.801165e+00
1.951823e+00	1.588871e+00	1.251501e+00	1.211025e+00	1.173621e+00	1.172751e+00
1.145043e+01	1.106495e+01	1.072083e+01	1.044490e+01	1.020633e+01	9.736561e+00
9.309923e+00	8.925242e+00	8.581687e+00	8.278767e+00	8.016227e+00	7.793566e+00
7.609985e+00	7.464392e+00	7.354613e+00	7.279693e+00	7.241481e+00	7.238462e+00
7.262417e+00	7.283656e+00	7.232763e+00	7.131367e+00	6.904342e+00	6.486975e+00
5.110379e+00	4.018231e+00	2.070481e+00	1.670434e+00	1.267119e+00	1.212233e+00
1.175749e+00	1.172516e+00	1.141944e+01	1.105144e+01	1.072003e+01	1.044881e+01
1.021102e+01	9.744299e+00	9.318962e+00	8.934851e+00	8.591526e+00	8.288851e+00
8.026944e+00	7.805379e+00	7.623332e+00	7.480045e+00	7.374446e+00	7.305982e+00
7.274652e+00	7.274600e+00	7.296867e+00	7.326668e+00	7.310057e+00	7.234679e+00
7.040760e+00	6.669483e+00	5.367824e+00	4.243655e+00	2.204533e+00	1.762384e+00
1.285980e+00	1.213893e+00	1.178859e+00	1.172425e+00	1.139912e+01	1.104276e+01
1.071925e+01	1.045016e+01	1.021171e+01	9.745924e+00	9.321372e+00	8.938179e+00
8.595868e+00	8.294158e+00	8.033035e+00	7.812364e+00	7.631995e+00	7.491358e+00
7.388816e+00	7.323397e+00	7.295410e+00	7.299693e+00	7.328294e+00	7.367756e+00
7.379442e+00	7.334092e+00	7.168037e+00	6.802964e+00	5.572607e+00	4.548733e+00
2.353110e+00	1.841121e+00	1.307415e+00	1.234010e+00	1.175489e+00	1.171984e+00
1.138178e+01	1.103516e+01	1.071869e+01	1.045120e+01	1.021229e+01	9.747308e+00
9.323612e+00	8.941250e+00	8.599786e+00	8.299017e+00	8.038961e+00	7.819530e+00
7.640549e+00	7.501512e+00	7.400903e+00	7.337903e+00	7.313115e+00	7.321829e+00
7.357000e+00	7.406944e+00	7.438380e+00	7.411448e+00	7.277157e+00	6.952000e+00
5.792173e+00	4.800577e+00	2.522301e+00	1.947964e+00	1.332984e+00	1.245102e+00
1.177511e+00	1.171049e+00	1.136845e+01	1.103038e+01	1.071903e+01	1.045321e+01
1.021367e+01	9.749625e+00	9.326799e+00	8.945195e+00	8.604473e+00	8.304529e+00
8.045446e+00	7.827131e+00	7.649353e+00	7.511636e+00	7.412629e+00	7.351689e+00
7.329684e+00	7.342353e+00	7.383488e+00	7.442996e+00	7.491289e+00	7.480167e+00
7.376540e+00	7.094591e+00	6.007020e+00	5.046817e+00	2.707983e+00	2.069102e+00
1.362564e+00	1.257397e+00	1.180530e+00	1.170753e+00	1.135840e+01	1.102757e+01
1.072143e+01	1.045670e+01	1.021657e+01	9.753080e+00	9.330742e+00	8.949718e+00
8.609629e+00	8.310345e+00	8.052025e+00	7.834570e+00	7.657800e+00	7.521244e+00
7.423623e+00	7.364406e+00	7.344684e+00	7.360626e+00	7.406731e+00	7.474309e+00
7.537276e+00	7.540366e+00	7.464758e+00	7.222390e+00	6.208323e+00	5.290708e+00
2.910124e+00	2.203443e+00	1.397941e+00	1.273596e+00	1.184306e+00	1.170915e+00
1.134519e+01	1.102121e+01	1.071967e+01	1.045581e+01	1.021529e+01	9.752359e+00
9.330556e+00	8.950144e+00	8.610716e+00	8.312115e+00	8.054524e+00	7.837880e+00
7.662019e+00	7.526528e+00	7.430133e+00	7.372384e+00	7.354591e+00	7.373285e+00
7.423588e+00	7.498052e+00	7.573497e+00	7.588738e+00	7.538391e+00	7.333909e+00
6.395286e+00	5.524931e+00	3.125889e+00	2.351929e+00	1.439081e+00	1.293087e+00
1.188762e+00	1.170491e+00	1.133185e+01	1.101399e+01	1.071699e+01	1.045446e+01
1.021335e+01	9.751266e+00	9.330273e+00	8.950415e+00	8.611463e+00	8.313398e+00
8.056402e+00	7.840439e+00	7.665355e+00	7.530794e+00	7.435479e+00	7.379025e+00
7.362937e+00	7.384065e+00	7.438094e+00	7.518745e+00	7.605406e+00	7.631558e+00
7.604470e+00	7.436446e+00	6.575051e+00	5.755473e+00	3.355880e+00	2.514369e+00
1.485633e+00	1.315708e+00	1.193930e+00	1.169847e+00	1.132279e+01	1.101067e+01
1.071708e+01	1.045499e+01	1.021367e+01	9.751763e+00	9.330978e+00	8.951659e+00
8.613309e+00	8.315802e+00	8.059355e+00	7.843985e+00	7.669582e+00	7.535835e+00
7.441492e+00	7.386217e+00	7.371652e+00	7.394913e+00	7.452176e+00	7.538335e+00
7.634948e+00	7.670488e+00	7.663498e+00	7.529369e+00	6.747389e+00	5.979907e+00
3.597853e+00	2.691757e+00	1.539061e+00	1.342534e+00	1.200175e+00	1.169767e+00
1.131642e+01	1.100903e+01	1.071900e+01	1.045786e+01	1.021601e+01	9.754300e+00
9.333815e+00	8.954692e+00	8.616556e+00	8.319326e+00	8.063183e+00	7.848182e+00
7.674273e+00	7.541161e+00	7.447629e+00	7.393371e+00	7.380103e+00	7.405148e+00
7.465108e+00	7.556021e+00	7.661220e+00	7.704603e+00	7.714504e+00	7.611101e+00
6.908850e+00	6.193888e+00	3.850294e+00	2.885989e+00	1.602467e+00	1.375991e+00
1.208116e+00	1.169864e+00	1.130905e+01	1.100646e+01	1.071932e+01	1.045883e+01
1.021659e+01	9.755119e+00	9.334884e+00	8.955965e+00	8.618051e+00	8.321067e+00
8.065201e+00	7.850526e+00	7.677036e+00	7.544492e+00	7.451783e+00	7.398896e+00
7.387096e+00	7.413128e+00	7.474461e+00	7.569057e+00	7.682098e+00	7.732595e+00
7.756589e+00	7.680033e+00	7.055931e+00	6.394330e+00	4.107466e+00	3.090901e+00
1.674786e+00	1.415505e+00	1.217342e+00	1.169800e+00	1.130180e+01	1.100361e+01
1.071942e+01	1.045938e+01	1.021685e+01	9.755578e+00	9.335543e+00	8.956788e+00
8.619053e+00	8.322271e+00	8.066641e+00	7.852243e+00	7.679114e+00	7.547070e+00
7.455110e+00	7.403537e+00	7.393113e+00	7.419904e+00	7.482251e+00	7.580043e+00
7.700205e+00	7.757095e+00	7.793407e+00	7.741309e+00	7.194168e+00	6.586483e+00
4.371844e+00	3.308381e+00	1.756540e+00	1.461481e+00	1.227894e+00	1.169632e+00
1.130151e+01	1.100424e+01	1.072078e+01	1.046107e+01	1.021776e+01	9.756258e+00
9.336215e+00	8.957775e+00	8.620515e+00	8.324244e+00	8.069103e+00	7.855166e+00
7.682468e+00	7.550727e+00	7.458585e+00	7.405538e+00	7.394503e+00	7.424569e+00
7.493122e+00	7.596111e+00	7.719398e+00	7.778769e+00	7.823662e+00	7.794148e+00
7.324991e+00	6.767247e+00	4.636572e+00	3.537324e+00	1.848672e+00	1.514549e+00
1.239695e+00	1.169624e+00	1.131579e+01	1.101648e+01	1.073050e+01	1.046751e+01
1.022144e+01	9.757405e+00	9.336964e+00	8.959094e+00	8.622973e+00	8.328072e+00
8.074161e+00	7.861147e+00	7.688916e+00	7.556721e+00	7.462472e+00	7.406144e+00
7.393103e+00	7.427522e+00	7.510617e+00	7.623678e+00	7.740743e+00	7.797603e+00
7.847357e+00	7.838210e+00	7.447445e+00	6.933262e+00	4.896428e+00	3.777429e+00
1.955752e+00	1.579070e+00	1.253484e+00	1.170026e+00	1.131606e+01	1.101719e+01
1.073134e+01	1.046790e+01	1.022122e+01	9.756810e+00	9.336402e+00	8.958737e+00
8.622925e+00	8.328376e+00	8.074784e+00	7.862042e+00	7.690001e+00	7.557997e+00
7.463684e+00	7.406904e+00	7.393350e+00	7.429950e+00	7.517463e+00	7.634439e+00
7.753217e+00	7.812149e+00	7.868472e+00	7.875565e+00	7.548402e+00	7.085319e+00
5.151344e+00	4.019902e+00	2.078435e+00	1.652173e+00	1.269074e+00	1.169979e+00
1.130974e+01	1.101355e+01	1.072963e+01	1.046664e+01	1.021980e+01	9.755571e+00
9.335347e+00	8.957870e+00	8.622243e+00	8.327891e+00	8.074495e+00	7.861949e+00
7.690123e+00	7.558396e+00	7.464345e+00	7.408072e+00	7.395322e+00	7.432343e+00
7.520811e+00	7.639429e+00	7.761685e+00	7.824126e+00	7.887421e+00	7.907605e+00
7.633027e+00	7.223195e+00	5.398615e+00	4.264050e+00	2.218548e+00	1.736879e+00
1.287128e+00	1.169753e+00	1.130637e+01	1.101232e+01	1.072985e+01	1.046716e+01
1.022026e+01	9.756227e+00	9.336128e+00	8.958776e+00	8.623248e+00	8.328954e+00
8.075604e+00	7.863190e+00	7.691539e+00	7.559971e+00	7.466382e+00	7.410551e+00
7.398328e+00	7.435832e+00	7.524425e+00	7.644297e+00	7.769926e+00	7.836011e+00
7.905037e+00	7.936146e+00	7.709483e+00	7.347529e+00	5.636205e+00	4.512003e+00
2.373791e+00	1.837441e+00	1.308527e+00	1.169730e+00	1.128836e+01	1.100102e+01
1.072415e+01	1.046485e+01	1.021989e+01	9.758086e+00	9.338524e+00	8.960842e+00
8.624543e+00	8.329398e+00	8.075422e+00	7.862554e+00	7.690860e+00	7.560013e+00
7.468492e+00	7.416588e+00	7.407600e+00	7.442113e+00	7.519672e+00	7.633557e+00
7.772384e+00	7.848364e+00	7.924077e+00	7.960429e+00	7.774474e+00	7.458443e+00
5.863010e+00	4.760100e+00	2.543397e+00	1.954276e+00	1.333528e+00	1.169558e+00
1.128011e+01	1.099630e+01	1.072170e+01	1.046393e+01	1.021983e+01	9.759608e+00
9.340436e+00	8.962620e+00	8.625858e+00	8.330058e+00	8.075497e+00	7.862428e+00
7.690728e+00	7.560270e+00	7.470473e+00	7.420824e+00	7.413575e+00	7.446735e+00
7.517944e+00	7.629312e+00	7.775820e+00	7.858315e+00	7.939773e+00	7.983759e+00
7.835410e+00	7.556765e+00	6.080117e+00	5.009944e+00	2.727595e+00	2.083817e+00
1.362123e+00	1.169487e+00	1.127944e+01	1.099641e+01	1.072268e+01	1.046506e+01
1.022083e+01	9.760444e+00	9.341422e+00	8.963734e+00	8.627080e+00	8.331400e+00
8.076985e+00	7.863953e+00	7.692376e+00	7.562143e+00	7.472234e+00	7.422689e+00
7.415648e+00	7.449181e+00	7.521789e+00	7.634710e+00	7.782755e+00	7.865523e+00
7.951412e+00	8.006748e+00	7.893376e+00	7.641911e+00	6.285014e+00	5.259690e+00
2.927785e+00	2.226785e+00	1.395401e+00	1.169488e+00	