9.196691e-02	9.282203e-02	9.388210e-02	9.529199e-02	9.702849e-02	1.013049e-01
1.065095e-01	1.124072e-01	1.188836e-01	1.258237e-01	1.330938e-01	1.410258e-01
1.504776e-01	1.625459e-01	1.783904e-01	1.987939e-01	2.222197e-01	2.421092e-01
2.508311e-01	2.513234e-01	2.598606e-01	2.740477e-01	2.836033e-01	2.821907e-01
2.784402e-01	2.790572e-01	2.774938e-01	2.768228e-01	2.767419e-01	2.768913e-01
2.765101e-01	2.768270e-01	1.054812e-01	1.065423e-01	1.078241e-01	1.094841e-01
1.114977e-01	1.163969e-01	1.223041e-01	1.289656e-01	1.362592e-01	1.440645e-01
1.522425e-01	1.611521e-01	1.717122e-01	1.850905e-01	2.025070e-01	2.247559e-01
2.501487e-01	2.717087e-01	2.813815e-01	2.822276e-01	2.913354e-01	3.062318e-01
3.162771e-01	3.148680e-01	3.109185e-01	3.115378e-01	3.099157e-01	3.092195e-01
3.091325e-01	3.092869e-01	3.088910e-01	3.092202e-01	1.209814e-01	1.222906e-01
1.238366e-01	1.257898e-01	1.281247e-01	1.337371e-01	1.404408e-01	1.479631e-01
1.561745e-01	1.649496e-01	1.741462e-01	1.841507e-01	1.959433e-01	2.107620e-01
2.298839e-01	2.541084e-01	2.815879e-01	3.049270e-01	3.156530e-01	3.169320e-01
3.266224e-01	3.421956e-01	3.527151e-01	3.513292e-01	3.471853e-01	3.477989e-01
3.461258e-01	3.454075e-01	3.453142e-01	3.454728e-01	3.450639e-01	3.454040e-01
1.387594e-01	1.403666e-01	1.422271e-01	1.445240e-01	1.472311e-01	1.536607e-01
1.612671e-01	1.697591e-01	1.790005e-01	1.888624e-01	1.992013e-01	2.104314e-01
2.235938e-01	2.399940e-01	2.609619e-01	2.872944e-01	3.169784e-01	3.422065e-01
3.540985e-01	3.559038e-01	3.661835e-01	3.823829e-01	3.933511e-01	3.920126e-01
3.876823e-01	3.882806e-01	3.865665e-01	3.858306e-01	3.857306e-01	3.858923e-01
3.854729e-01	3.858219e-01	1.591497e-01	1.611145e-01	1.633486e-01	1.660484e-01
1.691868e-01	1.765523e-01	1.851817e-01	1.947659e-01	2.051627e-01	2.162418e-01
2.278611e-01	2.404628e-01	2.551461e-01	2.732804e-01	2.962413e-01	3.248143e-01
3.568169e-01	3.840437e-01	3.972267e-01	3.996677e-01	4.105362e-01	4.272898e-01
4.386688e-01	4.374071e-01	4.329030e-01	4.334741e-01	4.317323e-01	4.309845e-01
4.308775e-01	4.310408e-01	4.306140e-01	4.309693e-01	1.825364e-01	1.849293e-01
1.876068e-01	1.907784e-01	1.944165e-01	2.028543e-01	2.126427e-01	2.234562e-01
2.351487e-01	2.475905e-01	2.606444e-01	2.747801e-01	2.911510e-01	3.111834e-01
3.362901e-01	3.672342e-01	4.016623e-01	4.309957e-01	4.456077e-01	4.488132e-01
4.602611e-01	4.774706e-01	4.892075e-01	4.880581e-01	4.833985e-01	4.839278e-01
4.821752e-01	4.814227e-01	4.813085e-01	4.814715e-01	4.810414e-01	4.813997e-01
2.093596e-01	2.122641e-01	2.154675e-01	2.191916e-01	2.234087e-01	2.330746e-01
2.441760e-01	2.563729e-01	2.695174e-01	2.834838e-01	2.981443e-01	3.139949e-01
3.322366e-01	3.543436e-01	3.817531e-01	4.151941e-01	4.521440e-01	4.836880e-01
4.998814e-01	5.040019e-01	5.160087e-01	5.335446e-01	5.455688e-01	5.445745e-01
5.397839e-01	5.402540e-01	5.385118e-01	5.377637e-01	5.376421e-01	5.378026e-01
5.373741e-01	5.377312e-01	2.401245e-01	2.436394e-01	2.474657e-01	2.518363e-01
2.567242e-01	2.677970e-01	2.803854e-01	2.941385e-01	3.089093e-01	3.245806e-01
3.410394e-01	3.588062e-01	3.791200e-01	4.034899e-01	4.333623e-01	4.694174e-01
5.089704e-01	5.428223e-01	5.607654e-01	5.659769e-01	5.785086e-01	5.962039e-01
6.084233e-01	6.076355e-01	6.027464e-01	6.031363e-01	6.014306e-01	6.006984e-01
6.005691e-01	6.007242e-01	6.003037e-01	6.006545e-01	2.754102e-01	2.796523e-01
2.842158e-01	2.893430e-01	2.950079e-01	3.076922e-01	3.219643e-01	3.374672e-01
3.540586e-01	3.716352e-01	3.901061e-01	4.100126e-01	4.326194e-01	4.594526e-01
4.919484e-01	5.307221e-01	5.729387e-01	6.091862e-01	6.290650e-01	6.355727e-01
6.485785e-01	6.662219e-01	6.785193e-01	6.779987e-01	6.730530e-01	6.733377e-01
6.717007e-01	6.709983e-01	6.708613e-01	6.710076e-01	6.706027e-01	6.709408e-01
3.158811e-01	3.209884e-01	3.264235e-01	3.324356e-01	3.390005e-01	3.535308e-01
3.697091e-01	3.871785e-01	4.058068e-01	4.255113e-01	4.462322e-01	4.685269e-01
4.936683e-01	5.231771e-01	5.584549e-01	6.000331e-01	6.449468e-01	6.836635e-01
7.056832e-01	7.137264e-01	7.271354e-01	7.444628e-01	7.566910e-01	7.565100e-01
7.515605e-01	7.517101e-01	7.501811e-01	7.495254e-01	7.493806e-01	7.495139e-01
7.491342e-01	7.494518e-01	3.622990e-01	3.684345e-01	3.748992e-01	3.819461e-01
3.895535e-01	4.061982e-01	4.245341e-01	4.442126e-01	4.651184e-01	4.871979e-01
5.104333e-01	5.353920e-01	5.633321e-01	5.957401e-01	6.339523e-01	6.783959e-01
7.260050e-01	7.672462e-01	7.916333e-01	8.014903e-01	8.152073e-01	8.318922e-01
8.438688e-01	8.441127e-01	8.392254e-01	8.392046e-01	8.378310e-01	8.372425e-01
8.370900e-01	8.372053e-01	8.368621e-01	8.371498e-01	4.155380e-01	4.228937e-01
4.305739e-01	4.388304e-01	4.476452e-01	4.667117e-01	4.874892e-01	5.096483e-01
5.330988e-01	5.578272e-01	5.838713e-01	6.117996e-01	6.428265e-01	6.783673e-01
7.196562e-01	7.669928e-01	8.172507e-01	8.610475e-01	8.880519e-01	9.000462e-01
9.139466e-01	9.295894e-01	9.410903e-01	9.418597e-01	9.371159e-01	9.368829e-01
9.357218e-01	9.352252e-01	9.350652e-01	9.351564e-01	9.348635e-01	9.351099e-01
4.766002e-01	4.854026e-01	4.945166e-01	5.041866e-01	5.143997e-01	5.362403e-01
5.597800e-01	5.847231e-01	6.110150e-01	6.386957e-01	6.678751e-01	6.991117e-01
7.335387e-01	7.724546e-01	8.169465e-01	8.671601e-01	9.199644e-01	9.663166e-01
9.962139e-01	1.010721e+00	1.024645e+00	1.038760e+00	1.049513e+00	1.050926e+00
1.046425e+00	1.045930e+00	1.045050e+00	1.044675e+00	1.044508e+00	1.044568e+00
1.044341e+00	1.044533e+00	5.466355e-01	5.571511e-01	5.679552e-01	5.792764e-01
5.911089e-01	6.161269e-01	6.427910e-01	6.708570e-01	7.003192e-01	7.312877e-01
7.639648e-01	7.988843e-01	8.370517e-01	8.795915e-01	9.273894e-01	9.804090e-01
1.035587e+00	1.084456e+00	1.117550e+00	1.135005e+00	1.148752e+00	1.160752e+00
1.170426e+00	1.172621e+00	1.168484e+00	1.167670e+00	1.167152e+00	1.166933e+00
1.166759e+00	1.166780e+00	1.166640e+00	1.166760e+00	6.269622e-01	6.395050e-01
6.522998e-01	6.655496e-01	6.792573e-01	7.079147e-01	7.381119e-01	7.696790e-01
8.026759e-01	8.373028e-01	8.738794e-01	9.128958e-01	9.551719e-01	1.001588e+00
1.052763e+00	1.108448e+00	1.165742e+00	1.217038e+00	1.253664e+00	1.274572e+00
1.287891e+00	1.297070e+00	1.305270e+00	1.308409e+00	1.304780e+00	1.303580e+00
1.303520e+00	1.303500e+00	1.303320e+00	1.303290e+00	1.303260e+00	1.303290e+00
7.188733e-01	7.339007e-01	7.491181e-01	7.646807e-01	7.806039e-01	8.134787e-01
8.476803e-01	8.831662e-01	9.201085e-01	9.588547e-01	9.999146e-01	1.043703e+00
1.090733e+00	1.141471e+00	1.196069e+00	1.253957e+00	1.312652e+00	1.366181e+00
1.407318e+00	1.433039e+00	1.445322e+00	1.450049e+00	1.455883e+00	1.460365e+00
1.457549e+00	1.455708e+00	1.456312e+00	1.456603e+00	1.456416e+00	1.456300e+00
1.456454e+00	1.456338e+00	8.244419e-01	8.423397e-01	8.603503e-01	8.785694e-01
8.970269e-01	9.346988e-01	9.734195e-01	1.013296e+00	1.054625e+00	1.097912e+00
1.143871e+00	1.192816e+00	1.244889e+00	1.300087e+00	1.358067e+00	1.417949e+00
1.477750e+00	1.533312e+00	1.579016e+00	1.609781e+00	1.620818e+00	1.620539e+00
1.623684e+00	1.629607e+00	1.627736e+00	1.625264e+00	1.626614e+00	1.627237e+00
1.627045e+00	1.626844e+00	1.627187e+00	1.626917e+00	9.471429e-01	9.678500e-01
9.886312e-01	1.009561e+00	1.030679e+00	1.073567e+00	1.117390e+00	1.162286e+00
1.208530e+00	1.256607e+00	1.307184e+00	1.360502e+00	1.416550e+00	1.475272e+00
1.536525e+00	1.599553e+00	1.662176e+00	1.719843e+00	1.766745e+00	1.798516e+00
1.809619e+00	1.807905e+00	1.810228e+00	1.816522e+00	1.814936e+00	1.812824e+00
1.814571e+00	1.815211e+00	1.815024e+00	1.814871e+00	1.815144e+00	1.814896e+00
1.089541e+00	1.112865e+00	1.136283e+00	1.159895e+00	1.183741e+00	1.232202e+00
1.281683e+00	1.332193e+00	1.383801e+00	1.436744e+00	1.491356e+00	1.547869e+00
1.606429e+00	1.667442e+00	1.731723e+00	1.799108e+00	1.866420e+00	1.926125e+00
1.970228e+00	1.998477e+00	2.011231e+00	2.012380e+00	2.016219e+00	2.021618e+00
2.019688e+00	2.019087e+00	2.020711e+00	2.020984e+00	2.020820e+00	2.020865e+00
2.020778e+00	2.020752e+00	1.250347e+00	1.276893e+00	1.303486e+00	1.330193e+00
1.357063e+00	1.411394e+00	1.466421e+00	1.522096e+00	1.578428e+00	1.635622e+00
1.694014e+00	1.753804e+00	1.815134e+00	1.878464e+00	1.944799e+00	2.014062e+00
2.082785e+00	2.142872e+00	2.186160e+00	2.213864e+00	2.228205e+00	2.230804e+00
2.235416e+00	2.240860e+00	2.240689e+00	2.240847e+00	2.241743e+00	2.241804e+00
2.241745e+00	2.241822e+00	2.241697e+00	2.241696e+00	1.432627e+00	1.462931e+00
1.493183e+00	1.523364e+00	1.553538e+00	1.614052e+00	1.674582e+00	1.735068e+00
1.795573e+00	1.856426e+00	1.918215e+00	1.981092e+00	2.045097e+00	2.110462e+00
2.177864e+00	2.247003e+00	2.314650e+00	2.373704e+00	2.417088e+00	2.445940e+00
2.462071e+00	2.465617e+00	2.470751e+00	2.476803e+00	2.480013e+00	2.480530e+00
2.480139e+00	2.480046e+00	2.480155e+00	2.480162e+00	2.480198e+00	2.480106e+00
1.636655e+00	1.671005e+00	1.705164e+00	1.738994e+00	1.772578e+00	1.839301e+00
1.905109e+00	1.969945e+00	2.033956e+00	2.097699e+00	2.162098e+00	2.227281e+00
2.293147e+00	2.359602e+00	2.426835e+00	2.494261e+00	2.559146e+00	2.616055e+00
2.659561e+00	2.690183e+00	2.708590e+00	2.713235e+00	2.719007e+00	2.725746e+00
2.732706e+00	2.733880e+00	2.732148e+00	2.731762e+00	2.732003e+00	2.732035e+00
2.732052e+00	2.731995e+00	1.862870e+00	1.901478e+00	1.939700e+00	1.977239e+00
2.014203e+00	2.086835e+00	2.157313e+00	2.225610e+00	2.292007e+00	2.357449e+00
2.423299e+00	2.489708e+00	2.556367e+00	2.622718e+00	2.688230e+00	2.751942e+00
2.811982e+00	2.865480e+00	2.909394e+00	2.942819e+00	2.964195e+00	2.970089e+00
2.976565e+00	2.983974e+00	2.994964e+00	2.997293e+00	2.994255e+00	2.993358e+00
2.993656e+00	2.993876e+00	2.993558e+00	2.993751e+00	2.112232e+00	2.154990e+00
2.197141e+00	2.238226e+00	2.278373e+00	2.356430e+00	2.430971e+00	2.501952e+00
2.569774e+00	2.635677e+00	2.701424e+00	2.767174e+00	2.832557e+00	2.896830e+00
2.959260e+00	3.018877e+00	3.074371e+00	3.124345e+00	3.167154e+00	3.201457e+00
3.225122e+00	3.232831e+00	3.241528e+00	3.251254e+00	3.265497e+00	3.268104e+00
3.263955e+00	3.262784e+00	3.263188e+00	3.263528e+00	3.263102e+00	3.263379e+00
2.384227e+00	2.430912e+00	2.476740e+00	2.521075e+00	2.564064e+00	2.646755e+00
2.724394e+00	2.796915e+00	2.864826e+00	2.929600e+00	2.993392e+00	3.056407e+00
3.118337e+00	3.178512e+00	3.236429e+00	3.291397e+00	3.342389e+00	3.388519e+00
3.428748e+00	3.462356e+00	3.488178e+00	3.498364e+00	3.510258e+00	3.523005e+00
3.539732e+00	3.542197e+00	3.537252e+00	3.535984e+00	3.536515e+00	3.536907e+00
3.536528e+00	3.536775e+00	2.676682e+00	2.727099e+00	2.776364e+00	2.823593e+00
2.868981e+00	2.955200e+00	3.034484e+00	3.106819e+00	3.172884e+00	3.234506e+00
3.294356e+00	3.352803e+00	3.409568e+00	3.464054e+00	3.515957e+00	3.564848e+00
3.610043e+00	3.651249e+00	3.688281e+00	3.721370e+00	3.750488e+00	3.763657e+00
3.778017e+00	3.792038e+00	3.810955e+00	3.814134e+00	3.808887e+00	3.807465e+00
3.808059e+00	3.808491e+00	3.808037e+00	3.808341e+00	2.988245e+00	3.041431e+00
3.093250e+00	3.142649e+00	3.189832e+00	3.278545e+00	3.358386e+00	3.428886e+00
3.490928e+00	3.546946e+00	3.600416e+00	3.651944e+00	3.701455e+00	3.748565e+00
3.793155e+00	3.835073e+00	3.873973e+00	3.910039e+00	3.943710e+00	3.975886e+00
4.007558e+00	4.023379e+00	4.040057e+00	4.055192e+00	4.075193e+00	4.078944e+00
4.074246e+00	4.072853e+00	4.073465e+00	4.073911e+00	4.073425e+00	4.073778e+00
3.315702e+00	3.373804e+00	3.429619e+00	3.481410e+00	3.529565e+00	3.617134e+00
3.692851e+00	3.758064e+00	3.814076e+00	3.863418e+00	3.909607e+00	3.953197e+00
3.994057e+00	4.031984e+00	4.067395e+00	4.100772e+00	4.132211e+00	4.162477e+00
4.192709e+00	4.224302e+00	4.258290e+00	4.275840e+00	4.293843e+00	4.309484e+00
4.329996e+00	4.333947e+00	4.330547e+00	4.329554e+00	4.330139e+00	4.330467e+00
4.330164e+00	4.330429e+00	3.651418e+00	3.717294e+00	3.779030e+00	3.833477e+00
3.881444e+00	3.962958e+00	4.028504e+00	4.084261e+00	4.132088e+00	4.173865e+00
4.212153e+00	4.247070e+00	4.278058e+00	4.305047e+00	4.329495e+00	4.352974e+00
4.376082e+00	4.400151e+00	4.426959e+00	4.458127e+00	4.493645e+00	4.511634e+00
4.529692e+00	4.545061e+00	4.565070e+00	4.568810e+00	4.567610e+00	4.567400e+00
4.567900e+00	4.567980e+00	4.568060e+00	4.568100e+00	3.997591e+00	4.067911e+00
4.132779e+00	4.188029e+00	4.234753e+00	4.309606e+00	4.364930e+00	4.409802e+00
4.446652e+00	4.477440e+00	4.504731e+00	4.528299e+00	4.547090e+00	4.561248e+00
4.573826e+00	4.587869e+00	4.604075e+00	4.623214e+00	4.646327e+00	4.674564e+00
4.708095e+00	4.726052e+00	4.744535e+00	4.759626e+00	4.775617e+00	4.779567e+00
4.781993e+00	4.782265e+00	4.782593e+00	4.782645e+00	4.782654e+00	4.782740e+00
4.358989e+00	4.431170e+00	4.496959e+00	4.551447e+00	4.595921e+00	4.663144e+00
4.707641e+00	4.740049e+00	4.763413e+00	4.780284e+00	4.793886e+00	4.803871e+00
4.808856e+00	4.809256e+00	4.809562e+00	4.814085e+00	4.823460e+00	4.837583e+00
4.856387e+00	4.880357e+00	4.910177e+00	4.927513e+00	4.945969e+00	4.960268e+00
4.970812e+00	4.974911e+00	4.981538e+00	4.982319e+00	4.982434e+00	4.982475e+00
4.982359e+00	4.982515e+00	4.731594e+00	4.799506e+00	4.861158e+00	4.911846e+00
4.952815e+00	5.013179e+00	5.048958e+00	5.068479e+00	5.075371e+00	5.073884e+00
5.069406e+00	5.062569e+00	5.052782e+00	5.040849e+00	5.030629e+00	5.025846e+00
5.027169e+00	5.034394e+00	5.047281e+00	5.065951e+00	5.091031e+00	5.106412e+00
5.122643e+00	5.134198e+00	5.139356e+00	5.142778e+00	5.153460e+00	5.155286e+00
5.155198e+00	5.154927e+00	5.155213e+00	5.155099e+00	5.107947e+00	5.165607e+00
5.218332e+00	5.262337e+00	5.298510e+00	5.352277e+00	5.380793e+00	5.386777e+00
5.374497e+00	5.350984e+00	5.325077e+00	5.299182e+00	5.274170e+00	5.251175e+00
5.231947e+00	5.218282e+00	5.210911e+00	5.209984e+00	5.215639e+00	5.227887e+00
5.247041e+00	5.259375e+00	5.271867e+00	5.279441e+00	5.279054e+00	5.281305e+00
5.295803e+00	5.298884e+00	5.298579e+00	5.297893e+00	5.298776e+00	5.298260e+00
5.477538e+00	5.529190e+00	5.575804e+00	5.613521e+00	5.643258e+00	5.683552e+00
5.696529e+00	5.683910e+00	5.650897e+00	5.606191e+00	5.560388e+00	5.516750e+00
5.476556e+00	5.440996e+00	5.411371e+00	5.388774e+00	5.373497e+00	5.364528e+00
5.360974e+00	5.363351e+00	5.372893e+00	5.380800e+00	5.389315e+00	5.393050e+00
5.383902e+00	5.385107e+00	5.403966e+00	5.407565e+00	5.406741e+00	5.406389e+00
5.406647e+00	5.406457e+00	5.848330e+00	5.895676e+00	5.937132e+00	5.968206e+00
5.990064e+00	6.012215e+00	6.004535e+00	5.970038e+00	5.914864e+00	5.848798e+00
5.783395e+00	5.722349e+00	5.666861e+00	5.618041e+00	5.577421e+00	5.545831e+00
5.522878e+00	5.505760e+00	5.492056e+00	5.483168e+00	5.481807e+00	5.484845e+00
5.489304e+00	5.489296e+00	5.470850e+00	5.471077e+00	5.494132e+00	5.498000e+00
5.496600e+00	5.496779e+00	5.496099e+00	5.496424e+00	6.224985e+00	6.265637e+00
6.299628e+00	6.321917e+00	6.333925e+00	6.334474e+00	6.303245e+00	6.244412e+00
6.165098e+00	6.076212e+00	5.990331e+00	5.911441e+00	5.840581e+00	5.778497e+00
5.726438e+00	5.684602e+00	5.652035e+00	5.624746e+00	5.599348e+00	5.577910e+00
5.564069e+00	5.560985e+00	5.559273e+00	5.553928e+00	5.528543e+00	5.527452e+00
5.550980e+00	5.554762e+00	5.553120e+00	5.553471e+00	5.552470e+00	5.552961e+00
6.601072e+00	6.632094e+00	6.655893e+00	6.667012e+00	6.667121e+00	6.642787e+00
6.585580e+00	6.500480e+00	6.395608e+00	6.283022e+00	6.176376e+00	6.079791e+00
5.994052e+00	5.919260e+00	5.855842e+00	5.803041e+00	5.759599e+00	5.721059e+00
5.683671e+00	5.649954e+00	5.624072e+00	5.615005e+00	5.607090e+00	5.596723e+00
5.566226e+00	5.563944e+00	5.586893e+00	5.590440e+00	5.588753e+00	5.589062e+00
5.588109e+00	5.588559e+00	6.976585e+00	6.998252e+00	7.012306e+00	7.012629e+00
7.001047e+00	6.951567e+00	6.866529e+00	6.751696e+00	6.616967e+00	6.476810e+00
6.346874e+00	6.231131e+00	6.129829e+00	6.042133e+00	5.967345e+00	5.903705e+00
5.849742e+00	5.800394e+00	5.750678e+00	5.701650e+00	5.660657e+00	5.643710e+00
5.626132e+00	5.608092e+00	5.578144e+00	5.574283e+00	5.590907e+00	5.594110e+00
5.592503e+00	5.592778e+00	5.591895e+00	5.592313e+00	7.399740e+00	7.394801e+00
7.382345e+00	7.357169e+00	7.321524e+00	7.229096e+00	7.109337e+00	6.968265e+00
6.813827e+00	6.657117e+00	6.511067e+00	6.379343e+00	6.262351e+00	6.158878e+00
6.067694e+00	5.986662e+00	5.914205e+00	5.846304e+00	5.780780e+00	5.722940e+00
5.673813e+00	5.653077e+00	5.632793e+00	5.613817e+00	5.580134e+00	5.574058e+00
5.585544e+00	5.587769e+00	5.586407e+00	5.586392e+00	5.586100e+00	5.586219e+00
7.952467e+00	7.869578e+00	7.785304e+00	7.699061e+00	7.612657e+00	7.444976e+00
7.282530e+00	7.125396e+00	6.973104e+00	6.824775e+00	6.680276e+00	6.540540e+00
6.406556e+00	6.278618e+00	6.158235e+00	6.046676e+00	5.945118e+00	5.855953e+00
5.780697e+00	5.715421e+00	5.662211e+00	5.643951e+00	5.634018e+00	5.624272e+00
5.564682e+00	5.533869e+00	5.548982e+00	5.556027e+00	5.553248e+00	5.551143e+00
5.554807e+00	5.552586e+00	8.367215e+00	8.252611e+00	8.140233e+00	8.029933e+00
7.922508e+00	7.718925e+00	7.526286e+00	7.341535e+00	7.163063e+00	6.989046e+00
6.818859e+00	6.653702e+00	6.494759e+00	6.343161e+00	6.201163e+00	6.071314e+00
5.953858e+00	5.851997e+00	5.768604e+00	5.695245e+00	5.633160e+00	5.610260e+00
5.595798e+00	5.581488e+00	5.515231e+00	5.480730e+00	5.491134e+00	5.497201e+00
5.493690e+00	5.491585e+00	5.495045e+00	5.493214e+00	8.691253e+00	8.593644e+00
8.489928e+00	8.377019e+00	8.258503e+00	8.018037e+00	7.777375e+00	7.545253e+00
7.323368e+00	7.111835e+00	6.911408e+00	6.723456e+00	6.546345e+00	6.380122e+00
6.225371e+00	6.083092e+00	5.955314e+00	5.843610e+00	5.746441e+00	5.660650e+00
5.583258e+00	5.550061e+00	5.522309e+00	5.499847e+00	5.441747e+00	5.414345e+00
5.411977e+00	5.413973e+00	5.410899e+00	5.409817e+00	5.411417e+00	5.410875e+00
8.945083e+00	8.898776e+00	8.832987e+00	8.733593e+00	8.608046e+00	8.317045e+00
8.003871e+00	7.708800e+00	7.437562e+00	7.189187e+00	6.962795e+00	6.757456e+00
6.570010e+00	6.397256e+00	6.236803e+00	6.087693e+00	5.949463e+00	5.821535e+00
5.703339e+00	5.593703e+00	5.489399e+00	5.437852e+00	5.387825e+00	5.353270e+00
5.332827e+00	5.323886e+00	5.296812e+00	5.291431e+00	5.291061e+00	5.291991e+00
5.290621e+00	5.291631e+00	9.283967e+00	9.229175e+00	9.149190e+00	9.028858e+00
8.877768e+00	8.530577e+00	8.162985e+00	7.824169e+00	7.520314e+00	7.244702e+00
6.992425e+00	6.763177e+00	6.563275e+00	6.379339e+00	6.206662e+00	6.045924e+00
5.893943e+00	5.747376e+00	5.609451e+00	5.481525e+00	5.360832e+00	5.300121e+00
5.239413e+00	5.196839e+00	5.180040e+00	5.174938e+00	5.141633e+00	5.135038e+00
5.135341e+00	5.136467e+00	5.134908e+00	5.135857e+00	9.664884e+00	9.564661e+00
9.444440e+00	9.288810e+00	9.105975e+00	8.703518e+00	8.290594e+00	7.915453e+00
7.583010e+00	7.284189e+00	7.012178e+00	6.766280e+00	6.545513e+00	6.336291e+00
6.138193e+00	5.954066e+00	5.783443e+00	5.623037e+00	5.472149e+00	5.332570e+00
5.202482e+00	5.137711e+00	5.072399e+00	5.024168e+00	4.992969e+00	4.982160e+00
4.956045e+00	4.951902e+00	4.951745e+00	4.952066e+00	4.951793e+00	4.951808e+00
1.005290e+01	9.877015e+00	9.688762e+00	9.480892e+00	9.260302e+00	8.811429e+00
8.377148e+00	7.973701e+00	7.608503e+00	7.286492e+00	7.004128e+00	6.747786e+00
6.502604e+00	6.269000e+00	6.050025e+00	5.846992e+00	5.659752e+00	5.485167e+00
5.321381e+00	5.167494e+00	5.020521e+00	4.948097e+00	4.877306e+00	4.824987e+00
4.780051e+00	4.765841e+00	4.747829e+00	4.745673e+00	4.744976e+00	4.744878e+00
4.744966e+00	4.744614e+00	1.043481e+01	1.015967e+01	9.888455e+00	9.623734e+00
9.366855e+00	8.880179e+00	8.432091e+00	8.009029e+00	7.619468e+00	7.267096e+00
6.948158e+00	6.656527e+00	6.389002e+00	6.142708e+00	5.913271e+00	5.697726e+00
5.497224e+00	5.310986e+00	5.137185e+00	4.968213e+00	4.798243e+00	4.715849e+00
4.640596e+00	4.586693e+00	4.524048e+00	4.506600e+00	4.501107e+00	4.501275e+00
4.499648e+00	4.499329e+00	4.499088e+00	4.498804e+00	1.068168e+01	1.037972e+01
1.007981e+01	9.784882e+00	9.497892e+00	8.952572e+00	8.435111e+00	7.992253e+00
7.588611e+00	7.212643e+00	6.868165e+00	6.557172e+00	6.272116e+00	6.007136e+00
5.759333e+00	5.527241e+00	5.311536e+00	5.110616e+00	4.921448e+00	4.737485e+00
4.554510e+00	4.466523e+00	4.385811e+00	4.326377e+00	4.253668e+00	4.235427e+00
4.233688e+00	4.234363e+00	4.232466e+00	4.232078e+00	4.231771e+00	4.231344e+00
1.087520e+01	1.056836e+01	1.026016e+01	9.947375e+00	9.633561e+00	9.020270e+00
8.435530e+00	7.939094e+00	7.498310e+00	7.105626e+00	6.755372e+00	6.438986e+00
6.141866e+00	5.856287e+00	5.586562e+00	5.336514e+00	5.105211e+00	4.888391e+00
4.681246e+00	4.483472e+00	4.294886e+00	4.204414e+00	4.118040e+00	4.051097e+00
3.973860e+00	3.956327e+00	3.952593e+00	3.952535e+00	3.950790e+00	3.950454e+00
3.950208e+00	3.949566e+00	1.108106e+01	1.073868e+01	1.039294e+01	1.004494e+01
9.699906e+00	9.037705e+00	8.433505e+00	7.890224e+00	7.417012e+00	7.001955e+00
6.635534e+00	6.305066e+00	5.993571e+00	5.692535e+00	5.407593e+00	5.142646e+00
4.896167e+00	4.664214e+00	4.442571e+00	4.233033e+00	4.036966e+00	3.943203e+00
3.851503e+00	3.778985e+00	3.700672e+00	3.683119e+00	3.675315e+00	3.674455e+00
3.672868e+00	3.672582e+00	3.672401e+00	3.671749e+00	1.130730e+01	1.088930e+01
1.048145e+01	1.009277e+01	9.722731e+00	9.032192e+00	8.409307e+00	7.848033e+00
7.348566e+00	6.902507e+00	6.502729e+00	6.142183e+00	5.812475e+00	5.506175e+00
5.217232e+00	4.941661e+00	4.679924e+00	4.433177e+00	4.201288e+00	3.982226e+00
3.775721e+00	3.677394e+00	3.580520e+00	3.504742e+00	3.430089e+00	3.411544e+00
3.396455e+00	3.394618e+00	3.393217e+00	3.392982e+00	3.392880e+00	3.392472e+00
1.148504e+01	1.101800e+01	1.056767e+01	1.014714e+01	9.753312e+00	9.026958e+00
8.377025e+00	7.792772e+00	7.268902e+00	6.798391e+00	6.374178e+00	5.990983e+00
5.643631e+00	5.325483e+00	5.026880e+00	4.741143e+00	4.468908e+00	4.212099e+00
3.971629e+00	3.744191e+00	3.529114e+00	3.426637e+00	3.325249e+00	3.246281e+00
3.172062e+00	3.152922e+00	3.134276e+00	3.131903e+00	3.130542e+00	3.130321e+00
3.130257e+00	3.130460e+00	1.162393e+01	1.112540e+01	1.064643e+01	1.020172e+01
9.786513e+00	9.020818e+00	8.337600e+00	7.727340e+00	7.182438e+00	6.693783e+00
6.252397e+00	5.852320e+00	5.488271e+00	5.154180e+00	4.842255e+00	4.547035e+00
4.267993e+00	4.004757e+00	3.757147e+00	3.522486e+00	3.300250e+00	3.193947e+00
3.088577e+00	3.006368e+00	2.929418e+00	2.909893e+00	2.891075e+00	2.888609e+00
2.887126e+00	2.886916e+00	2.886832e+00	2.887799e+00	1.174049e+01	1.121261e+01
1.070727e+01	1.024137e+01	9.808317e+00	9.009887e+00	8.300529e+00	7.668910e+00
7.105500e+00	6.599931e+00	6.142244e+00	5.726412e+00	5.347467e+00	4.999914e+00
4.676956e+00	4.373579e+00	4.088403e+00	3.819591e+00	3.565841e+00	3.325016e+00
3.095957e+00	2.985913e+00	2.876796e+00	2.791247e+00	2.709515e+00	2.689351e+00
2.672057e+00	2.669833e+00	2.668104e+00	2.667928e+00	2.667779e+00	2.669158e+00
1.183577e+01	1.128261e+01	1.075504e+01	1.027172e+01	9.824230e+00	8.999238e+00
8.268347e+00	7.619440e+00	7.040883e+00	6.521204e+00	6.049748e+00	5.620542e+00
5.228933e+00	4.869914e+00	4.537502e+00	4.227026e+00	3.936325e+00	3.662287e+00
3.402511e+00	3.155639e+00	2.919878e+00	2.806094e+00	2.693142e+00	2.604094e+00
2.517295e+00	2.496063e+00	2.479732e+00	2.477823e+00	2.475944e+00	2.475639e+00
2.475570e+00	2.476599e+00	1.191775e+01	1.134180e+01	1.079442e+01	1.029609e+01
9.836510e+00	8.989186e+00	8.240677e+00	7.578049e+00	6.987864e+00	6.457702e+00
5.976416e+00	5.537957e+00	5.137677e+00	4.770595e+00	4.430835e+00	4.113741e+00
3.816903e+00	3.536811e+00	3.270515e+00	3.016509e+00	2.772564e+00	2.654285e+00
2.537222e+00	2.444822e+00	2.352620e+00	2.329941e+00	2.313137e+00	2.311263e+00
2.309330e+00	2.308999e+00	2.308898e+00	2.308935e+00	1.198414e+01	1.138886e+01
1.082489e+01	1.031464e+01	9.845799e+00	8.981675e+00	8.220460e+00	7.547978e+00
6.949831e+00	6.412874e+00	5.925670e+00	5.481937e+00	5.076753e+00	4.704785e+00
4.359710e+00	4.036625e+00	3.733269e+00	3.446422e+00	3.173061e+00	2.910625e+00
2.656483e+00	2.532444e+00	2.410095e+00	2.313579e+00	2.215212e+00	2.190650e+00
2.171911e+00	2.169770e+00	2.167839e+00	2.167589e+00	2.167349e+00	2.166048e+00
1.203423e+01	1.142269e+01	1.084537e+01	1.032720e+01	9.853463e+00	8.982080e+00
8.215262e+00	7.536937e+00	6.933876e+00	6.392799e+00	5.902373e+00	5.456003e+00
5.048299e+00	4.673318e+00	4.323944e+00	3.994858e+00	3.684073e+00	3.388882e+00
3.106145e+00	2.833623e+00	2.569382e+00	2.438716e+00	2.308383e+00	2.204528e+00
2.099060e+00	2.072062e+00	2.050715e+00	2.048355e+00	2.046359e+00	2.046070e+00
2.045842e+00	2.043919e+00	1.207066e+01	1.144768e+01	1.086115e+01	1.033771e+01
9.860918e+00	8.983220e+00	8.212280e+00	7.530223e+00	6.923923e+00	6.380114e+00
5.887586e+00	5.439527e+00	5.030202e+00	4.653213e+00	4.300839e+00	3.967404e+00
3.651074e+00	3.349508e+00	3.059460e+00	2.777742e+00	2.501698e+00	2.363192e+00
2.223137e+00	2.110169e+00	1.996523e+00	1.967073e+00	1.943197e+00	1.940561e+00
1.938419e+00	1.938072e+00	1.937871e+00	1.935950e+00	1.207564e+01	1.145500e+01
1.087110e+01	1.034925e+01	9.871497e+00	8.987995e+00	8.215322e+00	7.532759e+00
6.926276e+00	6.382622e+00	5.890561e+00	5.442949e+00	5.033561e+00	4.655859e+00
4.302484e+00	3.967916e+00	3.650179e+00	3.346708e+00	3.054092e+00	2.763356e+00
2.464963e+00	2.311893e+00	2.157285e+00	2.031050e+00	1.905711e+00	1.874205e+00
1.848479e+00	1.845203e+00	1.842736e+00	1.842417e+00	1.842087e+00	1.841665e+00
1.207475e+01	1.145731e+01	1.087708e+01	1.035972e+01	9.885311e+00	9.005349e+00
8.233477e+00	7.551292e+00	6.946146e+00	6.404953e+00	5.916336e+00	5.471848e+00
5.063435e+00	4.684125e+00	4.328280e+00	3.991303e+00	3.670490e+00	3.361900e+00
3.060909e+00	2.759480e+00	2.445090e+00	2.279173e+00	2.108771e+00	1.966916e+00
1.826749e+00	1.793157e+00	1.766185e+00	1.762143e+00	1.759131e+00	1.758842e+00
1.758354e+00	1.760475e+00	1.206572e+01	1.145097e+01	1.087337e+01	1.035965e+01
9.895508e+00	9.027174e+00	8.261566e+00	7.582305e+00	6.978669e+00	6.438821e+00
5.952207e+00	5.510120e+00	5.103978e+00	4.726238e+00	4.370828e+00	4.032907e+00
3.709484e+00	3.395912e+00	3.086037e+00	2.773444e+00	2.450049e+00	2.278535e+00
2.084277e+00	1.920840e+00	1.759041e+00	1.721485e+00	1.694566e+00	1.690696e+00
1.686428e+00	1.685764e+00	1.685653e+00	1.690504e+00	1.204066e+01	1.143102e+01
1.086086e+01	1.035768e+01	9.904089e+00	9.054670e+00	8.302759e+00	7.630576e+00
7.029298e+00	6.489684e+00	6.003520e+00	5.563220e+00	5.161074e+00	4.789035e+00
4.438248e+00	4.101906e+00	3.777251e+00	3.460326e+00	3.144609e+00	2.818896e+00
2.469707e+00	2.281405e+00	2.067254e+00	1.883958e+00	1.699114e+00	1.656830e+00
1.630559e+00	1.627234e+00	1.621440e+00	1.620244e+00	1.620733e+00	1.628317e+00
1.201291e+01	1.140871e+01	1.084619e+01	1.035431e+01	9.909422e+00	9.080518e+00
8.343359e+00	7.680673e+00	7.084778e+00	6.548225e+00	6.064584e+00	5.627268e+00
5.229284e+00	4.862267e+00	4.515463e+00	4.180721e+00	3.855307e+00	3.535416e+00
3.213696e+00	2.874442e+00	2.498173e+00	2.289034e+00	2.064423e+00	1.863448e+00
1.649012e+00	1.600150e+00	1.574671e+00	1.571893e+00	1.564383e+00	1.562643e+00
1.563912e+00	1.573848e+00	1.197957e+01	1.138133e+01	1.082653e+01	1.034507e+01
9.912386e+00	9.103983e+00	8.382822e+00	7.733466e+00	7.148556e+00	6.620982e+00
6.144488e+00	5.712726e+00	5.318892e+00	4.954941e+00	4.610483e+00	4.277396e+00
3.952551e+00	3.631275e+00	3.304711e+00	2.954019e+00	2.555279e+00	2.329076e+00
2.079099e+00	1.852176e+00	1.608091e+00	1.551361e+00	1.526820e+00	1.524566e+00
1.515200e+00	1.512924e+00	1.515118e+00	1.527127e+00	1.194087e+01	1.134977e+01
1.080395e+01	1.033438e+01	9.914977e+00	9.128805e+00	8.425133e+00	7.790259e+00
7.217319e+00	6.699559e+00	6.230999e+00	5.805589e+00	5.416771e+00	5.056796e+00
4.715600e+00	4.385103e+00	4.061740e+00	3.740012e+00	3.409435e+00	3.047786e+00
2.626093e+00	2.381660e+00	2.104481e+00	1.853769e+00	1.576092e+00	1.509725e+00
1.485646e+00	1.483989e+00	1.472673e+00	1.469767e+00	1.473003e+00	1.485676e+00
1.189621e+01	1.131343e+01	1.077792e+01	1.032185e+01	9.916834e+00	9.154527e+00
8.469859e+00	7.850634e+00	7.290636e+00	6.783521e+00	6.323733e+00	5.905567e+00
5.522795e+00	5.167932e+00	4.831160e+00	4.504414e+00	4.183696e+00	3.862754e+00
3.529427e+00	3.157928e+00	2.713783e+00	2.450756e+00	2.147283e+00	1.867176e+00
1.552221e+00	1.474702e+00	1.450686e+00	1.449608e+00	1.436077e+00	1.432508e+00
1.436926e+00	1.449356e+00	1.184661e+01	1.127275e+01	1.074843e+01	1.030710e+01
9.917545e+00	9.179774e+00	8.515230e+00	7.912705e+00	7.366631e+00	6.871087e+00
6.420992e+00	6.010955e+00	5.635119e+00	5.286314e+00	4.955027e+00	4.633185e+00
4.316414e+00	3.997663e+00	3.663070e+00	3.283027e+00	2.817057e+00	2.535156e+00
2.204342e+00	1.894423e+00	1.538585e+00	1.447948e+00	1.420339e+00	1.419805e+00
1.405380e+00	1.401355e+00	1.405609e+00	1.418029e+00	1.178971e+01	1.122647e+01
1.071510e+01	1.029012e+01	9.917351e+00	9.205721e+00	8.562785e+00	7.978102e+00
7.446800e+00	6.963491e+00	6.523558e+00	6.122078e+00	5.753621e+00	5.411476e+00
5.086613e+00	4.771116e+00	4.460139e+00	4.145594e+00	3.811428e+00	3.423016e+00
2.932946e+00	2.630574e+00	2.271571e+00	1.932711e+00	1.541699e+00	1.435579e+00
1.386500e+00	1.387375e+00	1.383730e+00	1.380137e+00	1.375222e+00	1.390180e+00
1.173142e+01	1.117916e+01	1.068091e+01	1.027223e+01	9.917042e+00	9.230919e+00
8.609702e+00	8.043166e+00	7.527070e+00	7.056526e+00	6.627373e+00	6.235133e+00
5.874824e+00	5.540181e+00	5.222681e+00	4.914607e+00	4.610687e+00	4.301851e+00
3.969869e+00	3.574996e+00	3.062391e+00	2.739706e+00	2.351610e+00	1.981533e+00
1.548012e+00	1.427094e+00	1.359480e+00	1.361000e+00	1.364009e+00	1.360481e+00
1.349083e+00	1.365684e+00	1.167976e+01	1.113743e+01	1.065109e+01	1.025742e+01
9.916726e+00	9.255187e+00	8.654640e+00	8.105775e+00	7.604886e+00	7.147502e+00
6.729856e+00	6.347808e+00	5.996770e+00	5.670805e+00	5.361774e+00	5.062120e+00
4.766304e+00	4.464581e+00	4.137056e+00	3.739863e+00	3.210492e+00	2.869501e+00
2.451445e+00	2.045355e+00	1.560660e+00	1.421895e+00	1.342370e+00	1.342760e+00
1.345009e+00	1.341151e+00	1.328315e+00	1.344780e+00	1.166172e+01	1.112340e+01
1.064304e+01	1.025855e+01	9.924295e+00	9.281187e+00	8.695960e+00	8.161442e+00
7.674143e+00	7.229759e+00	6.824608e+00	6.454595e+00	6.115101e+00	5.800041e+00
5.500909e+00	5.209921e+00	4.921763e+00	4.627030e+00	4.306396e+00	3.916527e+00
3.386541e+00	3.030945e+00	2.574150e+00	2.117733e+00	1.574460e+00	1.422664e+00
1.338344e+00	1.333192e+00	1.325018e+00	1.322313e+00	1.312930e+00	1.326418e+00
1.164822e+01	1.111303e+01	1.063736e+01	1.026026e+01	9.938088e+00	9.307725e+00
8.736040e+00	8.214866e+00	7.740665e+00	7.309234e+00	6.916915e+00	6.559609e+00
6.232562e+00	5.929416e+00	5.641054e+00	5.359331e+00	5.079307e+00	4.792267e+00
4.480254e+00	4.102366e+00	3.580154e+00	3.213016e+00	2.714774e+00	2.201048e+00
1.591922e+00	1.424792e+00	1.335657e+00	1.325731e+00	1.306284e+00	1.304916e+00
1.299857e+00	1.309908e+00	1.162502e+01	1.109539e+01	1.062684e+01	1.025932e+01
9.947070e+00	9.333722e+00	8.777626e+00	8.270983e+00	7.810412e+00	7.391911e+00
7.011942e+00	6.666549e+00	6.351063e+00	6.059146e+00	5.781543e+00	5.510021e+00
5.239809e+00	4.962425e+00	4.660021e+00	4.291109e+00	3.770539e+00	3.393345e+00
2.865461e+00	2.305473e+00	1.622439e+00	1.431714e+00	1.330849e+00	1.317317e+00
1.293014e+00	1.291643e+00	1.288099e+00	1.295979e+00	1.158852e+01	1.106796e+01
1.060935e+01	1.025296e+01	9.952909e+00	9.358880e+00	8.819842e+00	8.328472e+00
7.881679e+00	7.475787e+00	7.107511e+00	6.773185e+00	6.468419e+00	6.187156e+00
5.920410e+00	5.660102e+00	5.401427e+00	5.135664e+00	4.843954e+00	4.481826e+00
3.958875e+00	3.574164e+00	3.029927e+00	2.439594e+00	1.679132e+00	1.455514e+00
1.324225e+00	1.308427e+00	1.283483e+00	1.281508e+00	1.277847e+00	1.284364e+00
1.154191e+01	1.103242e+01	1.058555e+01	1.024194e+01	9.953787e+00	9.380783e+00
8.858798e+00	8.381756e+00	7.947215e+00	7.552274e+00	7.194378e+00	6.870233e+00
6.575750e+00	6.305237e+00	6.050147e+00	5.802589e+00	5.557399e+00	5.304583e+00
5.024160e+00	4.671680e+00	4.153286e+00	3.764395e+00	3.204340e+00	2.580999e+00
1.743339e+00	1.489668e+00	1.320328e+00	1.298159e+00	1.275345e+00	1.272939e+00
1.268739e+00	1.273820e+00	1.148883e+01	1.099180e+01	1.055774e+01	1.022727e+01
9.954107e+00	9.400848e+00	8.895670e+00	8.432369e+00	8.009265e+00	7.624415e+00
7.276197e+00	6.961734e+00	6.677287e+00	6.417614e+00	6.174754e+00	5.941065e+00
5.710790e+00	5.472032e+00	5.203526e+00	4.862490e+00	4.353350e+00	3.963488e+00
3.390301e+00	2.734018e+00	1.818378e+00	1.537789e+00	1.317394e+00	1.287843e+00
1.268171e+00	1.265394e+00	1.260435e+00	1.264159e+00	1.145655e+01	1.096815e+01
1.054334e+01	1.022303e+01	9.955517e+00	9.419882e+00	8.928192e+00	8.477005e+00
8.064959e+00	7.690372e+00	7.351901e+00	7.047128e+00	6.772932e+00	6.524748e+00
6.295359e+00	6.077025e+00	5.862179e+00	5.637050e+00	5.379724e+00	5.049756e+00
4.554013e+00	4.169969e+00	3.592814e+00	2.905257e+00	1.901684e+00	1.589035e+00
1.317553e+00	1.285052e+00	1.261459e+00	1.258426e+00	1.252990e+00	1.256093e+00
1.144034e+01	1.095708e+01	1.053784e+01	1.022375e+01	9.963505e+00	9.437655e+00
8.955665e+00	8.514727e+00	8.113210e+00	7.748981e+00	7.420225e+00	7.125009e+00
6.861176e+00	6.625151e+00	6.410707e+00	6.209530e+00	6.010381e+00	5.797612e+00
5.549660e+00	5.229380e+00	4.752008e+00	4.383610e+00	3.817249e+00	3.101789e+00
1.996350e+00	1.644303e+00	1.327246e+00	1.285150e+00	1.255122e+00	1.252076e+00
1.246361e+00	1.249634e+00	1.142704e+01	1.094756e+01	1.053282e+01	1.022422e+01
9.970501e+00	9.455150e+00	8.983341e+00	8.551976e+00	8.159565e+00	7.804269e+00
7.484519e+00	7.198636e+00	6.944620e+00	6.719248e+00	6.516842e+00	6.329757e+00
6.147315e+00	5.952166e+00	5.720668e+00	5.415964e+00	4.953752e+00	4.593852e+00
4.037896e+00	3.315058e+00	2.111850e+00	1.706191e+00	1.337527e+00	1.286545e+00
1.250905e+00	1.246380e+00	1.241853e+00	1.244107e+00	1.141448e+01	1.093856e+01
1.052821e+01	1.022466e+01	9.976395e+00	9.471424e+00	9.009337e+00	8.586576e+00
8.202052e+00	7.854532e+00	7.543046e+00	7.266023e+00	7.021276e+00	6.805592e+00
6.613550e+00	6.438674e+00	6.272849e+00	6.098065e+00	5.888299e+00	5.604527e+00
5.157161e+00	4.802048e+00	4.255736e+00	3.539146e+00	2.249861e+00	1.778783e+00
1.349136e+00	1.290787e+00	1.247961e+00	1.241538e+00	1.238292e+00	1.239305e+00
1.140117e+01	1.093102e+01	1.052516e+01	1.022621e+01	9.982539e+00	9.485695e+00
9.030941e+00	8.615313e+00	8.237946e+00	7.897706e+00	7.593847e+00	7.324933e+00
7.089004e+00	6.883105e+00	6.702179e+00	6.540138e+00	6.389339e+00	6.232618e+00
6.044228e+00	5.783165e+00	5.358270e+00	5.014953e+00	4.479840e+00	3.760836e+00
2.400074e+00	1.869352e+00	1.365297e+00	1.295464e+00	1.245422e+00	1.237928e+00
1.233925e+00	1.235095e+00	1.139331e+01	1.093076e+01	1.053003e+01	1.023580e+01
9.996038e+00	9.505047e+00	9.054934e+00	8.644408e+00	8.272844e+00	7.939192e+00
7.642777e+00	7.381933e+00	7.154419e+00	6.957373e+00	6.786808e+00	6.637469e+00
6.501633e+00	6.361354e+00	6.191183e+00	5.953128e+00	5.559124e+00	5.233602e+00
4.712388e+00	3.988553e+00	2.558387e+00	1.974880e+00	1.390886e+00	1.305895e+00
1.242801e+00	1.235605e+00	1.226546e+00	1.232082e+00	1.139290e+01	1.093200e+01
1.053561e+01	1.024321e+01	1.000451e+01	9.517495e+00	9.072373e+00	8.667574e+00
8.302318e+00	7.975413e+00	7.685981e+00	7.432406e+00	7.212511e+00	7.023444e+00
6.861165e+00	6.720973e+00	6.597258e+00	6.475948e+00	6.333041e+00	6.123578e+00
5.754235e+00	5.442610e+00	4.940999e+00	4.225627e+00	2.733539e+00	2.093854e+00
1.417692e+00	1.316325e+00	1.242098e+00	1.234145e+00	1.224304e+00	1.229199e+00
1.140069e+01	1.093824e+01	1.053978e+01	1.024667e+01	1.000805e+01	9.523936e+00
9.083753e+00	8.684836e+00	8.325906e+00	8.005394e+00	7.722028e+00	7.474541e+00
7.261202e+00	7.079153e+00	6.923255e+00	6.789040e+00	6.674698e+00	6.573792e+00
6.465928e+00	6.290407e+00	5.938185e+00	5.635336e+00	5.158515e+00	4.469146e+00
2.930820e+00	2.228305e+00	1.444287e+00	1.325727e+00	1.242774e+00	1.233408e+00
1.225280e+00	1.226400e+00	1.139367e+01	1.093556e+01	1.054248e+01	1.025260e+01
1.001639e+01	9.537213e+00	9.101267e+00	8.705866e+00	8.350007e+00	8.032710e+00
7.753318e+00	7.510727e+00	7.303140e+00	7.127973e+00	6.980849e+00	6.857750e+00
6.756537e+00	6.669860e+00	6.577673e+00	6.426630e+00	6.112339e+00	5.830204e+00
5.373920e+00	4.704173e+00	3.145392e+00	2.373377e+00	1.480043e+00	1.343410e+00
1.244326e+00	1.233513e+00	1.223701e+00	1.224407e+00	1.138039e+01	1.093119e+01
1.054490e+01	1.025968e+01	1.002698e+01	9.553087e+00	9.120302e+00	8.727087e+00
8.373033e+00	8.057895e+00	7.781690e+00	7.543371e+00	7.341000e+00	7.172365e+00
7.034273e+00	6.923348e+00	6.836028e+00	6.761343e+00	6.679556e+00	6.550640e+00
6.280437e+00	6.023842e+00	5.588234e+00	4.938319e+00	3.374877e+00	2.530761e+00
1.522866e+00	1.367408e+00	1.246867e+00	1.233792e+00	1.220782e+00	1.222708e+00
1.137116e+01	1.092971e+01	1.054842e+01	1.026640e+01	1.003543e+01	9.564804e+00
9.134678e+00	8.744038e+00	8.392544e+00	8.080116e+00	7.806914e+00	7.572165e+00
7.374236e+00	7.211314e+00	7.080585e+00	6.978968e+00	6.902805e+00	6.840503e+00
6.773456e+00	6.668720e+00	6.438771e+00	6.206881e+00	5.796298e+00	5.170855e+00
3.609911e+00	2.704285e+00	1.572257e+00	1.394025e+00	1.250172e+00	1.234486e+00
1.218812e+00	1.221120e+00	1.136386e+01	1.092922e+01	1.055311e+01	1.027279e+01
1.004212e+01	9.573406e+00	9.145430e+00	8.757353e+00	8.408672e+00	8.099145e+00
7.828693e+00	7.596900e+00	7.402685e+00	7.244615e+00	7.119761e+00	7.025161e+00
6.957901e+00	6.907653e+00	6.857721e+00	6.777888e+00	6.584477e+00	6.376625e+00
5.994669e+00	5.397515e+00	3.848152e+00	2.896270e+00	1.632222e+00	1.426102e+00
1.255170e+00	1.236467e+00	1.217428e+00	1.219697e+00	1.135405e+01	1.092776e+01
1.055702e+01	1.027748e+01	1.004550e+01	9.577628e+00	9.151550e+00	8.766059e+00
8.420367e+00	8.113984e+00	7.846624e+00	7.617919e+00	7.427005e+00	7.272529e+00
7.151420e+00	7.061136e+00	7.000630e+00	6.963243e+00	6.934424e+00	6.879142e+00
6.714051e+00	6.528596e+00	6.181003e+00	5.617089e+00	4.081654e+00	3.102616e+00
1.702622e+00	1.463878e+00	1.261456e+00	1.238899e+00	1.216705e+00	1.218483e+00
1.134200e+01	1.092492e+01	1.056052e+01	1.028138e+01	1.004782e+01	9.580471e+00
9.155973e+00	8.772808e+00	8.429937e+00	8.126611e+00	7.862326e+00	7.636629e+00
7.448728e+00	7.297215e+00	7.178884e+00	7.091732e+00	7.036891e+00	7.012138e+00
7.005647e+00	6.974519e+00	6.833803e+00	6.669948e+00	6.359753e+00	5.832611e+00
4.315738e+00	3.324124e+00	1.783787e+00	1.507677e+00	1.269280e+00	1.242028e+00
1.216202e+00	1.217400e+00	1.132653e+01	1.092066e+01	1.056283e+01	1.028523e+01
1.005038e+01	9.583861e+00	9.160844e+00	8.779591e+00	8.438921e+00	8.137969e+00
7.876153e+00	7.653016e+00	7.467835e+00	7.319223e+00	7.203961e+00	7.120419e+00
7.071090e+00	7.056427e+00	7.066685e+00	7.057038e+00	6.944367e+00	6.802531e+00
6.525656e+00	6.035845e+00	4.558541e+00	3.552912e+00	1.873816e+00	1.558532e+00
1.278780e+00	1.245864e+00	1.215729e+00	1.216473e+00	1.130382e+01	1.091211e+01
1.056434e+01	1.028912e+01	1.005344e+01	9.588206e+00	9.166485e+00	8.786577e+00
8.447380e+00	8.148061e+00	7.888070e+00	7.667007e+00	7.484220e+00	7.338419e+00
7.226528e+00	7.147142e+00	7.103180e+00	7.095784e+00	7.116908e+00	7.125546e+00
7.044178e+00	6.924437e+00	6.675284e+00	6.222001e+00	4.809642e+00	3.785997e+00
1.976160e+00	1.620985e+00	1.291478e+00	1.251094e+00	1.215247e+00	1.215705e+00
1.128188e+01	1.090328e+01	1.056437e+01	1.029134e+01	1.005472e+01	9.590645e+00
9.170046e+00	8.791344e+00	8.453481e+00	8.155671e+00	7.897376e+00	7.678206e+00
7.497577e+00	7.354227e+00	7.245096e+00	7.168990e+00	7.129416e+00	7.128556e+00
7.160590e+00	7.187061e+00	7.133311e+00	7.033608e+00	6.811823e+00	6.397007e+00
5.057997e+00	4.024621e+00	2.090495e+00	1.692041e+00	1.306371e+00	1.257148e+00
1.215499e+00	1.215036e+00	1.125789e+01	1.089325e+01	1.056417e+01	1.029379e+01
1.005647e+01	9.593895e+00	9.174477e+00	8.796886e+00	8.460120e+00	8.163448e+00
7.906411e+00	7.688676e+00	7.509803e+00	7.368723e+00	7.262700e+00	7.190653e+00
7.155844e+00	7.159708e+00	7.196338e+00	7.234113e+00	7.210809e+00	7.134741e+00
6.941360e+00	6.561530e+00	5.298307e+00	4.269287e+00	2.220034e+00	1.773883e+00
1.324371e+00	1.264710e+00	1.216664e+00	1.214600e+00	1.122832e+01	1.088121e+01
1.056513e+01	1.030067e+01	1.006537e+01	9.606270e+00	9.187686e+00	8.810017e+00
8.472815e+00	8.175676e+00	7.918490e+00	7.701105e+00	7.523270e+00	7.384489e+00
7.283288e+00	7.218767e+00	7.191274e+00	7.195604e+00	7.223694e+00	7.262773e+00
7.276298e+00	7.233374e+00	7.071890e+00	6.717742e+00	5.524729e+00	4.520748e+00
2.368411e+00	1.868282e+00	1.346481e+00	1.274913e+00	1.218114e+00	1.214447e+00
1.121363e+01	1.087560e+01	1.056552e+01	1.030303e+01	1.006700e+01	9.609042e+00
9.191531e+00	8.814627e+00	8.478137e+00	8.181835e+00	7.925634e+00	7.709407e+00
7.532910e+00	7.395666e+00	7.296371e+00	7.234254e+00	7.209894e+00	7.218508e+00
7.252719e+00	7.301766e+00	7.334886e+00	7.310047e+00	7.179277e+00	6.863967e+00
5.739985e+00	4.766350e+00	2.534776e+00	1.974181e+00	1.371654e+00	1.285650e+00
1.220209e+00	1.214348e+00	1.119960e+01	1.086928e+01	1.056500e+01	1.030324e+01
1.006693e+01	9.609408e+00	9.192361e+00	8.816278e+00	8.480615e+00	8.185158e+00
7.929928e+00	7.714827e+00	7.539596e+00	7.403764e+00	7.306034e+00	7.245792e+00
7.223971e+00	7.236521e+00	7.277352e+00	7.336420e+00	7.385179e+00	7.375553e+00
7.274379e+00	6.999359e+00	5.945803e+00	5.009090e+00	2.716397e+00	2.091415e+00
1.400268e+00	1.297921e+00	1.222658e+00	1.214136e+00	1.118522e+01	1.086179e+01
1.056206e+01	1.030162e+01	1.006488e+01	9.608262e+00	9.192159e+00	8.816785e+00
8.481772e+00	8.186971e+00	7.932509e+00	7.718319e+00	7.544149e+00	7.409580e+00
7.313302e+00	7.254816e+00	7.235250e+00	7.250987e+00	7.296636e+00	7.363531e+00
7.426556e+00	7.430745e+00	7.357142e+00	7.120817e+00	6.138413e+00	5.244680e+00
2.913668e+00	2.222577e+00	1.434129e+00	1.312997e+00	1.225637e+00	1.213710e+00
1.117642e+01	1.085925e+01	1.056348e+01	1.030379e+01	1.006667e+01	9.610449e+00
9.194759e+00	8.820091e+00	8.485761e+00	8.191547e+00	7.937615e+00	7.724094e+00
7.550753e+00	7.417210e+00	7.322141e+00	7.265114e+00	7.247437e+00	7.265846e+00
7.315585e+00	7.389220e+00	7.464387e+00	7.480366e+00	7.431702e+00	7.232420e+00
6.321871e+00	5.474747e+00	3.126568e+00	2.369305e+00	1.474662e+00	1.332151e+00
1.230177e+00	1.213678e+00	1.116892e+01	1.085733e+01	1.056562e+01	1.030710e+01
1.006938e+01	9.613768e+00	9.198705e+00	8.824325e+00	8.490280e+00	8.196408e+00
7.942860e+00	7.729850e+00	7.557188e+00	7.424524e+00	7.330518e+00	7.274781e+00
7.258784e+00	7.279565e+00	7.332950e+00	7.412683e+00	7.498777e+00	7.525338e+00
7.499745e+00	7.336311e+00	6.499346e+00	5.702057e+00	3.354126e+00	2.530287e+00
1.520904e+00	1.354724e+00	1.235863e+00	1.213657e+00	1.115933e+01	1.085328e+01
1.056504e+01	1.030705e+01	1.006907e+01	9.613723e+00	9.198920e+00	8.824733e+00
8.490892e+00	8.197363e+00	7.944426e+00	7.732023e+00	7.560060e+00	7.428232e+00
7.335225e+00	7.280687e+00	7.266234e+00	7.289121e+00	7.345672e+00	7.430825e+00
7.526577e+00	7.562222e+00	7.556548e+00	7.426592e+00	6.666215e+00	5.920226e+00
3.591549e+00	2.704526e+00	1.573174e+00	1.380761e+00	1.242035e+00	1.213472e+00
1.114839e+01	1.084686e+01	1.056191e+01	1.030502e+01	1.006653e+01	9.611706e+00
9.197403e+00	8.823765e+00	8.490502e+00	8.197468e+00	7.944906e+00	7.732919e+00
7.561461e+00	7.430264e+00	7.338040e+00	7.284474e+00	7.271298e+00	7.295932e+00
7.355102e+00	7.444865e+00	7.548868e+00	7.592100e+00	7.603146e+00	7.503472e+00
6.820215e+00	6.125873e+00	3.837546e+00	2.893914e+00	1.634470e+00	1.412531e+00
1.249264e+00	1.212924e+00	1.114079e+01	1.084381e+01	1.056186e+01	1.030522e+01
1.006657e+01	9.611826e+00	9.197603e+00	8.824080e+00	8.490957e+00	8.198214e+00
7.946144e+00	7.734586e+00	7.563593e+00	7.432932e+00	7.341366e+00	7.288645e+00
7.276568e+00	7.302693e+00	7.364065e+00	7.457771e+00	7.568928e+00	7.618501e+00
7.643114e+00	7.570086e+00	6.963207e+00	6.320171e+00	4.088965e+00	3.094742e+00
1.705032e+00	1.450723e+00	1.258146e+00	1.212714e+00	1.113467e+01	1.084169e+01
1.056236e+01	1.030631e+01	1.006725e+01	9.612668e+00	9.198609e+00	8.825348e+00
8.492555e+00	8.200126e+00	7.948267e+00	7.736946e+00	7.566256e+00	7.435975e+00
7.344927e+00	7.292927e+00	7.281806e+00	7.309235e+00	7.372526e+00	7.469735e+00
7.587329e+00	7.642482e+00	7.678821e+00	7.630107e+00	7.098743e+00	6.507246e+00
4.347851e+00	3.308303e+00	1.785166e+00	1.495572e+00	1.268630e+00	1.212580e+00
1.113254e+01	1.084136e+01	1.056349e+01	1.030832e+01	1.006874e+01	9.614331e+00
9.200440e+00	8.827444e+00	8.494976e+00	8.202864e+00	7.951242e+00	7.740111e+00
7.569685e+00	7.439798e+00	7.349318e+00	7.297992e+00	7.287770e+00	7.316406e+00
7.380997e+00	7.481120e+00	7.604625e+00	7.665097e+00	7.711424e+00	7.683477e+00
7.223998e+00	6.684431e+00	4.608674e+00	3.531839e+00	1.875363e+00	1.547179e+00
1.280565e+00	1.212597e+00	1.113205e+01	1.084358e+01	1.056800e+01	1.031367e+01
1.007382e+01	9.619241e+00	9.205284e+00	8.832282e+00	8.499890e+00	8.207893e+00
7.956387e+00	7.745168e+00	7.574791e+00	7.445275e+00	7.355494e+00	7.304731e+00
7.295323e+00	7.325064e+00	7.389376e+00	7.491460e+00	7.620670e+00	7.686698e+00
7.741377e+00	7.730129e+00	7.336963e+00	6.848884e+00	4.867364e+00	3.764266e+00
1.980086e+00	1.609659e+00	1.294957e+00	1.213010e+00	1.113673e+01	1.084854e+01
1.057154e+01	1.031445e+01	1.007333e+01	9.617646e+00	9.203632e+00	8.831020e+00
8.499254e+00	8.207971e+00	7.957111e+00	7.746804e+00	7.576966e+00	7.447133e+00
7.355863e+00	7.303261e+00	7.292614e+00	7.324910e+00	7.400438e+00	7.509416e+00
7.635414e+00	7.699588e+00	7.758779e+00	7.764770e+00	7.438265e+00	6.995941e+00
5.115238e+00	4.002318e+00	2.100215e+00	1.681225e+00	1.310087e+00	1.213001e+00
1.114424e+01	1.085282e+01	1.057342e+01	1.031421e+01	1.007105e+01	9.613647e+00
9.199585e+00	8.827636e+00	8.496895e+00	8.206782e+00	7.956990e+00	7.747549e+00
7.578145e+00	7.448067e+00	7.354986e+00	7.299286e+00	7.286473e+00	7.322696e+00
7.410463e+00	7.527414e+00	7.647737e+00	7.709021e+00	7.771662e+00	7.792730e+00
7.526461e+00	7.127808e+00	5.352824e+00	4.243632e+00	2.237442e+00	1.764721e+00
1.326927e+00	1.212854e+00	1.114086e+01	1.085181e+01	1.057378e+01	1.031500e+01
1.007162e+01	9.614479e+00	9.200551e+00	8.828675e+00	8.497993e+00	8.207916e+00
7.958157e+00	7.748744e+00	7.579444e+00	7.449631e+00	7.357236e+00	7.302069e+00
7.289835e+00	7.326625e+00	7.413773e+00	7.531795e+00	7.655639e+00	7.720926e+00
7.789301e+00	7.820601e+00	7.600419e+00	7.249149e+00	5.585197e+00	4.485589e+00
2.389164e+00	1.863309e+00	1.347852e+00	1.212852e+00	1.112336e+01	1.084091e+01
1.056851e+01	1.031317e+01	1.007175e+01	9.616556e+00	9.203013e+00	8.830771e+00
8.499307e+00	8.208356e+00	7.957937e+00	7.748054e+00	7.578736e+00	7.449683e+00
7.359395e+00	7.308157e+00	7.299164e+00	7.332947e+00	7.409112e+00	7.521176e+00
7.658075e+00	7.733061e+00	7.807852e+00	7.844110e+00	7.663823e+00	7.357150e+00
5.806461e+00	4.727716e+00	2.555053e+00	1.977508e+00	1.372658e+00	1.212672e+00
1.111529e+01	1.083628e+01	1.056629e+01	1.031251e+01	1.007207e+01	9.618433e+00
9.205117e+00	8.832598e+00	8.500581e+00	8.208973e+00	7.957990e+00	7.747919e+00
7.578617e+00	7.449973e+00	7.361396e+00	7.312350e+00	7.305082e+00	7.337569e+00
7.407430e+00	7.516982e+00	7.661470e+00	7.742879e+00	7.823100e+00	7.866616e+00
7.723312e+00	7.452709e+00	6.017835e+00	4.971425e+00	2.735387e+00	2.104358e+00
1.400744e+00	1.212623e+00	1.111467e+01	1.083664e+01	1.056760e+01	1.031407e+01
1.007344e+01	9.619686e+00	9.206391e+00	8.833802e+00	8.501708e+00	8.210149e+00
7.959436e+00	7.749598e+00	7.580526e+00	7.451988e+00	7.363147e+00	7.314150e+00
7.307079e+00	7.339994e+00	7.411323e+00	7.522358e+00	7.668287e+00	7.750038e+00
7.834359e+00	7.888686e+00	7.779912e+00	7.535260e+00	6.216825e+00	5.214952e+00
2.931709e+00	2.244928e+00	1.432810e+00	1.212931e+00	