2.997945e+00	3.052484e+00	3.104511e+00	3.151866e+00	3.195253e+00	3.275874e+00
3.358332e+00	3.455326e+00	3.567190e+00	3.689501e+00	3.815288e+00	3.940892e+00
4.062546e+00	4.174493e+00	4.271905e+00	4.351483e+00	4.418009e+00	4.488870e+00
4.582125e+00	4.698531e+00	4.821855e+00	4.877023e+00	4.940907e+00	4.994795e+00
5.012183e+00	5.014212e+00	5.018762e+00	5.019359e+00	5.019940e+00	5.019997e+00
5.019646e+00	5.020137e+00	3.137543e+00	3.192399e+00	3.244604e+00	3.291916e+00
3.335059e+00	3.414643e+00	3.495047e+00	3.588650e+00	3.695739e+00	3.812058e+00
3.931005e+00	4.049080e+00	4.162692e+00	4.266422e+00	4.355849e+00	4.428066e+00
4.487783e+00	4.551646e+00	4.636836e+00	4.744010e+00	4.857768e+00	4.908494e+00
4.967245e+00	5.016738e+00	5.032144e+00	5.033827e+00	5.037898e+00	5.038434e+00
5.038960e+00	5.039010e+00	5.038682e+00	5.039139e+00	3.283642e+00	3.338728e+00
3.391019e+00	3.438189e+00	3.480983e+00	3.559290e+00	3.637328e+00	3.727118e+00
3.828920e+00	3.938686e+00	4.050232e+00	4.160237e+00	4.265307e+00	4.360375e+00
4.441443e+00	4.505996e+00	4.558658e+00	4.615301e+00	4.692201e+00	4.789929e+00
4.893948e+00	4.940168e+00	4.993724e+00	5.038777e+00	5.052185e+00	5.053518e+00
5.057108e+00	5.057582e+00	5.058053e+00	5.058095e+00	5.057789e+00	5.058214e+00
3.436544e+00	3.491763e+00	3.544041e+00	3.590962e+00	3.633292e+00	3.710065e+00
3.785401e+00	3.870928e+00	3.966901e+00	4.069520e+00	4.173075e+00	4.274446e+00
4.370452e+00	4.456397e+00	4.528718e+00	4.585298e+00	4.630653e+00	4.679846e+00
4.748226e+00	4.836292e+00	4.930398e+00	4.972047e+00	5.020343e+00	5.060914e+00
5.072305e+00	5.073286e+00	5.076391e+00	5.076802e+00	5.077218e+00	5.077253e+00
5.076968e+00	5.077360e+00	3.596566e+00	3.651814e+00	3.703969e+00	3.750524e+00
3.792264e+00	3.867226e+00	3.939501e+00	4.020288e+00	4.109854e+00	4.204701e+00
4.299644e+00	4.391790e+00	4.478188e+00	4.554533e+00	4.617709e+00	4.665996e+00
4.703784e+00	4.745294e+00	4.804921e+00	4.883104e+00	4.967119e+00	5.004131e+00
5.047105e+00	5.083147e+00	5.092505e+00	5.093132e+00	5.095747e+00	5.096095e+00
5.096456e+00	5.096483e+00	5.096221e+00	5.096579e+00	3.764039e+00	3.819200e+00
3.871113e+00	3.917175e+00	3.958193e+00	4.031045e+00	4.099875e+00	4.175411e+00
4.257959e+00	4.344372e+00	4.430051e+00	4.512356e+00	4.588580e+00	4.654830e+00
4.708448e+00	4.748114e+00	4.778071e+00	4.811657e+00	4.862292e+00	4.930370e+00
5.004114e+00	5.036423e+00	5.074010e+00	5.105479e+00	5.112786e+00	5.113055e+00
5.115177e+00	5.115462e+00	5.115766e+00	5.115786e+00	5.115546e+00	5.115871e+00
3.939311e+00	3.994259e+00	4.045800e+00	4.091231e+00	4.131382e+00	4.201803e+00
4.266778e+00	4.336519e+00	4.411400e+00	4.488682e+00	4.564414e+00	4.636232e+00
4.701694e+00	4.757337e+00	4.800970e+00	4.831678e+00	4.853531e+00	4.878948e+00
4.920349e+00	4.978092e+00	5.041385e+00	5.068923e+00	5.101058e+00	5.127908e+00
5.133148e+00	5.133056e+00	5.134682e+00	5.134902e+00	5.135150e+00	5.135162e+00
5.134945e+00	5.135236e+00	4.122744e+00	4.177342e+00	4.228369e+00	4.273021e+00
4.312148e+00	4.379795e+00	4.440475e+00	4.503843e+00	4.570372e+00	4.637786e+00
4.702852e+00	4.763508e+00	4.817596e+00	4.862100e+00	4.895310e+00	4.916712e+00
4.930182e+00	4.947180e+00	4.979099e+00	5.026277e+00	5.078933e+00	5.101632e+00
5.128250e+00	5.150436e+00	5.153590e+00	5.153135e+00	5.154260e+00	5.154416e+00
5.154607e+00	5.154612e+00	5.154417e+00	5.154674e+00	4.314719e+00	4.368817e+00
4.419178e+00	4.462889e+00	4.500824e+00	4.565327e+00	4.621243e+00	4.677623e+00
4.735071e+00	4.791843e+00	4.845489e+00	4.894278e+00	4.936355e+00	4.969171e+00
4.991504e+00	5.003242e+00	5.008044e+00	5.016366e+00	5.038550e+00	5.074928e+00
5.116760e+00	5.134553e+00	5.155587e+00	5.173063e+00	5.174114e+00	5.173293e+00
5.173914e+00	5.174004e+00	5.174138e+00	5.174135e+00	5.173964e+00	5.174186e+00
4.515632e+00	4.569068e+00	4.618596e+00	4.661193e+00	4.697755e+00	4.758718e+00
4.809370e+00	4.858109e+00	4.905707e+00	4.951018e+00	4.992452e+00	5.028638e+00
5.058041e+00	5.078599e+00	5.089588e+00	5.091295e+00	5.087136e+00	5.086520e+00
5.098711e+00	5.124050e+00	5.154869e+00	5.167686e+00	5.183069e+00	5.195789e+00
5.194720e+00	5.193530e+00	5.193642e+00	5.193667e+00	5.193743e+00	5.193732e+00
5.193584e+00	5.193771e+00	4.725902e+00	4.778498e+00	4.827014e+00	4.868309e+00
4.903303e+00	4.960302e+00	5.005155e+00	5.045559e+00	5.082491e+00	5.115480e+00
5.143872e+00	5.166687e+00	5.182727e+00	5.190437e+00	5.189600e+00	5.180898e+00
5.167477e+00	5.157655e+00	5.159590e+00	5.173648e+00	5.193263e+00	5.201033e+00
5.210698e+00	5.218615e+00	5.215408e+00	5.213846e+00	5.213445e+00	5.213404e+00
5.213422e+00	5.213404e+00	5.213279e+00	5.213431e+00	4.945962e+00	4.997528e+00
5.044836e+00	5.084628e+00	5.117845e+00	5.170424e+00	5.208911e+00	5.240242e+00
5.265646e+00	5.285405e+00	5.299885e+00	5.308526e+00	5.310487e+00	5.304738e+00
5.291577e+00	5.272078e+00	5.249087e+00	5.229785e+00	5.221196e+00	5.223725e+00
5.231942e+00	5.234595e+00	5.238475e+00	5.241542e+00	5.236178e+00	5.234241e+00
5.233324e+00	5.233217e+00	5.233176e+00	5.233149e+00	5.233048e+00	5.233165e+00
5.176270e+00	5.226597e+00	5.272488e+00	5.310559e+00	5.341773e+00	5.389448e+00
5.420961e+00	5.442436e+00	5.455401e+00	5.460974e+00	5.460630e+00	5.454258e+00
5.441397e+00	5.421557e+00	5.395558e+00	5.364863e+00	5.331986e+00	5.302923e+00
5.283538e+00	5.274287e+00	5.270909e+00	5.268373e+00	5.266400e+00	5.264569e+00
5.257032e+00	5.254716e+00	5.253279e+00	5.253105e+00	5.253004e+00	5.252970e+00
5.252892e+00	5.252974e+00	5.417302e+00	5.466166e+00	5.510413e+00	5.546529e+00
5.575500e+00	5.617749e+00	5.641644e+00	5.652432e+00	5.651994e+00	5.642376e+00
5.626250e+00	5.603991e+00	5.575533e+00	5.540947e+00	5.501582e+00	5.459281e+00
5.416193e+00	5.377084e+00	5.346625e+00	5.325339e+00	5.310166e+00	5.302370e+00
5.294473e+00	5.287697e+00	5.277968e+00	5.275271e+00	5.273310e+00	5.273068e+00
5.272908e+00	5.272866e+00	5.272812e+00	5.272858e+00	5.669557e+00	5.716716e+00
5.759074e+00	5.792984e+00	5.819453e+00	5.855722e+00	5.871311e+00	5.870531e+00
5.855672e+00	5.829803e+00	5.796893e+00	5.757835e+00	5.712976e+00	5.662967e+00
5.609689e+00	5.555360e+00	5.501731e+00	5.452283e+00	5.410464e+00	5.376885e+00
5.349716e+00	5.336586e+00	5.322696e+00	5.310927e+00	5.298987e+00	5.295907e+00
5.293417e+00	5.293107e+00	5.292887e+00	5.292837e+00	5.292807e+00	5.292817e+00
5.936988e+00	5.981361e+00	6.021042e+00	6.052433e+00	6.076480e+00	6.107596e+00
6.115879e+00	6.103690e+00	6.073694e+00	6.030316e+00	5.979284e+00	5.922181e+00
5.859905e+00	5.793796e+00	5.726348e+00	5.660200e+00	5.596656e+00	5.537688e+00
5.485266e+00	5.440014e+00	5.399211e+00	5.379359e+00	5.357933e+00	5.339899e+00
5.325191e+00	5.321630e+00	5.318479e+00	5.318083e+00	5.317788e+00	5.317728e+00
5.317728e+00	5.317693e+00	6.214412e+00	6.256264e+00	6.293334e+00	6.321944e+00
6.343031e+00	6.367396e+00	6.366413e+00	6.341066e+00	6.294530e+00	6.232546e+00
6.162465e+00	6.086503e+00	6.006047e+00	5.923075e+00	5.840644e+00	5.761760e+00
5.687250e+00	5.617643e+00	5.553552e+00	5.495698e+00	5.442053e+00	5.416340e+00
5.388360e+00	5.364890e+00	5.347782e+00	5.343806e+00	5.340082e+00	5.339613e+00
5.339252e+00	5.339184e+00	5.339210e+00	5.339136e+00	6.487919e+00	6.531547e+00
6.568759e+00	6.594710e+00	6.610788e+00	6.620554e+00	6.600939e+00	6.556381e+00
6.490916e+00	6.410415e+00	6.322104e+00	6.228177e+00	6.129979e+00	6.029772e+00
5.930995e+00	5.837057e+00	5.748517e+00	5.662804e+00	5.582561e+00	5.509108e+00
5.447305e+00	5.419513e+00	5.389705e+00	5.365176e+00	5.346988e+00	5.342733e+00
5.338827e+00	5.338333e+00	5.337950e+00	5.337881e+00	5.337903e+00	5.337827e+00
6.756285e+00	6.805230e+00	6.844801e+00	6.867917e+00	6.876843e+00	6.864672e+00
6.818486e+00	6.749948e+00	6.663730e+00	6.564718e+00	6.458773e+00	6.347632e+00
6.232293e+00	6.115121e+00	5.999864e+00	5.890423e+00	5.787562e+00	5.687770e+00
5.595193e+00	5.512017e+00	5.439815e+00	5.405455e+00	5.371325e+00	5.345556e+00
5.323788e+00	5.318483e+00	5.314110e+00	5.313546e+00	5.313100e+00	5.313039e+00
5.313018e+00	5.312963e+00	7.026157e+00	7.075125e+00	7.112683e+00	7.130308e+00
7.130906e+00	7.097048e+00	7.025440e+00	6.931780e+00	6.821567e+00	6.699839e+00
6.572580e+00	6.441554e+00	6.307714e+00	6.173741e+00	6.040655e+00	5.911274e+00
5.788731e+00	5.683576e+00	5.585253e+00	5.496482e+00	5.413486e+00	5.373208e+00
5.335506e+00	5.308468e+00	5.283500e+00	5.277364e+00	5.272563e+00	5.271932e+00
5.271434e+00	5.271377e+00	5.271331e+00	5.271294e+00	7.298595e+00	7.344590e+00
7.377621e+00	7.388022e+00	7.379217e+00	7.322724e+00	7.225234e+00	7.105151e+00
6.969025e+00	6.822674e+00	6.672867e+00	6.521535e+00	6.369616e+00	6.220075e+00
6.070944e+00	5.924553e+00	5.786804e+00	5.665703e+00	5.551279e+00	5.446823e+00
5.353542e+00	5.311477e+00	5.272518e+00	5.244406e+00	5.217397e+00	5.210885e+00
5.205773e+00	5.205086e+00	5.204562e+00	5.204504e+00	5.204463e+00	5.204435e+00
7.571607e+00	7.613711e+00	7.641114e+00	7.642877e+00	7.623039e+00	7.540516e+00
7.413902e+00	7.264782e+00	7.100737e+00	6.928220e+00	6.754571e+00	6.581608e+00
6.409902e+00	6.239826e+00	6.077588e+00	5.925372e+00	5.780250e+00	5.639293e+00
5.507813e+00	5.387579e+00	5.283014e+00	5.238301e+00	5.197565e+00	5.168294e+00
5.139218e+00	5.132328e+00	5.126935e+00	5.126202e+00	5.125657e+00	5.125595e+00
5.125552e+00	5.125536e+00	7.841924e+00	7.879147e+00	7.899735e+00	7.891323e+00
7.858698e+00	7.746621e+00	7.587811e+00	7.407601e+00	7.214564e+00	7.015640e+00
6.818584e+00	6.625146e+00	6.436326e+00	6.247108e+00	6.068311e+00	5.899438e+00
5.738324e+00	5.584045e+00	5.438913e+00	5.305163e+00	5.188966e+00	5.140480e+00
5.097264e+00	5.066837e+00	5.036144e+00	5.029002e+00	5.023467e+00	5.022721e+00
5.022180e+00	5.022103e+00	5.022047e+00	5.022043e+00	8.112781e+00	8.143780e+00
8.156095e+00	8.135907e+00	8.088856e+00	7.944169e+00	7.750602e+00	7.537457e+00
7.314203e+00	7.088110e+00	6.867063e+00	6.652574e+00	6.440708e+00	6.242598e+00
6.048721e+00	5.862555e+00	5.685611e+00	5.517385e+00	5.358221e+00	5.210550e+00
5.081962e+00	5.028973e+00	4.982554e+00	4.950609e+00	4.918436e+00	4.911111e+00
4.905490e+00	4.904734e+00	4.904189e+00	4.904115e+00	4.904054e+00	4.904060e+00
8.383196e+00	8.406479e+00	8.408954e+00	8.375315e+00	8.312166e+00	8.131911e+00
7.901341e+00	7.653845e+00	7.399716e+00	7.146339e+00	6.901515e+00	6.665185e+00
6.440035e+00	6.221091e+00	6.011284e+00	5.810786e+00	5.619690e+00	5.437398e+00
5.264108e+00	5.102269e+00	4.960420e+00	4.901946e+00	4.851308e+00	4.817284e+00
4.783799e+00	4.776369e+00	4.770727e+00	4.769966e+00	4.769418e+00	4.769359e+00
4.769299e+00	4.769309e+00	8.652606e+00	8.666515e+00	8.657463e+00	8.608622e+00
8.527662e+00	8.308967e+00	8.039411e+00	7.756448e+00	7.471113e+00	7.190553e+00
6.922039e+00	6.667152e+00	6.421803e+00	6.186962e+00	5.962115e+00	5.747241e+00
5.542217e+00	5.346069e+00	5.158630e+00	4.982438e+00	4.826363e+00	4.761257e+00
4.705171e+00	4.668302e+00	4.633591e+00	4.626095e+00	4.620477e+00	4.619718e+00
4.619189e+00	4.619130e+00	4.619070e+00	4.619069e+00	8.921028e+00	8.923825e+00
8.901494e+00	8.835690e+00	8.735280e+00	8.475540e+00	8.165326e+00	7.846260e+00
7.529816e+00	7.222866e+00	6.930229e+00	6.655721e+00	6.392896e+00	6.141812e+00
5.902112e+00	5.673244e+00	5.454753e+00	5.245093e+00	5.043631e+00	4.852965e+00
4.681704e+00	4.608729e+00	4.545847e+00	4.505315e+00	4.469449e+00	4.461925e+00
4.456347e+00	4.455612e+00	4.455090e+00	4.455038e+00	4.454976e+00	4.454977e+00
9.190210e+00	9.180098e+00	9.142698e+00	9.058197e+00	8.936751e+00	8.633529e+00
8.281229e+00	7.925510e+00	7.577962e+00	7.244233e+00	6.931052e+00	6.636449e+00
6.356273e+00	6.089183e+00	5.834918e+00	5.592448e+00	5.360934e+00	5.138146e+00
4.922912e+00	4.717900e+00	4.530923e+00	4.449224e+00	4.378566e+00	4.333673e+00
4.296475e+00	4.288892e+00	4.283321e+00	4.282609e+00	4.282090e+00	4.282037e+00
4.281981e+00	4.281978e+00	9.457826e+00	9.432575e+00	9.377961e+00	9.272814e+00
9.128655e+00	8.779673e+00	8.384327e+00	7.992012e+00	7.614038e+00	7.255365e+00
6.920534e+00	6.606763e+00	6.310104e+00	6.027436e+00	5.759069e+00	5.503513e+00
5.259487e+00	5.023982e+00	4.795207e+00	4.575903e+00	4.372380e+00	4.280784e+00
4.200969e+00	4.150646e+00	4.111594e+00	4.103833e+00	4.098163e+00	4.097463e+00
4.096943e+00	4.096873e+00	4.096833e+00	4.096813e+00	9.722034e+00	9.679196e+00
9.605093e+00	9.477332e+00	9.308892e+00	8.912340e+00	8.473486e+00	8.045220e+00
7.637953e+00	7.252358e+00	6.900883e+00	6.568405e+00	6.255721e+00	5.957939e+00
5.676055e+00	5.407949e+00	5.151904e+00	4.904137e+00	4.662251e+00	4.428953e+00
4.208553e+00	4.106332e+00	4.016347e+00	3.959559e+00	3.917671e+00	3.909436e+00
3.903444e+00	3.902726e+00	3.902181e+00	3.902095e+00	3.902061e+00	3.902031e+00
9.985683e+00	9.923167e+00	9.827651e+00	9.675637e+00	9.481643e+00	9.036127e+00
8.553556e+00	8.089881e+00	7.654663e+00	7.244919e+00	6.872059e+00	6.522947e+00
6.195322e+00	5.883191e+00	5.588497e+00	5.308472e+00	5.040977e+00	4.781521e+00
4.527147e+00	4.280457e+00	4.043475e+00	3.930490e+00	3.829987e+00	3.766214e+00
3.720789e+00	3.711862e+00	3.705373e+00	3.704613e+00	3.704028e+00	3.703925e+00
3.703894e+00	3.703856e+00	1.024666e+01	1.016176e+01	1.004238e+01	9.864128e+00
9.643128e+00	9.147232e+00	8.620882e+00	8.122321e+00	7.656313e+00	7.232242e+00
6.838416e+00	6.472650e+00	6.130532e+00	5.804708e+00	5.497815e+00	5.206407e+00
4.927892e+00	4.657237e+00	4.391010e+00	4.131601e+00	3.878452e+00	3.754713e+00
3.643438e+00	3.572128e+00	3.522144e+00	3.512235e+00	3.504996e+00	3.504162e+00
3.503518e+00	3.503402e+00	3.503374e+00	3.503332e+00	1.050229e+01	1.039204e+01
1.024626e+01	1.003991e+01	9.790767e+00	9.244059e+00	8.675204e+00	8.144023e+00
7.652238e+00	7.205366e+00	6.794859e+00	6.414195e+00	6.058804e+00	5.720400e+00
5.402190e+00	5.100111e+00	4.811094e+00	4.529776e+00	4.252358e+00	3.980841e+00
3.711712e+00	3.577007e+00	3.454387e+00	3.374616e+00	3.318568e+00	3.307249e+00
3.298896e+00	3.297940e+00	3.297205e+00	3.297079e+00	3.297051e+00	3.297010e+00
1.074446e+01	1.061061e+01	1.044130e+01	1.020975e+01	9.934334e+00	9.332631e+00
8.715221e+00	8.144671e+00	7.639048e+00	7.171147e+00	6.744223e+00	6.350055e+00
5.982697e+00	5.632844e+00	5.304074e+00	4.991998e+00	4.692915e+00	4.401222e+00
4.112985e+00	3.830254e+00	3.546441e+00	3.401146e+00	3.267127e+00	3.178358e+00
3.114950e+00	3.101403e+00	3.091684e+00	3.090609e+00	3.089720e+00	3.089567e+00
3.089516e+00	3.089492e+00	1.098212e+01	1.082270e+01	1.062842e+01	1.037088e+01
1.006887e+01	9.412129e+00	8.747698e+00	8.143607e+00	7.611755e+00	7.128564e+00
6.686807e+00	6.280500e+00	5.902307e+00	5.542085e+00	5.203575e+00	4.882280e+00
4.573792e+00	4.272437e+00	3.974259e+00	3.681205e+00	3.383696e+00	3.228470e+00
3.083512e+00	2.985670e+00	2.914026e+00	2.897987e+00	2.886663e+00	2.885432e+00
2.884365e+00	2.884178e+00	2.884099e+00	2.884095e+00	1.126182e+01	1.103879e+01
1.078142e+01	1.046936e+01	1.012488e+01	9.431499e+00	8.755316e+00	8.141313e+00
7.586358e+00	7.086333e+00	6.626925e+00	6.205046e+00	5.814276e+00	5.443854e+00
5.096529e+00	4.767398e+00	4.451411e+00	4.143491e+00	3.839131e+00	3.536109e+00
3.223085e+00	3.059441e+00	2.905284e+00	2.798466e+00	2.716462e+00	2.699635e+00
2.685766e+00	2.684035e+00	2.682897e+00	2.682696e+00	2.682651e+00	2.682604e+00
1.161725e+01	1.126204e+01	1.089725e+01	1.051805e+01	1.013843e+01	9.418923e+00
8.748358e+00	8.130868e+00	7.564590e+00	7.045642e+00	6.564015e+00	6.120474e+00
5.713888e+00	5.333509e+00	4.978842e+00	4.643944e+00	4.323224e+00	4.013132e+00
3.707620e+00	3.394703e+00	3.062923e+00	2.892470e+00	2.730942e+00	2.614838e+00
2.519228e+00	2.503974e+00	2.486187e+00	2.483460e+00	2.482403e+00	2.482214e+00
2.482294e+00	2.482116e+00	1.186300e+01	1.144333e+01	1.101990e+01	1.059391e+01
1.017941e+01	9.426528e+00	8.736561e+00	8.103911e+00	7.519150e+00	6.979981e+00
6.480460e+00	6.022415e+00	5.606663e+00	5.220439e+00	4.860719e+00	4.521968e+00
4.197057e+00	3.882872e+00	3.572739e+00	3.251079e+00	2.906503e+00	2.730110e+00
2.561644e+00	2.437536e+00	2.329805e+00	2.312389e+00	2.291713e+00	2.288521e+00
2.287258e+00	2.287055e+00	2.287114e+00	2.286913e+00	1.204140e+01	1.159304e+01
1.114210e+01	1.068943e+01	1.024951e+01	9.443556e+00	8.714809e+00	8.048667e+00
7.440750e+00	6.884609e+00	6.374721e+00	5.910626e+00	5.491899e+00	5.103436e+00
4.740675e+00	4.399759e+00	4.071467e+00	3.752258e+00	3.435433e+00	3.106420e+00
2.753867e+00	2.572439e+00	2.397708e+00	2.266730e+00	2.147749e+00	2.125533e+00
2.102633e+00	2.099340e+00	2.097665e+00	2.097428e+00	2.097365e+00	2.097212e+00
1.221261e+01	1.172899e+01	1.124393e+01	1.075978e+01	1.029132e+01	9.443708e+00
8.676051e+00	7.982804e+00	7.354737e+00	6.782415e+00	6.261976e+00	5.792884e+00
5.371490e+00	4.981489e+00	4.616221e+00	4.273401e+00	3.942490e+00	3.619548e+00
3.297981e+00	2.963645e+00	2.605410e+00	2.420437e+00	2.240550e+00	2.103040e+00
1.972686e+00	1.945628e+00	1.920362e+00	1.916944e+00	1.914841e+00	1.914566e+00
1.914396e+00	1.914269e+00	1.236231e+01	1.184081e+01	1.132027e+01	1.080474e+01
1.030911e+01	9.417510e+00	8.617331e+00	7.900958e+00	7.257148e+00	6.673528e+00
6.145955e+00	5.675707e+00	5.253787e+00	4.862956e+00	4.493690e+00	4.144890e+00
3.806980e+00	3.477219e+00	3.151187e+00	2.816240e+00	2.461003e+00	2.276294e+00
2.091171e+00	1.944886e+00	1.805004e+00	1.772295e+00	1.744964e+00	1.741562e+00
1.738938e+00	1.738607e+00	1.738350e+00	1.738257e+00	1.252117e+01	1.195371e+01
1.139072e+01	1.083870e+01	1.031252e+01	9.375347e+00	8.545065e+00	7.808118e+00
7.151206e+00	6.559381e+00	6.026127e+00	5.554440e+00	5.131052e+00	4.738318e+00
4.365055e+00	4.011236e+00	3.669130e+00	3.335660e+00	3.007664e+00	2.673303e+00
2.320766e+00	2.136355e+00	1.947518e+00	1.794420e+00	1.645119e+00	1.608006e+00
1.578462e+00	1.574921e+00	1.571890e+00	1.571520e+00	1.571200e+00	1.571120e+00
1.269866e+01	1.207288e+01	1.145750e+01	1.086344e+01	1.030460e+01	9.316924e+00
8.457038e+00	7.702417e+00	7.035019e+00	6.438074e+00	5.900576e+00	5.426026e+00
4.999225e+00	4.602783e+00	4.225843e+00	3.869195e+00	3.527706e+00	3.195313e+00
2.868473e+00	2.535279e+00	2.183524e+00	1.998761e+00	1.807945e+00	1.650519e+00
1.491341e+00	1.451267e+00	1.419187e+00	1.415295e+00	1.411993e+00	1.411603e+00
1.411242e+00	1.411152e+00	1.287497e+01	1.218695e+01	1.151629e+01	1.087885e+01
1.028872e+01	9.251328e+00	8.362230e+00	7.590240e+00	6.911439e+00	6.308789e+00
5.769476e+00	5.292442e+00	4.862693e+00	4.463086e+00	4.082922e+00	3.722828e+00
3.381909e+00	3.051297e+00	2.727052e+00	2.397284e+00	2.049264e+00	1.865504e+00
1.673388e+00	1.512022e+00	1.344720e+00	1.301897e+00	1.267568e+00	1.263388e+00
1.259846e+00	1.259429e+00	1.259034e+00	1.258948e+00	1.305552e+01	1.230104e+01
1.157236e+01	1.089152e+01	1.026689e+01	9.181344e+00	8.263502e+00	7.474638e+00
6.784738e+00	6.176549e+00	5.636633e+00	5.157442e+00	4.724948e+00	4.322466e+00
3.939525e+00	3.576154e+00	3.235948e+00	2.908001e+00	2.587520e+00	2.262642e+00
1.920094e+00	1.738265e+00	1.545810e+00	1.381560e+00	1.208113e+00	1.163119e+00
1.126995e+00	1.122589e+00	1.118863e+00	1.118422e+00	1.118001e+00	1.117925e+00
1.324703e+01	1.242082e+01	1.163028e+01	1.090465e+01	1.024542e+01	9.111007e+00
8.162701e+00	7.356772e+00	6.657447e+00	6.044171e+00	5.503542e+00	5.022913e+00
4.587759e+00	4.182585e+00	3.797126e+00	3.430808e+00	3.090315e+00	2.765825e+00
2.450186e+00	2.131561e+00	1.796040e+00	1.617011e+00	1.425154e+00	1.259089e+00
1.081425e+00	1.034813e+00	9.973273e-01	9.927623e-01	9.888962e-01	9.884346e-01
9.879930e-01	9.879372e-01	1.345381e+01	1.254834e+01	1.169062e+01	1.091850e+01
1.022618e+01	9.042977e+00	8.063069e+00	7.239327e+00	6.531610e+00	5.913330e+00
5.371535e+00	4.889736e+00	4.451735e+00	4.043824e+00	3.656067e+00	3.287232e+00
2.945549e+00	2.625140e+00	2.315196e+00	2.003973e+00	1.676970e+00	1.501578e+00
1.311267e+00	1.144411e+00	9.640075e-01	9.161805e-01	8.776439e-01	8.729521e-01
8.689875e-01	8.685094e-01	8.680552e-01	8.680214e-01	1.369058e+01	1.269244e+01
1.175898e+01	1.093934e+01	1.022608e+01	8.995107e+00	7.987511e+00	7.144028e+00
6.425091e+00	5.799897e+00	5.253448e+00	4.768328e+00	4.326270e+00	3.914445e+00
3.524643e+00	3.155438e+00	2.813627e+00	2.496671e+00	2.190608e+00	1.885313e+00
1.566852e+00	1.395429e+00	1.208207e+00	1.042524e+00	8.601326e-01	8.112845e-01
7.719637e-01	7.670443e-01	7.630985e-01	7.626188e-01	7.621874e-01	7.621226e-01
1.395449e+01	1.285208e+01	1.183557e+01	1.096884e+01	1.022927e+01	8.956743e+00
7.924570e+00	7.061386e+00	6.330516e+00	5.697895e+00	5.145346e+00	4.655865e+00
4.209238e+00	3.793157e+00	3.401620e+00	3.033131e+00	2.691628e+00	2.377644e+00
2.074732e+00	1.774693e+00	1.464791e+00	1.297680e+00	1.114480e+00	9.511222e-01
7.678172e-01	7.183474e-01	6.786024e-01	6.734645e-01	6.695963e-01	6.691217e-01
6.687264e-01	6.686145e-01	1.424876e+01	1.303738e+01	1.193324e+01	1.101398e+01
1.023963e+01	8.948297e+00	7.893297e+00	7.004130e+00	6.259233e+00	5.620164e+00
5.060618e+00	4.564154e+00	4.112064e+00	3.692524e+00	3.299434e+00	2.930313e+00
2.587242e+00	2.272774e+00	1.972910e+00	1.676898e+00	1.374142e+00	1.212053e+00
1.033079e+00	8.716568e-01	6.878409e-01	6.381857e-01	5.981121e-01	5.928465e-01
5.889786e-01	5.884902e-01	5.881145e-01	5.879823e-01	1.458966e+01	1.326581e+01
1.207309e+01	1.110534e+01	1.030575e+01	8.963964e+00	7.878873e+00	6.963746e+00
6.203827e+00	5.560952e+00	4.994992e+00	4.490336e+00	4.032598e+00	3.610676e+00
3.216416e+00	2.845563e+00	2.499274e+00	2.181177e+00	1.884443e+00	1.591163e+00
1.294085e+00	1.137715e+00	9.630652e-01	8.030403e-01	6.187950e-01	5.692697e-01
5.288670e-01	5.235415e-01	5.195955e-01	5.190743e-01	5.187031e-01	5.185752e-01
1.496899e+01	1.352462e+01	1.223901e+01	1.122255e+01	1.039801e+01	9.002462e+00
7.891142e+00	6.964556e+00	6.196337e+00	5.539474e+00	4.962398e+00	4.446585e+00
3.979752e+00	3.551592e+00	3.154995e+00	2.782043e+00	2.432677e+00	2.109829e+00
1.812679e+00	1.521032e+00	1.228108e+00	1.075909e+00	9.043345e-01	7.452326e-01
5.604046e-01	5.107828e-01	4.700401e-01	4.646418e-01	4.606523e-01	4.601127e-01
4.597523e-01	4.596063e-01	1.537636e+01	1.382430e+01	1.245401e+01	1.139226e+01
1.054221e+01	9.088371e+00	7.938749e+00	6.985052e+00	6.197892e+00	5.535095e+00
4.953026e+00	4.431600e+00	3.959438e+00	3.526940e+00	3.122249e+00	2.742557e+00
2.386965e+00	2.056986e+00	1.756122e+00	1.467110e+00	1.177348e+00	1.026354e+00
8.561865e-01	6.978960e-01	5.119576e-01	4.617056e-01	4.205870e-01	4.152035e-01
4.111167e-01	4.105811e-01	4.101897e-01	4.100393e-01	1.578619e+01	1.417102e+01
1.274907e+01	1.165265e+01	1.076911e+01	9.217005e+00	7.992424e+00	7.008343e+00
6.215586e+00	5.555900e+00	4.975440e+00	4.450958e+00	3.971333e+00	3.528189e+00
3.115724e+00	2.728204e+00	2.364733e+00	2.026892e+00	1.718555e+00	1.432091e+00
1.144067e+00	9.907096e-01	8.197215e-01	6.618303e-01	4.735024e-01	4.218245e-01
3.801434e-01	3.749066e-01	3.705917e-01	3.700806e-01	3.695857e-01	3.694753e-01
1.625974e+01	1.452746e+01	1.301642e+01	1.187701e+01	1.097188e+01	9.362808e+00
8.100632e+00	7.100195e+00	6.295839e+00	5.624956e+00	5.033274e+00	4.498125e+00
4.008681e+00	3.556669e+00	3.137409e+00	2.744165e+00	2.374984e+00	2.030240e+00
1.709420e+00	1.414798e+00	1.123821e+00	9.687196e-01	7.948423e-01	6.353854e-01
4.436063e-01	3.907289e-01	3.479705e-01	3.425801e-01	3.381460e-01	3.376220e-01
3.371229e-01	3.370029e-01	1.675554e+01	1.490077e+01	1.329760e+01	1.211492e+01
1.119002e+01	9.530877e+00	8.239421e+00	7.226836e+00	6.410609e+00	5.725024e+00
5.118700e+00	4.570553e+00	4.070062e+00	3.609114e+00	3.180397e+00	2.778423e+00
2.400040e+00	2.043077e+00	1.711870e+00	1.412780e+00	1.119927e+00	9.638121e-01
7.883930e-01	6.223830e-01	4.223764e-01	3.675330e-01	3.230847e-01	3.174474e-01
3.128530e-01	3.123012e-01	3.117916e-01	3.116803e-01	1.726268e+01	1.529143e+01
1.360034e+01	1.237632e+01	1.143326e+01	9.729764e+00	8.413742e+00	7.387539e+00
6.560415e+00	5.862533e+00	5.243472e+00	4.683558e+00	4.172725e+00	3.702509e+00
3.265248e+00	2.854931e+00	2.467581e+00	2.099755e+00	1.752301e+00	1.434407e+00
1.132859e+00	9.717434e-01	7.894526e-01	6.179696e-01	4.094356e-01	3.517904e-01
3.049832e-01	2.990134e-01	2.942054e-01	2.936145e-01	2.930836e-01	2.929934e-01
1.779006e+01	1.568139e+01	1.388879e+01	1.262201e+01	1.166795e+01	9.946129e+00
8.634162e+00	7.599133e+00	6.755429e+00	6.037121e+00	5.399417e+00	4.824168e+00
4.301373e+00	3.821831e+00	3.376438e+00	2.957953e+00	2.561350e+00	2.181473e+00
1.817178e+00	1.477258e+00	1.161176e+00	9.947265e-01	8.033947e-01	6.242270e-01
4.048493e-01	3.421664e-01	2.922738e-01	2.858650e-01	2.808805e-01	2.802166e-01
2.797234e-01	2.796227e-01	1.832220e+01	1.607332e+01	1.417799e+01	1.286988e+01
1.190845e+01	1.018068e+01	8.888409e+00	7.847685e+00	6.984701e+00	6.242112e+00
5.583222e+00	4.991245e+00	4.455926e+00	3.967161e+00	3.513959e+00	3.087533e+00
2.681756e+00	2.289776e+00	1.908520e+00	1.543779e+00	1.206879e+00	1.034374e+00
8.327621e-01	6.386724e-01	4.021017e-01	3.356970e-01	2.825626e-01	2.756475e-01
2.704525e-01	2.697320e-01	2.692562e-01	2.691343e-01	1.881945e+01	1.646197e+01
1.448640e+01	1.314648e+01	1.217932e+01	1.044121e+01	9.158951e+00	8.109420e+00
7.229011e+00	6.466395e+00	5.790335e+00	5.184202e+00	4.636786e+00	4.137276e+00
3.674215e+00	3.238067e+00	2.821493e+00	2.415723e+00	2.016097e+00	1.627216e+00
1.265280e+00	1.082566e+00	8.670340e-01	6.575272e-01	4.034588e-01	3.351595e-01
2.767184e-01	2.689942e-01	2.635310e-01	2.628475e-01	2.622601e-01	2.621212e-01
1.927735e+01	1.684208e+01	1.481134e+01	1.345264e+01	1.248385e+01	1.073516e+01
9.454039e+00	8.393009e+00	7.497504e+00	6.720086e+00	6.032118e+00	5.415518e+00
4.857002e+00	4.345130e+00	3.869773e+00	3.421759e+00	2.992604e+00	2.571705e+00
2.153613e+00	1.744218e+00	1.349883e+00	1.149412e+00	9.143086e-01	6.874917e-01
4.124269e-01	3.372030e-01	2.733064e-01	2.648105e-01	2.589735e-01	2.583365e-01
2.576167e-01	2.574435e-01	1.968517e+01	1.719894e+01	1.513348e+01	1.376681e+01
1.280278e+01	1.105192e+01	9.762636e+00	8.690972e+00	7.785281e+00	6.997720e+00
6.298955e+00	5.670798e+00	5.100069e+00	4.575441e+00	4.087069e+00	3.625915e+00
3.183556e+00	2.749279e+00	2.315871e+00	1.884356e+00	1.452329e+00	1.228506e+00
9.704123e-01	7.228868e-01	4.250030e-01	3.422976e-01	2.734327e-01	2.637938e-01
2.563071e-01	2.555591e-01	2.547065e-01	2.543541e-01	2.006379e+01	1.754133e+01
1.545401e+01	1.408784e+01	1.313450e+01	1.138982e+01	1.008612e+01	9.004702e+00
8.092764e+00	7.299215e+00	6.591295e+00	5.951388e+00	5.367915e+00	4.830264e+00
4.328285e+00	3.853031e+00	3.397091e+00	2.951121e+00	2.505700e+00	2.051809e+00
1.576338e+00	1.322502e+00	1.037161e+00	7.654526e-01	4.431358e-01	3.525262e-01
2.744040e-01	2.632425e-01	2.543702e-01	2.534971e-01	2.525276e-01	2.519843e-01
2.043624e+01	1.786165e+01	1.574301e+01	1.438039e+01	1.344793e+01	1.172882e+01
1.042231e+01	9.335996e+00	8.418160e+00	7.617249e+00	6.899230e+00	6.247284e+00
5.651124e+00	5.100864e+00	4.586404e+00	4.098848e+00	3.631023e+00	3.173851e+00
2.715397e+00	2.237822e+00	1.717408e+00	1.431293e+00	1.114104e+00	8.153673e-01
4.642321e-01	3.645717e-01	2.761809e-01	2.633732e-01	2.529234e-01	2.517281e-01
2.511836e-01	2.500275e-01	2.080939e+01	1.815996e+01	1.599597e+01	1.463662e+01
1.373412e+01	1.206403e+01	1.077176e+01	9.688492e+00	8.765699e+00	7.955481e+00
7.225850e+00	6.561147e+00	5.951960e+00	5.389289e+00	4.863879e+00	4.366983e+00
3.890284e+00	3.422743e+00	2.949312e+00	2.446587e+00	1.882036e+00	1.562092e+00
1.206259e+00	8.768756e-01	4.902722e-01	3.801538e-01	2.816756e-01	2.662215e-01
2.518755e-01	2.502535e-01	2.504241e-01	2.484742e-01	2.103631e+01	1.836293e+01
1.620077e+01	1.488229e+01	1.403463e+01	1.243136e+01	1.115372e+01	1.006273e+01
9.120272e+00	8.288278e+00	7.542481e+00	6.867709e+00	6.252886e+00	5.687065e+00
5.158557e+00	4.656906e+00	4.173267e+00	3.695574e+00	3.205820e+00	2.673464e+00
2.058162e+00	1.703155e+00	1.307441e+00	9.504789e-01	5.231057e-01	3.985888e-01
2.881719e-01	2.698032e-01	2.510301e-01	2.487532e-01	2.497461e-01	2.468954e-01
2.121942e+01	1.852777e+01	1.637359e+01	1.510762e+01	1.432666e+01	1.279394e+01
1.153497e+01	1.043710e+01	9.474928e+00	8.621180e+00	7.860656e+00	7.178657e+00
6.562008e+00	5.997165e+00	5.469038e+00	4.964783e+00	4.475288e+00	3.987964e+00
3.481986e+00	2.918853e+00	2.250443e+00	1.859847e+00	1.421761e+00	1.035853e+00
5.632891e-01	4.213084e-01	2.961233e-01	2.743056e-01	2.503647e-01	2.472966e-01
2.489705e-01	2.453635e-01	2.149895e+01	1.872715e+01	1.653495e+01	1.529708e+01
1.456834e+01	1.308302e+01	1.185159e+01	1.077029e+01	9.818053e+00	8.968661e+00
8.207726e+00	7.521656e+00	6.898508e+00	6.325976e+00	5.790318e+00	5.279199e+00
4.782839e+00	4.287216e+00	3.768673e+00	3.182596e+00	2.470724e+00	2.045088e+00
1.558047e+00	1.126904e+00	6.076074e-01	4.503214e-01	3.062503e-01	2.797251e-01
2.498841e-01	2.460089e-01	2.477082e-01	2.440364e-01	2.172430e+01	1.888225e+01
1.666150e+01	1.546102e+01	1.479108e+01	1.335315e+01	1.215209e+01	1.108960e+01
1.014888e+01	9.305600e+00	8.546906e+00	7.860209e+00	7.234491e+00	6.658248e+00
6.118557e+00	5.603364e+00	5.102356e+00	4.600266e+00	4.070749e+00	3.463069e+00
2.708707e+00	2.248405e+00	1.711735e+00	1.229481e+00	6.589491e-01	4.838193e-01
3.179172e-01	2.860596e-01	2.495505e-01	2.446222e-01	2.464585e-01	2.428140e-01
2.192398e+01	1.901798e+01	1.677319e+01	1.561180e+01	1.500064e+01	1.360975e+01
1.244072e+01	1.139937e+01	1.047267e+01	9.638182e+00	8.884494e+00	8.199973e+00
7.574442e+00	6.997109e+00	6.455745e+00	5.938571e+00	5.434774e+00	4.927962e+00
4.389231e+00	3.761846e+00	2.966684e+00	2.472046e+00	1.884751e+00	1.345384e+00
7.173983e-01	5.220080e-01	3.311481e-01	2.933432e-01	2.495140e-01	2.434725e-01
2.453150e-01	2.416513e-01	2.209469e+01	1.913424e+01	1.687089e+01	1.574806e+01
1.519275e+01	1.384840e+01	1.271227e+01	1.169401e+01	1.078370e+01	9.960701e+00
9.214926e+00	8.535648e+00	7.913412e+00	7.338012e+00	6.797712e+00	6.280954e+00
5.776463e+00	5.266900e+00	4.721076e+00	4.076708e+00	3.244155e+00	2.716881e+00
2.079917e+00	1.478482e+00	7.844464e-01	5.659248e-01	3.464127e-01	3.019580e-01
2.500291e-01	2.426960e-01	2.442769e-01	2.405508e-01	2.223186e+01	1.923142e+01
1.695654e+01	1.586747e+01	1.536065e+01	1.406403e+01	1.296083e+01	1.196736e+01
1.107559e+01	1.026665e+01	9.531577e+00	8.860547e+00	8.244722e+00	7.674366e+00
7.138083e+00	6.624355e+00	6.121619e+00	5.611702e+00	5.061462e+00	4.403705e+00
3.538490e+00	2.980977e+00	2.295814e+00	1.633469e+00	8.596531e-01	6.150591e-01
3.634482e-01	3.117612e-01	2.510885e-01	2.424159e-01	2.430056e-01	2.395208e-01
2.234924e+01	1.931542e+01	1.703225e+01	1.597463e+01	1.551266e+01	1.426406e+01
1.319412e+01	1.222674e+01	1.135518e+01	1.056234e+01	9.840219e+00	9.179859e+00
8.572980e+00	8.010246e+00	7.480491e+00	6.972152e+00	6.473465e+00	5.965535e+00
5.413489e+00	4.745655e+00	3.851879e+00	3.266085e+00	2.533677e+00	1.809602e+00
9.433950e-01	6.695854e-01	3.821432e-01	3.226186e-01	2.527386e-01	2.422464e-01
2.416308e-01	2.385364e-01	2.243780e+01	1.937750e+01	1.708942e+01	1.606087e+01
1.563974e+01	1.443878e+01	1.340247e+01	1.246234e+01	1.161270e+01	1.083816e+01
1.013151e+01	9.484543e+00	8.889435e+00	8.337174e+00	7.816691e+00	7.316364e+00
6.824294e+00	6.321081e+00	5.770416e+00	5.096758e+00	4.180132e+00	3.569173e+00
2.791966e+00	2.005064e+00	1.035830e+00	7.296118e-01	4.025301e-01	3.345603e-01
2.547859e-01	2.423821e-01	2.402438e-01	2.375847e-01	2.250416e+01	1.942297e+01
1.713196e+01	1.612908e+01	1.574407e+01	1.458846e+01	1.358489e+01	1.267222e+01
1.184541e+01	1.109077e+01	1.040160e+01	9.770354e+00	9.189566e+00	8.650442e+00
8.141848e+00	7.652048e+00	7.169087e+00	6.673298e+00	6.127311e+00	5.452576e+00
4.520199e+00	3.888532e+00	3.071110e+00	2.222835e+00	1.138254e+00	7.961153e-01
4.251233e-01	3.480333e-01	2.577023e-01	2.432415e-01	2.388583e-01	2.366943e-01
2.256694e+01	1.946279e+01	1.716631e+01	1.618676e+01	1.583574e+01	1.472164e+01
1.374901e+01	1.286307e+01	1.205935e+01	1.132540e+01	1.065499e+01	1.004102e+01
9.476359e+00	8.952323e+00	8.457604e+00	7.980347e+00	7.508693e+00	7.022868e+00
6.484794e+00	5.813497e+00	4.871901e+00	4.223559e+00	3.369980e+00	2.461983e+00
1.250730e+00	8.698085e-01	4.502292e-01	3.632317e-01	2.614626e-01	2.446289e-01
2.377145e-01	2.359828e-01	2.262440e+01	1.949764e+01	1.719537e+01	1.623734e+01
1.591835e+01	1.484328e+01	1.390037e+01	1.304070e+01	1.226023e+01	1.154758e+01
1.089690e+01	1.030146e+01	9.754421e+00	9.247140e+00	8.768063e+00	8.305193e+00
7.846879e+00	7.373377e+00	6.846207e+00	6.182540e+00	5.237881e+00	4.576758e+00
3.691041e+00	2.724932e+00	1.374704e+00	9.512492e-01	4.778874e-01	3.801421e-01
2.661598e-01	2.468254e-01	2.367029e-01	2.353680e-01	2.265791e+01	1.951393e+01
1.721068e+01	1.627516e+01	1.598593e+01	1.494735e+01	1.403278e+01	1.319885e+01
1.244166e+01	1.175074e+01	1.112065e+01	1.054491e+01	1.001688e+01	9.527888e+00
9.066103e+00	8.619375e+00	8.176420e+00	7.717812e+00	7.205017e+00	6.553739e+00
5.612668e+00	4.943029e+00	4.029924e+00	3.008565e+00	1.514629e+00	1.040598e+00
5.081297e-01	3.987272e-01	2.715692e-01	2.494682e-01	2.358513e-01	2.348701e-01
2.267665e+01	1.952060e+01	1.721736e+01	1.630102e+01	1.603787e+01	1.503201e+01
1.414363e+01	1.333433e+01	1.260004e+01	1.193100e+01	1.132208e+01	1.076697e+01
1.025904e+01	9.789516e+00	9.346128e+00	8.916570e+00	8.490259e+00	8.048699e+00
7.553850e+00	6.920092e+00	5.989883e+00	5.316749e+00	4.382653e+00	3.311550e+00
1.674426e+00	1.138707e+00	5.415839e-01	4.195642e-01	2.781812e-01	2.530050e-01
2.351300e-01	2.344981e-01	2.267301e+01	1.951872e+01	1.722474e+01	1.632959e+01
1.609140e+01	1.511755e+01	1.425338e+01	1.346517e+01	1.274933e+01	1.209762e+01
1.150564e+01	1.096781e+01	1.047799e+01	1.002804e+01	9.606415e+00	9.200802e+00
8.799121e+00	8.379595e+00	7.902587e+00	7.287058e+00	6.374835e+00	5.703212e+00
4.751634e+00	3.632322e+00	1.854758e+00	1.247333e+00	5.785935e-01	4.425948e-01
2.858373e-01	2.573780e-01	2.347837e-01	2.339644e-01	2.264830e+01	1.950739e+01
1.722923e+01	1.635599e+01	1.613909e+01	1.519476e+01	1.435298e+01	1.358411e+01
1.288516e+01	1.224937e+01	1.167298e+01	1.115131e+01	1.067886e+01	1.024846e+01
9.849651e+00	9.470402e+00	9.096694e+00	8.702211e+00	8.244751e+00	7.649246e+00
6.759727e+00	6.094575e+00	5.133594e+00	3.973883e+00	2.058304e+00	1.366174e+00
6.196816e-01	4.687400e-01	2.947942e-01	2.624155e-01	2.347055e-01	2.335099e-01
2.260724e+01	1.948756e+01	1.722961e+01	1.637345e+01	1.617127e+01	1.525103e+01
1.442979e+01	1.368108e+01	1.300183e+01	1.238545e+01	1.182815e+01	1.132549e+01
1.087225e+01	1.046159e+01	1.008312e+01	9.724952e+00	9.373500e+00	9.002611e+00
8.569956e+00	7.999601e+00	7.133944e+00	6.479413e+00	5.523827e+00	4.342090e+00
2.285615e+00	1.495060e+00	6.651928e-01	4.991009e-01	3.051280e-01	2.675451e-01
2.351901e-01	2.333687e-01	2.255113e+01	1.946323e+01	1.723240e+01	1.639347e+01
1.620354e+01	1.530601e+01	1.450374e+01	1.377334e+01	1.311182e+01	1.251305e+01
1.197334e+01	1.148858e+01	1.105371e+01	1.066225e+01	1.030386e+01	9.966708e+00
9.637230e+00	9.288693e+00	8.879830e+00	8.339516e+00	7.511955e+00	6.874745e+00
5.923586e+00	4.715403e+00	2.532441e+00	1.651597e+00	7.156182e-01	5.304308e-01
3.165399e-01	2.751450e-01	2.357508e-01	2.328045e-01	2.249487e+01	1.944230e+01
1.723822e+01	1.641544e+01	1.623467e+01	1.535556e+01	1.456884e+01	1.385400e+01
1.320795e+01	1.262506e+01	1.210178e+01	1.163407e+01	1.121700e+01	1.084399e+01
1.050451e+01	1.018707e+01	9.879901e+00	9.559507e+00	9.185864e+00	8.682217e+00
7.886765e+00	7.263834e+00	6.324217e+00	5.103405e+00	2.801734e+00	1.828760e+00
7.711651e-01	5.654145e-01	3.292718e-01	2.833081e-01	2.366669e-01	2.326165e-01
2.244112e+01	1.942560e+01	1.724985e+01	1.643958e+01	1.626431e+01	1.539895e+01
1.462417e+01	1.392188e+01	1.328868e+01	1.271947e+01	1.221085e+01	1.175863e+01
1.135809e+01	1.100215e+01	1.067990e+01	1.038055e+01	1.009579e+01	9.809246e+00
9.482978e+00	9.022372e+00	8.249035e+00	7.635463e+00	6.715789e+00	5.501443e+00
3.093237e+00	2.026867e+00	8.328472e-01	6.057134e-01	3.438252e-01	2.917095e-01
2.384260e-01	2.327509e-01	2.237927e+01	1.940438e+01	1.726003e+01	1.646266e+01
1.629294e+01	1.544194e+01	1.467924e+01	1.398880e+01	1.336728e+01	1.281001e+01
1.231371e+01	1.187448e+01	1.148800e+01	1.114746e+01	1.084212e+01	1.056188e+01
1.029999e+01	1.004273e+01	9.753690e+00	9.333457e+00	8.599226e+00	8.006413e+00
7.109460e+00	5.900762e+00	3.404419e+00	2.249951e+00	9.019281e-01	6.500552e-01
3.601625e-01	3.019669e-01	2.405547e-01	2.324955e-01	2.230534e+01	1.937769e+01
1.726873e+01	1.648565e+01	1.632058e+01	1.548383e+01	1.473264e+01	1.405308e+01
1.344205e+01	1.289538e+01	1.240999e+01	1.198241e+01	1.160877e+01	1.128284e+01
1.099441e+01	1.073410e+01	1.049573e+01	1.026602e+01	1.000975e+01	9.629195e+00
8.943392e+00	8.378070e+00	7.507439e+00	6.307894e+00	3.738765e+00	2.497770e+00
9.784445e-01	6.988869e-01	3.781706e-01	3.135993e-01	2.430900e-01	2.320989e-01
2.219378e+01	1.933480e+01	1.727248e+01	1.650925e+01	1.634659e+01	1.552394e+01
1.478252e+01	1.411155e+01	1.350851e+01	1.296995e+01	1.249350e+01	1.207607e+01
1.171410e+01	1.140219e+01	1.113154e+01	1.089333e+01	1.068023e+01	1.047556e+01
1.024381e+01	9.899682e+00	9.272937e+00	8.741789e+00	7.900016e+00	6.714752e+00
4.095235e+00	2.765679e+00	1.062909e+00	7.533332e-01	3.980350e-01	3.263417e-01
2.461007e-01	2.320094e-01	2.201240e+01	1.926027e+01	1.727431e+01	1.653392e+01
1.637047e+01	1.556119e+01	1.482790e+01	1.416356e+01	1.356648e+01	1.303406e+01
1.256485e+01	1.215608e+01	1.180443e+01	1.150544e+01	1.125231e+01	1.103686e+01
1.084953e+01	1.066745e+01	1.045389e+01	1.014327e+01	9.582780e+00	9.091110e+00
8.280522e+00	7.114702e+00	4.470195e+00	3.053660e+00	1.156978e+00	8.146969e-01
4.203424e-01	3.406893e-01	2.499186e-01	2.319966e-01	2.178406e+01	1.917039e+01
1.727987e+01	1.656360e+01	1.639107e+01	1.559118e+01	1.486493e+01	1.420725e+01
1.361656e+01	1.309081e+01	1.262887e+01	1.222830e+01	1.188588e+01	1.159764e+01
1.135805e+01	1.116001e+01	1.099408e+01	1.083692e+01	1.065232e+01	1.038092e+01
9.876352e+00	9.418771e+00	8.646581e+00	7.514396e+00	4.854541e+00	3.359471e+00
1.262583e+00	8.836305e-01	4.451939e-01	3.566214e-01	2.546693e-01	2.319585e-01
2.150582e+01	1.906275e+01	1.728812e+01	1.659664e+01	1.640942e+01	1.561710e+01
1.489721e+01	1.424590e+01	1.366150e+01	1.314240e+01	1.268749e+01	1.229467e+01
1.196078e+01	1.168211e+01	1.145412e+01	1.127093e+01	1.112422e+01	1.099244e+01
1.084136e+01	1.061213e+01	1.015926e+01	9.733958e+00	9.005060e+00	7.916369e+00
5.253124e+00	3.686558e+00	1.380410e+00	9.605681e-01	4.726629e-01	3.741849e-01
2.603571e-01	2.318913e-01	2.120687e+01	1.894481e+01	1.729049e+01	1.662672e+01
1.642123e+01	1.563613e+01	1.492240e+01	1.427714e+01	1.369858e+01	1.318541e+01
1.273676e+01	1.235081e+01	1.202485e+01	1.175554e+01	1.153869e+01	1.136913e+01
1.123973e+01	1.113102e+01	1.101118e+01	1.082336e+01	1.042568e+01	1.003602e+01
9.351467e+00	8.305907e+00	5.659398e+00	4.037076e+00	1.510314e+00	1.045018e+00
5.027729e-01	3.935990e-01	2.666460e-01	2.318096e-01	2.087199e+01	1.880922e+01
1.728910e+01	1.665327e+01	1.642832e+01	1.564937e+01	1.494114e+01	1.430130e+01
1.372790e+01	1.321977e+01	1.277645e+01	1.239633e+01	1.207754e+01	1.181719e+01
1.161090e+01	1.145355e+01	1.133926e+01	1.125067e+01	1.115871e+01	1.101033e+01
1.067064e+01	1.031978e+01	9.678935e+00	8.672933e+00	6.064795e+00	4.410198e+00
1.654047e+00	1.137989e+00	5.362035e-01	4.155473e-01	2.738356e-01	2.316941e-01
2.054927e+01	1.867735e+01	1.728592e+01	1.667633e+01	1.643168e+01	1.565826e+01
1.495520e+01	1.432030e+01	1.375188e+01	1.324848e+01	1.280998e+01	1.243520e+01
1.212270e+01	1.187005e+01	1.167292e+01	1.152654e+01	1.142609e+01	1.135620e+01
1.129058e+01	1.117977e+01	1.089605e+01	1.058390e+01	9.990824e+00	9.032470e+00
6.475273e+00	4.794949e+00	1.811124e+00	1.241680e+00	5.731286e-01	4.395392e-01
2.820374e-01	2.317439e-01	2.025389e+01	1.855686e+01	1.728315e+01	1.669734e+01
1.643434e+01	1.566567e+01	1.496722e+01	1.433668e+01	1.377270e+01	1.327368e+01
1.283970e+01	1.246989e+01	1.216273e+01	1.191621e+01	1.172656e+01	1.158990e+01
1.150229e+01	1.144980e+01	1.140860e+01	1.133301e+01	1.110206e+01	1.082711e+01
1.028482e+01	9.384080e+00	6.890791e+00	5.184598e+00	1.989148e+00	1.358285e+00
6.142502e-01	4.656624e-01	2.915717e-01	2.318741e-01	2.000560e+01	1.845758e+01
1.728359e+01	1.671853e+01	1.644008e+01	1.567522e+01	1.498062e+01	1.435368e+01
1.379312e+01	1.329808e+01	1.286856e+01	1.250346e+01	1.220067e+01	1.195851e+01
1.177456e+01	1.164642e+01	1.157085e+01	1.153447e+01	1.151518e+01	1.147213e+01
1.129063e+01	1.105067e+01	1.056030e+01	9.726529e+00	7.311810e+00	5.574719e+00
2.206272e+00	1.489664e+00	6.603039e-01	4.939929e-01	3.026946e-01	2.318683e-01
1.979231e+01	1.837247e+01	1.728466e+01	1.673743e+01	1.644587e+01	1.568443e+01
1.499289e+01	1.436890e+01	1.381127e+01	1.331920e+01	1.289317e+01	1.253172e+01
1.223304e+01	1.199559e+01	1.181758e+01	1.169692e+01	1.163109e+01	1.160784e+01
1.160731e+01	1.159365e+01	1.146209e+01	1.126014e+01	1.082122e+01	1.004476e+01
7.716578e+00	5.984762e+00	2.467209e+00	1.631952e+00	7.111023e-01	5.264031e-01
3.151162e-01	2.305531e-01	1.960354e+01	1.829746e+01	1.728619e+01	1.675490e+01
1.645175e+01	1.569333e+01	1.500430e+01	1.438275e+01	1.382760e+01	1.333816e+01
1.291510e+01	1.255681e+01	1.226174e+01	1.202859e+01	1.185585e+01	1.174184e+01
1.168463e+01	1.167288e+01	1.168895e+01	1.170207e+01	1.161827e+01	1.145407e+01
1.106678e+01	1.034794e+01	8.115133e+00	6.403668e+00	2.753004e+00	1.787351e+00
7.672367e-01	5.623216e-01	3.283342e-01	2.302200e-01	1.943859e+01	1.823213e+01
1.728779e+01	1.677047e+01	1.645715e+01	1.570132e+01	1.501429e+01	1.439466e+01
1.384153e+01	1.335441e+01	1.293379e+01	1.257817e+01	1.228616e+01	1.205675e+01
1.188844e+01	1.178014e+01	1.173034e+01	1.172844e+01	1.175884e+01	1.179554e+01
1.175534e+01	1.162703e+01	1.129092e+01	1.063119e+01	8.500088e+00	6.820091e+00
3.054659e+00	1.958909e+00	8.298119e-01	6.023375e-01	3.425446e-01	2.314556e-01
1.928254e+01	1.816815e+01	1.728684e+01	1.678225e+01	1.645999e+01	1.570713e+01
1.502183e+01	1.440357e+01	1.385192e+01	1.336639e+01	1.294739e+01	1.259382e+01
1.230459e+01	1.207898e+01	1.191535e+01	1.181250e+01	1.176916e+01	1.177480e+01
1.181584e+01	1.187176e+01	1.187085e+01	1.177784e+01	1.149531e+01	1.089592e+01
8.862765e+00	7.230424e+00	3.379584e+00	2.156893e+00	8.992487e-01	6.469153e-01
3.595759e-01	2.314470e-01	1.913908e+01	1.810937e+01	1.728540e+01	1.679278e+01
1.646212e+01	1.571139e+01	1.502763e+01	1.441076e+01	1.386062e+01	1.337662e+01
1.295909e+01	1.260740e+01	1.232073e+01	1.209859e+01	1.193903e+01	1.184051e+01
1.180244e+01	1.181538e+01	1.186754e+01	1.194176e+01	1.197596e+01	1.191531e+01
1.168497e+01	1.114793e+01	9.218711e+00	7.641228e+00	3.728447e+00	2.383391e+00
9.759923e-01	6.961456e-01	3.786327e-01	2.314222e-01	1.902457e+01	1.806632e+01
1.728739e+01	1.680412e+01	1.646386e+01	1.571226e+01	1.502975e+01	1.441501e+01
1.386733e+01	1.338578e+01	1.297052e+01	1.262104e+01	1.233676e+01	1.211694e+01
1.195879e+01	1.186056e+01	1.182445e+01	1.184729e+01	1.191980e+01	1.201706e+01
1.207530e+01	1.203554e+01	1.184762e+01	1.137779e+01	9.576864e+00	8.041358e+00
4.091765e+00	2.651910e+00	1.061423e+00	7.507340e-01	3.987038e-01	2.312544e-01
1.893272e+01	1.803410e+01	1.729492e+01	1.681556e+01	1.646527e+01	1.571242e+01
1.503064e+01	1.441769e+01	1.387252e+01	1.339375e+01	1.298110e+01	1.263396e+01
1.235182e+01	1.213341e+01	1.197503e+01	1.187519e+01	1.183956e+01	1.187236e+01
1.196969e+01	1.209245e+01	1.216529e+01	1.213828e+01	1.198518e+01	1.158349e+01
9.927725e+00	8.424524e+00	4.465156e+00	2.970017e+00	1.157165e+00	8.118922e-01
4.202891e-01	2.305910e-01	1.884223e+01	1.799922e+01	1.729576e+01	1.682413e+01
1.646708e+01	1.571399e+01	1.503335e+01	1.442191e+01	1.387827e+01	1.340101e+01
1.298969e+01	1.264403e+01	1.236345e+01	1.214671e+01	1.198987e+01	1.189151e+01
1.185841e+01	1.189763e+01	1.200603e+01	1.214261e+01	1.223564e+01	1.222784e+01
1.211271e+01	1.177171e+01	1.024559e+01	8.799667e+00	4.852609e+00	3.297367e+00
1.263249e+00	8.800380e-01	4.443176e-01	2.297437e-01	1.875543e+01	1.796411e+01
1.729601e+01	1.683135e+01	1.646906e+01	1.571761e+01	1.503781e+01	1.442702e+01
1.388411e+01	1.340771e+01	1.299718e+01	1.265263e+01	1.237333e+01	1.215825e+01
1.200355e+01	1.190814e+01	1.187877e+01	1.192214e+01	1.203606e+01	1.218231e+01
1.229580e+01	1.230873e+01	1.223196e+01	1.194772e+01	1.054520e+01	9.170575e+00
5.256964e+00	3.643763e+00	1.380664e+00	9.557230e-01	4.708302e-01	2.287799e-01
1.867995e+01	1.793361e+01	1.729604e+01	1.683743e+01	1.647042e+01	1.572019e+01
1.504115e+01	1.443101e+01	1.388876e+01	1.341316e+01	1.300348e+01	1.265989e+01
1.238179e+01	1.216812e+01	1.201520e+01	1.192215e+01	1.189584e+01	1.194302e+01
1.206271e+01	1.221828e+01	1.234835e+01	1.237899e+01	1.233673e+01	1.210659e+01
1.082932e+01	9.528993e+00	5.673076e+00	4.011441e+00	1.509833e+00	1.039729e+00
5.008227e-01	2.291874e-01	1.861763e+01	1.790873e+01	1.729580e+01	1.684248e+01
1.647119e+01	1.572156e+01	1.504313e+01	1.443365e+01	1.389204e+01	1.341726e+01
1.300852e+01	1.266577e+01	1.238880e+01	1.217631e+01	1.202460e+01	1.193297e+01
1.190876e+01	1.195961e+01	1.208679e+01	1.225304e+01	1.239333e+01	1.243731e+01
1.242494e+01	1.224650e+01	1.109383e+01	9.865794e+00	6.094029e+00	4.397363e+00
1.651604e+00	1.133669e+00	5.358123e-01	2.351281e-01	1.854853e+01	1.787795e+01
1.729248e+01	1.684564e+01	1.647267e+01	1.572559e+01	1.504817e+01	1.443905e+01
1.389733e+01	1.342240e+01	1.301381e+01	1.267141e+01	1.239474e+01	1.218300e+01
1.203425e+01	1.194822e+01	1.192964e+01	1.198069e+01	1.209778e+01	1.225894e+01
1.242829e+01	1.249655e+01	1.251153e+01	1.236236e+01	1.132823e+01	1.021559e+01
6.515807e+00	4.778834e+00	1.818213e+00	1.241938e+00	5.735288e-01	2.346202e-01
1.848482e+01	1.784920e+01	1.728782e+01	1.684861e+01	1.647502e+01	1.573135e+01
1.505496e+01	1.444581e+01	1.390355e+01	1.342794e+01	1.301919e+01	1.267695e+01
1.240032e+01	1.218915e+01	1.204350e+01	1.196392e+01	1.195173e+01	1.200143e+01
1.210585e+01	1.226141e+01	1.245831e+01	1.255074e+01	1.258931e+01	1.246219e+01
1.154204e+01	1.055429e+01	6.935628e+00	5.163465e+00	2.032337e+00	1.363508e+00
6.148467e-01	2.295686e-01	1.844375e+01	1.783359e+01	1.728937e+01	1.685332e+01
1.647682e+01	1.573318e+01	1.505724e+01	1.444843e+01	1.390662e+01	1.343135e+01
1.302324e+01	1.268165e+01	1.240578e+01	1.219543e+01	1.205049e+01	1.197180e+01
1.196094e+01	1.201286e+01	1.212191e+01	1.228507e+01	1.248949e+01	1.259021e+01
1.264733e+01	1.255693e+01	1.175191e+01	1.083919e+01	7.353638e+00	5.576668e+00
2.333744e+00	1.496516e+00	6.614746e-01	2.266334e-01	1.840154e+01	1.781433e+01
1.728624e+01	1.685377e+01	1.647473e+01	1.573178e+01	1.505618e+01	1.444775e+01
1.390626e+01	1.343144e+01	1.302368e+01	1.268257e+01	1.240728e+01	1.219760e+01
1.205332e+01	1.197558e+01	1.196608e+01	1.201979e+01	1.213153e+01	1.229926e+01
1.251235e+01	1.262134e+01	1.269447e+01	1.263495e+01	1.193797e+01	1.110730e+01
7.763734e+00	5.991115e+00	2.639916e+00	1.687991e+00	7.115893e-01	2.286265e-01
1.836802e+01	1.780130e+01	1.728540e+01	1.685531e+01	1.647449e+01	1.573187e+01
1.505640e+01	1.444810e+01	1.390667e+01	1.343208e+01	1.302473e+01	1.268414e+01
1.240955e+01	1.220074e+01	1.205732e+01	1.198036e+01	1.197176e+01	1.202691e+01
1.214147e+01	1.231372e+01	1.253361e+01	1.264848e+01	1.273584e+01	1.270920e+01
1.211714e+01	1.134493e+01	8.166727e+00	6.420147e+00	2.959585e+00	1.909438e+00
7.660102e-01	2.313995e-01	1.834394e+01	1.779434e+01	1.729075e+01	1.686378e+01
1.648111e+01	1.573868e+01	1.506296e+01	1.445435e+01	1.391226e+01	1.343697e+01
1.302910e+01	1.268844e+01	1.241469e+01	1.220726e+01	1.206513e+01	1.198822e+01
1.197931e+01	1.203532e+01	1.215305e+01	1.232998e+01	1.255432e+01	1.267234e+01
1.277225e+01	1.278186e+01	1.229177e+01	1.154754e+01	8.557471e+00	6.864392e+00
3.287590e+00	2.152360e+00	8.253407e-01	2.344164e-01	