1.345170e-01	1.384627e-01	1.424425e-01	1.464618e-01	1.505169e-01	1.587056e-01
1.670707e-01	1.756371e-01	1.845377e-01	1.940301e-01	2.044617e-01	2.162499e-01
2.300352e-01	2.468562e-01	2.685468e-01	2.963492e-01	3.281069e-01	3.548797e-01
3.657111e-01	3.613275e-01	3.585242e-01	3.703386e-01	3.966940e-01	4.245187e-01
4.063699e-01	3.873023e-01	3.938558e-01	3.978975e-01	3.970454e-01	3.959971e-01
3.983351e-01	3.968078e-01	1.532642e-01	1.576554e-01	1.620837e-01	1.665564e-01
1.710699e-01	1.801900e-01	1.895109e-01	1.990599e-01	2.089787e-01	2.195405e-01
2.311125e-01	2.441343e-01	2.592769e-01	2.776256e-01	3.010879e-01	3.309165e-01
3.647786e-01	3.933099e-01	4.051420e-01	4.010305e-01	3.983873e-01	4.107288e-01
4.380130e-01	4.666427e-01	4.481060e-01	4.285319e-01	4.352755e-01	4.394259e-01
4.385501e-01	4.374733e-01	4.398733e-01	4.383059e-01	1.746242e-01	1.795084e-01
1.844331e-01	1.894078e-01	1.944294e-01	2.045827e-01	2.149653e-01	2.256064e-01
2.366569e-01	2.484048e-01	2.612371e-01	2.756142e-01	2.922358e-01	3.122302e-01
3.375723e-01	3.695159e-01	4.055491e-01	4.359017e-01	4.488243e-01	4.450961e-01
4.426826e-01	4.555241e-01	4.836357e-01	5.129465e-01	4.941284e-01	4.741505e-01
4.810510e-01	4.852887e-01	4.843934e-01	4.832936e-01	4.857431e-01	4.841437e-01
1.989610e-01	2.043906e-01	2.098643e-01	2.153945e-01	2.209786e-01	2.322777e-01
2.438386e-01	2.556931e-01	2.680009e-01	2.810641e-01	2.952884e-01	3.111532e-01
3.293844e-01	3.511482e-01	3.784776e-01	4.126176e-01	4.508764e-01	4.831058e-01
4.972165e-01	4.940036e-01	4.919030e-01	5.052049e-01	5.340104e-01	5.638450e-01
5.448777e-01	5.246253e-01	5.316405e-01	5.359381e-01	5.350290e-01	5.339130e-01
5.363961e-01	5.347753e-01	2.266895e-01	2.327217e-01	2.388022e-01	2.449466e-01
2.511531e-01	2.637217e-01	2.765900e-01	2.897921e-01	3.034962e-01	3.180174e-01
3.337781e-01	3.512748e-01	3.712553e-01	3.949171e-01	4.243396e-01	4.607468e-01
5.012698e-01	5.354217e-01	5.508262e-01	5.482852e-01	5.465960e-01	5.603040e-01
5.896321e-01	6.197940e-01	6.008390e-01	5.804734e-01	5.875502e-01	5.918738e-01
5.909576e-01	5.898343e-01	5.923313e-01	5.907019e-01	2.582825e-01	2.649799e-01
2.717302e-01	2.785532e-01	2.854479e-01	2.994224e-01	3.137404e-01	3.284385e-01
3.436927e-01	3.598291e-01	3.772848e-01	3.965699e-01	4.184487e-01	4.441416e-01
4.757590e-01	5.144901e-01	5.572956e-01	5.934029e-01	6.102162e-01	6.085313e-01
6.073701e-01	6.214124e-01	6.510472e-01	6.812947e-01	6.625479e-01	6.422666e-01
6.493396e-01	6.536475e-01	6.527327e-01	6.516127e-01	6.540993e-01	6.524773e-01
2.942785e-01	3.017095e-01	3.091986e-01	3.167706e-01	3.244257e-01	3.399560e-01
3.558808e-01	3.722388e-01	3.892130e-01	4.071380e-01	4.264624e-01	4.477056e-01
4.716413e-01	4.995017e-01	5.334091e-01	5.745021e-01	6.195833e-01	6.576630e-01
6.760096e-01	6.753972e-01	6.749015e-01	6.891854e-01	7.188592e-01	7.488980e-01
7.305945e-01	7.106380e-01	7.176270e-01	7.218685e-01	7.209654e-01	7.198616e-01
7.223085e-01	7.207131e-01	3.352911e-01	3.435303e-01	3.518335e-01	3.602314e-01
3.687258e-01	3.859768e-01	4.036812e-01	4.218802e-01	4.407622e-01	4.606670e-01
4.820501e-01	5.054350e-01	5.315956e-01	5.617621e-01	5.980450e-01	6.415142e-01
6.888327e-01	7.288818e-01	7.488968e-01	7.496105e-01	7.499415e-01	7.643500e-01
7.937344e-01	8.232093e-01	8.056298e-01	7.862877e-01	7.930959e-01	7.972097e-01
7.963307e-01	7.952589e-01	7.976305e-01	7.960850e-01	3.820195e-01	3.911480e-01
4.003472e-01	4.096551e-01	4.190751e-01	4.382275e-01	4.579021e-01	4.781418e-01
4.991388e-01	5.212337e-01	5.448835e-01	5.706082e-01	5.991712e-01	6.317831e-01
6.705131e-01	7.163428e-01	7.658219e-01	8.078130e-01	8.296427e-01	8.319784e-01
8.333249e-01	8.477123e-01	8.764085e-01	9.048945e-01	8.883716e-01	8.699905e-01
8.765014e-01	8.804143e-01	8.795743e-01	8.785531e-01	8.808071e-01	8.793393e-01
4.352603e-01	4.453661e-01	4.555505e-01	4.658596e-01	4.762995e-01	4.975516e-01
5.194056e-01	5.419064e-01	5.652472e-01	5.897635e-01	6.159070e-01	6.441853e-01
6.753370e-01	7.105317e-01	7.517626e-01	7.998997e-01	8.514161e-01	8.952917e-01
9.190947e-01	9.233969e-01	9.259795e-01	9.401663e-01	9.676938e-01	9.946850e-01
9.796114e-01	9.626038e-01	9.686783e-01	9.723028e-01	9.715196e-01	9.705715e-01
9.726572e-01	9.713002e-01	4.959212e-01	5.070996e-01	5.183656e-01	5.297754e-01
5.413379e-01	5.649064e-01	5.891701e-01	6.141746e-01	6.401112e-01	6.673034e-01
6.961881e-01	7.272497e-01	7.611848e-01	7.990960e-01	8.428575e-01	8.932030e-01
9.465769e-01	9.922435e-01	1.018191e+00	1.024861e+00	1.028936e+00	1.042704e+00
1.068487e+00	1.093385e+00	1.080222e+00	1.065076e+00	1.070549e+00	1.073782e+00
1.073076e+00	1.072228e+00	1.074085e+00	1.072878e+00	5.650361e-01	5.773900e-01
5.898421e-01	6.024604e-01	6.152573e-01	6.413793e-01	6.683051e-01	6.960804e-01
7.248906e-01	7.550379e-01	7.869336e-01	8.210248e-01	8.579455e-01	8.986995e-01
9.449907e-01	9.973896e-01	1.052374e+00	1.099694e+00	1.127972e+00	1.137473e+00
1.143340e+00	1.156424e+00	1.179779e+00	1.201879e+00	1.191165e+00	1.178457e+00
1.183133e+00	1.185852e+00	1.185249e+00	1.184531e+00	1.186091e+00	1.185080e+00
6.437833e-01	6.574237e-01	6.711745e-01	6.851178e-01	6.992703e-01	7.282046e-01
7.580691e-01	7.889090e-01	8.208986e-01	8.543073e-01	8.895074e-01	9.268918e-01
9.670062e-01	1.010718e+00	1.059500e+00	1.113729e+00	1.169995e+00	1.218781e+00
1.249590e+00	1.262460e+00	1.270464e+00	1.282547e+00	1.302663e+00	1.321139e+00
1.313504e+00	1.303907e+00	1.307556e+00	1.309619e+00	1.309148e+00	1.308597e+00
1.309776e+00	1.309015e+00	7.335053e-01	7.485510e-01	7.637216e-01	7.791158e-01
7.947553e-01	8.267836e-01	8.598899e-01	8.941173e-01	9.296224e-01	9.666284e-01
1.005451e+00	1.046410e+00	1.089931e+00	1.136699e+00	1.187885e+00	1.243638e+00
1.300763e+00	1.350764e+00	1.384321e+00	1.401180e+00	1.411722e+00	1.422425e+00
1.438346e+00	1.452232e+00	1.448406e+00	1.442713e+00	1.445065e+00	1.446304e+00
1.445998e+00	1.445658e+00	1.446358e+00	1.445911e+00	8.357315e-01	8.523097e-01
8.690299e-01	8.860102e-01	9.032786e-01	9.387075e-01	9.753868e-01	1.013356e+00
1.052746e+00	1.093717e+00	1.136508e+00	1.181339e+00	1.228481e+00	1.278383e+00
1.331827e+00	1.388701e+00	1.446146e+00	1.497039e+00	1.533578e+00	1.555143e+00
1.568687e+00	1.577559e+00	1.588162e+00	1.596334e+00	1.597164e+00	1.596294e+00
1.597034e+00	1.597254e+00	1.597154e+00	1.597074e+00	1.597184e+00	1.597124e+00
9.523635e-01	9.706086e-01	9.890196e-01	1.007741e+00	1.026809e+00	1.066028e+00
1.106725e+00	1.148935e+00	1.192754e+00	1.238245e+00	1.285535e+00	1.334700e+00
1.385785e+00	1.438899e+00	1.494269e+00	1.551458e+00	1.608209e+00	1.659492e+00
1.699736e+00	1.727775e+00	1.745506e+00	1.751627e+00	1.754492e+00	1.754481e+00
1.761551e+00	1.767413e+00	1.766010e+00	1.764826e+00	1.764993e+00	1.765269e+00
1.764558e+00	1.765038e+00	1.085140e+00	1.105196e+00	1.125443e+00	1.146056e+00
1.167077e+00	1.210414e+00	1.255476e+00	1.302291e+00	1.350905e+00	1.401267e+00
1.453371e+00	1.507118e+00	1.562291e+00	1.618607e+00	1.675658e+00	1.732659e+00
1.788084e+00	1.839301e+00	1.883243e+00	1.918150e+00	1.940305e+00	1.943269e+00
1.937509e+00	1.928499e+00	1.942575e+00	1.955915e+00	1.952038e+00	1.949279e+00
1.949759e+00	1.950436e+00	1.948809e+00	1.949890e+00	1.236050e+00	1.257979e+00
1.280117e+00	1.302652e+00	1.325637e+00	1.373061e+00	1.422390e+00	1.473634e+00
1.526781e+00	1.581703e+00	1.638258e+00	1.696231e+00	1.755228e+00	1.814696e+00
1.873824e+00	1.931560e+00	1.986658e+00	2.037672e+00	2.082804e+00	2.120160e+00
2.143651e+00	2.144876e+00	2.134873e+00	2.121691e+00	2.140927e+00	2.158615e+00
2.152510e+00	2.148705e+00	2.149496e+00	2.150459e+00	2.148284e+00	2.149711e+00
1.406477e+00	1.430482e+00	1.454684e+00	1.479259e+00	1.504272e+00	1.555774e+00
1.609178e+00	1.664470e+00	1.721575e+00	1.780365e+00	1.840604e+00	1.902047e+00
1.964250e+00	2.026569e+00	2.088122e+00	2.147737e+00	2.203884e+00	2.254670e+00
2.297968e+00	2.332569e+00	2.353981e+00	2.355227e+00	2.346518e+00	2.335572e+00
2.356900e+00	2.374568e+00	2.366900e+00	2.362837e+00	2.363886e+00	2.364952e+00
2.362744e+00	2.364165e+00	1.591496e+00	1.619316e+00	1.647189e+00	1.675181e+00
1.703380e+00	1.760638e+00	1.818891e+00	1.878079e+00	1.938144e+00	1.999113e+00
2.060986e+00	2.123595e+00	2.186595e+00	2.249495e+00	2.311801e+00	2.372591e+00
2.429997e+00	2.481127e+00	2.522972e+00	2.555132e+00	2.575086e+00	2.577420e+00
2.573179e+00	2.567655e+00	2.585369e+00	2.598535e+00	2.592337e+00	2.589252e+00
2.590140e+00	2.590955e+00	2.589336e+00	2.590364e+00	1.794481e+00	1.827627e+00
1.860578e+00	1.893192e+00	1.925584e+00	1.990020e+00	2.053702e+00	2.116510e+00
2.178492e+00	2.240019e+00	2.301648e+00	2.363402e+00	2.425170e+00	2.486802e+00
2.548533e+00	2.609935e+00	2.668692e+00	2.720378e+00	2.760579e+00	2.789890e+00
2.808453e+00	2.812848e+00	2.816035e+00	2.819113e+00	2.828670e+00	2.833660e+00
2.831106e+00	2.829967e+00	2.830390e+00	2.830681e+00	2.830154e+00	2.830471e+00
2.018232e+00	2.056754e+00	2.094793e+00	2.131979e+00	2.168444e+00	2.239668e+00
2.308181e+00	2.373863e+00	2.436958e+00	2.498310e+00	2.559186e+00	2.619798e+00
2.680134e+00	2.740149e+00	2.800321e+00	2.860386e+00	2.917934e+00	2.968191e+00
3.006539e+00	3.034008e+00	3.052128e+00	3.058245e+00	3.066588e+00	3.075513e+00
3.080743e+00	3.080694e+00	3.079925e+00	3.079911e+00	3.080089e+00	3.080056e+00
3.080212e+00	3.080088e+00	2.262833e+00	2.306314e+00	2.348998e+00	2.390276e+00
2.430286e+00	2.507193e+00	2.579371e+00	2.646791e+00	2.710010e+00	2.770490e+00
2.830351e+00	2.889962e+00	2.949149e+00	3.007552e+00	3.065054e+00	3.121032e+00
3.173637e+00	3.219698e+00	3.256190e+00	3.283655e+00	3.302919e+00	3.310069e+00
3.319548e+00	3.329595e+00	3.336867e+00	3.337251e+00	3.335089e+00	3.334790e+00
3.335098e+00	3.335089e+00	3.335216e+00	3.335121e+00	2.526414e+00	2.575663e+00
2.623700e+00	2.669572e+00	2.713418e+00	2.795974e+00	2.870947e+00	2.938500e+00
2.999726e+00	3.057072e+00	3.113925e+00	3.170885e+00	3.227635e+00	3.283454e+00
3.337478e+00	3.388591e+00	3.435490e+00	3.476616e+00	3.510492e+00	3.537203e+00
3.557040e+00	3.565191e+00	3.576215e+00	3.587978e+00	3.597020e+00	3.597509e+00
3.594204e+00	3.593694e+00	3.594108e+00	3.594117e+00	3.594225e+00	3.594165e+00
2.815117e+00	2.867063e+00	2.917565e+00	2.965560e+00	3.011251e+00	3.096843e+00
3.173903e+00	3.242507e+00	3.303613e+00	3.359543e+00	3.413630e+00	3.466429e+00
3.517683e+00	3.566807e+00	3.613329e+00	3.656746e+00	3.696373e+00	3.731827e+00
3.762771e+00	3.789371e+00	3.811792e+00	3.821971e+00	3.834225e+00	3.846142e+00
3.856641e+00	3.857667e+00	3.853399e+00	3.852655e+00	3.853163e+00	3.853194e+00
3.853383e+00	3.853285e+00	3.139391e+00	3.184054e+00	3.228075e+00	3.270977e+00
3.313020e+00	3.395297e+00	3.474112e+00	3.548549e+00	3.617623e+00	3.680286e+00
3.735659e+00	3.783212e+00	3.823300e+00	3.857030e+00	3.887493e+00	3.917501e+00
3.947044e+00	3.975974e+00	4.004390e+00	4.033583e+00	4.064182e+00	4.078714e+00
4.090311e+00	4.097257e+00	4.109391e+00	4.113017e+00	4.107590e+00	4.106334e+00
4.106982e+00	4.107074e+00	4.107487e+00	4.107219e+00	3.464995e+00	3.509658e+00
3.553609e+00	3.596325e+00	3.638090e+00	3.719691e+00	3.797462e+00	3.870289e+00
3.936907e+00	3.995844e+00	4.045685e+00	4.085810e+00	4.116701e+00	4.139861e+00
4.159101e+00	4.178120e+00	4.197778e+00	4.219331e+00	4.244151e+00	4.273289e+00
4.306964e+00	4.323630e+00	4.335309e+00	4.340291e+00	4.352917e+00	4.357966e+00
4.352406e+00	4.350988e+00	4.351713e+00	4.351786e+00	4.352310e+00	4.351997e+00
3.793102e+00	3.843417e+00	3.892299e+00	3.938676e+00	3.982883e+00	4.066216e+00
4.141298e+00	4.207249e+00	4.263477e+00	4.309784e+00	4.346504e+00	4.373813e+00
4.392749e+00	4.405645e+00	4.417267e+00	4.431760e+00	4.448858e+00	4.466818e+00
4.484836e+00	4.506996e+00	4.537065e+00	4.553313e+00	4.566070e+00	4.572933e+00
4.585186e+00	4.589382e+00	4.585206e+00	4.584129e+00	4.584730e+00	4.584822e+00
4.585149e+00	4.584985e+00	4.119051e+00	4.179325e+00	4.236928e+00	4.289801e+00
4.338364e+00	4.424728e+00	4.495102e+00	4.549265e+00	4.588138e+00	4.614179e+00
4.631170e+00	4.640700e+00	4.644711e+00	4.646811e+00	4.653291e+00	4.668812e+00
4.690293e+00	4.708544e+00	4.716865e+00	4.725855e+00	4.746626e+00	4.760157e+00
4.774268e+00	4.785479e+00	4.796439e+00	4.798019e+00	4.796669e+00	4.796369e+00
4.796659e+00	4.796809e+00	4.796689e+00	4.796819e+00	4.483262e+00	4.537053e+00
4.588240e+00	4.634958e+00	4.677732e+00	4.753810e+00	4.815654e+00	4.862860e+00
4.895693e+00	4.915352e+00	4.923888e+00	4.922311e+00	4.912724e+00	4.899192e+00
4.888811e+00	4.887252e+00	4.892988e+00	4.900688e+00	4.906993e+00	4.918812e+00
4.942420e+00	4.956164e+00	4.966180e+00	4.970204e+00	4.979359e+00	4.984156e+00
4.984320e+00	4.984000e+00	4.984322e+00	4.984352e+00	4.984549e+00	4.984495e+00
4.869503e+00	4.910980e+00	4.950576e+00	4.986825e+00	5.020278e+00	5.080968e+00
5.131495e+00	5.170872e+00	5.198241e+00	5.212877e+00	5.214241e+00	5.202396e+00
5.179341e+00	5.149119e+00	5.119093e+00	5.096055e+00	5.081515e+00	5.076238e+00
5.081307e+00	5.098059e+00	5.125767e+00	5.139776e+00	5.144091e+00	5.138482e+00
5.145347e+00	5.154106e+00	5.155930e+00	5.155528e+00	5.155903e+00	5.155789e+00
5.156410e+00	5.156097e+00	5.235558e+00	5.277886e+00	5.317225e+00	5.351427e+00
5.381278e+00	5.431226e+00	5.466455e+00	5.486661e+00	5.492094e+00	5.484113e+00
5.465279e+00	5.436901e+00	5.401140e+00	5.361366e+00	5.323268e+00	5.292050e+00
5.269057e+00	5.255278e+00	5.251962e+00	5.260051e+00	5.279473e+00	5.289964e+00
5.290838e+00	5.282532e+00	5.286198e+00	5.293793e+00	5.299553e+00	5.299917e+00
5.299963e+00	5.299871e+00	5.300269e+00	5.300067e+00	5.580672e+00	5.633588e+00
5.681401e+00	5.720167e+00	5.750860e+00	5.793123e+00	5.808557e+00	5.799236e+00
5.769480e+00	5.726569e+00	5.679692e+00	5.631670e+00	5.584161e+00	5.539278e+00
5.500259e+00	5.469521e+00	5.446324e+00	5.427166e+00	5.409918e+00	5.400187e+00
5.404178e+00	5.409141e+00	5.407572e+00	5.399942e+00	5.399783e+00	5.403667e+00
5.414277e+00	5.415797e+00	5.415329e+00	5.415341e+00	5.415201e+00	5.415289e+00
5.947604e+00	5.997309e+00	6.040739e+00	6.073313e+00	6.096299e+00	6.119997e+00
6.113203e+00	6.079183e+00	6.023759e+00	5.956194e+00	5.887742e+00	5.821946e+00
5.760270e+00	5.704245e+00	5.656195e+00	5.617397e+00	5.586379e+00	5.558118e+00
5.529516e+00	5.508006e+00	5.501862e+00	5.502159e+00	5.494968e+00	5.481820e+00
5.476817e+00	5.480217e+00	5.494410e+00	5.496557e+00	5.495732e+00	5.495755e+00
5.495432e+00	5.495617e+00	6.331352e+00	6.369279e+00	6.400769e+00	6.421049e+00
6.431573e+00	6.430599e+00	6.399566e+00	6.342123e+00	6.264498e+00	6.176339e+00
6.088886e+00	6.005898e+00	5.928749e+00	5.858832e+00	5.798453e+00	5.748520e+00
5.707285e+00	5.668982e+00	5.630040e+00	5.598770e+00	5.584237e+00	5.580219e+00
5.566807e+00	5.547060e+00	5.537412e+00	5.541034e+00	5.558199e+00	5.560799e+00
5.559683e+00	5.559697e+00	5.559284e+00	5.559515e+00	6.717176e+00	6.741664e+00
6.759503e+00	6.765725e+00	6.761998e+00	6.732817e+00	6.674163e+00	6.590167e+00
6.487595e+00	6.376624e+00	6.268727e+00	6.167784e+00	6.075004e+00	5.991326e+00
5.918529e+00	5.856803e+00	5.804103e+00	5.754231e+00	5.703312e+00	5.659869e+00
5.631776e+00	5.620422e+00	5.598825e+00	5.571984e+00	5.554988e+00	5.556840e+00
5.574123e+00	5.576825e+00	5.575630e+00	5.575639e+00	5.575208e+00	5.575448e+00
7.097312e+00	7.107114e+00	7.109951e+00	7.100650e+00	7.081135e+00	7.020619e+00
6.931308e+00	6.817974e+00	6.688092e+00	6.552582e+00	6.423454e+00	6.304579e+00
6.196877e+00	6.100487e+00	6.016199e+00	5.943229e+00	5.879330e+00	5.818213e+00
5.755996e+00	5.701551e+00	5.658556e+00	5.639843e+00	5.611284e+00	5.579316e+00
5.556938e+00	5.557294e+00	5.573360e+00	5.575930e+00	5.574659e+00	5.574657e+00
5.574210e+00	5.574450e+00	7.477392e+00	7.470283e+00	7.455964e+00	7.429126e+00
7.391979e+00	7.296912e+00	7.174267e+00	7.029510e+00	6.870757e+00	6.709472e+00
6.558251e+00	6.420759e+00	6.297533e+00	6.187818e+00	6.091161e+00	6.005799e+00
5.929501e+00	5.855181e+00	5.777797e+00	5.706766e+00	5.657054e+00	5.634892e+00
5.603716e+00	5.570481e+00	5.546157e+00	5.545508e+00	5.558666e+00	5.560800e+00
5.559485e+00	5.559463e+00	5.559029e+00	5.559251e+00	7.855717e+00	7.829148e+00
7.795323e+00	7.748928e+00	7.692448e+00	7.560164e+00	7.402242e+00	7.224566e+00
7.035743e+00	6.847688e+00	6.673656e+00	6.517029e+00	6.377823e+00	6.254356e+00
6.144877e+00	6.045715e+00	5.954869e+00	5.868177e+00	5.782877e+00	5.703155e+00
5.634539e+00	5.603809e+00	5.567194e+00	5.532500e+00	5.504160e+00	5.500551e+00
5.506646e+00	5.507751e+00	5.506667e+00	5.506619e+00	5.506324e+00	5.506477e+00
8.229718e+00	8.183348e+00	8.129275e+00	8.061913e+00	7.984179e+00	7.810248e+00
7.612985e+00	7.400187e+00	7.180820e+00	6.966407e+00	6.769833e+00	6.594072e+00
6.438098e+00	6.299456e+00	6.174556e+00	6.062881e+00	5.960308e+00	5.860846e+00
5.761480e+00	5.667389e+00	5.584129e+00	5.546401e+00	5.506962e+00	5.473860e+00
5.443679e+00	5.436857e+00	5.433286e+00	5.432936e+00	5.432219e+00	5.432158e+00
5.432031e+00	5.432110e+00	8.579965e+00	8.534505e+00	8.475426e+00	8.391607e+00
8.288154e+00	8.050175e+00	7.789853e+00	7.533770e+00	7.288495e+00	7.058601e+00
6.849568e+00	6.663017e+00	6.486242e+00	6.325524e+00	6.177185e+00	6.049859e+00
5.931741e+00	5.818751e+00	5.709483e+00	5.605058e+00	5.506302e+00	5.460591e+00
5.418044e+00	5.387365e+00	5.355951e+00	5.345129e+00	5.332024e+00	5.330122e+00
5.329605e+00	5.329812e+00	5.329442e+00	5.329657e+00	8.939682e+00	8.870453e+00
8.785954e+00	8.676314e+00	8.547907e+00	8.263845e+00	7.961769e+00	7.668922e+00
7.392245e+00	7.134681e+00	6.897607e+00	6.682568e+00	6.496992e+00	6.327619e+00
6.171378e+00	6.021404e+00	5.882668e+00	5.754125e+00	5.633962e+00	5.517932e+00
5.404056e+00	5.351111e+00	5.305365e+00	5.275982e+00	5.242735e+00	5.228661e+00
5.206672e+00	5.203405e+00	5.203162e+00	5.203432e+00	5.203107e+00	5.203289e+00
9.311748e+00	9.182317e+00	9.046955e+00	8.901612e+00	8.749649e+00	8.438862e+00
8.119495e+00	7.798227e+00	7.483609e+00	7.186554e+00	6.918640e+00	6.681810e+00
6.472662e+00	6.286096e+00	6.114761e+00	5.953877e+00	5.802374e+00	5.659311e+00
5.523369e+00	5.391718e+00	5.264307e+00	5.206042e+00	5.156537e+00	5.125085e+00
5.088162e+00	5.073030e+00	5.044778e+00	5.040747e+00	5.040907e+00	5.040757e+00
5.041137e+00	5.040907e+00	9.676511e+00	9.493454e+00	9.308779e+00	9.121716e+00
8.934709e+00	8.567895e+00	8.207845e+00	7.856113e+00	7.511416e+00	7.188329e+00
6.910279e+00	6.661349e+00	6.428483e+00	6.220729e+00	6.029359e+00	5.850026e+00
5.682550e+00	5.526141e+00	5.379251e+00	5.236108e+00	5.093554e+00	5.026799e+00
4.970107e+00	4.934373e+00	4.892595e+00	4.876442e+00	4.848436e+00	4.844502e+00
4.844509e+00	4.844337e+00	4.844762e+00	4.844455e+00	1.002944e+01	9.794547e+00
9.561061e+00	9.330526e+00	9.105286e+00	8.676188e+00	8.272989e+00	7.893190e+00
7.527881e+00	7.189220e+00	6.888739e+00	6.614163e+00	6.361184e+00	6.129570e+00
5.915036e+00	5.715646e+00	5.532318e+00	5.364179e+00	5.208985e+00	5.056569e+00
4.899187e+00	4.823106e+00	4.757544e+00	4.715629e+00	4.667963e+00	4.651285e+00
4.628257e+00	4.625086e+00	4.624623e+00	4.624579e+00	4.624732e+00	4.624510e+00
1.033323e+01	1.005320e+01	9.777428e+00	9.509442e+00	9.251075e+00	8.765763e+00
8.314597e+00	7.895650e+00	7.519306e+00	7.170933e+00	6.843070e+00	6.542706e+00
6.268057e+00	6.016201e+00	5.783099e+00	5.566507e+00	5.367585e+00	5.185481e+00
5.017812e+00	4.853150e+00	4.682454e+00	4.599058e+00	4.525126e+00	4.475387e+00
4.420113e+00	4.403735e+00	4.388082e+00	4.386161e+00	4.385180e+00	4.385085e+00
4.385023e+00	4.384874e+00	1.058809e+01	1.027126e+01	9.960539e+00	9.660777e+00
9.373376e+00	8.836044e+00	8.339831e+00	7.880778e+00	7.464235e+00	7.081858e+00
6.732843e+00	6.415677e+00	6.127367e+00	5.863825e+00	5.618976e+00	5.389021e+00
5.175202e+00	4.976985e+00	4.792355e+00	4.612600e+00	4.431223e+00	4.342930e+00
4.260909e+00	4.201079e+00	4.136395e+00	4.121276e+00	4.116102e+00	4.115998e+00
4.114407e+00	4.114114e+00	4.113837e+00	4.113774e+00	1.078448e+01	1.045629e+01
1.013133e+01	9.810160e+00	9.494838e+00	8.883818e+00	8.329719e+00	7.836762e+00
7.384729e+00	6.980750e+00	6.618089e+00	6.289587e+00	5.986940e+00	5.704413e+00
5.440347e+00	5.194065e+00	4.965466e+00	4.751611e+00	4.549104e+00	4.355310e+00
4.167398e+00	4.075696e+00	3.986900e+00	3.918790e+00	3.848949e+00	3.833971e+00
3.831444e+00	3.831701e+00	3.829927e+00	3.829565e+00	3.829278e+00	3.829148e+00
1.095210e+01	1.062165e+01	1.029007e+01	9.951237e+00	9.608319e+00	8.921272e+00
8.296691e+00	7.752652e+00	7.276618e+00	6.860614e+00	6.491575e+00	6.156579e+00
5.840456e+00	5.536022e+00	5.249599e+00	4.986164e+00	4.743421e+00	4.514681e+00
4.294427e+00	4.087895e+00	3.896455e+00	3.802692e+00	3.708559e+00	3.633881e+00
3.561695e+00	3.546212e+00	3.541443e+00	3.541151e+00	3.539471e+00	3.539118e+00
3.538944e+00	3.538670e+00	1.114231e+01	1.077491e+01	1.040142e+01	1.002248e+01
9.645245e+00	8.928074e+00	8.264743e+00	7.685177e+00	7.183822e+00	6.746641e+00
6.360254e+00	6.010552e+00	5.680150e+00	5.361105e+00	5.060456e+00	4.782738e+00
4.525295e+00	4.282239e+00	4.048879e+00	3.831527e+00	3.632656e+00	3.536069e+00
3.438603e+00	3.360962e+00	3.287197e+00	3.270564e+00	3.261752e+00	3.260782e+00
3.259219e+00	3.258907e+00	3.258796e+00	3.258496e+00	1.137008e+01	1.091427e+01
1.047036e+01	1.004877e+01	9.649232e+00	8.904033e+00	8.234475e+00	7.637984e+00
7.109812e+00	6.640174e+00	6.220070e+00	5.841541e+00	5.495513e+00	5.174084e+00
4.871018e+00	4.582389e+00	4.308662e+00	4.051222e+00	3.810169e+00	3.583807e+00
3.371923e+00	3.271316e+00	3.172935e+00	3.096756e+00	3.022261e+00	3.003566e+00
2.988057e+00	2.986182e+00	2.984778e+00	2.984552e+00	2.984445e+00	2.984257e+00
1.154966e+01	1.103853e+01	1.054718e+01	1.009103e+01	9.665999e+00	8.890319e+00
8.198144e+00	7.580100e+00	7.028765e+00	6.535624e+00	6.092164e+00	5.692213e+00
5.329802e+00	4.997676e+00	4.685716e+00	4.387130e+00	4.102939e+00	3.835932e+00
3.587410e+00	3.353034e+00	3.131920e+00	3.027728e+00	2.927293e+00	2.850612e+00
2.774703e+00	2.754905e+00	2.736360e+00	2.734048e+00	2.732673e+00	2.732487e+00
2.732373e+00	2.732451e+00	1.169378e+01	1.114923e+01	1.062800e+01	1.014757e+01
9.701921e+00	8.884355e+00	8.160436e+00	7.518133e+00	6.947901e+00	6.438538e+00
5.979147e+00	5.562925e+00	5.184045e+00	4.836068e+00	4.511025e+00	4.203442e+00
3.912999e+00	3.639857e+00	3.384167e+00	3.142819e+00	2.915378e+00	2.807961e+00
2.704347e+00	2.625188e+00	2.547095e+00	2.526994e+00	2.508572e+00	2.506247e+00
2.504775e+00	2.504598e+00	2.504458e+00	2.504860e+00	1.182675e+01	1.124964e+01
1.069962e+01	1.019680e+01	9.732800e+00	8.882194e+00	8.133607e+00	7.471608e+00
6.884717e+00	6.359938e+00	5.885089e+00	5.453303e+00	5.059353e+00	4.697633e+00
4.361432e+00	4.045871e+00	3.749536e+00	3.470801e+00	3.208699e+00	2.961415e+00
2.728325e+00	2.617749e+00	2.510205e+00	2.427253e+00	2.346236e+00	2.326112e+00
2.309327e+00	2.307236e+00	2.305590e+00	2.305420e+00	2.305224e+00	2.305800e+00
1.194680e+01	1.134066e+01	1.076541e+01	1.024360e+01	9.764531e+00	8.887287e+00
8.116091e+00	7.436567e+00	6.836446e+00	6.299004e+00	5.811262e+00	5.366548e+00
4.960086e+00	4.586889e+00	4.241168e+00	3.918424e+00	3.616465e+00	3.332363e+00
3.064180e+00	2.811154e+00	2.572017e+00	2.457917e+00	2.346285e+00	2.259598e+00
2.175297e+00	2.154881e+00	2.139293e+00	2.137398e+00	2.135620e+00	2.135442e+00
2.135211e+00	2.135653e+00	1.205619e+01	1.142470e+01	1.082770e+01	1.028998e+01
9.798450e+00	8.897630e+00	8.112231e+00	7.422815e+00	6.810788e+00	6.262892e+00
5.765122e+00	5.310685e+00	4.894817e+00	4.512579e+00	4.158329e+00	3.827673e+00
3.519160e+00	3.228863e+00	2.954233e+00	2.694306e+00	2.447234e+00	2.328576e+00
2.212419e+00	2.122073e+00	2.033779e+00	2.012451e+00	1.996634e+00	1.994766e+00
1.992928e+00	1.992729e+00	1.992492e+00	1.992476e+00	1.215231e+01	1.150035e+01
1.088611e+01	1.033650e+01	9.836047e+00	8.919341e+00	8.120040e+00	7.420024e+00
6.801183e+00	6.246997e+00	5.743289e+00	5.283185e+00	4.861793e+00	4.473959e+00
4.113780e+00	3.776754e+00	3.460760e+00	3.163135e+00	2.881330e+00	2.612972e+00
2.355560e+00	2.230901e+00	2.109004e+00	2.014231e+00	1.920690e+00	1.897747e+00
1.880267e+00	1.878246e+00	1.876385e+00	1.876155e+00	1.875935e+00	1.875295e+00
1.223498e+01	1.156804e+01	1.094155e+01	1.038423e+01	9.878332e+00	8.950748e+00
8.142640e+00	7.435691e+00	6.814145e+00	6.257767e+00	5.752471e+00	5.291173e+00
4.868659e+00	4.479391e+00	4.117039e+00	3.777144e+00	3.450616e+00	3.141632e+00
2.848728e+00	2.566648e+00	2.291236e+00	2.160302e+00	2.031205e+00	1.929762e+00
1.828809e+00	1.803484e+00	1.783520e+00	1.781226e+00	1.779283e+00	1.779010e+00
1.778801e+00	1.777893e+00	1.230751e+01	1.162932e+01	1.099406e+01	1.043207e+01
9.923541e+00	8.990781e+00	8.180787e+00	7.470806e+00	6.843932e+00	6.283110e+00
5.774553e+00	5.310768e+00	4.885847e+00	4.493351e+00	4.125803e+00	3.778292e+00
3.445087e+00	3.128893e+00	2.828238e+00	2.535894e+00	2.246236e+00	2.107387e+00
1.968959e+00	1.858923e+00	1.749318e+00	1.721439e+00	1.698896e+00	1.696288e+00
1.694201e+00	1.693889e+00	1.693681e+00	1.692796e+00	1.236247e+01	1.167947e+01
1.104103e+01	1.047857e+01	9.970633e+00	9.036671e+00	8.225908e+00	7.513358e+00
6.882902e+00	6.318933e+00	5.808284e+00	5.343119e+00	4.916804e+00	4.521870e+00
4.149314e+00	3.792976e+00	3.455998e+00	3.136748e+00	2.832696e+00	2.535887e+00
2.240176e+00	2.084417e+00	1.925925e+00	1.801648e+00	1.680295e+00	1.649678e+00
1.624630e+00	1.621624e+00	1.619239e+00	1.618945e+00	1.618668e+00	1.618522e+00
1.240285e+01	1.171920e+01	1.108184e+01	1.052298e+01	1.001969e+01	9.092058e+00
8.286099e+00	7.575279e+00	6.945180e+00	6.381511e+00	5.872161e+00	5.409008e+00
4.984761e+00	4.591147e+00	4.218130e+00	3.859124e+00	3.514712e+00	3.185929e+00
2.870721e+00	2.558967e+00	2.241205e+00	2.073932e+00	1.898138e+00	1.757182e+00
1.621392e+00	1.587855e+00	1.560565e+00	1.557145e+00	1.554294e+00	1.554019e+00
1.553668e+00	1.554742e+00	1.243030e+01	1.174956e+01	1.111427e+01	1.056085e+01
1.006463e+01	9.148795e+00	8.351681e+00	7.646666e+00	7.020236e+00	6.458831e+00
5.950926e+00	5.488594e+00	5.064637e+00	4.670831e+00	4.297118e+00	3.936539e+00
3.588520e+00	3.253090e+00	2.927234e+00	2.599766e+00	2.256550e+00	2.081457e+00
1.897277e+00	1.727185e+00	1.569341e+00	1.533215e+00	1.505261e+00	1.501608e+00
1.497827e+00	1.497333e+00	1.497166e+00	1.499564e+00	1.245173e+01	1.177454e+01
1.114195e+01	1.059510e+01	1.010764e+01	9.208178e+00	8.423864e+00	7.728745e+00
7.109544e+00	6.552867e+00	6.047277e+00	5.585426e+00	5.160939e+00	4.766485e+00
4.393043e+00	4.033737e+00	3.686164e+00	3.347153e+00	3.011295e+00	2.667814e+00
2.302090e+00	2.107485e+00	1.898511e+00	1.703914e+00	1.522603e+00	1.483786e+00
1.455965e+00	1.452215e+00	1.447311e+00	1.446489e+00	1.446634e+00	1.450342e+00
1.245423e+01	1.178024e+01	1.116133e+01	1.062828e+01	1.015347e+01	9.274282e+00
8.503451e+00	7.817300e+00	7.203793e+00	6.650820e+00	6.148022e+00	5.688417e+00
5.265786e+00	4.872966e+00	4.501143e+00	4.143203e+00	3.795545e+00	3.452869e+00
3.107638e+00	2.747707e+00	2.356302e+00	2.140995e+00	1.902966e+00	1.698511e+00
1.484306e+00	1.438378e+00	1.412073e+00	1.409024e+00	1.402618e+00	1.401248e+00
1.402072e+00	1.406588e+00	1.242524e+01	1.177312e+01	1.117517e+01	1.066107e+01
1.020427e+01	9.351864e+00	8.595333e+00	7.916043e+00	7.305164e+00	6.753843e+00
6.254409e+00	5.799944e+00	5.383406e+00	4.996543e+00	4.628997e+00	4.272590e+00
3.923796e+00	3.577566e+00	3.225196e+00	2.849843e+00	2.429727e+00	2.194245e+00
1.933205e+00	1.703002e+00	1.453858e+00	1.396877e+00	1.373644e+00	1.372096e+00
1.363842e+00	1.361709e+00	1.363567e+00	1.368446e+00	1.240247e+01	1.176423e+01
1.117716e+01	1.068142e+01	1.024158e+01	9.415800e+00	8.677397e+00	8.010797e+00
7.408738e+00	6.864063e+00	6.370585e+00	5.921769e+00	5.510466e+00	5.128202e+00
4.764161e+00	4.409747e+00	4.061192e+00	3.713003e+00	3.354877e+00	2.965566e+00
2.517611e+00	2.261086e+00	1.973255e+00	1.713591e+00	1.430044e+00	1.362217e+00
1.339940e+00	1.339368e+00	1.329385e+00	1.326618e+00	1.329363e+00	1.333984e+00
1.238214e+01	1.175158e+01	1.117668e+01	1.069354e+01	1.026949e+01	9.469480e+00
8.751527e+00	8.101736e+00	7.513390e+00	6.979669e+00	6.494624e+00	6.052153e+00
5.645618e+00	5.267091e+00	4.906257e+00	4.554654e+00	4.207999e+00	3.859752e+00
3.497630e+00	3.096352e+00	2.622337e+00	2.344551e+00	2.026711e+00	1.736475e+00
1.412970e+00	1.333849e+00	1.310548e+00	1.310540e+00	1.298930e+00	1.295623e+00
1.299140e+00	1.302980e+00	1.235215e+01	1.173077e+01	1.116743e+01	1.070102e+01
1.029391e+01	9.520511e+00	8.823921e+00	8.191443e+00	7.617201e+00	7.094861e+00
6.619027e+00	6.184007e+00	5.783629e+00	5.410355e+00	5.054280e+00	4.707015e+00
4.363809e+00	4.017174e+00	3.652831e+00	3.241121e+00	2.741809e+00	2.442587e+00
2.094166e+00	1.771192e+00	1.404227e+00	1.311402e+00	1.285002e+00	1.285351e+00
1.272152e+00	1.268319e+00	1.272578e+00	1.275264e+00	1.230941e+01	1.169966e+01
1.115161e+01	1.070433e+01	1.031465e+01	9.569144e+00	8.895540e+00	8.281721e+00
7.722587e+00	7.212433e+00	6.746426e+00	6.319428e+00	5.925782e+00	5.558482e+00
5.208186e+00	4.866703e+00	4.528716e+00	4.185590e+00	3.820636e+00	3.398896e+00
2.873730e+00	2.553429e+00	2.176191e+00	1.821786e+00	1.404823e+00	1.292751e+00
1.262461e+00	1.263654e+00	1.248807e+00	1.244072e+00	1.249797e+00	1.250676e+00
1.229792e+01	1.169152e+01	1.114869e+01	1.071272e+01	1.033873e+01	9.614362e+00
8.958997e+00	8.361275e+00	7.816532e+00	7.319341e+00	6.865055e+00	6.448716e+00
6.064767e+00	5.706244e+00	5.363723e+00	5.028913e+00	4.696469e+00	4.357601e+00
3.995183e+00	3.572601e+00	3.033212e+00	2.691078e+00	2.271037e+00	1.867532e+00
1.406396e+00	1.288299e+00	1.245291e+00	1.243409e+00	1.227624e+00	1.223892e+00
1.227184e+00	1.228410e+00	1.230860e+01	1.170101e+01	1.116071e+01	1.073198e+01
1.036625e+01	9.655195e+00	9.013079e+00	8.428584e+00	7.897109e+00	7.413245e+00
6.972284e+00	6.569136e+00	6.197963e+00	5.851274e+00	5.518724e+00	5.191442e+00
4.864671e+00	4.530710e+00	4.174594e+00	3.763817e+00	3.229953e+00	2.866848e+00
2.382644e+00	1.906429e+00	1.412198e+00	1.294169e+00	1.233060e+00	1.224901e+00
1.208814e+00	1.207684e+00	1.204925e+00	1.208704e+00	1.228318e+01	1.168193e+01
1.114918e+01	1.072984e+01	1.037975e+01	9.691908e+00	9.069121e+00	8.501645e+00
7.985340e+00	7.515169e+00	7.086702e+00	6.695091e+00	6.334712e+00	5.998221e+00
5.675333e+00	5.357140e+00	5.038809e+00	4.712441e+00	4.362491e+00	3.954648e+00
3.412178e+00	3.032226e+00	2.511527e+00	1.986033e+00	1.434015e+00	1.300397e+00
1.220681e+00	1.210316e+00	1.192952e+00	1.191919e+00	1.188416e+00	1.191639e+00
1.223500e+01	1.164606e+01	1.112792e+01	1.072659e+01	1.039039e+01	9.726726e+00
9.124983e+00	8.575783e+00	8.075325e+00	7.619028e+00	7.202877e+00	6.822419e+00
6.472430e+00	6.145966e+00	5.833155e+00	5.525265e+00	5.217187e+00	4.900373e+00
4.557622e+00	4.150542e+00	3.595805e+00	3.201177e+00	2.655858e+00	2.097670e+00
1.472885e+00	1.308498e+00	1.209564e+00	1.197759e+00	1.178875e+00	1.177207e+00
1.174324e+00	1.176335e+00	1.220124e+01	1.162177e+01	1.111470e+01	1.072664e+01
1.040425e+01	9.761902e+00	9.179023e+00	8.646563e+00	8.161045e+00	7.718254e+00
7.314502e+00	6.945645e+00	6.606766e+00	6.291221e+00	5.989414e+00	5.692729e+00
5.395940e+00	5.090054e+00	4.756683e+00	4.354176e+00	3.792639e+00	3.385817e+00
2.815919e+00	2.220053e+00	1.517567e+00	1.322218e+00	1.202194e+00	1.187581e+00
1.166850e+00	1.164721e+00	1.162306e+00	1.163344e+00	1.217418e+01	1.160292e+01
1.110525e+01	1.072860e+01	1.041868e+01	9.795990e+00	9.230487e+00	8.713620e+00
8.242243e+00	7.812468e+00	7.420902e+00	7.063691e+00	6.736200e+00	6.432093e+00
6.142052e+00	5.857609e+00	5.573498e+00	5.280352e+00	4.958726e+00	4.563827e+00
3.999784e+00	3.584196e+00	2.994525e+00	2.362844e+00	1.577131e+00	1.348582e+00
1.197294e+00	1.179319e+00	1.156852e+00	1.154298e+00	1.152019e+00	1.152459e+00
1.212673e+01	1.156702e+01	1.108216e+01	1.072164e+01	1.042086e+01	9.822213e+00
9.276093e+00	8.775798e+00	8.318652e+00	7.901321e+00	7.520872e+00	7.173976e+00
6.856577e+00	6.563107e+00	6.285202e+00	6.014991e+00	5.746919e+00	5.470681e+00
5.164190e+00	4.775711e+00	4.202437e+00	3.776876e+00	3.174237e+00	2.517369e+00
1.653535e+00	1.387491e+00	1.193676e+00	1.169265e+00	1.149184e+00	1.146086e+00
1.139457e+00	1.142662e+00	1.206806e+01	1.152118e+01	1.104982e+01	1.070474e+01
1.042164e+01	9.844651e+00	9.318060e+00	8.834413e+00	8.391343e+00	7.986098e+00
7.616252e+00	7.279095e+00	6.971279e+00	6.688212e+00	6.422815e+00	6.168098e+00
5.918205e+00	5.661711e+00	5.373074e+00	4.991330e+00	4.406081e+00	3.970557e+00
3.360020e+00	2.685738e+00	1.747562e+00	1.441431e+00	1.190770e+00	1.159109e+00
1.142696e+00	1.139036e+00	1.126080e+00	1.133703e+00	1.204476e+01	1.150440e+01
1.104029e+01	1.069982e+01	1.042432e+01	9.866654e+00	9.354891e+00	8.884616e+00
8.453867e+00	8.060187e+00	7.701416e+00	7.375145e+00	7.078403e+00	6.807090e+00
6.554792e+00	6.315038e+00	6.082047e+00	5.844075e+00	5.574088e+00	5.206102e+00
4.622822e+00	4.183037e+00	3.564075e+00	2.866687e+00	1.846814e+00	1.499218e+00
1.191131e+00	1.156441e+00	1.135683e+00	1.131599e+00	1.116812e+00	1.125881e+00
1.203930e+01	1.150153e+01	1.104100e+01	1.070611e+01	1.043695e+01	9.888200e+00
9.386054e+00	8.925700e+00	8.505256e+00	8.122300e+00	7.774787e+00	7.460367e+00
7.176151e+00	6.917960e+00	6.679218e+00	6.453427e+00	6.235291e+00	6.013689e+00
5.762549e+00	5.416791e+00	4.855748e+00	4.421087e+00	3.792236e+00	3.061737e+00
1.951053e+00	1.561852e+00	1.203525e+00	1.157584e+00	1.127823e+00	1.123540e+00
1.111075e+00	1.119211e+00	1.203921e+01	1.150245e+01	1.104359e+01	1.071367e+01
1.044940e+01	9.908062e+00	9.414002e+00	8.962452e+00	8.551500e+00	8.178770e+00
7.842216e+00	7.539476e+00	7.267611e+00	7.022313e+00	6.796692e+00	6.584265e+00
6.380572e+00	6.175878e+00	5.945669e+00	5.625511e+00	5.090878e+00	4.663924e+00
4.028433e+00	3.267997e+00	2.068214e+00	1.634968e+00	1.220028e+00	1.160737e+00
1.120107e+00	1.115502e+00	1.105970e+00	1.113898e+00	1.203930e+01	1.150531e+01
1.105021e+01	1.072394e+01	1.046367e+01	9.929643e+00	9.442607e+00	8.998249e+00
8.594743e+00	8.230014e+00	7.902293e+00	7.609440e+00	7.348704e+00	7.116010e+00
6.904606e+00	6.707887e+00	6.520826e+00	6.332470e+00	6.118417e+00	5.819552e+00
5.316408e+00	4.907079e+00	4.281891e+00	3.503186e+00	2.201760e+00	1.713914e+00
1.236249e+00	1.166326e+00	1.116358e+00	1.110984e+00	1.103785e+00	1.109503e+00
1.203272e+01	1.150665e+01	1.105899e+01	1.073886e+01	1.048374e+01	9.957702e+00
9.476540e+00	9.036762e+00	8.637230e+00	8.276637e+00	7.954043e+00	7.667894e+00
7.416075e+00	7.195378e+00	7.000255e+00	6.824043e+00	6.658474e+00	6.485262e+00
6.276488e+00	5.987276e+00	5.519557e+00	5.144562e+00	4.565367e+00	3.796248e+00
2.354744e+00	1.789606e+00	1.246033e+00	1.170809e+00	1.118108e+00	1.110538e+00
1.106566e+00	1.105489e+00	1.204188e+01	1.151704e+01	1.106982e+01	1.075001e+01
1.049566e+01	9.972700e+00	9.496350e+00	9.063046e+00	8.671278e+00	8.319324e+00
8.005832e+00	7.729147e+00	7.487027e+00	7.276021e+00	7.090097e+00	6.923147e+00
6.770046e+00	6.618625e+00	6.443337e+00	6.186431e+00	5.738353e+00	5.373102e+00
4.811849e+00	4.048401e+00	2.527135e+00	1.900505e+00	1.269228e+00	1.179102e+00
1.116195e+00	1.108717e+00	1.103272e+00	1.102152e+00	1.204493e+01	1.152111e+01
1.107602e+01	1.075824e+01	1.050557e+01	9.986612e+00	9.515154e+00	9.087805e+00
8.702894e+00	8.358452e+00	8.052883e+00	7.784489e+00	7.551014e+00	7.348941e+00
7.172070e+00	7.014893e+00	6.874725e+00	6.744053e+00	6.599847e+00	6.375383e+00
5.951541e+00	5.598635e+00	5.056209e+00	4.301221e+00	2.714494e+00	2.028239e+00
1.298120e+00	1.190083e+00	1.115346e+00	1.106950e+00	1.099579e+00	1.099177e+00
1.203603e+01	1.151885e+01	1.107845e+01	1.076412e+01	1.051438e+01	1.000120e+01
9.535007e+00	9.112694e+00	8.732791e+00	8.393509e+00	8.093498e+00	7.831259e+00
7.604821e+00	7.411025e+00	7.244184e+00	7.099277e+00	6.973996e+00	6.861032e+00
6.738050e+00	6.539926e+00	6.150005e+00	5.818492e+00	5.300721e+00	4.558202e+00
2.916869e+00	2.169921e+00	1.331884e+00	1.205063e+00	1.115433e+00	1.105896e+00
1.096918e+00	1.096608e+00	1.202326e+01	1.151358e+01	1.108023e+01	1.077069e+01
1.052495e+01	1.001873e+01	9.557699e+00	9.139379e+00	8.762807e+00	8.426758e+00
8.130509e+00	7.872890e+00	7.652305e+00	7.466188e+00	7.309697e+00	7.178206e+00
7.068350e+00	6.970093e+00	6.861282e+00	6.686763e+00	6.339178e+00	6.033345e+00
5.536809e+00	4.809694e+00	3.141456e+00	2.325284e+00	1.371861e+00	1.224910e+00
1.117097e+00	1.105938e+00	1.095178e+00	1.094693e+00	1.200913e+01	1.150774e+01
1.108188e+01	1.077710e+01	1.053494e+01	1.003514e+01	9.578851e+00	9.164160e+00
8.790539e+00	8.457320e+00	8.164385e+00	7.910891e+00	7.695606e+00	7.516544e+00
7.369693e+00	7.250838e+00	7.155635e+00	7.071434e+00	6.976243e+00	6.825403e+00
6.522226e+00	6.243798e+00	5.769814e+00	5.061988e+00	3.382332e+00	2.495256e+00
1.417768e+00	1.248941e+00	1.120535e+00	1.106058e+00	1.093690e+00	1.093008e+00
1.200106e+01	1.150675e+01	1.108451e+01	1.078208e+01	1.054027e+01	1.004285e+01
9.589791e+00	9.179019e+00	8.809639e+00	8.480855e+00	8.192432e+00	7.943658e+00
7.733440e+00	7.559945e+00	7.419311e+00	7.307841e+00	7.222858e+00	7.154824e+00
7.083383e+00	6.961745e+00	6.694010e+00	6.438871e+00	5.996140e+00	5.315031e+00
3.622360e+00	2.682899e+00	1.471480e+00	1.276590e+00	1.124135e+00	1.106633e+00
1.091876e+00	1.091223e+00	1.199590e+01	1.150672e+01	1.108853e+01	1.078617e+01
1.054337e+01	1.004683e+01	9.595930e+00	9.188452e+00	8.823205e+00	8.499123e+00
8.215478e+00	7.971449e+00	7.765858e+00	7.596721e+00	7.459989e+00	7.352654e+00
7.274918e+00	7.222984e+00	7.180380e+00	7.091241e+00	6.852042e+00	6.616995e+00
6.211501e+00	5.563554e+00	3.861122e+00	2.890078e+00	1.536725e+00	1.310529e+00
1.128753e+00	1.108849e+00	1.089970e+00	1.089500e+00	1.198296e+01	1.150460e+01
1.109311e+01	1.079257e+01	1.054924e+01	1.005445e+01	9.605849e+00	9.201069e+00
8.838741e+00	8.517752e+00	8.237336e+00	7.996766e+00	7.794962e+00	7.630060e+00
7.498150e+00	7.396672e+00	7.326984e+00	7.287594e+00	7.264158e+00	7.201246e+00
6.997309e+00	6.786105e+00	6.412806e+00	5.798577e+00	4.115329e+00	3.106618e+00
1.611665e+00	1.352359e+00	1.135653e+00	1.111641e+00	1.089120e+00	1.088582e+00
1.196102e+01	1.149806e+01	1.109798e+01	1.080048e+01	1.055693e+01	1.006444e+01
9.617854e+00	9.215003e+00	8.854666e+00	8.535828e+00	8.257843e+00	8.020084e+00
7.821599e+00	7.660728e+00	7.533843e+00	7.438777e+00	7.377262e+00	7.348482e+00
7.339873e+00	7.300295e+00	7.134023e+00	6.948432e+00	6.605456e+00	6.026422e+00
4.382928e+00	3.335244e+00	1.696964e+00	1.402283e+00	1.145078e+00	1.115317e+00
1.088551e+00	1.087933e+00	1.193744e+01	1.149049e+01	1.110082e+01	1.080650e+01
1.056194e+01	1.007136e+01	9.626493e+00	9.225394e+00	8.866920e+00	8.550133e+00
8.274431e+00	8.039266e+00	7.843813e+00	7.686568e+00	7.564048e+00	7.474443e+00
7.419990e+00	7.400782e+00	7.406197e+00	7.388713e+00	7.258176e+00	7.097643e+00
6.785622e+00	6.244021e+00	4.652389e+00	3.575130e+00	1.792451e+00	1.458683e+00
1.155978e+00	1.119852e+00	1.088421e+00	1.087208e+00	1.191119e+01	1.148067e+01
1.110234e+01	1.081068e+01	1.056458e+01	1.007526e+01	9.631731e+00	9.232182e+00
8.875460e+00	8.560648e+00	8.287084e+00	8.054277e+00	7.861532e+00	7.707437e+00
7.588415e+00	7.502969e+00	7.454143e+00	7.443528e+00	7.462856e+00	7.466328e+00
7.367986e+00	7.230986e+00	6.949537e+00	6.445796e+00	4.917677e+00	3.826586e+00
1.902247e+00	1.524689e+00	1.169501e+00	1.126275e+00	1.088468e+00	1.086349e+00
1.187584e+01	1.146525e+01	1.110116e+01	1.081381e+01	1.056818e+01	1.008193e+01
9.639931e+00	9.241242e+00	8.885101e+00	8.571004e+00	8.298706e+00	8.067648e+00
7.876963e+00	7.725480e+00	7.610922e+00	7.532303e+00	7.491184e+00	7.485727e+00
7.506940e+00	7.523412e+00	7.461640e+00	7.349380e+00	7.102714e+00	6.654469e+00
5.197941e+00	4.054656e+00	2.025411e+00	1.608568e+00	1.185748e+00	1.127854e+00
1.090769e+00	1.085817e+00	1.183763e+01	1.144668e+01	1.109693e+01	1.081509e+01
1.057032e+01	1.008680e+01	9.646302e+00	9.248389e+00	8.892631e+00	8.578923e+00
8.307460e+00	8.077734e+00	7.888918e+00	7.740076e+00	7.630085e+00	7.558354e+00
7.524572e+00	7.522545e+00	7.542571e+00	7.568385e+00	7.542462e+00	7.457556e+00
7.245988e+00	6.845759e+00	5.465177e+00	4.291186e+00	2.164207e+00	1.702737e+00
1.205085e+00	1.129784e+00	1.093990e+00	1.085381e+00	1.181278e+01	1.143506e+01
1.109424e+01	1.081450e+01	1.056891e+01	1.008665e+01	9.647108e+00	9.250232e+00
8.895573e+00	8.582901e+00	8.312374e+00	8.083800e+00	7.896976e+00	7.751147e+00
7.644475e+00	7.575897e+00	7.545572e+00	7.548262e+00	7.575631e+00	7.612432e+00
7.615900e+00	7.561710e+00	7.380269e+00	6.988962e+00	5.679537e+00	4.605645e+00
2.320244e+00	1.785854e+00	1.227102e+00	1.149496e+00	1.090378e+00	1.084762e+00
1.179624e+01	1.142946e+01	1.109619e+01	1.081801e+01	1.057169e+01	1.009026e+01
9.651568e+00	9.255535e+00	8.901757e+00	8.590065e+00	8.320659e+00	8.093414e+00
7.908104e+00	7.764061e+00	7.659498e+00	7.593507e+00	7.566616e+00	7.574139e+00
7.608754e+00	7.657044e+00	7.681780e+00	7.647048e+00	7.498622e+00	7.149157e+00
5.913823e+00	4.871184e+00	2.497172e+00	1.897047e+00	1.254069e+00	1.161400e+00
1.092633e+00	1.084472e+00	1.178124e+01	1.142406e+01	1.109733e+01	1.082106e+01
1.057388e+01	1.009338e+01	9.655424e+00	9.260114e+00	8.907124e+00	8.596335e+00
8.327974e+00	8.101907e+00	7.917848e+00	7.775222e+00	7.672409e+00	7.608663e+00
7.584839e+00	7.596695e+00	7.637809e+00	7.696513e+00	7.739630e+00	7.721792e+00
7.605273e+00	7.301027e+00	6.142933e+00	5.130988e+00	2.690732e+00	2.022522e+00
1.285075e+00	1.174498e+00	1.095867e+00	1.084102e+00	1.176725e+01	1.141855e+01
1.109755e+01	1.082263e+01	1.057481e+01	1.009495e+01	9.657715e+00	9.263144e+00
8.910930e+00	8.600964e+00	8.333485e+00	8.108363e+00	7.925378e+00	7.784020e+00
7.682771e+00	7.620970e+00	7.599746e+00	7.615211e+00	7.661697e+00	7.729147e+00
7.788419e+00	7.785900e+00	7.698626e+00	7.435916e+00	6.356681e+00	5.387504e+00
2.900624e+00	2.161118e+00	1.321691e+00	1.191370e+00	1.099708e+00	1.083653e+00
1.175705e+01	1.141601e+01	1.109988e+01	1.082618e+01	1.057767e+01	1.009832e+01
9.661600e+00	9.267615e+00	8.916033e+00	8.606729e+00	8.339924e+00	8.115532e+00
7.933391e+00	7.793066e+00	7.693125e+00	7.632980e+00	7.613966e+00	7.632498e+00
7.683504e+00	7.758438e+00	7.831567e+00	7.842281e+00	7.781463e+00	7.558281e+00
6.558972e+00	5.637467e+00	3.126320e+00	2.315684e+00	1.365077e+00	1.212439e+00
1.104657e+00	1.083713e+00	1.174807e+01	1.141399e+01	1.110313e+01	1.083022e+01
1.058110e+01	1.010204e+01	9.665663e+00	9.272143e+00	8.921097e+00	8.612355e+00
8.346102e+00	8.122313e+00	7.940893e+00	7.801480e+00	7.702708e+00	7.644055e+00
7.627019e+00	7.648292e+00	7.703316e+00	7.785007e+00	7.870656e+00	7.893339e+00
7.857066e+00	7.671999e+00	6.754273e+00	5.884640e+00	3.367577e+00	2.485434e+00
1.414467e+00	1.237164e+00	1.110496e+00	1.083804e+00	1.173844e+01	1.141100e+01
1.110387e+01	1.083226e+01	1.058244e+01	1.010377e+01	9.667803e+00	9.274645e+00
8.924092e+00	8.615877e+00	8.350153e+00	8.126944e+00	7.946253e+00	7.807754e+00
7.710042e+00	7.652636e+00	7.637251e+00	7.660890e+00	7.719530e+00	7.807337e+00
7.903686e+00	7.936453e+00	7.922124e+00	7.773924e+00	6.937697e+00	6.120604e+00
3.621047e+00	2.671152e+00	1.470541e+00	1.265690e+00	1.117036e+00	1.083791e+00
1.172879e+01	1.140701e+01	1.110398e+01	1.083329e+01	1.058297e+01	1.010458e+01
9.668922e+00	9.276079e+00	8.925940e+00	8.618164e+00	8.352869e+00	8.130117e+00
7.950013e+00	7.812281e+00	7.715486e+00	7.659186e+00	7.645236e+00	7.670864e+00
7.732482e+00	7.825490e+00	7.931140e+00	7.972493e+00	7.976704e+00	7.861275e+00
7.106659e+00	6.344641e+00	3.883774e+00	2.873225e+00	1.536485e+00	1.300825e+00
1.124847e+00	1.083653e+00	1.172066e+01	1.140302e+01	1.110316e+01	1.083253e+01
1.058189e+01	1.010389e+01	9.668919e+00	9.277281e+00	8.927955e+00	8.620522e+00
8.355165e+00	8.132211e+00	7.951910e+00	7.814286e+00	7.718393e+00	7.664571e+00
7.653241e+00	7.680528e+00	7.741580e+00	7.837280e+00	7.955374e+00	8.008839e+00
8.021982e+00	7.917843e+00	7.263319e+00	6.596604e+00	4.137181e+00	3.069267e+00
1.612903e+00	1.347702e+00	1.134711e+00	1.083477e+00	1.171359e+01	1.139920e+01
1.110121e+01	1.083060e+01	1.057925e+01	1.010217e+01	9.668786e+00	9.278292e+00
8.929863e+00	8.622752e+00	8.357179e+00	8.133838e+00	7.953191e+00	7.815554e+00
7.720422e+00	7.669141e+00	7.660650e+00	7.689417e+00	7.748970e+00	7.846480e+00
7.977395e+00	8.043628e+00	8.061639e+00	7.961851e+00	7.411745e+00	6.860181e+00
4.390033e+00	3.267831e+00	1.700023e+00	1.405650e+00	1.146430e+00	1.083275e+00
1.171280e+01	1.139932e+01	1.110170e+01	1.083087e+01	1.057897e+01	1.010181e+01
9.668686e+00	9.278499e+00	8.930345e+00	8.624043e+00	8.359350e+00	8.136419e+00
7.955870e+00	7.818358e+00	7.723459e+00	7.670662e+00	7.662121e+00	7.692953e+00
7.759898e+00	7.862152e+00	7.997723e+00	8.064752e+00	8.094470e+00	8.017647e+00
7.549946e+00	7.041658e+00	4.663342e+00	3.500829e+00	1.796481e+00	1.463447e+00
1.158581e+00	1.083238e+00	1.172179e+01	1.140920e+01	1.111135e+01	1.083855e+01
1.058399e+01	1.010357e+01	9.668629e+00	9.277880e+00	8.930018e+00	8.624751e+00
8.361914e+00	8.141285e+00	7.962802e+00	7.826024e+00	7.728720e+00	7.670885e+00
7.657933e+00	7.693771e+00	7.778839e+00	7.894785e+00	8.016561e+00	8.075440e+00
8.120400e+00	8.095496e+00	7.676226e+00	7.146441e+00	4.963749e+00	3.788852e+00
1.905283e+00	1.519056e+00	1.171199e+00	1.083412e+00	1.172053e+01	1.140916e+01
1.111193e+01	1.083887e+01	1.058375e+01	1.010281e+01	9.667574e+00	9.276496e+00
8.928972e+00	8.624225e+00	8.361821e+00	8.141740e+00	7.963814e+00	7.827333e+00
7.729898e+00	7.671334e+00	7.657587e+00	7.695329e+00	7.786161e+00	7.906911e+00
8.028555e+00	8.087642e+00	8.143772e+00	8.146592e+00	7.783502e+00	7.279622e+00
5.242061e+00	4.057868e+00	2.032421e+00	1.589910e+00	1.186548e+00	1.083302e+00
1.171261e+01	1.140444e+01	1.110941e+01	1.083692e+01	1.058156e+01	1.010102e+01
9.666020e+00	9.275306e+00	8.927913e+00	8.623262e+00	8.361070e+00	8.141184e+00
7.963508e+00	7.827290e+00	7.730232e+00	7.672297e+00	7.659415e+00	7.697949e+00
7.789624e+00	7.912036e+00	8.037264e+00	8.100898e+00	8.164807e+00	8.181600e+00
7.875534e+00	7.432583e+00	5.499662e+00	4.311389e+00	2.179759e+00	1.679421e+00
1.205277e+00	1.083014e+00	1.170801e+01	1.140244e+01	1.110904e+01	1.083694e+01
1.058147e+01	1.010113e+01	9.666336e+00	9.275780e+00	8.928558e+00	8.624056e+00
8.361991e+00	8.142295e+00	7.964825e+00	7.828880e+00	7.732167e+00	7.674689e+00
7.662396e+00	7.701576e+00	7.793359e+00	7.917093e+00	8.046204e+00	8.113624e+00
8.184343e+00	8.214030e+00	7.959230e+00	7.565435e+00	5.749967e+00	4.572385e+00
2.342501e+00	1.783595e+00	1.227368e+00	1.082975e+00	1.169541e+01	1.139649e+01
1.110810e+01	1.083911e+01	1.058562e+01	1.010766e+01	9.673253e+00	9.282146e+00
8.933850e+00	8.628197e+00	8.365297e+00	8.145162e+00	7.967650e+00	7.832435e+00
7.738181e+00	7.684980e+00	7.676197e+00	7.712309e+00	7.791964e+00	7.910182e+00
8.053360e+00	8.130592e+00	8.207622e+00	8.246325e+00	8.039707e+00	7.681916e+00
5.991584e+00	4.840265e+00	2.521621e+00	1.904948e+00	1.255203e+00	1.083253e+00
1.168451e+01	1.138995e+01	1.110600e+01	1.083946e+01	1.058686e+01	1.011001e+01
9.675804e+00	9.284470e+00	8.935708e+00	8.629557e+00	8.366306e+00	8.145969e+00
7.968374e+00	7.833353e+00	7.740073e+00	7.688747e+00	7.681551e+00	7.716284e+00
7.790834e+00	7.905769e+00	8.057789e+00	8.143302e+00	8.225761e+00	8.264179e+00
8.095853e+00	7.802809e+00	6.223227e+00	5.092296e+00	2.713489e+00	2.045519e+00
1.284345e+00	1.083328e+00	1.167766e+01	1.138400e+01	1.110014e+01	1.083358e+01
1.058092e+01	1.010459e+01	9.671077e+00	9.280356e+00	8.932158e+00	8.626503e+00
8.363692e+00	8.143565e+00	7.965652e+00	7.829902e+00	7.736396e+00	7.685984e+00
7.680384e+00	7.716159e+00	7.790378e+00	7.904791e+00	8.060128e+00	8.150954e+00
8.237781e+00	8.271386e+00	8.129387e+00	7.934527e+00	6.441589e+00	5.318417e+00
2.917115e+00	2.211100e+00	1.313524e+00	1.082848e+00	