2.180056e-01	2.246090e-01	2.313555e-01	2.383287e-01	2.455225e-01	2.605421e-01
2.763877e-01	2.930950e-01	3.106322e-01	3.290234e-01	3.482264e-01	3.681195e-01
3.886080e-01	4.095580e-01	4.307681e-01	4.519346e-01	4.725646e-01	4.919791e-01
5.093708e-01	5.244802e-01	5.370187e-01	5.426051e-01	5.496980e-01	5.582832e-01
5.744115e-01	5.797642e-01	5.777645e-01	5.775885e-01	5.808045e-01	5.818094e-01
5.808792e-01	5.777870e-01	2.454625e-01	2.526935e-01	2.600736e-01	2.676913e-01
2.755403e-01	2.919005e-01	3.091224e-01	3.272385e-01	3.462104e-01	3.660568e-01
3.867275e-01	4.080898e-01	4.300393e-01	4.524335e-01	4.750661e-01	4.976237e-01
5.195878e-01	5.402458e-01	5.587549e-01	5.748519e-01	5.882324e-01	5.941823e-01
6.016651e-01	6.106374e-01	6.274036e-01	6.329771e-01	6.310161e-01	6.308332e-01
6.340907e-01	6.351093e-01	6.341602e-01	6.310467e-01	2.763775e-01	2.842897e-01
2.923564e-01	3.006715e-01	3.092281e-01	3.270333e-01	3.457342e-01	3.653595e-01
3.858634e-01	4.072586e-01	4.294853e-01	4.524002e-01	4.758878e-01	4.997974e-01
5.239195e-01	5.479318e-01	5.712901e-01	5.932479e-01	6.129269e-01	6.300613e-01
6.443301e-01	6.506621e-01	6.585451e-01	6.679012e-01	6.852845e-01	6.910741e-01
6.891759e-01	6.889861e-01	6.922656e-01	6.932920e-01	6.923283e-01	6.892158e-01
3.111861e-01	3.198365e-01	3.286465e-01	3.377148e-01	3.470346e-01	3.663945e-01
3.866821e-01	4.079213e-01	4.300581e-01	4.530978e-01	4.769707e-01	5.015217e-01
5.266245e-01	5.521198e-01	5.777967e-01	6.033259e-01	6.281372e-01	6.514498e-01
6.723509e-01	6.905732e-01	7.057776e-01	7.125107e-01	7.208023e-01	7.305350e-01
7.485051e-01	7.545035e-01	7.526962e-01	7.524998e-01	7.557777e-01	7.568049e-01
7.558320e-01	7.527469e-01	3.503787e-01	3.598280e-01	3.694413e-01	3.793220e-01
3.894634e-01	4.104932e-01	4.324798e-01	4.554413e-01	4.793147e-01	5.040964e-01
5.297062e-01	5.559768e-01	5.827704e-01	6.099197e-01	6.372144e-01	6.643202e-01
6.906409e-01	7.153617e-01	7.375361e-01	7.568966e-01	7.730852e-01	7.802382e-01
7.889453e-01	7.990425e-01	8.175582e-01	8.237546e-01	8.220710e-01	8.218685e-01
8.251168e-01	8.261362e-01	8.251605e-01	8.221342e-01	3.945075e-01	4.048199e-01
4.152999e-01	4.260553e-01	4.370796e-01	4.598996e-01	4.837017e-01	5.084970e-01
5.342128e-01	5.608353e-01	5.882723e-01	6.163447e-01	6.449023e-01	6.737705e-01
7.027422e-01	7.314808e-01	7.593641e-01	7.855439e-01	8.090411e-01	8.295899e-01
8.468117e-01	8.544036e-01	8.635302e-01	8.739744e-01	8.929817e-01	8.993619e-01
8.978400e-01	8.976319e-01	9.008175e-01	9.018190e-01	9.008481e-01	8.979175e-01
4.441941e-01	4.554375e-01	4.668509e-01	4.785462e-01	4.905174e-01	5.152524e-01
5.409903e-01	5.677334e-01	5.953986e-01	6.239604e-01	6.533136e-01	6.832672e-01
7.136583e-01	7.443056e-01	7.750086e-01	8.054311e-01	8.349257e-01	8.626115e-01
8.874786e-01	9.092646e-01	9.275693e-01	9.356187e-01	9.451663e-01	9.559331e-01
9.753634e-01	9.819087e-01	9.805926e-01	9.803796e-01	9.834633e-01	9.844352e-01
9.834781e-01	9.806864e-01	5.001385e-01	5.123842e-01	5.248009e-01	5.375041e-01
5.504885e-01	5.772675e-01	6.050639e-01	6.338704e-01	6.635923e-01	6.941906e-01
7.255462e-01	7.574563e-01	7.897448e-01	8.222248e-01	8.547066e-01	8.868575e-01
9.180062e-01	9.472400e-01	9.735207e-01	9.965915e-01	1.016028e+00	1.024554e+00
1.034520e+00	1.045578e+00	1.065345e+00	1.072032e+00	1.070972e+00	1.070755e+00
1.073691e+00	1.074620e+00	1.073687e+00	1.071085e+00	5.631289e-01	5.764514e-01
5.899443e-01	6.037257e-01	6.177917e-01	6.467465e-01	6.767263e-01	7.077118e-01
7.395966e-01	7.723256e-01	8.057650e-01	8.397007e-01	8.739432e-01	9.083012e-01
9.426002e-01	9.765159e-01	1.009354e+00	1.040171e+00	1.067905e+00	1.092305e+00
1.112924e+00	1.121942e+00	1.132321e+00	1.143629e+00	1.163628e+00	1.170427e+00
1.169682e+00	1.169462e+00	1.172198e+00	1.173066e+00	1.172171e+00	1.169816e+00
6.340527e-01	6.485294e-01	6.631738e-01	6.781060e-01	6.933236e-01	7.245880e-01
7.568761e-01	7.901553e-01	8.243059e-01	8.592551e-01	8.948531e-01	9.308753e-01
9.671184e-01	1.003389e+00	1.039532e+00	1.075238e+00	1.109791e+00	1.142219e+00
1.171439e+00	1.197212e+00	1.219059e+00	1.228588e+00	1.239368e+00	1.250875e+00
1.270978e+00	1.277853e+00	1.277490e+00	1.277268e+00	1.279741e+00	1.280532e+00
1.279688e+00	1.277648e+00	7.139090e-01	7.296198e-01	7.454933e-01	7.616501e-01
7.780900e-01	8.117984e-01	8.465188e-01	8.822028e-01	9.187175e-01	9.559690e-01
9.937911e-01	1.031950e+00	1.070227e+00	1.108431e+00	1.146433e+00	1.183941e+00
1.220222e+00	1.254280e+00	1.285012e+00	1.312193e+00	1.335317e+00	1.345372e+00
1.356535e+00	1.368179e+00	1.388232e+00	1.395139e+00	1.395234e+00	1.395012e+00
1.397152e+00	1.397842e+00	1.397067e+00	1.395420e+00	8.038229e-01	8.208495e-01
8.380311e-01	8.554870e-01	8.732200e-01	9.095053e-01	9.467785e-01	9.849733e-01
1.023942e+00	1.063569e+00	1.103668e+00	1.143998e+00	1.184329e+00	1.224469e+00
1.264326e+00	1.303634e+00	1.341642e+00	1.377333e+00	1.409595e+00	1.438218e+00
1.462661e+00	1.473255e+00	1.484778e+00	1.496483e+00	1.516302e+00	1.523191e+00
1.523831e+00	1.523611e+00	1.525334e+00	1.525899e+00	1.525213e+00	1.524048e+00
9.050611e-01	9.234863e-01	9.420556e-01	9.608849e-01	9.799807e-01	1.018972e+00
1.058913e+00	1.099716e+00	1.141219e+00	1.183279e+00	1.225693e+00	1.268214e+00
1.310596e+00	1.352655e+00	1.394343e+00	1.435427e+00	1.475144e+00	1.512460e+00
1.546257e+00	1.576346e+00	1.602151e+00	1.613295e+00	1.625146e+00	1.636818e+00
1.656188e+00	1.662995e+00	1.664280e+00	1.664064e+00	1.665276e+00	1.665688e+00
1.665113e+00	1.664533e+00	1.019050e+00	1.038957e+00	1.058993e+00	1.079268e+00
1.099794e+00	1.141614e+00	1.184328e+00	1.227825e+00	1.271928e+00	1.316464e+00
1.361210e+00	1.405916e+00	1.450325e+00	1.494261e+00	1.537730e+00	1.580544e+00
1.621930e+00	1.660843e+00	1.696168e+00	1.727740e+00	1.754942e+00	1.766647e+00
1.778783e+00	1.790314e+00	1.808979e+00	1.815631e+00	1.817674e+00	1.817464e+00
1.818058e+00	1.818282e+00	1.817845e+00	1.817968e+00	1.147395e+00	1.168865e+00
1.190445e+00	1.212236e+00	1.234256e+00	1.279017e+00	1.324597e+00	1.370858e+00
1.417608e+00	1.464639e+00	1.511710e+00	1.558570e+00	1.604951e+00	1.650691e+00
1.695862e+00	1.740332e+00	1.783323e+00	1.823784e+00	1.860614e+00	1.893674e+00
1.922305e+00	1.934575e+00	1.946945e+00	1.958205e+00	1.975866e+00	1.982276e+00
1.985206e+00	1.985006e+00	1.984856e+00	1.984856e+00	1.984586e+00	1.985546e+00
1.292619e+00	1.315709e+00	1.338886e+00	1.362240e+00	1.385796e+00	1.433571e+00
1.482078e+00	1.531152e+00	1.580590e+00	1.630143e+00	1.679555e+00	1.728584e+00
1.776949e+00	1.824508e+00	1.871407e+00	1.917575e+00	1.962231e+00	2.004319e+00
2.042750e+00	2.077381e+00	2.107457e+00	2.120247e+00	2.132731e+00	2.143504e+00
2.159642e+00	2.165681e+00	2.169847e+00	2.169659e+00	2.168456e+00	2.168139e+00
2.168104e+00	2.170244e+00	1.455636e+00	1.480432e+00	1.505285e+00	1.530269e+00
1.555419e+00	1.606299e+00	1.657794e+00	1.709701e+00	1.761808e+00	1.813820e+00
1.865463e+00	1.916508e+00	1.966664e+00	2.015812e+00	2.064196e+00	2.111822e+00
2.157919e+00	2.201435e+00	2.241315e+00	2.277439e+00	2.308979e+00	2.322314e+00
2.334864e+00	2.345008e+00	2.359319e+00	2.364888e+00	2.370330e+00	2.370159e+00
2.367844e+00	2.367190e+00	2.367410e+00	2.370788e+00	1.635455e+00	1.662097e+00
1.688759e+00	1.715488e+00	1.742334e+00	1.796517e+00	1.851146e+00	1.905967e+00
1.960711e+00	2.015035e+00	2.068584e+00	2.121110e+00	2.172330e+00	2.222174e+00
2.271035e+00	2.319072e+00	2.365554e+00	2.409510e+00	2.450016e+00	2.487188e+00
2.520394e+00	2.534598e+00	2.547440e+00	2.557029e+00	2.569980e+00	2.575114e+00
2.580910e+00	2.580761e+00	2.578054e+00	2.577281e+00	2.577615e+00	2.581405e+00
1.832547e+00	1.861300e+00	1.890011e+00	1.918683e+00	1.947390e+00	2.005129e+00
2.063002e+00	2.120693e+00	2.177842e+00	2.234086e+00	2.288969e+00	2.342211e+00
2.393565e+00	2.443034e+00	2.491214e+00	2.538487e+00	2.584187e+00	2.627483e+00
2.667655e+00	2.705266e+00	2.740147e+00	2.755475e+00	2.768862e+00	2.778105e+00
2.790312e+00	2.795053e+00	2.800117e+00	2.800007e+00	2.797776e+00	2.797142e+00
2.797428e+00	2.800623e+00	2.045810e+00	2.077694e+00	2.109376e+00	2.140731e+00
2.171851e+00	2.233706e+00	2.294571e+00	2.354033e+00	2.411849e+00	2.467981e+00
2.522455e+00	2.575102e+00	2.625735e+00	2.674388e+00	2.721764e+00	2.768337e+00
2.813401e+00	2.855965e+00	2.895218e+00	2.932028e+00	2.966648e+00	2.982166e+00
2.996059e+00	3.005833e+00	3.017614e+00	3.021740e+00	3.025666e+00	3.025688e+00
3.024421e+00	3.024038e+00	3.024252e+00	3.026205e+00	2.277747e+00	2.313705e+00
2.349203e+00	2.383899e+00	2.417900e+00	2.484291e+00	2.547832e+00	2.608057e+00
2.665029e+00	2.719311e+00	2.771851e+00	2.822685e+00	2.871697e+00	2.918929e+00
2.965106e+00	3.010694e+00	3.054890e+00	3.096372e+00	3.134064e+00	3.169048e+00
3.202007e+00	3.217100e+00	3.231487e+00	3.242397e+00	3.254009e+00	3.257350e+00
3.259707e+00	3.259931e+00	3.260085e+00	3.260067e+00	3.260165e+00	3.260284e+00
2.527345e+00	2.568376e+00	2.608423e+00	2.646739e+00	2.683513e+00	2.753464e+00
2.818302e+00	2.878323e+00	2.933908e+00	2.985963e+00	3.035952e+00	3.084109e+00
3.130522e+00	3.175295e+00	3.218979e+00	3.261922e+00	3.303410e+00	3.342354e+00
3.377857e+00	3.410713e+00	3.441733e+00	3.456456e+00	3.471217e+00	3.482973e+00
3.494398e+00	3.496851e+00	3.497597e+00	3.498059e+00	3.499686e+00	3.500087e+00
3.499939e+00	3.498139e+00	2.792348e+00	2.839974e+00	2.885658e+00	2.927913e+00
2.967131e+00	3.038798e+00	3.102643e+00	3.161181e+00	3.215046e+00	3.264936e+00
3.312002e+00	3.356647e+00	3.399393e+00	3.440521e+00	3.480075e+00	3.518104e+00
3.554328e+00	3.588841e+00	3.621608e+00	3.652272e+00	3.681208e+00	3.695740e+00
3.710725e+00	3.722878e+00	3.734144e+00	3.735568e+00	3.734780e+00	3.735524e+00
3.738600e+00	3.739484e+00	3.738882e+00	3.735167e+00	3.075628e+00	3.127491e+00
3.177103e+00	3.222740e+00	3.264795e+00	3.340513e+00	3.405705e+00	3.462541e+00
3.512149e+00	3.556332e+00	3.597664e+00	3.636864e+00	3.674392e+00	3.710411e+00
3.744921e+00	3.777910e+00	3.809150e+00	3.838724e+00	3.866726e+00	3.893461e+00
3.920032e+00	3.934031e+00	3.948979e+00	3.961278e+00	3.971911e+00	3.973248e+00
3.970357e+00	3.971211e+00	3.975903e+00	3.977065e+00	3.976552e+00	3.970850e+00
3.376747e+00	3.430112e+00	3.481462e+00	3.529222e+00	3.573655e+00	3.654078e+00
3.722127e+00	3.777890e+00	3.822734e+00	3.859717e+00	3.893102e+00	3.923946e+00
3.952677e+00	3.979903e+00	4.007178e+00	4.035566e+00	4.063980e+00	4.089683e+00
4.110768e+00	4.130772e+00	4.154222e+00	4.167657e+00	4.182331e+00	4.194367e+00
4.204106e+00	4.205374e+00	4.200726e+00	4.201640e+00	4.207625e+00	4.208996e+00
4.208621e+00	4.201299e+00	3.693917e+00	3.747645e+00	3.799308e+00	3.847318e+00
3.891990e+00	3.972986e+00	4.041516e+00	4.097247e+00	4.140731e+00	4.173701e+00
4.198926e+00	4.217647e+00	4.231570e+00	4.243758e+00	4.259931e+00	4.284113e+00
4.313113e+00	4.337571e+00	4.350266e+00	4.360180e+00	4.378963e+00	4.392141e+00
4.406204e+00	4.417284e+00	4.426255e+00	4.425862e+00	4.421378e+00	4.422522e+00
4.428619e+00	4.430369e+00	4.429276e+00	4.421505e+00	4.018693e+00	4.074931e+00
4.128679e+00	4.178020e+00	4.223346e+00	4.303984e+00	4.369752e+00	4.420392e+00
4.456664e+00	4.480733e+00	4.495950e+00	4.503903e+00	4.506667e+00	4.507996e+00
4.514552e+00	4.531051e+00	4.553789e+00	4.571892e+00	4.577048e+00	4.579877e+00
4.593695e+00	4.604985e+00	4.617198e+00	4.626763e+00	4.634254e+00	4.633568e+00
4.629053e+00	4.630132e+00	4.635986e+00	4.637667e+00	4.636454e+00	4.629076e+00
4.355000e+00	4.413083e+00	4.468195e+00	4.518057e+00	4.563144e+00	4.641488e+00
4.702394e+00	4.745791e+00	4.772777e+00	4.786087e+00	4.789791e+00	4.785828e+00
4.776590e+00	4.766384e+00	4.762502e+00	4.770104e+00	4.785149e+00	4.795735e+00
4.792812e+00	4.788366e+00	4.796591e+00	4.805201e+00	4.814579e+00	4.821745e+00
4.827204e+00	4.826626e+00	4.822754e+00	4.823607e+00	4.828433e+00	4.829796e+00
4.828820e+00	4.822819e+00	4.697595e+00	4.756077e+00	4.811119e+00	4.860082e+00
4.903536e+00	4.976946e+00	5.030578e+00	5.064574e+00	5.080392e+00	5.081311e+00
5.072103e+00	5.055045e+00	5.032838e+00	5.010271e+00	4.995163e+00	4.993014e+00
4.999483e+00	5.001792e+00	4.990354e+00	4.978296e+00	4.980226e+00	4.985465e+00
4.990954e+00	4.994673e+00	4.997613e+00	4.997323e+00	4.995033e+00	4.995523e+00
4.998373e+00	4.999193e+00	4.998723e+00	4.995213e+00	5.042264e+00	5.101402e+00
5.156504e+00	5.204468e+00	5.245937e+00	5.312832e+00	5.355972e+00	5.375311e+00
5.373638e+00	5.356715e+00	5.332269e+00	5.303136e+00	5.271706e+00	5.241483e+00
5.217386e+00	5.202799e+00	5.194723e+00	5.184517e+00	5.165952e+00	5.148328e+00
5.142845e+00	5.144351e+00	5.144897e+00	5.143788e+00	5.144192e+00	5.144132e+00
5.144243e+00	5.144287e+00	5.144349e+00	5.144481e+00	5.144308e+00	5.144333e+00
5.394856e+00	5.455009e+00	5.510181e+00	5.556540e+00	5.594891e+00	5.651948e+00
5.680505e+00	5.681362e+00	5.659142e+00	5.622397e+00	5.581958e+00	5.540943e+00
5.500950e+00	5.463583e+00	5.430227e+00	5.401802e+00	5.377233e+00	5.353197e+00
5.327516e+00	5.304738e+00	5.291332e+00	5.288300e+00	5.283149e+00	5.276869e+00
5.274470e+00	5.274525e+00	5.277448e+00	5.277013e+00	5.273901e+00	5.273238e+00
5.273347e+00	5.277378e+00	5.750151e+00	5.814280e+00	5.870979e+00	5.914503e+00
5.946291e+00	5.983175e+00	5.986820e+00	5.964756e+00	5.923118e+00	5.870535e+00
5.817394e+00	5.765632e+00	5.714882e+00	5.665160e+00	5.618149e+00	5.575362e+00
5.536618e+00	5.500416e+00	5.466197e+00	5.437908e+00	5.416969e+00	5.406444e+00
5.394244e+00	5.383978e+00	5.377900e+00	5.377608e+00	5.383896e+00	5.382993e+00
5.376343e+00	5.374625e+00	5.375191e+00	5.383645e+00	6.103531e+00	6.172819e+00
6.231060e+00	6.269782e+00	6.291531e+00	6.299504e+00	6.270606e+00	6.222558e+00
6.162177e+00	6.096164e+00	6.032105e+00	5.969902e+00	5.906705e+00	5.841493e+00
5.778701e+00	5.721950e+00	5.671084e+00	5.624150e+00	5.580655e+00	5.546269e+00
5.517846e+00	5.498886e+00	5.479327e+00	5.465480e+00	5.455462e+00	5.454616e+00
5.464210e+00	5.462871e+00	5.452783e+00	5.450014e+00	5.451055e+00	5.463759e+00
6.466853e+00	6.524561e+00	6.570954e+00	6.597954e+00	6.608403e+00	6.595061e+00
6.545048e+00	6.474535e+00	6.390964e+00	6.302187e+00	6.216999e+00	6.136215e+00
6.057748e+00	5.980655e+00	5.907830e+00	5.841171e+00	5.780341e+00	5.723267e+00
5.669278e+00	5.623840e+00	5.582893e+00	5.558906e+00	5.531656e+00	5.509096e+00
5.494323e+00	5.492943e+00	5.504811e+00	5.502971e+00	5.489756e+00	5.486489e+00
5.487688e+00	5.503987e+00	6.840102e+00	6.875618e+00	6.902163e+00	6.913216e+00
6.911103e+00	6.879024e+00	6.812661e+00	6.720741e+00	6.611257e+00	6.495079e+00
6.384357e+00	6.282009e+00	6.187514e+00	6.099949e+00	6.019200e+00	5.944258e+00
5.874517e+00	5.807866e+00	5.743435e+00	5.686293e+00	5.632981e+00	5.605189e+00
5.571102e+00	5.540249e+00	5.521393e+00	5.519575e+00	5.533192e+00	5.530930e+00
5.515177e+00	5.511568e+00	5.512858e+00	5.532038e+00	7.212129e+00	7.226453e+00
7.233196e+00	7.226712e+00	7.209102e+00	7.150246e+00	7.059238e+00	6.941082e+00
6.804433e+00	6.661890e+00	6.527221e+00	6.404296e+00	6.293203e+00	6.192544e+00
6.100455e+00	6.014425e+00	5.933127e+00	5.854802e+00	5.778381e+00	5.705951e+00
5.644545e+00	5.615177e+00	5.578920e+00	5.545718e+00	5.525174e+00	5.523316e+00
5.537036e+00	5.534659e+00	5.518405e+00	5.514692e+00	5.516034e+00	5.535825e+00
7.575523e+00	7.571371e+00	7.559476e+00	7.534122e+00	7.497742e+00	7.402892e+00
7.278426e+00	7.130051e+00	6.966552e+00	6.800388e+00	6.644927e+00	6.503834e+00
6.377030e+00	6.262572e+00	6.158391e+00	6.061913e+00	5.969241e+00	5.879784e+00
5.793151e+00	5.709126e+00	5.633695e+00	5.596839e+00	5.556140e+00	5.521195e+00
5.493636e+00	5.492377e+00	5.502332e+00	5.499914e+00	5.485299e+00	5.481417e+00
5.483068e+00	5.501418e+00	7.937711e+00	7.910558e+00	7.876345e+00	7.829635e+00
7.772931e+00	7.640633e+00	7.482338e+00	7.302642e+00	7.109948e+00	6.916845e+00
6.737308e+00	6.575314e+00	6.431157e+00	6.302632e+00	6.184681e+00	6.072633e+00
5.971709e+00	5.877092e+00	5.785154e+00	5.695559e+00	5.605008e+00	5.560427e+00
5.514961e+00	5.477895e+00	5.444505e+00	5.442399e+00	5.447786e+00	5.445524e+00
5.433652e+00	5.430202e+00	5.431891e+00	5.446944e+00	8.284917e+00	8.243442e+00
8.192591e+00	8.125824e+00	8.046754e+00	7.867358e+00	7.662762e+00	7.443644e+00
7.219685e+00	7.002558e+00	6.804484e+00	6.627230e+00	6.467666e+00	6.322694e+00
6.191915e+00	6.072354e+00	5.958726e+00	5.850047e+00	5.744215e+00	5.641011e+00
5.541035e+00	5.492429e+00	5.443504e+00	5.404633e+00	5.368817e+00	5.363286e+00
5.363167e+00	5.361435e+00	5.354179e+00	5.352196e+00	5.353281e+00	5.361908e+00
8.601132e+00	8.570773e+00	8.522074e+00	8.441846e+00	8.336943e+00	8.087893e+00
7.810906e+00	7.540670e+00	7.286394e+00	7.053128e+00	6.845764e+00	6.660278e+00
6.490970e+00	6.329205e+00	6.176478e+00	6.037028e+00	5.909527e+00	5.789200e+00
5.672077e+00	5.558842e+00	5.450473e+00	5.398143e+00	5.346920e+00	5.307583e+00
5.268895e+00	5.259291e+00	5.251923e+00	5.250938e+00	5.250087e+00	5.249957e+00
5.249853e+00	5.250002e+00	8.917632e+00	8.878811e+00	8.819516e+00	8.722050e+00
8.593678e+00	8.287767e+00	7.952922e+00	7.639126e+00	7.353682e+00	7.096239e+00
6.867942e+00	6.656905e+00	6.470769e+00	6.294566e+00	6.127763e+00	5.975107e+00
5.835428e+00	5.704007e+00	5.576150e+00	5.449060e+00	5.327700e+00	5.274484e+00
5.223300e+00	5.182930e+00	5.139975e+00	5.128568e+00	5.112340e+00	5.112001e+00
5.118069e+00	5.119877e+00	5.118788e+00	5.110179e+00	9.287304e+00	9.192596e+00
9.079207e+00	8.936125e+00	8.772174e+00	8.419854e+00	8.059807e+00	7.724385e+00
7.415977e+00	7.132889e+00	6.874342e+00	6.647345e+00	6.434520e+00	6.236535e+00
6.053392e+00	5.886228e+00	5.733235e+00	5.591474e+00	5.456496e+00	5.320346e+00
5.185202e+00	5.126176e+00	5.072553e+00	5.032817e+00	4.987022e+00	4.972668e+00
4.949170e+00	4.949541e+00	4.961294e+00	4.964631e+00	4.962909e+00	4.947031e+00
9.715079e+00	9.506121e+00	9.297304e+00	9.089356e+00	8.885308e+00	8.496945e+00
8.130724e+00	7.785905e+00	7.461927e+00	7.158261e+00	6.874857e+00	6.612724e+00
6.370794e+00	6.147625e+00	5.942227e+00	5.755241e+00	5.586567e+00	5.435964e+00
5.300162e+00	5.164371e+00	5.015808e+00	4.941892e+00	4.880337e+00	4.843673e+00
4.797810e+00	4.778178e+00	4.751766e+00	4.752846e+00	4.767037e+00	4.770897e+00
4.769207e+00	4.749915e+00	1.001521e+01	9.764121e+00	9.514761e+00	9.271085e+00
9.036737e+00	8.601234e+00	8.199217e+00	7.805681e+00	7.451241e+00	7.129688e+00
6.830424e+00	6.538689e+00	6.273641e+00	6.031529e+00	5.809318e+00	5.606475e+00
5.423498e+00	5.260112e+00	5.113354e+00	4.967475e+00	4.807106e+00	4.726161e+00
4.658884e+00	4.619145e+00	4.569643e+00	4.549002e+00	4.524346e+00	4.525206e+00
4.537300e+00	4.540585e+00	4.539251e+00	4.522313e+00	1.027392e+01	9.996749e+00
9.722109e+00	9.453045e+00	9.192597e+00	8.703756e+00	8.252616e+00	7.817442e+00
7.425363e+00	7.066563e+00	6.735721e+00	6.429544e+00	6.150121e+00	5.894274e+00
5.658733e+00	5.442166e+00	5.245492e+00	5.067455e+00	4.905005e+00	4.744574e+00
4.574676e+00	4.490861e+00	4.418573e+00	4.372190e+00	4.317604e+00	4.298592e+00
4.278740e+00	4.278798e+00	4.285822e+00	4.287771e+00	4.287043e+00	4.276349e+00
1.051182e+01	1.020184e+01	9.895682e+00	9.597078e+00	9.308610e+00	8.766761e+00
8.259633e+00	7.809186e+00	7.384140e+00	6.992080e+00	6.634961e+00	6.310017e+00
6.014035e+00	5.743180e+00	5.493041e+00	5.261235e+00	5.049008e+00	4.855076e+00
4.676928e+00	4.503876e+00	4.327401e+00	4.241205e+00	4.162582e+00	4.107230e+00
4.048168e+00	4.032455e+00	4.018445e+00	4.017274e+00	4.017783e+00	4.017994e+00
4.018003e+00	4.015861e+00	1.072355e+01	1.037832e+01	1.003875e+01	9.709988e+00
9.394129e+00	8.804057e+00	8.255056e+00	7.759902e+00	7.304205e+00	6.887735e+00
6.509702e+00	6.166826e+00	5.854961e+00	5.569432e+00	5.304446e+00	5.056536e+00
4.827088e+00	4.615570e+00	4.420474e+00	4.235504e+00	4.055707e+00	3.968493e+00
3.882528e+00	3.815424e+00	3.752212e+00	3.741634e+00	3.734682e+00	3.731843e+00
3.724274e+00	3.722320e+00	3.723188e+00	3.732031e+00	1.092462e+01	1.053836e+01
1.016028e+01	9.797511e+00	9.451283e+00	8.803988e+00	8.232757e+00	7.696715e+00
7.212181e+00	6.772514e+00	6.374534e+00	6.014004e+00	5.686149e+00	5.385863e+00
5.106849e+00	4.845076e+00	4.601377e+00	4.375148e+00	4.164664e+00	3.966912e+00
3.780117e+00	3.690564e+00	3.600009e+00	3.527224e+00	3.460842e+00	3.450405e+00
3.445428e+00	3.442278e+00	3.432471e+00	3.429921e+00	3.431045e+00	3.442700e+00
1.111726e+01	1.068705e+01	1.026860e+01	9.871387e+00	9.495832e+00	8.798268e+00
8.179253e+00	7.614028e+00	7.105541e+00	6.646049e+00	6.230166e+00	5.853191e+00
5.510133e+00	5.195773e+00	4.903841e+00	4.630044e+00	4.374259e+00	4.135469e+00
3.911215e+00	3.701007e+00	3.505806e+00	3.413456e+00	3.320270e+00	3.245553e+00
3.176858e+00	3.163921e+00	3.157740e+00	3.155067e+00	3.146573e+00	3.144361e+00
3.145366e+00	3.154939e+00	1.130236e+01	1.082737e+01	1.036789e+01	9.936082e+00
9.530788e+00	8.788587e+00	8.122869e+00	7.527997e+00	6.996240e+00	6.518314e+00
6.086579e+00	5.695606e+00	5.339940e+00	5.013836e+00	4.710422e+00	4.424936e+00
4.157039e+00	3.906250e+00	3.670565e+00	3.449924e+00	3.246295e+00	3.150841e+00
3.055893e+00	2.980834e+00	2.910276e+00	2.894986e+00	2.885607e+00	2.883447e+00
2.877884e+00	2.876473e+00	2.877078e+00	2.882647e+00	1.147764e+01	1.095742e+01
1.045675e+01	9.990875e+00	9.556741e+00	8.763784e+00	8.060162e+00	7.435495e+00
6.881408e+00	6.386883e+00	5.941951e+00	5.540056e+00	5.174936e+00	4.839766e+00
4.526283e+00	4.229003e+00	3.948338e+00	3.685603e+00	3.440735e+00	3.211477e+00
2.998830e+00	2.899682e+00	2.803896e+00	2.730367e+00	2.658304e+00	2.640635e+00
2.625394e+00	2.623832e+00	2.623374e+00	2.623380e+00	2.623220e+00	2.622155e+00
1.164111e+01	1.107813e+01	1.053911e+01	1.004224e+01	9.582359e+00	8.743330e+00
8.006492e+00	7.355757e+00	6.781657e+00	6.271500e+00	5.813242e+00	5.399446e+00
5.023557e+00	4.678336e+00	4.355026e+00	4.047913e+00	3.757442e+00	3.485270e+00
3.232254e+00	2.995277e+00	2.774799e+00	2.672127e+00	2.574285e+00	2.500296e+00
2.426743e+00	2.408072e+00	2.390271e+00	2.388947e+00	2.390625e+00	2.391215e+00
2.390761e+00	2.386902e+00	1.179351e+01	1.119120e+01	1.061736e+01	1.009300e+01
9.610548e+00	8.734467e+00	7.966152e+00	7.292621e+00	6.700619e+00	6.175681e+00
5.704120e+00	5.277861e+00	4.890338e+00	4.534376e+00	4.201382e+00	3.885737e+00
3.587504e+00	3.307804e+00	3.047620e+00	2.803874e+00	2.576361e+00	2.470051e+00
2.368865e+00	2.292596e+00	2.217519e+00	2.198794e+00	2.181295e+00	2.179901e+00
2.181154e+00	2.181634e+00	2.181234e+00	2.177866e+00	1.193763e+01	1.130064e+01
1.069641e+01	1.014894e+01	9.647927e+00	8.736131e+00	7.945449e+00	7.252618e+00
6.644534e+00	6.105725e+00	5.621388e+00	5.183124e+00	4.784311e+00	4.417852e+00
4.075408e+00	3.751452e+00	3.445894e+00	3.159536e+00	2.893104e+00	2.643511e+00
2.408971e+00	2.298465e+00	2.192811e+00	2.113106e+00	2.036286e+00	2.017586e+00
2.001888e+00	2.000252e+00	1.999716e+00	1.999768e+00	1.999510e+00	1.998335e+00
1.207309e+01	1.140622e+01	1.077626e+01	1.021018e+01	9.694666e+00	8.756280e+00
7.948372e+00	7.238905e+00	6.615109e+00	6.061863e+00	5.563482e+00	5.112985e+00
4.704695e+00	4.328935e+00	3.977941e+00	3.646488e+00	3.334363e+00	3.042089e+00
2.769773e+00	2.514387e+00	2.272478e+00	2.157497e+00	2.047168e+00	1.963870e+00
1.884747e+00	1.865805e+00	1.851466e+00	1.849604e+00	1.847490e+00	1.847187e+00
1.847049e+00	1.847729e+00	1.220248e+01	1.151018e+01	1.085869e+01	1.027758e+01
9.750612e+00	8.790844e+00	7.959470e+00	7.240033e+00	6.610783e+00	6.052284e+00
5.548725e+00	5.090196e+00	4.669238e+00	4.282094e+00	3.920999e+00	3.580738e+00
3.260741e+00	2.961068e+00	2.681241e+00	2.418546e+00	2.167714e+00	2.047498e+00
1.932027e+00	1.844792e+00	1.762076e+00	1.742289e+00	1.727877e+00	1.725872e+00
1.723124e+00	1.722678e+00	1.722577e+00	1.723861e+00	1.232380e+01	1.161182e+01
1.094436e+01	1.035316e+01	9.819395e+00	8.846552e+00	8.006619e+00	7.277922e+00
6.638957e+00	6.070469e+00	5.556158e+00	5.087829e+00	4.659477e+00	4.264718e+00
3.896327e+00	3.549340e+00	3.223028e+00	2.917099e+00	2.630173e+00	2.357788e+00
2.095739e+00	1.969103e+00	1.847290e+00	1.755027e+00	1.666977e+00	1.645672e+00
1.629761e+00	1.627670e+00	1.625128e+00	1.624728e+00	1.624588e+00	1.625388e+00
1.243590e+01	1.170973e+01	1.103109e+01	1.043374e+01	9.896253e+00	8.915157e+00
8.069345e+00	7.334582e+00	6.689314e+00	6.113816e+00	5.591410e+00	5.115661e+00
4.683624e+00	4.285084e+00	3.912739e+00	3.561583e+00	3.230931e+00	2.920615e+00
2.627453e+00	2.337712e+00	2.055636e+00	1.917364e+00	1.787369e+00	1.688280e+00
1.592594e+00	1.569023e+00	1.550599e+00	1.548381e+00	1.546306e+00	1.546017e+00
1.545815e+00	1.545891e+00	1.254040e+01	1.180361e+01	1.111716e+01	1.051671e+01
9.978179e+00	8.993927e+00	8.146954e+00	7.409498e+00	6.760974e+00	6.182066e+00
5.656710e+00	5.177188e+00	4.738053e+00	4.331982e+00	3.951428e+00	3.591259e+00
3.250840e+00	2.930068e+00	2.626073e+00	2.325806e+00	2.029186e+00	1.881793e+00
1.742214e+00	1.634306e+00	1.529703e+00	1.503650e+00	1.482575e+00	1.480183e+00
1.478468e+00	1.478272e+00	1.478013e+00	1.477533e+00	1.263091e+01	1.188830e+01
1.119829e+01	1.059798e+01	1.006097e+01	9.077159e+00	8.230844e+00	7.491647e+00
6.840366e+00	6.258431e+00	5.730422e+00	5.248072e+00	4.804894e+00	4.393846e+00
4.006723e+00	3.638087e+00	3.287510e+00	2.954997e+00	2.638461e+00	2.333243e+00
2.029583e+00	1.877858e+00	1.719588e+00	1.593941e+00	1.477146e+00	1.448142e+00
1.424374e+00	1.421625e+00	1.419683e+00	1.419472e+00	1.419156e+00	1.418942e+00
1.270739e+01	1.196291e+01	1.127325e+01	1.067663e+01	1.014445e+01	9.166989e+00
8.325499e+00	7.587626e+00	6.936088e+00	6.353751e+00	5.826328e+00	5.345218e+00
4.903181e+00	4.492201e+00	4.102718e+00	3.728629e+00	3.370214e+00	3.028719e+00
2.701925e+00	2.379441e+00	2.051348e+00	1.883746e+00	1.708046e+00	1.565356e+00
1.433988e+00	1.401747e+00	1.375523e+00	1.372313e+00	1.369625e+00	1.369289e+00
1.368969e+00	1.369643e+00	1.277650e+01	1.202843e+01	1.133716e+01	1.074485e+01
1.021951e+01	9.254094e+00	8.422111e+00	7.690812e+00	7.043693e+00	6.464179e+00
5.938360e+00	5.457812e+00	5.015412e+00	4.603180e+00	4.211443e+00	3.833729e+00
3.469643e+00	3.119541e+00	2.780410e+00	2.440707e+00	2.088028e+00	1.902867e+00
1.713120e+00	1.554032e+00	1.396325e+00	1.361207e+00	1.334300e+00	1.330550e+00
1.325907e+00	1.325105e+00	1.325204e+00	1.327768e+00	1.283797e+01	1.208672e+01
1.139433e+01	1.080730e+01	1.029034e+01	9.341158e+00	8.522303e+00	7.801598e+00
7.162641e+00	6.588844e+00	6.066125e+00	5.586534e+00	5.143657e+00	4.730260e+00
4.337478e+00	3.958802e+00	3.592245e+00	3.235469e+00	2.883557e+00	2.525429e+00
2.147445e+00	1.945629e+00	1.731468e+00	1.546802e+00	1.362858e+00	1.324791e+00
1.298033e+00	1.293771e+00	1.286689e+00	1.285268e+00	1.285977e+00	1.290779e+00
1.285215e+01	1.211473e+01	1.144004e+01	1.086802e+01	1.036502e+01	9.437477e+00
8.632179e+00	7.919890e+00	7.285810e+00	6.715058e+00	6.195031e+00	5.718074e+00
5.277657e+00	4.866344e+00	4.475007e+00	4.096606e+00	3.728035e+00	3.364998e+00
3.000758e+00	2.623343e+00	2.216954e+00	1.996106e+00	1.755863e+00	1.546622e+00
1.336464e+00	1.290973e+00	1.265633e+00	1.261590e+00	1.251533e+00	1.249226e+00
1.250875e+00	1.257506e+00	1.283618e+01	1.212514e+01	1.147526e+01	1.092773e+01
1.044651e+01	9.549414e+00	8.757906e+00	8.049650e+00	7.414477e+00	6.842128e+00
6.323821e+00	5.851839e+00	5.418451e+00	5.014672e+00	4.629198e+00	4.253341e+00
3.883659e+00	3.515450e+00	3.140600e+00	2.743662e+00	2.304950e+00	2.062339e+00
1.797183e+00	1.563763e+00	1.316336e+00	1.259649e+00	1.237211e+00	1.234119e+00
1.220572e+00	1.217098e+00	1.220021e+00	1.228101e+00	1.283454e+01	1.213539e+01
1.149951e+01	1.096986e+01	1.050723e+01	9.638876e+00	8.866017e+00	8.170060e+00
7.542849e+00	6.976327e+00	6.463697e+00	5.997633e+00	5.570160e+00	5.171802e+00
4.790474e+00	4.416738e+00	4.046709e+00	3.674933e+00	3.291575e+00	2.877328e+00
2.407447e+00	2.142203e+00	1.848503e+00	1.586928e+00	1.301523e+00	1.233624e+00
1.211706e+00	1.209183e+00	1.192758e+00	1.188365e+00	1.192459e+00	1.201269e+00
1.283683e+01	1.214298e+01	1.151679e+01	1.100164e+01	1.055534e+01	9.713637e+00
8.961924e+00	8.283568e+00	7.670952e+00	7.116277e+00	6.612844e+00	6.153727e+00
5.731440e+00	5.336978e+00	4.958679e+00	4.587107e+00	4.217832e+00	3.844347e+00
3.454846e+00	3.025940e+00	2.526823e+00	2.238565e+00	1.913023e+00	1.619345e+00
1.293071e+00	1.212456e+00	1.189193e+00	1.186918e+00	1.168001e+00	1.162888e+00
1.168156e+00	1.176772e+00	1.283182e+01	1.214512e+01	1.152799e+01	1.102934e+01
1.060137e+01	9.787289e+00	9.057547e+00	8.396993e+00	7.798916e+00	7.256037e+00
6.762217e+00	6.310964e+00	5.895184e+00	5.506240e+00	5.132739e+00	4.765190e+00
4.398635e+00	4.025465e+00	3.631753e+00	3.189563e+00	2.661387e+00	2.349527e+00
1.991219e+00	1.663227e+00	1.290881e+00	1.198124e+00	1.168668e+00	1.166565e+00
1.146883e+00	1.141344e+00	1.146269e+00	1.154193e+00	1.280341e+01	1.212638e+01
1.152195e+01	1.104232e+01	1.063454e+01	9.850258e+00	9.144674e+00	8.503654e+00
7.921427e+00	7.391381e+00	6.907967e+00	6.465284e+00	6.056763e+00	5.674332e+00
5.307204e+00	4.946005e+00	4.585101e+00	4.215473e+00	3.820366e+00	3.365664e+00
2.805987e+00	2.468622e+00	2.076363e+00	1.714975e+00	1.303853e+00	1.196048e+00
1.141306e+00	1.140195e+00	1.132253e+00	1.127370e+00	1.120980e+00	1.132848e+00
1.276891e+01	1.210227e+01	1.151349e+01	1.105251e+01	1.066393e+01	9.908647e+00
9.227086e+00	8.605842e+00	8.039926e+00	7.523364e+00	7.051168e+00	6.617989e+00
6.217785e+00	5.843049e+00	5.483597e+00	5.130245e+00	4.776720e+00	4.412698e+00
4.018581e+00	3.553925e+00	2.964709e+00	2.602032e+00	2.174737e+00	1.777089e+00
1.322277e+00	1.195787e+00	1.119623e+00	1.118473e+00	1.117767e+00	1.113274e+00
1.099575e+00	1.113107e+00	1.274251e+01	1.208394e+01	1.150626e+01	1.106225e+01
1.069162e+01	9.962901e+00	9.303725e+00	8.701478e+00	8.151760e+00	7.649142e+00
7.189086e+00	6.766662e+00	6.376251e+00	6.010766e+00	5.660417e+00	5.316177e+00
4.971318e+00	4.614620e+00	4.224270e+00	3.754695e+00	3.142770e+00	2.757189e+00
2.294073e+00	1.854782e+00	1.343276e+00	1.197536e+00	1.106845e+00	1.103915e+00
1.102106e+00	1.097477e+00	1.083759e+00	1.095477e+00	1.275044e+01	1.209305e+01
1.151906e+01	1.108605e+01	1.072675e+01	1.001535e+01	9.372150e+00	8.785134e+00
8.250043e+00	7.761603e+00	7.315333e+00	6.906310e+00	6.528829e+00	6.175534e+00
5.836112e+00	5.501155e+00	5.164143e+00	4.814200e+00	4.430015e+00	3.966324e+00
3.350118e+00	2.946094e+00	2.438390e+00	1.942969e+00	1.366137e+00	1.202827e+00
1.104670e+00	1.096648e+00	1.085358e+00	1.080831e+00	1.072909e+00	1.080683e+00
1.276249e+01	1.210687e+01	1.153852e+01	1.111302e+01	1.076194e+01	1.006522e+01
9.436296e+00	8.863507e+00	8.342603e+00	7.868404e+00	7.436440e+00	7.041727e+00
6.678378e+00	6.338599e+00	6.011287e+00	5.686471e+00	5.358027e+00	5.015807e+00
4.639919e+00	4.187504e+00	3.576483e+00	3.157456e+00	2.602433e+00	2.043608e+00
1.393200e+00	1.212778e+00	1.103257e+00	1.090921e+00	1.069316e+00	1.064936e+00
1.063686e+00	1.067401e+00	1.275777e+01	1.210462e+01	1.153983e+01	1.112261e+01
1.078559e+01	1.010881e+01	9.497063e+00	8.940041e+00	8.433866e+00	7.973662e+00
7.555177e+00	7.173597e+00	6.823172e+00	6.496148e+00	6.181293e+00	5.868486e+00
5.551649e+00	5.220615e+00	4.855277e+00	4.411669e+00	3.799592e+00	3.367248e+00
2.777254e+00	2.165968e+00	1.433923e+00	1.228297e+00	1.099636e+00	1.083292e+00
1.057368e+00	1.053026e+00	1.054074e+00	1.055382e+00	1.272487e+01	1.208185e+01
1.152929e+01	1.112600e+01	1.080153e+01	1.014642e+01	9.553540e+00	9.013235e+00
8.522003e+00	8.075377e+00	7.669490e+00	7.299895e+00	6.961254e+00	6.646257e+00
6.344122e+00	6.044986e+00	5.742619e+00	5.426248e+00	5.074047e+00	4.637506e+00
4.019463e+00	3.576175e+00	2.965222e+00	2.317649e+00	1.499073e+00	1.257947e+00
1.093701e+00	1.074070e+00	1.048414e+00	1.044072e+00	1.044289e+00	1.044765e+00
1.268212e+01	1.205017e+01	1.151069e+01	1.112262e+01	1.081079e+01	1.017949e+01
9.606502e+00	9.083254e+00	8.606740e+00	8.173045e+00	7.778779e+00	7.420040e+00
7.092100e+00	6.788418e+00	6.499178e+00	6.215126e+00	5.929798e+00	5.631501e+00
5.295858e+00	4.867539e+00	4.241421e+00	3.786770e+00	3.157839e+00	2.479108e+00
1.578787e+00	1.300141e+00	1.092234e+00	1.064669e+00	1.041271e+00	1.037097e+00
1.032798e+00	1.035469e+00	1.263171e+01	1.201180e+01	1.148572e+01	1.111423e+01
1.081751e+01	1.020966e+01	9.656704e+00	9.150504e+00	8.688491e+00	8.267340e+00
7.884177e+00	7.535733e+00	7.217989e+00	6.925355e+00	6.649275e+00	6.381351e+00
6.114924e+00	5.837293e+00	5.521040e+00	5.102412e+00	4.467637e+00	4.002081e+00
3.358729e+00	2.654121e+00	1.675395e+00	1.357343e+00	1.091459e+00	1.055684e+00
1.035141e+00	1.031183e+00	1.020664e+00	1.027070e+00	1.261101e+01	1.199788e+01
1.147854e+01	1.111229e+01	1.082702e+01	1.023815e+01	9.700831e+00	9.208730e+00
8.759618e+00	8.350516e+00	7.978821e+00	7.641623e+00	7.335313e+00	7.054843e+00
6.792364e+00	6.540066e+00	6.291486e+00	6.033827e+00	5.738416e+00	5.336451e+00
4.706042e+00	4.235294e+00	3.578298e+00	2.843729e+00	1.778438e+00	1.418461e+00
1.092606e+00	1.053461e+00	1.028405e+00	1.024478e+00	1.012333e+00	1.019901e+00
1.260656e+01	1.199574e+01	1.148066e+01	1.112122e+01	1.084224e+01	1.026434e+01
9.737787e+00	9.256685e+00	8.818752e+00	8.421074e+00	8.061082e+00	7.735975e+00
7.442257e+00	7.174953e+00	6.926183e+00	6.688348e+00	6.455719e+00	6.216730e+00
5.943747e+00	5.567046e+00	4.958659e+00	4.491059e+00	3.820652e+00	3.049189e+00
1.888307e+00	1.484548e+00	1.106480e+00	1.055374e+00	1.020456e+00	1.016199e+00
1.006752e+00	1.013974e+00	1.259952e+01	1.199423e+01	1.148490e+01	1.113325e+01
1.086109e+01	1.029403e+01	9.776655e+00	9.303812e+00	8.873722e+00	8.484214e+00
8.133487e+00	7.818997e+00	7.537454e+00	7.283995e+00	7.050811e+00	6.829939e+00
6.614486e+00	6.390357e+00	6.130229e+00	5.774801e+00	5.204578e+00	4.757724e+00
4.094994e+00	3.292909e+00	2.008654e+00	1.553054e+00	1.118372e+00	1.057250e+00
1.017061e+00	1.013373e+00	1.005850e+00	1.009013e+00	1.259125e+01	1.199361e+01
1.149187e+01	1.114742e+01	1.088186e+01	1.032505e+01	9.815710e+00	9.349607e+00
8.925682e+00	8.542681e+00	8.199721e+00	7.894584e+00	7.624235e+00	7.384071e+00
7.166590e+00	6.963494e+00	6.766191e+00	6.556752e+00	6.307524e+00	5.972038e+00
5.444188e+00	5.025579e+00	4.384807e+00	3.563613e+00	2.146205e+00	1.630477e+00
1.130532e+00	1.059904e+00	1.015299e+00	1.012001e+00	1.005378e+00	1.004880e+00
1.258713e+01	1.199484e+01	1.149885e+01	1.115949e+01	1.089879e+01	1.035053e+01
9.849174e+00	9.390970e+00	8.974893e+00	8.599837e+00	8.265069e+00	7.968715e+00
7.707994e+00	7.478739e+00	7.273952e+00	7.085912e+00	6.906673e+00	6.719031e+00
6.495232e+00	6.186169e+00	5.683350e+00	5.277547e+00	4.648813e+00	3.820986e+00
2.313181e+00	1.732753e+00	1.151179e+00	1.067325e+00	1.013464e+00	1.009397e+00
1.001075e+00	1.001376e+00	1.259401e+01	1.200391e+01	1.150975e+01	1.117094e+01
1.091146e+01	1.036744e+01	9.871970e+00	9.421367e+00	9.013929e+00	8.647941e+00
8.322074e+00	8.034433e+00	7.782488e+00	7.562305e+00	7.367179e+00	7.190503e+00
7.027147e+00	6.865027e+00	6.677694e+00	6.401987e+00	5.917185e+00	5.520458e+00
4.911160e+00	4.091752e+00	2.498113e+00	1.847210e+00	1.174809e+00	1.077241e+00
1.012568e+00	1.006559e+00	9.990373e-01	9.982613e-01	1.259534e+01	1.200693e+01
1.151420e+01	1.117852e+01	1.092116e+01	1.038219e+01	9.892424e+00	9.448463e+00
9.048282e+00	8.689910e+00	8.371737e+00	8.091950e+00	7.848245e+00	7.636964e+00
7.451745e+00	7.286844e+00	7.139158e+00	7.000212e+00	6.845000e+00	6.602204e+00
6.143738e+00	5.761727e+00	5.175215e+00	4.366856e+00	2.696942e+00	1.976552e+00
1.203171e+00	1.089630e+00	1.012361e+00	1.004511e+00	9.967405e-01	9.953219e-01
1.258199e+01	1.200131e+01	1.151490e+01	1.118303e+01	1.092873e+01	1.039604e+01
9.912049e+00	9.473540e+00	9.078714e+00	8.725882e+00	8.413644e+00	8.140441e+00
7.904213e+00	7.701702e+00	7.527050e+00	7.375020e+00	7.242991e+00	7.122958e+00
6.990960e+00	6.777713e+00	6.357617e+00	5.998917e+00	5.437067e+00	4.638808e+00
2.908784e+00	2.124510e+00	1.239116e+00	1.105938e+00	1.012535e+00	1.003458e+00
9.938978e-01	9.926543e-01	1.256856e+01	1.199588e+01	1.151686e+01	1.119004e+01
1.093977e+01	1.041422e+01	9.935623e+00	9.501346e+00	9.110107e+00	8.760776e+00
8.452539e+00	8.184178e+00	7.954092e+00	7.759694e+00	7.596097e+00	7.458550e+00
7.343232e+00	7.239088e+00	7.122294e+00	6.934715e+00	6.561076e+00	6.230481e+00
5.691213e+00	4.907053e+00	3.143602e+00	2.287351e+00	1.281815e+00	1.127472e+00
1.014311e+00	1.003563e+00	9.921611e-01	9.908055e-01	1.255507e+01	1.199121e+01
1.151984e+01	1.119774e+01	1.095093e+01	1.043165e+01	9.957764e+00	9.527188e+00
9.139086e+00	8.792820e+00	8.488142e+00	8.224144e+00	7.999679e+00	7.812808e+00
7.659588e+00	7.535754e+00	7.436350e+00	7.347365e+00	7.245065e+00	7.083010e+00
6.757803e+00	6.457238e+00	5.942505e+00	5.177060e+00	3.395790e+00	2.465947e+00
1.330987e+00	1.153470e+00	1.017889e+00	1.003841e+00	9.906932e-01	9.892322e-01
1.254586e+01	1.199010e+01	1.152387e+01	1.120371e+01	1.095689e+01	1.043957e+01
9.968661e+00	9.541852e+00	9.158085e+00	8.816508e+00	8.516785e+00	8.258036e+00
8.039225e+00	7.858538e+00	7.712060e+00	7.596014e+00	7.507350e+00	7.435717e+00
7.359489e+00	7.229431e+00	6.942335e+00	6.666651e+00	6.185221e+00	5.447539e+00
3.649185e+00	2.662729e+00	1.388068e+00	1.183395e+00	1.021775e+00	1.004537e+00
9.889610e-01	9.876536e-01	1.253882e+01	1.198985e+01	1.152882e+01	1.120852e+01
1.096034e+01	1.044354e+01	9.974536e+00	9.550785e+00	9.171099e+00	8.834333e+00
8.539784e+00	8.286363e+00	8.072861e+00	7.897228e+00	7.755124e+00	7.643369e+00
7.562160e+00	7.507602e+00	7.462611e+00	7.367851e+00	7.111432e+00	6.857136e+00
6.415286e+00	5.713483e+00	3.903165e+00	2.878663e+00	1.456887e+00	1.220207e+00
1.026925e+00	1.006365e+00	9.871681e-01	9.861754e-01	1.251775e+01	1.198360e+01
1.152967e+01	1.121358e+01	1.096532e+01	1.045133e+01	9.985181e+00	9.564365e+00
9.187538e+00	8.853609e+00	8.562024e+00	8.311931e+00	8.102419e+00	7.931768e+00
7.796072e+00	7.692367e+00	7.620960e+00	7.577913e+00	7.546736e+00	7.474882e+00
7.261052e+00	7.037573e+00	6.634163e+00	5.972369e+00	4.174838e+00	3.096041e+00
1.536900e+00	1.267188e+00	1.034419e+00	1.007866e+00	9.862150e-01	9.851136e-01
1.247959e+01	1.196689e+01	1.153000e+01	1.121878e+01	1.097124e+01	1.046195e+01
9.999024e+00	9.580493e+00	9.205324e+00	8.872917e+00	8.583114e+00	8.335385e+00
8.129194e+00	7.963307e+00	7.834661e+00	7.740543e+00	7.679873e+00	7.645265e+00
7.620514e+00	7.566597e+00	7.399091e+00	7.210662e+00	6.845651e+00	6.227218e+00
4.461905e+00	3.320930e+00	1.628589e+00	1.324202e+00	1.044480e+00	1.009393e+00
9.855317e-01	9.842452e-01	1.244334e+01	1.195242e+01	1.153110e+01	1.122490e+01
1.097727e+01	1.047104e+01	1.001009e+01	9.593154e+00	9.219454e+00	8.888671e+00
8.600823e+00	8.355543e+00	8.152435e+00	7.990513e+00	7.867316e+00	7.780464e+00
7.728418e+00	7.702475e+00	7.687487e+00	7.654027e+00	7.529769e+00	7.372152e+00
7.041121e+00	6.461018e+00	4.749677e+00	3.569756e+00	1.729782e+00	1.385239e+00
1.055957e+00	1.012452e+00	9.854002e-01	9.835163e-01	1.240987e+01	1.194111e+01
1.153544e+01	1.123283e+01	1.098377e+01	1.047859e+01	1.001838e+01	9.602417e+00
9.229996e+00	8.900897e+00	8.615141e+00	8.372367e+00	8.172075e+00	8.013267e+00
7.893856e+00	7.811880e+00	7.766234e+00	7.748976e+00	7.747122e+00	7.737042e+00
7.652104e+00	7.519547e+00	7.215961e+00	6.666222e+00	5.031913e+00	3.850325e+00
1.843275e+00	1.450918e+00	1.069862e+00	1.021335e+00	9.857982e-01	9.829212e-01
1.237479e+01	1.192730e+01	1.153571e+01	1.123660e+01	1.098581e+01	1.048216e+01
1.002312e+01	9.608444e+00	9.237491e+00	8.910018e+00	8.626073e+00	8.385374e+00
8.187496e+00	8.031529e+00	7.915517e+00	7.837757e+00	7.797638e+00	7.788135e+00
7.797980e+00	7.806894e+00	7.755147e+00	7.648455e+00	7.380053e+00	6.870392e+00
5.308257e+00	4.129887e+00	1.972109e+00	1.528099e+00	1.086379e+00	1.029354e+00
9.864195e-01	9.824572e-01	1.234120e+01	1.191304e+01	1.153490e+01	1.123900e+01
1.098688e+01	1.048453e+01	1.002659e+01	9.613154e+00	9.243581e+00	8.917573e+00
8.635165e+00	8.396180e+00	8.200346e+00	8.046893e+00	7.933875e+00	7.859761e+00
7.824407e+00	7.821700e+00	7.841689e+00	7.866103e+00	7.842581e+00	7.761183e+00
7.532155e+00	7.069539e+00	5.577119e+00	4.407371e+00	2.119104e+00	1.618888e+00
1.106340e+00	1.037175e+00	9.874876e-01	9.819738e-01	1.231451e+01	1.190281e+01
1.153579e+01	1.124263e+01	1.098938e+01	1.048803e+01	1.003096e+01	9.618500e+00
9.250040e+00	8.925298e+00	8.644225e+00	8.406734e+00	8.212643e+00	8.061323e+00
7.950841e+00	7.879856e+00	7.848632e+00	7.851835e+00	7.880622e+00	7.918854e+00
7.920712e+00	7.862197e+00	7.670317e+00	7.254319e+00	5.839193e+00	4.688923e+00
2.285197e+00	1.722037e+00	1.130333e+00	1.047287e+00	9.893130e-01	9.812352e-01
1.229047e+01	1.189247e+01	1.153587e+01	1.124463e+01	1.099044e+01	1.048986e+01
1.003365e+01	9.622077e+00	9.254630e+00	8.930995e+00	8.651147e+00	8.415016e+00
8.222478e+00	8.072994e+00	7.964691e+00	7.896435e+00	7.868840e+00	7.877169e+00
7.913577e+00	7.963937e+00	7.988167e+00	7.950211e+00	7.793748e+00	7.424539e+00
6.091396e+00	4.969856e+00	2.471181e+00	1.838311e+00	1.158535e+00	1.059470e+00
9.916893e-01	9.808232e-01	1.227259e+01	1.188687e+01	1.153702e+01	1.124828e+01
1.099290e+01	1.049319e+01	1.003784e+01	9.627052e+00	9.260503e+00	8.937844e+00
8.659071e+00	8.424141e+00	8.232954e+00	8.085052e+00	7.978649e+00	7.912793e+00
7.888419e+00	7.901257e+00	7.944355e+00	8.005499e+00	8.049658e+00	8.030237e+00
7.907320e+00	7.584440e+00	6.336968e+00	5.251962e+00	2.675077e+00	1.967807e+00
1.191199e+00	1.074108e+00	9.948040e-01	9.807649e-01	1.225993e+01	1.188439e+01
1.154196e+01	1.125443e+01	1.099820e+01	1.049885e+01	1.004391e+01	9.633657e+00
9.267751e+00	8.945838e+00	8.667900e+00	8.433937e+00	8.243828e+00	8.097193e+00
7.992353e+00	7.928516e+00	7.906884e+00	7.923516e+00	7.972241e+00	8.042638e+00
8.103924e+00	8.100603e+00	8.008464e+00	7.730286e+00	6.570530e+00	5.529425e+00
2.896901e+00	2.113112e+00	1.230344e+00	1.092680e+00	9.991083e-01	9.809945e-01
1.224264e+01	1.187669e+01	1.154057e+01	1.125423e+01	1.099729e+01	1.049848e+01
1.004412e+01	9.634559e+00	9.269361e+00	8.948198e+00	8.671117e+00	8.438085e+00
8.249000e+00	8.103511e+00	8.000044e+00	7.937988e+00	7.918700e+00	7.938516e+00
7.991945e+00	8.070217e+00	8.146152e+00	8.156715e+00	8.092328e+00	7.856702e+00
6.786731e+00	5.796058e+00	3.133077e+00	2.273715e+00	1.275768e+00	1.115046e+00
1.003799e+00	9.807357e-01	1.222517e+01	1.186766e+01	1.153845e+01	1.125393e+01
1.099591e+01	1.049793e+01	1.004424e+01	9.635157e+00	9.270492e+00	8.949926e+00
8.673554e+00	8.441310e+00	8.253109e+00	8.108620e+00	8.006358e+00	7.945881e+00
7.928669e+00	7.951299e+00	8.008895e+00	8.094234e+00	8.183353e+00	8.206449e+00
8.167694e+00	7.972866e+00	6.994238e+00	6.058905e+00	3.384972e+00	2.449958e+00
1.327233e+00	1.141060e+00	1.009058e+00	9.803432e-01	1.221415e+01	1.186486e+01
1.153947e+01	1.125563e+01	1.099714e+01	1.049940e+01	1.004616e+01	9.637826e+00
9.273796e+00	8.953822e+00	8.678087e+00	8.446542e+00	8.259123e+00	8.115520e+00
8.014347e+00	7.955268e+00	7.939899e+00	7.965002e+00	8.026256e+00	8.117895e+00
8.218657e+00	8.252647e+00	8.236401e+00	8.079228e+00	7.192069e+00	6.314869e+00
3.650370e+00	2.643547e+00	1.386462e+00	1.171952e+00	1.015465e+00	9.803057e-01
1.220676e+01	1.186397e+01	1.154401e+01	1.126139e+01	1.100199e+01	1.050458e+01
1.005168e+01	9.643446e+00	9.279535e+00	8.959753e+00	8.684279e+00	8.453138e+00
8.266254e+00	8.123325e+00	8.023033e+00	7.965086e+00	7.951234e+00	7.978387e+00
8.042703e+00	8.139767e+00	8.250495e+00	8.293677e+00	8.296656e+00	8.173427e+00
7.375994e+00	6.558573e+00	3.927079e+00	2.856337e+00	1.456741e+00	1.210405e+00
1.023583e+00	9.804034e-01	1.219510e+01	1.185976e+01	1.154327e+01	1.126122e+01
1.100153e+01	1.050444e+01	1.005178e+01	9.643665e+00	9.280018e+00	8.960615e+00
8.685559e+00	8.454904e+00	8.268599e+00	8.126381e+00	8.027059e+00	7.970769e+00
7.958392e+00	7.986914e+00	8.052882e+00	8.154167e+00	8.273853e+00	8.325413e+00
8.344800e+00	8.251234e+00	7.540530e+00	6.784635e+00	4.208458e+00	3.080578e+00
1.536573e+00	1.255297e+00	1.032793e+00	9.802465e-01	1.218189e+01	1.185256e+01
1.154088e+01	1.126003e+01	1.099977e+01	1.050329e+01	1.005113e+01	9.643448e+00
9.280105e+00	8.960909e+00	8.686111e+00	8.455783e+00	8.269899e+00	8.128240e+00
8.029740e+00	7.974987e+00	7.963890e+00	7.993486e+00	8.060665e+00	8.165556e+00
8.293260e+00	8.352353e+00	8.386251e+00	8.319674e+00	7.693556e+00	7.000147e+00
4.497695e+00	3.318837e+00	1.626674e+00	1.307146e+00	1.043183e+00	9.798580e-01
1.217940e+01	1.185148e+01	1.154104e+01	1.126024e+01	1.099943e+01	1.050255e+01
1.005050e+01	9.643332e+00	9.280431e+00	8.961771e+00	8.687525e+00	8.457757e+00
8.272421e+00	8.131199e+00	8.032597e+00	7.976005e+00	7.964953e+00	7.997646e+00
8.071740e+00	8.182432e+00	8.313908e+00	8.376093e+00	8.420027e+00	8.378836e+00
7.839461e+00	7.202599e+00	4.788889e+00	3.570801e+00	1.727788e+00	1.366622e+00
1.054994e+00	9.797555e-01	1.218996e+01	1.186126e+01	1.154915e+01	1.126531e+01
1.100139e+01	1.050223e+01	1.004991e+01	9.643300e+00	9.281786e+00	8.964737e+00
8.691863e+00	8.463077e+00	8.278243e+00	8.136662e+00	8.035936e+00	7.975905e+00
7.962399e+00	8.000048e+00	8.089879e+00	8.211687e+00	8.336984e+00	8.396662e+00
8.446207e+00	8.428288e+00	7.977331e+00	7.388020e+00	5.076340e+00	3.836011e+00
1.843986e+00	1.437964e+00	1.069101e+00	9.799584e-01	1.218734e+01	1.186026e+01
1.154905e+01	1.126495e+01	1.100030e+01	1.050058e+01	1.004827e+01	9.642299e+00
9.281226e+00	8.964592e+00	8.692089e+00	8.463587e+00	8.278953e+00	8.137416e+00
8.036504e+00	7.976025e+00	7.962232e+00	8.002076e+00	8.096710e+00	8.222821e+00
8.350149e+00	8.412319e+00	8.469624e+00	8.470724e+00	8.091877e+00	7.559074e+00
5.360216e+00	4.105651e+00	1.979500e+00	1.518660e+00	1.085700e+00	9.798599e-01
1.217989e+01	1.185597e+01	1.154693e+01	1.126343e+01	1.099855e+01	1.049918e+01
1.004724e+01	9.641302e+00	9.280472e+00	8.964078e+00	8.691778e+00	8.463475e+00
8.279065e+00	8.137774e+00	8.037118e+00	7.977250e+00	7.964311e+00	8.004982e+00
8.100919e+00	8.228989e+00	8.360256e+00	8.426523e+00	8.492323e+00	8.509170e+00
8.190189e+00	7.716950e+00	5.638649e+00	4.379649e+00	2.136559e+00	1.611698e+00
1.105601e+00	9.796745e-01	1.218098e+01	1.185998e+01	1.155287e+01	1.126962e+01
1.100445e+01	1.050532e+01	1.005332e+01	9.647315e+00	9.286301e+00	8.969686e+00
8.697366e+00	8.469106e+00	8.284770e+00	8.143652e+00	8.043595e+00	7.984429e+00
7.972138e+00	8.013230e+00	8.109101e+00	8.238601e+00	8.373641e+00	8.444243e+00
8.516931e+00	8.546796e+00	8.282612e+00	7.863245e+00	5.910476e+00	4.660966e+00
2.310706e+00	1.721538e+00	1.129405e+00	9.800280e-01	1.216056e+01	1.184697e+01
1.154617e+01	1.126667e+01	1.100346e+01	1.050689e+01	1.005543e+01	9.649017e+00
9.287145e+00	8.969668e+00	8.696578e+00	8.467876e+00	8.283546e+00	8.143253e+00
8.045560e+00	7.990750e+00	7.982036e+00	8.019842e+00	8.103672e+00	8.226859e+00
8.376513e+00	8.457975e+00	8.537801e+00	8.574029e+00	8.357823e+00	7.989490e+00
6.168503e+00	4.941038e+00	2.499131e+00	1.851660e+00	1.157015e+00	9.799896e-01
1.214925e+01	1.184071e+01	1.154325e+01	1.126544e+01	1.100309e+01	1.050770e+01
1.005652e+01	9.650018e+00	9.287827e+00	8.969756e+00	8.696329e+00	8.467442e+00
8.283141e+00	8.143256e+00	8.047241e+00	7.994587e+00	7.987637e+00	8.024162e+00
8.101635e+00	8.222149e+00	8.380233e+00	8.468694e+00	8.554829e+00	8.598825e+00
8.424132e+00	8.101469e+00	6.415685e+00	5.222970e+00	2.703022e+00	1.995231e+00
1.188915e+00	9.799204e-01	1.214779e+01	1.184044e+01	1.154399e+01	1.126635e+01
1.100371e+01	1.050813e+01	1.005706e+01	9.650648e+00	9.288542e+00	8.970672e+00
8.697320e+00	8.468574e+00	8.284516e+00	8.144994e+00	8.048959e+00	7.996411e+00
7.989680e+00	8.026576e+00	8.105418e+00	8.227397e+00	8.387262e+00	8.476706e+00
8.568090e+00	8.622358e+00	8.482536e+00	8.199303e+00	6.649322e+00	5.504644e+00
2.923504e+00	2.151334e+00	1.226630e+00	9.798041e-01	