6.203677e-01	6.417523e-01	6.629749e-01	6.835737e-01	7.034803e-01	7.412557e-01
7.760110e-01	8.077172e-01	8.371391e-01	8.659070e-01	8.964736e-01	9.296674e-01
9.655829e-01	1.004480e+00	1.046469e+00	1.091210e+00	1.137568e+00	1.182575e+00
1.221225e+00	1.245684e+00	1.249033e+00	1.247894e+00	1.262204e+00	1.291998e+00
1.324259e+00	1.330482e+00	1.339716e+00	1.341327e+00	1.342069e+00	1.342149e+00
1.341900e+00	1.342161e+00	6.803246e-01	7.027287e-01	7.249369e-01	7.464726e-01
7.672708e-01	8.067159e-01	8.429918e-01	8.760813e-01	9.067706e-01	9.367195e-01
9.684144e-01	1.002685e+00	1.039620e+00	1.079482e+00	1.122406e+00	1.168078e+00
1.215358e+00	1.261284e+00	1.300873e+00	1.326333e+00	1.330746e+00	1.330112e+00
1.344841e+00	1.374865e+00	1.407406e+00	1.413735e+00	1.423000e+00	1.424607e+00
1.425355e+00	1.425436e+00	1.425193e+00	1.425450e+00	7.460761e-01	7.694988e-01
7.926899e-01	8.151591e-01	8.368457e-01	8.779569e-01	9.157539e-01	9.502316e-01
9.821938e-01	1.013323e+00	1.046128e+00	1.081437e+00	1.119334e+00	1.160084e+00
1.203854e+00	1.250360e+00	1.298467e+00	1.345231e+00	1.385716e+00	1.412205e+00
1.417803e+00	1.417747e+00	1.432888e+00	1.463048e+00	1.495773e+00	1.502197e+00
1.511460e+00	1.513059e+00	1.513811e+00	1.513892e+00	1.513655e+00	1.513908e+00
8.181824e-01	8.426130e-01	8.667752e-01	8.901658e-01	9.127296e-01	9.554892e-01
9.947964e-01	1.030658e+00	1.063891e+00	1.096191e+00	1.130079e+00	1.166375e+00
1.205160e+00	1.246705e+00	1.291213e+00	1.338439e+00	1.387260e+00	1.434765e+00
1.476092e+00	1.503635e+00	1.510556e+00	1.511155e+00	1.526700e+00	1.556886e+00
1.589689e+00	1.596195e+00	1.605420e+00	1.607002e+00	1.607755e+00	1.607837e+00
1.607609e+00	1.607855e+00	8.972575e-01	9.226743e-01	9.477845e-01	9.720742e-01
9.954945e-01	1.039868e+00	1.080661e+00	1.117891e+00	1.152383e+00	1.185836e+00
1.220766e+00	1.257984e+00	1.297566e+00	1.339793e+00	1.384910e+00	1.432722e+00
1.482124e+00	1.530259e+00	1.572363e+00	1.600986e+00	1.609377e+00	1.610718e+00
1.626654e+00	1.656743e+00	1.689501e+00	1.696075e+00	1.705222e+00	1.706778e+00
1.707530e+00	1.707611e+00	1.707394e+00	1.707633e+00	9.839751e-01	1.010343e+00
1.036365e+00	1.061519e+00	1.085764e+00	1.131699e+00	1.173938e+00	1.212508e+00
1.248235e+00	1.282812e+00	1.318731e+00	1.356788e+00	1.397059e+00	1.439832e+00
1.485407e+00	1.533646e+00	1.583476e+00	1.632108e+00	1.674912e+00	1.704639e+00
1.714663e+00	1.716841e+00	1.733152e+00	1.763005e+00	1.795581e+00	1.802205e+00
1.811227e+00	1.812749e+00	1.813497e+00	1.813577e+00	1.813374e+00	1.813602e+00
1.079074e+00	1.106341e+00	1.133224e+00	1.159195e+00	1.184220e+00	1.231639e+00
1.275265e+00	1.315133e+00	1.352061e+00	1.387718e+00	1.424557e+00	1.463352e+00
1.504179e+00	1.547341e+00	1.593196e+00	1.641681e+00	1.691759e+00	1.740736e+00
1.784150e+00	1.815002e+00	1.826837e+00	1.829955e+00	1.846622e+00	1.876082e+00
1.908321e+00	1.914976e+00	1.923822e+00	1.925299e+00	1.926040e+00	1.926119e+00
1.925931e+00	1.926147e+00	1.183363e+00	1.211460e+00	1.239136e+00	1.265858e+00
1.291603e+00	1.340405e+00	1.385339e+00	1.426444e+00	1.464523e+00	1.501204e+00
1.538876e+00	1.578286e+00	1.619514e+00	1.662876e+00	1.708807e+00	1.757325e+00
1.807446e+00	1.856595e+00	1.900512e+00	1.932512e+00	1.946349e+00	1.950522e+00
1.967521e+00	1.996412e+00	2.028139e+00	2.034803e+00	2.043416e+00	2.044837e+00
2.045567e+00	2.045645e+00	2.045475e+00	2.045677e+00	1.297732e+00	1.326568e+00
1.354947e+00	1.382335e+00	1.408723e+00	1.458776e+00	1.504913e+00	1.547176e+00
1.586339e+00	1.623970e+00	1.662369e+00	1.702248e+00	1.743691e+00	1.787039e+00
1.832808e+00	1.881115e+00	1.931044e+00	1.980164e+00	2.024463e+00	2.057629e+00
2.073680e+00	2.079033e+00	2.096336e+00	2.124459e+00	2.155481e+00	2.162128e+00
2.170445e+00	2.171798e+00	2.172512e+00	2.172588e+00	2.172439e+00	2.172623e+00
1.423154e+00	1.452612e+00	1.481581e+00	1.509531e+00	1.536464e+00	1.587601e+00
1.634809e+00	1.678127e+00	1.718287e+00	1.756776e+00	1.795772e+00	1.835945e+00
1.877391e+00	1.920473e+00	1.965807e+00	2.013626e+00	2.063094e+00	2.111957e+00
2.156498e+00	2.190846e+00	2.209341e+00	2.216011e+00	2.233584e+00	2.260720e+00
2.290818e+00	2.297420e+00	2.305371e+00	2.306641e+00	2.307335e+00	2.307408e+00
2.307283e+00	2.307448e+00	1.560699e+00	1.590633e+00	1.620050e+00	1.648430e+00
1.675788e+00	1.727801e+00	1.775916e+00	1.820162e+00	1.861210e+00	1.900442e+00
1.939880e+00	1.980143e+00	2.021341e+00	2.063870e+00	2.108456e+00	2.155471e+00
2.204174e+00	2.252523e+00	2.297144e+00	2.332689e+00	2.353877e+00	2.362013e+00
2.379818e+00	2.405720e+00	2.434653e+00	2.441178e+00	2.448685e+00	2.449856e+00
2.450524e+00	2.450594e+00	2.450498e+00	2.450640e+00	1.711536e+00	1.741768e+00
1.771461e+00	1.800110e+00	1.827746e+00	1.880383e+00	1.929202e+00	1.974218e+00
2.016022e+00	2.055858e+00	2.095553e+00	2.135666e+00	2.176329e+00	2.217973e+00
2.261458e+00	2.307308e+00	2.354901e+00	2.402444e+00	2.446964e+00	2.483715e+00
2.507868e+00	2.517635e+00	2.535625e+00	2.560020e+00	2.587519e+00	2.593932e+00
2.600907e+00	2.601964e+00	2.602600e+00	2.602666e+00	2.602602e+00	2.602717e+00
1.876951e+00	1.907262e+00	1.937023e+00	1.965746e+00	1.993484e+00	2.046440e+00
2.095720e+00	2.141313e+00	2.183710e+00	2.223983e+00	2.263718e+00	2.303405e+00
2.343202e+00	2.383584e+00	2.425561e+00	2.469841e+00	2.515936e+00	2.562343e+00
2.606554e+00	2.644519e+00	2.671933e+00	2.683510e+00	2.701634e+00	2.724217e+00
2.749982e+00	2.756243e+00	2.762593e+00	2.763515e+00	2.764113e+00	2.764175e+00
2.764147e+00	2.764232e+00	2.058354e+00	2.088482e+00	2.118058e+00	2.146624e+00
2.174249e+00	2.227161e+00	2.276610e+00	2.322551e+00	2.365347e+00	2.405857e+00
2.445379e+00	2.484318e+00	2.522869e+00	2.561560e+00	2.601573e+00	2.643823e+00
2.687982e+00	2.732885e+00	2.776554e+00	2.815733e+00	2.846732e+00	2.860314e+00
2.878511e+00	2.898945e+00	2.922647e+00	2.928712e+00	2.934329e+00	2.935097e+00
2.935650e+00	2.935706e+00	2.935720e+00	2.935769e+00	2.257288e+00	2.286920e+00
2.316013e+00	2.344145e+00	2.371407e+00	2.423841e+00	2.473114e+00	2.519128e+00
2.562091e+00	2.602604e+00	2.641617e+00	2.679440e+00	2.716312e+00	2.752825e+00
2.790358e+00	2.830061e+00	2.871794e+00	2.914777e+00	2.957640e+00	2.998033e+00
3.032966e+00	3.048767e+00	3.066969e+00	3.084880e+00	3.106152e+00	3.111972e+00
3.116742e+00	3.117332e+00	3.117832e+00	3.117882e+00	3.117942e+00	3.117952e+00
2.477361e+00	2.505696e+00	2.533571e+00	2.560645e+00	2.587026e+00	2.638234e+00
2.686945e+00	2.732969e+00	2.776256e+00	2.816988e+00	2.855545e+00	2.892080e+00
2.926878e+00	2.960617e+00	2.994951e+00	3.031348e+00	3.069918e+00	3.110394e+00
3.152218e+00	3.194295e+00	3.234636e+00	3.253479e+00	3.271634e+00	3.286055e+00
3.304325e+00	3.309983e+00	3.313654e+00	3.314000e+00	3.314441e+00	3.314482e+00
3.314615e+00	3.314566e+00	2.717358e+00	2.744215e+00	2.770686e+00	2.796499e+00
2.821785e+00	2.871317e+00	2.918974e+00	2.964466e+00	3.007488e+00	3.047809e+00
3.085266e+00	3.119867e+00	3.151965e+00	3.182332e+00	3.212892e+00	3.245443e+00
3.280350e+00	3.317878e+00	3.358290e+00	3.401725e+00	3.447183e+00	3.468943e+00
3.486944e+00	3.497772e+00	3.512699e+00	3.518044e+00	3.520555e+00	3.520656e+00
3.521026e+00	3.521059e+00	3.521257e+00	3.521153e+00	2.970616e+00	2.997920e+00
3.024669e+00	3.050470e+00	3.075504e+00	3.123998e+00	3.169867e+00	3.212872e+00
3.252797e+00	3.289594e+00	3.323354e+00	3.354185e+00	3.382542e+00	3.409219e+00
3.436162e+00	3.465232e+00	3.496927e+00	3.531743e+00	3.570207e+00	3.612553e+00
3.657780e+00	3.679620e+00	3.697339e+00	3.707157e+00	3.719093e+00	3.723266e+00
3.725122e+00	3.725172e+00	3.725444e+00	3.725473e+00	3.725630e+00	3.725543e+00
3.235894e+00	3.265866e+00	3.294867e+00	3.322159e+00	3.347980e+00	3.396297e+00
3.439617e+00	3.477955e+00	3.511635e+00	3.541497e+00	3.568754e+00	3.593822e+00
3.617251e+00	3.639781e+00	3.663133e+00	3.688989e+00	3.717826e+00	3.750017e+00
3.785754e+00	3.824355e+00	3.864156e+00	3.883451e+00	3.900649e+00	3.911653e+00
3.921054e+00	3.923368e+00	3.925042e+00	3.925212e+00	3.925369e+00	3.925400e+00
3.925425e+00	3.925416e+00	3.513328e+00	3.545620e+00	3.576604e+00	3.605266e+00
3.631880e+00	3.680259e+00	3.721417e+00	3.755343e+00	3.782763e+00	3.805287e+00
3.825114e+00	3.842973e+00	3.859550e+00	3.875752e+00	3.893442e+00	3.914371e+00
3.938833e+00	3.966579e+00	3.997253e+00	4.030639e+00	4.065949e+00	4.083481e+00
4.099031e+00	4.108669e+00	4.116095e+00	4.117590e+00	4.118871e+00	4.119032e+00
4.119133e+00	4.119155e+00	4.119157e+00	4.119161e+00	3.805074e+00	3.839868e+00
3.872995e+00	3.903162e+00	3.930667e+00	3.979195e+00	4.018075e+00	4.047213e+00
4.067719e+00	4.081979e+00	4.093193e+00	4.102426e+00	4.110528e+00	4.118708e+00
4.129164e+00	4.143835e+00	4.162712e+00	4.184634e+00	4.208563e+00	4.235469e+00
4.266173e+00	4.282030e+00	4.295160e+00	4.302145e+00	4.307909e+00	4.309102e+00
4.309908e+00	4.309999e+00	4.310076e+00	4.310084e+00	4.310114e+00	4.310100e+00
4.107823e+00	4.147050e+00	4.183738e+00	4.215955e+00	4.244161e+00	4.291070e+00
4.325038e+00	4.347278e+00	4.359492e+00	4.364701e+00	4.366867e+00	4.367252e+00
4.366723e+00	4.366530e+00	4.368798e+00	4.375411e+00	4.386345e+00	4.400445e+00
4.416809e+00	4.436880e+00	4.461473e+00	4.474161e+00	4.484130e+00	4.488802e+00
4.492745e+00	4.493546e+00	4.493959e+00	4.493997e+00	4.494047e+00	4.494044e+00
4.494079e+00	4.494063e+00	4.417483e+00	4.463763e+00	4.505967e+00	4.540989e+00
4.569633e+00	4.612513e+00	4.638105e+00	4.650858e+00	4.653287e+00	4.648803e+00
4.641788e+00	4.633520e+00	4.624713e+00	4.616254e+00	4.609494e+00	4.605866e+00
4.605851e+00	4.609745e+00	4.617941e+00	4.631214e+00	4.648075e+00	4.655798e+00
4.661848e+00	4.664818e+00	4.666801e+00	4.667088e+00	4.667227e+00	4.667241e+00
4.667256e+00	4.667248e+00	4.667255e+00	4.667260e+00	4.729792e+00	4.788043e+00
4.839501e+00	4.878856e+00	4.907559e+00	4.942289e+00	4.954085e+00	4.954453e+00
4.946700e+00	4.933576e+00	4.918418e+00	4.901684e+00	4.883026e+00	4.863104e+00
4.844625e+00	4.830199e+00	4.820199e+00	4.814253e+00	4.812359e+00	4.816125e+00
4.823941e+00	4.826645e+00	4.828419e+00	4.829034e+00	4.828967e+00	4.828750e+00
4.828574e+00	4.828552e+00	4.828531e+00	4.828517e+00	4.828517e+00	4.828525e+00
5.050381e+00	5.115880e+00	5.172736e+00	5.214572e+00	5.243294e+00	5.272903e+00
5.274630e+00	5.263370e+00	5.243486e+00	5.218236e+00	5.191449e+00	5.163409e+00
5.133153e+00	5.101342e+00	5.071546e+00	5.047033e+00	5.027686e+00	5.011631e+00
4.997787e+00	4.989182e+00	4.986380e+00	4.984707e+00	4.982097e+00	4.979309e+00
4.977110e+00	4.976456e+00	4.975870e+00	4.975796e+00	4.975740e+00	4.975718e+00
4.975733e+00	4.975731e+00	5.391724e+00	5.443385e+00	5.489843e+00	5.527162e+00
5.556172e+00	5.593971e+00	5.603516e+00	5.587164e+00	5.550388e+00	5.502185e+00
5.453565e+00	5.407423e+00	5.364342e+00	5.324910e+00	5.288859e+00	5.256204e+00
5.226585e+00	5.198577e+00	5.171483e+00	5.148347e+00	5.133096e+00	5.128051e+00
5.121102e+00	5.113688e+00	5.109104e+00	5.108067e+00	5.106916e+00	5.106769e+00
5.106683e+00	5.106652e+00	5.106693e+00	5.106683e+00	5.722834e+00	5.775219e+00
5.821764e+00	5.858055e+00	5.885063e+00	5.916507e+00	5.916291e+00	5.887006e+00
5.835164e+00	5.771281e+00	5.708017e+00	5.648686e+00	5.593729e+00	5.543438e+00
5.496780e+00	5.453091e+00	5.411846e+00	5.371448e+00	5.331224e+00	5.294817e+00
5.267132e+00	5.256521e+00	5.244519e+00	5.233610e+00	5.225803e+00	5.224023e+00
5.222309e+00	5.222106e+00	5.221956e+00	5.221910e+00	5.221950e+00	5.221939e+00
6.054814e+00	6.107535e+00	6.153528e+00	6.187640e+00	6.211074e+00	6.232562e+00
6.219367e+00	6.175233e+00	6.107489e+00	6.027764e+00	5.949861e+00	5.877227e+00
5.810096e+00	5.748414e+00	5.690645e+00	5.635599e+00	5.582519e+00	5.529462e+00
5.475648e+00	5.425512e+00	5.384928e+00	5.368353e+00	5.350986e+00	5.336370e+00
5.324707e+00	5.321999e+00	5.319602e+00	5.319321e+00	5.319093e+00	5.319046e+00
5.319066e+00	5.319056e+00	6.382673e+00	6.433143e+00	6.476113e+00	6.505882e+00
6.523892e+00	6.532512e+00	6.504132e+00	6.443543e+00	6.358883e+00	6.262724e+00
6.169794e+00	6.083514e+00	6.004025e+00	5.930875e+00	5.862025e+00	5.795735e+00
5.730996e+00	5.665476e+00	5.598186e+00	5.534247e+00	5.480547e+00	5.457897e+00
5.434947e+00	5.416297e+00	5.400237e+00	5.396457e+00	5.393257e+00	5.392867e+00
5.392557e+00	5.392517e+00	5.392507e+00	5.392497e+00	6.695397e+00	6.754285e+00
6.801701e+00	6.828854e+00	6.838378e+00	6.819987e+00	6.760211e+00	6.675542e+00
6.574810e+00	6.467925e+00	6.366056e+00	6.270560e+00	6.179928e+00	6.092836e+00
6.009389e+00	5.929621e+00	5.852566e+00	5.775528e+00	5.697023e+00	5.621616e+00
5.555564e+00	5.526788e+00	5.496100e+00	5.472358e+00	5.449988e+00	5.444634e+00
5.440299e+00	5.439744e+00	5.439329e+00	5.439269e+00	5.439238e+00	5.439233e+00
7.006414e+00	7.075054e+00	7.127380e+00	7.150882e+00	7.149744e+00	7.098663e+00
7.002429e+00	6.891051e+00	6.773383e+00	6.655725e+00	6.544871e+00	6.439928e+00
6.337748e+00	6.236240e+00	6.137893e+00	6.044531e+00	5.955243e+00	5.867031e+00
5.777920e+00	5.691520e+00	5.612857e+00	5.577371e+00	5.540230e+00	5.512342e+00
5.484813e+00	5.478181e+00	5.472934e+00	5.472244e+00	5.471746e+00	5.471669e+00
5.471621e+00	5.471620e+00	7.324672e+00	7.388903e+00	7.434526e+00	7.447935e+00
7.434300e+00	7.355210e+00	7.230377e+00	7.094068e+00	6.955285e+00	6.819234e+00
6.691587e+00	6.571407e+00	6.456122e+00	6.343423e+00	6.232721e+00	6.126936e+00
6.025191e+00	5.924763e+00	5.823728e+00	5.724448e+00	5.629789e+00	5.584476e+00
5.545147e+00	5.515540e+00	5.486227e+00	5.479132e+00	5.473525e+00	5.472789e+00
5.472258e+00	5.472174e+00	5.472122e+00	5.472119e+00	7.644722e+00	7.690779e+00
7.719247e+00	7.717035e+00	7.689299e+00	7.585687e+00	7.438387e+00	7.278469e+00
7.115315e+00	6.955581e+00	6.806497e+00	6.668234e+00	6.539248e+00	6.416786e+00
6.296955e+00	6.181531e+00	6.069766e+00	5.959501e+00	5.849147e+00	5.740313e+00
5.635095e+00	5.584275e+00	5.537046e+00	5.501126e+00	5.466364e+00	5.457843e+00
5.451069e+00	5.450201e+00	5.449558e+00	5.449453e+00	5.449395e+00	5.449378e+00
7.960624e+00	7.980037e+00	7.984114e+00	7.961769e+00	7.917852e+00	7.789990e+00
7.622481e+00	7.438206e+00	7.246941e+00	7.058372e+00	6.881847e+00	6.715178e+00
6.561961e+00	6.419865e+00	6.297052e+00	6.179208e+00	6.065446e+00	5.952706e+00
5.838602e+00	5.725427e+00	5.616347e+00	5.563460e+00	5.506927e+00	5.463633e+00
5.423735e+00	5.413944e+00	5.406010e+00	5.405023e+00	5.404278e+00	5.404149e+00
5.404090e+00	5.404059e+00	8.275800e+00	8.262361e+00	8.237215e+00	8.191887e+00
8.130458e+00	7.978133e+00	7.791219e+00	7.582133e+00	7.361526e+00	7.143399e+00
6.940191e+00	6.747478e+00	6.574745e+00	6.419542e+00	6.287114e+00	6.162438e+00
6.043478e+00	5.924122e+00	5.799617e+00	5.674587e+00	5.555236e+00	5.497389e+00
5.436205e+00	5.387187e+00	5.344621e+00	5.334193e+00	5.325414e+00	5.324361e+00
5.323555e+00	5.323400e+00	5.323353e+00	5.323311e+00	8.581862e+00	8.538907e+00
8.486334e+00	8.417180e+00	8.335206e+00	8.148516e+00	7.930798e+00	7.689536e+00
7.436435e+00	7.185353e+00	6.954238e+00	6.752904e+00	6.573678e+00	6.413721e+00
6.267144e+00	6.133329e+00	6.007574e+00	5.880399e+00	5.745033e+00	5.608506e+00
5.479150e+00	5.416367e+00	5.349978e+00	5.295448e+00	5.249886e+00	5.238737e+00
5.229125e+00	5.227999e+00	5.227126e+00	5.226951e+00	5.226914e+00	5.226859e+00
8.872524e+00	8.805539e+00	8.728847e+00	8.635505e+00	8.529781e+00	8.298656e+00
8.041157e+00	7.765491e+00	7.483999e+00	7.204500e+00	6.948689e+00	6.726279e+00
6.528611e+00	6.352850e+00	6.194732e+00	6.050759e+00	5.916359e+00	5.782362e+00
5.641811e+00	5.500229e+00	5.364252e+00	5.297516e+00	5.227098e+00	5.169484e+00
5.121102e+00	5.109249e+00	5.099055e+00	5.097862e+00	5.096927e+00	5.096746e+00
5.096717e+00	5.096649e+00	9.156508e+00	9.062332e+00	8.958585e+00	8.838571e+00
8.707035e+00	8.428239e+00	8.128415e+00	7.816107e+00	7.498499e+00	7.200149e+00
6.927887e+00	6.681686e+00	6.465279e+00	6.273685e+00	6.102756e+00	5.947213e+00
5.802563e+00	5.660346e+00	5.513868e+00	5.367083e+00	5.224984e+00	5.155003e+00
5.081844e+00	5.022437e+00	4.971471e+00	4.958964e+00	4.948336e+00	4.947081e+00
4.946091e+00	4.945917e+00	4.945875e+00	4.945813e+00	9.433063e+00	9.307687e+00
9.173491e+00	9.024351e+00	8.865339e+00	8.537129e+00	8.195033e+00	7.843847e+00
7.500490e+00	7.172172e+00	6.874383e+00	6.609979e+00	6.377499e+00	6.171569e+00
5.986891e+00	5.818215e+00	5.661220e+00	5.508888e+00	5.355520e+00	5.203455e+00
5.056145e+00	4.984022e+00	4.910013e+00	4.850664e+00	4.797468e+00	4.784385e+00
4.773529e+00	4.772235e+00	4.771191e+00	4.771033e+00	4.770957e+00	4.770923e+00
9.696497e+00	9.541474e+00	9.377404e+00	9.198371e+00	9.010201e+00	8.627576e+00
8.235620e+00	7.851806e+00	7.475574e+00	7.121585e+00	6.802979e+00	6.520978e+00
6.272538e+00	6.051318e+00	5.851121e+00	5.667208e+00	5.495626e+00	5.331421e+00
5.170338e+00	5.012729e+00	4.860585e+00	4.787189e+00	4.713907e+00	4.656213e+00
4.601066e+00	4.587516e+00	4.576611e+00	4.575304e+00	4.574202e+00	4.574053e+00
4.573952e+00	4.573943e+00	9.904167e+00	9.764037e+00	9.608885e+00	9.420319e+00
9.205048e+00	8.726570e+00	8.238012e+00	7.804823e+00	7.403377e+00	7.040805e+00
6.717489e+00	6.428897e+00	6.166271e+00	5.922490e+00	5.697880e+00	5.493827e+00
5.306793e+00	5.131726e+00	4.963676e+00	4.799553e+00	4.641440e+00	4.568026e+00
4.496383e+00	4.440229e+00	4.383141e+00	4.369658e+00	4.358742e+00	4.357278e+00
4.356219e+00	4.356093e+00	4.355984e+00	4.355976e+00	1.017450e+01	9.990996e+00
9.783932e+00	9.542233e+00	9.279785e+00	8.751413e+00	8.235614e+00	7.760402e+00
7.338745e+00	6.961506e+00	6.623503e+00	6.319379e+00	6.038337e+00	5.773652e+00
5.528398e+00	5.306257e+00	5.104488e+00	4.919058e+00	4.745284e+00	4.575827e+00
4.409529e+00	4.332668e+00	4.261150e+00	4.207984e+00	4.150342e+00	4.135973e+00
4.125252e+00	4.123907e+00	4.122793e+00	4.122638e+00	4.122555e+00	4.122546e+00
1.052974e+01	1.021395e+01	9.900030e+00	9.590421e+00	9.290004e+00	8.728262e+00
8.210072e+00	7.732284e+00	7.292337e+00	6.887770e+00	6.517043e+00	6.180606e+00
5.874777e+00	5.595106e+00	5.337742e+00	5.101784e+00	4.886382e+00	4.690395e+00
4.511143e+00	4.337233e+00	4.160242e+00	4.075217e+00	4.001076e+00	3.952032e+00
3.895635e+00	3.879161e+00	3.868858e+00	3.868007e+00	3.866697e+00	3.866447e+00
3.866427e+00	3.866417e+00	1.067630e+01	1.037079e+01	1.005850e+01	9.728005e+00
9.382932e+00	8.749552e+00	8.170854e+00	7.652243e+00	7.185143e+00	6.763581e+00
6.381183e+00	6.034300e+00	5.714948e+00	5.417118e+00	5.141183e+00	4.889407e+00
4.660966e+00	4.451925e+00	4.258844e+00	4.074265e+00	3.892470e+00	3.805859e+00
3.729082e+00	3.677121e+00	3.620250e+00	3.604504e+00	3.594169e+00	3.593180e+00
3.591947e+00	3.591734e+00	3.591692e+00	3.591676e+00	1.079119e+01	1.050596e+01
1.021074e+01	9.877899e+00	9.508452e+00	8.781957e+00	8.119080e+00	7.541970e+00
7.045565e+00	6.613495e+00	6.228877e+00	5.879610e+00	5.551269e+00	5.236470e+00
4.942261e+00	4.675240e+00	4.434161e+00	4.211429e+00	4.002366e+00	3.805544e+00
3.620944e+00	3.534749e+00	3.454935e+00	3.397345e+00	3.339703e+00	3.325657e+00
3.315139e+00	3.313824e+00	3.312755e+00	3.312619e+00	3.312529e+00	3.312505e+00
1.097326e+01	1.063819e+01	1.027839e+01	9.895813e+00	9.512860e+00	8.769388e+00
8.064207e+00	7.456747e+00	6.932612e+00	6.475555e+00	6.071496e+00	5.707331e+00
5.367937e+00	5.044882e+00	4.741884e+00	4.462572e+00	4.207110e+00	3.970398e+00
3.749389e+00	3.543247e+00	3.352471e+00	3.263649e+00	3.179178e+00	3.116696e+00
3.059484e+00	3.046252e+00	3.035643e+00	3.034270e+00	3.033271e+00	3.033143e+00
3.033049e+00	3.033009e+00	1.122265e+01	1.076254e+01	1.031116e+01	9.875489e+00
9.456262e+00	8.692070e+00	8.001084e+00	7.384358e+00	6.833989e+00	6.342818e+00
5.906449e+00	5.517066e+00	5.165506e+00	4.842577e+00	4.538943e+00	4.249877e+00
3.978771e+00	3.727827e+00	3.497616e+00	3.283760e+00	3.083783e+00	2.989879e+00
2.899254e+00	2.832101e+00	2.776002e+00	2.762945e+00	2.752278e+00	2.751033e+00
2.750034e+00	2.749868e+00	2.749796e+00	2.749738e+00	1.140487e+01	1.087688e+01
1.036427e+01	9.884935e+00	9.448635e+00	8.635285e+00	7.922822e+00	7.286605e+00
6.716539e+00	6.206871e+00	5.753641e+00	5.349415e+00	4.985983e+00	4.654313e+00
4.342579e+00	4.043961e+00	3.762076e+00	3.501120e+00	3.261519e+00	3.038271e+00
2.828717e+00	2.730164e+00	2.635414e+00	2.565842e+00	2.509190e+00	2.496086e+00
2.485356e+00	2.484139e+00	2.483144e+00	2.482970e+00	2.482896e+00	2.482833e+00
1.156039e+01	1.098511e+01	1.043096e+01	9.917019e+00	9.445886e+00	8.584693e+00
7.834342e+00	7.173369e+00	6.589835e+00	6.071465e+00	5.609096e+00	5.194723e+00
4.819917e+00	4.476200e+00	4.153552e+00	3.846190e+00	3.556547e+00	3.288267e+00
3.040080e+00	2.807501e+00	2.588816e+00	2.486109e+00	2.388585e+00	2.318005e+00
2.260120e+00	2.246831e+00	2.236059e+00	2.234833e+00	2.233838e+00	2.233671e+00
2.233583e+00	2.233524e+00	1.171721e+01	1.109384e+01	1.049766e+01	9.949912e+00
9.446159e+00	8.543561e+00	7.759524e+00	7.075828e+00	6.478834e+00	5.951360e+00
5.479693e+00	5.055258e+00	4.669811e+00	4.315382e+00	3.983220e+00	3.668177e+00
3.371661e+00	3.096533e+00	2.841005e+00	2.600280e+00	2.373225e+00	2.266691e+00
2.166836e+00	2.095444e+00	2.035611e+00	2.021943e+00	2.011045e+00	2.009795e+00
2.008769e+00	2.008614e+00	2.008507e+00	2.008465e+00	1.187529e+01	1.120262e+01
1.056371e+01	9.984114e+00	9.456789e+00	8.509427e+00	7.698147e+00	6.994433e+00
6.383977e+00	5.846780e+00	5.365472e+00	4.930944e+00	4.535569e+00	4.171794e+00
3.831473e+00	3.509616e+00	3.206815e+00	2.924960e+00	2.662981e+00	2.414844e+00
2.179695e+00	2.069449e+00	1.967592e+00	1.895570e+00	1.832946e+00	1.818671e+00
1.807552e+00	1.806263e+00	1.805171e+00	1.805037e+00	1.804903e+00	1.804892e+00
1.203609e+01	1.131660e+01	1.063735e+01	1.002818e+01	9.477444e+00	8.500065e+00
7.656757e+00	6.934453e+00	6.310700e+00	5.763317e+00	5.272209e+00	4.827621e+00
4.422449e+00	4.049616e+00	3.701495e+00	3.373235e+00	3.064766e+00	2.777078e+00
2.509639e+00	2.255587e+00	2.013314e+00	1.899221e+00	1.794060e+00	1.719663e+00
1.654036e+00	1.639116e+00	1.627594e+00	1.626250e+00	1.625093e+00	1.624962e+00
1.624823e+00	1.624834e+00	1.220217e+01	1.143870e+01	1.072212e+01	1.008696e+01
9.517206e+00	8.499947e+00	7.640421e+00	6.899464e+00	6.261757e+00	5.703186e+00
5.201909e+00	4.747392e+00	4.332629e+00	3.951004e+00	3.595322e+00	3.260843e+00
2.947005e+00	2.654032e+00	2.381562e+00	2.122561e+00	1.873671e+00	1.755488e+00
1.645843e+00	1.567545e+00	1.498568e+00	1.482910e+00	1.470786e+00	1.469367e+00
1.468141e+00	1.467997e+00	1.467871e+00	1.467891e+00	1.237808e+01	1.157351e+01
1.082277e+01	1.016467e+01	9.578317e+00	8.529932e+00	7.643207e+00	6.888786e+00
6.240538e+00	5.672767e+00	5.161619e+00	4.696891e+00	4.272646e+00	3.882391e+00
3.519151e+00	3.178213e+00	2.858703e+00	2.560369e+00	2.282445e+00	2.018483e+00
1.762735e+00	1.640045e+00	1.524953e+00	1.441592e+00	1.368524e+00	1.351891e+00
1.338899e+00	1.337373e+00	1.336061e+00	1.335897e+00	1.335788e+00	1.335794e+00
1.256195e+01	1.171973e+01	1.093812e+01	1.026027e+01	9.660055e+00	8.584149e+00
7.677038e+00	6.910149e+00	6.252155e+00	5.676130e+00	5.155275e+00	4.679251e+00
4.244581e+00	3.844654e+00	3.472444e+00	3.123150e+00	2.795729e+00	2.492377e+00
2.209515e+00	1.940549e+00	1.677836e+00	1.550509e+00	1.429719e+00	1.340968e+00
1.263043e+00	1.245134e+00	1.231030e+00	1.229368e+00	1.227953e+00	1.227766e+00
1.227657e+00	1.227628e+00	1.275369e+01	1.187665e+01	1.106676e+01	1.037145e+01
9.759259e+00	8.658836e+00	7.733975e+00	6.951611e+00	6.279679e+00	5.689874e+00
5.160172e+00	4.680269e+00	4.241806e+00	3.838240e+00	3.462520e+00	3.109839e+00
2.779195e+00	2.467196e+00	2.173984e+00	1.894432e+00	1.620662e+00	1.487024e+00
1.359865e+00	1.264985e+00	1.180600e+00	1.160912e+00	1.145329e+00	1.143492e+00
1.141935e+00	1.141731e+00	1.141600e+00	1.141514e+00	1.295401e+01	1.204631e+01
1.121207e+01	1.050273e+01	9.881513e+00	8.762128e+00	7.823614e+00	7.030999e+00
6.350514e+00	5.753143e+00	5.215355e+00	4.726591e+00	4.279894e+00	3.868258e+00
3.484077e+00	3.122295e+00	2.781943e+00	2.462659e+00	2.162182e+00	1.873735e+00
1.590193e+00	1.450309e+00	1.315039e+00	1.212708e+00	1.119975e+00	1.097956e+00
1.080470e+00	1.078408e+00	1.076667e+00	1.076447e+00	1.076277e+00	1.076136e+00
1.315933e+01	1.222432e+01	1.136864e+01	1.064749e+01	1.001928e+01	8.884987e+00
7.937090e+00	7.135714e+00	6.447213e+00	5.842160e+00	5.297164e+00	4.801591e+00
4.348237e+00	3.929667e+00	3.537700e+00	3.166888e+00	2.816156e+00	2.489339e+00
2.182285e+00	1.885894e+00	1.593586e+00	1.446982e+00	1.295589e+00	1.178982e+00
1.076698e+00	1.051777e+00	1.031835e+00	1.029480e+00	1.027530e+00	1.027286e+00
1.027041e+00	1.026929e+00	1.336666e+01	1.240672e+01	1.153193e+01	1.080108e+01
1.016793e+01	9.023101e+00	8.070376e+00	7.262912e+00	6.568443e+00	5.957571e+00
5.407114e+00	4.906286e+00	4.447646e+00	4.023412e+00	3.624962e+00	3.246668e+00
2.887937e+00	2.549676e+00	2.228644e+00	1.915006e+00	1.602548e+00	1.445255e+00
1.283471e+00	1.155982e+00	1.042637e+00	1.014583e+00	9.920186e-01	9.893450e-01
9.871525e-01	9.868767e-01	9.865748e-01	9.865169e-01	1.356838e+01	1.258676e+01
1.169574e+01	1.095771e+01	1.032180e+01	9.170271e+00	8.215339e+00	7.403931e+00
6.705116e+00	6.089619e+00	5.534422e+00	5.028577e+00	4.564375e+00	4.133774e+00
3.727924e+00	3.341077e+00	2.972821e+00	2.623373e+00	2.289194e+00	1.958355e+00
1.623370e+00	1.453663e+00	1.286089e+00	1.153010e+00	1.019363e+00	9.871638e-01
9.612413e-01	9.581626e-01	9.556016e-01	9.552723e-01	9.549566e-01	9.550232e-01
1.376312e+01	1.276260e+01	1.185822e+01	1.111615e+01	1.048086e+01	9.329868e+00
8.378468e+00	7.567679e+00	6.868000e+00	6.250540e+00	5.692388e+00	5.182558e+00
4.713333e+00	4.276690e+00	3.863762e+00	3.468782e+00	3.091292e+00	2.731479e+00
2.385106e+00	2.038234e+00	1.680811e+00	1.497379e+00	1.308184e+00	1.154138e+00
1.003759e+00	9.672533e-01	9.378210e-01	9.342932e-01	9.312877e-01	9.308908e-01
9.306267e-01	9.308103e-01	1.397546e+01	1.293178e+01	1.200142e+01	1.125319e+01
1.062248e+01	9.485902e+00	8.549611e+00	7.748138e+00	7.052405e+00	6.433865e+00
5.869854e+00	5.351910e+00	4.875690e+00	4.434162e+00	4.016355e+00	3.614875e+00
3.228665e+00	2.857148e+00	2.496512e+00	2.135460e+00	1.755454e+00	1.552192e+00
1.339188e+00	1.161915e+00	9.945972e-01	9.530455e-01	9.194781e-01	9.150931e-01
9.114185e-01	9.109209e-01	9.110395e-01	9.110908e-01	1.418439e+01	1.309264e+01
1.213406e+01	1.138032e+01	1.075703e+01	9.643961e+00	8.730684e+00	7.944622e+00
7.256164e+00	6.637219e+00	6.065717e+00	5.537402e+00	5.053442e+00	4.608458e+00
4.188048e+00	3.782060e+00	3.388294e+00	3.004606e+00	2.628372e+00	2.255128e+00
1.853294e+00	1.624825e+00	1.384177e+00	1.183773e+00	9.878820e-01	9.416485e-01
9.040353e-01	8.987357e-01	8.943144e-01	8.937016e-01	8.943280e-01	8.941380e-01
1.423987e+01	1.319441e+01	1.226100e+01	1.152485e+01	1.091879e+01	9.832482e+00
8.932681e+00	8.149700e+00	7.457503e+00	6.832431e+00	6.256092e+00	5.724588e+00
5.238847e+00	4.793220e+00	4.371982e+00	3.963564e+00	3.564655e+00	3.171394e+00
2.780236e+00	2.387709e+00	1.956396e+00	1.705692e+00	1.438692e+00	1.212790e+00
9.865425e-01	9.303942e-01	8.899136e-01	8.846267e-01	8.789071e-01	8.780475e-01
8.796461e-01	8.786488e-01	1.422989e+01	1.324830e+01	1.238216e+01	1.169966e+01
1.113045e+01	1.007657e+01	9.169332e+00	8.366636e+00	7.652953e+00	7.013201e+00
6.435245e+00	5.910682e+00	5.432394e+00	4.990669e+00	4.571501e+00	4.164241e+00
3.764704e+00	3.367371e+00	2.963568e+00	2.537921e+00	2.064095e+00	1.798365e+00
1.511367e+00	1.260872e+00	9.900278e-01	9.188270e-01	8.771596e-01	8.728615e-01
8.653074e-01	8.640584e-01	8.670923e-01	8.647155e-01	1.425815e+01	1.331675e+01
1.247926e+01	1.182556e+01	1.128281e+01	1.026192e+01	9.367076e+00	8.567642e+00
7.852610e+00	7.211189e+00	6.634968e+00	6.114444e+00	5.639412e+00	5.198808e+00
4.779712e+00	4.371946e+00	3.970630e+00	3.568925e+00	3.154715e+00	2.704644e+00
2.193200e+00	1.906674e+00	1.591596e+00	1.311819e+00	9.963483e-01	9.123718e-01
8.656442e-01	8.614223e-01	8.524959e-01	8.510046e-01	8.551764e-01	8.517816e-01
1.434693e+01	1.339338e+01	1.255827e+01	1.192028e+01	1.139805e+01	1.040864e+01
9.537181e+00	8.755941e+00	8.054702e+00	7.422767e+00	6.851694e+00	6.333059e+00
5.858097e+00	5.416756e+00	4.996534e+00	4.587264e+00	4.183517e+00	3.777399e+00
3.354898e+00	2.888843e+00	2.345608e+00	2.032714e+00	1.681741e+00	1.367579e+00
1.007822e+00	9.102048e-01	8.554236e-01	8.505554e-01	8.406180e-01	8.390037e-01
8.441031e-01	8.397284e-01	1.440472e+01	1.345210e+01	1.262551e+01	1.200764e+01
1.150903e+01	1.055186e+01	9.704234e+00	8.940874e+00	8.252965e+00	7.630631e+00
7.066269e+00	6.552049e+00	6.079849e+00	5.640177e+00	5.221018e+00	4.812282e+00
4.408035e+00	3.999268e+00	3.569801e+00	3.087815e+00	2.512330e+00	2.173543e+00
1.786379e+00	1.434445e+00	1.024907e+00	9.108494e-01	8.465138e-01	8.407347e-01
8.298341e-01	8.281382e-01	8.341262e-01	8.283687e-01	1.443907e+01	1.348748e+01
1.266995e+01	1.207369e+01	1.159985e+01	1.067535e+01	9.853269e+00	9.109872e+00
8.437543e+00	7.827228e+00	7.272039e+00	6.764759e+00	6.297788e+00	5.862128e+00
5.446199e+00	5.040004e+00	4.637119e+00	4.227590e+00	3.793235e+00	3.297832e+00
2.692710e+00	2.328733e+00	1.904656e+00	1.511537e+00	1.046490e+00	9.151667e-01
8.386930e-01	8.315833e-01	8.186564e-01	8.167464e-01	8.244608e-01	8.176142e-01
1.445512e+01	1.350905e+01	1.270381e+01	1.213084e+01	1.168291e+01	1.079272e+01
9.997827e+00	9.275768e+00	8.620148e+00	8.022804e+00	7.477606e+00	6.978052e+00
6.517190e+00	6.086680e+00	5.675644e+00	5.274315e+00	4.875650e+00	4.468460e+00
4.031898e+00	3.523799e+00	2.886530e+00	2.495052e+00	2.031697e+00	1.596027e+00
1.077049e+00	9.257933e-01	8.292067e-01	8.204504e-01	8.107618e-01	8.093311e-01
8.127442e-01	8.076327e-01	1.446195e+01	1.352240e+01	1.273034e+01	1.218062e+01
1.175827e+01	1.090267e+01	1.013552e+01	9.435503e+00	8.797351e+00	8.213790e+00
7.679437e+00	7.188540e+00	6.734885e+00	6.310918e+00	5.906691e+00	5.512811e+00
5.121593e+00	4.720408e+00	4.285194e+00	3.766321e+00	3.095429e+00	2.674233e+00
2.168957e+00	1.689657e+00	1.122626e+00	9.518662e-01	8.194088e-01	8.079321e-01
8.056408e-01	8.050164e-01	7.991960e-01	7.986076e-01	1.448772e+01	1.355065e+01
1.276717e+01	1.223167e+01	1.182594e+01	1.099455e+01	1.024831e+01	9.567116e+00
8.945936e+00	8.377859e+00	7.857732e+00	7.379929e+00	6.938317e+00	6.525299e+00
6.130658e+00	5.744789e+00	5.360131e+00	4.964092e+00	4.532445e+00	4.014356e+00
3.331027e+00	2.887655e+00	2.336630e+00	1.800775e+00	1.163560e+00	9.715315e-01
8.200414e-01	8.042601e-01	7.970289e-01	7.961254e-01	7.933754e-01	7.904964e-01
1.451757e+01	1.357885e+01	1.279959e+01	1.227612e+01	1.188531e+01	1.107614e+01
1.034935e+01	9.686347e+00	9.082209e+00	8.530341e+00	8.025741e+00	7.562802e+00
7.135318e+00	6.735403e+00	6.352183e+00	5.975602e+00	5.598427e+00	5.208571e+00
4.782646e+00	4.270924e+00	3.585352e+00	3.124367e+00	2.527012e+00	1.927957e+00
1.206809e+00	9.915142e-01	8.213316e-01	8.017226e-01	7.873898e-01	7.855951e-01
7.889150e-01	7.829810e-01	1.451633e+01	1.357925e+01	1.280339e+01	1.229683e+01
1.192509e+01	1.114346e+01	1.043941e+01	9.796575e+00	9.210646e+00	8.675513e+00
8.186490e+00	7.738245e+00	7.324753e+00	6.938199e+00	6.567618e+00	6.202797e+00
5.836501e+00	5.456483e+00	5.038790e+00	4.531763e+00	3.838963e+00	3.361658e+00
2.727730e+00	2.074453e+00	1.263961e+00	1.019465e+00	8.224070e-01	7.979118e-01
7.802980e-01	7.782985e-01	7.831549e-01	7.760506e-01	1.448821e+01	1.356032e+01
1.279768e+01	1.230695e+01	1.195205e+01	1.119821e+01	1.051794e+01	9.896084e+00
9.328856e+00	8.810644e+00	8.337126e+00	7.903415e+00	7.503849e+00	7.130948e+00
6.774111e+00	6.423242e+00	6.070910e+00	5.704221e+00	5.297460e+00	4.794323e+00
4.091089e+00	3.599801e+00	2.940719e+00	2.245591e+00	1.340792e+00	1.059626e+00
8.235796e-01	7.937384e-01	7.748634e-01	7.729735e-01	7.763071e-01	7.698643e-01
1.445844e+01	1.353893e+01	1.278813e+01	1.231220e+01	1.197505e+01	1.124902e+01
1.059202e+01	9.990716e+00	9.441643e+00	8.939830e+00	8.481378e+00	8.061872e+00
7.676114e+00	7.317121e+00	6.974823e+00	6.639419e+00	6.303285e+00	5.952847e+00
5.560383e+00	5.064173e+00	4.352258e+00	3.847247e+00	3.162967e+00	2.426695e+00
1.429346e+00	1.111041e+00	8.291252e-01	7.939689e-01	7.687904e-01	7.669431e-01
7.689491e-01	7.650875e-01	1.442657e+01	1.351507e+01	1.277508e+01	1.231577e+01
1.199518e+01	1.129606e+01	1.066172e+01	1.008054e+01	9.549295e+00	9.063666e+00
8.620182e+00	8.214904e+00	7.843142e+00	7.498494e+00	7.171527e+00	6.852861e+00
6.534724e+00	6.202900e+00	5.827556e+00	5.341049e+00	4.622742e+00	4.105239e+00
3.397574e+00	2.622040e+00	1.531496e+00	1.174448e+00	8.414634e-01	7.953803e-01
7.628314e-01	7.610026e-01	7.614858e-01	7.610308e-01	1.441071e+01	1.350245e+01
1.276880e+01	1.232003e+01	1.201230e+01	1.133362e+01	1.071760e+01	1.015387e+01
9.639308e+00	9.169883e+00	8.742333e+00	8.352883e+00	7.996987e+00	7.668324e+00
7.357416e+00	7.054935e+00	6.753424e+00	6.438922e+00	6.081265e+00	5.610522e+00
4.900048e+00	4.379188e+00	3.655938e+00	2.842258e+00	1.644853e+00	1.241413e+00
8.531300e-01	7.971547e-01	7.604586e-01	7.586211e-01	7.567731e-01	7.572277e-01
1.440555e+01	1.349784e+01	1.276701e+01	1.232540e+01	1.202614e+01	1.136134e+01
1.075907e+01	1.020965e+01	9.710097e+00	9.256455e+00	8.845550e+00	8.473467e+00
8.135366e+00	7.824277e+00	7.529600e+00	7.241486e+00	6.953542e+00	6.653547e+00
6.313389e+00	5.865253e+00	5.181358e+00	4.670777e+00	3.944920e+00	3.096279e+00
1.772385e+00	1.311542e+00	8.634708e-01	7.998827e-01	7.599109e-01	7.581051e-01
7.541962e-01	7.536832e-01	1.439117e+01	1.348741e+01	1.276280e+01	1.233032e+01
1.204047e+01	1.139118e+01	1.080285e+01	1.026651e+01	9.779391e+00	9.337570e+00
8.937961e+00	8.577230e+00	8.251443e+00	7.954983e+00	7.679135e+00	7.414542e+00
7.152253e+00	6.874421e+00	6.550107e+00	6.119281e+00	5.459992e+00	4.960981e+00
4.236365e+00	3.360306e+00	1.918701e+00	1.395521e+00	8.782632e-01	8.049829e-01
7.590804e-01	7.564558e-01	7.521784e-01	7.505912e-01	1.436902e+01	1.347463e+01
1.275934e+01	1.233621e+01	1.205621e+01	1.142289e+01	1.084797e+01	1.032313e+01
9.845987e+00	9.413070e+00	9.021706e+00	8.669588e+00	8.354196e+00	8.071674e+00
7.815531e+00	7.577090e+00	7.343993e+00	7.091928e+00	6.786069e+00	6.373075e+00
5.737188e+00	5.249926e+00	4.529809e+00	3.632730e+00	2.085429e+00	1.495279e+00
8.997549e-01	8.147000e-01	7.582146e-01	7.537618e-01	7.499319e-01	7.480572e-01
1.435678e+01	1.346999e+01	1.276222e+01	1.234678e+01	1.207348e+01	1.145232e+01
1.088813e+01	1.037301e+01	9.904662e+00	9.480715e+00	9.099275e+00	8.758802e+00
8.457650e+00	8.191955e+00	7.953571e+00	7.732419e+00	7.516225e+00	7.285446e+00
7.009032e+00	6.627620e+00	6.018284e+00	5.542458e+00	4.830491e+00	3.915897e+00
2.268654e+00	1.607770e+00	9.282807e-01	8.297557e-01	7.578802e-01	7.523368e-01
7.461932e-01	7.461043e-01	1.434631e+01	1.346716e+01	1.276576e+01	1.235471e+01
1.208466e+01	1.146990e+01	1.091250e+01	1.040561e+01	9.946898e+00	9.534050e+00
9.164997e+00	8.837627e+00	8.549401e+00	8.295854e+00	8.068905e+00	7.860050e+00
7.661720e+00	7.459557e+00	7.223167e+00	6.879793e+00	6.293294e+00	5.826001e+00
5.126132e+00	4.209670e+00	2.467166e+00	1.739391e+00	9.608601e-01	8.440255e-01
7.581973e-01	7.513941e-01	7.446195e-01	7.440554e-01	1.433556e+01	1.346485e+01
1.277047e+01	1.236386e+01	1.209699e+01	1.148873e+01	1.093799e+01	1.043864e+01
9.988486e+00	9.585168e+00	9.226550e+00	8.910242e+00	8.633246e+00	8.390957e+00
8.175662e+00	7.980160e+00	7.800121e+00	7.624679e+00	7.424197e+00	7.118217e+00
6.562442e+00	6.109518e+00	5.426250e+00	4.512146e+00	2.683213e+00	1.886586e+00
9.987075e-01	8.616496e-01	7.590297e-01	7.508034e-01	7.432169e-01	7.423696e-01
1.432308e+01	1.346258e+01	1.277649e+01	1.237538e+01	1.211230e+01	1.151178e+01
1.096803e+01	1.047526e+01	1.003176e+01	9.635205e+00	9.283797e+00	8.975470e+00
8.707584e+00	8.476031e+00	8.273614e+00	8.093698e+00	7.932322e+00	7.779163e+00
7.605733e+00	7.333499e+00	6.819367e+00	6.389566e+00	5.727442e+00	4.817213e+00
2.918001e+00	2.050392e+00	1.044317e+00	8.858804e-01	7.615179e-01	7.505070e-01
7.418600e-01	7.411123e-01	1.430424e+01	1.345656e+01	1.278039e+01	1.238605e+01
1.212772e+01	1.153581e+01	1.099837e+01	1.051073e+01	1.007174e+01	9.679619e+00
9.333281e+00	9.031095e+00	8.770881e+00	8.549177e+00	8.359657e+00	8.196142e+00
8.053873e+00	7.920281e+00	7.767212e+00	7.525961e+00	7.062171e+00	6.661186e+00
6.020741e+00	5.118473e+00	3.171976e+00	2.231729e+00	1.097335e+00	9.143942e-01
7.649726e-01	7.512341e-01	7.409807e-01	7.399984e-01	1.428120e+01	1.344797e+01
1.278389e+01	1.239642e+01	1.214253e+01	1.155889e+01	1.102722e+01	1.054408e+01
1.010886e+01	9.720406e+00	9.378372e+00	9.081558e+00	8.828261e+00	8.615682e+00
8.438439e+00	8.290827e+00	8.167087e+00	8.051870e+00	7.917301e+00	7.706454e+00
7.296624e+00	6.928009e+00	6.312712e+00	5.423818e+00	3.444152e+00	2.429766e+00
1.157560e+00	9.474987e-01	7.695710e-01	7.524622e-01	7.402724e-01	7.389990e-01
1.425770e+01	1.344046e+01	1.278853e+01	1.240633e+01	1.215415e+01	1.157594e+01
1.104900e+01	1.057040e+01	1.013965e+01	9.755704e+00	9.418469e+00	9.127038e+00
8.880049e+00	8.675184e+00	8.507732e+00	8.372552e+00	8.264078e+00	8.166775e+00
8.053984e+00	7.875113e+00	7.515820e+00	7.180223e+00	6.599817e+00	5.736143e+00
3.726188e+00	2.639517e+00	1.226586e+00	9.874090e-01	7.756439e-01	7.529549e-01
7.396361e-01	7.381543e-01	1.423119e+01	1.343294e+01	1.279429e+01	1.241584e+01
1.216335e+01	1.158872e+01	1.106559e+01	1.059118e+01	1.016493e+01	9.785684e+00
9.453259e+00	9.166910e+00	8.925495e+00	8.727027e+00	8.567277e+00	8.441731e+00
8.345734e+00	8.265178e+00	8.175449e+00	8.028792e+00	7.716626e+00	7.414088e+00
6.876079e+00	6.048670e+00	4.016014e+00	2.861852e+00	1.307695e+00	1.037189e+00
7.844529e-01	7.531716e-01	7.391406e-01	7.374633e-01	1.419075e+01	1.341978e+01
1.279997e+01	1.242654e+01	1.217285e+01	1.160161e+01	1.108167e+01	1.061066e+01
1.018785e+01	9.812282e+00	9.483724e+00	9.201601e+00	8.965006e+00	8.772169e+00
8.619253e+00	8.502297e+00	8.417542e+00	8.352280e+00	8.284021e+00	8.168265e+00
7.902318e+00	7.631770e+00	7.133854e+00	6.345262e+00	4.317486e+00	3.104562e+00
1.398813e+00	1.092389e+00	7.951851e-01	7.550028e-01	7.394937e-01	7.369666e-01
1.413646e+01	1.340046e+01	1.280535e+01	1.243763e+01	1.218195e+01	1.161387e+01
1.109675e+01	1.062869e+01	1.020877e+01	9.836375e+00	9.511187e+00	9.232806e+00
9.000555e+00	8.812827e+00	8.666129e+00	8.557016e+00	8.482628e+00	8.431689e+00
8.383913e+00	8.298182e+00	8.077813e+00	7.838932e+00	7.380865e+00	6.634014e+00
4.631505e+00	3.368054e+00	1.500994e+00	1.153850e+00	8.080487e-01	7.599972e-01
7.403919e-01	7.365621e-01	1.407643e+01	1.337772e+01	1.280662e+01	1.244552e+01
1.218661e+01	1.162176e+01	1.110754e+01	1.064220e+01	1.022494e+01	9.855224e+00
9.532875e+00	9.257622e+00	9.029084e+00	8.845896e+00	8.704977e+00	8.603383e+00
8.538840e+00	8.500920e+00	8.471280e+00	8.413543e+00	8.238729e+00	8.032092e+00
7.613571e+00	6.906646e+00	4.946117e+00	3.651526e+00	1.615743e+00	1.221334e+00
8.224601e-01	7.666719e-01	7.406441e-01	7.361720e-01	1.400616e+01	1.334825e+01
1.280513e+01	1.245043e+01	1.218844e+01	1.162624e+01	1.111471e+01	1.065175e+01
1.023679e+01	9.869172e+00	9.548999e+00	9.276128e+00	9.050559e+00	8.871257e+00
8.735584e+00	8.641060e+00	8.585702e+00	8.559287e+00	8.545017e+00	8.512450e+00
8.382349e+00	8.208173e+00	7.827364e+00	7.154979e+00	5.252615e+00	3.957450e+00
1.747509e+00	1.296298e+00	8.392379e-01	7.778497e-01	7.403056e-01	7.358016e-01
1.393924e+01	1.332079e+01	1.280472e+01	1.245588e+01	1.219059e+01	1.163004e+01
1.111985e+01	1.065849e+01	1.024546e+01	9.880330e+00	9.563271e+00	9.293830e+00
9.071590e+00	8.895441e+00	8.763510e+00	8.674139e+00	8.625867e+00	8.609284e+00
8.609610e+00	8.601701e+00	8.509944e+00	8.361725e+00	8.022829e+00	7.409416e+00
5.580039e+00	4.250827e+00	1.888335e+00	1.386495e+00	8.609669e-01	7.862641e-01
7.425969e-01	7.353868e-01	1.387728e+01	1.329565e+01	1.280453e+01	1.246144e+01
1.219292e+01	1.163339e+01	1.112381e+01	1.066364e+01	1.025224e+01	9.889447e+00
9.575398e+00	9.309373e+00	9.090475e+00	8.917366e+00	8.788618e+00	8.703220e+00
8.660420e+00	8.652042e+00	8.665394e+00	8.678926e+00	8.621414e+00	8.499058e+00
8.204697e+00	7.654423e+00	5.901902e+00	4.546599e+00	2.045682e+00	1.491147e+00
8.878193e-01	7.949351e-01	7.461721e-01	7.348840e-01	1.382252e+01	1.327304e+01
1.280383e+01	1.246608e+01	1.219497e+01	1.163657e+01	1.112762e+01	1.066856e+01
1.025864e+01	9.897560e+00	9.585190e+00	9.321098e+00	9.104840e+00	8.935261e+00
8.810410e+00	8.728982e+00	8.690918e+00	8.689369e+00	8.713219e+00	8.741989e+00
8.717901e+00	8.629865e+00	8.380413e+00	7.864260e+00	6.175020e+00	4.881506e+00
2.236425e+00	1.601251e+00	9.167755e-01	8.128043e-01	7.439091e-01	7.343418e-01
1.377848e+01	1.325552e+01	1.280448e+01	1.247065e+01	1.219727e+01	1.163994e+01
1.113199e+01	1.067396e+01	1.026543e+01	9.905898e+00	9.595200e+00	9.332975e+00
9.118720e+00	8.951417e+00	8.829303e+00	8.751390e+00	8.717982e+00	8.722902e+00
8.756303e+00	8.800357e+00	8.804139e+00	8.741006e+00	8.533315e+00	8.070949e+00
6.467333e+00	5.197034e+00	2.443357e+00	1.728931e+00	9.518606e-01	8.303991e-01
7.461919e-01	7.341805e-01	1.374210e+01	1.324213e+01	1.280607e+01	1.247587e+01
1.220036e+01	1.164410e+01	1.113721e+01	1.068020e+01	1.027289e+01	9.914594e+00
9.605263e+00	9.344565e+00	9.131962e+00	8.966621e+00	8.846922e+00	8.772135e+00
8.742874e+00	8.753522e+00	8.795391e+00	8.853263e+00	8.881826e+00	8.840754e+00
8.672740e+00	8.265908e+00	6.756128e+00	5.512787e+00	2.668334e+00	1.870887e+00
9.921205e-01	8.506481e-01	7.495373e-01	7.341533e-01	1.371271e+01	1.323221e+01
1.280950e+01	1.248186e+01	1.220452e+01	1.164923e+01	1.114333e+01	1.068733e+01
1.028091e+01	9.923412e+00	9.615005e+00	9.355388e+00	9.144111e+00	8.980544e+00
8.863028e+00	8.790912e+00	8.765118e+00	8.780555e+00	8.829605e+00	8.899280e+00
8.949380e+00	8.928015e+00	8.796691e+00	8.442563e+00	7.030110e+00	5.826125e+00
2.911208e+00	2.028558e+00	1.039249e+00	8.756139e-01	7.536308e-01	7.342257e-01
1.368564e+01	1.322269e+01	1.281181e+01	1.248673e+01	1.220769e+01	1.165342e+01
1.114851e+01	1.069340e+01	1.028758e+01	9.930721e+00	9.622921e+00	9.364097e+00
9.153997e+00	8.992127e+00	8.876590e+00	8.806655e+00	8.783617e+00	8.803081e+00
8.858521e+00	8.938559e+00	9.006298e+00	9.001480e+00	8.904834e+00	8.604470e+00
7.288559e+00	6.126830e+00	3.172460e+00	2.206198e+00	1.093672e+00	9.048781e-01
7.586802e-01	7.343255e-01	1.366017e+01	1.321345e+01	1.281349e+01	1.249070e+01
1.221005e+01	1.165669e+01	1.115276e+01	1.069851e+01	1.029324e+01	9.936983e+00
9.629748e+00	9.371638e+00	9.162561e+00	9.002123e+00	8.888329e+00	8.820428e+00
8.799965e+00	8.823025e+00	8.883981e+00	8.973221e+00	9.057520e+00	9.068209e+00
9.002913e+00	8.752167e+00	7.539743e+00	6.429426e+00	3.449934e+00	2.400846e+00
1.155166e+00	9.388343e-01	7.647182e-01	7.344195e-01	1.363554e+01	1.320364e+01
1.281344e+01	1.249248e+01	1.221027e+01	1.165755e+01	1.115457e+01	1.070115e+01
1.029665e+01	9.941141e+00	9.634787e+00	9.377537e+00	9.169152e+00	9.009276e+00
8.896654e+00	8.831006e+00	8.813582e+00	8.839786e+00	8.904066e+00	9.000295e+00
9.103521e+00	9.131089e+00	9.086556e+00	8.865936e+00	7.783385e+00	6.754790e+00
3.728179e+00	2.602674e+00	1.225387e+00	9.810237e-01	7.723448e-01	7.344150e-01
1.361250e+01	1.319374e+01	1.281249e+01	1.249337e+01	1.220989e+01	1.165779e+01
1.115544e+01	1.070263e+01	1.029882e+01	9.943985e+00	9.638532e+00	9.382130e+00
9.174224e+00	9.014477e+00	8.902662e+00	8.839126e+00	8.824715e+00	8.853597e+00
8.919832e+00	9.021379e+00	9.143472e+00	9.187876e+00	9.156563e+00	8.954053e+00
8.013208e+00	7.092502e+00	4.005718e+00	2.813032e+00	1.307419e+00	1.034997e+00
7.824559e-01	7.343524e-01	1.359408e+01	1.318678e+01	1.281305e+01	1.249551e+01
1.221076e+01	1.165907e+01	1.115735e+01	1.070502e+01	1.030165e+01	9.947381e+00
9.642552e+00	9.386782e+00	9.179391e+00	9.020102e+00	8.909117e+00	8.847068e+00
8.834710e+00	8.865906e+00	8.934840e+00	9.041416e+00	9.176338e+00	9.233183e+00
9.219232e+00	9.042930e+00	8.214190e+00	7.387083e+00	4.304916e+00	3.048291e+00
1.399419e+00	1.093429e+00	7.934033e-01	7.343812e-01	1.357807e+01	1.318109e+01
1.281452e+01	1.249854e+01	1.221289e+01	1.166140e+01	1.115988e+01	1.070779e+01
1.030465e+01	9.950840e+00	9.646459e+00	9.391201e+00	9.184347e+00	9.025700e+00
8.915538e+00	8.854586e+00	8.843760e+00	8.877035e+00	8.948935e+00	9.060274e+00
9.205008e+00	9.272085e+00	9.276464e+00	9.130260e+00	8.398860e+00	7.658306e+00
4.623680e+00	3.308115e+00	1.502296e+00	1.157386e+00	8.055384e-01	7.344586e-01
1.356302e+01	1.317531e+01	1.281494e+01	1.250029e+01	1.221362e+01	1.166246e+01
1.116100e+01	1.070909e+01	1.030623e+01	9.952687e+00	9.648578e+00	9.393741e+00
9.187681e+00	9.030127e+00	8.920904e+00	8.860549e+00	8.850380e+00	8.885453e+00
8.961078e+00	9.077545e+00	9.227680e+00	9.299883e+00	9.324800e+00	9.219193e+00
8.571628e+00	7.873046e+00	4.955769e+00	3.596941e+00	1.616164e+00	1.224848e+00
8.202000e-01	7.344677e-01	1.354890e+01	1.316927e+01	1.281441e+01	1.250101e+01
1.221364e+01	1.166270e+01	1.116127e+01	1.070949e+01	1.030685e+01	9.953425e+00
9.649455e+00	9.394906e+00	9.189627e+00	9.033380e+00	8.925171e+00	8.864975e+00
8.854780e+00	8.891312e+00	8.971167e+00	9.093165e+00	9.244479e+00	9.317779e+00
9.363878e+00	9.312083e+00	8.730073e+00	8.027314e+00	5.299695e+00	3.923992e+00
1.743346e+00	1.295242e+00	8.394237e-01	7.342800e-01	1.353785e+01	1.316499e+01
1.281458e+01	1.250227e+01	1.221399e+01	1.166317e+01	1.116170e+01	1.071007e+01
1.030778e+01	9.954667e+00	9.651023e+00	9.396866e+00	9.192161e+00	9.036590e+00
8.928984e+00	8.869214e+00	8.859559e+00	8.897406e+00	8.979898e+00	9.105556e+00
9.261182e+00	9.338510e+00	9.398415e+00	9.376661e+00	8.872473e+00	8.208783e+00
5.627512e+00	4.239739e+00	1.894810e+00	1.381579e+00	8.611078e-01	7.339532e-01
1.352802e+01	1.316102e+01	1.281480e+01	1.250304e+01	1.221426e+01	1.166333e+01
1.116180e+01	1.071029e+01	1.030828e+01	9.955470e+00	9.652137e+00	9.398257e+00
9.193787e+00	9.038551e+00	8.931361e+00	8.872217e+00	8.863476e+00	8.902499e+00
8.986568e+00	9.114703e+00	9.276197e+00	9.359554e+00	9.427786e+00	9.422551e+00
8.998118e+00	8.405762e+00	5.938867e+00	4.545722e+00	2.073587e+00	1.485656e+00
8.861493e-01	7.337150e-01	1.351711e+01	1.315540e+01	1.281259e+01	1.250153e+01
1.221217e+01	1.166144e+01	1.116000e+01	1.070886e+01	1.030701e+01	9.954578e+00
9.651567e+00	9.397991e+00	9.193860e+00	9.038955e+00	8.932131e+00	8.873490e+00
8.865425e+00	8.905409e+00	8.990909e+00	9.121213e+00	9.287352e+00	9.375447e+00
9.451521e+00	9.461862e+00	9.107687e+00	8.577617e+00	6.243148e+00	4.859809e+00
2.272512e+00	1.603205e+00	9.159608e-01	7.337998e-01	1.350952e+01	1.315258e+01
1.281314e+01	1.250263e+01	1.221293e+01	1.166228e+01	1.116115e+01	1.071002e+01
1.030830e+01	9.955912e+00	9.652958e+00	9.399498e+00	9.195553e+00	9.040967e+00
8.934519e+00	8.876273e+00	8.868688e+00	8.909364e+00	8.995948e+00	9.128340e+00
9.298694e+00	9.390397e+00	9.473436e+00	9.497942e+00	9.206023e+00	8.734953e+00
6.540444e+00	5.177670e+00	2.486859e+00	1.754130e+00	9.508327e-01	7.338355e-01
1.350553e+01	1.315196e+01	1.281434e+01	1.250459e+01	1.221452e+01	1.166431e+01
1.116382e+01	1.071284e+01	1.031127e+01	9.958792e+00	9.655703e+00	9.402135e+00
9.198166e+00	9.043714e+00	8.937626e+00	8.879915e+00	8.873046e+00	8.914631e+00
9.002268e+00	9.135686e+00	9.308938e+00	9.405041e+00	9.495060e+00	9.532565e+00
9.297893e+00	8.877376e+00	6.826019e+00	5.501973e+00	2.718979e+00	1.919163e+00
9.913730e-01	7.339170e-01	1.350383e+01	1.315278e+01	1.281714e+01	1.250790e+01
1.221798e+01	1.166964e+01	1.117062e+01	1.072053e+01	1.031866e+01	9.965304e+00
9.661082e+00	9.406382e+00	9.201644e+00	9.047017e+00	8.941321e+00	8.884547e+00
8.879054e+00	8.922163e+00	9.010811e+00	9.143249e+00	9.317804e+00	9.419548e+00
9.516790e+00	9.566031e+00	9.383652e+00	9.003508e+00	7.094734e+00	5.830748e+00
2.969873e+00	2.091723e+00	1.039569e+00	7.342041e-01	