1.009342e-01	1.053163e-01	1.096977e-01	1.140335e-01	1.183003e-01	1.265937e-01
1.345418e-01	1.421416e-01	1.495579e-01	1.571476e-01	1.655678e-01	1.752251e-01
1.867741e-01	2.012553e-01	2.204824e-01	2.456300e-01	2.741192e-01	2.957742e-01
3.010077e-01	3.015437e-01	3.139161e-01	3.252680e-01	3.363923e-01	3.409008e-01
3.340888e-01	3.335519e-01	3.332401e-01	3.328616e-01	3.325831e-01	3.328266e-01
3.322636e-01	3.326739e-01	1.161645e-01	1.210240e-01	1.258806e-01	1.306874e-01
1.354208e-01	1.446336e-01	1.534859e-01	1.619790e-01	1.702928e-01	1.788108e-01
1.882358e-01	1.990007e-01	2.117987e-01	2.277268e-01	2.486852e-01	2.758645e-01
3.064761e-01	3.298120e-01	3.358436e-01	3.367768e-01	3.498386e-01	3.616626e-01
3.732809e-01	3.780624e-01	3.709764e-01	3.703934e-01	3.700772e-01	3.696877e-01
3.693958e-01	3.696480e-01	3.690645e-01	3.694894e-01	1.336929e-01	1.390746e-01
1.444508e-01	1.497736e-01	1.550188e-01	1.652442e-01	1.750975e-01	1.845850e-01
1.939025e-01	2.034604e-01	2.140072e-01	2.260023e-01	2.401762e-01	2.576801e-01
2.804956e-01	3.098205e-01	3.426523e-01	3.677668e-01	3.747110e-01	3.761266e-01
3.898718e-01	4.021295e-01	4.142147e-01	4.192750e-01	4.119369e-01	4.113041e-01
4.109862e-01	4.105881e-01	4.102831e-01	4.105430e-01	4.099415e-01	4.103791e-01
1.538663e-01	1.598174e-01	1.657605e-01	1.716473e-01	1.774531e-01	1.887919e-01
1.997521e-01	2.103460e-01	2.207854e-01	2.315080e-01	2.433071e-01	2.566676e-01
2.723557e-01	2.915731e-01	3.163750e-01	3.479561e-01	3.830988e-01	4.100896e-01
4.180766e-01	4.200742e-01	4.344862e-01	4.471242e-01	4.596372e-01	4.649803e-01
4.574199e-01	4.567334e-01	4.564175e-01	4.560135e-01	4.556962e-01	4.559623e-01
4.553460e-01	4.557939e-01	1.770837e-01	1.836539e-01	1.902139e-01	1.967154e-01
2.031341e-01	2.156951e-01	2.278783e-01	2.397021e-01	2.513954e-01	2.634221e-01
2.766184e-01	2.914937e-01	3.088469e-01	3.299242e-01	3.568439e-01	3.907858e-01
4.283195e-01	4.572828e-01	4.664609e-01	4.691567e-01	4.842059e-01	4.971535e-01
5.100408e-01	5.156678e-01	5.079249e-01	5.071805e-01	5.068708e-01	5.064645e-01
5.061358e-01	5.064065e-01	5.057794e-01	5.062345e-01	2.038044e-01	2.110456e-01
2.182747e-01	2.254447e-01	2.325316e-01	2.464321e-01	2.599647e-01	2.731553e-01
2.862492e-01	2.997356e-01	3.144904e-01	3.310453e-01	3.502272e-01	3.733197e-01
4.024893e-01	4.388874e-01	4.788781e-01	5.099071e-01	5.204447e-01	5.239741e-01
5.396153e-01	5.527807e-01	5.659716e-01	5.718808e-01	5.640062e-01	5.631995e-01
5.629013e-01	5.624972e-01	5.621585e-01	5.624314e-01	5.617987e-01	5.622571e-01
2.345571e-01	2.425228e-01	2.504752e-01	2.583697e-01	2.661836e-01	2.815492e-01
2.965690e-01	3.112772e-01	3.259352e-01	3.410550e-01	3.575474e-01	3.759634e-01
3.971518e-01	4.224230e-01	4.539734e-01	4.929097e-01	5.354046e-01	5.685874e-01
5.806762e-01	5.851965e-01	6.013653e-01	6.146320e-01	6.280358e-01	6.342217e-01
6.262796e-01	6.254060e-01	6.251256e-01	6.247290e-01	6.243822e-01	6.246545e-01
6.240226e-01	6.244796e-01	2.699502e-01	2.786947e-01	2.874259e-01	2.961032e-01
3.047056e-01	3.216706e-01	3.383275e-01	3.547195e-01	3.711233e-01	3.880704e-01
4.064995e-01	4.269763e-01	4.503635e-01	4.779850e-01	5.120431e-01	5.535817e-01
5.986035e-01	6.340207e-01	6.478782e-01	6.535723e-01	6.701816e-01	6.834039e-01
6.969059e-01	7.033582e-01	6.954288e-01	6.944833e-01	6.942282e-01	6.938459e-01
6.934932e-01	6.937614e-01	6.931384e-01	6.935878e-01	3.106839e-01	3.202616e-01
3.298277e-01	3.393475e-01	3.488025e-01	3.675093e-01	3.859657e-01	4.042247e-01
4.225764e-01	4.415670e-01	4.621535e-01	4.849109e-01	5.107047e-01	5.408552e-01
5.775407e-01	6.217217e-01	6.692623e-01	7.069840e-01	7.228577e-01	7.299373e-01
7.468727e-01	7.598708e-01	7.733282e-01	7.800314e-01	7.722129e-01	7.711904e-01
7.709696e-01	7.706095e-01	7.702540e-01	7.705139e-01	7.699093e-01	7.703440e-01
3.575641e-01	3.680282e-01	3.784846e-01	3.889074e-01	3.992812e-01	4.198802e-01
4.403116e-01	4.606388e-01	4.811630e-01	5.024383e-01	5.254272e-01	5.507065e-01
5.791306e-01	6.119947e-01	6.514165e-01	6.982491e-01	7.482616e-01	7.883440e-01
8.065145e-01	8.152250e-01	8.323399e-01	8.448937e-01	8.581310e-01	8.650627e-01
8.574750e-01	8.563698e-01	8.561942e-01	8.558658e-01	8.555111e-01	8.557576e-01
8.551832e-01	8.555945e-01	4.115181e-01	4.229190e-01	4.343196e-01	4.457052e-01
4.570651e-01	4.797140e-01	5.023097e-01	5.249262e-01	5.478721e-01	5.717009e-01
5.973638e-01	6.254295e-01	6.567244e-01	6.924914e-01	7.347419e-01	7.841961e-01
8.365860e-01	8.790669e-01	8.998530e-01	9.104779e-01	9.275874e-01	9.394299e-01
9.522332e-01	9.593633e-01	9.521511e-01	9.509575e-01	9.508396e-01	9.505544e-01
9.502051e-01	9.504320e-01	9.499019e-01	9.502792e-01	4.736134e-01	4.859968e-01
4.983915e-01	5.107981e-01	5.232115e-01	5.480743e-01	5.730375e-01	5.981856e-01
6.238299e-01	6.505116e-01	6.791492e-01	7.102915e-01	7.447146e-01	7.835759e-01
8.287259e-01	8.807223e-01	9.353361e-01	9.802303e-01	1.003994e+00	1.016860e+00
1.033734e+00	1.044544e+00	1.056655e+00	1.063944e+00	1.057281e+00	1.055993e+00
1.055947e+00	1.055719e+00	1.055381e+00	1.055580e+00	1.055112e+00	1.055442e+00
5.450786e-01	5.584825e-01	5.719155e-01	5.853975e-01	5.989306e-01	6.261760e-01
6.537241e-01	6.816692e-01	7.103186e-01	7.401865e-01	7.721319e-01	8.066679e-01
8.444939e-01	8.866410e-01	9.347318e-01	9.891299e-01	1.045743e+00	1.093036e+00
1.120187e+00	1.135673e+00	1.152028e+00	1.161419e+00	1.172527e+00	1.179924e+00
1.174018e+00	1.172629e+00	1.172674e+00	1.172518e+00	1.172197e+00	1.172362e+00
1.171974e+00	1.172243e+00	6.273273e-01	6.417793e-01	6.562859e-01	6.708916e-01
6.856077e-01	7.154074e-01	7.457717e-01	7.768039e-01	8.087982e-01	8.422234e-01
8.778449e-01	9.161213e-01	9.576420e-01	1.003262e+00	1.054297e+00	1.110881e+00
1.169181e+00	1.218822e+00	1.249827e+00	1.268368e+00	1.283859e+00	1.291372e+00
1.301105e+00	1.308548e+00	1.303644e+00	1.302148e+00	1.302304e+00	1.302240e+00
1.301945e+00	1.302063e+00	1.301780e+00	1.301970e+00	7.219868e-01	7.374998e-01
7.531028e-01	7.688718e-01	7.848287e-01	8.173545e-01	8.507802e-01	8.852157e-01
9.209311e-01	9.583263e-01	9.980312e-01	1.040426e+00	1.085950e+00	1.135223e+00
1.189157e+00	1.247619e+00	1.307191e+00	1.359085e+00	1.394470e+00	1.416567e+00
1.430775e+00	1.435865e+00	1.443784e+00	1.451193e+00	1.447583e+00	1.445973e+00
1.446263e+00	1.446313e+00	1.446053e+00	1.446113e+00	1.445963e+00	1.446053e+00
8.318484e-01	8.482573e-01	8.648156e-01	8.816447e-01	8.987802e-01	9.340282e-01
9.706733e-01	1.008831e+00	1.048731e+00	1.090666e+00	1.135055e+00	1.182162e+00
1.232206e+00	1.285458e+00	1.342234e+00	1.402056e+00	1.462230e+00	1.516410e+00
1.557452e+00	1.583988e+00	1.595372e+00	1.596755e+00	1.602681e+00	1.611170e+00
1.608652e+00	1.605892e+00	1.606712e+00	1.607150e+00	1.606910e+00	1.606829e+00
1.607006e+00	1.606861e+00	9.576546e-01	9.750098e-01	9.925856e-01	1.010554e+00
1.028966e+00	1.067191e+00	1.107379e+00	1.149647e+00	1.194166e+00	1.241089e+00
1.290573e+00	1.342739e+00	1.397533e+00	1.454817e+00	1.514220e+00	1.574897e+00
1.635053e+00	1.691197e+00	1.738180e+00	1.769640e+00	1.778198e+00	1.775486e+00
1.778602e+00	1.787338e+00	1.786639e+00	1.783328e+00	1.784495e+00	1.785204e+00
1.785013e+00	1.784816e+00	1.785262e+00	1.784920e+00	1.096760e+00	1.116011e+00
1.135507e+00	1.155443e+00	1.175887e+00	1.218377e+00	1.263085e+00	1.310106e+00
1.359532e+00	1.411407e+00	1.465688e+00	1.522357e+00	1.581161e+00	1.641682e+00
1.703160e+00	1.764540e+00	1.824505e+00	1.881161e+00	1.930907e+00	1.966591e+00
1.978305e+00	1.974425e+00	1.971126e+00	1.971803e+00	1.977179e+00	1.980347e+00
1.979386e+00	1.978729e+00	1.978789e+00	1.978907e+00	1.978597e+00	1.978753e+00
1.249915e+00	1.272237e+00	1.294778e+00	1.317711e+00	1.341117e+00	1.389434e+00
1.439774e+00	1.492180e+00	1.546644e+00	1.603159e+00	1.661581e+00	1.721801e+00
1.783482e+00	1.846133e+00	1.909018e+00	1.971075e+00	2.030882e+00	2.086455e+00
2.135104e+00	2.173635e+00	2.194625e+00	2.193249e+00	2.180525e+00	2.165258e+00
2.180505e+00	2.197075e+00	2.191457e+00	2.187796e+00	2.188297e+00	2.189170e+00
2.187069e+00	2.188429e+00	1.424756e+00	1.449944e+00	1.475313e+00	1.501022e+00
1.527157e+00	1.580836e+00	1.636331e+00	1.693607e+00	1.752549e+00	1.813034e+00
1.874808e+00	1.937677e+00	2.001337e+00	2.065401e+00	2.129470e+00	2.192732e+00
2.253480e+00	2.309002e+00	2.356088e+00	2.392578e+00	2.413889e+00	2.414703e+00
2.404174e+00	2.389502e+00	2.405054e+00	2.421022e+00	2.415363e+00	2.411805e+00
2.412327e+00	2.413199e+00	2.411144e+00	2.412470e+00	1.622748e+00	1.650879e+00
1.679131e+00	1.707634e+00	1.736481e+00	1.795407e+00	1.855814e+00	1.917571e+00
1.980455e+00	2.044202e+00	2.108475e+00	2.173023e+00	2.237677e+00	2.302316e+00
2.367144e+00	2.431809e+00	2.494116e+00	2.549965e+00	2.594520e+00	2.625192e+00
2.641326e+00	2.644536e+00	2.644124e+00	2.642159e+00	2.650808e+00	2.656646e+00
2.653922e+00	2.652548e+00	2.652806e+00	2.653170e+00	2.652402e+00	2.652860e+00
1.838743e+00	1.870918e+00	1.903058e+00	1.935180e+00	1.967390e+00	2.032389e+00
2.097874e+00	2.163653e+00	2.229518e+00	2.295308e+00	2.360931e+00	2.426178e+00
2.490952e+00	2.555241e+00	2.619548e+00	2.683736e+00	2.745384e+00	2.799835e+00
2.841760e+00	2.868933e+00	2.882799e+00	2.887774e+00	2.894480e+00	2.901605e+00
2.906514e+00	2.906012e+00	2.904748e+00	2.904686e+00	2.904835e+00	2.904860e+00
2.904947e+00	2.904841e+00	2.070006e+00	2.107884e+00	2.145438e+00	2.182430e+00
2.218980e+00	2.291251e+00	2.361969e+00	2.430952e+00	2.498249e+00	2.564235e+00
2.629595e+00	2.694303e+00	2.758196e+00	2.821077e+00	2.883209e+00	2.944275e+00
3.002110e+00	3.052834e+00	3.092382e+00	3.120259e+00	3.137028e+00	3.142564e+00
3.150714e+00	3.160054e+00	3.166761e+00	3.166926e+00	3.164477e+00	3.164137e+00
3.164448e+00	3.164445e+00	3.164587e+00	3.164475e+00	2.321189e+00	2.365494e+00
2.409073e+00	2.451367e+00	2.492528e+00	2.572143e+00	2.647514e+00	2.718543e+00
2.785655e+00	2.850019e+00	2.913433e+00	2.976091e+00	3.037745e+00	3.097931e+00
3.156456e+00	3.212746e+00	3.265210e+00	3.311475e+00	3.349104e+00	3.377701e+00
3.396696e+00	3.403273e+00	3.413073e+00	3.424566e+00	3.433697e+00	3.433993e+00
3.430636e+00	3.430056e+00	3.430449e+00	3.430546e+00	3.430578e+00	3.430554e+00
2.591785e+00	2.642977e+00	2.692941e+00	2.740739e+00	2.786559e+00	2.873185e+00
2.952296e+00	3.023939e+00	3.089021e+00	3.149719e+00	3.209187e+00	3.267894e+00
3.325531e+00	3.381406e+00	3.434879e+00	3.485179e+00	3.531361e+00	3.572652e+00
3.608105e+00	3.636701e+00	3.657393e+00	3.665775e+00	3.677729e+00	3.691314e+00
3.702787e+00	3.702761e+00	3.698910e+00	3.698197e+00	3.698603e+00	3.698850e+00
3.698709e+00	3.698807e+00	2.880430e+00	2.938419e+00	2.994646e+00	3.047721e+00
3.097857e+00	3.190550e+00	3.272106e+00	3.342718e+00	3.403856e+00	3.458771e+00
3.512010e+00	3.564424e+00	3.615748e+00	3.665319e+00	3.712448e+00	3.756412e+00
3.796493e+00	3.832414e+00	3.863858e+00	3.890905e+00	3.913865e+00	3.924858e+00
3.939313e+00	3.954377e+00	3.967077e+00	3.967340e+00	3.963286e+00	3.962519e+00
3.962966e+00	3.963218e+00	3.963068e+00	3.963205e+00	3.185753e+00	3.250579e+00
3.312984e+00	3.371064e+00	3.425063e+00	3.522445e+00	3.604454e+00	3.671587e+00
3.726068e+00	3.772515e+00	3.817229e+00	3.861509e+00	3.905096e+00	3.947256e+00
3.986969e+00	4.023374e+00	4.056157e+00	4.085843e+00	4.113095e+00	4.138755e+00
4.164046e+00	4.177473e+00	4.193810e+00	4.209447e+00	4.222906e+00	4.223877e+00
4.219983e+00	4.219309e+00	4.219842e+00	4.219937e+00	4.219997e+00	4.220047e+00
3.509494e+00	3.580094e+00	3.647591e+00	3.709561e+00	3.766290e+00	3.866105e+00
3.946384e+00	4.007958e+00	4.053809e+00	4.089849e+00	4.124004e+00	4.158021e+00
4.191713e+00	4.224468e+00	4.255263e+00	4.283340e+00	4.308688e+00	4.332178e+00
4.355023e+00	4.378842e+00	4.405777e+00	4.421082e+00	4.438406e+00	4.453717e+00
4.467632e+00	4.469344e+00	4.466328e+00	4.465822e+00	4.466372e+00	4.466372e+00
4.466552e+00	4.466547e+00	3.847237e+00	3.921440e+00	3.991922e+00	4.055775e+00
4.113347e+00	4.212210e+00	4.287973e+00	4.341755e+00	4.377186e+00	4.401187e+00
4.422928e+00	4.444568e+00	4.466129e+00	4.487400e+00	4.507871e+00	4.527221e+00
4.545522e+00	4.563273e+00	4.581543e+00	4.602804e+00	4.630185e+00	4.646456e+00
4.663506e+00	4.677357e+00	4.691277e+00	4.693647e+00	4.692417e+00	4.692157e+00
4.692617e+00	4.692637e+00	4.692767e+00	4.692777e+00	4.196278e+00	4.271942e+00
4.343288e+00	4.406950e+00	4.463378e+00	4.557651e+00	4.625724e+00	4.669087e+00
4.691944e+00	4.702096e+00	4.709729e+00	4.717336e+00	4.725286e+00	4.733845e+00
4.743147e+00	4.753429e+00	4.764669e+00	4.776568e+00	4.789634e+00	4.807357e+00
4.833968e+00	4.850350e+00	4.865885e+00	4.876980e+00	4.889999e+00	4.893121e+00
4.894388e+00	4.894487e+00	4.894811e+00	4.894827e+00	4.894913e+00	4.894933e+00
4.561236e+00	4.636490e+00	4.706856e+00	4.768521e+00	4.822066e+00	4.908541e+00
4.966106e+00	4.996664e+00	5.004961e+00	4.999591e+00	4.991596e+00	4.983784e+00
4.976921e+00	4.971773e+00	4.969180e+00	4.969939e+00	4.973826e+00	4.979508e+00
4.986713e+00	5.000021e+00	5.024782e+00	5.040572e+00	5.053667e+00	5.061106e+00
5.072514e+00	5.076385e+00	5.080617e+00	5.081148e+00	5.081297e+00	5.081306e+00
5.081335e+00	5.081370e+00	4.937614e+00	5.009413e+00	5.075893e+00	5.132947e+00
5.181277e+00	5.256060e+00	5.300087e+00	5.315333e+00	5.307018e+00	5.284442e+00
5.259361e+00	5.235044e+00	5.212752e+00	5.193718e+00	5.179176e+00	5.170119e+00
5.166056e+00	5.164659e+00	5.164884e+00	5.172175e+00	5.192899e+00	5.206889e+00
5.216068e+00	5.218399e+00	5.226842e+00	5.231353e+00	5.239220e+00	5.240291e+00
5.240180e+00	5.240213e+00	5.240132e+00	5.240212e+00	5.318851e+00	5.384277e+00
5.444026e+00	5.493739e+00	5.534263e+00	5.592731e+00	5.619499e+00	5.616763e+00
5.590169e+00	5.549493e+00	5.506844e+00	5.465872e+00	5.428141e+00	5.395204e+00
5.368678e+00	5.349658e+00	5.337317e+00	5.328248e+00	5.320567e+00	5.320601e+00
5.335579e+00	5.346642e+00	5.350797e+00	5.347225e+00	5.351785e+00	5.356750e+00
5.368460e+00	5.370116e+00	5.369710e+00	5.369765e+00	5.369564e+00	5.369696e+00
5.697209e+00	5.760189e+00	5.815514e+00	5.857310e+00	5.887055e+00	5.919188e+00
5.917581e+00	5.890348e+00	5.844058e+00	5.787717e+00	5.731862e+00	5.678567e+00
5.626948e+00	5.577859e+00	5.536303e+00	5.505857e+00	5.484958e+00	5.467493e+00
5.449620e+00	5.440880e+00	5.448898e+00	5.454276e+00	5.451490e+00	5.441869e+00
5.441291e+00	5.446110e+00	5.461725e+00	5.464035e+00	5.463397e+00	5.463266e+00
5.463129e+00	5.463220e+00	6.079582e+00	6.141631e+00	6.193078e+00	6.225799e+00
6.242258e+00	6.241134e+00	6.204381e+00	6.148816e+00	6.081725e+00	6.010512e+00
5.943192e+00	5.879389e+00	5.814517e+00	5.748288e+00	5.690431e+00	5.647926e+00
5.618256e+00	5.592029e+00	5.563168e+00	5.545153e+00	5.545741e+00	5.544698e+00
5.534696e+00	5.519314e+00	5.513565e+00	5.518076e+00	5.537285e+00	5.540213e+00
5.539376e+00	5.539020e+00	5.538990e+00	5.539019e+00	6.471690e+00	6.524513e+00
6.565126e+00	6.584514e+00	6.585850e+00	6.552403e+00	6.483681e+00	6.400267e+00
6.309866e+00	6.219293e+00	6.135546e+00	6.057248e+00	5.978374e+00	5.897824e+00
5.826327e+00	5.771408e+00	5.730209e+00	5.692700e+00	5.652549e+00	5.623276e+00
5.611450e+00	5.602875e+00	5.584965e+00	5.563334e+00	5.550912e+00	5.553929e+00
5.573183e+00	5.576177e+00	5.575181e+00	5.574726e+00	5.574724e+00	5.574751e+00
6.869101e+00	6.901143e+00	6.921913e+00	6.923087e+00	6.907810e+00	6.845067e+00
6.750051e+00	6.640563e+00	6.524523e+00	6.409871e+00	6.304749e+00	6.208414e+00
6.115475e+00	6.024086e+00	5.942275e+00	5.875334e+00	5.820966e+00	5.771111e+00
5.720578e+00	5.680198e+00	5.655999e+00	5.640477e+00	5.615167e+00	5.587882e+00
5.569323e+00	5.570723e+00	5.588794e+00	5.591653e+00	5.590547e+00	5.590061e+00
5.590052e+00	5.590099e+00	7.265359e+00	7.276897e+00	7.277677e+00	7.259754e+00
7.226398e+00	7.130476e+00	7.005179e+00	6.866973e+00	6.723926e+00	6.584438e+00
6.457232e+00	6.342067e+00	6.234348e+00	6.131539e+00	6.038573e+00	5.958377e+00
5.889374e+00	5.826050e+00	5.764878e+00	5.710535e+00	5.665201e+00	5.644098e+00
5.616256e+00	5.587571e+00	5.566767e+00	5.567112e+00	5.583044e+00	5.585590e+00
5.584502e+00	5.584044e+00	5.584026e+00	5.584084e+00	7.656599e+00	7.649288e+00
7.631005e+00	7.593710e+00	7.541042e+00	7.407947e+00	7.248021e+00	7.078464e+00
6.907338e+00	6.742685e+00	6.593060e+00	6.458548e+00	6.335353e+00	6.220338e+00
6.115284e+00	6.020973e+00	5.936315e+00	5.858190e+00	5.784854e+00	5.720337e+00
5.664721e+00	5.635761e+00	5.602004e+00	5.571433e+00	5.545879e+00	5.543178e+00
5.551536e+00	5.552946e+00	5.552007e+00	5.551677e+00	5.551634e+00	5.551718e+00
8.040446e+00	8.016634e+00	7.980839e+00	7.924333e+00	7.851374e+00	7.677378e+00
7.478519e+00	7.275025e+00	7.074737e+00	6.884539e+00	6.711983e+00	6.557367e+00
6.417535e+00	6.288889e+00	6.170022e+00	6.059889e+00	5.959457e+00	5.869310e+00
5.787096e+00	5.708724e+00	5.633110e+00	5.597203e+00	5.561034e+00	5.532121e+00
5.504467e+00	5.498563e+00	5.496695e+00	5.496541e+00	5.495905e+00	5.495766e+00
5.495716e+00	5.495806e+00	8.415965e+00	8.377201e+00	8.324775e+00	8.248788e+00
8.154365e+00	7.935812e+00	7.694299e+00	7.454736e+00	7.224580e+00	7.008815e+00
6.813255e+00	6.638488e+00	6.482188e+00	6.340472e+00	6.202253e+00	6.071493e+00
5.953740e+00	5.851112e+00	5.758606e+00	5.667558e+00	5.574973e+00	5.532120e+00
5.493706e+00	5.466889e+00	5.437211e+00	5.428121e+00	5.415415e+00	5.413614e+00
5.413334e+00	5.413376e+00	5.413350e+00	5.413424e+00	8.782051e+00	8.728367e+00
8.659107e+00	8.562740e+00	8.445329e+00	8.178307e+00	7.890452e+00	7.612749e+00
7.352037e+00	7.110994e+00	6.893005e+00	6.696244e+00	6.517558e+00	6.354161e+00
6.207864e+00	6.069237e+00	5.936889e+00	5.815060e+00	5.706626e+00	5.601291e+00
5.493733e+00	5.444434e+00	5.402814e+00	5.376596e+00	5.345493e+00	5.332940e+00
5.310525e+00	5.307191e+00	5.307112e+00	5.307407e+00	5.307184e+00	5.307392e+00
9.135697e+00	9.062019e+00	8.971139e+00	8.850706e+00	8.707801e+00	8.390056e+00
8.056250e+00	7.741395e+00	7.451103e+00	7.185565e+00	6.944968e+00	6.728215e+00
6.531183e+00	6.349803e+00	6.181075e+00	6.023698e+00	5.877242e+00	5.741337e+00
5.614913e+00	5.494000e+00	5.376367e+00	5.321611e+00	5.274096e+00	5.244123e+00
5.212349e+00	5.196257e+00	5.168504e+00	5.164164e+00	5.163914e+00	5.164544e+00
5.163734e+00	5.164334e+00	9.521186e+00	9.386559e+00	9.240383e+00	9.076318e+00
8.900427e+00	8.538587e+00	8.179513e+00	7.844874e+00	7.527284e+00	7.230510e+00
6.956503e+00	6.719912e+00	6.508978e+00	6.311214e+00	6.119390e+00	5.942980e+00
5.780598e+00	5.630716e+00	5.491548e+00	5.357717e+00	5.224803e+00	5.161559e+00
5.106729e+00	5.072242e+00	5.035432e+00	5.018287e+00	4.990103e+00	4.985774e+00
4.985449e+00	4.985959e+00	4.985371e+00	4.985754e+00	9.907709e+00	9.698714e+00
9.488483e+00	9.276988e+00	9.067242e+00	8.662723e+00	8.280057e+00	7.924532e+00
7.583081e+00	7.261140e+00	6.962983e+00	6.698520e+00	6.457212e+00	6.232784e+00
6.022677e+00	5.828418e+00	5.650763e+00	5.488944e+00	5.340772e+00	5.196042e+00
5.046429e+00	4.973736e+00	4.910726e+00	4.870466e+00	4.825915e+00	4.809463e+00
4.785222e+00	4.781702e+00	4.781265e+00	4.781411e+00	4.781391e+00	4.781280e+00
1.022797e+01	9.969885e+00	9.714989e+00	9.466355e+00	9.225946e+00	8.772616e+00
8.350179e+00	7.948099e+00	7.585614e+00	7.252735e+00	6.944888e+00	6.653804e+00
6.384879e+00	6.138013e+00	5.909676e+00	5.698183e+00	5.504660e+00	5.328325e+00
5.166798e+00	5.008720e+00	4.844837e+00	4.764549e+00	4.692984e+00	4.644540e+00
4.591393e+00	4.575722e+00	4.558585e+00	4.556355e+00	4.555532e+00	4.555421e+00
4.555524e+00	4.555190e+00	1.049158e+01	1.020109e+01	9.914937e+00	9.636740e+00
9.368298e+00	8.862970e+00	8.395601e+00	7.955473e+00	7.556203e+00	7.189131e+00
6.852709e+00	6.544458e+00	6.262216e+00	6.002788e+00	5.761574e+00	5.535788e+00
5.326671e+00	5.133632e+00	4.954640e+00	4.780970e+00	4.605677e+00	4.519906e+00
4.439444e+00	4.380125e+00	4.317023e+00	4.302522e+00	4.296618e+00	4.296329e+00
4.294827e+00	4.294533e+00	4.294336e+00	4.294021e+00	1.073235e+01	1.040512e+01
1.008398e+01	9.773918e+00	9.476258e+00	8.917337e+00	8.395446e+00	7.938823e+00
7.504668e+00	7.107315e+00	6.746816e+00	6.419511e+00	6.121438e+00	5.848135e+00
5.593676e+00	5.354141e+00	5.130487e+00	4.922368e+00	4.727457e+00	4.538172e+00
4.348944e+00	4.256810e+00	4.169967e+00	4.105168e+00	4.035643e+00	4.020399e+00
4.017894e+00	4.018278e+00	4.016473e+00	4.016112e+00	4.015772e+00	4.015376e+00
1.095615e+01	1.059119e+01	1.023451e+01	9.892732e+00	9.566614e+00	8.958021e+00
8.387839e+00	7.886230e+00	7.422161e+00	7.000218e+00	6.618742e+00	6.273938e+00
5.961149e+00	5.674986e+00	5.408368e+00	5.156364e+00	4.919438e+00	4.697653e+00
4.488167e+00	4.283978e+00	4.080659e+00	3.982443e+00	3.891287e+00	3.824403e+00
3.751061e+00	3.734017e+00	3.729853e+00	3.730046e+00	3.728194e+00	3.727856e+00
3.727456e+00	3.726956e+00	1.115873e+01	1.075397e+01	1.035998e+01	9.985444e+00
9.629907e+00	8.967439e+00	8.373235e+00	7.826682e+00	7.334217e+00	6.889828e+00
6.489382e+00	6.128382e+00	5.801431e+00	5.502261e+00	5.222697e+00	4.957037e+00
4.705667e+00	4.469457e+00	4.246221e+00	4.030033e+00	3.817894e+00	3.716255e+00
3.621377e+00	3.551309e+00	3.475855e+00	3.457477e+00	3.449394e+00	3.448945e+00
3.447187e+00	3.446894e+00	3.446537e+00	3.446057e+00	1.133620e+01	1.089072e+01
1.045935e+01	1.005327e+01	9.670604e+00	8.961799e+00	8.326311e+00	7.751355e+00
7.236052e+00	6.773335e+00	6.356981e+00	5.981532e+00	5.640990e+00	5.328297e+00
5.034220e+00	4.752588e+00	4.484316e+00	4.231791e+00	3.995285e+00	3.770617e+00
3.556450e+00	3.454742e+00	3.356679e+00	3.281771e+00	3.206310e+00	3.187091e+00
3.171772e+00	3.170017e+00	3.168554e+00	3.168341e+00	3.168169e+00	3.167847e+00
1.150087e+01	1.101713e+01	1.055094e+01	1.011573e+01	9.708103e+00	8.955781e+00
8.282694e+00	7.680014e+00	7.141802e+00	6.659917e+00	6.226420e+00	5.835158e+00
5.479958e+00	5.153595e+00	4.846736e+00	4.553194e+00	4.273745e+00	4.010574e+00
3.764664e+00	3.532270e+00	3.312600e+00	3.208536e+00	3.107417e+00	3.029603e+00
2.952826e+00	2.932879e+00	2.914205e+00	2.911849e+00	2.910463e+00	2.910277e+00
2.910173e+00	2.910382e+00	1.164986e+01	1.113106e+01	1.063320e+01	1.017187e+01
9.741917e+00	8.949529e+00	8.244207e+00	7.615189e+00	7.054835e+00	6.553710e+00
6.102553e+00	5.694788e+00	5.324391e+00	4.984485e+00	4.666387e+00	4.364166e+00
4.077830e+00	3.808120e+00	3.555473e+00	3.316244e+00	3.089430e+00	2.981686e+00
2.877240e+00	2.797047e+00	2.717780e+00	2.697374e+00	2.678704e+00	2.676339e+00
2.674846e+00	2.674658e+00	2.674532e+00	2.675459e+00	1.177888e+01	1.122881e+01
1.070301e+01	1.021931e+01	9.770507e+00	8.944071e+00	8.211182e+00	7.560119e+00
6.980948e+00	6.462988e+00	5.996029e+00	5.573287e+00	5.188924e+00	4.836484e+00
4.508009e+00	4.197863e+00	3.905319e+00	3.629800e+00	3.370918e+00	3.126048e+00
2.893769e+00	2.782869e+00	2.674356e+00	2.590120e+00	2.507703e+00	2.487212e+00
2.470086e+00	2.467964e+00	2.466288e+00	2.466107e+00	2.465941e+00	2.467303e+00
1.189306e+01	1.131469e+01	1.076396e+01	1.026109e+01	9.796566e+00	8.942388e+00
8.185361e+00	7.516779e+00	6.922593e+00	6.390955e+00	5.910819e+00	5.475384e+00
5.079023e+00	4.715662e+00	4.378017e+00	4.060735e+00	3.762449e+00	3.481521e+00
3.216696e+00	2.966281e+00	2.728155e+00	2.613809e+00	2.501173e+00	2.413044e+00
2.327076e+00	2.306203e+00	2.290160e+00	2.288226e+00	2.286407e+00	2.286225e+00
2.285986e+00	2.287055e+00	1.199412e+01	1.139030e+01	1.081752e+01	1.029836e+01
9.821058e+00	8.942772e+00	8.171519e+00	7.489704e+00	6.884748e+00	6.343177e+00
5.853060e+00	5.407583e+00	5.001324e+00	4.628862e+00	4.283083e+00	3.958804e+00
3.654304e+00	3.367438e+00	3.096299e+00	2.839133e+00	2.593349e+00	2.474618e+00
2.357551e+00	2.265734e+00	2.175516e+00	2.153622e+00	2.137243e+00	2.135315e+00
2.133421e+00	2.133221e+00	2.132970e+00	2.133019e+00	1.207902e+01	1.145379e+01
1.086287e+01	1.033099e+01	9.844403e+00	8.950158e+00	8.166331e+00	7.476945e+00
6.865970e+00	6.318759e+00	5.822715e+00	5.370985e+00	4.958286e+00	4.578904e+00
4.226157e+00	3.895071e+00	3.583875e+00	3.290419e+00	3.012381e+00	2.746980e+00
2.491214e+00	2.366718e+00	2.244113e+00	2.147952e+00	2.052261e+00	2.028628e+00
2.010479e+00	2.008368e+00	2.006437e+00	2.006206e+00	2.005996e+00	2.004636e+00
1.214726e+01	1.150566e+01	1.090141e+01	1.036113e+01	9.869013e+00	8.964294e+00
8.174852e+00	7.483659e+00	6.871281e+00	6.322803e+00	5.825505e+00	5.372508e+00
4.958504e+00	4.574222e+00	4.214765e+00	3.875671e+00	3.555520e+00	3.252677e+00
2.964541e+00	2.686187e+00	2.417104e+00	2.286140e+00	2.156169e+00	2.053320e+00
1.950109e+00	1.924037e+00	1.903430e+00	1.901047e+00	1.899022e+00	1.898756e+00
1.898561e+00	1.896611e+00	1.220388e+01	1.154972e+01	1.093557e+01	1.038977e+01
9.894670e+00	8.985693e+00	8.194512e+00	7.499721e+00	6.884372e+00	6.333090e+00
5.832884e+00	5.376739e+00	4.959149e+00	4.571786e+00	4.208462e+00	3.864310e+00
3.538065e+00	3.228461e+00	2.932747e+00	2.644285e+00	2.362275e+00	2.223451e+00
2.084169e+00	1.972734e+00	1.860871e+00	1.832240e+00	1.809117e+00	1.806431e+00
1.804256e+00	1.803958e+00	1.803757e+00	1.801851e+00	1.224144e+01	1.158279e+01
1.096428e+01	1.041744e+01	9.922500e+00	9.012281e+00	8.220565e+00	7.523815e+00
6.906396e+00	6.352980e+00	5.850540e+00	5.391791e+00	4.970760e+00	4.582439e+00
4.218230e+00	3.872446e+00	3.543943e+00	3.231655e+00	2.932807e+00	2.640235e+00
2.342477e+00	2.188217e+00	2.031502e+00	1.905759e+00	1.782724e+00	1.751647e+00
1.726076e+00	1.722987e+00	1.720554e+00	1.720268e+00	1.719963e+00	1.719574e+00
1.226492e+01	1.160548e+01	1.098721e+01	1.044365e+01	9.953068e+00	9.049438e+00
8.262984e+00	7.568623e+00	6.952201e+00	6.399641e+00	5.898916e+00	5.442597e+00
5.024225e+00	4.636701e+00	4.271110e+00	3.921338e+00	3.586541e+00	3.266132e+00
2.957134e+00	2.650593e+00	2.334743e+00	2.168655e+00	1.995012e+00	1.852334e+00
1.715470e+00	1.681795e+00	1.654087e+00	1.650599e+00	1.647748e+00	1.647459e+00
1.647043e+00	1.649185e+00	1.226082e+01	1.160600e+01	1.100186e+01	1.046913e+01
9.987280e+00	9.095795e+00	8.316101e+00	7.624209e+00	7.008009e+00	6.455280e+00
5.955466e+00	5.501083e+00	5.085166e+00	4.699817e+00	4.335246e+00	3.984532e+00
3.646435e+00	3.319846e+00	3.000939e+00	2.678680e+00	2.344499e+00	2.171820e+00
1.983029e+00	1.816298e+00	1.656787e+00	1.619077e+00	1.591524e+00	1.588179e+00
1.584261e+00	1.583623e+00	1.583568e+00	1.588465e+00	1.224537e+01	1.160433e+01
1.101305e+01	1.049325e+01	1.002335e+01	9.150072e+00	8.380017e+00	7.692037e+00
7.076459e+00	6.523572e+00	6.024874e+00	5.573010e+00	5.160578e+00	4.779125e+00
4.418087e+00	4.069708e+00	3.731850e+00	3.401885e+00	3.074418e+00	2.737242e+00
2.377441e+00	2.185597e+00	1.975849e+00	1.788283e+00	1.604369e+00	1.562007e+00
1.535601e+00	1.532629e+00	1.527394e+00	1.526269e+00	1.526764e+00	1.534433e+00
1.222927e+01	1.160102e+01	1.101553e+01	1.050781e+01	1.005124e+01	9.198605e+00
8.441536e+00	7.761537e+00	7.150514e+00	6.600580e+00	6.104903e+00	5.656474e+00
5.247727e+00	4.869901e+00	4.511949e+00	4.165526e+00	3.827743e+00	3.494649e+00
3.159132e+00	2.806809e+00	2.419788e+00	2.206791e+00	1.976127e+00	1.775744e+00
1.560442e+00	1.511669e+00	1.486382e+00	1.483936e+00	1.477227e+00	1.475577e+00
1.476661e+00	1.486634e+00	1.221206e+01	1.158897e+01	1.101189e+01	1.051611e+01
1.007107e+01	9.239862e+00	8.499432e+00	7.833163e+00	7.233293e+00	6.692269e+00
6.203493e+00	5.760268e+00	5.355351e+00	4.980289e+00	4.624283e+00	4.278950e+00
3.940995e+00	3.605688e+00	3.264287e+00	2.898911e+00	2.486771e+00	2.254725e+00
1.998381e+00	1.770643e+00	1.524488e+00	1.468059e+00	1.443891e+00	1.442102e+00
1.433798e+00	1.431595e+00	1.433275e+00	1.445170e+00	1.218686e+01	1.157074e+01
1.100379e+01	1.051801e+01	1.008804e+01	9.280437e+00	8.558356e+00	7.907091e+00
7.319413e+00	6.788190e+00	6.307163e+00	5.869975e+00	5.469741e+00	5.098347e+00
4.745268e+00	4.402112e+00	4.065146e+00	3.728792e+00	3.382559e+00	3.004744e+00
2.567099e+00	2.315013e+00	2.030824e+00	1.774400e+00	1.496468e+00	1.430636e+00
1.406769e+00	1.405626e+00	1.395679e+00	1.392924e+00	1.395459e+00	1.408176e+00
1.215143e+01	1.154406e+01	1.098793e+01	1.051805e+01	1.010249e+01	9.320132e+00
8.617977e+00	7.982903e+00	7.408386e+00	6.887811e+00	6.415387e+00	5.985138e+00
5.590566e+00	5.223904e+00	4.874929e+00	4.535265e+00	4.200723e+00	3.864817e+00
3.515203e+00	3.126136e+00	2.663441e+00	2.390939e+00	2.078250e+00	1.792337e+00
1.476091e+00	1.399337e+00	1.374644e+00	1.374075e+00	1.362483e+00	1.359189e+00
1.362641e+00	1.375135e+00	1.211021e+01	1.151210e+01	1.096788e+01	1.051360e+01
1.011478e+01	9.358347e+00	8.677200e+00	8.059329e+00	7.498976e+00	6.990003e+00
6.527081e+00	6.104674e+00	5.716680e+00	5.355690e+00	5.011872e+00	4.676893e+00
4.346136e+00	4.012198e+00	3.660834e+00	3.262099e+00	2.775354e+00	2.482286e+00
2.140131e+00	1.822635e+00	1.464522e+00	1.374608e+00	1.347190e+00	1.346995e+00
1.333807e+00	1.330005e+00	1.334150e+00	1.345471e+00	1.206629e+01	1.147793e+01
1.094601e+01	1.050799e+01	1.012655e+01	9.396094e+00	8.736577e+00	8.136612e+00
7.591131e+00	7.094501e+00	6.641872e+00	6.228130e+00	5.847583e+00	5.493200e+00
5.155565e+00	4.826456e+00	4.500812e+00	4.170377e+00	3.819005e+00	3.412407e+00
2.902969e+00	2.589446e+00	2.216972e+00	1.865696e+00	1.462449e+00	1.355916e+00
1.323958e+00	1.323840e+00	1.309119e+00	1.304848e+00	1.309547e+00	1.319295e+00
1.201763e+01	1.143966e+01	1.092051e+01	1.049938e+01	1.013474e+01	9.430713e+00
8.793274e+00	8.211770e+00	7.681776e+00	7.198164e+00	6.756554e+00	6.352254e+00
5.979989e+00	5.633139e+00	5.302717e+00	4.980655e+00	4.661495e+00	4.336131e+00
3.986485e+00	3.573760e+00	3.043036e+00	2.709450e+00	2.306516e+00	1.919957e+00
1.463627e+00	1.344201e+00	1.303735e+00	1.303406e+00	1.287265e+00	1.282539e+00
1.287850e+00	1.295703e+00	1.196911e+01	1.140123e+01	1.089443e+01	1.048872e+01
1.014019e+01	9.461549e+00	8.845627e+00	8.282485e+00	7.768232e+00	7.298190e+00
6.868379e+00	6.474481e+00	6.111587e+00	5.773457e+00	5.451454e+00	5.137650e+00
4.826345e+00	4.507721e+00	4.162073e+00	3.746580e+00	3.198614e+00	2.846347e+00
2.412707e+00	1.988636e+00	1.477892e+00	1.338561e+00	1.287132e+00	1.285742e+00
1.268356e+00	1.263417e+00	1.268916e+00	1.274884e+00	1.195136e+01	1.138792e+01
1.088776e+01	1.049163e+01	1.015239e+01	9.492292e+00	8.892670e+00	8.344715e+00
7.844737e+00	7.388243e+00	6.971359e+00	6.589816e+00	6.238702e+00	5.911631e+00
5.599602e+00	5.294479e+00	4.990807e+00	4.679159e+00	4.340468e+00	3.932572e+00
3.383288e+00	3.014022e+00	2.536401e+00	2.059316e+00	1.497791e+00	1.345546e+00
1.276029e+00	1.270040e+00	1.251992e+00	1.248456e+00	1.250505e+00	1.256568e+00
1.193787e+01	1.137796e+01	1.088306e+01	1.049604e+01	1.016764e+01	9.522637e+00
8.937703e+00	8.403979e+00	7.917816e+00	7.474844e+00	7.071247e+00	6.702749e+00
6.364357e+00	6.049402e+00	5.748311e+00	5.452619e+00	5.157257e+00	4.853540e+00
4.523826e+00	4.128465e+00	3.586023e+00	3.201828e+00	2.675504e+00	2.138121e+00
1.525361e+00	1.360882e+00	1.267135e+00	1.256080e+00	1.237377e+00	1.235376e+00
1.233514e+00	1.240048e+00	1.191517e+01	1.136125e+01	1.087407e+01	1.049620e+01
1.017974e+01	9.552753e+00	8.984220e+00	8.465633e+00	7.993560e+00	7.563861e+00
7.172908e+00	6.816587e+00	6.490012e+00	6.186564e+00	5.896574e+00	5.611478e+00
5.326341e+00	5.032608e+00	4.712749e+00	4.326706e+00	3.785695e+00	3.389940e+00
2.829945e+00	2.242886e+00	1.563301e+00	1.377633e+00	1.260086e+00	1.245419e+00
1.225013e+00	1.223260e+00	1.220437e+00	1.226065e+00	1.187960e+01	1.133514e+01
1.085828e+01	1.049267e+01	1.018871e+01	9.581880e+00	9.031070e+00	8.528237e+00
8.070293e+00	7.653435e+00	7.274353e+00	6.929268e+00	6.613585e+00	6.321044e+00
6.042339e+00	5.769056e+00	5.496206e+00	5.214809e+00	4.906135e+00	4.526745e+00
3.982559e+00	3.578988e+00	3.002788e+00	2.384645e+00	1.621432e+00	1.400523e+00
1.254676e+00	1.237146e+00	1.214841e+00	1.212502e+00	1.210103e+00	1.214351e+00
1.182965e+01	1.129577e+01	1.083192e+01	1.048219e+01	1.018902e+01	9.604883e+00
9.073067e+00	8.586842e+00	8.143337e+00	7.739053e+00	7.370946e+00	7.035757e+00
6.729545e+00	6.446887e+00	6.179537e+00	5.919775e+00	5.662425e+00	5.397779e+00
5.104412e+00	4.730926e+00	4.176248e+00	3.762849e+00	3.175612e+00	2.535475e+00
1.696684e+00	1.437440e+00	1.250059e+00	1.226782e+00	1.207361e+00	1.204269e+00
1.196975e+00	1.203576e+00	1.177107e+01	1.124891e+01	1.079902e+01	1.046479e+01
1.018882e+01	9.625081e+00	9.112448e+00	8.642903e+00	8.213665e+00	7.821572e+00
7.463882e+00	7.137934e+00	6.840597e+00	6.567486e+00	6.311759e+00	6.066694e+00
5.826932e+00	5.581873e+00	5.306580e+00	4.939168e+00	4.370799e+00	3.947377e+00
3.354191e+00	2.700087e+00	1.789975e+00	1.489825e+00	1.246097e+00	1.216199e+00
1.201174e+00	1.197295e+00	1.183106e+00	1.193631e+00	1.174312e+01	1.123280e+01
1.079019e+01	1.046113e+01	1.019133e+01	9.650108e+00	9.152159e+00	8.694109e+00
8.274525e+00	7.891499e+00	7.543349e+00	7.227728e+00	6.941594e+00	6.680718e+00
6.438499e+00	6.208335e+00	5.984481e+00	5.755162e+00	5.494509e+00	5.141201e+00
4.582692e+00	4.159314e+00	3.559083e+00	2.878710e+00	1.881972e+00	1.544036e+00
1.246295e+00	1.213427e+00	1.194269e+00	1.190237e+00	1.176122e+00	1.185355e+00
1.173271e+01	1.123059e+01	1.079680e+01	1.047734e+01	1.021637e+01	9.684262e+00
9.193015e+00	8.739928e+00	8.324835e+00	7.947433e+00	7.607587e+00	7.303059e+00
7.030393e+00	6.784668e+00	6.558001e+00	6.342529e+00	6.131793e+00	5.912677e+00
5.661834e+00	5.332299e+00	4.819431e+00	4.414693e+00	3.804153e+00	3.073428e+00
1.968450e+00	1.599854e+00	1.259260e+00	1.214769e+00	1.186071e+00	1.182986e+00
1.173496e+00	1.178776e+00	1.173196e+01	1.123119e+01	1.080123e+01	1.048673e+01
1.023114e+01	9.706478e+00	9.223219e+00	8.778207e+00	8.371202e+00	8.002106e+00
7.671116e+00	7.376304e+00	7.114550e+00	6.881337e+00	6.669321e+00	6.470597e+00
6.277230e+00	6.072885e+00	5.833307e+00	5.519224e+00	5.033787e+00	4.646932e+00
4.049551e+00	3.298818e+00	2.079745e+00	1.661095e+00	1.271247e+00	1.217448e+00
1.181005e+00	1.176486e+00	1.171031e+00	1.172922e+00	1.173243e+01	1.123246e+01
1.080391e+01	1.049202e+01	1.023971e+01	9.721915e+00	9.246677e+00	8.810758e+00
8.413469e+00	8.054048e+00	7.732086e+00	7.445932e+00	7.193206e+00	6.970349e+00
6.771416e+00	6.589283e+00	6.415034e+00	6.229600e+00	6.005989e+00	5.704874e+00
5.234354e+00	4.862134e+00	4.289917e+00	3.544695e+00	2.219733e+00	1.732976e+00
1.283318e+00	1.221979e+00	1.177746e+00	1.171120e+00	1.168117e+00	1.167777e+00
1.172852e+01	1.123176e+01	1.080624e+01	1.049751e+01	1.024853e+01	9.737419e+00
9.269166e+00	8.840757e+00	8.451419e+00	8.100158e+00	7.786467e+00	7.508821e+00
7.265106e+00	7.052075e+00	6.864179e+00	6.694861e+00	6.536158e+00	6.370288e+00
6.170568e+00	5.894017e+00	5.445399e+00	5.084460e+00	4.524804e+00	3.778335e+00
2.375232e+00	1.826517e+00	1.300347e+00	1.226987e+00	1.174990e+00	1.167579e+00
1.163445e+00	1.163413e+00	1.172698e+01	1.123425e+01	1.081211e+01	1.050638e+01
1.026011e+01	9.754597e+00	9.292117e+00	8.869923e+00	8.487286e+00	8.143247e+00
7.837325e+00	7.568077e+00	7.333447e+00	7.130244e+00	6.952839e+00	6.794915e+00
6.649514e+00	6.500509e+00	6.322701e+00	6.073112e+00	5.656189e+00	5.312357e+00
4.767188e+00	4.016595e+00	2.540383e+00	1.937507e+00	1.324221e+00	1.234501e+00
1.172449e+00	1.166370e+00	1.158353e+00	1.159964e+00	1.172459e+01	1.123526e+01
1.081665e+01	1.051362e+01	1.026965e+01	9.769239e+00	9.311996e+00	8.895438e+00
8.518843e+00	8.181249e+00	7.882167e+00	7.620284e+00	7.393715e+00	7.199481e+00
7.032159e+00	6.885808e+00	6.754214e+00	6.622401e+00	6.466327e+00	6.243535e+00
5.859484e+00	5.534943e+00	5.009187e+00	4.262286e+00	2.720596e+00	2.060126e+00
1.352170e+00	1.244728e+00	1.171385e+00	1.165068e+00	1.153840e+00	1.156732e+00
1.171950e+01	1.123439e+01	1.081915e+01	1.051847e+01	1.027647e+01	9.780680e+00
9.328148e+00	8.916629e+00	8.545345e+00	8.213256e+00	7.919821e+00	7.663921e+00
7.443978e+00	7.257431e+00	7.099463e+00	6.964756e+00	6.847602e+00	6.733557e+00
6.599049e+00	6.401897e+00	6.049285e+00	5.744825e+00	5.243671e+00	4.512389e+00
2.919404e+00	2.194678e+00	1.384846e+00	1.259635e+00	1.171160e+00	1.163433e+00
1.150578e+00	1.153717e+00	1.171294e+01	1.123304e+01	1.082169e+01	1.052356e+01
1.028364e+01	9.792362e+00	9.344135e+00	8.936854e+00	8.569749e+00	8.241887e+00
7.952817e+00	7.701679e+00	7.487180e+00	7.307230e+00	7.157689e+00	7.033944e+00
6.930771e+00	6.834098e+00	6.720991e+00	6.550248e+00	6.230472e+00	5.945628e+00
5.466760e+00	4.757167e+00	3.139220e+00	2.345165e+00	1.422257e+00	1.278222e+00
1.172624e+00	1.162299e+00	1.149729e+00	1.151384e+00	1.170643e+01	1.123172e+01
1.082452e+01	1.052891e+01	1.029083e+01	9.803515e+00	9.359090e+00	8.955569e+00
8.592177e+00	8.268099e+00	7.982961e+00	7.736142e+00	7.526583e+00	7.352604e+00
7.210652e+00	7.096817e+00	7.006626e+00	6.927019e+00	6.836054e+00	6.692666e+00
6.406156e+00	6.141262e+00	5.686118e+00	5.002869e+00	3.374640e+00	2.511035e+00
1.464803e+00	1.300361e+00	1.175818e+00	1.161482e+00	1.149141e+00	1.149395e+00
1.170345e+01	1.123293e+01	1.082953e+01	1.053560e+01	1.029806e+01	9.812766e+00
9.370914e+00	8.970619e+00	8.610931e+00	8.290943e+00	8.010118e+00	7.767900e+00
7.563245e+00	7.394503e+00	7.258133e+00	7.150785e+00	7.070031e+00	7.006892e+00
6.941876e+00	6.828470e+00	6.572571e+00	6.327793e+00	5.903609e+00	5.249263e+00
3.608883e+00	2.694691e+00	1.516160e+00	1.326595e+00	1.179296e+00	1.161923e+00
1.147956e+00	1.147800e+00	1.170191e+01	1.123762e+01	1.083757e+01	1.054378e+01
1.030524e+01	9.820525e+00	9.380392e+00	8.982793e+00	8.626525e+00	8.310524e+00
8.033985e+00	7.796290e+00	7.596260e+00	7.432010e+00	7.299656e+00	7.196394e+00
7.122507e+00	7.074504e+00	7.036558e+00	6.954134e+00	6.726861e+00	6.502274e+00
6.114243e+00	5.491144e+00	3.841562e+00	2.898378e+00	1.580366e+00	1.359658e+00
1.183978e+00	1.164624e+00	1.146175e+00	1.146556e+00	1.169302e+01	1.123612e+01
1.084318e+01	1.055149e+01	1.031261e+01	9.829440e+00	9.391191e+00	8.995814e+00
8.642008e+00	8.328724e+00	8.055145e+00	7.820709e+00	7.624318e+00	7.464175e+00
7.336499e+00	7.238852e+00	7.172658e+00	7.136594e+00	7.116954e+00	7.059863e+00
6.867062e+00	6.665769e+00	6.308962e+00	5.718561e+00	4.088875e+00	3.109986e+00
1.653366e+00	1.400178e+00	1.190730e+00	1.167566e+00	1.145332e+00	1.145677e+00
1.167223e+01	1.123037e+01	1.084777e+01	1.055877e+01	1.031969e+01	9.838512e+00
9.402169e+00	9.008685e+00	8.656798e+00	8.345587e+00	8.074335e+00	7.842556e+00
7.649299e+00	7.492963e+00	7.370045e+00	7.278451e+00	7.220070e+00	7.194186e+00
7.188824e+00	7.154324e+00	6.998171e+00	6.821772e+00	6.494318e+00	5.938189e+00
4.348791e+00	3.332548e+00	1.736070e+00	1.448453e+00	1.199775e+00	1.171100e+00
1.144757e+00	1.144965e+00	1.164951e+01	1.122305e+01	1.084886e+01	1.056259e+01
1.032250e+01	9.843341e+00	9.408819e+00	9.017135e+00	8.667122e+00	8.357921e+00
8.088899e+00	7.859607e+00	7.669230e+00	7.516300e+00	7.397494e+00	7.311053e+00
7.259382e+00	7.242643e+00	7.250784e+00	7.237769e+00	7.116277e+00	6.964061e+00
6.666699e+00	6.147676e+00	4.610289e+00	3.564626e+00	1.828528e+00	1.503132e+00
1.210199e+00	1.175178e+00	1.144338e+00	1.144051e+00	1.162309e+01	1.121157e+01
1.084802e+01	1.056405e+01	1.032308e+01	9.845132e+00	9.411912e+00	9.021673e+00
8.673310e+00	8.365955e+00	8.099002e+00	7.871975e+00	7.684152e+00	7.534101e+00
7.418525e+00	7.336005e+00	7.289650e+00	7.281075e+00	7.302646e+00	7.310237e+00
7.219461e+00	7.089299e+00	6.822001e+00	6.342622e+00	4.868390e+00	3.804237e+00
1.934737e+00	1.567666e+00	1.223039e+00	1.180181e+00	1.144012e+00	1.142740e+00
1.159009e+01	1.119718e+01	1.084714e+01	1.056794e+01	1.032692e+01	9.851885e+00
9.420082e+00	9.030766e+00	8.683080e+00	8.376364e+00	8.110303e+00	7.884589e+00
7.698742e+00	7.551726e+00	7.440914e+00	7.364982e+00	7.325657e+00	7.321296e+00
7.343424e+00	7.361637e+00	7.310627e+00	7.210861e+00	6.974052e+00	6.527212e+00
5.124795e+00	4.053255e+00	2.053878e+00	1.641867e+00	1.238714e+00	1.186862e+00
1.144119e+00	1.142163e+00	1.155677e+01	1.118232e+01	1.084590e+01	1.057151e+01
1.033163e+01	9.859237e+00	9.428754e+00	9.040000e+00	8.692506e+00	8.385957e+00
8.120383e+00	7.895628e+00	7.711426e+00	7.567166e+00	7.461020e+00	7.391758e+00
7.359294e+00	7.357678e+00	7.377531e+00	7.403324e+00	7.389927e+00	7.321235e+00
7.116382e+00	6.701227e+00	5.373366e+00	4.308509e+00	2.188656e+00	1.727066e+00
1.257680e+00	1.195239e+00	1.144735e+00	1.141767e+00	1.153600e+01	1.117310e+01
1.084395e+01	1.057137e+01	1.033063e+01	9.859493e+00	9.430117e+00	9.042439e+00
8.696050e+00	8.390683e+00	8.126441e+00	7.903159e+00	7.720612e+00	7.578226e+00
7.474254e+00	7.407654e+00	7.378800e+00	7.382627e+00	7.411140e+00	7.449992e+00
7.458614e+00	7.409995e+00	7.238953e+00	6.865819e+00	5.606690e+00	4.564028e+00
2.341480e+00	1.822691e+00	1.279473e+00	1.204189e+00	1.145844e+00	1.141092e+00
1.152361e+01	1.117021e+01	1.084789e+01	1.057707e+01	1.033544e+01	9.865138e+00
9.436736e+00	9.050049e+00	8.704562e+00	8.399935e+00	8.136596e+00	7.914388e+00
7.733133e+00	7.592298e+00	7.490220e+00	7.426036e+00	7.400400e+00	7.408792e+00
7.444174e+00	7.493970e+00	7.522703e+00	7.492619e+00	7.353770e+00	7.022242e+00
5.834675e+00	4.820668e+00	2.514147e+00	1.932279e+00	1.305973e+00	1.215693e+00
1.148377e+00	1.141056e+00	1.150945e+01	1.116528e+01	1.084875e+01	1.057901e+01
1.033686e+01	9.867083e+00	9.439004e+00	9.052716e+00	8.707873e+00	8.404351e+00
8.142124e+00	7.921123e+00	7.741185e+00	7.601845e+00	7.501544e+00	7.439549e+00
7.416790e+00	7.429214e+00	7.470625e+00	7.530113e+00	7.576675e+00	7.563367e+00
7.455391e+00	7.165667e+00	6.052948e+00	5.074738e+00	2.702234e+00	2.053442e+00
1.336052e+00	1.228909e+00	1.151286e+00	1.140832e+00	1.149177e+01	1.115521e+01
1.084433e+01	1.057603e+01	1.033333e+01	9.864524e+00	9.437412e+00	9.052064e+00
8.708109e+00	8.405399e+00	8.144052e+00	7.924048e+00	7.745209e+00	7.607123e+00
7.508322e+00	7.448156e+00	7.427804e+00	7.443598e+00	7.490039e+00	7.557733e+00
7.619458e+00	7.620698e+00	7.541159e+00	7.292097e+00	6.256035e+00	5.320204e+00
2.905355e+00	2.188008e+00	1.371060e+00	1.244610e+00	1.154395e+00	1.139931e+00
1.148005e+01	1.115051e+01	1.084461e+01	1.057702e+01	1.033397e+01	9.865476e+00
9.438683e+00	9.053688e+00	8.710275e+00	8.408411e+00	8.147875e+00	7.928730e+00
7.750816e+00	7.613798e+00	7.516270e+00	7.457690e+00	7.439402e+00	7.458059e+00
7.508757e+00	7.583489e+00	7.658180e+00	7.671925e+00	7.618006e+00	7.407552e+00
6.449035e+00	5.560073e+00	3.124406e+00	2.338492e+00	1.412922e+00	1.264583e+00
1.158929e+00	1.139821e+00	1.147027e+01	1.114700e+01	1.084523e+01	1.057905e+01
1.033531e+01	9.867400e+00	9.441199e+00	9.056856e+00	8.713989e+00	8.412504e+00
8.152483e+00	7.933955e+00	7.756771e+00	7.620646e+00	7.524212e+00	7.467033e+00
7.450576e+00	7.471768e+00	7.526240e+00	7.607313e+00	7.693687e+00	7.718698e+00
7.688463e+00	7.515144e+00	6.635712e+00	5.797555e+00	3.358769e+00	2.503827e+00
1.460735e+00	1.288195e+00	1.164557e+00	1.139755e+00	1.146157e+01	1.114414e+01
1.084618e+01	1.058107e+01	1.033678e+01	9.869241e+00	9.443419e+00	9.059491e+00
8.717042e+00	8.415962e+00	8.156413e+00	7.938413e+00	7.761876e+00	7.626533e+00
7.531064e+00	7.475124e+00	7.460291e+00	7.483699e+00	7.541427e+00	7.628131e+00
7.724823e+00	7.759544e+00	7.749919e+00	7.610938e+00	6.812074e+00	6.027398e+00
3.604581e+00	2.683818e+00	1.515195e+00	1.315799e+00	1.171030e+00	1.139673e+00
1.145401e+01	1.114185e+01	1.084748e+01	1.058308e+01	1.033834e+01	9.871009e+00
9.445417e+00	9.061751e+00	8.719619e+00	8.418891e+00	8.159733e+00	7.942158e+00
7.766167e+00	7.631484e+00	7.536841e+00	7.481966e+00	7.468532e+00	7.493820e+00
7.554284e+00	7.645854e+00	7.751421e+00	7.794293e+00	7.802125e+00	7.694086e+00
6.975251e+00	6.245517e+00	3.860361e+00	2.880404e+00	1.579448e+00	1.349870e+00
1.178983e+00	1.139579e+00	1.144562e+01	1.113861e+01	1.084746e+01	1.058368e+01
1.033856e+01	9.871505e+00	9.446163e+00	9.062724e+00	8.720843e+00	8.420400e+00
8.161543e+00	7.944321e+00	7.768770e+00	7.634653e+00	7.540845e+00	7.487389e+00
7.475461e+00	7.501838e+00	7.563721e+00	7.659066e+00	7.772681e+00	7.822955e+00
7.845481e+00	7.764447e+00	7.123669e+00	6.449815e+00	4.121119e+00	3.087997e+00
1.652821e+00	1.390166e+00	1.188248e+00	1.139421e+00	1.143742e+01	1.113509e+01
1.084726e+01	1.058398e+01	1.033864e+01	9.871763e+00	9.446614e+00	9.063344e+00
8.721657e+00	8.421444e+00	8.162831e+00	7.945906e+00	7.770729e+00	7.637104e+00
7.544057e+00	7.491958e+00	7.481422e+00	7.508654e+00	7.571603e+00	7.670228e+00
7.791128e+00	7.848063e+00	7.883494e+00	7.827060e+00	7.262985e+00	6.645564e+00
4.389277e+00	3.308460e+00	1.735804e+00	1.437053e+00	1.198834e+00	1.139228e+00
1.143684e+01	1.113548e+01	1.084827e+01	1.058527e+01	1.033918e+01	9.872178e+00
9.447054e+00	9.064118e+00	8.722910e+00	8.423216e+00	8.165101e+00	7.948665e+00
7.773945e+00	7.640653e+00	7.547438e+00	7.493821e+00	7.482773e+00	7.513235e+00
7.582560e+00	7.686530e+00	7.810733e+00	7.870282e+00	7.914512e+00	7.881182e+00
7.396205e+00	6.829219e+00	4.657810e+00	3.540719e+00	1.829260e+00	1.491079e+00
1.210676e+00	1.139214e+00	1.145082e+01	1.114728e+01	1.085761e+01	1.059142e+01
1.034250e+01	9.872945e+00	9.447523e+00	9.065197e+00	8.725148e+00	8.426802e+00
8.169933e+00	7.954460e+00	7.780246e+00	7.646628e+00	7.551269e+00	7.494322e+00
7.481181e+00	7.516035e+00	7.600105e+00	7.714452e+00	7.832642e+00	7.889623e+00
7.938546e+00	7.926350e+00	7.522620e+00	6.997207e+00	4.921347e+00	3.784468e+00
1.937700e+00	1.556553e+00	1.224508e+00	1.139568e+00	1.145088e+01	1.114785e+01
1.085824e+01	1.059164e+01	1.034211e+01	9.872185e+00	9.446815e+00	9.064707e+00
8.724966e+00	8.426964e+00	8.170427e+00	7.955225e+00	7.781217e+00	7.647700e+00
7.552347e+00	7.494994e+00	7.481383e+00	7.518448e+00	7.607035e+00	7.725249e+00
7.845054e+00	7.904269e+00	7.960392e+00	7.965748e+00	7.627067e+00	7.151944e+00
5.180125e+00	4.030805e+00	2.062240e+00	1.630784e+00	1.240313e+00	1.139502e+00
1.144400e+01	1.114390e+01	1.085629e+01	1.059012e+01	1.034043e+01	9.870763e+00
9.445581e+00	9.063667e+00	8.724098e+00	8.426270e+00	8.169920e+00	7.954900e+00
7.781118e+00	7.647856e+00	7.552864e+00	7.496078e+00	7.483325e+00	7.520886e+00
7.610454e+00	7.730212e+00	7.853175e+00	7.916106e+00	7.980226e+00	8.000184e+00
7.714657e+00	7.292880e+00	5.431324e+00	4.278940e+00	2.204686e+00	1.716698e+00
1.258705e+00	1.139238e+00	1.144028e+01	1.114248e+01	1.085636e+01	1.059058e+01
1.034082e+01	9.871277e+00	9.446253e+00	9.064481e+00	8.725022e+00	8.427318e+00
8.171090e+00	7.956246e+00	7.782660e+00	7.649641e+00	7.554962e+00	7.498612e+00
7.486413e+00	7.524574e+00	7.614177e+00	7.735131e+00	7.861759e+00	7.928243e+00
7.998779e+00	8.030859e+00	7.794352e+00	7.420335e+00	5.673109e+00	4.531174e+00
2.362463e+00	1.818475e+00	1.280424e+00	1.139209e+00	1.142901e+01	1.113742e+01
1.085579e+01	1.059295e+01	1.034501e+01	9.877829e+00	9.453279e+00	9.071052e+00
8.730638e+00	8.431821e+00	8.174718e+00	7.959342e+00	7.785677e+00	7.653402e+00
7.561179e+00	7.509007e+00	7.500206e+00	7.535264e+00	7.612777e+00	7.727986e+00
7.869519e+00	7.945602e+00	8.021612e+00	8.059238e+00	7.867606e+00	7.537354e+00
5.908230e+00	4.784936e+00	2.535314e+00	1.939023e+00	1.306697e+00	1.139552e+00
1.141875e+01	1.113114e+01	1.085391e+01	1.059316e+01	1.034608e+01	9.880099e+00
9.455903e+00	9.073547e+00	8.732720e+00	8.433364e+00	8.175795e+00	7.960091e+00
7.786314e+00	7.654317e+00	7.563132e+00	7.512791e+00	7.505502e+00	7.539288e+00
7.612276e+00	7.724774e+00	7.872121e+00	7.955941e+00	8.038001e+00	8.081863e+00
7.929776e+00	7.636845e+00	6.126214e+00	5.043740e+00	2.724849e+00	2.068834e+00
1.336175e+00	1.139666e+00	1.141188e+01	1.112442e+01	1.084664e+01	1.058597e+01
1.033920e+01	9.874758e+00	9.452263e+00	9.070974e+00	8.730540e+00	8.431032e+00
8.172920e+00	7.956543e+00	7.782281e+00	7.650275e+00	7.559525e+00	7.510060e+00
7.504051e+00	7.539327e+00	7.613479e+00	7.724767e+00	7.872372e+00	7.960052e+00
8.047473e+00	8.098568e+00	7.980020e+00	7.717338e+00	6.321537e+00	5.306875e+00
2.933628e+00	2.205145e+00	1.369234e+00	1.139279e+00	