2.857302e-01	2.921828e-01	2.989483e-01	3.062370e-01	3.140714e-01	3.312091e-01
3.504693e-01	3.718541e-01	3.952295e-01	4.200985e-01	4.457696e-01	4.717347e-01
4.974271e-01	5.222342e-01	5.452043e-01	5.655873e-01	5.832862e-01	5.996660e-01
6.161315e-01	6.322274e-01	6.470192e-01	6.542787e-01	6.637657e-01	6.754364e-01
6.975252e-01	7.064040e-01	7.106020e-01	7.103355e-01	7.108555e-01	7.111779e-01
7.106188e-01	7.058410e-01	3.193382e-01	3.264396e-01	3.338657e-01	3.418344e-01
3.503692e-01	3.689589e-01	3.897349e-01	4.126853e-01	4.376558e-01	4.641194e-01
4.913543e-01	5.188320e-01	5.459691e-01	5.721459e-01	5.964124e-01	6.180253e-01
6.368828e-01	6.543579e-01	6.718620e-01	6.889482e-01	7.046865e-01	7.124097e-01
7.224115e-01	7.345861e-01	7.574196e-01	7.665502e-01	7.708876e-01	7.706250e-01
7.711607e-01	7.714886e-01	7.709199e-01	7.661238e-01	3.568991e-01	3.647127e-01
3.728614e-01	3.815698e-01	3.908620e-01	4.110113e-01	4.333998e-01	4.579999e-01
4.846365e-01	5.127532e-01	5.416004e-01	5.706313e-01	5.992481e-01	6.268278e-01
6.524303e-01	6.753252e-01	6.954041e-01	7.140379e-01	7.326335e-01	7.507577e-01
7.674934e-01	7.757055e-01	7.862389e-01	7.989157e-01	8.224570e-01	8.318174e-01
8.362878e-01	8.360314e-01	8.365818e-01	8.369139e-01	8.363381e-01	8.315550e-01
3.988781e-01	4.074732e-01	4.164118e-01	4.259240e-01	4.360347e-01	4.578566e-01
4.819567e-01	5.082903e-01	5.366604e-01	5.664832e-01	5.969847e-01	6.276023e-01
6.577264e-01	6.867359e-01	7.137096e-01	7.379376e-01	7.593029e-01	7.791610e-01
7.989018e-01	8.181126e-01	8.358982e-01	8.446250e-01	8.557056e-01	8.688788e-01
8.930791e-01	9.026418e-01	9.072363e-01	9.069892e-01	9.075528e-01	9.078875e-01
9.073074e-01	9.025745e-01	4.457946e-01	4.552471e-01	4.650490e-01	4.754341e-01
4.864280e-01	5.100411e-01	5.359537e-01	5.641027e-01	5.942688e-01	6.258434e-01
6.580326e-01	6.902611e-01	7.219114e-01	7.523697e-01	7.807445e-01	8.063550e-01
8.290731e-01	8.502235e-01	8.711643e-01	8.915102e-01	9.103998e-01	9.196677e-01
9.313099e-01	9.449688e-01	9.697652e-01	9.794965e-01	9.842040e-01	9.839695e-01
9.845447e-01	9.848800e-01	9.842991e-01	9.796594e-01	4.982296e-01	5.086222e-01
5.193670e-01	5.306993e-01	5.426454e-01	5.681733e-01	5.960005e-01	6.260437e-01
6.580613e-01	6.914239e-01	7.253234e-01	7.591756e-01	7.923600e-01	8.242762e-01
8.540756e-01	8.811158e-01	9.052544e-01	9.277673e-01	9.499631e-01	9.714927e-01
9.915414e-01	1.001378e+00	1.013594e+00	1.027722e+00	1.053036e+00	1.062895e+00
1.067701e+00	1.067483e+00	1.068068e+00	1.068402e+00	1.067824e+00	1.063328e+00
5.568320e-01	5.682552e-01	5.800293e-01	5.923885e-01	6.053600e-01	6.329313e-01
6.627747e-01	6.947860e-01	7.287016e-01	7.638763e-01	7.994953e-01	8.349705e-01
8.696833e-01	9.030552e-01	9.342944e-01	9.628079e-01	9.884357e-01	1.012383e+00
1.035889e+00	1.058651e+00	1.079915e+00	1.090348e+00	1.103148e+00	1.117723e+00
1.143457e+00	1.153394e+00	1.158282e+00	1.158086e+00	1.158677e+00	1.159007e+00
1.158437e+00	1.154142e+00	6.223273e-01	6.348798e-01	6.477771e-01	6.612487e-01
6.753225e-01	7.050700e-01	7.370302e-01	7.710765e-01	8.069250e-01	8.439207e-01
8.812520e-01	9.183326e-01	9.545523e-01	9.893633e-01	1.022048e+00	1.052074e+00
1.079260e+00	1.104717e+00	1.129588e+00	1.153629e+00	1.176165e+00	1.187222e+00
1.200615e+00	1.215604e+00	1.241643e+00	1.251599e+00	1.256548e+00	1.256378e+00
1.256973e+00	1.257295e+00	1.256738e+00	1.252712e+00	6.955263e-01	7.093158e-01
7.234379e-01	7.381132e-01	7.533708e-01	7.854308e-01	8.196050e-01	8.557440e-01
8.935453e-01	9.323529e-01	9.713693e-01	1.010017e+00	1.047703e+00	1.083920e+00
1.118043e+00	1.149617e+00	1.178430e+00	1.205471e+00	1.231762e+00	1.257127e+00
1.280994e+00	1.292704e+00	1.306693e+00	1.322058e+00	1.348259e+00	1.358165e+00
1.363151e+00	1.363012e+00	1.363608e+00	1.363919e+00	1.363382e+00	1.359701e+00
7.773350e-01	7.924790e-01	8.079359e-01	8.239126e-01	8.404393e-01	8.749508e-01
9.114312e-01	9.497084e-01	9.894639e-01	1.030052e+00	1.070702e+00	1.110856e+00
1.149945e+00	1.187514e+00	1.223055e+00	1.256203e+00	1.286713e+00	1.315415e+00
1.343177e+00	1.369911e+00	1.395166e+00	1.407558e+00	1.422143e+00	1.437834e+00
1.464030e+00	1.473805e+00	1.478797e+00	1.478697e+00	1.479289e+00	1.479584e+00
1.479075e+00	1.475827e+00	8.687661e-01	8.853925e-01	9.023033e-01	9.196854e-01
9.375705e-01	9.746740e-01	1.013545e+00	1.053991e+00	1.095679e+00	1.137988e+00
1.180192e+00	1.221762e+00	1.262163e+00	1.301009e+00	1.337930e+00	1.372671e+00
1.404946e+00	1.435386e+00	1.464671e+00	1.492814e+00	1.519513e+00	1.532615e+00
1.547794e+00	1.563749e+00	1.589742e+00	1.599291e+00	1.604254e+00	1.604201e+00
1.604784e+00	1.605059e+00	1.604585e+00	1.601871e+00	9.709516e-01	9.891997e-01
1.007693e+00	1.026591e+00	1.045927e+00	1.085763e+00	1.127100e+00	1.169723e+00
1.213296e+00	1.257234e+00	1.300880e+00	1.343741e+00	1.385333e+00	1.425351e+00
1.463595e+00	1.499937e+00	1.534042e+00	1.566299e+00	1.597154e+00	1.626743e+00
1.654944e+00	1.668784e+00	1.684547e+00	1.700691e+00	1.726248e+00	1.735461e+00
1.740355e+00	1.740357e+00	1.740925e+00	1.741174e+00	1.740746e+00	1.738680e+00
1.085156e+00	1.105178e+00	1.125392e+00	1.145923e+00	1.166807e+00	1.209514e+00
1.253377e+00	1.298164e+00	1.343539e+00	1.388977e+00	1.433908e+00	1.477898e+00
1.520522e+00	1.561577e+00	1.601062e+00	1.639003e+00	1.675001e+00	1.709151e+00
1.741620e+00	1.772688e+00	1.802445e+00	1.817052e+00	1.833382e+00	1.849624e+00
1.874476e+00	1.883225e+00	1.888003e+00	1.888069e+00	1.888616e+00	1.888833e+00
1.888460e+00	1.887173e+00	1.212794e+00	1.234753e+00	1.256838e+00	1.279127e+00
1.301657e+00	1.347369e+00	1.393802e+00	1.440708e+00	1.487762e+00	1.534524e+00
1.580540e+00	1.625449e+00	1.668904e+00	1.710822e+00	1.751441e+00	1.790962e+00
1.828912e+00	1.865033e+00	1.899153e+00	1.931726e+00	1.963092e+00	1.978492e+00
1.995367e+00	2.011601e+00	2.035432e+00	2.043571e+00	2.048176e+00	2.048318e+00
2.048836e+00	2.049013e+00	2.048710e+00	2.048348e+00	1.355444e+00	1.379521e+00
1.403638e+00	1.427815e+00	1.452092e+00	1.500936e+00	1.549960e+00	1.598904e+00
1.647468e+00	1.695322e+00	1.742167e+00	1.787731e+00	1.831766e+00	1.874331e+00
1.915945e+00	1.957010e+00	1.996966e+00	2.035131e+00	2.070936e+00	2.105032e+00
2.138058e+00	2.154276e+00	2.171664e+00	2.187762e+00	2.210209e+00	2.217569e+00
2.221938e+00	2.222168e+00	2.222648e+00	2.222778e+00	2.222558e+00	2.223288e+00
1.515762e+00	1.542119e+00	1.568416e+00	1.594607e+00	1.620733e+00	1.672854e+00
1.724525e+00	1.775472e+00	1.825414e+00	1.874138e+00	1.921491e+00	1.967321e+00
2.011522e+00	2.054382e+00	2.096849e+00	2.139636e+00	2.182030e+00	2.222656e+00
2.260292e+00	2.295929e+00	2.330738e+00	2.347875e+00	2.365780e+00	2.381562e+00
2.402011e+00	2.408271e+00	2.412299e+00	2.412654e+00	2.413080e+00	2.413142e+00
2.413041e+00	2.415281e+00	1.694316e+00	1.723182e+00	1.751859e+00	1.780214e+00
1.808292e+00	1.863774e+00	1.918010e+00	1.970727e+00	2.021693e+00	2.070872e+00
2.118332e+00	2.164063e+00	2.208116e+00	2.250997e+00	2.294075e+00	2.338361e+00
2.382993e+00	2.425936e+00	2.465340e+00	2.502511e+00	2.539095e+00	2.557124e+00
2.575463e+00	2.590771e+00	2.608856e+00	2.613875e+00	2.617496e+00	2.617978e+00
2.618342e+00	2.618333e+00	2.618358e+00	2.622179e+00	1.889135e+00	1.920977e+00
1.952426e+00	1.983199e+00	2.013360e+00	2.072162e+00	2.128514e+00	2.182228e+00
2.233280e+00	2.282048e+00	2.329163e+00	2.374764e+00	2.418927e+00	2.462063e+00
2.505379e+00	2.549757e+00	2.594477e+00	2.637892e+00	2.678519e+00	2.717337e+00
2.755405e+00	2.773935e+00	2.792396e+00	2.807188e+00	2.823409e+00	2.827645e+00
2.830937e+00	2.831430e+00	2.831752e+00	2.831716e+00	2.831778e+00	2.836220e+00
2.100475e+00	2.135754e+00	2.170360e+00	2.203786e+00	2.236136e+00	2.298144e+00
2.356068e+00	2.409904e+00	2.460002e+00	2.507406e+00	2.553655e+00	2.599024e+00
2.643472e+00	2.686987e+00	2.729994e+00	2.772829e+00	2.815252e+00	2.857097e+00
2.898189e+00	2.938550e+00	2.977648e+00	2.996245e+00	3.014509e+00	3.028785e+00
3.043778e+00	3.047750e+00	3.050814e+00	3.051200e+00	3.051504e+00	3.051489e+00
3.051496e+00	3.055423e+00	2.328684e+00	2.366953e+00	2.404325e+00	2.440120e+00
2.474470e+00	2.539508e+00	2.599050e+00	2.653089e+00	2.702222e+00	2.747984e+00
2.792552e+00	2.836348e+00	2.879329e+00	2.921369e+00	2.962716e+00	3.003585e+00
3.043922e+00	3.083990e+00	3.124037e+00	3.163953e+00	3.202917e+00	3.221474e+00
3.239582e+00	3.253485e+00	3.267490e+00	3.271147e+00	3.274018e+00	3.274354e+00
3.274639e+00	3.274650e+00	3.274644e+00	3.277277e+00	2.575905e+00	2.616940e+00
2.656875e+00	2.694865e+00	2.731068e+00	2.798901e+00	2.859882e+00	2.913925e+00
2.961803e+00	3.005446e+00	3.047511e+00	3.088580e+00	3.128685e+00	3.167781e+00
3.206280e+00	3.244515e+00	3.282447e+00	3.320193e+00	3.357949e+00	3.395959e+00
3.433853e+00	3.452208e+00	3.470114e+00	3.483705e+00	3.496903e+00	3.500258e+00
3.502963e+00	3.503272e+00	3.503537e+00	3.503581e+00	3.503583e+00	3.504255e+00
2.839977e+00	2.884500e+00	2.927495e+00	2.967785e+00	3.005609e+00	3.075138e+00
3.136088e+00	3.188982e+00	3.234826e+00	3.275770e+00	3.314747e+00	3.352422e+00
3.388888e+00	3.424156e+00	3.458692e+00	3.492915e+00	3.526911e+00	3.561015e+00
3.595617e+00	3.630826e+00	3.666481e+00	3.684220e+00	3.701633e+00	3.714782e+00
3.727117e+00	3.730216e+00	3.732751e+00	3.733030e+00	3.733272e+00	3.733334e+00
3.733346e+00	3.731934e+00	3.118221e+00	3.167477e+00	3.214400e+00	3.257191e+00
3.296259e+00	3.365690e+00	3.424308e+00	3.474453e+00	3.517436e+00	3.555268e+00
3.590779e+00	3.624562e+00	3.656743e+00	3.687325e+00	3.716622e+00	3.745076e+00
3.773106e+00	3.801930e+00	3.832546e+00	3.864086e+00	3.896114e+00	3.912757e+00
3.929354e+00	3.941931e+00	3.953395e+00	3.956329e+00	3.958701e+00	3.958946e+00
3.959159e+00	3.959215e+00	3.959239e+00	3.955672e+00	3.413297e+00	3.464916e+00
3.513959e+00	3.558456e+00	3.598845e+00	3.669831e+00	3.728078e+00	3.775614e+00
3.814068e+00	3.846139e+00	3.875524e+00	3.903076e+00	3.928975e+00	3.953365e+00
3.976663e+00	3.999384e+00	4.021850e+00	4.044932e+00	4.069423e+00	4.095202e+00
4.122734e+00	4.137687e+00	4.153028e+00	4.164902e+00	4.175283e+00	4.177955e+00
4.180164e+00	4.180379e+00	4.180554e+00	4.180632e+00	4.180739e+00	4.175281e+00
3.724222e+00	3.775438e+00	3.824332e+00	3.869118e+00	3.910154e+00	3.982862e+00
4.041944e+00	4.087681e+00	4.121621e+00	4.147013e+00	4.168284e+00	4.186675e+00
4.202762e+00	4.217525e+00	4.232827e+00	4.250175e+00	4.268941e+00	4.287114e+00
4.303347e+00	4.320544e+00	4.342373e+00	4.355263e+00	4.368946e+00	4.379757e+00
4.388792e+00	4.391093e+00	4.393102e+00	4.393280e+00	4.393432e+00	4.393570e+00
4.393677e+00	4.386815e+00	4.048721e+00	4.098165e+00	4.145371e+00	4.188620e+00
4.228301e+00	4.298963e+00	4.356685e+00	4.401279e+00	4.433341e+00	4.454592e+00
4.467789e+00	4.474202e+00	4.475651e+00	4.475341e+00	4.479032e+00	4.490973e+00
4.508547e+00	4.523750e+00	4.530398e+00	4.536104e+00	4.550522e+00	4.561236e+00
4.572814e+00	4.581781e+00	4.589094e+00	4.590919e+00	4.592619e+00	4.592733e+00
4.592901e+00	4.593122e+00	4.592941e+00	4.585488e+00	4.379766e+00	4.429977e+00
4.477587e+00	4.520616e+00	4.559538e+00	4.627437e+00	4.680616e+00	4.718965e+00
4.743229e+00	4.755431e+00	4.758701e+00	4.754584e+00	4.745142e+00	4.734119e+00
4.727909e+00	4.731192e+00	4.740995e+00	4.748207e+00	4.745860e+00	4.742523e+00
4.748959e+00	4.756164e+00	4.764455e+00	4.771052e+00	4.776149e+00	4.777427e+00
4.778710e+00	4.778773e+00	4.778907e+00	4.779085e+00	4.778909e+00	4.771668e+00
4.719701e+00	4.770299e+00	4.817862e+00	4.860091e+00	4.897561e+00	4.961062e+00
5.007771e+00	5.037751e+00	5.052064e+00	5.053240e+00	5.044983e+00	5.029125e+00
5.007944e+00	4.985591e+00	4.968828e+00	4.962554e+00	4.963494e+00	4.961658e+00
4.949471e+00	4.936530e+00	4.934377e+00	4.937407e+00	4.941506e+00	4.944873e+00
4.947162e+00	4.947811e+00	4.948534e+00	4.948544e+00	4.948622e+00	4.948750e+00
4.948625e+00	4.942747e+00	5.062457e+00	5.112473e+00	5.158999e+00	5.199396e+00
5.234343e+00	5.291308e+00	5.329415e+00	5.348923e+00	5.351273e+00	5.339554e+00
5.318146e+00	5.289158e+00	5.255151e+00	5.220614e+00	5.192676e+00	5.176417e+00
5.168108e+00	5.156699e+00	5.133951e+00	5.110793e+00	5.099584e+00	5.097924e+00
5.096944e+00	5.096104e+00	5.095054e+00	5.094984e+00	5.094994e+00	5.094944e+00
5.094954e+00	5.095044e+00	5.094964e+00	5.091684e+00	5.404637e+00	5.454527e+00
5.500390e+00	5.539153e+00	5.571567e+00	5.621118e+00	5.647945e+00	5.651897e+00
5.635795e+00	5.605377e+00	5.568146e+00	5.526729e+00	5.483311e+00	5.440993e+00
5.404143e+00	5.375735e+00	5.353045e+00	5.328373e+00	5.296215e+00	5.264653e+00
5.243662e+00	5.237144e+00	5.230227e+00	5.223913e+00	5.219497e+00	5.218647e+00
5.217777e+00	5.217651e+00	5.217595e+00	5.217613e+00	5.217567e+00	5.217632e+00
5.751920e+00	5.802619e+00	5.848320e+00	5.885195e+00	5.914177e+00	5.953210e+00
5.964648e+00	5.949175e+00	5.911521e+00	5.860354e+00	5.806394e+00	5.752546e+00
5.700217e+00	5.650585e+00	5.604661e+00	5.562953e+00	5.524262e+00	5.485285e+00
5.443857e+00	5.404401e+00	5.373344e+00	5.361330e+00	5.347867e+00	5.335803e+00
5.327802e+00	5.326057e+00	5.324253e+00	5.324051e+00	5.323927e+00	5.323861e+00
5.323846e+00	5.327608e+00	6.097696e+00	6.154339e+00	6.203027e+00	6.237678e+00
6.260026e+00	6.277553e+00	6.262052e+00	6.222249e+00	6.164375e+00	6.096657e+00
6.028796e+00	5.962828e+00	5.899089e+00	5.837597e+00	5.778940e+00	5.723444e+00
5.670693e+00	5.619101e+00	5.567968e+00	5.520921e+00	5.480247e+00	5.460503e+00
5.439504e+00	5.422673e+00	5.410524e+00	5.407552e+00	5.404891e+00	5.404647e+00
5.404450e+00	5.404290e+00	5.404313e+00	5.412052e+00	6.437728e+00	6.503480e+00
6.556772e+00	6.588113e+00	6.600601e+00	6.587301e+00	6.536179e+00	6.468438e+00
6.390853e+00	6.308925e+00	6.228801e+00	6.150937e+00	6.074248e+00	5.998158e+00
5.924898e+00	5.855914e+00	5.790912e+00	5.728248e+00	5.667477e+00	5.613100e+00
5.563308e+00	5.535148e+00	5.506525e+00	5.485460e+00	5.469088e+00	5.464809e+00
5.461339e+00	5.461062e+00	5.460794e+00	5.460544e+00	5.460599e+00	5.472124e+00
6.787310e+00	6.845020e+00	6.889235e+00	6.910277e+00	6.911700e+00	6.875093e+00
6.798685e+00	6.703877e+00	6.599186e+00	6.492696e+00	6.393394e+00	6.301189e+00
6.211779e+00	6.122496e+00	6.036709e+00	5.956512e+00	5.881490e+00	5.809341e+00
5.736256e+00	5.670227e+00	5.607871e+00	5.571169e+00	5.533236e+00	5.504783e+00
5.482497e+00	5.476507e+00	5.471616e+00	5.471222e+00	5.470853e+00	5.470514e+00
5.470539e+00	5.486205e+00	7.145576e+00	7.184663e+00	7.211873e+00	7.218496e+00
7.207681e+00	7.150300e+00	7.052720e+00	6.930498e+00	6.794734e+00	6.659138e+00
6.538146e+00	6.430964e+00	6.329168e+00	6.227494e+00	6.130266e+00	6.040059e+00
5.956221e+00	5.875633e+00	5.790734e+00	5.713482e+00	5.639750e+00	5.595917e+00
5.550370e+00	5.516113e+00	5.489575e+00	5.482419e+00	5.476572e+00	5.476099e+00
5.475664e+00	5.475267e+00	5.475271e+00	5.493702e+00	7.500917e+00	7.520925e+00
7.530068e+00	7.520226e+00	7.494361e+00	7.409524e+00	7.284471e+00	7.131270e+00
6.963272e+00	6.798335e+00	6.654629e+00	6.530447e+00	6.414132e+00	6.298279e+00
6.186575e+00	6.083009e+00	5.986302e+00	5.892384e+00	5.803627e+00	5.722486e+00
5.644789e+00	5.598652e+00	5.550695e+00	5.514615e+00	5.486672e+00	5.479149e+00
5.473005e+00	5.472504e+00	5.472045e+00	5.471634e+00	5.471643e+00	5.490537e+00
7.846454e+00	7.847779e+00	7.838329e+00	7.810127e+00	7.766341e+00	7.647262e+00
7.488966e+00	7.302571e+00	7.102900e+00	6.910211e+00	6.744812e+00	6.604151e+00
6.474344e+00	6.346616e+00	6.220117e+00	6.103783e+00	5.995942e+00	5.891995e+00
5.793851e+00	5.702119e+00	5.613108e+00	5.561570e+00	5.508229e+00	5.467821e+00
5.435400e+00	5.426773e+00	5.419750e+00	5.419123e+00	5.418569e+00	5.418159e+00
5.418249e+00	5.435187e+00	8.185844e+00	8.168896e+00	8.140409e+00	8.091911e+00
8.027111e+00	7.866240e+00	7.668086e+00	7.446089e+00	7.215624e+00	6.996779e+00
6.809440e+00	6.650534e+00	6.500759e+00	6.352944e+00	6.220288e+00	6.098142e+00
5.985158e+00	5.876277e+00	5.765531e+00	5.661357e+00	5.560022e+00	5.503718e+00
5.446089e+00	5.402215e+00	5.365308e+00	5.355674e+00	5.347870e+00	5.347095e+00
5.346440e+00	5.346093e+00	5.346216e+00	5.359691e+00	8.516107e+00	8.481982e+00
8.434484e+00	8.363871e+00	8.274887e+00	8.064536e+00	7.820288e+00	7.561263e+00
7.302022e+00	7.059661e+00	6.850565e+00	6.669473e+00	6.507479e+00	6.350302e+00
6.199946e+00	6.063212e+00	5.937548e+00	5.817612e+00	5.699281e+00	5.585101e+00
5.473212e+00	5.414578e+00	5.355547e+00	5.310263e+00	5.269332e+00	5.258955e+00
5.250615e+00	5.249664e+00	5.248914e+00	5.248696e+00	5.248755e+00	5.256286e+00
8.834679e+00	8.785087e+00	8.719094e+00	8.624734e+00	8.508352e+00	8.240472e+00
7.943634e+00	7.646391e+00	7.360775e+00	7.097566e+00	6.868462e+00	6.670233e+00
6.486213e+00	6.310789e+00	6.147310e+00	5.998456e+00	5.861808e+00	5.732425e+00
5.605623e+00	5.480626e+00	5.357778e+00	5.297855e+00	5.238863e+00	5.193212e+00
5.148234e+00	5.137223e+00	5.128456e+00	5.127293e+00	5.126453e+00	5.126337e+00
5.126260e+00	5.125544e+00	9.129318e+00	9.073610e+00	8.998413e+00	8.885569e+00
8.742043e+00	8.406583e+00	8.042921e+00	7.702119e+00	7.391368e+00	7.110846e+00
6.860379e+00	6.642537e+00	6.438463e+00	6.246657e+00	6.068888e+00	5.907156e+00
5.758801e+00	5.619061e+00	5.482706e+00	5.345941e+00	5.212623e+00	5.152558e+00
5.094268e+00	5.048073e+00	4.998956e+00	4.987632e+00	4.978417e+00	4.977009e+00
4.976097e+00	4.976148e+00	4.976099e+00	4.966940e+00	9.477263e+00	9.367122e+00
9.236784e+00	9.074973e+00	8.891696e+00	8.502670e+00	8.110320e+00	7.747068e+00
7.414687e+00	7.113362e+00	6.844002e+00	6.597823e+00	6.371703e+00	6.161386e+00
5.967223e+00	5.790453e+00	5.628974e+00	5.479321e+00	5.336599e+00	5.192695e+00
5.048371e+00	4.983337e+00	4.923352e+00	4.878360e+00	4.826719e+00	4.813724e+00
4.804295e+00	4.802962e+00	4.801856e+00	4.801990e+00	4.801911e+00	4.786151e+00
9.890628e+00	9.658612e+00	9.427237e+00	9.197702e+00	8.973297e+00	8.548314e+00
8.150285e+00	7.777992e+00	7.430494e+00	7.106920e+00	6.806891e+00	6.531226e+00
6.278287e+00	6.045861e+00	5.832119e+00	5.637070e+00	5.460466e+00	5.301814e+00
5.157796e+00	5.013858e+00	4.857527e+00	4.779661e+00	4.713518e+00	4.672030e+00
4.620400e+00	4.603597e+00	4.594275e+00	4.593525e+00	4.592044e+00	4.592094e+00
4.591844e+00	4.573651e+00	1.017050e+01	9.893649e+00	9.619132e+00	9.351620e+00
9.095170e+00	8.621731e+00	8.181852e+00	7.769998e+00	7.401961e+00	7.056847e+00
6.727775e+00	6.428094e+00	6.155397e+00	5.906552e+00	5.677815e+00	5.467911e+00
5.277314e+00	5.105615e+00	4.950110e+00	4.796211e+00	4.630185e+00	4.547094e+00
4.476633e+00	4.432713e+00	4.378502e+00	4.360727e+00	4.350892e+00	4.350169e+00
4.348634e+00	4.348616e+00	4.348349e+00	4.332911e+00	1.040917e+01	1.010416e+01
9.802639e+00	9.508479e+00	9.224935e+00	8.696262e+00	8.204820e+00	7.750435e+00
7.339725e+00	6.961272e+00	6.613660e+00	6.298100e+00	6.011565e+00	5.750053e+00
5.508968e+00	5.286058e+00	5.082163e+00	4.895914e+00	4.724691e+00	4.556752e+00
4.382735e+00	4.297845e+00	4.223613e+00	4.174348e+00	4.116620e+00	4.099333e+00
4.088687e+00	4.087735e+00	4.086311e+00	4.086220e+00	4.086007e+00	4.076730e+00
1.063135e+01	1.029207e+01	9.957845e+00	9.633230e+00	9.321031e+00	8.735805e+00
8.203261e+00	7.718053e+00	7.268976e+00	6.860742e+00	6.491264e+00	6.157467e+00
5.855373e+00	5.580097e+00	5.325909e+00	5.089552e+00	4.872087e+00	4.671926e+00
4.486526e+00	4.306194e+00	4.123937e+00	4.035925e+00	3.956827e+00	3.901927e+00
3.841049e+00	3.824500e+00	3.812935e+00	3.811758e+00	3.810471e+00	3.810280e+00
3.810124e+00	3.809153e+00	1.083120e+01	1.045552e+01	1.008698e+01	9.731440e+00
9.391360e+00	8.756570e+00	8.177580e+00	7.652791e+00	7.174426e+00	6.740674e+00
6.349931e+00	5.998164e+00	5.680427e+00	5.391130e+00	5.123487e+00	4.873365e+00
4.641809e+00	4.427669e+00	4.228412e+00	4.036280e+00	3.846001e+00	3.754425e+00
3.669511e+00	3.607986e+00	3.544182e+00	3.528822e+00	3.516200e+00	3.514755e+00
3.513648e+00	3.513341e+00	3.513249e+00	3.522629e+00	1.102417e+01	1.060450e+01
1.019489e+01	9.803695e+00	9.432053e+00	8.749521e+00	8.135355e+00	7.575781e+00
7.072066e+00	6.618041e+00	6.209738e+00	5.842053e+00	5.509303e+00	5.205368e+00
4.922815e+00	4.657046e+00	4.409306e+00	4.179931e+00	3.967025e+00	3.764711e+00
3.569296e+00	3.475860e+00	3.386509e+00	3.319481e+00	3.254213e+00	3.238791e+00
3.225620e+00	3.224089e+00	3.222985e+00	3.222648e+00	3.222513e+00	3.234338e+00
1.121072e+01	1.074341e+01	1.029042e+01	9.863232e+00	9.461682e+00	8.727340e+00
8.072684e+00	7.485952e+00	6.962110e+00	6.492114e+00	6.069006e+00	5.687027e+00
5.340054e+00	5.021616e+00	4.723921e+00	4.442187e+00	4.177922e+00	3.933440e+00
3.707783e+00	3.496759e+00	3.298068e+00	3.203825e+00	3.111210e+00	3.039842e+00
2.974024e+00	2.957950e+00	2.944562e+00	2.943043e+00	2.941852e+00	2.941537e+00
2.941312e+00	2.950963e+00	1.138623e+01	1.087462e+01	1.038144e+01	9.921060e+00
9.491734e+00	8.708885e+00	8.015935e+00	7.401331e+00	6.856169e+00	6.369203e+00
5.930967e+00	5.535020e+00	5.174915e+00	4.843859e+00	4.533754e+00	4.239570e+00
3.962640e+00	3.705816e+00	3.468797e+00	3.248444e+00	3.043974e+00	2.947960e+00
2.853510e+00	2.780516e+00	2.713411e+00	2.696811e+00	2.683344e+00	2.681812e+00
2.680536e+00	2.680282e+00	2.680043e+00	2.685623e+00	1.154755e+01	1.099615e+01
1.046691e+01	9.976803e+00	9.522302e+00	8.694430e+00	7.966148e+00	7.322412e+00
6.754087e+00	6.248560e+00	5.794476e+00	5.384685e+00	5.012543e+00	4.670929e+00
4.351427e+00	4.048584e+00	3.762971e+00	3.496367e+00	3.248928e+00	3.017945e+00
2.804403e+00	2.705367e+00	2.610645e+00	2.539041e+00	2.469648e+00	2.452605e+00
2.439192e+00	2.437617e+00	2.436252e+00	2.436103e+00	2.435942e+00	2.434936e+00
1.170080e+01	1.111201e+01	1.054926e+01	1.003226e+01	9.555092e+00	8.688481e+00
7.925833e+00	7.255686e+00	6.665913e+00	6.142907e+00	5.673852e+00	5.250868e+00
4.867129e+00	4.515309e+00	4.186773e+00	3.875798e+00	3.582368e+00	3.307420e+00
3.051446e+00	2.811950e+00	2.590325e+00	2.487828e+00	2.391103e+00	2.318927e+00
2.247898e+00	2.230644e+00	2.217252e+00	2.215641e+00	2.214233e+00	2.214125e+00
2.213941e+00	2.210136e+00	1.184801e+01	1.122416e+01	1.063044e+01	1.008933e+01
9.592202e+00	8.687569e+00	7.898226e+00	7.204272e+00	6.595319e+00	6.056241e+00
5.573198e+00	5.137672e+00	4.742675e+00	4.380807e+00	4.043350e+00	3.724470e+00
3.423760e+00	3.141587e+00	2.878541e+00	2.632240e+00	2.403191e+00	2.296741e+00
2.196391e+00	2.121820e+00	2.049514e+00	2.032163e+00	2.018697e+00	2.017065e+00
2.015641e+00	2.015530e+00	2.015305e+00	2.011820e+00	1.199408e+01	1.133705e+01
1.071461e+01	1.015202e+01	9.637679e+00	8.701045e+00	7.886486e+00	7.174723e+00
6.549374e+00	5.996165e+00	5.500341e+00	5.052996e+00	4.647050e+00	4.275241e+00
3.928862e+00	3.602123e+00	3.294396e+00	3.005697e+00	2.736339e+00	2.484025e+00
2.247446e+00	2.136440e+00	2.031283e+00	1.953078e+00	1.879160e+00	1.861575e+00
1.847835e+00	1.846189e+00	1.844746e+00	1.844622e+00	1.844444e+00	1.842815e+00
1.213937e+01	1.145064e+01	1.080124e+01	1.021960e+01	9.690658e+00	8.727317e+00
7.894330e+00	7.169940e+00	6.530311e+00	5.964095e+00	5.455412e+00	4.995328e+00
4.576932e+00	4.196815e+00	3.842655e+00	3.508812e+00	3.194656e+00	2.900098e+00
2.624907e+00	2.366710e+00	2.122313e+00	2.006454e+00	1.896190e+00	1.814061e+00
1.737794e+00	1.719704e+00	1.705490e+00	1.703793e+00	1.702319e+00	1.702160e+00
1.701991e+00	1.702148e+00	1.228568e+01	1.156669e+01	1.089193e+01	1.029305e+01
9.751493e+00	8.765196e+00	7.912757e+00	7.173703e+00	6.529703e+00	5.959146e+00
5.445893e+00	4.981128e+00	4.558171e+00	4.166118e+00	3.800907e+00	3.457350e+00
3.134512e+00	2.832031e+00	2.548935e+00	2.282329e+00	2.028617e+00	1.907092e+00
1.791122e+00	1.704549e+00	1.624399e+00	1.605305e+00	1.590277e+00	1.588491e+00
1.586954e+00	1.586766e+00	1.586591e+00	1.587624e+00	1.243064e+01	1.168456e+01
1.098762e+01	1.037454e+01	9.823658e+00	8.821411e+00	7.960043e+00	7.215866e+00
6.565511e+00	5.988294e+00	5.466849e+00	4.992541e+00	4.559045e+00	4.159806e+00
3.787397e+00	3.436775e+00	3.107139e+00	2.798090e+00	2.508165e+00	2.232631e+00
1.967065e+00	1.838656e+00	1.715730e+00	1.623539e+00	1.537602e+00	1.516936e+00
1.500664e+00	1.498742e+00	1.497101e+00	1.496891e+00	1.496701e+00	1.497741e+00
1.256444e+01	1.179768e+01	1.108439e+01	1.046194e+01	9.905502e+00	8.893112e+00
8.026299e+00	7.277862e+00	6.623756e+00	6.042205e+00	5.515107e+00	5.033679e+00
4.591380e+00	4.187651e+00	3.810872e+00	3.455544e+00	3.120971e+00	2.806930e+00
2.511886e+00	2.226230e+00	1.938940e+00	1.798264e+00	1.663705e+00	1.564782e+00
1.470858e+00	1.447927e+00	1.429730e+00	1.427608e+00	1.425831e+00	1.425594e+00
1.425400e+00	1.425976e+00	1.268901e+01	1.190661e+01	1.118157e+01	1.055362e+01
9.994883e+00	8.978138e+00	8.110722e+00	7.360762e+00	6.704782e+00	6.120866e+00
5.591018e+00	5.106621e+00	4.661479e+00	4.250259e+00	3.864599e+00	3.499390e+00
3.154141e+00	2.828953e+00	2.521824e+00	2.222831e+00	1.921208e+00	1.771271e+00
1.626218e+00	1.518379e+00	1.415186e+00	1.389764e+00	1.369437e+00	1.367078e+00
1.365126e+00	1.364861e+00	1.364661e+00	1.364763e+00	1.279451e+01	1.200612e+01
1.127717e+01	1.064922e+01	1.009200e+01	9.075431e+00	8.208756e+00	7.457069e+00
6.798305e+00	6.211215e+00	5.678398e+00	5.191090e+00	4.742777e+00	4.326408e+00
3.933848e+00	3.559825e+00	3.204184e+00	2.867449e+00	2.546894e+00	2.233700e+00
1.924859e+00	1.770347e+00	1.614307e+00	1.485978e+00	1.370261e+00	1.341745e+00
1.318654e+00	1.315917e+00	1.313711e+00	1.313434e+00	1.313179e+00	1.313159e+00
1.288171e+01	1.209504e+01	1.136979e+01	1.074844e+01	1.019828e+01	9.190469e+00
8.328833e+00	7.576882e+00	6.915324e+00	6.325110e+00	5.790572e+00	5.302684e+00
4.854101e+00	4.436759e+00	4.041105e+00	3.661119e+00	3.297176e+00	2.950632e+00
2.619008e+00	2.290780e+00	1.956459e+00	1.785737e+00	1.610169e+00	1.464925e+00
1.334592e+00	1.302652e+00	1.276635e+00	1.273463e+00	1.270882e+00	1.270579e+00
1.270272e+00	1.270454e+00	1.295403e+01	1.217155e+01	1.145282e+01	1.084105e+01
1.030123e+01	9.308766e+00	8.456340e+00	7.708150e+00	7.046954e+00	6.455419e+00
5.919267e+00	5.429720e+00	4.979352e+00	4.559949e+00	4.161634e+00	3.777831e+00
3.408042e+00	3.052408e+00	2.707568e+00	2.361454e+00	2.001971e+00	1.814322e+00
1.618374e+00	1.464106e+00	1.304080e+00	1.268685e+00	1.240889e+00	1.237320e+00
1.233770e+00	1.233269e+00	1.233102e+00	1.234579e+00	1.301656e+01	1.223996e+01
1.152981e+01	1.092995e+01	1.040315e+01	9.431652e+00	8.592197e+00	7.851159e+00
7.192955e+00	6.601774e+00	6.064574e+00	5.573191e+00	5.120647e+00	4.699189e+00
4.299434e+00	3.914474e+00	3.541971e+00	3.179056e+00	2.820361e+00	2.454581e+00
2.068582e+00	1.863475e+00	1.645395e+00	1.464384e+00	1.277345e+00	1.238308e+00
1.209313e+00	1.205416e+00	1.200656e+00	1.199875e+00	1.199951e+00	1.203114e+00
1.305124e+01	1.229112e+01	1.159676e+01	1.101385e+01	1.050361e+01	9.557240e+00
8.732100e+00	7.998435e+00	7.342993e+00	6.752281e+00	6.215107e+00	5.723732e+00
5.271185e+00	4.849658e+00	4.449646e+00	4.063714e+00	3.688283e+00	3.318393e+00
2.946750e+00	2.561081e+00	2.145980e+00	1.921310e+00	1.678697e+00	1.466946e+00
1.257077e+00	1.209905e+00	1.180836e+00	1.177306e+00	1.170906e+00	1.169597e+00
1.170314e+00	1.174947e+00	1.306719e+01	1.232682e+01	1.165347e+01	1.109252e+01
1.060310e+01	9.687345e+00	8.878033e+00	8.151502e+00	7.497916e+00	6.907400e+00
6.371635e+00	5.883065e+00	5.434049e+00	5.015830e+00	4.617591e+00	4.230902e+00
3.852062e+00	3.475918e+00	3.093763e+00	2.689198e+00	2.242148e+00	1.995524e+00
1.727173e+00	1.491231e+00	1.242199e+00	1.183349e+00	1.155557e+00	1.153109e+00
1.144658e+00	1.142564e+00	1.144327e+00	1.150242e+00	1.308594e+01	1.235670e+01
1.169710e+01	1.115431e+01	1.068405e+01	9.798308e+00	9.008753e+00	8.295591e+00
7.650749e+00	7.066167e+00	6.535093e+00	6.050455e+00	5.604682e+00	5.188912e+00
4.792061e+00	4.405304e+00	4.024585e+00	3.644043e+00	3.253182e+00	2.831292e+00
2.352732e+00	2.083024e+00	1.785291e+00	1.521066e+00	1.232268e+00	1.161630e+00
1.133028e+00	1.131213e+00	1.120885e+00	1.118141e+00	1.120858e+00	1.127387e+00
1.310261e+01	1.237966e+01	1.173012e+01	1.120336e+01	1.075113e+01	9.894197e+00
9.126671e+00	8.431080e+00	7.800110e+00	7.226134e+00	6.702760e+00	6.223433e+00
5.781160e+00	5.367664e+00	4.972424e+00	4.586736e+00	4.205982e+00	3.823178e+00
3.425717e+00	2.988548e+00	2.479693e+00	2.186229e+00	1.855783e+00	1.558802e+00
1.228337e+00	1.144221e+00	1.113252e+00	1.111685e+00	1.099456e+00	1.096151e+00
1.099792e+00	1.105990e+00	1.310906e+01	1.239182e+01	1.175317e+01	1.124435e+01
1.081150e+01	9.983561e+00	9.238796e+00	8.561333e+00	7.944798e+00	7.382177e+00
6.867686e+00	6.395270e+00	5.958403e+00	5.549268e+00	5.157746e+00	4.775208e+00
4.396464e+00	4.013450e+00	3.611315e+00	3.160282e+00	2.621396e+00	2.303635e+00
1.939488e+00	1.607330e+00	1.229328e+00	1.133022e+00	1.095325e+00	1.093838e+00
1.080841e+00	1.077129e+00	1.080423e+00	1.085600e+00	1.309633e+01	1.238720e+01
1.176146e+01	1.127240e+01	1.086057e+01	1.006304e+01	9.342820e+00	8.684986e+00
8.084184e+00	7.534076e+00	7.029501e+00	6.565029e+00	6.134690e+00	5.731287e+00
5.345347e+00	4.968432e+00	4.594663e+00	4.214569e+00	3.810414e+00	3.346095e+00
2.774488e+00	2.430328e+00	2.030979e+00	1.663995e+00	1.245085e+00	1.133934e+00
1.072291e+00	1.071335e+00	1.067800e+00	1.064539e+00	1.058814e+00	1.066862e+00
1.308034e+01	1.238090e+01	1.176751e+01	1.129685e+01	1.090522e+01	1.013706e+01
9.441031e+00	8.803035e+00	8.218539e+00	7.681815e+00	7.188273e+00	6.733043e+00
6.310674e+00	5.914541e+00	5.535792e+00	5.166180e+00	4.799202e+00	4.424065e+00
4.020182e+00	3.544995e+00	2.942494e+00	2.571989e+00	2.136144e+00	1.731241e+00
1.266964e+00	1.136003e+00	1.054480e+00	1.053080e+00	1.055107e+00	1.052039e+00
1.040129e+00	1.049638e+00	1.306861e+01	1.237570e+01	1.177303e+01	1.131913e+01
1.094567e+01	1.020404e+01	9.530417e+00	8.911541e+00	8.343429e+00	7.820837e+00
7.339623e+00	6.895315e+00	6.482852e+00	6.095990e+00	5.726286e+00	5.365585e+00
5.006956e+00	4.638662e+00	4.237884e+00	3.756730e+00	3.129911e+00	2.735326e+00
2.262146e+00	1.814036e+00	1.291524e+00	1.141247e+00	1.044244e+00	1.040893e+00
1.041603e+00	1.038302e+00	1.025666e+00	1.034150e+00	1.307439e+01	1.238241e+01
1.178628e+01	1.134378e+01	1.098189e+01	1.025851e+01	9.601757e+00	8.998867e+00
8.446007e+00	7.938097e+00	7.471082e+00	7.040492e+00	6.641259e+00	6.266932e+00
5.908693e+00	5.558105e+00	5.208372e+00	4.847892e+00	4.453857e+00	3.977529e+00
3.343216e+00	2.928674e+00	2.410823e+00	1.906989e+00	1.317483e+00	1.149051e+00
1.042490e+00	1.034004e+00	1.026251e+00	1.023344e+00	1.014806e+00	1.020149e+00
1.308316e+01	1.239261e+01	1.180020e+01	1.136588e+01	1.101413e+01	1.030711e+01
9.665782e+00	9.077995e+00	8.540020e+00	8.046925e+00	7.594699e+00	7.178822e+00
6.794139e+00	6.433846e+00	6.088507e+00	5.749258e+00	5.409587e+00	5.058375e+00
4.673603e+00	4.207465e+00	3.574349e+00	3.142995e+00	2.578298e+00	2.012347e+00
1.347522e+00	1.160317e+00	1.041362e+00	1.028430e+00	1.011238e+00	1.008828e+00
1.005366e+00	1.007319e+00	1.307933e+01	1.239074e+01	1.180104e+01	1.137662e+01
1.103818e+01	1.035125e+01	9.727453e+00	9.156026e+00	8.633493e+00	8.155234e+00
7.717404e+00	7.315649e+00	6.944906e+00	6.598385e+00	6.266476e+00	5.940152e+00
5.612919e+00	5.273559e+00	4.899564e+00	4.441299e+00	3.804572e+00	3.358502e+00
2.758285e+00	2.139786e+00	1.391494e+00	1.178060e+00	1.038679e+00	1.021598e+00
1.000239e+00	9.977750e-01	9.962117e-01	9.962083e-01	1.305352e+01	1.237292e+01
1.179374e+01	1.138189e+01	1.105582e+01	1.039021e+01	9.785099e+00	9.230748e+00
8.723895e+00	8.260311e+00	7.836412e+00	7.448181e+00	7.090806e+00	6.757822e+00
6.439837e+00	6.127928e+00	5.815449e+00	5.490612e+00	5.129261e+00	4.677310e+00
4.033516e+00	3.575608e+00	2.953067e+00	2.296495e+00	1.459334e+00	1.210177e+00
1.034719e+00	1.013970e+00	9.920750e-01	9.893001e-01	9.874589e-01	9.867571e-01
1.302069e+01	1.234865e+01	1.177999e+01	1.138050e+01	1.106767e+01	1.042462e+01
9.838855e+00	9.301720e+00	8.810355e+00	8.360969e+00	7.950361e+00	7.574924e+00
7.230284e+00	6.910490e+00	6.606726e+00	6.310414e+00	6.014729e+00	5.707150e+00
5.361387e+00	4.917518e+00	4.266495e+00	3.796925e+00	3.154010e+00	2.462930e+00
1.541379e+00	1.254820e+00	1.035070e+00	1.006961e+00	9.853151e-01	9.823217e-01
9.774842e-01	9.787820e-01	1.298210e+01	1.231915e+01	1.176085e+01	1.137668e+01
1.107696e+01	1.045600e+01	9.889515e+00	9.369464e+00	8.893385e+00	8.457911e+00
8.060277e+00	7.697317e+00	7.365188e+00	7.058566e+00	6.769416e+00	6.489680e+00
6.212400e+00	5.924285e+00	5.596639e+00	5.162738e+00	4.505274e+00	4.024970e+00
3.364582e+00	2.643009e+00	1.639831e+00	1.314133e+00	1.037124e+00	1.000606e+00
9.793964e-01	9.762163e-01	9.671270e-01	9.717207e-01	1.296462e+01	1.230631e+01
1.175475e+01	1.137599e+01	1.108738e+01	1.048348e+01	9.932185e+00	9.426471e+00
8.964093e+00	8.541938e+00	8.157411e+00	7.807576e+00	7.488884e+00	7.196337e+00
6.922253e+00	6.658905e+00	6.399591e+00	6.131060e+00	5.823710e+00	5.406755e+00
4.755112e+00	4.269712e+00	3.593475e+00	2.838371e+00	1.745231e+00	1.377348e+00
1.041337e+00	9.992318e-01	9.728786e-01	9.694627e-01	9.596322e-01	9.654058e-01
1.296011e+01	1.230330e+01	1.175450e+01	1.138204e+01	1.109944e+01	1.050634e+01
9.965991e+00	9.471775e+00	9.021417e+00	8.611851e+00	8.240371e+00	7.904080e+00
7.599489e+00	7.321593e+00	7.062525e+00	6.814632e+00	6.572009e+00	6.322650e+00
6.038033e+00	5.646600e+00	5.017050e+00	4.534483e+00	3.843984e+00	3.050370e+00
1.858039e+00	1.445287e+00	1.056041e+00	1.002136e+00	9.651179e-01	9.613151e-01
9.544204e-01	9.598919e-01	1.294609e+01	1.229517e+01	1.175331e+01	1.138911e+01
1.111399e+01	1.053277e+01	1.000180e+01	9.515720e+00	9.072906e+00	8.671371e+00
8.309491e+00	7.984719e+00	7.693682e+00	7.431411e+00	7.189933e+00	6.961040e+00
6.737474e+00	6.504438e+00	6.233363e+00	5.862744e+00	5.269621e+00	4.806952e+00
4.124009e+00	3.299902e+00	1.982942e+00	1.516522e+00	1.067549e+00	1.003885e+00
9.623073e-01	9.591594e-01	9.525513e-01	9.548670e-01	1.292714e+01	1.228556e+01
1.175203e+01	1.139622e+01	1.112841e+01	1.055860e+01	1.003613e+01	9.556992e+00
9.120289e+00	8.725179e+00	8.371213e+00	8.056274e+00	7.777268e+00	7.529573e+00
7.305654e+00	7.097044e+00	6.894491e+00	6.678715e+00	6.419870e+00	6.068186e+00
5.513501e+00	5.077082e+00	4.416632e+00	3.577226e+00	2.127975e+00	1.596055e+00
1.078417e+00	1.005812e+00	9.611916e-01	9.579755e-01	9.514910e-01	9.505001e-01
1.292232e+01	1.228382e+01	1.175408e+01	1.140210e+01	1.113824e+01	1.057628e+01
1.006230e+01	9.592473e+00	9.165451e+00	8.780023e+00	8.435342e+00	8.129566e+00
7.860189e+00	7.623425e+00	7.412890e+00	7.221140e+00	7.039348e+00	6.848343e+00
6.617218e+00	6.291398e+00	5.757036e+00	5.331000e+00	4.683706e+00	3.844672e+00
2.305663e+00	1.696647e+00	1.097195e+00	1.014519e+00	9.601301e-01	9.533964e-01
9.494023e-01	9.470186e-01	1.292773e+01	1.229136e+01	1.176372e+01	1.141250e+01
1.114935e+01	1.059130e+01	1.008318e+01	9.621245e+00	9.203513e+00	8.828252e+00
8.493995e+00	8.198758e+00	7.939913e+00	7.713444e+00	7.512555e+00	7.330649e+00
7.162578e+00	6.996064e+00	6.803344e+00	6.515211e+00	6.003783e+00	5.588338e+00
4.957919e+00	4.118550e+00	2.488941e+00	1.817846e+00	1.123611e+00	1.024476e+00
9.586174e-01	9.520467e-01	9.464341e-01	9.441128e-01	1.292607e+01	1.229218e+01
1.176683e+01	1.141877e+01	1.115881e+01	1.060687e+01	1.010527e+01	9.650638e+00
9.240598e+00	8.873196e+00	8.546765e+00	8.259552e+00	8.009333e+00	7.792621e+00
7.603268e+00	7.435240e+00	7.284052e+00	7.138575e+00	6.971756e+00	6.715340e+00
6.241141e+00	5.845273e+00	5.234477e+00	4.398062e+00	2.690840e+00	1.950292e+00
1.154969e+00	1.038386e+00	9.582098e-01	9.507648e-01	9.426158e-01	9.415111e-01
1.290133e+01	1.227892e+01	1.176314e+01	1.142145e+01	1.116651e+01	1.062375e+01
1.012976e+01	9.681432e+00	9.276735e+00	8.914142e+00	8.592374e+00	8.310260e+00
8.066443e+00	7.858713e+00	7.682853e+00	7.533586e+00	7.403557e+00	7.274608e+00
7.118006e+00	6.884442e+00	6.461337e+00	6.095686e+00	5.506914e+00	4.677963e+00
2.915845e+00	2.093410e+00	1.192324e+00	1.059497e+00	9.589699e-01	9.495668e-01
9.384998e-01	9.392313e-01	1.289078e+01	1.227729e+01	1.176588e+01	1.142809e+01
1.117661e+01	1.064001e+01	1.015102e+01	9.707144e+00	9.306721e+00	8.948635e+00
8.631982e+00	8.355784e+00	8.118934e+00	7.919569e+00	7.753878e+00	7.616996e+00
7.501845e+00	7.390445e+00	7.255197e+00	7.051577e+00	6.673333e+00	6.334864e+00
5.769842e+00	4.954021e+00	3.152842e+00	2.261603e+00	1.236730e+00	1.081430e+00
9.609794e-01	9.498227e-01	9.376063e-01	9.373476e-01	1.288301e+01	1.227642e+01
1.177204e+01	1.143759e+01	1.118771e+01	1.065544e+01	1.017029e+01	9.730102e+00
9.333501e+00	8.979700e+00	8.668113e+00	8.397844e+00	8.167832e+00	7.976224e+00
7.819114e+00	7.692054e+00	7.589386e+00	7.495627e+00	7.385731e+00	7.215065e+00
6.879444e+00	6.567663e+00	6.029633e+00	5.232543e+00	3.403548e+00	2.450431e+00
1.287791e+00	1.105852e+00	9.643662e-01	9.504503e-01	9.370155e-01	9.357108e-01
1.287763e+01	1.227802e+01	1.178073e+01	1.144839e+01	1.119885e+01	1.066863e+01
1.018620e+01	9.749327e+00	9.356700e+00	9.007465e+00	8.700977e+00	8.436293e+00
8.212318e+00	8.027068e+00	7.876371e+00	7.756283e+00	7.663704e+00	7.588154e+00
7.507760e+00	7.372055e+00	7.073783e+00	6.786546e+00	6.283099e+00	5.514007e+00
3.662029e+00	2.654077e+00	1.347257e+00	1.136362e+00	9.685939e-01	9.514853e-01
9.360566e-01	9.344487e-01	1.287354e+01	1.228367e+01	1.179240e+01	1.146050e+01
1.120945e+01	1.067959e+01	1.019905e+01	9.765057e+00	9.376222e+00	9.031448e+00
8.729807e+00	8.470215e+00	8.251467e+00	8.071355e+00	7.925356e+00	7.810102e+00
7.725603e+00	7.667608e+00	7.618382e+00	7.518323e+00	7.252815e+00	6.988191e+00
6.524875e+00	5.792281e+00	3.926384e+00	2.874412e+00	1.418907e+00	1.175950e+00
9.747445e-01	9.535977e-01	9.348095e-01	9.334677e-01	1.285515e+01	1.227839e+01
1.179442e+01	1.146653e+01	1.121452e+01	1.068713e+01	1.020905e+01	9.777703e+00
9.391779e+00	9.050184e+00	8.751988e+00	8.496193e+00	8.281691e+00	8.106371e+00
7.965880e+00	7.857217e+00	7.781641e+00	7.737331e+00	7.708965e+00	7.637691e+00
7.411648e+00	7.174228e+00	6.748057e+00	6.053612e+00	4.202733e+00	3.105629e+00
1.500399e+00	1.222404e+00	9.824720e-01	9.560731e-01	9.339223e-01	9.323377e-01
1.281616e+01	1.226228e+01	1.179520e+01	1.147069e+01	1.121792e+01	1.069318e+01
1.021755e+01	9.788656e+00	9.405205e+00	9.066198e+00	8.770807e+00	8.518184e+00
8.307374e+00	8.136482e+00	8.001530e+00	7.899879e+00	7.833297e+00	7.800685e+00
7.788624e+00	7.742815e+00	7.558305e+00	7.350150e+00	6.960339e+00	6.306369e+00
4.491437e+00	3.350314e+00	1.592650e+00	1.276411e+00	9.920332e-01	9.591160e-01
9.331983e-01	9.311948e-01	1.277901e+01	1.224835e+01	1.179717e+01	1.147653e+01
1.122253e+01	1.070007e+01	1.022656e+01	9.799790e+00	9.418533e+00	9.081831e+00
8.788939e+00	8.539128e+00	8.331583e+00	8.164588e+00	8.034394e+00	7.938690e+00
7.879855e+00	7.857776e+00	7.861060e+00	7.839146e+00	7.693585e+00	7.513841e+00
7.161184e+00	6.550712e+00	4.784907e+00	3.608890e+00	1.696461e+00	1.337756e+00
1.003473e+00	9.631905e-01	9.330609e-01	9.305670e-01	1.274499e+01	1.223773e+01
1.180302e+01	1.148581e+01	1.122943e+01	1.070830e+01	1.023627e+01	9.811179e+00
9.431813e+00	9.097145e+00	8.806454e+00	8.559080e+00	8.354348e+00	8.190667e+00
8.064228e+00	7.973015e+00	7.920315e+00	7.907670e+00	7.926128e+00	7.926764e+00
7.815908e+00	7.662628e+00	7.346840e+00	6.781228e+00	5.077485e+00	3.881707e+00
1.816433e+00	1.409978e+00	1.018368e+00	9.696033e-01	9.337129e-01	9.302960e-01
1.269956e+01	1.221943e+01	1.180246e+01	1.149136e+01	1.123508e+01	1.071741e+01
1.024731e+01	9.823321e+00	9.444651e+00	9.110729e+00	8.821291e+00	8.575709e+00
8.373047e+00	8.212082e+00	8.090465e+00	8.006727e+00	7.962547e+00	7.955641e+00
7.976150e+00	7.990366e+00	7.919407e+00	7.794734e+00	7.519290e+00	7.013945e+00
5.385054e+00	4.138222e+00	1.948850e+00	1.498081e+00	1.036223e+00	9.728642e-01
9.371345e-01	9.299841e-01	1.265100e+01	1.219721e+01	1.179985e+01	1.149497e+01
1.123894e+01	1.072458e+01	1.025614e+01	9.833048e+00	9.454899e+00	9.121459e+00
8.832829e+00	8.588543e+00	8.387702e+00	8.229462e+00	8.112726e+00	8.036460e+00
8.000346e+00	7.997414e+00	8.016848e+00	8.040955e+00	8.008597e+00	7.914515e+00
7.679504e+00	7.228139e+00	5.680088e+00	4.404280e+00	2.097973e+00	1.596963e+00
1.057396e+00	9.766685e-01	9.409535e-01	9.296955e-01	1.261878e+01	1.218413e+01
1.179987e+01	1.149817e+01	1.124062e+01	1.072718e+01	1.025940e+01	9.837340e+00
9.460526e+00	9.128398e+00	8.840789e+00	8.597602e+00	8.398801e+00	8.243782e+00
8.130546e+00	8.057569e+00	8.025117e+00	8.027606e+00	8.055729e+00	8.092554e+00
8.090305e+00	8.027539e+00	7.828463e+00	7.397173e+00	5.922906e+00	4.736017e+00
2.270694e+00	1.691016e+00	1.081377e+00	9.954167e-01	9.374643e-01	9.294937e-01
1.258984e+01	1.217107e+01	1.179821e+01	1.149908e+01	1.124050e+01	1.072806e+01
1.026110e+01	9.840006e+00	9.464230e+00	9.133274e+00	8.846994e+00	8.605307e+00
8.408199e+00	8.255146e+00	8.144207e+00	8.074100e+00	8.045439e+00	8.053293e+00
8.089365e+00	8.138819e+00	8.159801e+00	8.118243e+00	7.955459e+00	7.572018e+00
6.183087e+00	5.026484e+00	2.461396e+00	1.809204e+00	1.110414e+00	1.008331e+00
9.396451e-01	9.286671e-01	1.256756e+01	1.216271e+01	1.179813e+01	1.150113e+01
1.124124e+01	1.073003e+01	1.026403e+01	9.843890e+00	9.469056e+00	9.139131e+00
8.854060e+00	8.613758e+00	8.418152e+00	8.266742e+00	8.157740e+00	8.090152e+00
8.064889e+00	8.077535e+00	8.120696e+00	8.181598e+00	8.223018e+00	8.199986e+00
8.071548e+00	7.737808e+00	6.439149e+00	5.314377e+00	2.670026e+00	1.942225e+00
1.144129e+00	1.023065e+00	9.429215e-01	9.283661e-01	1.255135e+01	1.215806e+01
1.180166e+01	1.150646e+01	1.124567e+01	1.073507e+01	1.026978e+01	9.850143e+00
9.475858e+00	9.146571e+00	8.862345e+00	8.623098e+00	8.428720e+00	8.278682e+00
8.171323e+00	8.105864e+00	8.083454e+00	8.100074e+00	8.149133e+00	8.219772e+00
8.279162e+00	8.272742e+00	8.175503e+00	7.887306e+00	6.680651e+00	5.600884e+00
2.896956e+00	2.090225e+00	1.184456e+00	1.042438e+00	9.470408e-01	9.284560e-01
1.253475e+01	1.215205e+01	1.180223e+01	1.150903e+01	1.124692e+01	1.073727e+01
1.027291e+01	9.853855e+00	9.480064e+00	9.151342e+00	8.867867e+00	8.629574e+00
8.436262e+00	8.287410e+00	8.181475e+00	8.117858e+00	8.097885e+00	8.117833e+00
8.171845e+00	8.250833e+00	8.325704e+00	8.333707e+00	8.264455e+00	8.019229e+00
6.906502e+00	5.878424e+00	3.139385e+00	2.254586e+00	1.231611e+00	1.066098e+00
9.518562e-01	9.283899e-01	1.251847e+01	1.214549e+01	1.180254e+01	1.151075e+01
1.124768e+01	1.073870e+01	1.027507e+01	9.856577e+00	9.483249e+00	9.155041e+00
8.872238e+00	8.634795e+00	8.442431e+00	8.294646e+00	8.189999e+00	8.128039e+00
8.110251e+00	8.133156e+00	8.191575e+00	8.278079e+00	8.366956e+00	8.388056e+00
8.344669e+00	8.140618e+00	7.123671e+00	6.152531e+00	3.398128e+00	2.435306e+00
1.285130e+00	1.093685e+00	9.573324e-01	9.282394e-01	1.250245e+01	1.213844e+01
1.180195e+01	1.151081e+01	1.124736e+01	1.073868e+01	1.027542e+01	9.857582e+00
9.484805e+00	9.157132e+00	8.874951e+00	8.638221e+00	8.446682e+00	8.299866e+00
8.196403e+00	8.135913e+00	8.120043e+00	8.145512e+00	8.207740e+00	8.300804e+00
8.402007e+00	8.434578e+00	8.413962e+00	8.248125e+00	7.327772e+00	6.416660e+00
3.669107e+00	2.633091e+00	1.346132e+00	1.125902e+00	9.635522e-01	9.280149e-01
1.248726e+01	1.213120e+01	1.179988e+01	1.151027e+01	1.124599e+01	1.073798e+01
1.027545e+01	9.858011e+00	9.485649e+00	9.158406e+00	8.876724e+00	8.640555e+00
8.449685e+00	8.303685e+00	8.201238e+00	8.141993e+00	8.127746e+00	8.155367e+00
8.220795e+00	8.319425e+00	8.431173e+00	8.473527e+00	8.472426e+00	8.341078e+00
7.515486e+00	6.666048e+00	3.950091e+00	2.849794e+00	1.417849e+00	1.165379e+00
9.710096e-01	9.277016e-01	1.247464e+01	1.212637e+01	1.179998e+01	1.151085e+01
1.124635e+01	1.073872e+01	1.027637e+01	9.859530e+00	9.487512e+00	9.160523e+00
8.879183e+00	8.643425e+00	8.453082e+00	8.307805e+00	8.206440e+00	8.148970e+00
8.136261e+00	8.165299e+00	8.232230e+00	8.335145e+00	8.456448e+00	8.507848e+00
8.523590e+00	8.422445e+00	7.687400e+00	6.900938e+00	4.238037e+00	3.079735e+00
1.500059e+00	1.212022e+00	9.801544e-01	9.276486e-01	1.246377e+01	1.212257e+01
1.180081e+01	1.151280e+01	1.124765e+01	1.074058e+01	1.027847e+01	9.861895e+00
9.490053e+00	9.163202e+00	8.882066e+00	8.646587e+00	8.456646e+00	8.311983e+00
8.211596e+00	8.155832e+00	8.144503e+00	8.174705e+00	8.242717e+00	8.349340e+00
8.479271e+00	8.538881e+00	8.569643e+00	8.496155e+00	7.849221e+00	7.126664e+00
4.535367e+00	3.325126e+00	1.593326e+00	1.266227e+00	9.909549e-01	9.276253e-01
1.246198e+01	1.212265e+01	1.180271e+01	1.151530e+01	1.124885e+01	1.074102e+01
1.027894e+01	9.862507e+00	9.491387e+00	9.165529e+00	8.885069e+00	8.650124e+00
8.460621e+00	8.316221e+00	8.215390e+00	8.157639e+00	8.146384e+00	8.179763e+00
8.255562e+00	8.368290e+00	8.501935e+00	8.564705e+00	8.606237e+00	8.559375e+00
8.001508e+00	7.337364e+00	4.834632e+00	3.584356e+00	1.697543e+00	1.328017e+00
1.003188e+00	9.276413e-01	1.247072e+01	1.213155e+01	1.180977e+01	1.151919e+01
1.124985e+01	1.073969e+01	1.027720e+01	9.861598e+00	9.491824e+00	9.167392e+00
8.888272e+00	8.654320e+00	8.465313e+00	8.320581e+00	8.217844e+00	8.157274e+00
8.143552e+00	8.181789e+00	8.272891e+00	8.397126e+00	8.524809e+00	8.585099e+00
8.633300e+00	8.611304e+00	8.142572e+00	7.528389e+00	5.129592e+00	3.856427e+00
1.816292e+00	1.401317e+00	1.017737e+00	9.278213e-01	1.247087e+01	1.213309e+01
1.181330e+01	1.152236e+01	1.125172e+01	1.074051e+01	1.027803e+01	9.862633e+00
9.493562e+00	9.170013e+00	8.891479e+00	8.657942e+00	8.469222e+00	8.324564e+00
8.221303e+00	8.159071e+00	8.145128e+00	8.186149e+00	8.283548e+00	8.412500e+00
8.542022e+00	8.604660e+00	8.661304e+00	8.659523e+00	8.263811e+00	7.707529e+00
5.423611e+00	4.135265e+00	1.956327e+00	1.484643e+00	1.035225e+00	9.277979e-01
1.246527e+01	1.213191e+01	1.181421e+01	1.152372e+01	1.125310e+01	1.074221e+01
1.027986e+01	9.864569e+00	9.495437e+00	9.171829e+00	8.893397e+00	8.660018e+00
8.471544e+00	8.327227e+00	8.224504e+00	8.163439e+00	8.150296e+00	8.191835e+00
8.289822e+00	8.420697e+00	8.554691e+00	8.621946e+00	8.687688e+00	8.702214e+00
8.367370e+00	7.871909e+00	5.712153e+00	4.418844e+00	2.119175e+00	1.580340e+00
1.055934e+00	9.277062e-01	1.245794e+01	1.212789e+01	1.181283e+01	1.152299e+01
1.125215e+01	1.074163e+01	1.027940e+01	9.864338e+00	9.495388e+00	9.171911e+00
8.893613e+00	8.660383e+00	8.472102e+00	8.328006e+00	8.225781e+00	8.165266e+00
8.152769e+00	8.194993e+00	8.293270e+00	8.425638e+00	8.563533e+00	8.635184e+00
8.708352e+00	8.736594e+00	8.457475e+00	8.017905e+00	5.989608e+00	4.706285e+00
2.297367e+00	1.691412e+00	1.079222e+00	9.277392e-01	1.243570e+01	1.211411e+01
1.180580e+01	1.151990e+01	1.125104e+01	1.074289e+01	1.028101e+01	9.865578e+00
9.495927e+00	9.171711e+00	8.892666e+00	8.658987e+00	8.470677e+00	8.327424e+00
8.227542e+00	8.171381e+00	8.162511e+00	8.201531e+00	8.287714e+00	8.413760e+00
8.566369e+00	8.648783e+00	8.730374e+00	8.765964e+00	8.533599e+00	8.149870e+00
6.257314e+00	4.995210e+00	2.491236e+00	1.825813e+00	1.108262e+00	9.275875e-01
1.242491e+01	1.210796e+01	1.180299e+01	1.151873e+01	1.125071e+01	1.074391e+01
1.028247e+01	9.866886e+00	9.496678e+00	9.171703e+00	8.892318e+00	8.658454e+00
8.470160e+00	8.327325e+00	8.229275e+00	8.175620e+00	8.168679e+00	8.206230e+00
8.285613e+00	8.408965e+00	8.570189e+00	8.660137e+00	8.747852e+00	8.791403e+00
8.603914e+00	8.268130e+00	6.514571e+00	5.286797e+00	2.700936e+00	1.973849e+00
1.142017e+00	9.273931e-01	1.242320e+01	1.210740e+01	1.180330e+01	1.151921e+01
1.125091e+01	1.074431e+01	1.028322e+01	9.867770e+00	9.497503e+00	9.172475e+00
8.893047e+00	8.659339e+00	8.471331e+00	8.328872e+00	8.230863e+00	8.177333e+00
8.170633e+00	8.208563e+00	8.289332e+00	8.413991e+00	8.577480e+00	8.668879e+00
8.760199e+00	8.813068e+00	8.669539e+00	8.371782e+00	6.757805e+00	5.578465e+00
2.927156e+00	2.133403e+00	1.181630e+00	9.272084e-01	