4.555384e-01	4.691259e-01	4.829534e-01	4.971100e-01	5.115639e-01	5.411703e-01
5.716854e-01	6.029579e-01	6.347503e-01	6.668686e-01	6.990776e-01	7.311130e-01
7.625724e-01	7.934071e-01	8.236661e-01	8.532850e-01	8.815866e-01	9.075210e-01
9.299878e-01	9.484515e-01	9.631031e-01	9.707345e-01	9.838724e-01	1.002266e+00
1.032566e+00	1.043499e+00	1.050200e+00	1.050789e+00	1.051773e+00	1.051834e+00
1.052099e+00	1.051983e+00	5.038174e-01	5.182823e-01	5.329830e-01	5.480081e-01
5.633255e-01	5.946405e-01	6.268295e-01	6.597276e-01	6.930823e-01	7.266870e-01
7.602951e-01	7.936349e-01	8.263010e-01	8.582580e-01	8.895919e-01	9.202733e-01
9.496294e-01	9.766140e-01	1.000137e+00	1.019689e+00	1.035475e+00	1.043671e+00
1.057343e+00	1.076149e+00	1.107046e+00	1.118189e+00	1.124996e+00	1.125591e+00
1.126590e+00	1.126653e+00	1.126923e+00	1.126805e+00	5.572131e-01	5.725894e-01
5.881951e-01	6.041176e-01	6.203244e-01	6.533939e-01	6.872927e-01	7.218423e-01
7.567749e-01	7.918712e-01	8.268734e-01	8.615034e-01	8.953553e-01	9.284097e-01
9.607945e-01	9.925206e-01	1.022924e+00	1.050967e+00	1.075577e+00	1.096278e+00
1.113285e+00	1.122087e+00	1.136300e+00	1.155479e+00	1.186897e+00	1.198225e+00
1.205118e+00	1.205717e+00	1.206730e+00	1.206794e+00	1.207069e+00	1.206948e+00
6.162679e-01	6.325870e-01	6.491267e-01	6.659720e-01	6.830908e-01	7.179524e-01
7.535882e-01	7.898052e-01	8.263207e-01	8.629024e-01	8.992818e-01	9.351758e-01
9.701806e-01	1.004295e+00	1.037696e+00	1.070440e+00	1.101875e+00	1.130982e+00
1.156707e+00	1.178619e+00	1.196943e+00	1.206395e+00	1.221153e+00	1.240657e+00
1.272509e+00	1.283990e+00	1.290947e+00	1.291547e+00	1.292570e+00	1.292635e+00
1.292915e+00	1.292792e+00	6.815814e-01	6.988714e-01	7.163702e-01	7.341595e-01
7.522080e-01	7.888896e-01	8.262783e-01	8.641669e-01	9.022576e-01	9.403052e-01
9.780309e-01	1.015148e+00	1.051259e+00	1.086384e+00	1.120753e+00	1.154476e+00
1.186921e+00	1.217088e+00	1.243957e+00	1.267144e+00	1.286886e+00	1.297037e+00
1.312342e+00	1.332113e+00	1.364295e+00	1.375893e+00	1.382888e+00	1.383487e+00
1.384516e+00	1.384583e+00	1.384866e+00	1.384741e+00	7.538170e-01	7.721012e-01
7.905796e-01	8.093286e-01	8.283187e-01	8.668358e-01	9.059802e-01	9.455300e-01
9.851729e-01	1.024651e+00	1.063676e+00	1.101960e+00	1.139113e+00	1.175182e+00
1.210457e+00	1.245110e+00	1.278530e+00	1.309749e+00	1.337789e+00	1.362319e+00
1.383589e+00	1.394490e+00	1.410341e+00	1.430312e+00	1.462702e+00	1.474375e+00
1.481378e+00	1.481972e+00	1.483003e+00	1.483071e+00	1.483357e+00	1.483231e+00
8.337082e-01	8.530042e-01	8.724764e-01	8.921942e-01	9.121305e-01	9.524834e-01
9.933699e-01	1.034554e+00	1.075708e+00	1.116563e+00	1.156821e+00	1.196195e+00
1.234310e+00	1.271238e+00	1.307342e+00	1.342859e+00	1.377209e+00	1.409465e+00
1.438698e+00	1.464642e+00	1.487558e+00	1.499265e+00	1.515658e+00	1.535749e+00
1.568208e+00	1.579905e+00	1.586882e+00	1.587467e+00	1.588496e+00	1.588564e+00
1.588852e+00	1.588725e+00	9.220666e-01	9.423845e-01	9.628569e-01	9.835442e-01
1.004423e+00	1.046593e+00	1.089189e+00	1.131959e+00	1.174563e+00	1.216719e+00
1.258123e+00	1.298489e+00	1.337462e+00	1.375145e+00	1.411981e+00	1.448282e+00
1.483505e+00	1.516773e+00	1.547218e+00	1.574651e+00	1.599340e+00	1.611913e+00
1.628839e+00	1.648959e+00	1.681323e+00	1.692989e+00	1.699900e+00	1.700472e+00
1.701493e+00	1.701562e+00	1.701850e+00	1.701722e+00	1.019789e+00	1.041130e+00
1.062600e+00	1.084247e+00	1.106053e+00	1.150002e+00	1.194251e+00	1.238535e+00
1.282502e+00	1.325859e+00	1.368295e+00	1.409531e+00	1.449234e+00	1.487546e+00
1.524995e+00	1.561981e+00	1.598006e+00	1.632251e+00	1.663925e+00	1.692922e+00
1.719521e+00	1.733024e+00	1.750472e+00	1.770514e+00	1.802597e+00	1.814167e+00
1.820967e+00	1.821522e+00	1.822529e+00	1.822597e+00	1.822884e+00	1.822756e+00
1.127869e+00	1.150223e+00	1.172676e+00	1.195261e+00	1.217967e+00	1.263628e+00
1.309447e+00	1.355146e+00	1.400361e+00	1.444789e+00	1.488115e+00	1.530068e+00
1.570347e+00	1.609134e+00	1.647055e+00	1.684607e+00	1.721343e+00	1.756521e+00
1.789434e+00	1.820076e+00	1.848734e+00	1.863234e+00	1.881188e+00	1.901030e+00
1.932619e+00	1.944019e+00	1.950657e+00	1.951189e+00	1.952173e+00	1.952242e+00
1.952526e+00	1.952399e+00	1.247403e+00	1.270747e+00	1.294154e+00	1.317642e+00
1.341205e+00	1.388480e+00	1.435755e+00	1.482735e+00	1.529051e+00	1.574388e+00
1.618428e+00	1.660914e+00	1.701582e+00	1.740660e+00	1.778884e+00	1.816859e+00
1.854200e+00	1.890251e+00	1.924411e+00	1.956782e+00	1.987656e+00	2.003229e+00
2.021665e+00	2.041167e+00	2.072020e+00	2.083165e+00	2.089583e+00	2.090086e+00
2.091041e+00	2.091108e+00	2.091389e+00	2.091263e+00	1.379606e+00	1.403899e+00
1.428216e+00	1.452552e+00	1.476912e+00	1.525669e+00	1.574246e+00	1.622338e+00
1.669567e+00	1.715611e+00	1.760152e+00	1.802948e+00	1.843784e+00	1.882937e+00
1.921265e+00	1.959494e+00	1.997312e+00	2.034163e+00	2.069568e+00	2.103755e+00
2.137017e+00	2.153741e+00	2.172633e+00	2.191634e+00	2.221475e+00	2.232270e+00
2.238403e+00	2.238870e+00	2.239786e+00	2.239852e+00	2.240127e+00	2.240003e+00
1.525820e+00	1.551004e+00	1.576166e+00	1.601276e+00	1.626350e+00	1.676413e+00
1.726096e+00	1.775084e+00	1.822996e+00	1.869502e+00	1.914287e+00	1.957129e+00
1.997870e+00	2.036843e+00	2.075043e+00	2.113327e+00	2.151468e+00	2.189032e+00
2.225675e+00	2.261767e+00	2.297603e+00	2.315562e+00	2.334874e+00	2.353193e+00
2.381711e+00	2.392048e+00	2.397823e+00	2.398246e+00	2.399112e+00	2.399177e+00
2.399443e+00	2.399323e+00	1.687530e+00	1.713523e+00	1.739443e+00	1.765228e+00
1.790909e+00	1.842050e+00	1.892593e+00	1.942212e+00	1.990525e+00	2.037197e+00
2.081919e+00	2.124495e+00	2.164833e+00	2.203329e+00	2.241128e+00	2.279236e+00
2.317523e+00	2.355691e+00	2.393558e+00	2.431647e+00	2.470255e+00	2.489542e+00
2.509230e+00	2.526662e+00	2.553505e+00	2.563262e+00	2.568596e+00	2.568968e+00
2.569772e+00	2.569835e+00	2.570089e+00	2.569974e+00	1.866378e+00	1.893071e+00
1.919633e+00	1.945966e+00	1.972119e+00	2.024054e+00	2.075150e+00	2.125075e+00
2.173450e+00	2.219935e+00	2.264230e+00	2.306174e+00	2.345749e+00	2.383423e+00
2.420507e+00	2.458171e+00	2.496395e+00	2.535039e+00	2.574103e+00	2.614287e+00
2.655881e+00	2.676594e+00	2.696606e+00	2.712918e+00	2.737690e+00	2.746731e+00
2.751532e+00	2.751842e+00	2.752572e+00	2.752632e+00	2.752872e+00	2.752762e+00
2.066221e+00	2.093160e+00	2.119935e+00	2.146425e+00	2.172698e+00	2.224844e+00
2.276064e+00	2.326004e+00	2.374260e+00	2.420415e+00	2.464087e+00	2.505125e+00
2.543595e+00	2.580046e+00	2.615996e+00	2.652830e+00	2.690686e+00	2.729689e+00
2.770141e+00	2.812992e+00	2.858531e+00	2.881120e+00	2.901419e+00	2.916024e+00
2.938065e+00	2.946277e+00	2.950360e+00	2.950574e+00	2.951212e+00	2.951269e+00
2.951497e+00	2.951390e+00	2.285813e+00	2.313003e+00	2.339972e+00	2.366555e+00
2.392845e+00	2.444908e+00	2.495832e+00	2.545254e+00	2.592766e+00	2.637925e+00
2.680330e+00	2.719863e+00	2.756695e+00	2.791460e+00	2.825891e+00	2.861583e+00
2.898829e+00	2.937990e+00	2.979636e+00	3.024956e+00	3.074228e+00	3.098587e+00
3.119082e+00	3.131888e+00	3.150830e+00	3.158014e+00	3.161314e+00	3.161435e+00
3.161966e+00	3.162020e+00	3.162228e+00	3.162129e+00	2.517659e+00	2.546723e+00
2.575322e+00	2.603116e+00	2.630242e+00	2.683046e+00	2.733434e+00	2.781147e+00
2.826000e+00	2.867976e+00	2.907222e+00	2.943830e+00	2.978120e+00	3.010789e+00
3.043669e+00	3.078404e+00	3.115266e+00	3.154384e+00	3.196080e+00	3.241483e+00
3.290825e+00	3.315227e+00	3.335786e+00	3.348334e+00	3.364761e+00	3.370434e+00
3.373270e+00	3.373421e+00	3.373839e+00	3.373881e+00	3.374034e+00	3.373966e+00
2.760661e+00	2.793394e+00	2.825234e+00	2.855515e+00	2.884429e+00	2.938974e+00
2.988626e+00	3.033362e+00	3.073494e+00	3.109947e+00	3.144033e+00	3.176205e+00
3.206956e+00	3.237001e+00	3.268145e+00	3.301909e+00	3.338368e+00	3.376964e+00
3.417299e+00	3.460220e+00	3.505990e+00	3.528773e+00	3.549178e+00	3.562803e+00
3.577376e+00	3.581204e+00	3.583886e+00	3.584173e+00	3.584481e+00	3.584503e+00
3.584574e+00	3.584557e+00	3.018024e+00	3.053688e+00	3.088141e+00	3.120473e+00
3.150897e+00	3.207028e+00	3.256144e+00	3.298202e+00	3.333906e+00	3.364962e+00
3.393674e+00	3.420792e+00	3.446906e+00	3.472789e+00	3.500233e+00	3.530718e+00
3.564228e+00	3.599892e+00	3.637044e+00	3.676729e+00	3.719637e+00	3.741287e+00
3.760666e+00	3.773441e+00	3.786344e+00	3.789338e+00	3.791700e+00	3.791992e+00
3.792238e+00	3.792251e+00	3.792300e+00	3.792298e+00	3.291371e+00	3.329795e+00
3.366712e+00	3.400972e+00	3.432806e+00	3.490379e+00	3.538839e+00	3.578046e+00
3.609079e+00	3.634362e+00	3.657130e+00	3.678398e+00	3.698805e+00	3.719204e+00
3.741370e+00	3.766792e+00	3.795437e+00	3.826355e+00	3.858869e+00	3.894450e+00
3.934381e+00	3.954908e+00	3.972634e+00	3.983511e+00	3.994859e+00	3.997574e+00
3.999540e+00	3.999766e+00	3.999979e+00	3.999989e+00	4.000049e+00	4.000040e+00
3.577527e+00	3.620352e+00	3.660928e+00	3.697547e+00	3.730576e+00	3.787973e+00
3.833509e+00	3.868262e+00	3.893781e+00	3.912911e+00	3.929418e+00	3.944427e+00
3.958572e+00	3.972679e+00	3.988379e+00	4.007108e+00	4.029003e+00	4.053540e+00
4.080461e+00	4.111132e+00	4.146329e+00	4.164365e+00	4.179812e+00	4.189130e+00
4.198746e+00	4.201092e+00	4.202717e+00	4.202899e+00	4.203076e+00	4.203087e+00
4.203141e+00	4.203133e+00	3.872760e+00	3.922280e+00	3.968206e+00	4.007783e+00
4.041693e+00	4.096617e+00	4.136155e+00	4.164466e+00	4.183644e+00	4.196490e+00
4.206709e+00	4.215324e+00	4.222898e+00	4.230063e+00	4.238057e+00	4.248134e+00
4.260931e+00	4.277160e+00	4.297625e+00	4.322750e+00	4.351187e+00	4.365033e+00
4.377546e+00	4.385921e+00	4.393651e+00	4.395500e+00	4.396879e+00	4.397048e+00
4.397184e+00	4.397202e+00	4.397224e+00	4.397229e+00	4.176328e+00	4.235038e+00
4.288144e+00	4.331381e+00	4.365905e+00	4.416112e+00	4.446694e+00	4.466864e+00
4.479239e+00	4.485910e+00	4.489627e+00	4.490960e+00	4.490110e+00	4.487809e+00
4.486127e+00	4.487119e+00	4.491373e+00	4.499244e+00	4.511240e+00	4.527930e+00
4.548034e+00	4.557813e+00	4.567007e+00	4.573544e+00	4.579327e+00	4.580711e+00
4.581791e+00	4.581933e+00	4.582036e+00	4.582054e+00	4.582052e+00	4.582067e+00
4.486787e+00	4.556235e+00	4.617599e+00	4.664753e+00	4.699453e+00	4.742854e+00
4.761940e+00	4.772374e+00	4.777235e+00	4.777429e+00	4.774140e+00	4.767239e+00
4.756379e+00	4.742613e+00	4.729716e+00	4.721156e+00	4.717048e+00	4.716242e+00
4.717985e+00	4.723838e+00	4.734163e+00	4.739801e+00	4.745246e+00	4.749194e+00
4.752848e+00	4.753757e+00	4.754472e+00	4.754572e+00	4.754644e+00	4.754650e+00
4.754641e+00	4.754663e+00	4.804879e+00	4.883714e+00	4.952099e+00	5.002147e+00
5.036226e+00	5.071637e+00	5.078267e+00	5.077740e+00	5.073598e+00	5.065767e+00
5.054143e+00	5.038003e+00	5.016549e+00	4.991032e+00	4.966548e+00	4.947575e+00
4.933871e+00	4.923122e+00	4.913606e+00	4.907692e+00	4.907031e+00	4.907813e+00
4.908917e+00	4.909935e+00	4.910966e+00	4.911282e+00	4.911546e+00	4.911588e+00
4.911612e+00	4.911602e+00	4.911601e+00	4.911632e+00	5.131089e+00	5.217137e+00
5.290652e+00	5.342187e+00	5.374637e+00	5.400890e+00	5.394372e+00	5.381716e+00
5.366960e+00	5.349366e+00	5.327938e+00	5.301565e+00	5.269047e+00	5.231738e+00
5.195559e+00	5.165622e+00	5.141372e+00	5.119612e+00	5.097972e+00	5.079512e+00
5.067011e+00	5.062428e+00	5.058648e+00	5.056276e+00	5.054109e+00	5.053678e+00
5.053385e+00	5.053347e+00	5.053310e+00	5.053300e+00	5.053290e+00	5.053320e+00
5.465242e+00	5.555828e+00	5.632125e+00	5.683394e+00	5.713006e+00	5.728814e+00
5.708429e+00	5.682339e+00	5.655083e+00	5.625677e+00	5.592776e+00	5.555036e+00
5.511007e+00	5.461988e+00	5.414187e+00	5.372870e+00	5.337244e+00	5.303587e+00
5.269190e+00	5.237680e+00	5.212660e+00	5.202216e+00	5.192980e+00	5.186694e+00
5.180681e+00	5.179339e+00	5.178340e+00	5.178203e+00	5.178099e+00	5.178087e+00
5.178061e+00	5.178092e+00	5.802211e+00	5.893407e+00	5.969113e+00	6.017701e+00
6.042910e+00	6.046860e+00	6.012051e+00	5.971153e+00	5.929225e+00	5.885627e+00
5.839399e+00	5.789151e+00	5.733374e+00	5.673106e+00	5.614169e+00	5.561391e+00
5.513854e+00	5.467756e+00	5.420398e+00	5.375790e+00	5.337921e+00	5.321212e+00
5.305993e+00	5.295273e+00	5.284834e+00	5.282424e+00	5.280574e+00	5.280324e+00
5.280144e+00	5.280124e+00	5.280084e+00	5.280114e+00	6.140323e+00	6.228159e+00
6.299807e+00	6.343138e+00	6.362181e+00	6.352319e+00	6.302012e+00	6.244545e+00
6.185553e+00	6.125263e+00	6.063783e+00	5.999853e+00	5.932080e+00	5.861006e+00
5.791489e+00	5.727423e+00	5.667874e+00	5.609271e+00	5.549208e+00	5.491877e+00
5.441276e+00	5.418142e+00	5.396701e+00	5.381346e+00	5.366352e+00	5.362826e+00
5.360102e+00	5.359741e+00	5.359472e+00	5.359434e+00	5.359400e+00	5.359427e+00
6.483807e+00	6.565267e+00	6.630207e+00	6.666228e+00	6.677585e+00	6.651912e+00
6.584687e+00	6.508826e+00	6.430618e+00	6.351524e+00	6.273123e+00	6.194413e+00
6.114171e+00	6.032312e+00	5.952402e+00	5.877111e+00	5.805542e+00	5.734514e+00
5.662030e+00	5.592294e+00	5.528972e+00	5.499166e+00	5.471101e+00	5.450708e+00
5.430929e+00	5.426198e+00	5.422518e+00	5.422040e+00	5.421675e+00	5.421616e+00
5.421590e+00	5.421609e+00	6.827913e+00	6.899901e+00	6.955232e+00	6.981431e+00
6.982954e+00	6.938015e+00	6.850995e+00	6.753722e+00	6.653259e+00	6.552613e+00
6.455122e+00	6.360313e+00	6.267125e+00	6.174689e+00	6.084840e+00	5.998583e+00
5.915208e+00	5.832394e+00	5.749032e+00	5.667593e+00	5.590027e+00	5.551855e+00
5.514846e+00	5.487254e+00	5.461217e+00	5.454795e+00	5.449713e+00	5.449072e+00
5.448583e+00	5.448500e+00	5.448461e+00	5.448459e+00	7.167711e+00	7.226170e+00
7.268299e+00	7.281879e+00	7.271471e+00	7.204487e+00	7.095745e+00	6.974825e+00
6.849711e+00	6.725359e+00	6.607184e+00	6.495399e+00	6.389009e+00	6.286287e+00
6.187211e+00	6.090986e+00	5.997054e+00	5.903802e+00	5.810746e+00	5.719205e+00
5.629584e+00	5.584286e+00	5.539821e+00	5.506464e+00	5.475773e+00	5.468125e+00
5.462038e+00	5.461283e+00	5.460706e+00	5.460607e+00	5.460557e+00	5.460538e+00
7.504181e+00	7.539932e+00	7.561314e+00	7.557850e+00	7.533766e+00	7.446016e+00
7.318763e+00	7.173892e+00	7.020286e+00	6.866494e+00	6.721964e+00	6.588757e+00
6.465540e+00	6.347717e+00	6.237591e+00	6.132553e+00	6.030877e+00	5.928208e+00
5.821097e+00	5.719673e+00	5.626184e+00	5.579013e+00	5.531780e+00	5.495457e+00
5.463060e+00	5.455013e+00	5.448457e+00	5.447655e+00	5.447044e+00	5.446932e+00
5.446893e+00	5.446856e+00	7.840387e+00	7.847535e+00	7.843540e+00	7.820263e+00
7.781186e+00	7.672433e+00	7.527402e+00	7.357911e+00	7.174067e+00	6.989079e+00
6.817302e+00	6.662878e+00	6.523835e+00	6.392123e+00	6.272487e+00	6.160403e+00
6.052856e+00	5.943047e+00	5.825905e+00	5.712933e+00	5.608081e+00	5.555860e+00
5.500975e+00	5.456399e+00	5.419416e+00	5.410314e+00	5.402482e+00	5.401553e+00
5.400849e+00	5.400702e+00	5.400693e+00	5.400607e+00	8.167326e+00	8.149007e+00
8.121281e+00	8.077270e+00	8.020169e+00	7.880729e+00	7.707163e+00	7.506701e+00
7.290831e+00	7.075381e+00	6.876150e+00	6.696417e+00	6.537909e+00	6.401387e+00
6.278214e+00	6.163413e+00	6.053604e+00	5.941336e+00	5.821183e+00	5.697059e+00
5.577964e+00	5.519811e+00	5.456710e+00	5.403999e+00	5.362335e+00	5.352152e+00
5.343093e+00	5.342038e+00	5.341243e+00	5.341065e+00	5.341079e+00	5.340949e+00
8.477884e+00	8.439363e+00	8.391062e+00	8.325904e+00	8.247585e+00	8.067310e+00
7.855764e+00	7.621118e+00	7.375212e+00	7.134329e+00	6.912416e+00	6.710059e+00
6.534037e+00	6.383212e+00	6.247426e+00	6.121830e+00	6.002778e+00	5.882457e+00
5.754904e+00	5.624635e+00	5.498502e+00	5.435986e+00	5.368667e+00	5.312800e+00
5.267748e+00	5.256708e+00	5.246986e+00	5.245848e+00	5.244995e+00	5.244806e+00
5.244805e+00	5.244671e+00	8.781189e+00	8.718859e+00	8.646652e+00	8.557521e+00
8.455635e+00	8.230940e+00	7.978938e+00	7.708382e+00	7.431150e+00	7.160191e+00
6.914559e+00	6.702198e+00	6.514177e+00	6.345675e+00	6.195665e+00	6.058022e+00
5.928602e+00	5.799546e+00	5.664671e+00	5.528213e+00	5.395182e+00	5.328883e+00
5.258451e+00	5.200587e+00	5.152246e+00	5.140377e+00	5.130113e+00	5.128903e+00
5.127979e+00	5.127793e+00	5.127769e+00	5.127654e+00	9.076537e+00	8.985851e+00
8.885831e+00	8.769830e+00	8.642344e+00	8.370994e+00	8.078144e+00	7.771355e+00
7.461386e+00	7.167005e+00	6.901009e+00	6.664145e+00	6.457291e+00	6.275138e+00
6.112024e+00	5.962203e+00	5.821677e+00	5.683512e+00	5.542033e+00	5.400007e+00
5.261038e+00	5.192158e+00	5.120572e+00	5.062606e+00	5.011264e+00	4.998628e+00
4.988029e+00	4.986771e+00	4.985762e+00	4.985597e+00	4.985540e+00	4.985470e+00
9.359239e+00	9.240468e+00	9.112052e+00	8.967549e+00	8.812174e+00	8.488911e+00
8.149345e+00	7.805793e+00	7.469967e+00	7.149174e+00	6.859817e+00	6.604914e+00
6.381407e+00	6.183525e+00	6.005095e+00	5.840971e+00	5.687348e+00	5.538696e+00
5.390238e+00	5.242764e+00	5.098456e+00	5.027933e+00	4.956864e+00	4.900420e+00
4.846333e+00	4.833005e+00	4.822259e+00	4.820961e+00	4.819876e+00	4.819738e+00
4.819645e+00	4.819630e+00	9.599185e+00	9.485563e+00	9.353077e+00	9.188356e+00
9.000545e+00	8.597521e+00	8.181732e+00	7.787438e+00	7.429450e+00	7.098241e+00
6.801132e+00	6.537058e+00	6.297910e+00	6.077217e+00	5.874876e+00	5.691507e+00
5.523619e+00	5.365705e+00	5.212043e+00	5.058939e+00	4.907840e+00	4.836635e+00
4.767013e+00	4.712327e+00	4.655722e+00	4.642050e+00	4.631200e+00	4.629780e+00
4.628694e+00	4.628569e+00	4.628457e+00	4.628485e+00	9.833647e+00	9.715515e+00
9.571348e+00	9.382486e+00	9.161365e+00	8.681621e+00	8.193677e+00	7.759412e+00
7.373405e+00	7.031393e+00	6.726477e+00	6.451956e+00	6.196064e+00	5.952421e+00
5.726890e+00	5.525021e+00	5.343370e+00	5.175572e+00	5.014861e+00	4.854953e+00
4.697711e+00	4.626028e+00	4.557422e+00	4.503807e+00	4.445205e+00	4.431329e+00
4.420377e+00	4.418860e+00	4.417777e+00	4.417659e+00	4.417536e+00	4.417597e+00
1.007314e+01	9.925078e+00	9.749609e+00	9.527550e+00	9.272913e+00	8.731963e+00
8.196454e+00	7.723318e+00	7.312017e+00	6.950856e+00	6.628185e+00	6.336020e+00
6.061609e+00	5.798890e+00	5.555456e+00	5.338088e+00	5.143474e+00	4.964054e+00
4.792716e+00	4.624069e+00	4.461433e+00	4.388586e+00	4.319521e+00	4.265729e+00
4.205956e+00	4.191893e+00	4.180830e+00	4.179300e+00	4.178200e+00	4.178080e+00
4.177950e+00	4.178030e+00	1.036083e+01	1.012851e+01	9.877723e+00	9.599897e+00
9.307213e+00	8.727553e+00	8.183363e+00	7.684303e+00	7.246514e+00	6.857512e+00
6.507838e+00	6.190997e+00	5.897135e+00	5.620867e+00	5.365639e+00	5.134901e+00
4.926745e+00	4.735058e+00	4.554256e+00	4.377618e+00	4.205263e+00	4.126432e+00
4.054392e+00	4.001491e+00	3.941415e+00	3.926336e+00	3.915322e+00	3.913977e+00
3.912806e+00	3.912668e+00	3.912510e+00	3.912599e+00	1.065449e+01	1.032086e+01
9.987425e+00	9.655626e+00	9.330797e+00	8.717812e+00	8.153447e+00	7.638854e+00
7.173687e+00	6.752879e+00	6.372636e+00	6.029222e+00	5.717119e+00	5.431018e+00
5.167225e+00	4.924186e+00	4.702105e+00	4.497605e+00	4.307460e+00	4.123324e+00
3.940933e+00	3.855040e+00	3.778682e+00	3.725879e+00	3.666092e+00	3.649991e+00
3.639041e+00	3.637918e+00	3.636676e+00	3.636515e+00	3.636333e+00	3.636411e+00
1.087195e+01	1.047855e+01	1.009211e+01	9.719152e+00	9.363566e+00	8.706868e+00
8.114201e+00	7.573175e+00	7.079369e+00	6.631464e+00	6.228360e+00	5.866304e+00
5.540207e+00	5.243595e+00	4.968528e+00	4.710671e+00	4.472014e+00	4.252245e+00
4.050459e+00	3.858750e+00	3.671599e+00	3.582612e+00	3.501097e+00	3.443404e+00
3.384109e+00	3.368333e+00	3.357157e+00	3.356025e+00	3.354809e+00	3.354630e+00
3.354475e+00	3.354489e+00	1.103702e+01	1.060825e+01	1.018839e+01	9.784908e+00
9.401035e+00	8.691260e+00	8.052778e+00	7.476383e+00	6.956378e+00	6.488874e+00
6.071533e+00	5.698353e+00	5.362090e+00	5.054656e+00	4.766267e+00	4.491594e+00
4.234081e+00	3.996808e+00	3.781061e+00	3.581194e+00	3.393130e+00	3.303985e+00
3.216350e+00	3.149492e+00	3.090777e+00	3.076435e+00	3.064784e+00	3.063447e+00
3.062336e+00	3.062146e+00	3.062058e+00	3.061963e+00	1.121716e+01	1.074103e+01
1.027759e+01	9.837234e+00	9.421458e+00	8.664041e+00	7.984504e+00	7.378194e+00
6.836634e+00	6.352517e+00	5.920738e+00	5.534301e+00	5.185343e+00	4.865455e+00
4.564547e+00	4.277009e+00	4.006315e+00	3.756649e+00	3.529083e+00	3.319042e+00
3.123644e+00	3.031481e+00	2.940168e+00	2.870113e+00	2.810853e+00	2.796746e+00
2.784932e+00	2.783545e+00	2.782456e+00	2.782267e+00	2.782194e+00	2.782050e+00
1.140214e+01	1.087308e+01	1.036199e+01	9.883086e+00	9.436175e+00	8.625813e+00
7.909786e+00	7.277160e+00	6.717561e+00	6.219508e+00	5.774195e+00	5.374252e+00
5.011873e+00	4.679032e+00	4.366413e+00	4.068649e+00	3.788311e+00	3.529386e+00
3.291654e+00	3.071116e+00	2.866016e+00	2.769867e+00	2.676477e+00	2.606305e+00
2.546036e+00	2.531651e+00	2.519851e+00	2.518483e+00	2.517379e+00	2.517199e+00
2.517114e+00	2.516959e+00	1.158013e+01	1.100033e+01	1.044395e+01	9.929027e+00
9.453036e+00	8.594159e+00	7.844105e+00	7.186546e+00	6.609514e+00	6.098030e+00
5.639818e+00	5.227057e+00	4.852183e+00	4.507552e+00	4.184513e+00	3.877875e+00
3.589263e+00	3.321916e+00	3.075117e+00	2.845008e+00	2.630878e+00	2.531057e+00
2.436010e+00	2.365964e+00	2.304212e+00	2.289514e+00	2.277727e+00	2.276365e+00
2.275235e+00	2.275072e+00	2.274962e+00	2.274835e+00	1.174806e+01	1.112075e+01
1.052231e+01	9.974695e+00	9.472869e+00	8.568098e+00	7.787496e+00	7.106572e+00
6.512740e+00	5.988332e+00	5.517847e+00	5.092919e+00	4.706418e+00	4.351064e+00
4.018738e+00	3.704362e+00	3.408557e+00	3.133244e+00	2.878072e+00	2.638840e+00
2.415894e+00	2.312534e+00	2.216194e+00	2.146541e+00	2.082667e+00	2.067582e+00
2.055797e+00	2.054425e+00	2.053252e+00	2.053116e+00	2.052965e+00	2.052910e+00
1.191295e+01	1.124116e+01	1.060376e+01	1.002655e+01	9.500970e+00	8.562324e+00
7.747609e+00	7.045307e+00	6.435199e+00	5.897857e+00	5.415307e+00	4.978572e+00
4.580892e+00	4.215359e+00	3.874313e+00	3.552768e+00	3.250543e+00	2.968402e+00
2.706233e+00	2.459585e+00	2.228621e+00	2.121335e+00	2.022123e+00	1.950952e+00
1.885054e+00	1.869635e+00	1.857741e+00	1.856341e+00	1.855131e+00	1.854999e+00
1.854840e+00	1.854873e+00	1.207602e+01	1.136316e+01	1.069036e+01	1.008733e+01
9.541745e+00	8.562912e+00	7.728662e+00	7.005264e+00	6.379097e+00	5.828932e+00
5.334638e+00	4.886563e+00	4.478200e+00	4.102987e+00	3.753631e+00	3.425223e+00
3.116998e+00	2.828808e+00	2.560515e+00	2.307676e+00	2.069137e+00	1.957495e+00
1.853989e+00	1.779610e+00	1.711567e+00	1.695797e+00	1.683636e+00	1.682197e+00
1.680947e+00	1.680805e+00	1.680657e+00	1.680772e+00	1.223990e+01	1.148953e+01
1.078509e+01	1.015989e+01	9.597431e+00	8.587659e+00	7.726383e+00	6.988637e+00
6.350471e+00	5.788140e+00	5.282267e+00	4.823358e+00	4.404874e+00	4.020434e+00
3.662962e+00	3.327618e+00	3.013314e+00	2.719287e+00	2.444978e+00	2.186299e+00
1.940019e+00	1.823525e+00	1.714637e+00	1.635803e+00	1.564990e+00	1.548677e+00
1.535995e+00	1.534504e+00	1.533196e+00	1.533044e+00	1.532904e+00	1.533051e+00
1.240288e+01	1.161866e+01	1.088606e+01	1.024212e+01	9.666074e+00	8.630032e+00
7.749333e+00	6.999707e+00	6.352539e+00	5.778745e+00	5.260619e+00	4.790167e+00
4.360805e+00	3.966122e+00	3.599088e+00	3.255986e+00	2.936713e+00	2.637583e+00
2.357670e+00	2.093221e+00	1.839063e+00	1.717535e+00	1.602987e+00	1.519342e+00
1.444992e+00	1.427836e+00	1.414399e+00	1.412810e+00	1.411439e+00	1.411270e+00
1.411134e+00	1.411225e+00	1.256741e+01	1.175245e+01	1.099455e+01	1.033448e+01
9.747117e+00	8.688537e+00	7.790916e+00	7.025332e+00	6.363311e+00	5.782357e+00
5.259999e+00	4.785348e+00	4.351946e+00	3.953395e+00	3.582695e+00	3.233845e+00
2.904218e+00	2.595830e+00	2.306833e+00	2.032440e+00	1.767184e+00	1.639890e+00
1.518984e+00	1.429838e+00	1.350353e+00	1.331849e+00	1.317281e+00	1.315561e+00
1.314091e+00	1.313907e+00	1.313761e+00	1.313718e+00	1.273254e+01	1.189149e+01
1.111269e+01	1.044049e+01	9.845335e+00	8.771029e+00	7.862570e+00	7.089311e+00
6.421347e+00	5.832573e+00	5.301490e+00	4.818300e+00	4.376496e+00	3.969354e+00
3.589546e+00	3.232087e+00	2.896028e+00	2.580888e+00	2.284634e+00	2.001402e+00
1.725456e+00	1.590866e+00	1.462182e+00	1.366276e+00	1.279739e+00	1.259321e+00
1.243177e+00	1.241285e+00	1.239674e+00	1.239473e+00	1.239303e+00	1.239103e+00
1.289245e+01	1.203082e+01	1.123617e+01	1.055572e+01	9.955985e+00	8.871332e+00
7.956414e+00	7.176744e+00	6.502574e+00	5.907501e+00	5.370116e+00	4.880572e+00
4.432154e+00	4.017742e+00	3.629423e+00	3.263331e+00	2.921748e+00	2.600859e+00
2.298498e+00	2.007941e+00	1.721382e+00	1.573104e+00	1.429450e+00	1.323035e+00
1.227738e+00	1.204749e+00	1.186408e+00	1.184271e+00	1.182495e+00	1.182260e+00
1.182062e+00	1.181790e+00	1.304830e+01	1.217000e+01	1.136325e+01	1.067775e+01
1.007628e+01	8.986575e+00	8.069979e+00	7.286606e+00	6.608125e+00	6.008479e+00
5.466691e+00	4.972872e+00	4.520052e+00	4.100850e+00	3.706986e+00	3.333363e+00
2.980230e+00	2.647127e+00	2.331524e+00	2.024511e+00	1.719259e+00	1.562410e+00
1.407725e+00	1.291291e+00	1.185779e+00	1.159975e+00	1.139251e+00	1.136833e+00
1.134854e+00	1.134583e+00	1.134360e+00	1.134104e+00	1.319543e+01	1.230602e+01
1.149186e+01	1.080502e+01	1.020486e+01	9.114567e+00	8.198522e+00	7.412497e+00
6.729989e+00	6.125747e+00	5.579502e+00	5.081294e+00	4.623838e+00	4.199336e+00
3.798924e+00	3.416924e+00	3.053240e+00	2.708557e+00	2.379900e+00	2.055747e+00
1.728999e+00	1.567591e+00	1.406961e+00	1.277434e+00	1.154852e+00	1.125380e+00
1.101539e+00	1.098708e+00	1.096417e+00	1.096122e+00	1.095854e+00	1.095869e+00
1.333192e+01	1.243720e+01	1.162111e+01	1.093785e+01	1.034347e+01	9.260449e+00
8.349958e+00	7.564369e+00	6.879616e+00	6.272006e+00	5.722456e+00	5.220952e+00
4.759918e+00	4.331114e+00	3.925075e+00	3.535752e+00	3.163156e+00	2.808149e+00
2.467379e+00	2.127878e+00	1.779492e+00	1.601489e+00	1.419249e+00	1.271066e+00
1.132388e+00	1.098963e+00	1.071862e+00	1.068574e+00	1.065862e+00	1.065534e+00
1.065247e+00	1.065666e+00	1.346362e+01	1.256142e+01	1.174339e+01	1.106519e+01
1.047904e+01	9.409519e+00	8.508398e+00	7.727539e+00	7.044221e+00	6.435629e+00
5.883249e+00	5.377536e+00	4.911427e+00	4.477179e+00	4.065806e+00	3.671107e+00
3.291938e+00	2.927468e+00	2.573045e+00	2.215174e+00	1.841503e+00	1.646762e+00
1.442610e+00	1.275758e+00	1.114911e+00	1.077254e+00	1.047513e+00	1.043751e+00
1.040102e+00	1.039612e+00	1.039573e+00	1.040497e+00	1.358729e+01	1.267907e+01
1.186094e+01	1.118997e+01	1.061459e+01	9.564219e+00	8.675940e+00	7.903224e+00
7.224106e+00	6.616384e+00	6.061839e+00	5.551731e+00	5.080035e+00	4.640139e+00
4.224319e+00	3.826463e+00	3.443377e+00	3.070919e+00	2.702157e+00	2.324081e+00
1.922809e+00	1.709695e+00	1.483359e+00	1.292118e+00	1.100496e+00	1.058497e+00
1.026476e+00	1.022282e+00	1.017512e+00	1.016806e+00	1.017131e+00	1.018564e+00
1.365023e+01	1.276454e+01	1.196534e+01	1.131340e+01	1.075626e+01	9.732304e+00
8.857220e+00	8.089476e+00	7.409948e+00	6.799381e+00	6.242040e+00	5.729674e+00
5.256075e+00	4.814423e+00	4.396758e+00	3.996447e+00	3.609082e+00	3.228440e+00
2.845710e+00	2.446888e+00	2.015560e+00	1.782213e+00	1.531459e+00	1.313851e+00
1.093233e+00	1.041021e+00	1.007451e+00	1.003425e+00	9.971517e-01	9.960414e-01
9.971282e-01	9.986648e-01	1.367348e+01	1.281996e+01	1.205494e+01	1.143612e+01
1.090806e+01	9.922208e+00	9.060211e+00	8.291219e+00	7.603002e+00	6.983209e+00
6.421696e+00	5.910075e+00	5.440315e+00	5.003430e+00	4.588501e+00	4.186913e+00
3.794478e+00	3.405345e+00	3.009880e+00	2.590455e+00	2.126322e+00	1.870641e+00
1.593573e+00	1.350487e+00	1.089784e+00	1.024642e+00	9.905199e-01	9.872932e-01
9.791467e-01	9.774328e-01	9.796893e-01	9.809418e-01	1.371822e+01	1.288171e+01
1.213428e+01	1.153754e+01	1.103229e+01	1.007991e+01	9.236670e+00	8.477528e+00
7.793226e+00	7.174539e+00	6.614187e+00	6.104337e+00	5.636635e+00	5.201530e+00
4.787172e+00	4.384251e+00	3.988306e+00	3.593020e+00	3.187170e+00	2.748966e+00
2.252123e+00	1.972653e+00	1.665143e+00	1.392617e+00	1.090399e+00	1.012546e+00
9.752451e-01	9.722933e-01	9.625512e-01	9.603724e-01	9.635837e-01	9.642759e-01
1.377858e+01	1.294174e+01	1.220099e+01	1.162032e+01	1.113439e+01	1.021187e+01
9.390723e+00	8.648878e+00	7.977881e+00	7.368862e+00	6.814699e+00	6.308159e+00
5.841667e+00	5.406462e+00	4.991506e+00	4.587781e+00	4.190183e+00	3.791237e+00
3.377539e+00	2.922823e+00	2.394201e+00	2.089973e+00	1.748308e+00	1.441996e+00
1.095097e+00	1.004115e+00	9.615216e-01	9.583919e-01	9.471433e-01	9.446090e-01
9.487303e-01	9.485538e-01	1.381608e+01	1.298287e+01	1.225181e+01	1.169003e+01
1.122568e+01	1.033380e+01	9.535916e+00	8.812078e+00	8.154882e+00	7.556240e+00
7.009676e+00	6.508554e+00	6.045847e+00	5.613256e+00	5.200323e+00	4.798042e+00
4.400787e+00	4.000006e+00	3.580100e+00	3.110115e+00	2.550066e+00	2.220618e+00
1.843924e+00	1.501083e+00	1.105880e+00	9.995895e-01	9.485625e-01	9.450188e-01
9.332617e-01	9.305449e-01	9.345605e-01	9.337226e-01	1.383839e+01	1.301052e+01
1.229087e+01	1.175001e+01	1.130900e+01	1.044901e+01	9.676276e+00	8.971954e+00
8.329905e+00	7.742765e+00	7.204844e+00	6.710154e+00	6.252321e+00	5.823724e+00
5.414614e+00	5.016210e+00	4.622199e+00	4.222610e+00	3.798924e+00	3.313842e+00
2.718989e+00	2.361680e+00	1.947667e+00	1.567816e+00	1.129762e+00	1.007067e+00
9.314961e-01	9.277085e-01	9.240991e-01	9.218944e-01	9.177008e-01	9.201457e-01
1.384978e+01	1.302747e+01	1.231935e+01	1.179928e+01	1.138114e+01	1.055255e+01
9.805209e+00	9.121252e+00	8.495577e+00	7.921498e+00	7.394005e+00	6.907684e+00
6.456751e+00	6.034192e+00	5.630880e+00	5.238265e+00	4.849417e+00	4.453059e+00
4.027858e+00	3.530189e+00	2.902612e+00	2.517655e+00	2.065100e+00	1.644897e+00
1.158297e+00	1.016989e+00	9.185259e-01	9.135638e-01	9.145885e-01	9.126887e-01
9.029497e-01	9.074396e-01	1.385546e+01	1.303774e+01	1.233964e+01	1.183817e+01
1.144061e+01	1.064090e+01	9.917629e+00	9.253936e+00	8.645390e+00	8.085881e+00
7.570878e+00	7.095371e+00	6.653999e+00	6.240110e+00	5.844935e+00	5.460010e+00
5.077997e+00	4.686711e+00	4.262711e+00	3.757350e+00	3.103938e+00	2.694000e+00
2.202651e+00	1.737025e+00	1.189158e+00	1.027375e+00	9.116086e-01	9.041876e-01
9.035575e-01	9.015322e-01	8.916668e-01	8.957564e-01	1.387606e+01	1.305991e+01
1.236856e+01	1.187890e+01	1.149505e+01	1.071593e+01	1.001140e+01	9.365177e+00
8.773011e+00	8.229003e+00	7.728742e+00	7.267244e+00	6.839104e+00	6.437462e+00
6.053109e+00	5.677240e+00	5.302667e+00	4.917308e+00	4.497681e+00	3.994281e+00
3.330483e+00	2.899760e+00	2.363942e+00	1.842112e+00	1.222713e+00	1.040533e+00
9.116276e-01	8.993135e-01	8.916835e-01	8.897566e-01	8.839913e-01	8.853569e-01
1.389977e+01	1.308217e+01	1.239414e+01	1.191440e+01	1.154301e+01	1.078289e+01
1.009589e+01	9.466514e+00	8.890653e+00	8.362599e+00	7.878012e+00	7.431883e+00
7.018661e+00	6.631125e+00	6.259370e+00	5.894073e+00	5.528335e+00	5.150490e+00
4.737726e+00	4.241288e+00	3.575098e+00	3.126625e+00	2.544839e+00	1.961169e+00
1.261072e+00	1.057011e+00	9.116565e-01	8.954680e-01	8.802591e-01	8.784552e-01
8.774578e-01	8.758501e-01	1.389884e+01	1.308249e+01	1.239706e+01	1.193129e+01
1.157696e+01	1.084015e+01	1.017328e+01	9.562360e+00	9.003687e+00	8.491923e+00
8.022932e+00	7.591906e+00	7.193374e+00	6.820120e+00	6.462013e+00	6.109511e+00
5.755667e+00	5.388608e+00	4.984873e+00	4.493588e+00	3.820242e+00	3.355566e+00
2.737822e+00	2.101035e+00	1.313166e+00	1.080689e+00	9.113535e-01	8.904736e-01
8.719717e-01	8.701272e-01	8.705718e-01	8.675552e-01	1.387451e+01	1.306579e+01
1.239147e+01	1.193945e+01	1.159989e+01	1.088729e+01	1.024163e+01	9.649974e+00
9.108935e+00	8.613581e+00	8.160051e+00	7.743895e+00	7.359900e+00	7.001152e+00
6.657707e+00	6.320095e+00	5.981110e+00	5.628186e+00	5.236023e+00	4.748915e+00
4.065089e+00	3.586579e+00	2.944514e+00	2.267328e+00	1.386837e+00	1.117885e+00
9.103400e-01	8.849349e-01	8.657995e-01	8.638414e-01	8.634901e-01	8.604383e-01
1.383824e+01	1.303769e+01	1.237504e+01	1.193394e+01	1.160643e+01	1.092092e+01
1.029726e+01	9.725317e+00	9.202079e+00	8.723165e+00	8.285080e+00	7.883791e+00
7.514471e+00	7.170638e+00	6.842755e+00	6.521573e+00	6.199679e+00	5.863817e+00
5.486671e+00	5.007135e+00	4.315333e+00	3.823736e+00	3.157820e+00	2.441757e+00
1.472594e+00	1.166464e+00	9.124925e-01	8.817781e-01	8.595495e-01	8.575363e-01
8.551194e-01	8.542206e-01	1.379074e+01	1.299830e+01	1.234569e+01	1.191981e+01
1.160988e+01	1.094817e+01	1.034574e+01	9.793163e+00	9.287516e+00	8.824907e+00
8.402213e+00	8.015826e+00	7.661358e+00	7.332835e+00	7.021263e+00	6.717741e+00
6.414720e+00	6.098301e+00	5.739058e+00	5.270017e+00	4.572704e+00	4.069277e+00
3.381287e+00	2.628592e+00	1.572424e+00	1.227841e+00	9.197989e-01	8.794480e-01
8.534691e-01	8.514125e-01	8.462684e-01	8.486111e-01	1.376334e+01	1.297504e+01
1.232878e+01	1.191463e+01	1.161528e+01	1.097256e+01	1.038716e+01	9.850906e+00
9.361050e+00	8.913983e+00	8.506792e+00	8.136016e+00	7.797333e+00	7.484921e+00
7.190106e+00	6.904254e+00	6.620075e+00	6.323697e+00	5.984866e+00	5.533002e+00
4.841606e+00	4.331930e+00	3.624383e+00	2.833124e+00	1.681058e+00	1.294003e+00
9.297645e-01	8.794603e-01	8.475514e-01	8.452380e-01	8.405663e-01	8.436884e-01
1.375159e+01	1.296497e+01	1.232228e+01	1.191429e+01	1.162491e+01	1.099406e+01
1.042090e+01	9.897487e+00	9.421277e+00	8.988829e+00	8.597352e+00	8.243107e+00
7.921092e+00	7.625066e+00	7.346606e+00	7.077432e+00	6.811107e+00	6.534819e+00
6.219210e+00	5.792949e+00	5.122822e+00	4.614651e+00	3.890585e+00	3.057896e+00
1.799747e+00	1.366050e+00	9.472292e-01	8.852064e-01	8.413702e-01	8.385050e-01
8.373225e-01	8.394991e-01	1.373822e+01	1.295110e+01	1.230974e+01	1.190880e+01
1.162580e+01	1.101197e+01	1.045581e+01	9.947110e+00	9.482807e+00	9.059609e+00
8.675224e+00	8.328665e+00	8.019265e+00	7.742613e+00	7.487488e+00	7.242500e+00
6.998981e+00	6.741381e+00	6.440126e+00	6.031235e+00	5.389579e+00	4.898643e+00
4.182971e+00	3.320655e+00	1.938394e+00	1.443808e+00	9.585158e-01	8.887446e-01
8.413737e-01	8.383939e-01	8.352692e-01	8.357022e-01	1.371780e+01	1.293242e+01
1.229605e+01	1.190122e+01	1.162559e+01	1.102875e+01	1.048752e+01	9.991030e+00
9.536559e+00	9.121287e+00	8.743313e+00	8.403712e+00	8.105627e+00	7.846689e+00
7.614141e+00	7.394459e+00	7.175781e+00	6.938261e+00	6.651023e+00	6.258482e+00
5.647739e+00	5.180382e+00	4.487229e+00	3.608764e+00	2.099330e+00	1.531915e+00
9.690410e-01	8.921435e-01	8.427310e-01	8.396491e-01	8.333028e-01	8.323197e-01
1.368343e+01	1.291530e+01	1.229223e+01	1.190733e+01	1.163904e+01	1.104793e+01
1.050981e+01	1.001841e+01	9.571977e+00	9.168532e+00	8.806694e+00	8.484901e+00
8.201327e+00	7.952284e+00	7.730435e+00	7.526458e+00	7.328488e+00	7.117009e+00
6.860712e+00	6.499827e+00	5.915646e+00	5.458575e+00	4.771755e+00	3.882218e+00
2.277685e+00	1.640758e+00	9.940310e-01	9.030753e-01	8.413091e-01	8.368638e-01
8.299471e-01	8.294413e-01	1.367678e+01	1.291385e+01	1.229597e+01	1.191410e+01
1.164809e+01	1.106195e+01	1.052970e+01	1.004596e+01	9.608928e+00	9.216435e+00
8.866808e+00	8.557817e+00	8.286643e+00	8.048872e+00	7.837167e+00	7.643955e+00
7.462473e+00	7.279407e+00	7.065050e+00	6.744730e+00	6.183421e+00	5.733893e+00
5.059475e+00	4.170366e+00	2.471003e+00	1.768564e+00	1.023689e+00	9.150898e-01
8.412474e-01	8.355633e-01	8.286372e-01	8.271803e-01	1.366490e+01	1.290919e+01
1.229693e+01	1.191943e+01	1.165701e+01	1.107788e+01	1.055283e+01	1.007691e+01
9.648099e+00	9.264107e+00	8.923132e+00	8.623130e+00	8.361599e+00	8.134594e+00
7.935356e+00	7.757169e+00	7.594973e+00	7.436246e+00	7.251127e+00	6.965736e+00
6.442229e+00	6.009811e+00	5.351638e+00	4.466410e+00	2.684904e+00	1.907111e+00
1.058490e+00	9.318064e-01	8.414511e-01	8.340928e-01	8.266259e-01	8.252138e-01
1.363838e+01	1.289499e+01	1.229344e+01	1.192340e+01	1.166671e+01	1.109795e+01
1.058126e+01	1.011216e+01	9.689006e+00	9.310115e+00	8.974076e+00	8.679540e+00
8.424906e+00	8.207598e+00	8.022805e+00	7.864561e+00	7.724960e+00	7.584689e+00
7.412621e+00	7.153830e+00	6.684206e+00	6.281445e+00	5.643233e+00	4.763192e+00
2.921575e+00	2.056058e+00	1.100468e+00	9.570786e-01	8.433563e-01	8.325578e-01
8.233847e-01	8.235376e-01	1.362650e+01	1.289354e+01	1.229801e+01	1.193306e+01
1.168030e+01	1.111821e+01	1.060667e+01	1.014202e+01	9.723114e+00	9.348720e+00
9.017880e+00	8.729501e+00	8.482195e+00	8.273677e+00	8.099465e+00	7.954076e+00
7.830372e+00	7.710154e+00	7.563805e+00	7.339338e+00	6.917065e+00	6.541663e+00
5.925746e+00	5.054314e+00	3.167793e+00	2.234352e+00	1.149729e+00	9.819898e-01
8.459957e-01	8.335740e-01	8.227779e-01	8.222315e-01	1.361662e+01	1.289262e+01
1.230660e+01	1.194579e+01	1.169498e+01	1.113770e+01	1.063009e+01	1.016904e+01
9.753786e+00	9.383464e+00	9.057555e+00	8.775130e+00	8.534852e+00	8.334444e+00
8.169348e+00	8.034563e+00	7.924551e+00	7.823976e+00	7.706007e+00	7.518049e+00
7.142444e+00	6.795623e+00	6.206207e+00	5.348540e+00	3.427656e+00	2.434468e+00
1.206049e+00	1.009322e+00	8.496165e-01	8.351182e-01	8.223698e-01	8.210795e-01
1.360116e+01	1.288971e+01	1.231245e+01	1.195566e+01	1.170597e+01	1.115296e+01
1.064913e+01	1.019173e+01	9.780181e+00	9.413804e+00	9.092284e+00	8.814881e+00
8.580450e+00	8.386936e+00	8.230090e+00	8.105454e+00	8.008428e+00	7.925252e+00
7.831242e+00	7.676551e+00	7.349166e+00	7.034781e+00	6.482033e+00	5.650573e+00
3.699227e+00	2.640850e+00	1.271339e+00	1.044924e+00	8.545181e-01	8.352607e-01
8.213458e-01	8.199432e-01	1.357734e+01	1.288222e+01	1.231689e+01	1.196387e+01
1.171448e+01	1.116506e+01	1.066458e+01	1.021057e+01	9.802509e+00	9.439762e+00
9.122063e+00	8.848850e+00	8.619229e+00	8.431470e+00	8.281805e+00	8.166337e+00
8.081058e+00	8.013092e+00	7.939544e+00	7.815046e+00	7.535374e+00	7.255497e+00
6.747267e+00	5.953673e+00	3.980192e+00	2.855161e+00	1.349211e+00	1.092369e+00
8.619136e-01	8.348598e-01	8.197623e-01	8.189033e-01	1.354488e+01	1.287221e+01
1.232305e+01	1.197417e+01	1.172409e+01	1.117767e+01	1.067991e+01	1.022862e+01
9.823285e+00	9.463450e+00	9.148914e+00	8.879265e+00	8.653789e+00	8.471037e+00
8.327554e+00	8.219944e+00	8.144953e+00	8.090925e+00	8.037040e+00	7.941818e+00
7.707882e+00	7.460466e+00	6.993412e+00	6.239629e+00	4.272981e+00	3.091241e+00
1.436776e+00	1.144710e+00	8.711521e-01	8.360737e-01	8.199266e-01	8.182917e-01
1.350317e+01	1.285876e+01	1.232975e+01	1.198542e+01	1.173374e+01	1.118992e+01
1.069451e+01	1.024556e+01	9.842550e+00	9.485242e+00	9.173498e+00	8.907033e+00
8.685282e+00	8.507053e+00	8.369134e+00	8.268586e+00	8.202961e+00	8.161926e+00
8.126847e+00	8.060004e+00	7.870667e+00	7.654959e+00	7.228417e+00	6.517353e+00
4.578659e+00	3.348093e+00	1.535073e+00	1.203239e+00	8.825133e-01	8.399969e-01
8.207061e-01	8.178385e-01	1.345662e+01	1.284235e+01	1.233187e+01	1.199341e+01
1.173913e+01	1.119784e+01	1.070466e+01	1.025800e+01	9.857276e+00	9.502369e+00
9.193293e+00	8.929847e+00	8.711620e+00	8.537583e+00	8.404676e+00	8.310313e+00
8.252806e+00	8.223102e+00	8.204745e+00	8.163932e+00	8.017396e+00	7.833465e+00
7.449081e+00	6.784593e+00	4.888742e+00	3.618615e+00	1.644877e+00	1.269197e+00
8.957463e-01	8.446100e-01	8.216052e-01	8.173668e-01	1.340145e+01	1.281995e+01
1.233203e+01	1.199843e+01	1.174161e+01	1.120244e+01	1.071120e+01	1.026663e+01
9.867979e+00	9.515186e+00	9.208481e+00	8.947736e+00	8.732738e+00	8.562528e+00
8.434045e+00	8.344882e+00	8.294073e+00	8.273824e+00	8.269780e+00	8.251915e+00
8.145279e+00	7.992690e+00	7.651224e+00	7.035690e+00	5.197095e+00	3.900850e+00
1.770011e+00	1.345804e+00	9.122310e-01	8.507984e-01	8.227655e-01	8.168670e-01
1.334928e+01	1.279905e+01	1.233238e+01	1.200336e+01	1.174367e+01	1.120561e+01
1.071548e+01	1.027221e+01	9.875257e+00	9.524653e+00	9.220678e+00	8.962922e+00
8.750694e+00	8.583084e+00	8.457958e+00	8.373740e+00	8.329786e+00	8.318494e+00
8.327177e+00	8.331875e+00	8.261933e+00	8.134372e+00	7.833417e+00	7.275370e+00
5.513574e+00	4.187854e+00	1.907604e+00	1.432987e+00	9.315221e-01	8.579929e-01
8.256086e-01	8.163986e-01	1.329974e+01	1.277890e+01	1.233241e+01	1.200727e+01
1.174464e+01	1.120712e+01	1.071742e+01	1.027528e+01	9.879979e+00	9.531465e+00
9.229900e+00	8.974727e+00	8.764984e+00	8.599833e+00	8.477791e+00	8.397953e+00
8.359981e+00	8.356469e+00	8.376145e+00	8.400180e+00	8.364036e+00	8.261721e+00
8.000952e+00	7.495431e+00	5.816324e+00	4.489270e+00	2.063238e+00	1.530039e+00
9.542067e-01	8.680418e-01	8.278055e-01	8.158944e-01	1.325277e+01	1.275850e+01
1.233012e+01	1.200947e+01	1.174462e+01	1.120743e+01	1.071779e+01	1.027675e+01
9.883271e+00	9.536694e+00	9.236688e+00	8.983072e+00	8.775639e+00	8.613852e+00
8.495468e+00	8.419108e+00	8.385096e+00	8.387446e+00	8.416317e+00	8.453455e+00
8.448100e+00	8.379198e+00	8.162160e+00	7.688257e+00	6.076843e+00	4.822423e+00
2.246736e+00	1.633575e+00	9.805999e-01	8.851882e-01	8.244723e-01	8.153099e-01
1.321717e+01	1.274452e+01	1.233072e+01	1.201336e+01	1.174657e+01	1.121001e+01
1.072098e+01	1.028091e+01	9.888776e+00	9.543716e+00	9.245258e+00	8.993244e+00
8.787572e+00	8.627776e+00	8.511812e+00	8.438516e+00	8.408603e+00	8.416646e+00
8.453964e+00	8.504688e+00	8.524292e+00	8.478207e+00	8.301336e+00	7.881202e+00
6.358422e+00	5.129429e+00	2.447528e+00	1.757579e+00	1.012905e+00	9.005199e-01
8.267596e-01	8.150854e-01	1.318705e+01	1.273296e+01	1.233160e+01	1.201719e+01
1.174885e+01	1.121316e+01	1.072503e+01	1.028576e+01	9.894566e+00	9.550597e+00
9.253370e+00	9.002716e+00	8.798530e+00	8.640379e+00	8.526487e+00	8.455914e+00
8.429695e+00	8.442794e+00	8.487563e+00	8.550594e+00	8.592140e+00	8.565821e+00
8.426502e+00	8.061642e+00	6.635849e+00	5.435081e+00	2.666107e+00	1.895981e+00
1.050120e+00	9.180813e-01	8.299390e-01	8.150623e-01	1.316183e+01	1.272341e+01
1.233268e+01	1.202051e+01	1.175073e+01	1.121615e+01	1.072906e+01	1.029064e+01
9.900079e+00	9.556794e+00	9.260410e+00	9.010805e+00	8.807881e+00	8.651217e+00
8.539175e+00	8.470944e+00	8.447844e+00	8.465176e+00	8.516205e+00	8.589694e+00
8.650218e+00	8.641352e+00	8.535996e+00	8.222489e+00	6.897330e+00	5.738131e+00
2.902381e+00	2.049462e+00	1.093927e+00	9.402260e-01	8.335401e-01	8.152069e-01
1.313993e+01	1.271557e+01	1.233433e+01	1.202414e+01	1.175298e+01	1.121932e+01
1.073318e+01	1.029545e+01	9.905361e+00	9.562550e+00	9.266823e+00	9.018107e+00
8.816304e+00	8.660965e+00	8.550509e+00	8.484217e+00	8.463601e+00	8.484390e+00
8.540696e+00	8.623417e+00	8.700307e+00	8.706105e+00	8.631046e+00	8.365962e+00
7.143583e+00	6.035224e+00	3.155437e+00	2.220104e+00	1.145097e+00	9.671884e-01
8.383602e-01	8.151464e-01	1.312000e+01	1.270854e+01	1.233604e+01	1.202761e+01
1.175517e+01	1.122245e+01	1.073729e+01	1.030021e+01	9.910503e+00	9.568026e+00
9.272788e+00	9.024777e+00	8.823910e+00	8.669739e+00	8.560723e+00	8.496221e+00
8.477876e+00	8.501804e+00	8.562825e+00	8.653681e+00	8.745342e+00	8.764707e+00
8.717381e+00	8.498282e+00	7.382332e+00	6.329652e+00	3.425665e+00	2.408655e+00
1.203192e+00	9.984564e-01	8.440809e-01	8.150077e-01	1.310191e+01	1.270188e+01
1.233694e+01	1.203011e+01	1.175664e+01	1.122516e+01	1.074134e+01	1.030506e+01
9.915740e+00	9.573408e+00	9.278281e+00	9.030472e+00	8.830036e+00	8.676693e+00
8.568971e+00	8.506329e+00	8.490461e+00	8.517649e+00	8.582916e+00	8.679485e+00
8.783597e+00	8.816765e+00	8.793207e+00	8.615991e+00	7.612834e+00	6.607270e+00
3.708027e+00	2.619911e+00	1.269528e+00	1.034250e+00	8.502598e-01	8.148163e-01
1.308580e+01	1.269571e+01	1.233741e+01	1.203191e+01	1.175761e+01	1.122737e+01
1.074500e+01	1.030956e+01	9.920650e+00	9.578342e+00	9.283079e+00	9.035171e+00
8.834868e+00	8.682120e+00	8.575524e+00	8.514658e+00	8.501226e+00	8.531478e+00
8.600293e+00	8.700833e+00	8.815602e+00	8.861983e+00	8.857943e+00	8.716586e+00
7.829080e+00	6.868172e+00	3.999159e+00	2.854279e+00	1.347370e+00	1.077504e+00
8.574513e-01	8.145222e-01	1.306890e+01	1.268900e+01	1.233743e+01	1.203311e+01
1.175797e+01	1.122823e+01	1.074641e+01	1.031151e+01	9.923149e+00	9.581261e+00
9.286057e+00	9.038356e+00	8.838404e+00	8.686314e+00	8.580978e+00	8.522396e+00
8.510930e+00	8.542586e+00	8.611399e+00	8.716163e+00	8.845129e+00	8.904578e+00
8.912183e+00	8.786512e+00	8.015930e+00	7.167651e+00	4.287708e+00	3.077723e+00
1.435790e+00	1.133636e+00	8.670218e-01	8.142635e-01	1.305281e+01	1.268247e+01
1.233741e+01	1.203406e+01	1.175818e+01	1.122878e+01	1.074730e+01	1.031281e+01
9.924907e+00	9.583436e+00	9.288317e+00	9.040885e+00	8.841326e+00	8.689874e+00
8.585733e+00	8.529341e+00	8.519542e+00	8.552012e+00	8.619994e+00	8.728815e+00
8.872545e+00	8.944066e+00	8.959961e+00	8.842953e+00	8.186414e+00	7.485302e+00
4.580451e+00	3.302104e+00	1.535486e+00	1.201974e+00	8.789352e-01	8.140278e-01
1.304890e+01	1.268149e+01	1.233822e+01	1.203589e+01	1.175864e+01	1.122868e+01
1.074710e+01	1.031271e+01	9.925088e+00	9.584112e+00	9.290404e+00	9.043883e+00
8.845029e+00	8.694024e+00	8.589522e+00	8.531005e+00	8.521192e+00	8.555774e+00
8.632013e+00	8.747654e+00	8.896142e+00	8.968128e+00	8.998430e+00	8.909952e+00
8.347623e+00	7.710642e+00	4.892716e+00	3.565513e+00	1.645786e+00	1.270508e+00
8.924697e-01	8.140171e-01	1.305226e+01	1.268817e+01	1.234558e+01	1.204049e+01
1.175998e+01	1.122671e+01	1.074356e+01	1.030929e+01	9.923031e+00	9.584195e+00
9.292281e+00	9.047690e+00	8.850205e+00	8.699201e+00	8.592312e+00	8.529706e+00
8.516081e+00	8.556650e+00	8.651199e+00	8.780679e+00	8.915740e+00	8.980249e+00
9.027504e+00	8.995551e+00	8.497982e+00	7.846234e+00	5.228163e+00	3.890080e+00
1.769114e+00	1.336578e+00	9.086604e-01	8.144605e-01	1.305077e+01	1.268887e+01
1.234846e+01	1.204340e+01	1.176135e+01	1.122678e+01	1.074335e+01	1.030919e+01
9.923348e+00	9.585207e+00	9.294711e+00	9.051036e+00	8.854227e+00	8.703418e+00
8.595596e+00	8.530813e+00	8.516604e+00	8.559687e+00	8.663254e+00	8.798477e+00
8.933243e+00	8.996591e+00	9.056082e+00	9.055621e+00	8.629556e+00	8.011964e+00
5.547595e+00	4.199734e+00	1.916256e+00	1.419370e+00	9.281754e-01	8.145071e-01
1.303830e+01	1.268398e+01	1.234822e+01	1.204423e+01	1.176255e+01	1.122892e+01
1.074559e+01	1.031150e+01	9.925682e+00	9.587381e+00	9.296334e+00	9.052564e+00
8.855884e+00	8.705558e+00	8.599359e+00	8.536890e+00	8.524240e+00	8.567379e+00
8.666786e+00	8.802239e+00	8.944353e+00	9.016898e+00	9.085513e+00	9.098790e+00
8.740645e+00	8.197768e+00	5.850995e+00	4.495385e+00	2.089343e+00	1.520972e+00
9.519557e-01	8.144543e-01	1.300874e+01	1.266684e+01	1.234095e+01	1.204250e+01
1.176345e+01	1.123280e+01	1.074955e+01	1.031477e+01	9.927796e+00	9.588427e+00
9.296506e+00	9.052168e+00	8.855361e+00	8.705949e+00	8.603085e+00	8.546585e+00
8.538892e+00	8.577512e+00	8.659615e+00	8.786017e+00	8.948214e+00	9.035816e+00
9.115623e+00	9.136869e+00	8.832494e+00	8.360267e+00	6.148437e+00	4.797511e+00
2.279682e+00	1.635603e+00	9.801502e-01	8.145870e-01	1.300473e+01	1.266620e+01
1.234258e+01	1.204457e+01	1.176519e+01	1.123494e+01	1.075180e+01	1.031711e+01
9.930092e+00	9.590635e+00	9.298764e+00	9.054736e+00	8.858221e+00	8.709101e+00
8.606684e+00	8.550383e+00	8.542969e+00	8.582105e+00	8.664810e+00	8.793169e+00
8.959080e+00	9.049955e+00	9.136058e+00	9.169710e+00	8.920255e+00	8.505127e+00
6.435822e+00	5.105923e+00	2.486208e+00	1.781189e+00	1.012159e+00	8.145929e-01
1.300125e+01	1.266517e+01	1.234312e+01	1.204533e+01	1.176563e+01	1.123584e+01
1.075380e+01	1.031951e+01	9.932552e+00	9.592912e+00	9.300783e+00	9.056204e+00
8.859461e+00	8.710359e+00	8.607849e+00	8.552246e+00	8.545670e+00	8.585790e+00
8.670386e+00	8.799355e+00	8.967590e+00	9.061763e+00	9.152911e+00	9.197034e+00
9.000575e+00	8.631557e+00	6.708907e+00	5.420598e+00	2.710316e+00	1.939412e+00
1.048983e+00	8.145728e-01	1.299722e+01	1.266240e+01	1.234129e+01	1.204379e+01
1.176419e+01	1.123611e+01	1.075574e+01	1.032219e+01	9.935215e+00	9.594927e+00
9.301855e+00	9.056420e+00	8.859051e+00	8.709919e+00	8.607924e+00	8.553095e+00
8.547703e+00	8.589047e+00	8.674267e+00	8.802221e+00	8.972130e+00	9.071615e+00
9.167058e+00	9.218926e+00	9.072305e+00	8.738579e+00	6.962631e+00	5.739006e+00
2.953087e+00	2.104002e+00	1.092420e+00	8.143702e-01	