1.610075e-01	1.679612e-01	1.749705e-01	1.819934e-01	1.890010e-01	2.028981e-01
2.164973e-01	2.296926e-01	2.425173e-01	2.552001e-01	2.681549e-01	2.817256e-01
2.964395e-01	3.133684e-01	3.343815e-01	3.607941e-01	3.904656e-01	4.155321e-01
4.276573e-01	4.308988e-01	4.352008e-01	4.442168e-01	4.700830e-01	5.010468e-01
4.825510e-01	4.642540e-01	4.738848e-01	4.789160e-01	4.787208e-01	4.774354e-01
4.779897e-01	4.767841e-01	1.830588e-01	1.906648e-01	1.983246e-01	2.059951e-01
2.136470e-01	2.288215e-01	2.436795e-01	2.581141e-01	2.721643e-01	2.860734e-01
3.002770e-01	3.151347e-01	3.311948e-01	3.495720e-01	3.722036e-01	4.004246e-01
4.319497e-01	4.585808e-01	4.716951e-01	4.755129e-01	4.802975e-01	4.897062e-01
5.164091e-01	5.482301e-01	5.295480e-01	5.109009e-01	5.207852e-01	5.259181e-01
5.257015e-01	5.243906e-01	5.249768e-01	5.237479e-01	2.081302e-01	2.164372e-01
2.247958e-01	2.331622e-01	2.415068e-01	2.580571e-01	2.742745e-01	2.900525e-01
3.054357e-01	3.206816e-01	3.362469e-01	3.525056e-01	3.700250e-01	3.899581e-01
4.143037e-01	4.444082e-01	4.778411e-01	5.060893e-01	5.202677e-01	5.247462e-01
5.300672e-01	5.398539e-01	5.673005e-01	5.998566e-01	5.811222e-01	5.622347e-01
5.723273e-01	5.775331e-01	5.772928e-01	5.759639e-01	5.765829e-01	5.753376e-01
2.366354e-01	2.456933e-01	2.548002e-01	2.639122e-01	2.729997e-01	2.910279e-01
3.087109e-01	3.259428e-01	3.427743e-01	3.594765e-01	3.765257e-01	3.943083e-01
4.134078e-01	4.350101e-01	4.611658e-01	4.932231e-01	5.286082e-01	5.585197e-01
5.738421e-01	5.790770e-01	5.849942e-01	5.951369e-01	6.232073e-01	6.563447e-01
6.377194e-01	6.187265e-01	6.289706e-01	6.342137e-01	6.339471e-01	6.326093e-01
6.332619e-01	6.320090e-01	2.690445e-01	2.789041e-01	2.888094e-01	2.987176e-01
3.085992e-01	3.282112e-01	3.474709e-01	3.662740e-01	3.846775e-01	4.029647e-01
4.216295e-01	4.410682e-01	4.618769e-01	4.852670e-01	5.133286e-01	5.473999e-01
5.847689e-01	6.163818e-01	6.329333e-01	6.390331e-01	6.456129e-01	6.560811e-01
6.846236e-01	7.181522e-01	6.998287e-01	6.808943e-01	6.912198e-01	6.964572e-01
6.961614e-01	6.948257e-01	6.955126e-01	6.942625e-01	3.058923e-01	3.166040e-01
3.273579e-01	3.381132e-01	3.488409e-01	3.701453e-01	3.910975e-01	4.115958e-01
4.317032e-01	4.517140e-01	4.721362e-01	4.933733e-01	5.160286e-01	5.413300e-01
5.713914e-01	6.075277e-01	6.468963e-01	6.802384e-01	6.981094e-01	7.051968e-01
7.125130e-01	7.232662e-01	7.520924e-01	7.857802e-01	7.679871e-01	7.493086e-01
7.596299e-01	7.648093e-01	7.644813e-01	7.631611e-01	7.638826e-01	7.626481e-01
3.477868e-01	3.593998e-01	3.710517e-01	3.827044e-01	3.943302e-01	4.174372e-01
4.402015e-01	4.625255e-01	4.844777e-01	5.063609e-01	5.286931e-01	5.518811e-01
5.765292e-01	6.038700e-01	6.360218e-01	6.742600e-01	7.156242e-01	7.507104e-01
7.699969e-01	7.782110e-01	7.863455e-01	7.973313e-01	8.262101e-01	8.597766e-01
8.427836e-01	8.245970e-01	8.348105e-01	8.398698e-01	8.395060e-01	8.382171e-01
8.389735e-01	8.377698e-01	3.954190e-01	4.079804e-01	4.205775e-01	4.331763e-01
4.457514e-01	4.707713e-01	4.954707e-01	5.197571e-01	5.437038e-01	5.676187e-01
5.920249e-01	6.173271e-01	6.441231e-01	6.736353e-01	7.079626e-01	7.483223e-01
7.916540e-01	8.284833e-01	8.492870e-01	8.587848e-01	8.678287e-01	8.789810e-01
9.076321e-01	9.407412e-01	9.248647e-01	9.074502e-01	9.174317e-01	9.222968e-01
9.218934e-01	9.206549e-01	9.214459e-01	9.202910e-01	4.495749e-01	4.631277e-01
4.767137e-01	4.903047e-01	5.038780e-01	5.309197e-01	5.576793e-01	5.840704e-01
6.101700e-01	6.362872e-01	6.629431e-01	6.905342e-01	7.196419e-01	7.514605e-01
7.880407e-01	8.305199e-01	8.757613e-01	9.143134e-01	9.367420e-01	9.477010e-01
9.577555e-01	9.689918e-01	9.970781e-01	1.029330e+00	1.014940e+00	9.986282e-01
1.008230e+00	1.012814e+00	1.012366e+00	1.011200e+00	1.012026e+00	1.010941e+00
5.111478e-01	5.257293e-01	5.403426e-01	5.549672e-01	5.695843e-01	5.987530e-01
6.276984e-01	6.563417e-01	6.847616e-01	7.132631e-01	7.423566e-01	7.724228e-01
8.040147e-01	8.382770e-01	8.771764e-01	9.217462e-01	9.688045e-01	1.009035e+00
1.033203e+00	1.045823e+00	1.057001e+00	1.068220e+00	1.095339e+00	1.126262e+00
1.113788e+00	1.098967e+00	1.108015e+00	1.112214e+00	1.111718e+00	1.110651e+00
1.111509e+00	1.110519e+00	5.811537e-01	5.967930e-01	6.124643e-01	6.281576e-01
6.438589e-01	6.752530e-01	7.065087e-01	7.375556e-01	7.684717e-01	7.995512e-01
8.312830e-01	8.640223e-01	8.982796e-01	9.351233e-01	9.763943e-01	1.022993e+00
1.071733e+00	1.113571e+00	1.139596e+00	1.154105e+00	1.166530e+00	1.177610e+00
1.203283e+00	1.232321e+00	1.222263e+00	1.209389e+00	1.217675e+00	1.221369e+00
1.220819e+00	1.219882e+00	1.220772e+00	1.219907e+00	6.607475e-01	6.774624e-01
6.942124e-01	7.110005e-01	7.278189e-01	7.615271e-01	7.952140e-01	8.288187e-01
8.624152e-01	8.962781e-01	9.308619e-01	9.664843e-01	1.003596e+00	1.043158e+00
1.086835e+00	1.135361e+00	1.185596e+00	1.228935e+00	1.256946e+00	1.273598e+00
1.287409e+00	1.298201e+00	1.321865e+00	1.348368e+00	1.341303e+00	1.330904e+00
1.338188e+00	1.341238e+00	1.340628e+00	1.339856e+00	1.340776e+00	1.340069e+00
7.512422e-01	7.690359e-01	7.868717e-01	8.047690e-01	8.227274e-01	8.588241e-01
8.950567e-01	9.313744e-01	9.678431e-01	1.004707e+00	1.042369e+00	1.081097e+00
1.121261e+00	1.163675e+00	1.209767e+00	1.260072e+00	1.311557e+00	1.356252e+00
1.386379e+00	1.405463e+00	1.420814e+00	1.431142e+00	1.452133e+00	1.475343e+00
1.471936e+00	1.464630e+00	1.470629e+00	1.472870e+00	1.472195e+00	1.471629e+00
1.472577e+00	1.472067e+00	8.541310e-01	8.729877e-01	8.918987e-01	9.109038e-01
9.300122e-01	9.685523e-01	1.007435e+00	1.046620e+00	1.086159e+00	1.126253e+00
1.167234e+00	1.209301e+00	1.252721e+00	1.298114e+00	1.346605e+00	1.398481e+00
1.450901e+00	1.496758e+00	1.529141e+00	1.550981e+00	1.568042e+00	1.577696e+00
1.595239e+00	1.614275e+00	1.615292e+00	1.611792e+00	1.616177e+00	1.617422e+00
1.616673e+00	1.616363e+00	1.617334e+00	1.617067e+00	9.711112e-01	9.909907e-01
1.010944e+00	1.031036e+00	1.051287e+00	1.092300e+00	1.133923e+00	1.176126e+00
1.218939e+00	1.262503e+00	1.307056e+00	1.352709e+00	1.399593e+00	1.448086e+00
1.498920e+00	1.552094e+00	1.605048e+00	1.651821e+00	1.686604e+00	1.711565e+00
1.730527e+00	1.739258e+00	1.752448e+00	1.766290e+00	1.772610e+00	1.773740e+00
1.776130e+00	1.776160e+00	1.775330e+00	1.775330e+00	1.776320e+00	1.776350e+00
1.104852e+00	1.125585e+00	1.146429e+00	1.167484e+00	1.188786e+00	1.232181e+00
1.276585e+00	1.321981e+00	1.368364e+00	1.415786e+00	1.464346e+00	1.514029e+00
1.564775e+00	1.616611e+00	1.669711e+00	1.723687e+00	1.776466e+00	1.823806e+00
1.861506e+00	1.890584e+00	1.912007e+00	1.919302e+00	1.926162e+00	1.932562e+00
1.945987e+00	1.953546e+00	1.953231e+00	1.951573e+00	1.950588e+00	1.951015e+00
1.952070e+00	1.952513e+00	1.256398e+00	1.277928e+00	1.299615e+00	1.321600e+00
1.343930e+00	1.389710e+00	1.436955e+00	1.485658e+00	1.535768e+00	1.587229e+00
1.639976e+00	1.693847e+00	1.748562e+00	1.803748e+00	1.858949e+00	1.913354e+00
1.965469e+00	2.013007e+00	2.053559e+00	2.086869e+00	2.110778e+00	2.116424e+00
2.116284e+00	2.114533e+00	2.135731e+00	2.150304e+00	2.146933e+00	2.143430e+00
2.142320e+00	2.143217e+00	2.144299e+00	2.145191e+00	1.424850e+00	1.447565e+00
1.470450e+00	1.493665e+00	1.517275e+00	1.565802e+00	1.616043e+00	1.667978e+00
1.721528e+00	1.776559e+00	1.832888e+00	1.890262e+00	1.948257e+00	2.006246e+00
2.063386e+00	2.118590e+00	2.170591e+00	2.218032e+00	2.259424e+00	2.294094e+00
2.318690e+00	2.323442e+00	2.320018e+00	2.314610e+00	2.340663e+00	2.358909e+00
2.353238e+00	2.348743e+00	2.347876e+00	2.349043e+00	2.349847e+00	2.350968e+00
1.610597e+00	1.635114e+00	1.659767e+00	1.684697e+00	1.709988e+00	1.761839e+00
1.815311e+00	1.870344e+00	1.926855e+00	1.984688e+00	2.043616e+00	2.103380e+00
2.163518e+00	2.223363e+00	2.282028e+00	2.338376e+00	2.390942e+00	2.438030e+00
2.477986e+00	2.510792e+00	2.534181e+00	2.539063e+00	2.536955e+00	2.533595e+00
2.560284e+00	2.577834e+00	2.571071e+00	2.566719e+00	2.566513e+00	2.567677e+00
2.567856e+00	2.568921e+00	1.811189e+00	1.838491e+00	1.865841e+00	1.893315e+00
1.921018e+00	1.977379e+00	2.034834e+00	2.093245e+00	2.152452e+00	2.212229e+00
2.272296e+00	2.332378e+00	2.392102e+00	2.451015e+00	2.508756e+00	2.564650e+00
2.617181e+00	2.664209e+00	2.703610e+00	2.735361e+00	2.758533e+00	2.765048e+00
2.766699e+00	2.767004e+00	2.788989e+00	2.801966e+00	2.796949e+00	2.793996e+00
2.794338e+00	2.795164e+00	2.794751e+00	2.795533e+00	2.029423e+00	2.060483e+00
2.091447e+00	2.122275e+00	2.153092e+00	2.215060e+00	2.277117e+00	2.339012e+00
2.400472e+00	2.461212e+00	2.520952e+00	2.579446e+00	2.636543e+00	2.692232e+00
2.747111e+00	2.801316e+00	2.853303e+00	2.900273e+00	2.939331e+00	2.970146e+00
2.993558e+00	3.002849e+00	3.010501e+00	3.016310e+00	3.029327e+00	3.034625e+00
3.033344e+00	3.032777e+00	3.033687e+00	3.033921e+00	3.032843e+00	3.033155e+00
2.264860e+00	2.300764e+00	2.336304e+00	2.371219e+00	2.405664e+00	2.473663e+00
2.539956e+00	2.604261e+00	2.666404e+00	2.726424e+00	2.784556e+00	2.840711e+00
2.894901e+00	2.947343e+00	2.999115e+00	3.050759e+00	3.100740e+00	3.145973e+00
3.183359e+00	3.212906e+00	3.236632e+00	3.247724e+00	3.259391e+00	3.268991e+00
3.276661e+00	3.277333e+00	3.277533e+00	3.278448e+00	3.280443e+00	3.280416e+00
3.278086e+00	3.278124e+00	2.515089e+00	2.557336e+00	2.598773e+00	2.638767e+00
2.677507e+00	2.751966e+00	2.821760e+00	2.886744e+00	2.947225e+00	3.004200e+00
3.059197e+00	3.112438e+00	3.163951e+00	3.213779e+00	3.262647e+00	3.310802e+00
3.356809e+00	3.397957e+00	3.431868e+00	3.459861e+00	3.484090e+00	3.495343e+00
3.507713e+00	3.518285e+00	3.526559e+00	3.527751e+00	3.525748e+00	3.526630e+00
3.530446e+00	3.530695e+00	3.526281e+00	3.526365e+00	2.782587e+00	2.831679e+00
2.879429e+00	2.924792e+00	2.967975e+00	3.048835e+00	3.121573e+00	3.186214e+00
3.243630e+00	3.295925e+00	3.346081e+00	3.394698e+00	3.441831e+00	3.487439e+00
3.531995e+00	3.575572e+00	3.616824e+00	3.653314e+00	3.683151e+00	3.708654e+00
3.732657e+00	3.744402e+00	3.757588e+00	3.768936e+00	3.777678e+00	3.779090e+00
3.775210e+00	3.776169e+00	3.781573e+00	3.782000e+00	3.775752e+00	3.775918e+00
3.066371e+00	3.122508e+00	3.176704e+00	3.227452e+00	3.274977e+00	3.361754e+00
3.436540e+00	3.499582e+00	3.552381e+00	3.598259e+00	3.641759e+00	3.683919e+00
3.724840e+00	3.764494e+00	3.803239e+00	3.841104e+00	3.876821e+00	3.908096e+00
3.933305e+00	3.955460e+00	3.978487e+00	3.990903e+00	4.004954e+00	4.016888e+00
4.025720e+00	4.026945e+00	4.021771e+00	4.022911e+00	4.029500e+00	4.030014e+00
4.022350e+00	4.022588e+00	3.365302e+00	3.428106e+00	3.488332e+00	3.543957e+00
3.595248e+00	3.686649e+00	3.761964e+00	3.821751e+00	3.868197e+00	3.905908e+00
3.941027e+00	3.975058e+00	4.008158e+00	4.040349e+00	4.071917e+00	4.102877e+00
4.132093e+00	4.157360e+00	4.177340e+00	4.195679e+00	4.217175e+00	4.229800e+00
4.244180e+00	4.256242e+00	4.264941e+00	4.266032e+00	4.260154e+00	4.261364e+00
4.268551e+00	4.269152e+00	4.260692e+00	4.260930e+00	3.679129e+00	3.747575e+00
3.812786e+00	3.872244e+00	3.926262e+00	4.020244e+00	4.094178e+00	4.148912e+00
4.187368e+00	4.215337e+00	4.240533e+00	4.264854e+00	4.288539e+00	4.311741e+00
4.334755e+00	4.357679e+00	4.379505e+00	4.398172e+00	4.412556e+00	4.426718e+00
4.446021e+00	4.458308e+00	4.472220e+00	4.483662e+00	4.491987e+00	4.493015e+00
4.487268e+00	4.488435e+00	4.495394e+00	4.495963e+00	4.487799e+00	4.488005e+00
4.009316e+00	4.081818e+00	4.150481e+00	4.212329e+00	4.267743e+00	4.361950e+00
4.432463e+00	4.480300e+00	4.509058e+00	4.525688e+00	4.539340e+00	4.552337e+00
4.565069e+00	4.577910e+00	4.591162e+00	4.605028e+00	4.618658e+00	4.630146e+00
4.638557e+00	4.648106e+00	4.664436e+00	4.675780e+00	4.688281e+00	4.698183e+00
4.705830e+00	4.706865e+00	4.702154e+00	4.703145e+00	4.708970e+00	4.709437e+00
4.702638e+00	4.702810e+00	4.351127e+00	4.425814e+00	4.496020e+00	4.558268e+00
4.613065e+00	4.703621e+00	4.767318e+00	4.805766e+00	4.823145e+00	4.827335e+00
4.828435e+00	4.829055e+00	4.829645e+00	4.830805e+00	4.833025e+00	4.836795e+00
4.841474e+00	4.845314e+00	4.847534e+00	4.852214e+00	4.864683e+00	4.874163e+00
4.884062e+00	4.891442e+00	4.897992e+00	4.899092e+00	4.896452e+00	4.897102e+00
4.900762e+00	4.901062e+00	4.896832e+00	4.896962e+00	4.697033e+00	4.778293e+00
4.852836e+00	4.915319e+00	4.966782e+00	5.043835e+00	5.089679e+00	5.112477e+00
5.117277e+00	5.111231e+00	5.103133e+00	5.094234e+00	5.083269e+00	5.070239e+00
5.057923e+00	5.048928e+00	5.043003e+00	5.038550e+00	5.034910e+00	5.035936e+00
5.044019e+00	5.049228e+00	5.055015e+00	5.060011e+00	5.064743e+00	5.065819e+00
5.066159e+00	5.066262e+00	5.066921e+00	5.067026e+00	5.066428e+00	5.066404e+00
5.055596e+00	5.142736e+00	5.220522e+00	5.281575e+00	5.327644e+00	5.386716e+00
5.410682e+00	5.415085e+00	5.405682e+00	5.388459e+00	5.370455e+00	5.351346e+00
5.328042e+00	5.299911e+00	5.272219e+00	5.249758e+00	5.232650e+00	5.219411e+00
5.209448e+00	5.206268e+00	5.209102e+00	5.209441e+00	5.210373e+00	5.212310e+00
5.214865e+00	5.215911e+00	5.219672e+00	5.219148e+00	5.216326e+00	5.216195e+00
5.219804e+00	5.219605e+00	5.431846e+00	5.511342e+00	5.581325e+00	5.634826e+00
5.673791e+00	5.719746e+00	5.730337e+00	5.719228e+00	5.692495e+00	5.656976e+00
5.620793e+00	5.584390e+00	5.545777e+00	5.504805e+00	5.465820e+00	5.432673e+00
5.405566e+00	5.383147e+00	5.364834e+00	5.353548e+00	5.348906e+00	5.346011e+00
5.341637e+00	5.337728e+00	5.337899e+00	5.339064e+00	5.346645e+00	5.345499e+00
5.338559e+00	5.338068e+00	5.346566e+00	5.346264e+00	5.819505e+00	5.878309e+00
5.930449e+00	5.970892e+00	6.000914e+00	6.036671e+00	6.039933e+00	6.015080e+00
5.968148e+00	5.908724e+00	5.848444e+00	5.790228e+00	5.734798e+00	5.682800e+00
5.635439e+00	5.593622e+00	5.557409e+00	5.525599e+00	5.497643e+00	5.475905e+00
5.462451e+00	5.457081e+00	5.447151e+00	5.436108e+00	5.433713e+00	5.435008e+00
5.446348e+00	5.444609e+00	5.433470e+00	5.432585e+00	5.446020e+00	5.445654e+00
6.196205e+00	6.242007e+00	6.281736e+00	6.310625e+00	6.329886e+00	6.345691e+00
6.328893e+00	6.281901e+00	6.211632e+00	6.129314e+00	6.048063e+00	5.971605e+00
5.901062e+00	5.836854e+00	5.778956e+00	5.727012e+00	5.681021e+00	5.639719e+00
5.602401e+00	5.571506e+00	5.548625e+00	5.536878e+00	5.518176e+00	5.497625e+00
5.493326e+00	5.494073e+00	5.508593e+00	5.506188e+00	5.491095e+00	5.489920e+00
5.507937e+00	5.507435e+00	6.573962e+00	6.608999e+00	6.637470e+00	6.654058e+00
6.660258e+00	6.649131e+00	6.605075e+00	6.531700e+00	6.436672e+00	6.331989e+00
6.231166e+00	6.138014e+00	6.053116e+00	5.976274e+00	5.907044e+00	5.844463e+00
5.788482e+00	5.737713e+00	5.691262e+00	5.651780e+00	5.619732e+00	5.601197e+00
5.573845e+00	5.544272e+00	5.538513e+00	5.538658e+00	5.555862e+00	5.552859e+00
5.534349e+00	5.532938e+00	5.554902e+00	5.554268e+00	6.990753e+00	6.998955e+00
7.000801e+00	6.991822e+00	6.973928e+00	6.919936e+00	6.841467e+00	6.742602e+00
6.629488e+00	6.510988e+00	6.396897e+00	6.290331e+00	6.191747e+00	6.100673e+00
6.016806e+00	5.939152e+00	5.867738e+00	5.801155e+00	5.739610e+00	5.684395e+00
5.637658e+00	5.617097e+00	5.590772e+00	5.567830e+00	5.548843e+00	5.547749e+00
5.565919e+00	5.562965e+00	5.543674e+00	5.542249e+00	5.565257e+00	5.564444e+00
7.464692e+00	7.418665e+00	7.369973e+00	7.316808e+00	7.260941e+00	7.147266e+00
7.029309e+00	6.907917e+00	6.784763e+00	6.662372e+00	6.542911e+00	6.427662e+00
6.317230e+00	6.211384e+00	6.110929e+00	6.015885e+00	5.927123e+00	5.842234e+00
5.764712e+00	5.694910e+00	5.635630e+00	5.613059e+00	5.593227e+00	5.579384e+00
5.538619e+00	5.525274e+00	5.546433e+00	5.545839e+00	5.527801e+00	5.526863e+00
5.549998e+00	5.547579e+00	7.867035e+00	7.790138e+00	7.711644e+00	7.630803e+00
7.549553e+00	7.391852e+00	7.238656e+00	7.089900e+00	6.945235e+00	6.804126e+00
6.665884e+00	6.531343e+00	6.401568e+00	6.276691e+00	6.158702e+00	6.044434e+00
5.938227e+00	5.845761e+00	5.763987e+00	5.690454e+00	5.625335e+00	5.599133e+00
5.581563e+00	5.566357e+00	5.510161e+00	5.486459e+00	5.509249e+00	5.511056e+00
5.495284e+00	5.494457e+00	5.515600e+00	5.512279e+00	8.218348e+00	8.124440e+00
8.029174e+00	7.931689e+00	7.833983e+00	7.644213e+00	7.459335e+00	7.279123e+00
7.103680e+00	6.933170e+00	6.767899e+00	6.608779e+00	6.456698e+00	6.311369e+00
6.174153e+00	6.050545e+00	5.937317e+00	5.834581e+00	5.744995e+00	5.664911e+00
5.592271e+00	5.561285e+00	5.535384e+00	5.512453e+00	5.447123e+00	5.421404e+00
5.442028e+00	5.445622e+00	5.434095e+00	5.432524e+00	5.446757e+00	5.444486e+00
8.559634e+00	8.450827e+00	8.339358e+00	8.224136e+00	8.107878e+00	7.880647e+00
7.658840e+00	7.443920e+00	7.236320e+00	7.036108e+00	6.843973e+00	6.660779e+00
6.487827e+00	6.325571e+00	6.174124e+00	6.033165e+00	5.906170e+00	5.794139e+00
5.697319e+00	5.610603e+00	5.530679e+00	5.495687e+00	5.465059e+00	5.437300e+00
5.364732e+00	5.335462e+00	5.350173e+00	5.355915e+00	5.351276e+00	5.349349e+00
5.353572e+00	5.351832e+00	8.805431e+00	8.734225e+00	8.649574e+00	8.541197e+00
8.415036e+00	8.138559e+00	7.849674e+00	7.576390e+00	7.322792e+00	7.088114e+00
6.872788e+00	6.670857e+00	6.485126e+00	6.315524e+00	6.157607e+00	6.009687e+00
5.875392e+00	5.753005e+00	5.640172e+00	5.531161e+00	5.427530e+00	5.383539e+00
5.343237e+00	5.310148e+00	5.256714e+00	5.237864e+00	5.230447e+00	5.233526e+00
5.239052e+00	5.238611e+00	5.230503e+00	5.230342e+00	9.074865e+00	9.020070e+00
8.942733e+00	8.827903e+00	8.684683e+00	8.357499e+00	8.010273e+00	7.687076e+00
7.393946e+00	7.126572e+00	6.884216e+00	6.670896e+00	6.475303e+00	6.291800e+00
6.122100e+00	5.966395e+00	5.822697e+00	5.687814e+00	5.557509e+00	5.425771e+00
5.299435e+00	5.247882e+00	5.200182e+00	5.163133e+00	5.123420e+00	5.112535e+00
5.086246e+00	5.087364e+00	5.101621e+00	5.102490e+00	5.083877e+00	5.084834e+00
9.396728e+00	9.312232e+00	9.206624e+00	9.064794e+00	8.895762e+00	8.520975e+00
8.131608e+00	7.771482e+00	7.445649e+00	7.151798e+00	6.887559e+00	6.649902e+00
6.432307e+00	6.229913e+00	6.042229e+00	5.869857e+00	5.711296e+00	5.563525e+00
5.421995e+00	5.278305e+00	5.140325e+00	5.085571e+00	5.035668e+00	4.996425e+00
4.949582e+00	4.935311e+00	4.905489e+00	4.907709e+00	4.925570e+00	4.926540e+00
4.903238e+00	4.904038e+00	9.686489e+00	9.576838e+00	9.447009e+00	9.280912e+00
9.087257e+00	8.663562e+00	8.227735e+00	7.822564e+00	7.453737e+00	7.140095e+00
6.861675e+00	6.601553e+00	6.362976e+00	6.140662e+00	5.934305e+00	5.744837e+00
5.570997e+00	5.408801e+00	5.253547e+00	5.098060e+00	4.949517e+00	4.888316e+00
4.831760e+00	4.787578e+00	4.736564e+00	4.721230e+00	4.692733e+00	4.694570e+00
4.710493e+00	4.711309e+00	4.690196e+00	4.691011e+00	9.972105e+00	9.829216e+00
9.667729e+00	9.472148e+00	9.251024e+00	8.777928e+00	8.299706e+00	7.857466e+00
7.458118e+00	7.112643e+00	6.804487e+00	6.525158e+00	6.267785e+00	6.026240e+00
5.801434e+00	5.594752e+00	5.405410e+00	5.228521e+00	5.059696e+00	4.894358e+00
4.737182e+00	4.668276e+00	4.603061e+00	4.552442e+00	4.497531e+00	4.482022e+00
4.459146e+00	4.459850e+00	4.469910e+00	4.470379e+00	4.456384e+00	4.457106e+00
1.028630e+01	1.007182e+01	9.844731e+00	9.597848e+00	9.339043e+00	8.818503e+00
8.314448e+00	7.859399e+00	7.450694e+00	7.074826e+00	6.738078e+00	6.434173e+00
6.154515e+00	5.893407e+00	5.650455e+00	5.425812e+00	5.219487e+00	5.027635e+00
4.846937e+00	4.673039e+00	4.506840e+00	4.430174e+00	4.355673e+00	4.297337e+00
4.238293e+00	4.224549e+00	4.208587e+00	4.207427e+00	4.209871e+00	4.210205e+00
4.205901e+00	4.206089e+00	1.061167e+01	1.029676e+01	9.986376e+00	9.683396e+00
9.389725e+00	8.834347e+00	8.316997e+00	7.842289e+00	7.407230e+00	7.007955e+00
6.644039e+00	6.312288e+00	6.008763e+00	5.729464e+00	5.469773e+00	5.226993e+00
5.002426e+00	4.795419e+00	4.604482e+00	4.423518e+00	4.248281e+00	4.163583e+00
4.078919e+00	4.011524e+00	3.948225e+00	3.938065e+00	3.930853e+00	3.927079e+00
3.919747e+00	3.920089e+00	3.928523e+00	3.927749e+00	1.082814e+01	1.047802e+01
1.013218e+01	9.795465e+00	9.471395e+00	8.854736e+00	8.302530e+00	7.795654e+00
7.331385e+00	6.908252e+00	6.523494e+00	6.173048e+00	5.851968e+00	5.555562e+00
5.279475e+00	5.021250e+00	4.781755e+00	4.560231e+00	4.355059e+00	4.163250e+00
3.979439e+00	3.888271e+00	3.796888e+00	3.724894e+00	3.658370e+00	3.647185e+00
3.643100e+00	3.638800e+00	3.628219e+00	3.628226e+00	3.640550e+00	3.639540e+00
1.100098e+01	1.063677e+01	1.027501e+01	9.916532e+00	9.565222e+00	8.875003e+00
8.257922e+00	7.705782e+00	7.214146e+00	6.774582e+00	6.378338e+00	6.017829e+00
5.684568e+00	5.372910e+00	5.081711e+00	4.810423e+00	4.558457e+00	4.323370e+00
4.102506e+00	3.898213e+00	3.706478e+00	3.610338e+00	3.514860e+00	3.441162e+00
3.372240e+00	3.357644e+00	3.352981e+00	3.349415e+00	3.339703e+00	3.339246e+00
3.349917e+00	3.349105e+00	1.119249e+01	1.078794e+01	1.038493e+01	9.987650e+00
9.599821e+00	8.876721e+00	8.209620e+00	7.621199e+00	7.104180e+00	6.645541e+00
6.233807e+00	5.860103e+00	5.514815e+00	5.191617e+00	4.889067e+00	4.606109e+00
4.341776e+00	4.093993e+00	3.860486e+00	3.644515e+00	3.443719e+00	3.344413e+00
3.246806e+00	3.172131e+00	3.100908e+00	3.083895e+00	3.075781e+00	3.073070e+00
3.066450e+00	3.065937e+00	3.072416e+00	3.071877e+00	1.141366e+01	1.093029e+01
1.046174e+01	1.002027e+01	9.604888e+00	8.839165e+00	8.153272e+00	7.543730e+00
7.003453e+00	6.521535e+00	6.088140e+00	5.696315e+00	5.339045e+00	5.009441e+00
4.700364e+00	4.407105e+00	4.129929e+00	3.869896e+00	3.626921e+00	3.399530e+00
3.187602e+00	3.087224e+00	2.989793e+00	2.914948e+00	2.841336e+00	2.822915e+00
2.807505e+00	2.805876e+00	2.805350e+00	2.805271e+00	2.804080e+00	2.803924e+00
1.160031e+01	1.105970e+01	1.054147e+01	1.006284e+01	9.618953e+00	8.811073e+00
8.097442e+00	7.464939e+00	6.904565e+00	6.404933e+00	5.955245e+00	5.548702e+00
5.179241e+00	4.839903e+00	4.521733e+00	4.218807e+00	3.931630e+00	3.662025e+00
3.410860e+00	3.174841e+00	2.954416e+00	2.851450e+00	2.752383e+00	2.676536e+00
2.601013e+00	2.581879e+00	2.563315e+00	2.562098e+00	2.564140e+00	2.564252e+00
2.559767e+00	2.559933e+00	1.175811e+01	1.117682e+01	1.062223e+01	1.011452e+01
9.646646e+00	8.795397e+00	8.048607e+00	7.392676e+00	6.814860e+00	6.301333e+00
5.838848e+00	5.419811e+00	5.038098e+00	4.686941e+00	4.358084e+00	4.046051e+00
3.750972e+00	3.473913e+00	3.215752e+00	2.973315e+00	2.746188e+00	2.639533e+00
2.537184e+00	2.459226e+00	2.382085e+00	2.362780e+00	2.344570e+00	2.343231e+00
2.344771e+00	2.344849e+00	2.340871e+00	2.341232e+00	1.190157e+01	1.128411e+01
1.069768e+01	1.016538e+01	9.677456e+00	8.790122e+00	8.019180e+00	7.342962e+00
6.749002e+00	6.221559e+00	5.746122e+00	5.314664e+00	4.921131e+00	4.558930e+00
4.220215e+00	3.899694e+00	3.597332e+00	3.313810e+00	3.049690e+00	2.801749e+00
2.568058e+00	2.457471e+00	2.350872e+00	2.269573e+00	2.190640e+00	2.171338e+00
2.155101e+00	2.153418e+00	2.152868e+00	2.152782e+00	2.151285e+00	2.151623e+00
1.203045e+01	1.138346e+01	1.077150e+01	1.022031e+01	9.717468e+00	8.803510e+00
8.013885e+00	7.317932e+00	6.707258e+00	6.164503e+00	5.677597e+00	5.235395e+00
4.831304e+00	4.459156e+00	4.111505e+00	3.783360e+00	3.474441e+00	3.185108e+00
2.915304e+00	2.661872e+00	2.421304e+00	2.306542e+00	2.195527e+00	2.110755e+00
2.029465e+00	2.009889e+00	1.995116e+00	1.993133e+00	1.990790e+00	1.990554e+00
1.991184e+00	1.991365e+00	1.214587e+01	1.147611e+01	1.084465e+01	1.027939e+01
9.765468e+00	8.829135e+00	8.017195e+00	7.314550e+00	6.697799e+00	6.149457e+00
5.650567e+00	5.195947e+00	4.780497e+00	4.397902e+00	4.040850e+00	3.704425e+00
3.388041e+00	3.092023e+00	2.815867e+00	2.555377e+00	2.306446e+00	2.186810e+00
2.070987e+00	1.982478e+00	1.897549e+00	1.877078e+00	1.862194e+00	1.860054e+00
1.857050e+00	1.856756e+00	1.858147e+00	1.858032e+00	1.224599e+01	1.156088e+01
1.091690e+01	1.034365e+01	9.824065e+00	8.876211e+00	8.055093e+00	7.340437e+00
6.712184e+00	6.152170e+00	5.644909e+00	5.182614e+00	4.759512e+00	4.369500e+00
4.005493e+00	3.662639e+00	3.340167e+00	3.037677e+00	2.753778e+00	2.484178e+00
2.224734e+00	2.099079e+00	1.977296e+00	1.884011e+00	1.793687e+00	1.771624e+00
1.755074e+00	1.752883e+00	1.750221e+00	1.749951e+00	1.750862e+00	1.750401e+00
1.233559e+01	1.164020e+01	1.098824e+01	1.041081e+01	9.888684e+00	8.933798e+00
8.106572e+00	7.384844e+00	6.748736e+00	6.179690e+00	5.667375e+00	5.201716e+00
4.775398e+00	4.382195e+00	4.014861e+00	3.668477e+00	3.342398e+00	3.033245e+00
2.736153e+00	2.450963e+00	2.172823e+00	2.037593e+00	1.909149e+00	1.808936e+00
1.710827e+00	1.686414e+00	1.667248e+00	1.664957e+00	1.662855e+00	1.662616e+00
1.662701e+00	1.662133e+00	1.241812e+01	1.171513e+01	1.105785e+01	1.047877e+01
9.956540e+00	8.999450e+00	8.171025e+00	7.446386e+00	6.806907e+00	6.235037e+00
5.717165e+00	5.245066e+00	4.812382e+00	4.412589e+00	4.038036e+00	3.683570e+00
3.348584e+00	3.030956e+00	2.725949e+00	2.429908e+00	2.137445e+00	1.993661e+00
1.856057e+00	1.747025e+00	1.639883e+00	1.612924e+00	1.591040e+00	1.588591e+00
1.586907e+00	1.586684e+00	1.586040e+00	1.585541e+00	1.249162e+01	1.178323e+01
1.112266e+01	1.054369e+01	1.002292e+01	9.066407e+00	8.238693e+00	7.512542e+00
6.870599e+00	6.296110e+00	5.775051e+00	5.299501e+00	4.863032e+00	4.458598e+00
4.077871e+00	3.715242e+00	3.370032e+00	3.043314e+00	2.734652e+00	2.433745e+00
2.134563e+00	1.982772e+00	1.823206e+00	1.698502e+00	1.579219e+00	1.549351e+00
1.524877e+00	1.522062e+00	1.520063e+00	1.519790e+00	1.519102e+00	1.519096e+00
1.255543e+01	1.184353e+01	1.118161e+01	1.060473e+01	1.008746e+01	9.135972e+00
8.312966e+00	7.589065e+00	6.948322e+00	6.374935e+00	5.855577e+00	5.382023e+00
4.947273e+00	4.543431e+00	4.161098e+00	3.794125e+00	3.442510e+00	3.107204e+00
2.786072e+00	2.468833e+00	2.146098e+00	1.979971e+00	1.803644e+00	1.662107e+00
1.528224e+00	1.495215e+00	1.468458e+00	1.465141e+00	1.462224e+00	1.461848e+00
1.461680e+00	1.462434e+00	1.261075e+01	1.189430e+01	1.123059e+01	1.065654e+01
1.014455e+01	9.203121e+00	8.388988e+00	7.671973e+00	7.036484e+00	6.466935e+00
5.950170e+00	5.478121e+00	5.043905e+00	4.639671e+00	4.255954e+00	3.886280e+00
3.529984e+00	3.186975e+00	2.854086e+00	2.520208e+00	2.172593e+00	1.990517e+00
1.805319e+00	1.640382e+00	1.483365e+00	1.447203e+00	1.420038e+00	1.416167e+00
1.411302e+00	1.410740e+00	1.412070e+00	1.413585e+00	1.266019e+01	1.193913e+01
1.127378e+01	1.070307e+01	1.019736e+01	9.269238e+00	8.467188e+00	7.760983e+00
7.134654e+00	6.572125e+00	6.059751e+00	5.589862e+00	5.156231e+00	4.751806e+00
4.367937e+00	3.998212e+00	3.640453e+00	3.291956e+00	2.947585e+00	2.596278e+00
2.224090e+00	2.025054e+00	1.814068e+00	1.624315e+00	1.443139e+00	1.403816e+00
1.377049e+00	1.372621e+00	1.365397e+00	1.364615e+00	1.367846e+00	1.370087e+00
1.269634e+01	1.197349e+01	1.130934e+01	1.074453e+01	1.024722e+01	9.335194e+00
8.546700e+00	7.852493e+00	7.236431e+00	6.682156e+00	6.175645e+00	5.709523e+00
5.278030e+00	4.874641e+00	4.491239e+00	4.121412e+00	3.761971e+00	3.408383e+00
3.053654e+00	2.685320e+00	2.286508e+00	2.068013e+00	1.828055e+00	1.620663e+00
1.409175e+00	1.365495e+00	1.339066e+00	1.334144e+00	1.324367e+00	1.323334e+00
1.328613e+00	1.331253e+00	1.272235e+01	1.199919e+01	1.133781e+01	1.078061e+01
1.029361e+01	9.400883e+00	8.627818e+00	7.947192e+00	7.342927e+00	6.798696e+00
6.300306e+00	5.840531e+00	5.413771e+00	5.013520e+00	4.631623e+00	4.261509e+00
3.899966e+00	3.542287e+00	3.180267e+00	2.797648e+00	2.371685e+00	2.131635e+00
1.862250e+00	1.623967e+00	1.381087e+00	1.332254e+00	1.306182e+00	1.300825e+00
1.288312e+00	1.287009e+00	1.294489e+00	1.297243e+00	1.273233e+01	1.201322e+01
1.135793e+01	1.081110e+01	1.033654e+01	9.465228e+00	8.709193e+00	8.043282e+00
7.451701e+00	6.918269e+00	6.428719e+00	5.976023e+00	5.554770e+00	5.158585e+00
4.779325e+00	4.410320e+00	4.048188e+00	3.687879e+00	3.319760e+00	2.923650e+00
2.470356e+00	2.207850e+00	1.906625e+00	1.634027e+00	1.359761e+00	1.303882e+00
1.276966e+00	1.271291e+00	1.256410e+00	1.254755e+00	1.263930e+00	1.266354e+00
1.273431e+01	1.201783e+01	1.136995e+01	1.083590e+01	1.037568e+01	9.527611e+00
8.790172e+00	8.140027e+00	7.561908e+00	7.039907e+00	6.559851e+00	6.114950e+00
5.700036e+00	5.308943e+00	4.933641e+00	4.567413e+00	4.206555e+00	3.845439e+00
3.472810e+00	3.064536e+00	2.584552e+00	2.299244e+00	1.964583e+00	1.658481e+00
1.345131e+00	1.280308e+00	1.251194e+00	1.245265e+00	1.228339e+00	1.226282e+00
1.236664e+00	1.238351e+00	1.272248e+01	1.201328e+01	1.137444e+01	1.085506e+01
1.041087e+01	9.587241e+00	8.869613e+00	8.235963e+00	7.671811e+00	7.161656e+00
6.691668e+00	6.255292e+00	5.847661e+00	5.462780e+00	5.092805e+00	4.730985e+00
4.373238e+00	4.013211e+00	3.637958e+00	3.219274e+00	2.713756e+00	2.405544e+00
2.036453e+00	1.693935e+00	1.338084e+00	1.262390e+00	1.228267e+00	1.222036e+00
1.203841e+00	1.201523e+00	1.212485e+00	1.212981e+00	1.270448e+01	1.200235e+01
1.137301e+01	1.087023e+01	1.044158e+01	9.641761e+00	8.944443e+00	8.328481e+00
7.780033e+00	7.283665e+00	6.825213e+00	6.398244e+00	5.998331e+00	5.619987e+00
5.255901e+00	4.899545e+00	4.546466e+00	4.189600e+00	3.814322e+00	3.388469e+00
2.860324e+00	2.529065e+00	2.122623e+00	1.740291e+00	1.341828e+00	1.250715e+00
1.206486e+00	1.199405e+00	1.182336e+00	1.180807e+00	1.192412e+00	1.189991e+00
1.265083e+01	1.196899e+01	1.136382e+01	1.088318e+01	1.047867e+01	9.711541e+00
9.036194e+00	8.434171e+00	7.894335e+00	7.404270e+00	6.952959e+00	6.534678e+00
6.144714e+00	5.777082e+00	5.423714e+00	5.077300e+00	4.732616e+00	4.381100e+00
4.005289e+00	3.567278e+00	3.008627e+00	2.653939e+00	2.217882e+00	1.803423e+00
1.353901e+00	1.247675e+00	1.182433e+00	1.176972e+00	1.167241e+00	1.165498e+00
1.169951e+00	1.169518e+00	1.252753e+01	1.189355e+01	1.133320e+01	1.089470e+01
1.052423e+01	9.800838e+00	9.147914e+00	8.553417e+00	8.012743e+00	7.520362e+00
7.071590e+00	6.661336e+00	6.283796e+00	5.931598e+00	5.594556e+00	5.263307e+00
4.931328e+00	4.587593e+00	4.210544e+00	3.754839e+00	3.157560e+00	2.779730e+00
2.324896e+00	1.892771e+00	1.390435e+00	1.247851e+00	1.159531e+00	1.156870e+00
1.157040e+00	1.154299e+00	1.145045e+00	1.151768e+00	1.252632e+01	1.189478e+01
1.133881e+01	1.091286e+01	1.055428e+01	9.849087e+00	9.212147e+00	8.631892e+00
8.103929e+00	7.623378e+00	7.186629e+00	6.788973e+00	6.424440e+00	6.085139e+00
5.759887e+00	5.438619e+00	5.114911e+00	4.777970e+00	4.406713e+00	3.955976e+00
3.352945e+00	2.957100e+00	2.461494e+00	1.977861e+00	1.412884e+00	1.251557e+00
1.156693e+00	1.148655e+00	1.140203e+00	1.137099e+00	1.131475e+00	1.135684e+00
1.252560e+01	1.189664e+01	1.134732e+01	1.092964e+01	1.057832e+01	9.887240e+00
9.264579e+00	8.699127e+00	8.186497e+00	7.721517e+00	7.299827e+00	6.916388e+00
6.565139e+00	6.238013e+00	5.923382e+00	5.611025e+00	5.295030e+00	4.965618e+00
4.603636e+00	4.167445e+00	3.575397e+00	3.166064e+00	2.619805e+00	2.069030e+00
1.434749e+00	1.260273e+00	1.154925e+00	1.142529e+00	1.121777e+00	1.118670e+00
1.120690e+00	1.120925e+00	1.251526e+01	1.189048e+01	1.134525e+01	1.093200e+01
1.059520e+01	9.924285e+00	9.318921e+00	8.769378e+00	8.271619e+00	7.820703e+00
7.412284e+00	7.041454e+00	6.702330e+00	6.386975e+00	6.083781e+00	5.782538e+00
5.477429e+00	5.158812e+00	4.807581e+00	4.381596e+00	3.791391e+00	3.370041e+00
2.788632e+00	2.184897e+00	1.471827e+00	1.274019e+00	1.150896e+00	1.134560e+00
1.108843e+00	1.105558e+00	1.109610e+00	1.107994e+00	1.247273e+01	1.185949e+01
1.132795e+01	1.093069e+01	1.060679e+01	9.958364e+00	9.372366e+00	8.839725e+00
8.356768e+00	7.919045e+00	7.522591e+00	7.162941e+00	6.834666e+00	6.530325e+00
6.238877e+00	5.950436e+00	5.659050e+00	5.354562e+00	5.016232e+00	4.597641e+00
4.002801e+00	3.571740e+00	2.971146e+00	2.333091e+00	1.535109e+00	1.301823e+00
1.144571e+00	1.125228e+00	1.099558e+00	1.096053e+00	1.098655e+00	1.096865e+00
1.242172e+01	1.182121e+01	1.130369e+01	1.092436e+01	1.061325e+01	9.989428e+00
9.423901e+00	8.908534e+00	8.440168e+00	8.014924e+00	7.629380e+00	7.279644e+00
6.960980e+00	6.666792e+00	6.387185e+00	6.112966e+00	5.837969e+00	5.551103e+00
5.229008e+00	4.818285e+00	4.215399e+00	3.773934e+00	3.157987e+00	2.491700e+00
1.613343e+00	1.342227e+00	1.141786e+00	1.115412e+00	1.092622e+00	1.088994e+00
1.086029e+00	1.087263e+00	1.236410e+01	1.177740e+01	1.127458e+01	1.091232e+01
1.061784e+01	1.001848e+01	9.473736e+00	8.975703e+00	8.521733e+00	8.108547e+00
7.733341e+00	7.392867e+00	7.083209e+00	6.798809e+00	6.531247e+00	6.272281e+00
6.015575e+00	5.748951e+00	5.445839e+00	5.043951e+00	4.431530e+00	3.979936e+00
3.352824e+00	2.664523e+00	1.709130e+00	1.398013e+00	1.139917e+00	1.105913e+00
1.086881e+00	1.083167e+00	1.072873e+00	1.078678e+00	1.233864e+01	1.176017e+01
1.126632e+01	1.090936e+01	1.062555e+01	1.004666e+01	9.518142e+00	9.034338e+00
8.593062e+00	8.191427e+00	7.826976e+00	7.496847e+00	7.197587e+00	6.924269e+00
6.669314e+00	6.425132e+00	6.185537e+00	5.938088e+00	5.654842e+00	5.268607e+00
4.660233e+00	4.204396e+00	3.566454e+00	2.851295e+00	1.810712e+00	1.457581e+00
1.140628e+00	1.103506e+00	1.080570e+00	1.076725e+00	1.063981e+00	1.071433e+00
1.233138e+01	1.175644e+01	1.126746e+01	1.091801e+01	1.064139e+01	1.007395e+01
9.556465e+00	9.083504e+00	8.652933e+00	8.262050e+00	7.908531e+00	7.589697e+00
7.302210e+00	7.041287e+00	6.799369e+00	6.569048e+00	6.344621e+00	6.114363e+00
5.851232e+00	5.488744e+00	4.903799e+00	4.453176e+00	3.804496e+00	3.054123e+00
1.918055e+00	1.521738e+00	1.153691e+00	1.105263e+00	1.073350e+00	1.069313e+00
1.058681e+00	1.065552e+00	1.232583e+01	1.175427e+01	1.126912e+01	1.092576e+01
1.065494e+01	1.009711e+01	9.589256e+00	9.126095e+00	8.705528e+00	8.324990e+00
7.982187e+00	7.674521e+00	7.398746e+00	7.150061e+00	6.920811e+00	6.703791e+00
6.494160e+00	6.281611e+00	6.040677e+00	5.705465e+00	5.148688e+00	4.706267e+00
4.050485e+00	3.268220e+00	2.038159e+00	1.596134e+00	1.170831e+00	1.109079e+00
1.066051e+00	1.061522e+00	1.053541e+00	1.060350e+00	1.231968e+01	1.175270e+01
1.127241e+01	1.093452e+01	1.066914e+01	1.012072e+01	9.621497e+00	9.166650e+00
8.754225e+00	8.381974e+00	8.047902e+00	7.749697e+00	7.484440e+00	7.247635e+00
7.031988e+00	6.830373e+00	6.637549e+00	6.442236e+00	6.219195e+00	5.907291e+00
5.383471e+00	4.958891e+00	4.312985e+00	3.511189e+00	2.175772e+00	1.677032e+00
1.186937e+00	1.114636e+00	1.062559e+00	1.057417e+00	1.051178e+00	1.055896e+00
1.230833e+01	1.175102e+01	1.127974e+01	1.094948e+01	1.069038e+01	1.015223e+01
9.660273e+00	9.211034e+00	8.803186e+00	8.435283e+00	8.106230e+00	7.814342e+00
7.557328e+00	7.331746e+00	7.131803e+00	6.950588e+00	6.779584e+00	6.600079e+00
6.383463e+00	6.082921e+00	5.595955e+00	5.205776e+00	4.604572e+00	3.811368e+00
2.336531e+00	1.756843e+00	1.195806e+00	1.118528e+00	1.065404e+00	1.058007e+00
1.053833e+00	1.052262e+00	1.229767e+01	1.174829e+01	1.128392e+01	1.095889e+01
1.070395e+01	1.017263e+01	9.686539e+00	9.243399e+00	8.842106e+00	8.481388e+00
8.160308e+00	7.877059e+00	7.629170e+00	7.413348e+00	7.224832e+00	7.057566e+00
6.903244e+00	6.743016e+00	6.548482e+00	6.274717e+00	5.821156e+00	5.449466e+00
4.863674e+00	4.066006e+00	2.513483e+00	1.871018e+00	1.219082e+00	1.128014e+00
1.063573e+00	1.056727e+00	1.049214e+00	1.048926e+00	1.228887e+01	1.174576e+01
1.128708e+01	1.096633e+01	1.071502e+01	1.019054e+01	9.710669e+00	9.273569e+00
8.878368e+00	8.524072e+00	8.210025e+00	7.934554e+00	7.695298e+00	7.489092e+00
7.311296e+00	7.156275e+00	7.016679e+00	6.875165e+00	6.704775e+00	6.460548e+00
6.041562e+00	5.688996e+00	5.121194e+00	4.325137e+00	2.704244e+00	2.000912e+00
1.249794e+00	1.140440e+00	1.062762e+00	1.055472e+00	1.044368e+00	1.046071e+00
1.228236e+01	1.174411e+01	1.128974e+01	1.097254e+01	1.072441e+01	1.020686e+01
9.733562e+00	9.302247e+00	8.912219e+00	8.562920e+00	8.254189e+00	7.984877e+00
7.753184e+00	7.556260e+00	7.388799e+00	7.245010e+00	7.118667e+00	6.994423e+00
6.847155e+00	6.631817e+00	6.248728e+00	5.918843e+00	5.377499e+00	4.594575e+00
2.909301e+00	2.143462e+00	1.287649e+00	1.156256e+00	1.062863e+00	1.054796e+00
1.041540e+00	1.043769e+00	1.227839e+01	1.174520e+01	1.129509e+01	1.098079e+01
1.073492e+01	1.022211e+01	9.753388e+00	9.326633e+00	8.941156e+00	8.596482e+00
8.292564e+00	8.028465e+00	7.802738e+00	7.612977e+00	7.454383e+00	7.321786e+00
7.209791e+00	7.104156e+00	6.980824e+00	6.794660e+00	6.446409e+00	6.136999e+00
5.618750e+00	4.855832e+00	3.139188e+00	2.304155e+00	1.328397e+00	1.176253e+00
1.064702e+00	1.054534e+00	1.041144e+00	1.041919e+00	1.227471e+01	1.174687e+01
1.130129e+01	1.098930e+01	1.074496e+01	1.023590e+01	9.770980e+00	9.348253e+00
8.966971e+00	8.626649e+00	8.327244e+00	8.067936e+00	7.847564e+00	7.664171e+00
7.513714e+00	7.391822e+00	7.293873e+00	7.206542e+00	7.106747e+00	6.949736e+00
6.637220e+00	6.349106e+00	5.855433e+00	5.117880e+00	3.387393e+00	2.480562e+00
1.373877e+00	1.200397e+00	1.068500e+00	1.054374e+00	1.040881e+00	1.040276e+00
1.226751e+01	1.174623e+01	1.130496e+01	1.099532e+01	1.075181e+01	1.024605e+01
9.784504e+00	9.365449e+00	8.988082e+00	8.651905e+00	8.356905e+00	8.102353e+00
7.887321e+00	7.710136e+00	7.567163e+00	7.454544e+00	7.368337e+00	7.296174e+00
7.216416e+00	7.086550e+00	6.812876e+00	6.551480e+00	6.091596e+00	5.384232e+00
3.636948e+00	2.667010e+00	1.429777e+00	1.230628e+00	1.072522e+00	1.054560e+00
1.039250e+00	1.038707e+00	1.225332e+01	1.174151e+01	1.130728e+01	1.099980e+01
1.075664e+01	1.025362e+01	9.794908e+00	9.379007e+00	9.005081e+00	8.672638e+00
8.381703e+00	8.131611e+00	7.921597e+00	7.750144e+00	7.613823e+00	7.509121e+00
7.432681e+00	7.373060e+00	7.310318e+00	7.205506e+00	6.972008e+00	6.740660e+00
6.320844e+00	5.647810e+00	3.887413e+00	2.865480e+00	1.500068e+00	1.270354e+00
1.077691e+00	1.055761e+00	1.035374e+00	1.037279e+00	1.223391e+01	1.173532e+01
1.131059e+01	1.100583e+01	1.076255e+01	1.026175e+01	9.805181e+00	9.391529e+00
9.020048e+00	8.690421e+00	8.402770e+00	8.156409e+00	7.950487e+00	7.783574e+00
7.652756e+00	7.555109e+00	7.487811e+00	7.440221e+00	7.394342e+00	7.316045e+00
7.123082e+00	6.917122e+00	6.526526e+00	5.885453e+00	4.154250e+00	3.085968e+00
1.576142e+00	1.314047e+00	1.084900e+00	1.058343e+00	1.035338e+00	1.036212e+00
1.220834e+01	1.172679e+01	1.131414e+01	1.101255e+01	1.076867e+01	1.026975e+01
9.814909e+00	9.403032e+00	9.033503e+00	8.706231e+00	8.421438e+00	8.178385e+00
7.976050e+00	7.813062e+00	7.687103e+00	7.595903e+00	7.537153e+00	7.500978e+00
7.471431e+00	7.419839e+00	7.267521e+00	7.085068e+00	6.719283e+00	6.109888e+00
4.435195e+00	3.327246e+00	1.659848e+00	1.362807e+00	1.094316e+00	1.062977e+00
1.035756e+00	1.035317e+00	1.217958e+01	1.171613e+01	1.131504e+01	1.101704e+01
1.077198e+01	1.027497e+01	9.821819e+00	9.411753e+00	9.044224e+00	8.719157e+00
8.436787e+00	8.196450e+00	7.997216e+00	7.837873e+00	7.716363e+00	7.630825e+00
7.579506e+00	7.553460e+00	7.538562e+00	7.510134e+00	7.395215e+00	7.238355e+00
6.903596e+00	6.330349e+00	4.712847e+00	3.577986e+00	1.755574e+00	1.418957e+00
1.105222e+00	1.067835e+00	1.035877e+00	1.034354e+00	1.214487e+01	1.170084e+01
1.131426e+01	1.101940e+01	1.077324e+01	1.027773e+01	9.826021e+00	9.417641e+00
9.052038e+00	8.728970e+00	8.448577e+00	8.210363e+00	8.013714e+00	7.857667e+00
7.740127e+00	7.659397e+00	7.614287e+00	7.596907e+00	7.594677e+00	7.585332e+00
7.503477e+00	7.373721e+00	7.076445e+00	6.543840e+00	4.979513e+00	3.834753e+00
1.869175e+00	1.486709e+00	1.118741e+00	1.073015e+00	1.035746e+00	1.033217e+00
1.211749e+01	1.169225e+01	1.131707e+01	1.102609e+01	1.077834e+01	1.028445e+01
9.834121e+00	9.426912e+00	9.062865e+00	8.741517e+00	8.462808e+00	8.226452e+00
8.032069e+00	7.878857e+00	7.764689e+00	7.687988e+00	7.648160e+00	7.638392e+00
7.647596e+00	7.655549e+00	7.604093e+00	7.500192e+00	7.240361e+00	6.749914e+00
5.246450e+00	4.101615e+00	1.996811e+00	1.564500e+00	1.135413e+00	1.079709e+00
1.036317e+00	1.033174e+00	1.209286e+01	1.168470e+01	1.132109e+01	1.103193e+01
1.078334e+01	1.029011e+01	9.840681e+00	9.435114e+00	9.072390e+00	8.752259e+00
8.474717e+00	8.239715e+00	8.047078e+00	7.896196e+00	7.785078e+00	7.712265e+00
7.677498e+00	7.674518e+00	7.693406e+00	7.716553e+00	7.693175e+00	7.613656e+00
7.390307e+00	6.942783e+00	5.508567e+00	4.374691e+00	2.141169e+00	1.652942e+00
1.154941e+00	1.088675e+00	1.037950e+00	1.033289e+00	1.206379e+01	1.166846e+01
1.131421e+01	1.102736e+01	1.077808e+01	1.028754e+01	9.840936e+00	9.437239e+00
9.075733e+00	8.756413e+00	8.479610e+00	8.245459e+00	8.053998e+00	7.904909e+00
7.796545e+00	7.727710e+00	7.698147e+00	7.701274e+00	7.727692e+00	7.763565e+00
7.765993e+00	7.709074e+00	7.520341e+00	7.115724e+00	5.758716e+00	4.646659e+00
2.304327e+00	1.750492e+00	1.175485e+00	1.100289e+00	1.039000e+00	1.032137e+00
1.204332e+01	1.165960e+01	1.131476e+01	1.102944e+01	1.077943e+01	1.028978e+01
9.844063e+00	9.441449e+00	9.080917e+00	8.762601e+00	8.486860e+00	8.253927e+00
8.063898e+00	7.916574e+00	7.810423e+00	7.744462e+00	7.718664e+00	7.726816e+00
7.760396e+00	7.808018e+00	7.832996e+00	7.796322e+00	7.640635e+00	7.279759e+00
6.004515e+00	4.916541e+00	2.485729e+00	1.864830e+00	1.202620e+00	1.112634e+00
1.041011e+00	1.031717e+00	1.202825e+01	1.165647e+01	1.131730e+01	1.103452e+01
1.078327e+01	1.029441e+01	9.849015e+00	9.446700e+00	9.086982e+00	8.769817e+00
8.495408e+00	8.263937e+00	8.075503e+00	7.929879e+00	7.825495e+00	7.761500e+00
7.738332e+00	7.750765e+00	7.791455e+00	7.850057e+00	7.894122e+00	7.875346e+00
7.752550e+00	7.436336e+00	6.241293e+00	5.188782e+00	2.683657e+00	1.992987e+00
1.235345e+00	1.126081e+00	1.044084e+00	1.031673e+00	1.201708e+01	1.165575e+01
1.132452e+01	1.104320e+01	1.079088e+01	1.030094e+01	9.854472e+00	9.452009e+00
9.093010e+00	8.777094e+00	8.504222e+00	8.274373e+00	8.087608e+00	7.943536e+00
7.840458e+00	7.777593e+00	7.756071e+00	7.772042e+00	7.819486e+00	7.887972e+00
7.947427e+00	7.943856e+00	7.852859e+00	7.581077e+00	6.462576e+00	5.458554e+00
2.898336e+00	2.136724e+00	1.275604e+00	1.141653e+00	1.048955e+00	1.031944e+00
1.200269e+01	1.165076e+01	1.132364e+01	1.104335e+01	1.079041e+01	1.030093e+01
9.855183e+00	9.453413e+00	9.095094e+00	8.779956e+00	8.507989e+00	8.279165e+00
8.093481e+00	7.950558e+00	7.848835e+00	7.787652e+00	7.768347e+00	7.787445e+00
7.839651e+00	7.916023e+00	7.989762e+00	7.999749e+00	7.936076e+00	7.705387e+00
6.670473e+00	5.716477e+00	3.128792e+00	2.294490e+00	1.320327e+00	1.162704e+00
1.053845e+00	1.031709e+00	1.198765e+01	1.164273e+01	1.132215e+01	1.104344e+01
1.078970e+01	1.030090e+01	9.855618e+00	9.454349e+00	9.096552e+00	8.782009e+00
8.510738e+00	8.282720e+00	8.097900e+00	7.955930e+00	7.855404e+00	7.795805e+00
7.778617e+00	7.800516e+00	7.856730e+00	7.940033e+00	8.026897e+00	8.049247e+00
8.010489e+00	7.818935e+00	6.870695e+00	5.969980e+00	3.375127e+00	2.466861e+00
1.370082e+00	1.188198e+00	1.059142e+00	1.031275e+00	1.197474e+01	1.163675e+01
1.132151e+01	1.104372e+01	1.078959e+01	1.030100e+01	9.856265e+00	9.455453e+00
9.098114e+00	8.784078e+00	8.513394e+00	8.286060e+00	8.101998e+00	7.960899e+00
7.861432e+00	7.803196e+00	7.787814e+00	7.812134e+00	7.871882e+00	7.961329e+00
8.059664e+00	8.092704e+00	8.075985e+00	7.920902e+00	7.059682e+00	6.215438e+00
3.633507e+00	2.655400e+00	1.427318e+00	1.217847e+00	1.065439e+00	1.030973e+00
1.196385e+01	1.163221e+01	1.132123e+01	1.104449e+01	1.078967e+01	1.030159e+01
9.857163e+00	9.456694e+00	9.099723e+00	8.786086e+00	8.515866e+00	8.289080e+00
8.105651e+00	7.965312e+00	7.866759e+00	7.809676e+00	7.795812e+00	7.822174e+00
7.884925e+00	7.979656e+00	8.087789e+00	8.129853e+00	8.132053e+00	8.010014e+00
7.234350e+00	6.448187e+00	3.902159e+00	2.861868e+00	1.495064e+00	1.254416e+00
1.073227e+00	1.030765e+00	1.195533e+01	1.162986e+01	1.132177e+01	1.104599e+01
1.079059e+01	1.030331e+01	9.859263e+00	9.459052e+00	9.102219e+00	8.788783e+00
8.518844e+00	8.292420e+00	8.109484e+00	7.969821e+00	7.872275e+00	7.816895e+00
7.804489e+00	7.832095e+00	7.896250e+00	7.995089e+00	8.112125e+00	8.162462e+00
8.180854e+00	8.087763e+00	7.394659e+00	6.667512e+00	4.177213e+00	3.080796e+00
1.572784e+00	1.297797e+00	1.082578e+00	1.030761e+00	1.194822e+01	1.162820e+01
1.132369e+01	1.104854e+01	1.079294e+01	1.030615e+01	9.862271e+00	9.462149e+00
9.105309e+00	8.791942e+00	8.522152e+00	8.295955e+00	8.113403e+00	7.974322e+00
7.877707e+00	7.823972e+00	7.812874e+00	7.841469e+00	7.906636e+00	8.009053e+00
8.134137e+00	8.191945e+00	8.224689e+00	8.158092e+00	7.545857e+00	6.878370e+00
4.460960e+00	3.314129e+00	1.660993e+00	1.348380e+00	1.093472e+00	1.030781e+00
1.194777e+01	1.162900e+01	1.132694e+01	1.105173e+01	1.079503e+01	1.030701e+01
9.863143e+00	9.463395e+00	9.107465e+00	8.794864e+00	8.525678e+00	8.299992e+00
8.117877e+00	7.979039e+00	7.881947e+00	7.826015e+00	7.814861e+00	7.846783e+00
7.919488e+00	8.027758e+00	8.156175e+00	8.216852e+00	8.259455e+00	8.217931e+00
7.689327e+00	7.075339e+00	4.745456e+00	3.560165e+00	1.759873e+00	1.406285e+00
1.105651e+00	1.030836e+00	1.195948e+01	1.163926e+01	1.133477e+01	1.105641e+01
1.079690e+01	1.030684e+01	9.862801e+00	9.463683e+00	9.108903e+00	8.797702e+00
8.529789e+00	8.305132e+00	8.123562e+00	7.984423e+00	7.885309e+00	7.826091e+00
7.812608e+00	7.849289e+00	7.937255e+00	8.056468e+00	8.178957e+00	8.237215e+00
8.285356e+00	8.266797e+00	7.823964e+00	7.254301e+00	5.024754e+00	3.818213e+00
1.873471e+00	1.475613e+00	1.119869e+00	1.031059e+00	1.195831e+01	1.163900e+01
1.133470e+01	1.105596e+01	1.079590e+01	1.030546e+01	9.861427e+00	9.462833e+00
9.108352e+00	8.797495e+00	8.529920e+00	8.305546e+00	8.124190e+00	7.985117e+00
7.885883e+00	7.826362e+00	7.812584e+00	7.851499e+00	7.944143e+00	8.067569e+00
8.192088e+00	8.252906e+00	8.308997e+00	8.309408e+00	7.935922e+00	7.419855e+00
5.300240e+00	4.080189e+00	2.005284e+00	1.554118e+00	1.136079e+00	1.030964e+00
1.194922e+01	1.163350e+01	1.133170e+01	1.105369e+01	1.079347e+01	1.030344e+01
9.859879e+00	9.461417e+00	9.107165e+00	8.796504e+00	8.529134e+00	8.304947e+00
8.123810e+00	7.984973e+00	7.886058e+00	7.827173e+00	7.814226e+00	7.853795e+00
7.947551e+00	8.072744e+00	8.200826e+00	8.265748e+00	8.330502e+00	8.346638e+00
8.030369e+00	7.571324e+00	5.568854e+00	4.345133e+00	2.157119e+00	1.644600e+00
1.154988e+00	1.030676e+00	1.194394e+01	1.163101e+01	1.133106e+01	1.105350e+01
1.079325e+01	1.030340e+01	9.860011e+00	9.461764e+00	9.107680e+00	8.797179e+00
8.529963e+00	8.305948e+00	8.125000e+00	7.986436e+00	7.887904e+00	7.829441e+00
7.817099e+00	7.857310e+00	7.951256e+00	8.077827e+00	8.209856e+00	8.278679e+00
8.350432e+00	8.379729e+00	8.116370e+00	7.708718e+00	5.828206e+00	4.614977e+00
2.324828e+00	1.751090e+00	1.177563e+00	1.030623e+00	1.192913e+01	1.162347e+01
1.132950e+01	1.105532e+01	1.079701e+01	1.030944e+01	9.866334e+00	9.467551e+00
9.112488e+00	8.800902e+00	8.532818e+00	8.308254e+00	8.127210e+00	7.989311e+00
7.893195e+00	7.838957e+00	7.830093e+00	7.867143e+00	7.949568e+00	8.070138e+00
8.216278e+00	8.295772e+00	8.374092e+00	8.409836e+00	8.194834e+00	7.833910e+00
6.079015e+00	4.887657e+00	2.508748e+00	1.877605e+00	1.204784e+00	1.030789e+00
1.192177e+01	1.162007e+01	1.132899e+01	1.105671e+01	1.079917e+01	1.031276e+01
9.870062e+00	9.471020e+00	9.115384e+00	8.803182e+00	8.534716e+00	8.310015e+00
8.129063e+00	7.991684e+00	7.896997e+00	7.845007e+00	7.837959e+00	7.873623e+00
7.949223e+00	8.067253e+00	8.222549e+00	8.308697e+00	8.393053e+00	8.436368e+00
8.262971e+00	7.945986e+00	6.318906e+00	5.161444e+00	2.707747e+00	2.017607e+00
1.236282e+00	1.030909e+00	1.192038e+01	1.161965e+01	1.132942e+01	1.105720e+01
1.079949e+01	1.031317e+01	9.870695e+00	9.471699e+00	9.116011e+00	8.803762e+00
8.535383e+00	8.310914e+00	8.130234e+00	7.993123e+00	7.898641e+00	7.846848e+00
7.840045e+00	7.876061e+00	7.953165e+00	8.072618e+00	8.229138e+00	8.316617e+00
8.406176e+00	8.459100e+00	8.319988e+00	8.043826e+00	6.544101e+00	5.432958e+00
2.922265e+00	2.170522e+00	1.273274e+00	1.030947e+00	