4.668529e-02	4.843414e-02	5.024582e-02	5.216662e-02	5.419555e-02	5.855321e-02
6.333493e-02	6.855973e-02	7.417949e-02	8.011776e-02	8.619679e-02	9.224875e-02
9.805293e-02	1.032308e-01	1.073164e-01	1.102010e-01	1.130527e-01	1.189705e-01
1.304410e-01	1.427040e-01	1.470563e-01	1.453450e-01	1.430419e-01	1.426369e-01
1.487829e-01	1.524680e-01	1.608908e-01	1.579842e-01	1.510924e-01	1.525754e-01
1.553702e-01	1.684219e-01	5.470133e-02	5.670520e-02	5.877838e-02	6.097227e-02
6.328572e-02	6.824340e-02	7.366737e-02	7.957651e-02	8.591646e-02	9.260219e-02
9.943970e-02	1.062467e-01	1.127848e-01	1.186464e-01	1.233311e-01	1.267218e-01
1.300766e-01	1.367413e-01	1.493837e-01	1.628657e-01	1.678883e-01	1.662321e-01
1.639167e-01	1.635935e-01	1.703513e-01	1.743370e-01	1.833231e-01	1.802472e-01
1.729317e-01	1.745112e-01	1.774838e-01	1.913009e-01	6.409376e-02	6.638869e-02
6.875990e-02	7.126432e-02	7.390058e-02	7.953725e-02	8.568545e-02	9.236357e-02
9.951050e-02	1.070320e-01	1.147172e-01	1.223688e-01	1.297300e-01	1.363641e-01
1.417357e-01	1.457193e-01	1.496639e-01	1.571665e-01	1.710772e-01	1.858759e-01
1.916714e-01	1.901207e-01	1.878379e-01	1.876290e-01	1.950463e-01	1.993427e-01
2.088831e-01	2.056474e-01	1.979279e-01	1.996008e-01	2.027450e-01	2.172879e-01
7.509891e-02	7.772584e-02	8.043645e-02	8.329364e-02	8.629585e-02	9.270017e-02
9.966415e-02	1.072054e-01	1.152554e-01	1.237104e-01	1.323419e-01	1.409373e-01
1.492211e-01	1.567275e-01	1.628867e-01	1.675648e-01	1.722008e-01	1.806426e-01
1.959210e-01	2.121371e-01	2.188235e-01	2.174424e-01	2.152501e-01	2.151959e-01
2.233213e-01	2.279351e-01	2.380068e-01	2.346270e-01	2.265370e-01	2.282974e-01
2.316015e-01	2.468050e-01	8.799368e-02	9.099901e-02	9.409587e-02	9.735350e-02
1.007702e-01	1.080415e-01	1.159233e-01	1.244321e-01	1.334916e-01	1.429877e-01
1.526743e-01	1.623234e-01	1.716407e-01	1.801319e-01	1.871941e-01	1.926853e-01
1.981314e-01	2.076255e-01	2.243727e-01	2.421085e-01	2.498220e-01	2.486903e-01
2.466626e-01	2.468129e-01	2.556951e-01	2.606286e-01	2.711912e-01	2.676904e-01
2.592814e-01	2.611198e-01	2.645651e-01	2.803318e-01	1.031025e-01	1.065388e-01
1.100749e-01	1.137866e-01	1.176723e-01	1.259216e-01	1.348350e-01	1.444269e-01
1.546132e-01	1.652689e-01	1.761306e-01	1.869546e-01	1.974286e-01	2.070312e-01
2.151289e-01	2.215717e-01	2.279666e-01	2.386387e-01	2.569562e-01	2.763144e-01
2.852118e-01	2.844288e-01	2.826594e-01	2.830752e-01	2.927620e-01	2.980114e-01
3.090023e-01	3.054130e-01	2.967587e-01	2.986611e-01	3.022204e-01	3.184130e-01
1.208056e-01	1.247324e-01	1.287674e-01	1.329937e-01	1.374093e-01	1.467609e-01
1.568320e-01	1.676347e-01	1.790767e-01	1.910221e-01	2.031905e-01	2.153235e-01
2.270911e-01	2.379475e-01	2.472323e-01	2.547886e-01	2.622946e-01	2.742845e-01
2.942714e-01	3.153531e-01	3.256148e-01	3.253032e-01	3.239093e-01	3.246652e-01
3.352024e-01	3.407562e-01	3.520852e-01	3.484514e-01	3.396532e-01	3.415997e-01
3.452352e-01	3.616673e-01	1.415484e-01	1.460328e-01	1.506342e-01	1.554428e-01
1.604569e-01	1.710489e-01	1.824175e-01	1.945717e-01	2.074109e-01	2.207883e-01
2.344079e-01	2.479971e-01	2.612101e-01	2.734806e-01	2.841265e-01	2.929853e-01
3.017918e-01	3.152547e-01	3.370055e-01	3.599073e-01	3.717414e-01	3.720514e-01
3.711790e-01	3.723657e-01	3.837951e-01	3.896319e-01	4.011751e-01	3.975548e-01
3.887478e-01	3.907116e-01	3.943722e-01	4.107974e-01	1.658528e-01	1.709707e-01
1.762143e-01	1.816814e-01	1.873702e-01	1.993564e-01	2.121771e-01	2.258372e-01
2.402283e-01	2.551928e-01	2.704213e-01	2.856286e-01	3.004553e-01	3.143198e-01
3.265263e-01	3.369082e-01	3.472365e-01	3.623446e-01	3.859455e-01	4.107562e-01
4.244022e-01	4.255177e-01	4.253471e-01	4.270745e-01	4.394320e-01	4.455181e-01
4.571093e-01	4.535777e-01	4.449387e-01	4.468843e-01	4.505028e-01	4.666016e-01
1.943304e-01	2.001672e-01	2.061383e-01	2.123490e-01	2.187976e-01	2.323486e-01
2.467916e-01	2.621267e-01	2.782381e-01	2.949585e-01	3.119677e-01	3.289704e-01
3.455969e-01	3.612577e-01	3.752535e-01	3.874158e-01	3.995245e-01	4.164685e-01
4.419925e-01	4.687892e-01	4.845230e-01	4.866675e-01	4.874201e-01	4.898213e-01
5.031344e-01	5.094203e-01	5.208422e-01	5.174954e-01	5.092515e-01	5.111330e-01
5.146225e-01	5.299863e-01	2.276977e-01	2.343496e-01	2.411440e-01	2.481932e-01
2.554963e-01	2.708008e-01	2.870531e-01	3.042476e-01	3.222621e-01	3.409207e-01
3.598971e-01	3.788890e-01	3.975207e-01	4.152048e-01	4.312521e-01	4.454952e-01
4.596863e-01	4.786769e-01	5.061787e-01	5.350214e-01	5.531604e-01	5.566049e-01
5.585518e-01	5.617869e-01	5.760715e-01	5.824881e-01	5.934612e-01	5.904202e-01
5.828604e-01	5.846187e-01	5.878682e-01	6.019814e-01	2.667943e-01	2.743693e-01
2.820941e-01	2.900879e-01	2.983505e-01	3.156167e-01	3.338829e-01	3.531368e-01
3.732516e-01	3.940450e-01	4.151902e-01	4.363823e-01	4.572457e-01	4.772080e-01
4.956073e-01	5.122817e-01	5.289073e-01	5.501774e-01	5.796861e-01	6.106111e-01
6.315211e-01	6.365928e-01	6.400641e-01	6.443258e-01	6.595818e-01	6.660363e-01
6.762051e-01	6.736215e-01	6.671089e-01	6.686695e-01	6.715390e-01	6.837566e-01
3.126039e-01	3.212231e-01	3.299983e-01	3.390544e-01	3.483925e-01	3.678492e-01
3.883525e-01	4.098819e-01	4.323090e-01	4.554475e-01	4.789782e-01	5.025997e-01
5.259441e-01	5.484701e-01	5.695662e-01	5.890804e-01	6.085519e-01	6.323580e-01
6.638682e-01	6.968803e-01	7.209823e-01	7.280756e-01	7.334719e-01	7.389916e-01
7.551983e-01	7.615681e-01	7.704856e-01	7.685475e-01	7.635350e-01	7.648043e-01
7.671185e-01	7.766404e-01	3.662792e-01	3.760782e-01	3.860374e-01	3.962863e-01
4.068281e-01	4.287260e-01	4.517082e-01	4.757453e-01	5.007106e-01	5.264181e-01
5.525664e-01	5.788651e-01	6.049639e-01	6.303740e-01	6.545618e-01	6.773925e-01
7.001896e-01	7.268141e-01	7.602752e-01	7.953379e-01	8.231165e-01	8.327050e-01
8.405112e-01	8.475659e-01	8.646758e-01	8.708023e-01	8.779113e-01	8.768503e-01
8.738988e-01	8.747604e-01	8.763018e-01	8.821419e-01	4.291707e-01	4.403007e-01
4.515928e-01	4.631789e-01	4.750650e-01	4.996774e-01	5.253998e-01	5.521923e-01
5.799350e-01	6.084477e-01	6.374604e-01	6.667032e-01	6.958560e-01	7.245087e-01
7.522413e-01	7.789438e-01	8.056264e-01	8.353792e-01	8.706825e-01	9.077060e-01
9.397191e-01	9.523703e-01	9.631713e-01	9.720921e-01	9.900238e-01	9.957044e-01
1.000315e+00	1.000415e+00	1.000215e+00	1.000525e+00	1.001025e+00	1.001975e+00
5.031220e-01	5.157535e-01	5.285442e-01	5.416244e-01	5.550042e-01	5.826123e-01
6.113310e-01	6.411087e-01	6.718455e-01	7.033790e-01	7.354996e-01	7.679785e-01
8.005528e-01	8.329455e-01	8.649209e-01	8.964100e-01	9.279151e-01	9.612343e-01
9.979687e-01	1.036567e+00	1.073692e+00	1.090398e+00	1.105182e+00	1.116456e+00
1.134968e+00	1.139835e+00	1.140539e+00	1.142362e+00	1.146312e+00	1.145786e+00
1.144749e+00	1.138358e+00	5.895926e-01	6.039115e-01	6.183829e-01	6.331325e-01
6.481756e-01	6.791069e-01	7.111318e-01	7.441858e-01	7.781947e-01	8.130209e-01
8.485305e-01	8.845468e-01	9.208772e-01	9.574065e-01	9.941235e-01	1.031010e+00
1.067947e+00	1.105149e+00	1.143156e+00	1.183207e+00	1.226054e+00	1.247457e+00
1.266915e+00	1.280966e+00	1.299940e+00	1.303731e+00	1.299792e+00	1.303641e+00
1.312475e+00	1.310953e+00	1.308065e+00	1.293079e+00	6.894802e-01	7.056781e-01
7.220259e-01	7.386480e-01	7.555655e-01	7.902663e-01	8.260720e-01	8.629078e-01
9.006940e-01	9.393005e-01	9.786214e-01	1.018500e+00	1.058770e+00	1.099388e+00
1.140466e+00	1.182016e+00	1.223559e+00	1.264502e+00	1.304875e+00	1.347506e+00
1.395518e+00	1.420682e+00	1.444153e+00	1.461066e+00	1.481006e+00	1.483938e+00
1.477416e+00	1.482534e+00	1.494231e+00	1.492084e+00	1.487806e+00	1.467847e+00
8.042076e-01	8.225034e-01	8.409519e-01	8.596816e-01	8.787190e-01	9.177114e-01
9.578550e-01	9.990650e-01	1.041212e+00	1.084143e+00	1.127710e+00	1.171727e+00
1.215992e+00	1.260418e+00	1.305107e+00	1.350103e+00	1.394963e+00	1.439317e+00
1.483403e+00	1.530015e+00	1.582279e+00	1.609840e+00	1.636249e+00	1.655905e+00
1.677436e+00	1.679954e+00	1.673811e+00	1.679066e+00	1.690735e+00	1.688499e+00
1.683585e+00	1.663974e+00	9.340580e-01	9.548031e-01	9.756936e-01	9.968523e-01
1.018310e+00	1.062144e+00	1.107086e+00	1.153016e+00	1.199753e+00	1.247107e+00
1.294871e+00	1.342832e+00	1.390766e+00	1.438588e+00	1.486487e+00	1.534600e+00
1.582485e+00	1.629816e+00	1.676943e+00	1.727011e+00	1.783557e+00	1.813581e+00
1.842468e+00	1.863940e+00	1.886849e+00	1.889931e+00	1.885672e+00	1.890297e+00
1.900281e+00	1.898320e+00	1.893673e+00	1.877449e+00	1.081584e+00	1.105150e+00
1.128844e+00	1.152775e+00	1.176976e+00	1.226246e+00	1.276497e+00	1.327547e+00
1.379157e+00	1.431074e+00	1.483021e+00	1.534742e+00	1.586007e+00	1.636761e+00
1.687351e+00	1.738069e+00	1.788504e+00	1.838362e+00	1.888131e+00	1.941391e+00
2.002112e+00	2.034468e+00	2.065313e+00	2.087838e+00	2.112026e+00	2.116523e+00
2.115821e+00	2.119011e+00	2.125536e+00	2.124221e+00	2.120676e+00	2.111177e+00
1.247966e+00	1.274633e+00	1.301398e+00	1.328343e+00	1.355510e+00	1.410597e+00
1.466440e+00	1.522784e+00	1.579313e+00	1.635698e+00	1.691574e+00	1.746646e+00
1.800687e+00	1.853702e+00	1.906273e+00	1.958909e+00	2.011263e+00	2.063099e+00
2.115071e+00	2.171139e+00	2.235601e+00	2.269956e+00	2.302173e+00	2.325079e+00
2.350378e+00	2.356731e+00	2.360324e+00	2.361671e+00	2.363909e+00	2.363436e+00
2.361338e+00	2.360063e+00	1.433581e+00	1.463623e+00	1.493713e+00	1.523893e+00
1.554216e+00	1.615422e+00	1.677021e+00	1.738684e+00	1.799987e+00	1.860514e+00
1.919795e+00	1.977506e+00	2.033431e+00	2.087690e+00	2.141196e+00	2.194761e+00
2.248136e+00	2.301179e+00	2.354740e+00	2.413042e+00	2.480546e+00	2.516371e+00
2.549093e+00	2.571437e+00	2.597618e+00	2.606354e+00	2.614967e+00	2.614035e+00
2.611155e+00	2.611742e+00	2.611443e+00	2.619868e+00	1.639611e+00	1.673183e+00
1.706729e+00	1.740232e+00	1.773772e+00	1.841130e+00	1.908395e+00	1.975130e+00
2.040806e+00	2.104901e+00	2.166862e+00	2.226319e+00	2.283113e+00	2.337503e+00
2.390824e+00	2.444280e+00	2.497744e+00	2.551209e+00	2.605688e+00	2.665563e+00
2.735243e+00	2.771955e+00	2.804433e+00	2.825533e+00	2.852299e+00	2.863553e+00
2.877102e+00	2.873837e+00	2.865822e+00	2.867465e+00	2.869217e+00	2.887082e+00
1.866358e+00	1.903487e+00	1.940491e+00	1.977275e+00	2.013954e+00	2.087217e+00
2.159763e+00	2.231026e+00	2.300376e+00	2.367173e+00	2.430810e+00	2.490853e+00
2.547261e+00	2.600465e+00	2.652313e+00	2.704481e+00	2.756992e+00	2.810003e+00
2.864650e+00	2.925312e+00	2.996078e+00	3.032982e+00	3.064438e+00	3.083689e+00
3.110689e+00	3.124339e+00	3.142142e+00	3.136754e+00	3.124193e+00	3.126803e+00
3.130862e+00	3.156611e+00	2.113890e+00	2.154344e+00	2.194547e+00	2.234332e+00
2.273820e+00	2.352267e+00	2.429255e+00	2.504092e+00	2.576054e+00	2.644360e+00
2.708377e+00	2.767595e+00	2.822154e+00	2.872715e+00	2.921709e+00	2.971351e+00
3.021831e+00	3.073487e+00	3.127544e+00	3.188107e+00	3.258650e+00	3.294976e+00
3.324750e+00	3.341833e+00	3.368658e+00	3.384062e+00	3.404358e+00	3.397549e+00
3.382138e+00	3.385460e+00	3.391923e+00	3.421802e+00	2.384583e+00	2.426636e+00
2.468467e+00	2.509876e+00	2.550994e+00	2.632759e+00	2.712992e+00	2.790813e+00
2.865196e+00	2.934917e+00	2.998632e+00	3.055659e+00	3.106316e+00	3.151769e+00
3.195482e+00	3.240632e+00	3.287644e+00	3.336987e+00	3.389924e+00	3.450027e+00
3.519809e+00	3.555115e+00	3.582509e+00	3.596690e+00	3.622940e+00	3.639305e+00
3.659114e+00	3.652116e+00	3.636642e+00	3.639896e+00	3.647867e+00	3.676591e+00
2.666813e+00	2.715461e+00	2.763239e+00	2.809495e+00	2.854424e+00	2.941059e+00
3.022389e+00	3.097772e+00	3.166853e+00	3.229857e+00	3.287507e+00	3.339848e+00
3.387242e+00	3.430565e+00	3.472441e+00	3.515371e+00	3.559837e+00	3.606555e+00
3.656775e+00	3.712874e+00	3.776150e+00	3.807925e+00	3.833715e+00	3.848570e+00
3.873578e+00	3.888052e+00	3.905263e+00	3.899142e+00	3.886320e+00	3.889723e+00
3.897376e+00	3.919524e+00	2.952680e+00	3.014724e+00	3.074499e+00	3.130214e+00
3.182100e+00	3.275811e+00	3.355004e+00	3.420169e+00	3.473464e+00	3.519400e+00
3.564146e+00	3.609122e+00	3.654348e+00	3.699464e+00	3.744110e+00	3.788066e+00
3.831502e+00	3.875319e+00	3.920605e+00	3.968220e+00	4.018646e+00	4.044394e+00
4.069631e+00	4.089230e+00	4.112378e+00	4.121667e+00	4.133966e+00	4.130046e+00
4.122857e+00	4.126456e+00	4.131896e+00	4.141725e+00	3.267975e+00	3.335285e+00
3.399529e+00	3.458373e+00	3.512128e+00	3.606363e+00	3.681827e+00	3.739559e+00
3.782711e+00	3.817455e+00	3.852059e+00	3.888529e+00	3.926941e+00	3.966787e+00
4.007165e+00	4.047341e+00	4.087044e+00	4.126073e+00	4.164601e+00	4.204530e+00
4.247928e+00	4.270762e+00	4.293839e+00	4.312765e+00	4.334712e+00	4.339569e+00
4.343326e+00	4.343938e+00	4.344758e+00	4.345443e+00	4.350544e+00	4.343902e+00
3.609378e+00	3.677970e+00	3.743074e+00	3.801977e+00	3.855042e+00	3.946099e+00
4.015936e+00	4.065915e+00	4.099702e+00	4.124236e+00	4.148615e+00	4.175095e+00
4.203992e+00	4.235158e+00	4.268090e+00	4.302253e+00	4.336780e+00	4.369812e+00
4.400307e+00	4.432154e+00	4.469935e+00	4.490726e+00	4.510964e+00	4.527336e+00
4.548114e+00	4.548719e+00	4.542784e+00	4.548651e+00	4.558240e+00	4.554988e+00
4.560137e+00	4.535898e+00	3.966167e+00	4.035303e+00	4.100403e+00	4.158326e+00
4.209531e+00	4.294817e+00	4.356190e+00	4.395459e+00	4.416977e+00	4.428635e+00
4.440571e+00	4.455370e+00	4.473521e+00	4.495082e+00	4.519710e+00	4.546848e+00
4.575087e+00	4.601029e+00	4.622538e+00	4.645262e+00	4.676100e+00	4.694255e+00
4.711591e+00	4.725668e+00	4.744702e+00	4.741616e+00	4.727927e+00	4.737891e+00
4.754478e+00	4.748156e+00	4.752382e+00	4.714442e+00	4.334375e+00	4.402248e+00
4.465541e+00	4.520692e+00	4.568291e+00	4.644532e+00	4.694515e+00	4.720525e+00
4.727620e+00	4.724572e+00	4.722446e+00	4.724157e+00	4.730323e+00	4.741138e+00
4.756364e+00	4.775350e+00	4.796198e+00	4.814094e+00	4.825931e+00	4.838957e+00
4.862208e+00	4.877444e+00	4.891814e+00	4.903577e+00	4.920419e+00	4.914455e+00
4.895138e+00	4.907971e+00	4.929539e+00	4.921005e+00	4.923684e+00	4.876392e+00
4.714261e+00	4.778366e+00	4.837418e+00	4.887527e+00	4.929425e+00	4.992988e+00
5.028753e+00	5.039458e+00	5.030723e+00	5.011957e+00	4.994741e+00	4.982289e+00
4.975248e+00	4.973916e+00	4.978173e+00	4.987296e+00	4.999045e+00	5.007640e+00
5.009346e+00	5.012555e+00	5.027838e+00	5.039885e+00	5.051052e+00	5.060087e+00
5.074047e+00	5.067334e+00	5.047238e+00	5.060206e+00	5.082023e+00	5.073331e+00
5.074721e+00	5.027778e+00	5.109596e+00	5.167656e+00	5.220286e+00	5.263319e+00
5.297643e+00	5.345268e+00	5.364225e+00	5.357656e+00	5.331634e+00	5.296019e+00
5.262636e+00	5.234971e+00	5.213652e+00	5.199052e+00	5.191184e+00	5.189269e+00
5.190803e+00	5.189280e+00	5.180499e+00	5.173743e+00	5.180793e+00	5.189484e+00
5.197311e+00	5.203403e+00	5.214133e+00	5.207710e+00	5.189321e+00	5.200999e+00
5.220716e+00	5.212853e+00	5.213038e+00	5.171590e+00	5.517475e+00	5.567361e+00
5.611489e+00	5.645476e+00	5.670381e+00	5.698774e+00	5.698167e+00	5.672110e+00
5.627057e+00	5.573196e+00	5.522492e+00	5.478568e+00	5.442048e+00	5.413243e+00
5.392240e+00	5.378089e+00	5.368139e+00	5.355466e+00	5.335631e+00	5.318429e+00
5.316369e+00	5.321138e+00	5.325152e+00	5.327943e+00	5.334869e+00	5.329576e+00
5.314894e+00	5.324088e+00	5.339616e+00	5.333342e+00	5.332251e+00	5.300801e+00
5.931068e+00	5.970388e+00	6.003722e+00	6.026541e+00	6.040093e+00	6.045935e+00
6.023149e+00	5.975669e+00	5.910203e+00	5.837093e+00	5.768320e+00	5.707466e+00
5.655183e+00	5.611570e+00	5.576737e+00	5.549463e+00	5.527103e+00	5.502644e+00
5.471609e+00	5.443921e+00	5.432364e+00	5.432908e+00	5.432898e+00	5.432250e+00
5.435090e+00	5.431607e+00	5.422268e+00	5.428010e+00	5.437742e+00	5.433612e+00
5.431226e+00	5.413469e+00	6.353757e+00	6.379740e+00	6.399860e+00	6.409651e+00
6.410453e+00	6.391828e+00	6.345484e+00	6.274820e+00	6.186833e+00	6.092371e+00
6.003926e+00	5.925088e+00	5.856431e+00	5.797699e+00	5.748795e+00	5.708116e+00
5.672944e+00	5.636136e+00	5.593163e+00	5.554106e+00	5.532031e+00	5.527818e+00
5.523274e+00	5.518784e+00	5.517249e+00	5.515357e+00	5.510984e+00	5.513285e+00
5.517461e+00	5.515597e+00	5.511844e+00	5.507230e+00	6.778799e+00	6.794698e+00
6.803529e+00	6.800007e+00	6.786002e+00	6.735964e+00	6.658507e+00	6.560621e+00
6.449517e+00	6.334956e+00	6.228137e+00	6.132213e+00	6.047618e+00	5.973669e+00
5.909764e+00	5.853969e+00	5.803944e+00	5.753762e+00	5.699754e+00	5.650249e+00
5.616334e+00	5.606015e+00	5.596353e+00	5.588485e+00	5.582349e+00	5.581273e+00
5.580503e+00	5.580415e+00	5.580033e+00	5.579285e+00	5.575270e+00	5.580862e+00
7.199719e+00	7.215499e+00	7.219847e+00	7.204436e+00	7.172709e+00	7.078658e+00
6.956228e+00	6.825010e+00	6.691600e+00	6.561139e+00	6.439688e+00	6.329148e+00
6.229794e+00	6.140579e+00	6.060024e+00	5.986177e+00	5.918037e+00	5.853165e+00
5.789980e+00	5.731821e+00	5.684287e+00	5.665949e+00	5.650336e+00	5.639653e+00
5.628523e+00	5.626990e+00	5.627455e+00	5.626634e+00	5.623573e+00	5.622274e+00
5.619427e+00	5.630080e+00	7.637444e+00	7.626334e+00	7.606458e+00	7.571583e+00
7.524468e+00	7.406931e+00	7.263682e+00	7.106259e+00	6.942438e+00	6.781107e+00
6.632645e+00	6.499860e+00	6.382283e+00	6.278229e+00	6.185014e+00	6.099907e+00
6.020953e+00	5.943972e+00	5.866251e+00	5.793632e+00	5.735013e+00	5.709716e+00
5.686680e+00	5.669533e+00	5.652567e+00	5.650092e+00	5.650095e+00	5.647824e+00
5.643972e+00	5.644327e+00	5.639788e+00	5.652683e+00	8.073039e+00	8.034946e+00
7.990426e+00	7.934775e+00	7.870157e+00	7.723605e+00	7.554053e+00	7.367129e+00
7.171682e+00	6.979721e+00	6.804731e+00	6.649998e+00	6.514227e+00	6.394975e+00
6.288290e+00	6.189916e+00	6.096707e+00	6.004951e+00	5.911754e+00	5.823298e+00
5.748659e+00	5.720632e+00	5.694579e+00	5.674844e+00	5.655564e+00	5.652578e+00
5.652113e+00	5.649495e+00	5.645598e+00	5.646410e+00	5.641337e+00	5.654476e+00
8.491666e+00	8.432932e+00	8.367628e+00	8.290983e+00	8.205438e+00	8.018265e+00
7.810702e+00	7.589427e+00	7.363382e+00	7.144608e+00	6.946225e+00	6.771174e+00
6.617533e+00	6.482115e+00	6.359677e+00	6.246159e+00	6.139302e+00	6.035145e+00
5.931239e+00	5.832552e+00	5.746716e+00	5.710184e+00	5.676182e+00	5.650810e+00
5.625749e+00	5.620748e+00	5.617768e+00	5.615698e+00	5.612878e+00	5.613268e+00
5.608217e+00	5.618778e+00	8.889320e+00	8.807561e+00	8.719626e+00	8.620788e+00
8.513548e+00	8.284762e+00	8.037968e+00	7.779909e+00	7.519950e+00	7.271266e+00
7.048177e+00	6.854010e+00	6.676143e+00	6.518188e+00	6.373264e+00	6.243229e+00
6.129015e+00	6.017608e+00	5.907197e+00	5.802249e+00	5.708766e+00	5.664520e+00
5.623133e+00	5.592097e+00	5.561934e+00	5.555181e+00	5.549832e+00	5.548480e+00
5.546995e+00	5.546865e+00	5.542250e+00	5.549405e+00	9.282662e+00	9.172972e+00
9.057829e+00	8.932968e+00	8.800908e+00	8.525971e+00	8.237778e+00	7.942896e+00
7.650504e+00	7.373784e+00	7.126919e+00	6.912794e+00	6.715608e+00	6.540719e+00
6.380770e+00	6.235016e+00	6.102705e+00	5.975201e+00	5.851431e+00	5.734041e+00
5.627716e+00	5.579321e+00	5.532744e+00	5.497085e+00	5.463013e+00	5.454890e+00
5.447567e+00	5.447008e+00	5.446948e+00	5.446292e+00	5.442471e+00	5.445723e+00
9.688676e+00	9.532060e+00	9.372197e+00	9.207311e+00	9.039776e+00	8.705190e+00
8.372356e+00	8.046544e+00	7.732798e+00	7.435204e+00	7.164668e+00	6.920735e+00
6.715432e+00	6.531351e+00	6.362576e+00	6.201658e+00	6.049146e+00	5.907496e+00
5.775072e+00	5.649541e+00	5.530195e+00	5.474276e+00	5.421083e+00	5.381584e+00
5.343276e+00	5.333647e+00	5.324670e+00	5.324740e+00	5.325858e+00	5.324901e+00
5.321784e+00	5.321415e+00	1.009024e+01	9.871866e+00	9.655333e+00	9.442450e+00
9.234707e+00	8.837567e+00	8.463030e+00	8.111588e+00	7.782273e+00	7.470764e+00
7.183169e+00	6.919118e+00	6.683862e+00	6.467800e+00	6.269164e+00	6.086892e+00
5.922800e+00	5.777079e+00	5.647308e+00	5.521593e+00	5.389112e+00	5.323031e+00
5.263164e+00	5.222297e+00	5.180273e+00	5.169304e+00	5.159703e+00	5.160031e+00
5.161695e+00	5.160877e+00	5.158402e+00	5.155328e+00	1.040865e+01	1.014963e+01
9.894721e+00	9.647430e+00	9.408831e+00	8.958087e+00	8.540196e+00	8.145468e+00
7.781124e+00	7.458299e+00	7.160122e+00	6.885349e+00	6.620658e+00	6.380706e+00
6.162396e+00	5.964289e+00	5.787753e+00	5.633077e+00	5.497312e+00	5.365158e+00
5.221983e+00	5.149499e+00	5.084401e+00	5.040486e+00	4.994093e+00	4.981879e+00
4.971947e+00	4.972343e+00	4.974087e+00	4.973396e+00	4.971503e+00	4.967030e+00
1.068627e+01	1.039475e+01	1.010871e+01	9.832645e+00	9.567256e+00	9.067215e+00
8.606508e+00	8.169295e+00	7.769595e+00	7.413686e+00	7.086671e+00	6.788075e+00
6.511676e+00	6.261054e+00	6.032485e+00	5.823789e+00	5.636190e+00	5.470369e+00
5.323027e+00	5.180237e+00	5.029181e+00	4.953555e+00	4.884712e+00	4.836896e+00
4.785898e+00	4.772618e+00	4.762796e+00	4.763004e+00	4.764265e+00	4.763769e+00
4.762451e+00	4.757968e+00	1.093224e+01	1.060744e+01	1.028972e+01	9.984790e+00
9.692749e+00	9.143072e+00	8.633188e+00	8.172588e+00	7.749379e+00	7.358886e+00
7.005024e+00	6.684820e+00	6.395319e+00	6.133182e+00	5.893839e+00	5.674360e+00
5.475775e+00	5.298991e+00	5.140580e+00	4.987203e+00	4.827109e+00	4.747509e+00
4.674595e+00	4.623137e+00	4.567552e+00	4.553189e+00	4.543550e+00	4.543326e+00
4.543660e+00	4.543468e+00	4.543187e+00	4.539335e+00	1.114458e+01	1.078685e+01
1.043821e+01	1.010579e+01	9.788942e+00	9.195412e+00	8.641533e+00	8.144908e+00
7.691793e+00	7.278556e+00	6.905022e+00	6.568179e+00	6.264635e+00	5.990394e+00
5.739889e+00	5.509494e+00	5.300052e+00	5.112504e+00	4.943664e+00	4.779458e+00
4.608071e+00	4.522989e+00	4.445465e+00	4.390870e+00	4.330587e+00	4.315034e+00
4.305751e+00	4.304684e+00	4.303323e+00	4.303625e+00	4.305106e+00	4.303023e+00
1.131727e+01	1.092614e+01	1.054656e+01	1.018750e+01	9.847227e+00	9.206906e+00
8.633351e+00	8.105090e+00	7.626965e+00	7.194901e+00	6.804542e+00	6.452383e+00
6.134883e+00	5.847848e+00	5.585544e+00	5.343915e+00	5.122761e+00	4.921289e+00
4.736682e+00	4.559772e+00	4.383676e+00	4.297502e+00	4.214460e+00	4.151345e+00
4.086611e+00	4.071373e+00	4.061755e+00	4.059499e+00	4.056126e+00	4.056895e+00
4.061660e+00	4.060962e+00	1.145849e+01	1.103439e+01	1.062485e+01	1.024084e+01
9.878789e+00	9.207133e+00	8.598088e+00	8.048361e+00	7.552996e+00	7.106042e+00
6.701616e+00	6.335714e+00	6.004881e+00	5.705010e+00	5.430682e+00	5.177667e+00
4.944537e+00	4.728284e+00	4.526400e+00	4.336208e+00	4.156679e+00	4.070081e+00
3.980616e+00	3.906980e+00	3.837865e+00	3.823372e+00	3.812818e+00	3.809238e+00
3.803769e+00	3.804960e+00	3.813738e+00	3.814008e+00	1.157583e+01	1.111937e+01
1.068052e+01	1.027231e+01	9.891066e+00	9.183371e+00	8.548371e+00	7.978858e+00
7.467892e+00	7.007862e+00	6.591342e+00	6.213859e+00	5.871781e+00	5.560922e+00
5.275801e+00	5.012160e+00	4.768493e+00	4.541743e+00	4.329303e+00	4.127983e+00
3.935382e+00	3.841538e+00	3.745145e+00	3.666512e+00	3.592567e+00	3.576785e+00
3.564935e+00	3.560500e+00	3.553619e+00	3.555089e+00	3.566120e+00	3.567030e+00
1.166197e+01	1.117871e+01	1.071418e+01	1.028229e+01	9.884701e+00	9.149402e+00
8.491686e+00	7.904738e+00	7.379696e+00	6.907688e+00	6.480299e+00	6.092731e+00
5.741126e+00	5.421136e+00	5.127149e+00	4.854708e+00	4.602010e+00	4.365652e+00
4.142510e+00	3.929658e+00	3.723811e+00	3.622734e+00	3.519427e+00	3.435713e+00
3.356169e+00	3.338148e+00	3.323834e+00	3.319288e+00	3.312581e+00	3.313861e+00
3.323822e+00	3.324908e+00	1.171195e+01	1.120439e+01	1.072209e+01	1.028202e+01
9.870653e+00	9.108145e+00	8.430929e+00	7.828492e+00	7.290576e+00	6.807492e+00
6.370360e+00	5.974140e+00	5.614728e+00	5.287532e+00	4.986699e+00	4.707486e+00
4.447656e+00	4.203191e+00	3.970248e+00	3.745892e+00	3.526414e+00	3.417846e+00
3.307660e+00	3.219043e+00	3.133088e+00	3.112003e+00	3.094428e+00	3.090456e+00
3.085291e+00	3.085935e+00	3.092009e+00	3.092813e+00	1.173354e+01	1.121121e+01
1.071389e+01	1.025940e+01	9.838551e+00	9.059219e+00	8.367146e+00	7.751856e+00
7.202686e+00	6.709750e+00	6.264315e+00	5.861168e+00	5.495938e+00	5.163702e+00
4.858259e+00	4.574504e+00	4.309628e+00	4.058718e+00	3.817032e+00	3.581159e+00
3.347317e+00	3.230595e+00	3.112834e+00	3.018633e+00	2.924831e+00	2.899961e+00
2.878541e+00	2.875720e+00	2.873219e+00	2.872869e+00	2.872809e+00	2.872919e+00
1.172074e+01	1.119349e+01	1.068783e+01	1.022502e+01	9.798179e+00	9.007324e+00
8.305381e+00	7.680493e+00	7.122339e+00	6.621391e+00	6.169387e+00	5.761011e+00
5.391618e+00	5.056008e+00	4.747650e+00	4.461058e+00	4.192833e+00	3.937088e+00
3.688071e+00	3.441490e+00	3.193230e+00	3.067646e+00	2.940561e+00	2.838441e+00
2.735224e+00	2.707093e+00	2.682631e+00	2.680674e+00	2.680260e+00	2.679268e+00
2.674844e+00	2.674136e+00	1.169067e+01	1.115377e+01	1.064317e+01	1.017893e+01
9.750329e+00	8.953644e+00	8.245730e+00	7.613910e+00	7.048792e+00	6.541494e+00
6.084370e+00	5.672049e+00	5.299637e+00	4.961705e+00	4.651450e+00	4.363041e+00
4.092516e+00	3.833048e+00	3.577856e+00	3.321541e+00	3.059212e+00	2.924508e+00
2.787036e+00	2.675492e+00	2.562162e+00	2.531437e+00	2.504919e+00	2.503454e+00
2.504261e+00	2.502928e+00	2.496055e+00	2.494947e+00	1.164753e+01	1.110492e+01
1.059127e+01	1.012660e+01	9.698175e+00	8.900434e+00	8.191300e+00	7.556696e+00
6.987968e+00	6.476905e+00	6.016586e+00	5.601734e+00	5.227403e+00	4.888170e+00
4.577282e+00	4.288677e+00	4.017646e+00	3.756183e+00	3.496252e+00	3.231119e+00
2.953922e+00	2.808709e+00	2.657613e+00	2.532868e+00	2.408070e+00	2.376240e+00
2.349392e+00	2.347469e+00	2.347502e+00	2.346474e+00	2.341276e+00	2.340876e+00
1.157310e+01	1.103331e+01	1.052296e+01	1.006271e+01	9.638791e+00	8.847184e+00
8.141999e+00	7.508475e+00	6.939172e+00	6.426813e+00	5.965279e+00	5.549458e+00
5.174404e+00	4.834728e+00	4.523763e+00	4.235310e+00	3.964141e+00	3.701383e+00
3.437882e+00	3.165226e+00	2.873656e+00	2.717506e+00	2.551052e+00	2.410432e+00
2.272197e+00	2.240082e+00	2.214645e+00	2.211575e+00	2.208993e+00	2.208711e+00
2.208522e+00	2.210137e+00	1.149252e+01	1.095487e+01	1.044772e+01	9.992459e+00
9.574193e+00	8.792249e+00	8.094800e+00	7.467046e+00	6.902326e+00	6.396169e+00
5.940300e+00	5.529371e+00	5.157953e+00	4.819966e+00	4.507902e+00	4.215600e+00
3.939388e+00	3.672710e+00	3.406627e+00	3.127720e+00	2.819948e+00	2.653326e+00
2.471213e+00	2.312574e+00	2.153876e+00	2.120431e+00	2.102354e+00	2.097648e+00
2.087626e+00	2.087716e+00	2.097081e+00	2.104839e+00	1.140260e+01	1.086812e+01
1.036538e+01	9.916583e+00	9.505680e+00	8.737068e+00	8.050249e+00	7.430719e+00
6.872213e+00	6.373196e+00	5.923123e+00	5.516669e+00	5.148289e+00	4.811640e+00
4.498731e+00	4.203308e+00	3.922701e+00	3.652517e+00	3.384434e+00	3.100485e+00
2.778461e+00	2.602547e+00	2.405864e+00	2.229608e+00	2.048891e+00	2.013572e+00
2.004297e+00	1.997906e+00	1.979360e+00	1.979738e+00	1.999813e+00	2.015064e+00
1.130488e+01	1.077630e+01	1.028066e+01	9.840900e+00	9.439829e+00	8.689133e+00
8.017167e+00	7.411066e+00	6.864712e+00	6.368364e+00	5.920390e+00	5.515468e+00
5.148089e+00	4.811924e+00	4.498949e+00	4.202899e+00	3.921284e+00	3.650206e+00
3.381409e+00	3.095469e+00	2.768347e+00	2.576730e+00	2.360776e+00	2.167141e+00
1.965599e+00	1.925239e+00	1.914692e+00	1.908122e+00	1.889612e+00	1.891077e+00
1.916333e+00	1.940756e+00	1.119408e+01	1.067615e+01	1.019194e+01	9.764955e+00
9.376952e+00	8.648819e+00	7.993668e+00	7.401004e+00	6.866131e+00	6.378035e+00
5.936263e+00	5.535663e+00	5.171137e+00	4.836874e+00	4.525478e+00	4.231008e+00
3.950620e+00	3.679713e+00	3.408552e+00	3.114487e+00	2.769972e+00	2.564098e+00
2.328668e+00	2.121170e+00	1.901896e+00	1.854275e+00	1.832699e+00	1.827560e+00
1.817347e+00	1.820569e+00	1.845901e+00	1.880797e+00	1.108697e+01	1.058003e+01
1.010786e+01	9.694575e+00	9.320518e+00	8.616237e+00	7.979689e+00	7.401702e+00
6.874017e+00	6.396369e+00	5.961818e+00	5.566326e+00	5.205351e+00	4.873651e+00
4.564470e+00	4.272197e+00	3.993663e+00	3.723558e+00	3.450643e+00	3.148696e+00
2.783639e+00	2.569361e+00	2.324582e+00	2.091921e+00	1.849696e+00	1.794770e+00
1.767950e+00	1.763138e+00	1.755407e+00	1.759782e+00	1.788050e+00	1.831790e+00
1.098485e+01	1.048901e+01	1.002928e+01	9.630389e+00	9.270923e+00	8.590964e+00
7.974570e+00	7.410484e+00	6.897173e+00	6.428879e+00	6.001768e+00	5.611992e+00
5.255375e+00	4.927132e+00	4.621066e+00	4.331849e+00	4.056074e+00	3.787844e+00
3.514662e+00	3.207352e+00	2.827875e+00	2.597483e+00	2.327229e+00	2.080665e+00
1.809232e+00	1.746283e+00	1.716753e+00	1.711776e+00	1.703698e+00	1.708932e+00
1.741567e+00	1.790659e+00	1.088879e+01	1.040406e+01	9.956934e+00	9.572902e+00
9.228512e+00	8.572978e+00	7.975286e+00	7.428823e+00	6.928645e+00	6.470954e+00
6.052298e+00	5.669178e+00	5.317883e+00	4.994003e+00	4.691913e+00	4.406563e+00
4.134309e+00	3.868701e+00	3.595953e+00	3.283850e+00	2.889362e+00	2.645141e+00
2.354633e+00	2.081494e+00	1.782319e+00	1.709302e+00	1.674906e+00	1.670048e+00
1.662930e+00	1.669129e+00	1.705145e+00	1.754184e+00	1.079970e+01	1.032587e+01
9.891324e+00	9.522250e+00	9.192949e+00	8.560673e+00	7.984324e+00	7.454532e+00
6.968108e+00	6.521703e+00	6.112258e+00	5.736640e+00	5.391528e+00	5.072920e+00
4.775708e+00	4.495078e+00	4.227196e+00	3.965109e+00	3.693785e+00	3.377925e+00
2.969217e+00	2.711110e+00	2.398967e+00	2.100962e+00	1.766407e+00	1.681860e+00
1.641357e+00	1.636737e+00	1.631065e+00	1.638049e+00	1.675548e+00	1.724086e+00
1.071856e+01	1.025543e+01	9.833145e+00	9.478684e+00	9.164150e+00	8.557416e+00
7.998777e+00	7.485505e+00	7.013094e+00	6.578388e+00	6.178695e+00	5.811225e+00
5.473011e+00	5.160460e+00	4.868902e+00	4.593780e+00	4.331094e+00	4.073416e+00
3.804507e+00	3.485997e+00	3.063978e+00	2.792012e+00	2.457529e+00	2.133502e+00
1.762897e+00	1.664193e+00	1.614935e+00	1.610574e+00	1.606735e+00	1.614249e+00
1.651818e+00	1.698653e+00	1.064778e+01	1.019495e+01	9.784272e+00	9.443573e+00
9.142907e+00	8.557435e+00	8.019476e+00	7.522509e+00	7.064094e+00	6.641361e+00
6.251930e+00	5.893310e+00	5.562832e+00	5.257296e+00	4.972350e+00	4.703726e+00
4.447292e+00	4.195208e+00	3.930134e+00	3.610806e+00	3.177523e+00	2.892407e+00
2.535488e+00	2.183489e+00	1.768756e+00	1.655310e+00	1.595817e+00	1.591656e+00
1.589856e+00	1.597557e+00	1.633759e+00	1.677821e+00	1.057902e+01	1.013762e+01
9.739738e+00	9.413832e+00	9.128235e+00	8.562611e+00	8.044198e+00	7.563144e+00
7.118323e+00	6.707306e+00	6.328120e+00	5.978585e+00	5.656334e+00	5.358516e+00
5.081181e+00	4.820279e+00	4.571563e+00	4.326701e+00	4.067047e+00	3.747977e+00
3.304173e+00	3.006655e+00	2.628648e+00	2.249543e+00	1.787297e+00	1.657919e+00
1.582489e+00	1.578252e+00	1.580980e+00	1.588117e+00	1.617197e+00	1.660087e+00
1.052506e+01	1.009300e+01	9.705518e+00	9.391513e+00	9.117894e+00	8.573965e+00
8.071463e+00	7.605398e+00	7.173887e+00	6.774715e+00	6.406168e+00	6.066305e+00
5.752998e+00	5.463653e+00	5.194646e+00	4.942074e+00	4.701687e+00	4.464870e+00
4.212061e+00	3.895936e+00	3.445344e+00	3.136782e+00	2.737413e+00	2.329113e+00
1.816488e+00	1.664281e+00	1.573108e+00	1.568775e+00	1.574057e+00	1.580629e+00
1.604542e+00	1.644501e+00	1.051956e+01	1.008800e+01	9.701799e+00	9.389892e+00
9.118774e+00	8.586933e+00	8.097735e+00	7.644751e+00	7.226323e+00	6.839922e+00
6.483431e+00	6.154831e+00	5.851986e+00	5.572208e+00	5.311671e+00	5.066434e+00
4.832709e+00	4.602725e+00	4.358233e+00	4.053540e+00	3.611271e+00	3.295865e+00
2.868291e+00	2.415392e+00	1.840952e+00	1.674312e+00	1.576115e+00	1.569448e+00
1.565289e+00	1.571613e+00	1.604157e+00	1.631906e+00	1.052715e+01	1.009271e+01
9.705719e+00	9.396273e+00	9.129535e+00	8.604697e+00	8.124189e+00	7.682353e+00
7.276505e+00	6.903350e+00	6.559942e+00	6.243953e+00	5.953011e+00	5.683972e+00
5.432259e+00	5.193666e+00	4.965304e+00	4.741245e+00	4.506546e+00	4.221754e+00
3.805827e+00	3.490628e+00	3.028877e+00	2.514219e+00	1.864831e+00	1.694646e+00
1.592796e+00	1.577314e+00	1.556573e+00	1.562948e+00	1.608860e+00	1.621858e+00
1.051893e+01	1.008714e+01	9.703217e+00	9.399877e+00	9.139830e+00	8.626416e+00
8.156958e+00	7.726132e+00	7.331158e+00	6.968843e+00	6.636384e+00	6.331489e+00
6.051693e+00	5.793644e+00	5.552295e+00	5.323157e+00	5.103546e+00	4.887995e+00
4.662708e+00	4.390762e+00	3.988254e+00	3.672387e+00	3.191460e+00	2.636119e+00
1.911654e+00	1.723162e+00	1.599679e+00	1.581061e+00	1.558309e+00	1.564083e+00
1.606406e+00	1.613150e+00	1.049568e+01	1.007189e+01	9.696707e+00	9.402692e+00
9.150973e+00	8.651724e+00	8.194094e+00	7.773613e+00	7.388120e+00	7.035115e+00
6.712435e+00	6.417926e+00	6.149050e+00	5.902359e+00	5.672482e+00	5.454659e+00
5.246077e+00	5.040905e+00	4.825188e+00	4.562694e+00	4.168011e+00	3.851911e+00
3.360947e+00	2.779992e+00	1.985011e+00	1.762019e+00	1.604108e+00	1.583684e+00
1.564439e+00	1.568448e+00	1.598514e+00	1.605367e+00	1.047945e+01	1.006264e+01
9.694683e+00	9.406779e+00	9.162702e+00	8.675735e+00	8.228485e+00	7.817312e+00
7.440569e+00	7.096383e+00	6.783162e+00	6.498882e+00	6.240977e+00	6.005907e+00
5.788023e+00	5.582299e+00	5.385720e+00	5.191928e+00	4.986766e+00	4.735022e+00
4.350559e+00	4.036461e+00	3.538836e+00	2.934292e+00	2.065819e+00	1.806581e+00
1.610356e+00	1.587010e+00	1.569672e+00	1.572096e+00	1.591291e+00	1.598375e+00
1.046951e+01	1.005820e+01	9.695878e+00	9.413707e+00	9.175206e+00	8.697881e+00
8.259246e+00	7.856177e+00	7.487346e+00	7.151394e+00	6.847204e+00	6.572867e+00
6.325846e+00	6.102511e+00	5.897005e+00	5.704053e+00	5.520379e+00	5.338920e+00
5.145297e+00	4.905760e+00	4.534445e+00	4.225176e+00	3.725487e+00	3.100969e+00
2.157807e+00	1.860843e+00	1.620224e+00	1.591545e+00	1.573732e+00	1.574841e+00
1.584966e+00	1.592172e+00	1.046822e+01	1.005897e+01	9.699965e+00	9.423594e+00
9.190063e+00	8.721056e+00	8.289854e+00	7.893858e+00	7.532089e+00	7.203656e+00
6.907855e+00	6.642921e+00	6.406365e+00	6.194540e+00	6.001471e+00	5.821643e+00
5.651503e+00	5.483139e+00	5.301784e+00	5.075115e+00	4.718337e+00	4.415997e+00
3.918799e+00	3.279142e+00	2.261397e+00	1.923259e+00	1.632459e+00	1.597037e+00
1.577239e+00	1.577089e+00	1.579331e+00	1.587340e+00	1.046897e+01	1.006468e+01
9.710132e+00	9.437467e+00	9.207737e+00	8.745478e+00	8.320462e+00	7.930503e+00
7.574926e+00	7.253256e+00	6.965140e+00	6.708975e+00	6.482339e+00	6.281619e+00
6.100796e+00	5.934169e+00	5.777891e+00	5.623180e+00	5.454767e+00	5.241736e+00
4.901076e+00	4.607820e+00	4.117722e+00	3.468411e+00	2.378115e+00	1.995616e+00
1.647906e+00	1.603829e+00	1.580173e+00	1.578891e+00	1.574290e+00	1.583695e+00
1.047507e+01	1.007406e+01	9.722717e+00	9.453152e+00	9.226362e+00	8.769619e+00
8.349834e+00	7.965187e+00	7.615173e+00	7.299628e+00	7.018426e+00	6.770169e+00
6.552566e+00	6.362183e+00	6.193144e+00	6.039764e+00	5.897749e+00	5.757318e+00
5.602373e+00	5.402990e+00	5.078597e+00	4.796513e+00	4.319962e+00	3.669084e+00
2.508300e+00	2.077012e+00	1.666174e+00	1.612094e+00	1.582587e+00	1.580018e+00
1.570638e+00	1.580865e+00	1.048167e+01	1.008203e+01	9.732308e+00	9.464363e+00
9.239300e+00	8.786721e+00	8.371824e+00	7.992703e+00	7.648657e+00	7.339260e+00
7.064119e+00	6.822154e+00	6.611658e+00	6.430079e+00	6.272800e+00	6.134763e+00
6.010540e+00	5.887188e+00	5.745122e+00	5.552347e+00	5.233057e+00	4.964021e+00
4.523512e+00	3.901195e+00	2.657899e+00	2.156621e+00	1.682154e+00	1.621640e+00
1.585143e+00	1.578173e+00	1.572077e+00	1.577820e+00	1.048380e+01	1.008755e+01
9.740209e+00	9.474099e+00	9.250780e+00	8.802219e+00	8.391798e+00	8.017606e+00
7.678831e+00	7.374899e+00	7.105260e+00	6.869087e+00	6.665127e+00	6.491495e+00
6.344520e+00	6.219745e+00	6.111299e+00	6.004581e+00	5.877750e+00	5.696506e+00
5.387574e+00	5.131527e+00	4.721666e+00	4.126311e+00	2.820009e+00	2.250371e+00
1.700595e+00	1.630633e+00	1.586371e+00	1.576784e+00	1.572444e+00	1.575394e+00
1.048385e+01	1.009041e+01	9.745984e+00	9.482137e+00	9.260725e+00	8.816191e+00
8.409780e+00	8.039723e+00	7.705260e+00	7.405890e+00	7.141123e+00	6.910290e+00
6.712361e+00	6.545734e+00	6.407110e+00	6.292469e+00	6.196369e+00	6.104620e+00
5.995349e+00	5.833073e+00	5.544324e+00	5.300860e+00	4.908630e+00	4.329633e+00
2.993309e+00	2.368517e+00	1.724352e+00	1.638954e+00	1.586699e+00	1.576267e+00
1.570377e+00	1.573647e+00	1.048111e+01	1.008973e+01	9.748407e+00	9.486840e+00
9.267134e+00	8.826174e+00	8.423314e+00	8.056905e+00	7.726234e+00	7.430850e+00
7.170345e+00	6.944168e+00	6.751509e+00	6.590961e+00	6.459511e+00	6.353574e+00
6.268274e+00	6.190192e+00	6.098032e+00	5.955715e+00	5.690138e+00	5.461256e+00
5.088487e+00	4.529718e+00	3.176760e+00	2.497603e+00	1.752888e+00	1.649761e+00
1.586147e+00	1.575275e+00	1.568575e+00	1.571876e+00	1.047488e+01	1.008806e+01
9.749921e+00	9.490259e+00	9.272024e+00	8.834306e+00	8.434667e+00	8.071562e+00
7.744320e+00	7.452537e+00	7.195904e+00	6.973965e+00	6.786106e+00	6.631070e+00
6.506072e+00	6.407939e+00	6.332454e+00	6.267204e+00	6.191875e+00	6.070358e+00
5.830336e+00	5.617377e+00	5.264711e+00	4.728220e+00	3.370170e+00	2.638298e+00
1.785821e+00	1.662692e+00	1.585310e+00	1.574272e+00	1.566756e+00	1.570196e+00
1.046675e+01	1.008495e+01	9.749754e+00	9.491910e+00	9.274896e+00	8.840340e+00
8.443625e+00	8.083416e+00	7.759109e+00	7.470378e+00	7.217073e+00	6.998812e+00
6.815136e+00	6.664908e+00	6.545566e+00	6.454288e+00	6.387502e+00	6.333801e+00
6.274218e+00	6.173969e+00	5.962444e+00	5.767068e+00	5.434739e+00	4.921575e+00
3.571345e+00	2.790387e+00	1.824088e+00	1.678786e+00	1.585247e+00	1.573940e+00
1.564985e+00	1.568762e+00	1.045459e+01	1.007889e+01	9.748553e+00	9.492799e+00
9.276629e+00	8.844638e+00	8.450375e+00	8.092626e+00	7.770818e+00	7.484683e+00
7.234224e+00	7.019110e+00	6.838993e+00	6.692816e+00	6.578188e+00	6.492587e+00
6.433156e+00	6.389717e+00	6.344954e+00	6.265967e+00	6.084488e+00	5.907769e+00
5.596097e+00	5.107023e+00	3.778258e+00	2.956188e+00	1.870848e+00	1.700377e+00
1.585758e+00	1.573830e+00	1.563265e+00	1.567556e+00	1.044399e+01	1.007507e+01
9.749039e+00	9.494387e+00	9.277873e+00	8.846692e+00	8.453946e+00	8.098372e+00
7.779216e+00	7.496008e+00	7.248590e+00	7.036595e+00	6.859640e+00	6.716575e+00
6.604846e+00	6.522282e+00	6.467798e+00	6.434827e+00	6.408538e+00	6.352530e+00
6.196579e+00	6.036954e+00	5.750982e+00	5.288314e+00	3.979054e+00	3.135467e+00
1.927159e+00	1.727799e+00	1.587454e+00	1.574502e+00	1.561425e+00	1.566513e+00
1.043374e+01	1.007201e+01	9.750838e+00	9.496653e+00	9.278882e+00	8.848041e+00
8.456427e+00	8.102725e+00	7.786055e+00	7.505713e+00	7.261266e+00	7.052251e+00
6.878171e+00	6.737719e+00	6.628077e+00	6.547474e+00	6.496878e+00	6.473959e+00
6.467056e+00	6.434576e+00	6.302235e+00	6.159123e+00	5.901456e+00	5.466887e+00
4.179191e+00	3.328078e+00	1.993141e+00	1.761626e+00	1.591451e+00	1.576676e+00
1.559623e+00	1.565585e+00	1.042200e+01	1.006875e+01	9.753288e+00	9.499992e+00
9.280984e+00	8.850712e+00	8.460390e+00	8.108443e+00	7.793809e+00	7.515661e+00
7.273468e+00	7.066778e+00	6.895079e+00	6.757058e+00	6.649812e+00	6.571855e+00
6.525466e+00	6.510982e+00	6.519054e+00	6.507384e+00	6.401755e+00	6.276462e+00
6.043563e+00	5.636543e+00	4.387375e+00	3.527062e+00	2.067111e+00	1.801740e+00
1.596908e+00	1.579349e+00	1.558900e+00	1.564924e+00	1.040783e+01	1.006527e+01
9.757514e+00	9.506121e+00	9.286593e+00	8.857276e+00	8.467854e+00	8.116831e+00
7.803211e+00	7.526220e+00	7.285369e+00	7.080251e+00	6.910382e+00	6.774584e+00
6.670079e+00	6.595592e+00	6.553845e+00	6.545879e+00	6.564011e+00	6.569908e+00
6.493937e+00	6.387770e+00	6.174775e+00	5.793739e+00	4.604143e+00	3.730695e+00
2.153078e+00	1.853056e+00	1.606401e+00	1.583262e+00	1.558737e+00	1.564496e+00
1.039244e+01	1.005995e+01	9.758038e+00	9.508161e+00	9.287794e+00	8.859530e+00
8.471048e+00	8.120994e+00	7.808435e+00	7.532669e+00	7.293231e+00	7.089727e+00
6.921667e+00	6.787894e+00	6.685673e+00	6.613969e+00	6.576044e+00	6.573996e+00
6.602404e+00	6.625556e+00	6.576014e+00	6.487386e+00	6.294507e+00	5.941446e+00
4.817199e+00	3.937070e+00	2.249237e+00	1.912185e+00	1.617475e+00	1.587266e+00
1.558361e+00	1.564095e+00	1.037306e+01	1.005082e+01	9.756797e+00	9.509030e+00
9.288255e+00	8.861278e+00	8.473910e+00	8.124850e+00	7.813193e+00	7.538307e+00
7.299820e+00	7.097441e+00	6.930830e+00	6.799049e+00	6.699612e+00	6.631531e+00
6.597841e+00	6.600052e+00	6.632727e+00	6.667216e+00	6.647323e+00	6.579538e+00
6.407766e+00	6.079380e+00	5.021595e+00	4.147859e+00	2.359008e+00	1.980436e+00
1.630331e+00	1.592295e+00	1.558080e+00	1.563661e+00	1.034805e+01	1.003873e+01
9.753876e+00	9.510995e+00	9.292686e+00	8.870207e+00	8.485102e+00	8.136639e+00
7.824434e+00	7.548507e+00	7.309182e+00	7.106537e+00	6.940612e+00	6.811101e+00
6.716477e+00	6.655685e+00	6.628924e+00	6.631190e+00	6.655292e+00	6.691935e+00
6.708286e+00	6.669987e+00	6.522085e+00	6.209291e+00	5.212525e+00	4.365976e+00
2.486882e+00	2.058247e+00	1.645121e+00	1.600982e+00	1.558776e+00	1.563214e+00
1.034016e+01	1.003742e+01	9.757524e+00	9.515710e+00	9.297132e+00	8.875558e+00
8.491292e+00	8.143677e+00	7.832074e+00	7.556686e+00	7.317938e+00	7.116080e+00
6.951268e+00	6.823350e+00	6.730837e+00	6.672722e+00	6.649211e+00	6.655241e+00
6.684070e+00	6.729182e+00	6.764447e+00	6.743538e+00	6.621317e+00	6.336190e+00
5.393381e+00	4.578833e+00	2.632017e+00	2.149260e+00	1.663698e+00	1.611554e+00
1.559518e+00	1.563193e+00	1.033187e+01	1.003534e+01	9.759134e+00	9.518333e+00
9.298837e+00	8.877076e+00	8.492865e+00	8.145593e+00	7.834988e+00	7.561011e+00
7.323933e+00	7.123771e+00	6.960403e+00	6.833591e+00	6.742261e+00	6.685859e+00
6.664871e+00	6.674700e+00	6.709742e+00	6.764488e+00	6.812994e+00	6.803059e+00
6.705445e+00	6.461331e+00	5.580999e+00	4.769286e+00	2.786048e+00	2.256900e+00
1.686920e+00	1.614255e+00	1.562985e+00	1.563100e+00	1.032131e+01	1.003064e+01
9.758897e+00	9.519010e+00	9.299061e+00	8.877151e+00	8.492708e+00	8.145641e+00
7.835691e+00	7.562897e+00	7.327509e+00	7.129198e+00	6.967304e+00	6.841306e+00
6.750804e+00	6.695810e+00	6.677002e+00	6.690060e+00	6.730056e+00	6.793270e+00
6.852565e+00	6.849755e+00	6.774582e+00	6.580181e+00	5.771628e+00	4.935098e+00
2.948368e+00	2.385482e+00	1.716946e+00	1.611416e+00	1.573760e+00	1.562781e+00
1.031337e+01	1.002709e+01	9.758348e+00	9.519219e+00	9.299058e+00	8.877979e+00
8.494324e+00	8.147979e+00	7.838932e+00	7.566662e+00	7.331481e+00	7.133405e+00
6.972200e+00	6.847583e+00	6.758875e+00	6.705890e+00	6.689385e+00	6.705158e+00
6.748365e+00	6.815425e+00	6.885065e+00	6.895903e+00	6.845170e+00	6.676485e+00
5.915107e+00	5.131601e+00	3.137589e+00	2.511534e+00	1.747174e+00	1.626125e+00
1.571842e+00	1.562798e+00	1.030622e+01	1.002384e+01	9.757743e+00	9.519373e+00
9.299054e+00	8.879107e+00	8.496776e+00	8.151441e+00	7.842818e+00	7.570535e+00
7.335129e+00	7.136991e+00	6.976290e+00	6.852975e+00	6.766046e+00	6.715040e+00
6.700715e+00	6.718875e+00	6.764653e+00	6.834534e+00	6.914131e+00	6.939547e+00
6.911964e+00	6.761814e+00	6.045099e+00	5.341768e+00	3.342691e+00	2.642408e+00
1.780176e+00	1.654713e+00	1.568935e+00	1.562825e+00	1.029852e+01	1.002042e+01
9.757653e+00	9.519741e+00	9.299116e+00	8.879223e+00	8.496902e+00	8.151719e+00
7.843322e+00	7.571779e+00	7.337336e+00	7.139992e+00	6.979910e+00	6.857129e+00
6.770909e+00	6.721094e+00	6.708445e+00	6.728537e+00	6.776687e+00	6.850995e+00
6.941368e+00	6.977261e+00	6.964231e+00	6.834008e+00	6.186911e+00	5.547674e+00
3.539912e+00	2.785445e+00	1.822544e+00	1.675729e+00	1.573341e+00	1.562625e+00
1.029100e+01	1.001732e+01	9.757700e+00	9.520593e+00	9.299498e+00	8.878981e+00
8.495935e+00	8.150691e+00	7.842888e+00	7.572204e+00	7.338759e+00	7.142482e+00
6.983039e+00	6.860362e+00	6.774321e+00	6.725227e+00	6.713812e+00	6.735433e+00
6.785707e+00	6.864968e+00	6.965810e+00	7.008982e+00	7.005303e+00	6.894846e+00
6.332993e+00	5.745665e+00	3.732031e+00	2.942308e+00	1.877925e+00	1.693466e+00
1.591074e+00	1.561955e+00	1.028714e+01	1.001697e+01	9.758577e+00	9.522287e+00
9.300790e+00	8.880029e+00	8.496988e+00	8.151743e+00	7.843944e+00	7.573717e+00
7.340845e+00	7.145052e+00	6.986174e+00	6.864141e+00	6.778576e+00	6.729704e+00
6.718680e+00	6.741824e+00	6.795574e+00	6.879541e+00	6.984580e+00	7.032173e+00
7.045199e+00	6.965374e+00	6.450862e+00	5.903641e+00	3.956594e+00	3.120939e+00
1.936499e+00	1.719835e+00	1.595378e+00	1.562092e+00	1.028445e+01	1.001686e+01
9.760766e+00	9.524816e+00	9.303217e+00	8.882813e+00	8.499918e+00	8.154714e+00
7.846881e+00	7.576401e+00	7.343320e+00	7.147602e+00	6.989224e+00	6.868052e+00
6.783079e+00	6.734145e+00	6.723117e+00	6.747718e+00	6.805439e+00	6.893828e+00
7.000526e+00	7.051351e+00	7.083043e+00	7.037865e+00	6.555154e+00	6.043224e+00
4.204548e+00	3.317644e+00	2.000105e+00	1.754814e+00	1.597375e+00	1.562512e+00
1.028187e+01	1.001663e+01	9.762135e+00	9.526480e+00	9.304675e+00	8.884518e+00
8.501801e+00	8.156736e+00	7.849018e+00	7.578580e+00	7.345590e+00	7.150058e+00
6.991832e+00	6.870760e+00	6.786097e+00	6.737765e+00	6.727547e+00	6.753401e+00
6.812550e+00	6.903450e+00	7.016348e+00	7.073470e+00	7.114195e+00	7.078167e+00
6.658081e+00	6.211831e+00	4.431930e+00	3.501751e+00	2.073812e+00	1.799345e+00
1.601931e+00	1.562629e+00	1.027917e+01	1.001603e+01	9.762700e+00	9.527472e+00
9.305398e+00	8.885352e+00	8.502805e+00	8.157921e+00	7.850418e+00	7.580312e+00
7.347772e+00	7.152577e+00	6.994048e+00	6.872433e+00	6.788058e+00	6.740808e+00
6.732326e+00	6.759274e+00	6.816860e+00	6.908649e+00	7.032356e+00	7.101818e+00
7.139088e+00	7.094500e+00	6.759494e+00	6.436520e+00	4.626435e+00	3.662048e+00
2.163771e+00	1.863970e+00	1.615510e+00	1.562418e+00	1.028299e+01	1.001856e+01
9.764310e+00	9.527463e+00	9.304291e+00	8.883305e+00	8.500730e+00	8.156242e+00
7.849348e+00	7.579871e+00	7.347809e+00	7.153007e+00	6.995118e+00	6.873735e+00
6.788238e+00	6.739217e+00	6.729389e+00	6.758684e+00	6.826016e+00	6.924042e+00
7.043857e+00	7.106261e+00	7.154304e+00	7.133307e+00	6.853547e+00	6.526336e+00
4.850002e+00	3.877602e+00	2.263396e+00	1.916029e+00	1.626936e+00	1.562104e+00
1.028973e+01	1.002282e+01	9.766441e+00	9.527339e+00	9.302426e+00	8.879883e+00
8.497228e+00	8.153343e+00	7.847392e+00	7.578864e+00	7.347479e+00	7.153208e+00
6.996016e+00	6.875123e+00	6.788296e+00	6.736129e+00	6.723676e+00	6.756568e+00
6.837134e+00	6.943871e+00	7.052496e+00	7.106932e+00	7.166269e+00	7.187099e+00
6.937343e+00	6.579846e+00	5.084591e+00	4.128366e+00	2.375532e+00	1.967090e+00
1.638130e+00	1.561889e+00	1.028749e+01	1.002252e+01	9.766949e+00	9.528263e+00
9.303338e+00	8.880987e+00	8.498448e+00	8.154659e+00	7.848803e+00	7.580363e+00
7.349104e+00	7.154945e+00	6.997782e+00	6.877100e+00	6.791001e+00	6.739439e+00
6.727633e+00	6.761090e+00	6.840744e+00	6.948110e+00	7.059723e+00	7.119014e+00
7.183193e+00	7.212512e+00	7.005746e+00	6.699170e+00	5.282869e+00	4.330610e+00
2.503617e+00	2.051186e+00	1.654379e+00	1.561891e+00	1.027310e+01	1.001389e+01
9.762934e+00	9.527110e+00	9.303709e+00	8.883021e+00	8.500871e+00	8.156823e+00
7.850375e+00	7.581314e+00	7.349684e+00	7.155343e+00	6.998013e+00	6.877432e+00
6.792919e+00	6.745291e+00	6.737332e+00	6.768249e+00	6.836074e+00	6.936754e+00
7.062984e+00	7.135240e+00	7.202767e+00	7.223305e+00	7.052057e+00	6.847373e+00
5.468845e+00	4.500411e+00	2.641698e+00	2.166300e+00	1.668485e+00	1.562185e+00
1.026719e+01	1.001024e+01	9.761421e+00	9.526912e+00	9.304534e+00	8.885370e+00
8.503403e+00	8.159062e+00	7.852089e+00	7.582486e+00	7.350507e+00	7.156001e+00
6.998545e+00	6.878156e+00	6.795063e+00	6.749494e+00	6.742706e+00	6.771815e+00
6.834152e+00	6.932162e+00	7.066790e+00	7.144692e+00	7.217922e+00	7.240085e+00
7.101856e+00	6.921062e+00	5.641782e+00	4.693151e+00	2.795289e+00	2.280135e+00
1.687461e+00	1.562580e+00	1.026748e+01	1.001190e+01	9.764156e+00	9.529964e+00
9.307365e+00	8.887825e+00	8.505636e+00	8.161089e+00	7.853924e+00	7.584181e+00
7.352129e+00	7.157688e+00	7.000650e+00	6.880823e+00	6.797707e+00	6.751573e+00
6.744080e+00	6.772669e+00	6.835779e+00	6.936880e+00	7.072432e+00	7.148196e+00
7.227870e+00	7.277526e+00	7.162590e+00	6.941651e+00	5.799538e+00	4.934649e+00
2.969350e+00	2.380928e+00	1.717332e+00	1.562984e+00	