7.482653e-02	7.625555e-02	7.770968e-02	7.921381e-02	8.078295e-02	8.419282e-02
8.815383e-02	9.288826e-02	9.848722e-02	1.049223e-01	1.121168e-01	1.200438e-01
1.287336e-01	1.383986e-01	1.497375e-01	1.633507e-01	1.787573e-01	1.937023e-01
2.054645e-01	2.144610e-01	2.231396e-01	2.280571e-01	2.319357e-01	2.339484e-01
2.367296e-01	2.360779e-01	2.324541e-01	2.319527e-01	2.320451e-01	2.320735e-01
2.321103e-01	2.320735e-01	8.631250e-02	8.797272e-02	8.966241e-02	9.141031e-02
9.323261e-02	9.718132e-02	1.017374e-01	1.071373e-01	1.134778e-01	1.207276e-01
1.288043e-01	1.376813e-01	1.473970e-01	1.581840e-01	1.707849e-01	1.858246e-01
2.027568e-01	2.191271e-01	2.319966e-01	2.418018e-01	2.511638e-01	2.564421e-01
2.606157e-01	2.627820e-01	2.656921e-01	2.650133e-01	2.612433e-01	2.607213e-01
2.608170e-01	2.608465e-01	2.608847e-01	2.608465e-01	9.956159e-02	1.014903e-01
1.034536e-01	1.054847e-01	1.076009e-01	1.121736e-01	1.174141e-01	1.235722e-01
1.307502e-01	1.389138e-01	1.479756e-01	1.579101e-01	1.687662e-01	1.807979e-01
1.947907e-01	2.113905e-01	2.299785e-01	2.478890e-01	2.619548e-01	2.726282e-01
2.827076e-01	2.883600e-01	2.928422e-01	2.951691e-01	2.981981e-01	2.974952e-01
2.935980e-01	2.930580e-01	2.931563e-01	2.931867e-01	2.932262e-01	2.931867e-01
1.148444e-01	1.170850e-01	1.193661e-01	1.217261e-01	1.241835e-01	1.294787e-01
1.355065e-01	1.425282e-01	1.506515e-01	1.598396e-01	1.700003e-01	1.811111e-01
1.932334e-01	2.066446e-01	2.221709e-01	2.404739e-01	2.608548e-01	2.804262e-01
2.957816e-01	3.073845e-01	3.182130e-01	3.242506e-01	3.290536e-01	3.315479e-01
3.346811e-01	3.339583e-01	3.299599e-01	3.294053e-01	3.295055e-01	3.295366e-01
3.295770e-01	3.295366e-01	1.324732e-01	1.350759e-01	1.377261e-01	1.404682e-01
1.433218e-01	1.494535e-01	1.563866e-01	1.643920e-01	1.735820e-01	1.839175e-01
1.953031e-01	2.077209e-01	2.212477e-01	2.361864e-01	2.533997e-01	2.735585e-01
2.958766e-01	3.172341e-01	3.339765e-01	3.465717e-01	3.581775e-01	3.646083e-01
3.697427e-01	3.724103e-01	3.756275e-01	3.748905e-01	3.708251e-01	3.702608e-01
3.703617e-01	3.703932e-01	3.704342e-01	3.703932e-01	1.528080e-01	1.558312e-01
1.589101e-01	1.620960e-01	1.654094e-01	1.725098e-01	1.804842e-01	1.896097e-01
2.000027e-01	2.116226e-01	2.243721e-01	2.382403e-01	2.533235e-01	2.699514e-01
2.890180e-01	3.111949e-01	3.356003e-01	3.588733e-01	3.771037e-01	3.907547e-01
4.031612e-01	4.099891e-01	4.154632e-01	4.183088e-01	4.215835e-01	4.208397e-01
4.167515e-01	4.161834e-01	4.162838e-01	4.163153e-01	4.163564e-01	4.163153e-01
1.762642e-01	1.797757e-01	1.833525e-01	1.870538e-01	1.909011e-01	1.991230e-01
2.082950e-01	2.186958e-01	2.304449e-01	2.435011e-01	2.577677e-01	2.732438e-01
2.900496e-01	3.085435e-01	3.296429e-01	3.540094e-01	3.806572e-01	4.059779e-01
4.257999e-01	4.405705e-01	4.537944e-01	4.610182e-01	4.668374e-01	4.698642e-01
4.731620e-01	4.724207e-01	4.683658e-01	4.678017e-01	4.678998e-01	4.679309e-01
4.679716e-01	4.679309e-01	2.033210e-01	2.073994e-01	2.115544e-01	2.158544e-01
2.203213e-01	2.298419e-01	2.403911e-01	2.522437e-01	2.655207e-01	2.801817e-01
2.961339e-01	3.133902e-01	3.321001e-01	3.526526e-01	3.759781e-01	4.027144e-01
4.317633e-01	4.592653e-01	4.807843e-01	4.967371e-01	5.107867e-01	5.183987e-01
5.245642e-01	5.277737e-01	5.310508e-01	5.303239e-01	5.263725e-01	5.258222e-01
5.259159e-01	5.259459e-01	5.259853e-01	5.259459e-01	2.345311e-01	2.392677e-01
2.440941e-01	2.490894e-01	2.542756e-01	2.652999e-01	2.774330e-01	2.909379e-01
3.059353e-01	3.223878e-01	3.402105e-01	3.594350e-01	3.802469e-01	4.030676e-01
4.288264e-01	4.581202e-01	4.897308e-01	5.195470e-01	5.428690e-01	5.600641e-01
5.749367e-01	5.829209e-01	5.894292e-01	5.928204e-01	5.960220e-01	5.953241e-01
5.915633e-01	5.910388e-01	5.911255e-01	5.911538e-01	5.911910e-01	5.911538e-01
2.705319e-01	2.760328e-01	2.816389e-01	2.874415e-01	2.934626e-01	3.062279e-01
3.201825e-01	3.355678e-01	3.525014e-01	3.709518e-01	3.908475e-01	4.122451e-01
4.353739e-01	4.606898e-01	4.891030e-01	5.211489e-01	5.554809e-01	5.877412e-01
6.129709e-01	6.314645e-01	6.471433e-01	6.554739e-01	6.623151e-01	6.658839e-01
6.689421e-01	6.682911e-01	6.648279e-01	6.643441e-01	6.644207e-01	6.644462e-01
6.644802e-01	6.644462e-01	3.120589e-01	3.184471e-01	3.249585e-01	3.316987e-01
3.386888e-01	3.534700e-01	3.695194e-01	3.870439e-01	4.061552e-01	4.268314e-01
4.490214e-01	4.728142e-01	4.984930e-01	5.265497e-01	5.578522e-01	5.928490e-01
6.300585e-01	6.648863e-01	6.921251e-01	7.119674e-01	7.284183e-01	7.370572e-01
7.442137e-01	7.479523e-01	7.507836e-01	7.502016e-01	7.471663e-01	7.467412e-01
7.468039e-01	7.468255e-01	7.468548e-01	7.468255e-01	3.599603e-01	3.673786e-01
3.749412e-01	3.827701e-01	3.908850e-01	4.080001e-01	4.264586e-01	4.464164e-01
4.679756e-01	4.911286e-01	5.158538e-01	5.422825e-01	5.707630e-01	6.018249e-01
6.362650e-01	6.744138e-01	7.146486e-01	7.521572e-01	7.815007e-01	8.027332e-01
8.199007e-01	8.287947e-01	8.362395e-01	8.401353e-01	8.426379e-01	8.421515e-01
8.397021e-01	8.393580e-01	8.394020e-01	8.394185e-01	8.394414e-01	8.394185e-01
4.152147e-01	4.238287e-01	4.326118e-01	4.417050e-01	4.511252e-01	4.709426e-01
4.921715e-01	5.148966e-01	5.392057e-01	5.651114e-01	5.926336e-01	6.219575e-01
6.535104e-01	6.878613e-01	7.256996e-01	7.672003e-01	8.105956e-01	8.508831e-01
8.824176e-01	9.050705e-01	9.228725e-01	9.319502e-01	9.396447e-01	9.436797e-01
9.457301e-01	9.453714e-01	9.436985e-01	9.434617e-01	9.434815e-01	9.434912e-01
9.435058e-01	9.434912e-01	4.789507e-01	4.889528e-01	4.991530e-01	5.097140e-01
5.206492e-01	5.435954e-01	5.680101e-01	5.938818e-01	6.212775e-01	6.502389e-01
6.808413e-01	7.133386e-01	7.482543e-01	7.861975e-01	8.277054e-01	8.727525e-01
9.194243e-01	9.625674e-01	9.963661e-01	1.020454e+00	1.038777e+00	1.047945e+00
1.055836e+00	1.059986e+00	1.061435e+00	1.061243e+00	1.060575e+00	1.060477e+00
1.060466e+00	1.060467e+00	1.060471e+00	1.060467e+00	5.524703e-01	5.640837e-01
5.759290e-01	5.881944e-01	6.008877e-01	6.274563e-01	6.555347e-01	6.849832e-01
7.158415e-01	7.481898e-01	7.821779e-01	8.181460e-01	8.567339e-01	8.985917e-01
9.440492e-01	9.928266e-01	1.042864e+00	1.088911e+00	1.125029e+00	1.150548e+00
1.169237e+00	1.178377e+00	1.186396e+00	1.190626e+00	1.191296e+00	1.191316e+00
1.191926e+00	1.192006e+00	1.191956e+00	1.191946e+00	1.191936e+00	1.191946e+00
6.372542e-01	6.506947e-01	6.644224e-01	6.786670e-01	6.934258e-01	7.242860e-01
7.567003e-01	7.903086e-01	8.250984e-01	8.612078e-01	8.988973e-01	9.386522e-01
9.813154e-01	1.027608e+00	1.077498e+00	1.130295e+00	1.183803e+00	1.232815e+00
1.271363e+00	1.298209e+00	1.316857e+00	1.325826e+00	1.333851e+00	1.337980e+00
1.337386e+00	1.337711e+00	1.340174e+00	1.340509e+00	1.340405e+00	1.340372e+00
1.340349e+00	1.340376e+00	7.350670e-01	7.506582e-01	7.665904e-01	7.831325e-01
8.002707e-01	8.360320e-01	8.733483e-01	9.116195e-01	9.507790e-01	9.910357e-01
1.032782e+00	1.076657e+00	1.123699e+00	1.174686e+00	1.229185e+00	1.286071e+00
1.343022e+00	1.394929e+00	1.435859e+00	1.464012e+00	1.482477e+00	1.491082e+00
1.499016e+00	1.503069e+00	1.501112e+00	1.501786e+00	1.506345e+00	1.506970e+00
1.506804e+00	1.506750e+00	1.506708e+00	1.506755e+00	8.481424e-01	8.665624e-01
8.852775e-01	9.045171e-01	9.242733e-01	9.650940e-01	1.007259e+00	1.050241e+00
1.094011e+00	1.138831e+00	1.185169e+00	1.233603e+00	1.284983e+00	1.339945e+00
1.398152e+00	1.458550e+00	1.518668e+00	1.573144e+00	1.615950e+00	1.645797e+00
1.665015e+00	1.672877e+00	1.680724e+00	1.685498e+00	1.683451e+00	1.684305e+00
1.689975e+00	1.690778e+00	1.690563e+00	1.690548e+00	1.690444e+00	1.690527e+00
9.786915e-01	1.000719e+00	1.022867e+00	1.045220e+00	1.067799e+00	1.113680e+00
1.160436e+00	1.208010e+00	1.256525e+00	1.306255e+00	1.357667e+00	1.411010e+00
1.466472e+00	1.524337e+00	1.584991e+00	1.648044e+00	1.710847e+00	1.767403e+00
1.811461e+00	1.843439e+00	1.864594e+00	1.871437e+00	1.879287e+00	1.885725e+00
1.885329e+00	1.886168e+00	1.891542e+00	1.892352e+00	1.892121e+00	1.892209e+00
1.892006e+00	1.892134e+00	1.128057e+00	1.153477e+00	1.178918e+00	1.204391e+00
1.229936e+00	1.281413e+00	1.333371e+00	1.385893e+00	1.439126e+00	1.493374e+00
1.549135e+00	1.606528e+00	1.665484e+00	1.726116e+00	1.788998e+00	1.853919e+00
1.918216e+00	1.975971e+00	2.021208e+00	2.054948e+00	2.077955e+00	2.085029e+00
2.093421e+00	2.101133e+00	2.103403e+00	2.104531e+00	2.108734e+00	2.109359e+00
2.109239e+00	2.109335e+00	2.109166e+00	2.109273e+00	1.299003e+00	1.327754e+00
1.356478e+00	1.385150e+00	1.413827e+00	1.471376e+00	1.529016e+00	1.586738e+00
1.644629e+00	1.703041e+00	1.762535e+00	1.823233e+00	1.885073e+00	1.948094e+00
2.012714e+00	2.078593e+00	2.143218e+00	2.201295e+00	2.247507e+00	2.282762e+00
2.307733e+00	2.316006e+00	2.325392e+00	2.334215e+00	2.340283e+00	2.341918e+00
2.344020e+00	2.344283e+00	2.344378e+00	2.344419e+00	2.344382e+00	2.344417e+00
1.491698e+00	1.524044e+00	1.556275e+00	1.588304e+00	1.620209e+00	1.683868e+00
1.747026e+00	1.809618e+00	1.871709e+00	1.933747e+00	1.996433e+00	2.059849e+00
2.123854e+00	2.188343e+00	2.253597e+00	2.319246e+00	2.383050e+00	2.440608e+00
2.487467e+00	2.524063e+00	2.551159e+00	2.561185e+00	2.571835e+00	2.581735e+00
2.592245e+00	2.594342e+00	2.594028e+00	2.593914e+00	2.594209e+00	2.594236e+00
2.594294e+00	2.594270e+00	1.707097e+00	1.743231e+00	1.779110e+00	1.814544e+00
1.849638e+00	1.919107e+00	1.987220e+00	2.053918e+00	2.119329e+00	2.184069e+00
2.249112e+00	2.314420e+00	2.379621e+00	2.444343e+00	2.508794e+00	2.572718e+00
2.634317e+00	2.690398e+00	2.737600e+00	2.775313e+00	2.804690e+00	2.817257e+00
2.829524e+00	2.840363e+00	2.855973e+00	2.858412e+00	2.855421e+00	2.854950e+00
2.855396e+00	2.855481e+00	2.855561e+00	2.855505e+00	1.944820e+00	1.985274e+00
2.025191e+00	2.064180e+00	2.102381e+00	2.177040e+00	2.249147e+00	2.318964e+00
2.386743e+00	2.453250e+00	2.519617e+00	2.585638e+00	2.650562e+00	2.713786e+00
2.775818e+00	2.836812e+00	2.895370e+00	2.949182e+00	2.995810e+00	3.034602e+00
3.066787e+00	3.081451e+00	3.095383e+00	3.107703e+00	3.128153e+00	3.130918e+00
3.125406e+00	3.124591e+00	3.125194e+00	3.125327e+00	3.125438e+00	3.125346e+00
2.204402e+00	2.249605e+00	2.293844e+00	2.336409e+00	2.377505e+00	2.456438e+00
2.531242e+00	2.602843e+00	2.671683e+00	2.738636e+00	2.804924e+00	2.870130e+00
2.933072e+00	2.992969e+00	3.050945e+00	3.107784e+00	3.162433e+00	3.213175e+00
3.258331e+00	3.298024e+00	3.333315e+00	3.349657e+00	3.365265e+00	3.379441e+00
3.404050e+00	3.407128e+00	3.399583e+00	3.398477e+00	3.399224e+00	3.399393e+00
3.399539e+00	3.399413e+00	2.484455e+00	2.534384e+00	2.582845e+00	2.628721e+00
2.672336e+00	2.754487e+00	2.830557e+00	2.902329e+00	2.970472e+00	3.035969e+00
3.100243e+00	3.162694e+00	3.221897e+00	3.276962e+00	3.329557e+00	3.381046e+00
3.430746e+00	3.477591e+00	3.520677e+00	3.560700e+00	3.598661e+00	3.616689e+00
3.633974e+00	3.649734e+00	3.677224e+00	3.680618e+00	3.672099e+00	3.670838e+00
3.671672e+00	3.671873e+00	3.672034e+00	3.671894e+00	2.783664e+00	2.838261e+00
2.890779e+00	2.939636e+00	2.985259e+00	3.069272e+00	3.144906e+00	3.214952e+00
3.280338e+00	3.342230e+00	3.402275e+00	3.459845e+00	3.513415e+00	3.562208e+00
3.608279e+00	3.653454e+00	3.697424e+00	3.739706e+00	3.780103e+00	3.819809e+00
3.859759e+00	3.879213e+00	3.898065e+00	3.915035e+00	3.943408e+00	3.947137e+00
3.939235e+00	3.938057e+00	3.938896e+00	3.939094e+00	3.939262e+00	3.939119e+00
3.101911e+00	3.161026e+00	3.217344e+00	3.268742e+00	3.315767e+00	3.400068e+00
3.473327e+00	3.539533e+00	3.599925e+00	3.655895e+00	3.709372e+00	3.759853e+00
3.805944e+00	3.847117e+00	3.885640e+00	3.923654e+00	3.961189e+00	3.998290e+00
4.035366e+00	4.073976e+00	4.114943e+00	4.135405e+00	4.155543e+00	4.173233e+00
4.200257e+00	4.204316e+00	4.198736e+00	4.197891e+00	4.198649e+00	4.198813e+00
4.198960e+00	4.198846e+00	3.432911e+00	3.496124e+00	3.555717e+00	3.608950e+00
3.656513e+00	3.739038e+00	3.807531e+00	3.867375e+00	3.920188e+00	3.967630e+00
4.011993e+00	4.053075e+00	4.089897e+00	4.122289e+00	4.152501e+00	4.182772e+00
4.213394e+00	4.244846e+00	4.277968e+00	4.314490e+00	4.355072e+00	4.375883e+00
4.396794e+00	4.414505e+00	4.437556e+00	4.441897e+00	4.440507e+00	4.440267e+00
4.440847e+00	4.440947e+00	4.441037e+00	4.440987e+00	3.773425e+00	3.840146e+00
3.902318e+00	3.956490e+00	4.003536e+00	4.081883e+00	4.142987e+00	4.193798e+00
4.236394e+00	4.272782e+00	4.305703e+00	4.335344e+00	4.361336e+00	4.383921e+00
4.405155e+00	4.427164e+00	4.450453e+00	4.475774e+00	4.504226e+00	4.537495e+00
4.576088e+00	4.596429e+00	4.617404e+00	4.634357e+00	4.651283e+00	4.655788e+00
4.659886e+00	4.660429e+00	4.660750e+00	4.660783e+00	4.660803e+00	4.660829e+00
4.128868e+00	4.198604e+00	4.262749e+00	4.317044e+00	4.362589e+00	4.434497e+00
4.485734e+00	4.525044e+00	4.555054e+00	4.578179e+00	4.597671e+00	4.614165e+00
4.627982e+00	4.639777e+00	4.651301e+00	4.664445e+00	4.679884e+00	4.698534e+00
4.721629e+00	4.750688e+00	4.786042e+00	4.805264e+00	4.825703e+00	4.841324e+00
4.850941e+00	4.855497e+00	4.865624e+00	4.867029e+00	4.867051e+00	4.867009e+00
4.866954e+00	4.867060e+00	4.493328e+00	4.565265e+00	4.630444e+00	4.683723e+00
4.726478e+00	4.789126e+00	4.827562e+00	4.852618e+00	4.867582e+00	4.875340e+00
4.879692e+00	4.881735e+00	4.882359e+00	4.882564e+00	4.883757e+00	4.887525e+00
4.894638e+00	4.905997e+00	4.922769e+00	4.946174e+00	4.976286e+00	4.993265e+00
5.012013e+00	5.025404e+00	5.026931e+00	5.031274e+00	5.047170e+00	5.049409e+00
5.049120e+00	5.048993e+00	5.048862e+00	5.049036e+00	4.859843e+00	4.932931e+00
4.997993e+00	5.048938e+00	5.087471e+00	5.137869e+00	5.160565e+00	5.168752e+00
5.166470e+00	5.157109e+00	5.145016e+00	5.131727e+00	5.118541e+00	5.106694e+00
5.097227e+00	5.091371e+00	5.089905e+00	5.093551e+00	5.103220e+00	5.119743e+00
5.142903e+00	5.156676e+00	5.172724e+00	5.183179e+00	5.176432e+00	5.180334e+00
5.201349e+00	5.204336e+00	5.203747e+00	5.203532e+00	5.203333e+00	5.203563e+00
5.226853e+00	5.299737e+00	5.363238e+00	5.410253e+00	5.442862e+00	5.477585e+00
5.481373e+00	5.470082e+00	5.448568e+00	5.420742e+00	5.391404e+00	5.362415e+00
5.335148e+00	5.310763e+00	5.290127e+00	5.274153e+00	5.263542e+00	5.258703e+00
5.260098e+00	5.268081e+00	5.282108e+00	5.291347e+00	5.303165e+00	5.309804e+00
5.295848e+00	5.298941e+00	5.322872e+00	5.326312e+00	5.325492e+00	5.325206e+00
5.324958e+00	5.325242e+00	5.599633e+00	5.671166e+00	5.731874e+00	5.773585e+00
5.798798e+00	5.814896e+00	5.797066e+00	5.764080e+00	5.721635e+00	5.674144e+00
5.626780e+00	5.581635e+00	5.539945e+00	5.502620e+00	5.470441e+00	5.444016e+00
5.423913e+00	5.410157e+00	5.402679e+00	5.401340e+00	5.405305e+00	5.409488e+00
5.416503e+00	5.419055e+00	5.398551e+00	5.400709e+00	5.426566e+00	5.430325e+00
5.429309e+00	5.428961e+00	5.428675e+00	5.429009e+00	5.979349e+00	6.047810e+00
6.103945e+00	6.138482e+00	6.154401e+00	6.148250e+00	6.105646e+00	6.048513e+00
5.983366e+00	5.914982e+00	5.848752e+00	5.786796e+00	5.730051e+00	5.679020e+00
5.634452e+00	5.596664e+00	5.566069e+00	5.542243e+00	5.524581e+00	5.512460e+00
5.504713e+00	5.502814e+00	5.503664e+00	5.501428e+00	5.476511e+00	5.477396e+00
5.501988e+00	5.505590e+00	5.504494e+00	5.504135e+00	5.503847e+00	5.504184e+00
6.359270e+00	6.422628e+00	6.472156e+00	6.497478e+00	6.502115e+00	6.470129e+00
6.399874e+00	6.316571e+00	6.227464e+00	6.137497e+00	6.052097e+00	5.973171e+00
5.901210e+00	5.836163e+00	5.778828e+00	5.729261e+00	5.687722e+00	5.653306e+00
5.624930e+00	5.601557e+00	5.581762e+00	5.573627e+00	5.568104e+00	5.561200e+00
5.533334e+00	5.532903e+00	5.554986e+00	5.558270e+00	5.557144e+00	5.556796e+00
5.556521e+00	5.556844e+00	6.748144e+00	6.804129e+00	6.844779e+00	6.858647e+00
6.849847e+00	6.788152e+00	6.687197e+00	6.575630e+00	6.461211e+00	6.348771e+00
6.243523e+00	6.146978e+00	6.059101e+00	5.979259e+00	5.908197e+00	5.845804e+00
5.792157e+00	5.745991e+00	5.705817e+00	5.670345e+00	5.637888e+00	5.623099e+00
5.610536e+00	5.598915e+00	5.570783e+00	5.568917e+00	5.584436e+00	5.586563e+00
5.585633e+00	5.585373e+00	5.585177e+00	5.585396e+00	7.144443e+00	7.191186e+00
7.221116e+00	7.221588e+00	7.197339e+00	7.102008e+00	6.967006e+00	6.824902e+00
6.683802e+00	6.548040e+00	6.422322e+00	6.307611e+00	6.203246e+00	6.108011e+00
6.022491e+00	5.946525e+00	5.879997e+00	5.821404e+00	5.768684e+00	5.720258e+00
5.674639e+00	5.652811e+00	5.632315e+00	5.615401e+00	5.590369e+00	5.586835e+00
5.594546e+00	5.595942e+00	5.595152e+00	5.594948e+00	5.594802e+00	5.594956e+00
7.560174e+00	7.589442e+00	7.600986e+00	7.582026e+00	7.538009e+00	7.404544e+00
7.234771e+00	7.062453e+00	6.895308e+00	6.736627e+00	6.590203e+00	6.456521e+00
6.334353e+00	6.222110e+00	6.120143e+00	6.028370e+00	5.946448e+00	5.872904e+00
5.806843e+00	5.747513e+00	5.691382e+00	5.664112e+00	5.637671e+00	5.617276e+00
5.595331e+00	5.590376e+00	5.588306e+00	5.588016e+00	5.587561e+00	5.587462e+00
5.587449e+00	5.587449e+00	8.118454e+00	8.048474e+00	7.977538e+00	7.899822e+00
7.815954e+00	7.638955e+00	7.454656e+00	7.273441e+00	7.097573e+00	6.927706e+00
6.764948e+00	6.610076e+00	6.463506e+00	6.325514e+00	6.197231e+00	6.080023e+00
5.974729e+00	5.882685e+00	5.803679e+00	5.737117e+00	5.677506e+00	5.651742e+00
5.629477e+00	5.611496e+00	5.570566e+00	5.550559e+00	5.552164e+00	5.554106e+00
5.552029e+00	5.551115e+00	5.552555e+00	5.551743e+00	8.534539e+00	8.446444e+00
8.350219e+00	8.244426e+00	8.133696e+00	7.911169e+00	7.690404e+00	7.477194e+00
7.272727e+00	7.077212e+00	6.891473e+00	6.716528e+00	6.552021e+00	6.396240e+00
6.250184e+00	6.116295e+00	5.995124e+00	5.887533e+00	5.797078e+00	5.717617e+00
5.648421e+00	5.620809e+00	5.600050e+00	5.583378e+00	5.524530e+00	5.495569e+00
5.493976e+00	5.496786e+00	5.493820e+00	5.492478e+00	5.494782e+00	5.493463e+00
8.788313e+00	8.758343e+00	8.708024e+00	8.622574e+00	8.509425e+00	8.239467e+00
7.944099e+00	7.665810e+00	7.410792e+00	7.178113e+00	6.966785e+00	6.774866e+00
6.597767e+00	6.432198e+00	6.278439e+00	6.137490e+00	6.008601e+00	5.889882e+00
5.779823e+00	5.678203e+00	5.582884e+00	5.535524e+00	5.487014e+00	5.452575e+00
5.438965e+00	5.429835e+00	5.401935e+00	5.397965e+00	5.398245e+00	5.398445e+00
5.398605e+00	5.398345e+00	9.142258e+00	9.104550e+00	9.040418e+00	8.934372e+00
8.796179e+00	8.471541e+00	8.123790e+00	7.803623e+00	7.516985e+00	7.263115e+00
7.025650e+00	6.810096e+00	6.608168e+00	6.426569e+00	6.262501e+00	6.110946e+00
5.971815e+00	5.842848e+00	5.713376e+00	5.592453e+00	5.479730e+00	5.422868e+00
5.363832e+00	5.321728e+00	5.310729e+00	5.305925e+00	5.272099e+00	5.266742e+00
5.267583e+00	5.268097e+00	5.267770e+00	5.267745e+00	9.542594e+00	9.457680e+00
9.352168e+00	9.210406e+00	9.040614e+00	8.661986e+00	8.270892e+00	7.916215e+00
7.602138e+00	7.326846e+00	7.068490e+00	6.833875e+00	6.614005e+00	6.411530e+00
6.223895e+00	6.049887e+00	5.889776e+00	5.740388e+00	5.597949e+00	5.465658e+00
5.342875e+00	5.282288e+00	5.220739e+00	5.174991e+00	5.146231e+00	5.135944e+00
5.111118e+00	5.107484e+00	5.107448e+00	5.107614e+00	5.107609e+00	5.107440e+00
9.945296e+00	9.784890e+00	9.611856e+00	9.418629e+00	9.211943e+00	8.788495e+00
8.375903e+00	7.996222e+00	7.650578e+00	7.336145e+00	7.068113e+00	6.823270e+00
6.594716e+00	6.372473e+00	6.162305e+00	5.968444e+00	5.790293e+00	5.624497e+00
5.468905e+00	5.322452e+00	5.182661e+00	5.114382e+00	5.048006e+00	4.999006e+00
4.955849e+00	4.942387e+00	4.925676e+00	4.923590e+00	4.922881e+00	4.922827e+00
4.922797e+00	4.922701e+00	1.033830e+01	1.008019e+01	9.825394e+00	9.576108e+00
9.333679e+00	8.873329e+00	8.447038e+00	8.048757e+00	7.677570e+00	7.336271e+00
7.032737e+00	6.754003e+00	6.498322e+00	6.262326e+00	6.042376e+00	5.836148e+00
5.644710e+00	5.467344e+00	5.302265e+00	5.141668e+00	4.979514e+00	4.900939e+00
4.829658e+00	4.779175e+00	4.720232e+00	4.703612e+00	4.697977e+00	4.698060e+00
4.696533e+00	4.696227e+00	4.696003e+00	4.696117e+00	1.060064e+01	1.031438e+01
1.002992e+01	9.749953e+00	9.477348e+00	8.960167e+00	8.472760e+00	8.040270e+00
7.655516e+00	7.305312e+00	6.970782e+00	6.669746e+00	6.394870e+00	6.140878e+00
5.903850e+00	5.681631e+00	5.475041e+00	5.283003e+00	5.102904e+00	4.927803e+00
4.752784e+00	4.668374e+00	4.591429e+00	4.535461e+00	4.466952e+00	4.449551e+00
4.447448e+00	4.448020e+00	4.446240e+00	4.445865e+00	4.445590e+00	4.445741e+00
1.080970e+01	1.051711e+01	1.022298e+01	9.924140e+00	9.624321e+00	9.041208e+00
8.488713e+00	8.007810e+00	7.587005e+00	7.212846e+00	6.871032e+00	6.561304e+00
6.272839e+00	5.999439e+00	5.742431e+00	5.503359e+00	5.281565e+00	5.073751e+00
4.875867e+00	4.687239e+00	4.506822e+00	4.419855e+00	4.337069e+00	4.273381e+00
4.200228e+00	4.183549e+00	4.179714e+00	4.179617e+00	4.177977e+00	4.177660e+00
4.177433e+00	4.177504e+00	1.102610e+01	1.069839e+01	1.036790e+01	1.003532e+01
9.705680e+00	9.071632e+00	8.491259e+00	7.974348e+00	7.520509e+00	7.119916e+00
6.762055e+00	6.437170e+00	6.133391e+00	5.844169e+00	5.571867e+00	5.318137e+00
5.081694e+00	4.859283e+00	4.647169e+00	4.446837e+00	4.258815e+00	4.168386e+00
4.079977e+00	4.010311e+00	3.935513e+00	3.918793e+00	3.911334e+00	3.910512e+00
3.909007e+00	3.908737e+00	3.908567e+00	3.908566e+00	1.125577e+01	1.085691e+01
1.046747e+01	1.009559e+01	9.741163e+00	9.079159e+00	8.478226e+00	7.939087e+00
7.456901e+00	7.024662e+00	6.635423e+00	6.283372e+00	5.961810e+00	5.664400e+00
5.385169e+00	5.120068e+00	4.869288e+00	4.633466e+00	4.411862e+00	4.201984e+00
4.002882e+00	3.907555e+00	3.813539e+00	3.740072e+00	3.667985e+00	3.650166e+00
3.636000e+00	3.634303e+00	3.632946e+00	3.632712e+00	3.632624e+00	3.632549e+00
1.143425e+01	1.098863e+01	1.055852e+01	1.015593e+01	9.778300e+00	9.079502e+00
8.454600e+00	7.889895e+00	7.382303e+00	6.925129e+00	6.511624e+00	6.137115e+00
5.797143e+00	5.486110e+00	5.195952e+00	4.920856e+00	4.660645e+00	4.415468e+00
4.184758e+00	3.965459e+00	3.757083e+00	3.657449e+00	3.558603e+00	3.481329e+00
3.408437e+00	3.389956e+00	3.372474e+00	3.370207e+00	3.368809e+00	3.368660e+00
3.368480e+00	3.368451e+00	1.157252e+01	1.109643e+01	1.063847e+01	1.021210e+01
9.813325e+00	9.076790e+00	8.417720e+00	7.827547e+00	7.298968e+00	6.823245e+00
6.391802e+00	5.999521e+00	5.642152e+00	5.314855e+00	5.011438e+00	4.727124e+00
4.460318e+00	4.208332e+00	3.969256e+00	3.741393e+00	3.525153e+00	3.421493e+00
3.318236e+00	3.237011e+00	3.160281e+00	3.141296e+00	3.123478e+00	3.121041e+00
3.119460e+00	3.119359e+00	3.119067e+00	3.119118e+00	1.168774e+01	1.118382e+01
1.070068e+01	1.025363e+01	9.836822e+00	9.067242e+00	8.380547e+00	7.767280e+00
7.218644e+00	6.725168e+00	6.277754e+00	5.870931e+00	5.500296e+00	5.161004e+00
4.846936e+00	4.553348e+00	4.278375e+00	4.019011e+00	3.773018e+00	3.538543e+00
3.314682e+00	3.206671e+00	3.098845e+00	3.013573e+00	2.931812e+00	2.911873e+00
2.894911e+00	2.892716e+00	2.890939e+00	2.890736e+00	2.890546e+00	2.890566e+00
1.178247e+01	1.125340e+01	1.074772e+01	1.028291e+01	9.849816e+00	9.051173e+00
8.340895e+00	7.708368e+00	7.143228e+00	6.635282e+00	6.175041e+00	5.756780e+00
5.375858e+00	5.027179e+00	4.704464e+00	4.402854e+00	4.120369e+00	3.853979e+00
3.601119e+00	3.359802e+00	3.127813e+00	3.015292e+00	2.903262e+00	2.814516e+00
2.727194e+00	2.705984e+00	2.689456e+00	2.687386e+00	2.685478e+00	2.685304e+00
2.685048e+00	2.685085e+00	1.185523e+01	1.130352e+01	1.077778e+01	1.029649e+01
9.852503e+00	9.031566e+00	8.302867e+00	7.655884e+00	7.078640e+00	6.560023e+00
6.090033e+00	5.662810e+00	5.273591e+00	4.917186e+00	4.587279e+00	4.278924e+00
3.989896e+00	3.716815e+00	3.456704e+00	3.207639e+00	2.967035e+00	2.849752e+00
2.733063e+00	2.640447e+00	2.547668e+00	2.524769e+00	2.507482e+00	2.505442e+00
2.503495e+00	2.503280e+00	2.503043e+00	2.503028e+00	1.190455e+01	1.133416e+01
1.079258e+01	1.030063e+01	9.847092e+00	9.009516e+00	8.269060e+00	7.612957e+00
7.028180e+00	6.502743e+00	6.026151e+00	5.592521e+00	5.197090e+00	4.834716e+00
4.499155e+00	4.185396e+00	3.890846e+00	3.611474e+00	3.343778e+00	3.085867e+00
2.835510e+00	2.712658e+00	2.590016e+00	2.492266e+00	2.393586e+00	2.368553e+00
2.349253e+00	2.347122e+00	2.345191e+00	2.344861e+00	2.344731e+00	2.344591e+00
1.193280e+01	1.134637e+01	1.079206e+01	1.029662e+01	9.837844e+00	8.988944e+00
8.240842e+00	7.578533e+00	6.988833e+00	6.459189e+00	5.978725e+00	5.541487e+00
5.142522e+00	4.776470e+00	4.436891e+00	4.118810e+00	3.819443e+00	3.534508e+00
3.260063e+00	2.993473e+00	2.732158e+00	2.602365e+00	2.471736e+00	2.366647e+00
2.260235e+00	2.232919e+00	2.211286e+00	2.208879e+00	2.206879e+00	2.206550e+00
2.206367e+00	2.206019e+00	1.195172e+01	1.135388e+01	1.079060e+01	1.028755e+01
9.825426e+00	8.970631e+00	8.218515e+00	7.552573e+00	6.959850e+00	6.427542e+00
5.944642e+00	5.505102e+00	5.103837e+00	4.735318e+00	4.392927e+00	4.071565e+00
3.768230e+00	3.478370e+00	3.197526e+00	2.922061e+00	2.648613e+00	2.510870e+00
2.370664e+00	2.256594e+00	2.141419e+00	2.111892e+00	2.087994e+00	2.085256e+00
2.083099e+00	2.082790e+00	2.082522e+00	2.082094e+00	1.195067e+01	1.135065e+01
1.078456e+01	1.027614e+01	9.812965e+00	8.958465e+00	8.210070e+00	7.546396e+00
6.954640e+00	6.422543e+00	5.939754e+00	5.500063e+00	5.098520e+00	4.729669e+00
4.386853e+00	4.064195e+00	3.758205e+00	3.463664e+00	3.175047e+00	2.887015e+00
2.594020e+00	2.444804e+00	2.290397e+00	2.162711e+00	2.036464e+00	2.005023e+00
1.979105e+00	1.975974e+00	1.973481e+00	1.973156e+00	1.972815e+00	1.972643e+00
1.193080e+01	1.132876e+01	1.076289e+01	1.025897e+01	9.799998e+00	8.950821e+00
8.206683e+00	7.544955e+00	6.954018e+00	6.422238e+00	5.939685e+00	5.500232e+00
5.098889e+00	4.730054e+00	4.386975e+00	4.063753e+00	3.756584e+00	3.459616e+00
3.166324e+00	2.869446e+00	2.560156e+00	2.399424e+00	2.229055e+00	2.085091e+00
1.945209e+00	1.911785e+00	1.884193e+00	1.880666e+00	1.877614e+00	1.877218e+00
1.876861e+00	1.877448e+00	1.189483e+01	1.129704e+01	1.073687e+01	1.024049e+01
9.789395e+00	8.952966e+00	8.212449e+00	7.552540e+00	6.962455e+00	6.431378e+00
5.950032e+00	5.512400e+00	5.113091e+00	4.745906e+00	4.403401e+00	4.079751e+00
3.771479e+00	3.473109e+00	3.177962e+00	2.877163e+00	2.560393e+00	2.384597e+00
2.190492e+00	2.029175e+00	1.867207e+00	1.829448e+00	1.802158e+00	1.798718e+00
1.794341e+00	1.793578e+00	1.793618e+00	1.797042e+00	1.183820e+01	1.125260e+01
1.070454e+01	1.022003e+01	9.779780e+00	8.959698e+00	8.230263e+00	7.576386e+00
6.989459e+00	6.460916e+00	5.983342e+00	5.550565e+00	5.156492e+00	4.793996e+00
4.454170e+00	4.130214e+00	3.819400e+00	3.517489e+00	3.217343e+00	2.905492e+00
2.566612e+00	2.375728e+00	2.161409e+00	1.984088e+00	1.798286e+00	1.755509e+00
1.729195e+00	1.725989e+00	1.720024e+00	1.718794e+00	1.719392e+00	1.726405e+00
1.178661e+01	1.120936e+01	1.067064e+01	1.019683e+01	9.767409e+00	8.964465e+00
8.248440e+00	7.603263e+00	7.021932e+00	6.497572e+00	6.024289e+00	5.595960e+00
5.206145e+00	4.847423e+00	4.510506e+00	4.188111e+00	3.877250e+00	3.573543e+00
3.268751e+00	2.945036e+00	2.579742e+00	2.376416e+00	2.154464e+00	1.949223e+00
1.739957e+00	1.693804e+00	1.666216e+00	1.662559e+00	1.655157e+00	1.653616e+00
1.654811e+00	1.665535e+00	1.174238e+01	1.116813e+01	1.063432e+01	1.016888e+01
9.749635e+00	8.966918e+00	8.267204e+00	7.636627e+00	7.067419e+00	6.552035e+00
6.084005e+00	5.658083e+00	5.269191e+00	4.911560e+00	4.577963e+00	4.261906e+00
3.958413e+00	3.659247e+00	3.352509e+00	3.018570e+00	2.631081e+00	2.407754e+00
2.156745e+00	1.920886e+00	1.691594e+00	1.643919e+00	1.612972e+00	1.608180e+00
1.599542e+00	1.597854e+00	1.599684e+00	1.614207e+00	1.168837e+01	1.112099e+01
1.059585e+01	1.014197e+01	9.735455e+00	8.973420e+00	8.291554e+00	7.675423e+00
7.117906e+00	6.611701e+00	6.150459e+00	5.729473e+00	5.344351e+00	4.990155e+00
4.660714e+00	4.349881e+00	4.051552e+00	3.755336e+00	3.446912e+00	3.103997e+00
2.695269e+00	2.452247e+00	2.169203e+00	1.917040e+00	1.653321e+00	1.600569e+00
1.567730e+00	1.562469e+00	1.552212e+00	1.550223e+00	1.552493e+00	1.570253e+00
1.162642e+01	1.106933e+01	1.055605e+01	1.011636e+01	9.724283e+00	8.986153e+00
8.321977e+00	7.720050e+00	7.174011e+00	6.677421e+00	6.224666e+00	5.811301e+00
5.433026e+00	5.084880e+00	4.760555e+00	4.453763e+00	4.158344e+00	3.863579e+00
3.553935e+00	3.203777e+00	2.775892e+00	2.515328e+00	2.206087e+00	1.918601e+00
1.624381e+00	1.564009e+00	1.529909e+00	1.524558e+00	1.512426e+00	1.510027e+00
1.512765e+00	1.532242e+00	1.156678e+01	1.101904e+01	1.051711e+01	1.009173e+01
9.714502e+00	8.999871e+00	8.354749e+00	7.768517e+00	7.235605e+00	6.750120e+00
6.307028e+00	5.902136e+00	5.531321e+00	5.189770e+00	4.871249e+00	4.569437e+00
4.277993e+00	3.985728e+00	3.675834e+00	3.319571e+00	2.873541e+00	2.595232e+00
2.257666e+00	1.938988e+00	1.605679e+00	1.535482e+00	1.498618e+00	1.493166e+00
1.479442e+00	1.476689e+00	1.480253e+00	1.498560e+00	1.150751e+01	1.096894e+01
1.047819e+01	1.006733e+01	9.705139e+00	9.014085e+00	8.388737e+00	7.819185e+00
7.300521e+00	6.827297e+00	6.394914e+00	5.999461e+00	5.637016e+00	5.302921e+00
4.991067e+00	4.695104e+00	4.408569e+00	4.119844e+00	3.810869e+00	3.449661e+00
2.986291e+00	2.690323e+00	2.324092e+00	1.972897e+00	1.598347e+00	1.514420e+00
1.470474e+00	1.465166e+00	1.452161e+00	1.449598e+00	1.454463e+00	1.469679e+00
1.144968e+01	1.092027e+01	1.044072e+01	1.004426e+01	9.696773e+00	9.029186e+00
8.423773e+00	7.871298e+00	7.367416e+00	6.907108e+00	6.486150e+00	6.100884e+00
5.747586e+00	5.421726e+00	5.117285e+00	4.827910e+00	4.547059e+00	4.262797e+00
3.955945e+00	3.591419e+00	3.112467e+00	2.799242e+00	2.403654e+00	2.017843e+00
1.597479e+00	1.500740e+00	1.447399e+00	1.441836e+00	1.429164e+00	1.426673e+00
1.432107e+00	1.444503e+00	1.139452e+01	1.087442e+01	1.040622e+01	1.002383e+01
9.690820e+00	9.045864e+00	8.460149e+00	7.924773e+00	7.435866e+00	6.988889e+00
6.579982e+00	6.205685e+00	5.862428e+00	5.545720e+00	5.249512e+00	4.967434e+00
4.692916e+00	4.413878e+00	4.110410e+00	3.745203e+00	3.254896e+00	2.926229e+00
2.501322e+00	2.077975e+00	1.605578e+00	1.493779e+00	1.430310e+00	1.423790e+00
1.410390e+00	1.407740e+00	1.412800e+00	1.423210e+00	1.134364e+01	1.083409e+01
1.037760e+01	1.000884e+01	9.690805e+00	9.066055e+00	8.498829e+00	7.979331e+00
7.504417e+00	7.070268e+00	6.673665e+00	6.311249e+00	5.979303e+00	5.673087e+00
5.385977e+00	5.111207e+00	4.842218e+00	4.566942e+00	4.265991e+00	3.903902e+00
3.412733e+00	3.073539e+00	2.618930e+00	2.152288e+00	1.619873e+00	1.496148e+00
1.420082e+00	1.411026e+00	1.394575e+00	1.391501e+00	1.395205e+00	1.405309e+00
1.129653e+01	1.079750e+01	1.035235e+01	9.996448e+00	9.690798e+00	9.088019e+00
8.538364e+00	8.034127e+00	7.572806e+00	7.151331e+00	6.767182e+00	6.417077e+00
6.097082e+00	5.802130e+00	5.524860e+00	5.257979e+00	4.994926e+00	4.723671e+00
4.425768e+00	4.069097e+00	3.582435e+00	3.235787e+00	2.752523e+00	2.240124e+00
1.641902e+00	1.502015e+00	1.412105e+00	1.400371e+00	1.380704e+00	1.377182e+00
1.379429e+00	1.389419e+00	1.125645e+01	1.076650e+01	1.033139e+01	9.987038e+00
9.691628e+00	9.109618e+00	8.576785e+00	8.087466e+00	7.639603e+00	7.230677e+00
6.858620e+00	6.520308e+00	6.211798e+00	5.927926e+00	5.661034e+00	5.403539e+00
5.148816e+00	4.884640e+00	4.592656e+00	4.241773e+00	3.757090e+00	3.403393e+00
2.896793e+00	2.343868e+00	1.673437e+00	1.511823e+00	1.404994e+00	1.390768e+00
1.369260e+00	1.365463e+00	1.367307e+00	1.375602e+00	1.122295e+01	1.074078e+01
1.031442e+01	9.980121e+00	9.695654e+00	9.131094e+00	8.614004e+00	8.138982e+00
7.704195e+00	7.307490e+00	6.947037e+00	6.619932e+00	6.322403e+00	6.049393e+00
5.793338e+00	5.546618e+00	5.302563e+00	5.048630e+00	4.765810e+00	4.421691e+00
3.937396e+00	3.577866e+00	3.055076e+00	2.470464e+00	1.724876e+00	1.532923e+00
1.399159e+00	1.382391e+00	1.360064e+00	1.356142e+00	1.357956e+00	1.363897e+00
1.119410e+01	1.071866e+01	1.030001e+01	9.975184e+00	9.699936e+00	9.151656e+00
8.649085e+00	8.187367e+00	7.764847e+00	7.379625e+00	7.030099e+00	6.713565e+00
6.426495e+00	6.164035e+00	5.918842e+00	5.683492e+00	5.451557e+00	5.210673e+00
4.941157e+00	4.607423e+00	4.124713e+00	3.759113e+00	3.220249e+00	2.606248e+00
1.789065e+00	1.563163e+00	1.395694e+00	1.373721e+00	1.353127e+00	1.349604e+00
1.349036e+00	1.354252e+00	1.116854e+01	1.069913e+01	1.028745e+01	9.971255e+00
9.705037e+00	9.171662e+00	8.682714e+00	8.233610e+00	7.822819e+00	7.448619e+00
7.109607e+00	6.803279e+00	6.526399e+00	6.274397e+00	6.040266e+00	5.816926e+00
5.598347e+00	5.372565e+00	5.119207e+00	4.798453e+00	4.318750e+00	3.947793e+00
3.394662e+00	2.754375e+00	1.867872e+00	1.604614e+00	1.393122e+00	1.365549e+00
1.347347e+00	1.344347e+00	1.340700e+00	1.345834e+00	1.115079e+01	1.068630e+01
1.028052e+01	9.970494e+00	9.711296e+00	9.191195e+00	8.714227e+00	8.276421e+00
7.876373e+00	7.512482e+00	7.183478e+00	6.887097e+00	6.620449e+00	6.379358e+00
6.157295e+00	5.947399e+00	5.743210e+00	5.531599e+00	5.291025e+00	4.981569e+00
4.511041e+00	4.142669e+00	3.586355e+00	2.923302e+00	1.951722e+00	1.648868e+00
1.393433e+00	1.363575e+00	1.341658e+00	1.338661e+00	1.333878e+00	1.338451e+00
1.113964e+01	1.067872e+01	1.027715e+01	9.972992e+00	9.719827e+00	9.210131e+00
8.743177e+00	8.315147e+00	7.924683e+00	7.570226e+00	7.250560e+00	6.963713e+00
6.707213e+00	6.477430e+00	6.268534e+00	6.073744e+00	5.885029e+00	5.685780e+00
5.452684e+00	5.151427e+00	4.697532e+00	4.343059e+00	3.801938e+00	3.123643e+00
2.040944e+00	1.696639e+00	1.403554e+00	1.365630e+00	1.335938e+00	1.332258e+00
1.328576e+00	1.332126e+00	1.112894e+01	1.067218e+01	1.027522e+01	9.976488e+00
9.728899e+00	9.228820e+00	8.770854e+00	8.351503e+00	7.969525e+00	7.623537e+00
7.312468e+00	7.034581e+00	6.787670e+00	6.568448e+00	6.371474e+00	6.190198e+00
6.016307e+00	5.832164e+00	5.613519e+00	5.326677e+00	4.889151e+00	4.544990e+00
4.014425e+00	3.326187e+00	2.150823e+00	1.756784e+00	1.413527e+00	1.367387e+00
1.332001e+00	1.327213e+00	1.323926e+00	1.326870e+00	1.111744e+01	1.066529e+01
1.027330e+01	9.979419e+00	9.736738e+00	9.245373e+00	8.795389e+00	8.383704e+00
8.009239e+00	7.670844e+00	7.367646e+00	7.098115e+00	6.860192e+00	6.650820e+00
6.464759e+00	6.295796e+00	6.136214e+00	5.969116e+00	5.770227e+00	5.503087e+00
5.082511e+00	4.746402e+00	4.223635e+00	3.531138e+00	2.283241e+00	1.831440e+00
1.424079e+00	1.369289e+00	1.329095e+00	1.322991e+00	1.319711e+00	1.322197e+00
1.110504e+01	1.065799e+01	1.027005e+01	9.980453e+00	9.742042e+00	9.258298e+00
8.815300e+00	8.410363e+00	8.042596e+00	7.711059e+00	7.415076e+00	7.153334e+00
6.923890e+00	6.723931e+00	6.548439e+00	6.391514e+00	6.246029e+00	6.095801e+00
5.916714e+00	5.670605e+00	5.271047e+00	4.946501e+00	4.436384e+00	3.744613e+00
2.427815e+00	1.917316e+00	1.438738e+00	1.373253e+00	1.326462e+00	1.319443e+00
1.315580e+00	1.317626e+00	1.109946e+01	1.065849e+01	1.027488e+01	9.989587e+00
9.755263e+00	9.278573e+00	8.841211e+00	8.441322e+00	8.078541e+00	7.752476e+00
7.462932e+00	7.208661e+00	6.987719e+00	6.797153e+00	6.631759e+00	6.485558e+00
6.351948e+00	6.215625e+00	6.054146e+00	5.831603e+00	5.463120e+00	5.155485e+00
4.657570e+00	3.961453e+00	2.582833e+00	2.022661e+00	1.460721e+00	1.379534e+00
1.324437e+00	1.318967e+00	1.310916e+00	1.314696e+00	1.109991e+01	1.066094e+01
1.028112e+01	9.997516e+00	9.764002e+00	9.290467e+00	8.857609e+00	8.463230e+00
8.106585e+00	7.787039e+00	7.504208e+00	7.256898e+00	7.043245e+00	6.860267e+00
6.702698e+00	6.565124e+00	6.442969e+00	6.324540e+00	6.188846e+00	5.993337e+00
5.647731e+00	5.353155e+00	4.874668e+00	4.188485e+00	2.752821e+00	2.138084e+00
1.485582e+00	1.388173e+00	1.323748e+00	1.317739e+00	1.308371e+00	1.311824e+00
1.110863e+01	1.066812e+01	1.028657e+01	1.000186e+01	9.767860e+00	9.295469e+00
8.865950e+00	8.476735e+00	8.126514e+00	7.813868e+00	7.537509e+00	7.296197e+00
7.088243e+00	6.910889e+00	6.759108e+00	6.628594e+00	6.517716e+00	6.420520e+00
6.317807e+00	6.151716e+00	5.818744e+00	5.532511e+00	5.081226e+00	4.424246e+00
2.941116e+00	2.262710e+00	1.513350e+00	1.401013e+00	1.323664e+00	1.314690e+00
1.307295e+00	1.308954e+00	1.110364e+01	1.066664e+01	1.028934e+01	1.000752e+01
9.775550e+00	9.307355e+00	8.882162e+00	8.497273e+00	8.151121e+00	7.842204e+00
7.569348e+00	7.331705e+00	7.128142e+00	6.956669e+00	6.813349e+00	6.694500e+00
6.597763e+00	6.515115e+00	6.426540e+00	6.281370e+00	5.982011e+00	5.716257e+00
5.289269e+00	4.653751e+00	3.144401e+00	2.401627e+00	1.549339e+00	1.419589e+00
1.324760e+00	1.314882e+00	1.303896e+00	1.307285e+00	1.109323e+01	1.066352e+01
1.029146e+01	1.001349e+01	9.784708e+00	9.322183e+00	8.901067e+00	8.519285e+00
8.175662e+00	7.869054e+00	7.598677e+00	7.364018e+00	7.164447e+00	6.998770e+00
6.864288e+00	6.757896e+00	6.675552e+00	6.605024e+00	6.525764e+00	6.399646e+00
6.140186e+00	5.899747e+00	5.496877e+00	4.882187e+00	3.361477e+00	2.554375e+00
1.591655e+00	1.442425e+00	1.327254e+00	1.315334e+00	1.300137e+00	1.305944e+00
1.108311e+01	1.066034e+01	1.029352e+01	1.001858e+01	9.791574e+00	9.332762e+00
8.914468e+00	8.535003e+00	8.193515e+00	7.889263e+00	7.621847e+00	7.390889e+00
7.195877e+00	7.035802e+00	6.908269e+00	6.810435e+00	6.738505e+00	6.680486e+00
6.616826e+00	6.513258e+00	6.289858e+00	6.073216e+00	5.694499e+00	5.103730e+00
3.586958e+00	2.724608e+00	1.638961e+00	1.466221e+00	1.330402e+00	1.315936e+00
1.299943e+00	1.304577e+00	1.107162e+01	1.065660e+01	1.029549e+01	1.002307e+01
9.796947e+00	9.340631e+00	8.924294e+00	8.546526e+00	8.206757e+00	7.904640e+00
7.640166e+00	7.413025e+00	7.222630e+00	7.067762e+00	6.945708e+00	6.853738e+00
6.789381e+00	6.743165e+00	6.697926e+00	6.618692e+00	6.428711e+00	6.234811e+00
5.879804e+00	5.314905e+00	3.819502e+00	2.914878e+00	1.694453e+00	1.493033e+00
1.335310e+00	1.317049e+00	1.301289e+00	1.303294e+00	1.105855e+01	1.065302e+01
1.029908e+01	1.002930e+01	9.803141e+00	9.348549e+00	8.933696e+00	8.557618e+00
8.219760e+00	7.919856e+00	7.657996e+00	7.433951e+00	7.247218e+00	7.096631e+00
6.979488e+00	6.893236e+00	6.836013e+00	6.799340e+00	6.768098e+00	6.711644e+00
6.557666e+00	6.386240e+00	6.054846e+00	5.516008e+00	4.055067e+00	3.114937e+00
1.759485e+00	1.528339e+00	1.341604e+00	1.320217e+00	1.300560e+00	1.302419e+00
1.104377e+01	1.064930e+01	1.030353e+01	1.003609e+01	9.809272e+00	9.355963e+00
8.942359e+00	8.567915e+00	8.231998e+00	7.934298e+00	7.674865e+00	7.453540e+00
7.269965e+00	7.123118e+00	7.010431e+00	6.929564e+00	6.879014e+00	6.850742e+00
6.831566e+00	6.796889e+00	6.679343e+00	6.530209e+00	6.223262e+00	5.712129e+00
4.295797e+00	3.325534e+00	1.834494e+00	1.572471e+00	1.349414e+00	1.325239e+00
1.298636e+00	1.301715e+00	1.102565e+01	1.064337e+01	1.030447e+01	1.003804e+01
9.810830e+00	9.359026e+00	8.947245e+00	8.574545e+00	8.240470e+00	7.944869e+00
7.687867e+00	7.469210e+00	7.288387e+00	7.144424e+00	7.035163e+00	6.958809e+00
6.914488e+00	6.895135e+00	6.888848e+00	6.872803e+00	6.782375e+00	6.654141e+00
6.383002e+00	5.915935e+00	4.534721e+00	3.526606e+00	1.921963e+00	1.626711e+00
1.357799e+00	1.326228e+00	1.298245e+00	1.300869e+00	1.100101e+01	1.063141e+01
1.030154e+01	1.003807e+01	9.809980e+00	9.359766e+00	8.949429e+00	8.578179e+00
8.245618e+00	7.951821e+00	7.697078e+00	7.480916e+00	7.302401e+00	7.160489e+00
7.053644e+00	6.980870e+00	6.942160e+00	6.932028e+00	6.939394e+00	6.938327e+00
6.864634e+00	6.754985e+00	6.531512e+00	6.130798e+00	4.766275e+00	3.708523e+00
2.029892e+00	1.700254e+00	1.366939e+00	1.321558e+00	1.300779e+00	1.299759e+00
1.097941e+01	1.062227e+01	1.030126e+01	1.003922e+01	9.810644e+00	9.361749e+00
8.952751e+00	8.582768e+00	8.251556e+00	7.959302e+00	7.706371e+00	7.492230e+00
7.315754e+00	7.175924e+00	7.071506e+00	7.001927e+00	6.967802e+00	6.964697e+00
6.982794e+00	6.996868e+00	6.945098e+00	6.853945e+00	6.665664e+00	6.316209e+00
5.003261e+00	3.916701e+00	2.142919e+00	1.775033e+00	1.379915e+00	1.322593e+00
1.303820e+00	1.299046e+00	1.096096e+01	1.061558e+01	1.030249e+01	1.004298e+01
9.813597e+00	9.365562e+00	8.957263e+00	8.588198e+00	8.258087e+00	7.967036e+00
7.715377e+00	7.502670e+00	7.327954e+00	7.190323e+00	7.088562e+00	7.022101e+00
6.991749e+00	6.993289e+00	7.018230e+00	7.046298e+00	7.024403e+00	6.955034e+00
6.787716e+00	6.459080e+00	5.231232e+00	4.169362e+00	2.262665e+00	1.846905e+00
1.398153e+00	1.332580e+00	1.304976e+00	1.298785e+00	1.094512e+01	1.061022e+01
1.030441e+01	1.004679e+01	9.816817e+00	9.369453e+00	8.961671e+00	8.593360e+00
8.264168e+00	7.974047e+00	7.723220e+00	7.511416e+00	7.338173e+00	7.202764e+00
7.103906e+00	7.040771e+00	7.013814e+00	7.018058e+00	7.046034e+00	7.085187e+00
7.099498e+00	7.058606e+00	6.902329e+00	6.560506e+00	5.429453e+00	4.474743e+00
2.396610e+00	1.915615e+00	1.420577e+00	1.354436e+00	1.299451e+00	1.298814e+00
1.093307e+01	1.060656e+01	1.030664e+01	1.005071e+01	9.820013e+00	9.373426e+00
8.966171e+00	8.598500e+00	8.270076e+00	7.980828e+00	7.730933e+00	7.520143e+00
7.348102e+00	7.214195e+00	7.117151e+00	7.056289e+00	7.032297e+00	7.040663e+00
7.074740e+00	7.123854e+00	7.157111e+00	7.133630e+00	7.006206e+00	6.699783e+00
5.635084e+00	4.711833e+00	2.556979e+00	2.017551e+00	1.444620e+00	1.364528e+00
1.301443e+00	1.298591e+00	1.092076e+01	1.060180e+01	1.030696e+01	1.005178e+01
9.820782e+00	9.374571e+00	8.968019e+00	8.601141e+00	8.273552e+00	7.985167e+00
7.736136e+00	7.526285e+00	7.355329e+00	7.222754e+00	7.127295e+00	7.068404e+00
7.047024e+00	7.059187e+00	7.099025e+00	7.156970e+00	7.205659e+00	7.197202e+00
7.099342e+00	6.834745e+00	5.833769e+00	4.939763e+00	2.733406e+00	2.133849e+00
1.471771e+00	1.375146e+00	1.304127e+00	1.298149e+00	1.090821e+01	1.059575e+01
1.030517e+01	1.005137e+01	9.819962e+00	9.374439e+00	8.968460e+00	8.602204e+00
8.275312e+00	7.987642e+00	7.739297e+00	7.530205e+00	7.360166e+00	7.228761e+00
7.134711e+00	7.077535e+00	7.058353e+00	7.073607e+00	7.118088e+00	7.183560e+00
7.246074e+00	7.251062e+00	7.179912e+00	6.952558e+00	6.018530e+00	5.164799e+00
2.924271e+00	2.261449e+00	1.504068e+00	1.389006e+00	1.307071e+00	1.297555e+00
1.090116e+01	1.059448e+01	1.030740e+01	1.005430e+01	9.822495e+00	9.377245e+00
8.971855e+00	8.606258e+00	8.279984e+00	7.992793e+00	7.744906e+00	7.536338e+00
7.366990e+00	7.236527e+00	7.143649e+00	7.087900e+00	7.070570e+00	7.088430e+00
7.136863e+00	7.208810e+00	7.283046e+00	7.299534e+00	7.252696e+00	7.061133e+00
6.194322e+00	5.384524e+00	3.130169e+00	2.403964e+00	1.542859e+00	1.406873e+00
1.311477e+00	1.297622e+00	1.089525e+01	1.059358e+01	1.031077e+01	1.005876e+01
9.826340e+00	9.381504e+00	8.976309e+00	8.610961e+00	8.284998e+00	7.998128e+00
7.750579e+00	7.542423e+00	7.373648e+00	7.243989e+00	7.152134e+00	7.097642e+00
7.081959e+00	7.102136e+00	7.154098e+00	7.231905e+00	7.316659e+00	7.343459e+00
7.319197e+00	7.162297e+00	6.364079e+00	5.601515e+00	3.349977e+00	2.559948e+00
1.587151e+00	1.428093e+00	1.316937e+00	1.297725e+00	1.088714e+01	1.059075e+01
1.031064e+01	1.005910e+01	9.826433e+00	9.381823e+00	8.976796e+00	8.611618e+00
8.285933e+00	7.999594e+00	7.752579e+00	7.544987e+00	7.376858e+00	7.247974e+00
7.157052e+00	7.103710e+00	7.089515e+00	7.111742e+00	7.166776e+00	7.249810e+00
7.343814e+00	7.379388e+00	7.374701e+00	7.249989e+00	6.522756e+00	5.809775e+00
3.578819e+00	2.728035e+00	1.637176e+00	1.452682e+00	1.322824e+00	1.297619e+00
1.087743e+01	1.058507e+01	1.030830e+01	1.005771e+01	9.824574e+00	9.380474e+00
8.975955e+00	8.611267e+00	8.286011e+00	7.999989e+00	7.753339e+00	7.546170e+00
7.378542e+00	7.250260e+00	7.160076e+00	7.107666e+00	7.094700e+00	7.118626e+00
7.176212e+00	7.263707e+00	7.365586e+00	7.408428e+00	7.420232e+00	7.324511e+00
6.668434e+00	6.006158e+00	3.815534e+00	2.910001e+00	1.695862e+00	1.482912e+00
1.329658e+00	1.297202e+00	1.087171e+01	1.058303e+01	1.030862e+01	1.005829e+01
9.825035e+00	9.381028e+00	8.976619e+00	8.612029e+00	8.286980e+00	8.001375e+00
7.755130e+00	7.548385e+00	7.381219e+00	7.253466e+00	7.163909e+00	7.112300e+00
7.100393e+00	7.125768e+00	7.185528e+00	7.276889e+00	7.385574e+00	7.434453e+00
7.459644e+00	7.389388e+00	6.804075e+00	6.192236e+00	4.057443e+00	3.102866e+00
1.763552e+00	1.519403e+00	1.338126e+00	1.297152e+00	1.086742e+01	1.058183e+01
1.030971e+01	1.005997e+01	9.826393e+00	9.382605e+00	8.978447e+00	8.614076e+00
8.289211e+00	8.003719e+00	7.757698e+00	7.551246e+00	7.384419e+00	7.257071e+00
7.168014e+00	7.117079e+00	7.106088e+00	7.132722e+00	7.194393e+00	7.289207e+00
7.404001e+00	7.458170e+00	7.494923e+00	7.447893e+00	6.932773e+00	6.371596e+00
4.306346e+00	3.307686e+00	1.840455e+00	1.562341e+00	1.348144e+00	1.297138e+00
1.086306e+01	1.058036e+01	1.031004e+01	1.006079e+01	9.826841e+00	9.383330e+00
8.979443e+00	8.615291e+00	8.290610e+00	8.005261e+00	7.759450e+00	7.553258e+00
7.386736e+00	7.259734e+00	7.171147e+00	7.120938e+00	7.110766e+00	7.138435e+00
7.201484e+00	7.299109e+00	7.419424e+00	7.478543e+00	7.524863e+00	7.497973e+00
7.051452e+00	6.540022e+00	4.556269e+00	3.521620e+00	1.926681e+00	1.611331e+00
1.359377e+00	1.297100e+00	1.085825e+01	1.057837e+01	1.030992e+01	1.006097e+01
9.826845e+00	9.383476e+00	8.979812e+00	8.615779e+00	8.291211e+00	8.005998e+00
7.760357e+00	7.554366e+00	7.388092e+00	7.261375e+00	7.173277e+00	7.124130e+00
7.114729e+00	7.143108e+00	7.206456e+00	7.306066e+00	7.431405e+00	7.495415e+00
7.549480e+00	7.539193e+00	7.157748e+00	6.694194e+00	4.802912e+00	3.743439e+00
2.026302e+00	1.669904e+00	1.372582e+00	1.296978e+00	1.086512e+01	1.058399e+01
1.031404e+01	1.006372e+01	9.828205e+00	9.383808e+00	8.979951e+00	8.616307e+00
8.292415e+00	8.007997e+00	7.763071e+00	7.557665e+00	7.391761e+00	7.264971e+00
7.175806e+00	7.124110e+00	7.113499e+00	7.144895e+00	7.217956e+00	7.323979e+00
7.447093e+00	7.509996e+00	7.568573e+00	7.575283e+00	7.259313e+00	6.837360e+00
5.042945e+00	3.973945e+00	2.141647e+00	1.737918e+00	1.387374e+00	1.297152e+00
1.087728e+01	1.059356e+01	1.032142e+01	1.006862e+01	9.831081e+00	9.384452e+00
8.980105e+00	8.616979e+00	8.294061e+00	8.010758e+00	7.766796e+00	7.562074e+00
7.396486e+00	7.269346e+00	7.178392e+00	7.123488e+00	7.110762e+00	7.146132e+00
7.231427e+00	7.345207e+00	7.462342e+00	7.522492e+00	7.584794e+00	7.607045e+00
7.350314e+00	6.968421e+00	5.275050e+00	4.209446e+00	2.274017e+00	1.817949e+00
1.404358e+00	1.297545e+00	1.087434e+01	1.059288e+01	1.032181e+01	1.006935e+01
9.831714e+00	9.385404e+00	8.981225e+00	8.618111e+00	8.295165e+00	8.011827e+00
7.767834e+00	7.563185e+00	7.397712e+00	7.270793e+00	7.180359e+00	7.126298e+00
7.114156e+00	7.149875e+00	7.234656e+00	7.349380e+00	7.469673e+00	7.533533e+00
7.601922e+00	7.635043e+00	7.422818e+00	7.085818e+00	5.499504e+00	4.442978e+00
2.419269e+00	1.911879e+00	1.424404e+00	1.297605e+00	1.085793e+01	1.058272e+01
1.031692e+01	1.006762e+01	9.831825e+00	9.387448e+00	8.983760e+00	8.620322e+00
8.296615e+00	8.012418e+00	7.767803e+00	7.562692e+00	7.397198e+00	7.270987e+00
7.182627e+00	7.132358e+00	7.123262e+00	7.155961e+00	7.230073e+00	7.339169e+00
7.472568e+00	7.545797e+00	7.619068e+00	7.656792e+00	7.487248e+00	7.187899e+00
5.711503e+00	4.676060e+00	2.578464e+00	2.021159e+00	1.447676e+00	1.297464e+00
1.085062e+01	1.057839e+01	1.031492e+01	1.006706e+01	9.832179e+00	9.389393e+00
8.985937e+00	8.622257e+00	8.298063e+00	8.013239e+00	7.767983e+00	7.562685e+00
7.397199e+00	7.271491e+00	7.184795e+00	7.136672e+00	7.129246e+00	7.160613e+00
7.228457e+00	7.335178e+00	7.476304e+00	7.555658e+00	7.633858e+00	7.677355e+00
7.541518e+00	7.278120e+00	5.911706e+00	4.907774e+00	2.751873e+00	2.143505e+00
1.474163e+00	1.297422e+00	1.085023e+01	1.057919e+01	1.031675e+01	1.006912e+01
9.834013e+00	9.390879e+00	8.987306e+00	8.623583e+00	8.299422e+00	8.014742e+00
7.769833e+00	7.564734e+00	7.399417e+00	7.273721e+00	7.186765e+00	7.138649e+00
7.131446e+00	7.163282e+00	7.232639e+00	7.340746e+00	7.482841e+00	7.562663e+00
7.645797e+00	7.697615e+00	7.585425e+00	7.356464e+00	6.097530e+00	5.135402e+00
2.941273e+00	2.280684e+00	1.504825e+00	1.297625e+00	