1.896581e-01	1.967604e-01	2.039355e-01	2.111629e-01	2.184173e-01	2.329216e-01
2.473644e-01	2.617027e-01	2.759883e-01	2.903415e-01	3.052242e-01	3.208191e-01
3.375574e-01	3.561964e-01	3.781178e-01	4.042168e-01	4.328041e-01	4.580504e-01
4.728044e-01	4.755249e-01	4.764664e-01	4.855220e-01	5.021438e-01	5.197776e-01
5.256375e-01	5.231661e-01	5.226511e-01	5.236030e-01	5.256232e-01	5.260437e-01
5.263674e-01	5.236605e-01	2.143731e-01	2.221324e-01	2.299649e-01	2.378502e-01
2.457621e-01	2.615782e-01	2.773264e-01	2.929627e-01	3.085421e-01	3.241902e-01
3.403887e-01	3.573253e-01	3.754445e-01	3.955290e-01	4.190071e-01	4.467846e-01
4.770696e-01	5.038051e-01	5.196137e-01	5.229214e-01	5.242935e-01	5.337987e-01
5.510783e-01	5.693389e-01	5.755400e-01	5.730758e-01	5.726131e-01	5.735871e-01
5.756313e-01	5.760547e-01	5.763882e-01	5.736532e-01	2.423088e-01	2.507761e-01
2.593166e-01	2.679102e-01	2.765304e-01	2.937603e-01	3.109174e-01	3.279566e-01
3.449356e-01	3.619851e-01	3.796044e-01	3.979856e-01	4.175839e-01	4.392049e-01
4.643181e-01	4.938352e-01	5.258624e-01	5.541303e-01	5.710573e-01	5.750419e-01
5.769214e-01	5.868757e-01	6.047815e-01	6.236259e-01	6.301802e-01	6.277469e-01
6.273511e-01	6.283427e-01	6.303971e-01	6.308202e-01	6.311626e-01	6.284186e-01
2.738850e-01	2.831133e-01	2.924147e-01	3.017693e-01	3.111508e-01	3.299019e-01
3.485772e-01	3.671305e-01	3.856220e-01	4.041862e-01	4.233381e-01	4.432727e-01
4.644531e-01	4.877037e-01	5.145289e-01	5.458406e-01	5.796456e-01	6.094825e-01
6.275939e-01	6.323574e-01	6.348320e-01	6.452303e-01	6.637182e-01	6.830893e-01
6.900078e-01	6.876337e-01	6.873216e-01	6.883255e-01	6.903734e-01	6.907923e-01
6.911421e-01	6.884123e-01	3.095759e-01	3.196204e-01	3.297372e-01	3.399076e-01
3.501054e-01	3.704901e-01	3.907985e-01	4.109836e-01	4.311074e-01	4.513072e-01
4.721104e-01	4.937130e-01	5.165828e-01	5.415580e-01	5.701696e-01	6.033227e-01
6.389295e-01	6.703639e-01	6.897279e-01	6.953856e-01	6.985557e-01	7.093872e-01
7.283983e-01	7.482226e-01	7.555153e-01	7.532335e-01	7.530250e-01	7.540342e-01
7.560559e-01	7.564659e-01	7.568215e-01	7.541335e-01	3.499179e-01	3.608349e-01
3.718234e-01	3.828659e-01	3.939370e-01	4.160718e-01	4.381338e-01	4.600750e-01
4.819579e-01	5.039217e-01	5.265016e-01	5.498929e-01	5.745634e-01	6.013590e-01
6.318271e-01	6.668582e-01	7.042767e-01	7.373267e-01	7.580134e-01	7.646960e-01
7.686758e-01	7.799233e-01	7.993815e-01	8.195664e-01	8.272418e-01	8.250916e-01
8.250092e-01	8.260157e-01	8.279874e-01	8.283832e-01	8.287424e-01	8.261290e-01
3.955170e-01	4.073641e-01	4.192813e-01	4.312534e-01	4.432561e-01	4.672615e-01
4.912026e-01	5.150302e-01	5.388065e-01	5.626701e-01	5.871591e-01	6.124656e-01
6.390518e-01	6.677635e-01	7.001523e-01	7.370846e-01	7.763074e-01	8.109784e-01
8.330594e-01	8.409147e-01	8.458346e-01	8.574731e-01	8.772822e-01	8.977129e-01
9.057778e-01	9.038049e-01	9.038746e-01	9.048686e-01	9.067626e-01	9.071376e-01
9.074980e-01	9.049977e-01	4.470583e-01	4.598931e-01	4.727965e-01	4.857562e-01
4.987497e-01	5.247490e-01	5.506994e-01	5.765497e-01	6.023606e-01	6.282676e-01
6.548049e-01	6.821584e-01	7.107782e-01	7.415007e-01	7.758660e-01	8.147065e-01
8.557052e-01	8.919872e-01	9.155352e-01	9.247302e-01	9.307384e-01	9.427339e-01
9.627743e-01	9.833108e-01	9.917699e-01	9.900274e-01	9.902789e-01	9.912490e-01
9.930324e-01	9.933792e-01	9.937378e-01	9.913958e-01	5.053161e-01	5.191957e-01
5.331422e-01	5.471472e-01	5.611909e-01	5.893094e-01	6.174026e-01	6.454176e-01
6.734110e-01	7.015125e-01	7.302442e-01	7.597817e-01	7.905551e-01	8.233802e-01
8.597674e-01	9.005027e-01	9.432234e-01	9.810881e-01	1.006176e+00	1.016900e+00
1.024165e+00	1.036472e+00	1.056598e+00	1.077070e+00	1.085926e+00	1.084475e+00
1.084943e+00	1.085875e+00	1.087510e+00	1.087820e+00	1.088173e+00	1.086042e+00
5.711657e-01	5.861453e-01	6.011901e-01	6.162970e-01	6.314494e-01	6.618126e-01
6.921853e-01	7.225117e-01	7.528421e-01	7.832966e-01	8.143746e-01	8.462377e-01
8.792861e-01	9.143012e-01	9.527417e-01	9.953340e-01	1.039693e+00	1.079089e+00
1.105791e+00	1.118256e+00	1.126969e+00	1.139531e+00	1.159564e+00	1.179770e+00
1.189021e+00	1.187934e+00	1.188656e+00	1.189535e+00	1.190976e+00	1.191239e+00
1.191582e+00	1.189724e+00	6.455963e-01	6.617279e-01	6.779234e-01	6.941860e-01
7.105040e-01	7.432360e-01	7.760260e-01	8.088146e-01	8.416424e-01	8.746152e-01
9.081976e-01	9.425317e-01	9.779762e-01	1.015262e+00	1.055770e+00	1.100152e+00
1.146028e+00	1.186880e+00	1.215269e+00	1.229715e+00	1.240093e+00	1.252838e+00
1.272565e+00	1.292263e+00	1.301903e+00	1.301262e+00	1.302284e+00	1.303090e+00
1.304286e+00	1.304490e+00	1.304819e+00	1.303305e+00	7.297264e-01	7.470568e-01
7.644505e-01	7.819189e-01	7.994559e-01	8.346770e-01	8.700219e-01	9.054262e-01
9.409170e-01	9.765799e-01	1.012830e+00	1.049783e+00	1.087743e+00	1.127371e+00
1.169940e+00	1.216008e+00	1.263240e+00	1.305437e+00	1.335584e+00	1.352283e+00
1.364572e+00	1.377411e+00	1.396578e+00	1.415481e+00	1.425502e+00	1.425402e+00
1.426774e+00	1.427485e+00	1.428377e+00	1.428508e+00	1.428816e+00	1.427728e+00
8.248197e-01	8.433887e-01	8.620216e-01	8.807396e-01	8.995441e-01	9.373680e-01
9.754030e-01	1.013578e+00	1.051901e+00	1.090432e+00	1.129517e+00	1.169238e+00
1.209830e+00	1.251860e+00	1.296456e+00	1.344065e+00	1.392439e+00	1.435838e+00
1.467812e+00	1.487067e+00	1.501546e+00	1.514370e+00	1.532676e+00	1.550449e+00
1.560835e+00	1.561384e+00	1.563164e+00	1.563756e+00	1.564273e+00	1.564316e+00
1.564597e+00	1.564030e+00	9.323049e-01	9.521425e-01	9.720463e-01	9.920495e-01
1.012163e+00	1.052693e+00	1.093548e+00	1.134648e+00	1.175977e+00	1.217557e+00
1.259647e+00	1.302287e+00	1.345620e+00	1.390096e+00	1.436654e+00	1.485608e+00
1.534852e+00	1.579264e+00	1.613130e+00	1.635286e+00	1.652269e+00	1.664948e+00
1.682038e+00	1.698286e+00	1.709017e+00	1.710340e+00	1.712592e+00	1.713035e+00
1.713099e+00	1.713036e+00	1.713281e+00	1.713345e+00	1.053797e+00	1.074920e+00
1.096114e+00	1.117427e+00	1.138881e+00	1.182207e+00	1.226004e+00	1.270180e+00
1.314687e+00	1.359503e+00	1.404769e+00	1.450475e+00	1.496651e+00	1.543596e+00
1.592012e+00	1.642056e+00	1.691831e+00	1.737017e+00	1.772836e+00	1.798278e+00
1.818122e+00	1.830498e+00	1.845954e+00	1.860219e+00	1.871266e+00	1.873505e+00
1.876304e+00	1.876564e+00	1.876084e+00	1.875894e+00	1.876094e+00	1.876914e+00
1.191761e+00	1.214084e+00	1.236492e+00	1.259057e+00	1.281815e+00	1.327932e+00
1.374758e+00	1.422187e+00	1.470130e+00	1.518504e+00	1.567285e+00	1.616396e+00
1.665703e+00	1.715287e+00	1.765489e+00	1.816238e+00	1.865975e+00	1.911569e+00
1.949583e+00	1.979214e+00	2.002703e+00	2.014425e+00	2.027345e+00	2.038660e+00
2.050067e+00	2.053591e+00	2.057126e+00	2.057117e+00	2.055858e+00	2.055489e+00
2.055617e+00	2.057516e+00	1.347260e+00	1.370807e+00	1.394457e+00	1.418303e+00
1.442399e+00	1.491392e+00	1.541352e+00	1.592152e+00	1.643649e+00	1.695688e+00
1.748054e+00	1.800589e+00	1.852981e+00	1.905068e+00	1.956802e+00	2.007881e+00
2.057150e+00	2.102825e+00	2.142964e+00	2.176990e+00	2.204351e+00	2.215294e+00
2.225357e+00	2.233365e+00	2.245034e+00	2.249903e+00	2.254206e+00	2.253911e+00
2.251834e+00	2.251275e+00	2.251329e+00	2.254361e+00	1.519620e+00	1.544845e+00
1.570158e+00	1.595652e+00	1.621394e+00	1.673727e+00	1.727047e+00	1.781194e+00
1.835966e+00	1.891122e+00	1.946323e+00	2.001337e+00	2.055782e+00	2.109380e+00
2.161993e+00	2.213299e+00	2.262374e+00	2.308122e+00	2.349391e+00	2.385757e+00
2.415391e+00	2.426249e+00	2.435147e+00	2.441552e+00	2.452930e+00	2.458182e+00
2.462811e+00	2.462448e+00	2.460117e+00	2.459497e+00	2.459561e+00	2.462940e+00
1.709562e+00	1.737077e+00	1.764622e+00	1.792251e+00	1.820041e+00	1.876283e+00
1.933183e+00	1.990531e+00	2.048071e+00	2.105487e+00	2.162434e+00	2.218625e+00
2.273759e+00	2.327599e+00	2.380280e+00	2.431691e+00	2.480917e+00	2.526730e+00
2.567903e+00	2.604145e+00	2.634159e+00	2.645692e+00	2.655399e+00	2.662281e+00
2.672804e+00	2.677327e+00	2.681698e+00	2.681519e+00	2.679636e+00	2.679118e+00
2.679273e+00	2.682028e+00	1.916982e+00	1.947210e+00	1.977360e+00	2.007404e+00
2.037444e+00	2.097778e+00	2.158125e+00	2.218221e+00	2.277787e+00	2.336514e+00
2.394130e+00	2.450361e+00	2.505008e+00	2.557980e+00	2.609775e+00	2.660587e+00
2.709443e+00	2.754805e+00	2.795188e+00	2.830606e+00	2.860343e+00	2.872222e+00
2.882838e+00	2.890731e+00	2.900875e+00	2.904635e+00	2.908048e+00	2.908058e+00
2.907091e+00	2.906806e+00	2.906927e+00	2.908485e+00	2.144234e+00	2.177688e+00
2.210898e+00	2.243706e+00	2.276250e+00	2.340921e+00	2.404588e+00	2.466933e+00
2.527697e+00	2.586685e+00	2.643811e+00	2.698881e+00	2.751837e+00	2.802821e+00
2.852787e+00	2.902318e+00	2.950302e+00	2.994682e+00	3.033513e+00	3.067246e+00
3.096003e+00	3.108086e+00	3.119893e+00	3.129386e+00	3.139401e+00	3.142244e+00
3.144108e+00	3.144342e+00	3.144728e+00	3.144792e+00	3.144799e+00	3.144610e+00
2.389239e+00	2.426879e+00	2.463990e+00	2.500198e+00	2.535672e+00	2.604979e+00
2.671527e+00	2.735015e+00	2.795379e+00	2.852848e+00	2.907954e+00	2.960691e+00
3.011104e+00	3.059449e+00	3.106848e+00	3.154030e+00	3.199824e+00	3.241946e+00
3.278332e+00	3.309937e+00	3.337724e+00	3.350086e+00	3.362903e+00	3.373592e+00
3.383492e+00	3.385662e+00	3.385806e+00	3.386247e+00	3.388117e+00	3.388537e+00
3.388459e+00	3.386318e+00	2.649567e+00	2.692778e+00	2.735015e+00	2.775554e+00
2.814574e+00	2.888937e+00	2.957688e+00	3.020688e+00	3.078370e+00	3.131879e+00
3.183008e+00	3.232063e+00	3.279110e+00	3.324290e+00	3.368419e+00	3.411993e+00
3.453919e+00	3.492181e+00	3.525120e+00	3.554239e+00	3.581271e+00	3.594061e+00
3.607583e+00	3.618799e+00	3.628640e+00	3.630555e+00	3.628839e+00	3.629451e+00
3.632908e+00	3.633673e+00	3.633564e+00	3.629274e+00	2.927170e+00	2.976320e+00
3.023977e+00	3.068991e+00	3.111576e+00	3.190653e+00	3.260788e+00	3.322061e+00
3.375494e+00	3.423351e+00	3.468855e+00	3.512689e+00	3.554935e+00	3.595632e+00
3.635297e+00	3.674174e+00	3.711258e+00	3.744756e+00	3.773361e+00	3.799180e+00
3.824810e+00	3.837818e+00	3.851885e+00	3.863562e+00	3.873204e+00	3.874832e+00
3.871399e+00	3.872168e+00	3.877058e+00	3.878165e+00	3.877937e+00	3.871899e+00
3.220814e+00	3.276024e+00	3.329151e+00	3.378559e+00	3.424518e+00	3.507632e+00
3.578080e+00	3.636236e+00	3.683787e+00	3.724259e+00	3.762439e+00	3.799423e+00
3.835321e+00	3.870099e+00	3.904013e+00	3.937078e+00	3.968371e+00	3.996252e+00
4.019689e+00	4.041411e+00	4.064916e+00	4.077834e+00	4.092160e+00	4.104116e+00
4.113374e+00	4.114687e+00	4.109854e+00	4.110746e+00	4.116762e+00	4.118150e+00
4.117784e+00	4.110492e+00	3.528857e+00	3.589799e+00	3.648004e+00	3.701337e+00
3.750118e+00	3.836058e+00	3.905406e+00	3.958911e+00	3.998979e+00	4.030431e+00
4.059676e+00	4.088220e+00	4.116214e+00	4.143603e+00	4.170418e+00	4.196520e+00
4.221069e+00	4.242526e+00	4.260114e+00	4.277087e+00	4.297742e+00	4.310106e+00
4.324104e+00	4.335801e+00	4.344426e+00	4.345463e+00	4.339837e+00	4.340775e+00
4.347349e+00	4.348850e+00	4.348485e+00	4.340456e+00	3.849630e+00	3.915416e+00
3.977814e+00	4.034177e+00	4.084901e+00	4.171922e+00	4.238525e+00	4.285815e+00
4.316959e+00	4.338009e+00	4.356887e+00	4.375518e+00	4.394092e+00	4.412600e+00
4.430941e+00	4.448948e+00	4.465857e+00	4.480229e+00	4.491474e+00	4.503207e+00
4.520307e+00	4.531562e+00	4.544400e+00	4.555024e+00	4.562753e+00	4.563598e+00
4.558011e+00	4.558899e+00	4.565238e+00	4.566688e+00	4.566434e+00	4.558251e+00
4.183356e+00	4.252784e+00	4.318174e+00	4.376382e+00	4.427892e+00	4.513829e+00
4.575752e+00	4.615149e+00	4.635921e+00	4.645255e+00	4.652421e+00	4.659733e+00
4.667424e+00	4.675622e+00	4.684184e+00	4.693007e+00	4.701436e+00	4.708097e+00
4.712532e+00	4.718562e+00	4.731336e+00	4.740846e+00	4.751554e+00	4.760167e+00
4.766654e+00	4.767385e+00	4.762741e+00	4.763470e+00	4.768723e+00	4.769932e+00
4.769698e+00	4.762802e+00	4.524503e+00	4.595639e+00	4.662135e+00	4.720401e+00
4.771018e+00	4.852914e+00	4.907760e+00	4.937429e+00	4.946458e+00	4.942968e+00
4.937289e+00	4.932059e+00	4.927579e+00	4.924199e+00	4.921849e+00	4.920570e+00
4.919850e+00	4.918330e+00	4.915610e+00	4.915530e+00	4.923139e+00	4.930169e+00
4.937629e+00	4.943158e+00	4.947998e+00	4.948698e+00	4.945998e+00	4.946448e+00
4.949668e+00	4.950418e+00	4.950118e+00	4.946178e+00	4.872863e+00	4.942326e+00
5.006891e+00	5.062781e+00	5.110629e+00	5.186017e+00	5.232365e+00	5.250916e+00
5.246592e+00	5.228466e+00	5.208047e+00	5.188441e+00	5.170516e+00	5.154884e+00
5.141276e+00	5.129538e+00	5.119270e+00	5.109209e+00	5.098923e+00	5.091794e+00
5.093098e+00	5.097446e+00	5.100795e+00	5.101911e+00	5.104778e+00	5.105543e+00
5.105574e+00	5.105646e+00	5.106026e+00	5.106163e+00	5.106017e+00	5.105756e+00
5.231766e+00	5.298397e+00	5.359738e+00	5.411714e+00	5.455074e+00	5.520337e+00
5.554790e+00	5.559721e+00	5.540486e+00	5.506857e+00	5.471124e+00	5.436615e+00
5.404563e+00	5.375692e+00	5.349823e+00	5.326824e+00	5.306392e+00	5.287285e+00
5.268984e+00	5.254562e+00	5.249015e+00	5.249825e+00	5.248278e+00	5.244617e+00
5.245138e+00	5.245926e+00	5.249088e+00	5.248734e+00	5.245875e+00	5.245271e+00
5.245405e+00	5.249224e+00	5.592476e+00	5.660538e+00	5.721259e+00	5.769010e+00
5.805136e+00	5.850547e+00	5.862084e+00	5.846902e+00	5.811273e+00	5.764201e+00
5.716537e+00	5.670282e+00	5.625038e+00	5.580901e+00	5.539831e+00	5.503489e+00
5.471656e+00	5.442619e+00	5.415737e+00	5.395236e+00	5.382976e+00	5.377098e+00
5.368998e+00	5.361436e+00	5.358730e+00	5.359250e+00	5.366005e+00	5.365185e+00
5.358702e+00	5.357056e+00	5.357744e+00	5.366023e+00	5.950282e+00	6.022458e+00
6.083879e+00	6.126339e+00	6.152250e+00	6.168989e+00	6.148786e+00	6.108601e+00
6.055368e+00	5.996085e+00	5.938686e+00	5.882868e+00	5.825245e+00	5.764802e+00
5.707027e+00	5.656407e+00	5.612701e+00	5.573387e+00	5.537648e+00	5.511631e+00
5.492626e+00	5.478530e+00	5.463202e+00	5.452185e+00	5.445850e+00	5.445933e+00
5.456215e+00	5.454934e+00	5.444886e+00	5.442132e+00	5.443456e+00	5.456055e+00
6.316395e+00	6.379795e+00	6.431412e+00	6.462614e+00	6.476318e+00	6.467760e+00
6.422329e+00	6.358582e+00	6.284007e+00	6.205834e+00	6.131962e+00	6.061632e+00
5.990177e+00	5.915886e+00	5.845033e+00	5.782454e+00	5.727754e+00	5.677895e+00
5.631978e+00	5.597677e+00	5.570414e+00	5.548231e+00	5.524390e+00	5.507026e+00
5.495626e+00	5.494934e+00	5.507904e+00	5.506135e+00	5.492804e+00	5.489161e+00
5.490826e+00	5.507287e+00	6.691556e+00	6.738028e+00	6.773432e+00	6.789583e+00
6.789400e+00	6.755967e+00	6.687464e+00	6.600033e+00	6.501741e+00	6.401312e+00
6.307992e+00	6.221244e+00	6.135582e+00	6.048569e+00	5.966179e+00	5.892694e+00
5.827529e+00	5.767302e+00	5.711136e+00	5.668139e+00	5.632796e+00	5.603303e+00
5.571580e+00	5.548109e+00	5.532091e+00	5.530680e+00	5.545822e+00	5.543631e+00
5.527537e+00	5.523170e+00	5.525080e+00	5.544768e+00	7.067120e+00	7.096056e+00
7.114223e+00	7.113601e+00	7.097257e+00	7.033596e+00	6.936785e+00	6.822092e+00
6.698055e+00	6.574211e+00	6.460348e+00	6.355958e+00	6.255091e+00	6.154653e+00
6.060019e+00	5.974705e+00	5.897942e+00	5.825488e+00	5.756273e+00	5.699026e+00
5.648382e+00	5.616576e+00	5.582328e+00	5.556849e+00	5.539205e+00	5.537490e+00
5.553032e+00	5.550727e+00	5.533975e+00	5.529437e+00	5.531379e+00	5.551822e+00
7.436149e+00	7.447669e+00	7.448062e+00	7.429118e+00	7.394305e+00	7.294835e+00
7.164565e+00	7.019715e+00	6.868967e+00	6.721762e+00	6.587547e+00	6.465657e+00
6.349940e+00	6.236680e+00	6.130554e+00	6.034407e+00	5.947614e+00	5.863460e+00
5.781341e+00	5.710724e+00	5.647081e+00	5.609952e+00	5.570287e+00	5.540378e+00
5.517948e+00	5.514900e+00	5.528577e+00	5.526243e+00	5.510196e+00	5.505842e+00
5.507460e+00	5.526955e+00	7.800249e+00	7.794844e+00	7.777391e+00	7.739077e+00
7.683979e+00	7.543948e+00	7.375390e+00	7.197256e+00	7.018150e+00	6.846585e+00
6.690962e+00	6.550255e+00	6.418448e+00	6.291459e+00	6.172710e+00	6.061730e+00
5.959453e+00	5.866380e+00	5.778781e+00	5.701721e+00	5.630268e+00	5.586305e+00
5.540875e+00	5.506574e+00	5.478894e+00	5.474181e+00	5.484107e+00	5.481914e+00
5.468138e+00	5.464416e+00	5.465673e+00	5.482410e+00	8.156831e+00	8.135703e+00
8.100910e+00	8.042533e+00	7.965525e+00	7.780403e+00	7.568995e+00	7.354874e+00
7.146258e+00	6.949829e+00	6.772278e+00	6.612163e+00	6.463240e+00	6.320766e+00
6.188073e+00	6.069097e+00	5.959607e+00	5.854491e+00	5.753139e+00	5.659966e+00
5.572532e+00	5.526007e+00	5.478924e+00	5.442950e+00	5.411019e+00	5.404417e+00
5.407314e+00	5.405622e+00	5.397110e+00	5.394867e+00	5.395681e+00	5.405980e+00
8.504314e+00	8.469300e+00	8.418262e+00	8.339532e+00	8.239222e+00	8.004646e+00
7.745773e+00	7.492862e+00	7.253469e+00	7.031495e+00	6.831114e+00	6.650162e+00
6.484157e+00	6.328967e+00	6.184194e+00	6.050041e+00	5.926665e+00	5.810676e+00
5.699138e+00	5.592125e+00	5.490342e+00	5.441666e+00	5.393996e+00	5.357197e+00
5.320901e+00	5.312110e+00	5.305680e+00	5.304695e+00	5.303430e+00	5.303186e+00
5.303180e+00	5.303864e+00	8.827651e+00	8.787614e+00	8.729033e+00	8.635374e+00
8.513214e+00	8.223405e+00	7.906471e+00	7.608111e+00	7.334974e+00	7.086702e+00
6.863817e+00	6.661656e+00	6.476379e+00	6.307069e+00	6.148813e+00	6.001442e+00
5.865853e+00	5.738559e+00	5.615665e+00	5.493654e+00	5.377687e+00	5.327982e+00
5.280327e+00	5.242436e+00	5.201556e+00	5.190902e+00	5.174962e+00	5.174663e+00
5.180782e+00	5.182624e+00	5.181552e+00	5.172675e+00	9.203766e+00	9.114506e+00
9.007166e+00	8.871150e+00	8.714846e+00	8.377736e+00	8.031883e+00	7.708506e+00
7.411773e+00	7.137529e+00	6.887399e+00	6.662742e+00	6.458249e+00	6.266215e+00
6.088521e+00	5.925877e+00	5.776739e+00	5.638732e+00	5.507849e+00	5.376131e+00
5.245998e+00	5.189972e+00	5.139490e+00	5.102177e+00	5.058363e+00	5.044350e+00
5.020708e+00	5.021179e+00	5.033402e+00	5.036884e+00	5.035137e+00	5.018285e+00
9.643868e+00	9.443581e+00	9.243334e+00	9.043757e+00	8.847712e+00	8.473884e+00
8.120561e+00	7.787103e+00	7.473060e+00	7.178051e+00	6.902126e+00	6.646336e+00
6.409781e+00	6.191310e+00	5.990213e+00	5.807270e+00	5.642511e+00	5.495777e+00
5.363886e+00	5.232115e+00	5.087781e+00	5.016134e+00	4.957161e+00	4.922823e+00
4.878882e+00	4.859208e+00	4.832231e+00	4.833472e+00	4.848505e+00	4.852526e+00
4.850986e+00	4.830231e+00	9.956403e+00	9.714807e+00	9.474973e+00	9.240468e+00
9.014632e+00	8.593628e+00	8.204350e+00	7.825681e+00	7.469685e+00	7.157612e+00
6.865719e+00	6.587752e+00	6.325810e+00	6.087037e+00	5.868221e+00	5.668958e+00
5.489720e+00	5.330200e+00	5.187364e+00	5.045222e+00	4.888088e+00	4.808652e+00
4.743344e+00	4.705677e+00	4.657897e+00	4.637059e+00	4.611591e+00	4.612622e+00
4.625708e+00	4.629212e+00	4.627826e+00	4.609467e+00	1.022719e+01	9.959808e+00
9.694921e+00	9.435105e+00	9.183254e+00	8.709361e+00	8.271439e+00	7.850724e+00
7.460594e+00	7.110890e+00	6.786660e+00	6.487160e+00	6.211464e+00	5.958915e+00
5.726539e+00	5.513309e+00	5.320149e+00	5.145849e+00	4.987252e+00	4.830223e+00
4.662663e+00	4.579767e+00	4.508828e+00	4.464036e+00	4.410812e+00	4.391652e+00
4.371007e+00	4.371202e+00	4.379108e+00	4.381304e+00	4.380217e+00	4.368540e+00
1.047678e+01	1.017676e+01	9.880403e+00	9.591012e+00	9.311129e+00	8.785168e+00
8.289857e+00	7.846938e+00	7.435871e+00	7.049829e+00	6.698113e+00	6.377451e+00
6.084859e+00	5.816861e+00	5.569450e+00	5.340573e+00	5.131472e+00	4.940909e+00
4.766270e+00	4.596218e+00	4.421525e+00	4.335860e+00	4.257973e+00	4.203504e+00
4.145225e+00	4.129439e+00	4.114907e+00	4.113830e+00	4.114956e+00	4.115358e+00
4.115029e+00	4.112211e+00	1.069857e+01	1.036349e+01	1.003372e+01	9.714072e+00
9.406704e+00	8.832467e+00	8.295021e+00	7.809449e+00	7.362969e+00	6.953363e+00
6.580750e+00	6.242028e+00	5.933374e+00	5.650475e+00	5.387928e+00	5.142533e+00
4.915685e+00	4.706888e+00	4.514631e+00	4.332210e+00	4.154134e+00	4.067365e+00
3.981538e+00	3.914311e+00	3.851079e+00	3.840616e+00	3.833741e+00	3.830924e+00
3.823458e+00	3.821540e+00	3.822393e+00	3.830892e+00	1.089966e+01	1.052605e+01
1.015998e+01	9.808020e+00	9.471649e+00	8.835993e+00	8.279964e+00	7.754660e+00
7.276881e+00	6.842658e+00	6.449220e+00	6.092559e+00	5.768081e+00	5.470839e+00
5.194645e+00	4.935503e+00	4.694249e+00	4.470292e+00	4.261934e+00	4.065969e+00
3.880295e+00	3.790901e+00	3.700042e+00	3.626630e+00	3.559828e+00	3.549544e+00
3.544847e+00	3.541673e+00	3.531703e+00	3.529113e+00	3.530244e+00	3.541976e+00
1.108743e+01	1.067368e+01	1.027056e+01	9.886602e+00	9.522642e+00	8.836899e+00
8.232483e+00	7.675905e+00	7.172484e+00	6.716800e+00	6.304566e+00	5.931386e+00
5.592250e+00	5.281817e+00	4.993532e+00	4.722836e+00	4.469579e+00	4.232739e+00
4.009884e+00	3.800544e+00	3.605597e+00	3.513037e+00	3.419263e+00	3.343766e+00
3.274480e+00	3.261607e+00	3.255636e+00	3.252925e+00	3.244201e+00	3.241932e+00
3.242824e+00	3.252815e+00	1.127186e+01	1.081393e+01	1.037007e+01	9.951287e+00
9.556553e+00	8.833829e+00	8.178197e+00	7.590490e+00	7.063312e+00	6.588871e+00
6.160670e+00	5.773531e+00	5.421908e+00	5.099865e+00	4.800172e+00	4.517763e+00
4.252257e+00	4.003129e+00	3.768378e+00	3.548094e+00	3.344266e+00	3.248413e+00
3.152701e+00	3.076746e+00	3.005439e+00	2.990099e+00	2.980803e+00	2.978601e+00
2.972826e+00	2.971354e+00	2.971841e+00	2.977856e+00	1.145206e+01	1.094528e+01
1.045718e+01	1.000207e+01	9.577115e+00	8.800587e+00	8.108234e+00	7.492494e+00
6.945205e+00	6.456099e+00	6.015787e+00	5.617964e+00	5.256482e+00	4.924593e+00
4.613983e+00	4.319138e+00	4.040435e+00	3.779118e+00	3.535109e+00	3.306233e+00
3.093400e+00	2.993856e+00	2.897267e+00	2.822790e+00	2.749841e+00	2.731964e+00
2.716566e+00	2.714974e+00	2.714461e+00	2.714425e+00	2.714274e+00	2.713269e+00
1.161901e+01	1.106645e+01	1.053722e+01	1.004916e+01	9.597239e+00	8.772735e+00
8.047712e+00	7.407261e+00	6.841703e+00	6.338428e+00	5.885511e+00	5.475792e+00
5.103020e+00	4.760295e+00	4.439133e+00	4.133967e+00	3.845219e+00	3.574360e+00
3.322148e+00	3.085564e+00	2.865042e+00	2.762103e+00	2.663593e+00	2.588719e+00
2.514128e+00	2.495149e+00	2.477037e+00	2.475680e+00	2.477389e+00	2.477969e+00
2.477554e+00	2.473545e+00	1.177178e+01	1.117791e+01	1.061193e+01	1.009499e+01
9.619499e+00	8.756272e+00	8.000411e+00	7.338099e+00	6.755817e+00	6.238719e+00
5.772865e+00	5.350525e+00	4.965640e+00	4.611574e+00	4.280235e+00	3.966262e+00
3.669664e+00	3.391285e+00	3.131918e+00	2.888638e+00	2.661360e+00	2.555011e+00
2.453411e+00	2.376395e+00	2.300150e+00	2.281057e+00	2.263192e+00	2.261758e+00
2.263044e+00	2.263538e+00	2.263153e+00	2.259574e+00	1.191124e+01	1.128187e+01
1.068499e+01	1.014438e+01	9.649923e+00	8.751674e+00	7.973608e+00	7.292103e+00
6.693807e+00	6.162956e+00	5.684371e+00	5.249944e+00	4.853432e+00	4.488405e+00
4.147299e+00	3.825080e+00	3.521362e+00	3.236496e+00	2.970902e+00	2.721904e+00
2.488039e+00	2.377762e+00	2.271963e+00	2.191646e+00	2.113591e+00	2.094503e+00
2.078442e+00	2.076746e+00	2.076204e+00	2.076263e+00	2.076019e+00	2.074628e+00
1.204047e+01	1.138054e+01	1.075791e+01	1.019946e+01	9.691782e+00	8.770098e+00
7.976488e+00	7.277446e+00	6.661098e+00	6.113664e+00	5.620781e+00	5.176487e+00
4.769033e+00	4.392503e+00	4.041786e+00	3.712994e+00	3.404575e+00	3.114700e+00
2.842420e+00	2.587035e+00	2.346411e+00	2.231885e+00	2.121581e+00	2.037750e+00
1.957235e+00	1.938067e+00	1.923330e+00	1.921242e+00	1.919202e+00	1.918867e+00
1.918799e+00	1.919304e+00	1.216142e+01	1.147779e+01	1.083507e+01	1.026279e+01
9.744857e+00	8.803450e+00	7.987405e+00	7.278011e+00	6.655267e+00	6.101737e+00
5.602564e+00	5.145139e+00	4.725710e+00	4.337775e+00	3.977054e+00	3.640123e+00
3.324782e+00	3.028062e+00	2.748766e+00	2.485745e+00	2.236580e+00	2.117115e+00
2.001790e+00	1.913980e+00	1.829830e+00	1.809906e+00	1.795084e+00	1.792761e+00
1.790132e+00	1.789654e+00	1.789642e+00	1.790876e+00	1.227247e+01	1.157355e+01
1.091825e+01	1.033779e+01	9.813825e+00	8.859414e+00	8.033171e+00	7.312392e+00
6.677676e+00	6.112322e+00	5.601871e+00	5.137158e+00	4.710248e+00	4.314947e+00
3.947203e+00	3.603674e+00	3.282008e+00	2.979074e+00	2.692219e+00	2.419853e+00
2.159685e+00	2.034089e+00	1.912514e+00	1.819578e+00	1.730143e+00	1.708680e+00
1.692360e+00	1.689959e+00	1.687538e+00	1.687137e+00	1.687067e+00	1.687968e+00
1.237628e+01	1.166686e+01	1.100309e+01	1.041754e+01	9.889859e+00	8.925919e+00
8.091883e+00	7.363578e+00	6.721370e+00	6.147749e+00	5.628264e+00	5.159869e+00
4.729896e+00	4.331951e+00	3.960984e+00	3.613219e+00	3.286884e+00	2.979774e+00
2.681587e+00	2.393634e+00	2.113843e+00	1.976638e+00	1.848224e+00	1.748456e+00
1.651411e+00	1.627543e+00	1.608727e+00	1.606318e+00	1.604301e+00	1.604014e+00
1.603848e+00	1.604068e+00	1.247372e+01	1.175656e+01	1.108702e+01	1.049889e+01
9.969743e+00	9.000568e+00	8.163078e+00	7.431075e+00	6.785575e+00	6.208862e+00
5.686319e+00	5.210909e+00	4.774936e+00	4.371629e+00	3.993871e+00	3.636835e+00
3.299693e+00	2.981812e+00	2.675745e+00	2.377550e+00	2.083101e+00	1.936643e+00
1.798924e+00	1.690409e+00	1.584475e+00	1.557985e+00	1.536531e+00	1.534071e+00
1.532347e+00	1.532151e+00	1.531897e+00	1.531540e+00	1.255970e+01	1.183674e+01
1.116360e+01	1.057518e+01	1.004695e+01	9.077014e+00	8.239116e+00	7.505068e+00
6.857003e+00	6.277525e+00	5.752225e+00	5.273007e+00	4.833478e+00	4.426415e+00
4.042990e+00	3.677285e+00	3.328929e+00	2.998174e+00	2.686388e+00	2.383296e+00
2.081924e+00	1.931326e+00	1.771420e+00	1.646176e+00	1.528097e+00	1.498645e+00
1.474529e+00	1.471744e+00	1.469751e+00	1.469539e+00	1.469235e+00	1.469009e+00
1.263356e+01	1.190660e+01	1.123189e+01	1.064557e+01	1.012095e+01	9.156280e+00
8.323216e+00	7.591243e+00	6.943977e+00	6.365148e+00	5.841176e+00	5.363610e+00
4.925258e+00	4.518056e+00	4.132392e+00	3.761983e+00	3.406959e+00	3.068348e+00
2.744206e+00	2.424178e+00	2.098857e+00	1.932627e+00	1.756233e+00	1.614049e+00
1.481402e+00	1.448770e+00	1.422225e+00	1.418957e+00	1.416194e+00	1.415856e+00
1.415568e+00	1.416014e+00	1.269432e+01	1.196294e+01	1.128671e+01	1.070373e+01
1.018500e+01	9.231333e+00	8.407728e+00	7.682931e+00	7.040968e+00	6.465879e+00
5.944260e+00	5.467870e+00	5.029646e+00	4.621605e+00	4.234135e+00	3.860664e+00
3.500611e+00	3.153997e+00	2.817675e+00	2.480630e+00	2.130640e+00	1.946176e+00
1.759694e+00	1.597924e+00	1.440594e+00	1.404578e+00	1.377591e+00	1.373909e+00
1.369174e+00	1.368353e+00	1.368422e+00	1.370399e+00	1.274705e+01	1.201150e+01
1.133408e+01	1.075509e+01	1.024341e+01	9.304311e+00	8.493670e+00	7.780234e+00
7.147693e+00	6.579687e+00	6.062301e+00	5.587757e+00	5.149717e+00	4.741019e+00
4.352926e+00	3.978948e+00	3.616958e+00	3.264309e+00	2.915924e+00	2.560968e+00
2.185963e+00	1.985404e+00	1.773527e+00	1.586741e+00	1.404177e+00	1.364692e+00
1.338107e+00	1.334050e+00	1.326870e+00	1.325417e+00	1.325993e+00	1.329820e+00
1.278383e+01	1.204741e+01	1.137207e+01	1.080004e+01	1.029780e+01	9.376396e+00
8.580432e+00	7.879738e+00	7.257897e+00	6.698327e+00	6.186755e+00	5.715736e+00
5.279475e+00	4.871366e+00	4.483259e+00	4.108714e+00	3.744558e+00	3.386286e+00
3.027003e+00	2.654592e+00	2.252664e+00	2.033257e+00	1.793197e+00	1.584698e+00
1.373710e+00	1.329459e+00	1.303228e+00	1.298849e+00	1.288965e+00	1.286791e+00
1.288065e+00	1.293501e+00	1.280922e+01	1.207337e+01	1.140170e+01	1.083839e+01
1.034759e+01	9.447281e+00	8.668105e+00	7.981951e+00	7.372543e+00	6.823334e+00
6.319960e+00	5.855122e+00	5.423263e+00	5.017847e+00	4.630726e+00	4.255397e+00
3.888616e+00	3.525722e+00	3.158625e+00	2.771494e+00	2.342121e+00	2.101024e+00
1.831323e+00	1.592243e+00	1.348774e+00	1.298911e+00	1.273069e+00	1.268418e+00
1.255585e+00	1.252599e+00	1.254772e+00	1.261615e+00	1.281691e+01	1.208617e+01
1.142173e+01	1.086993e+01	1.039271e+01	9.515721e+00	8.754959e+00	8.084554e+00
7.488551e+00	6.950558e+00	6.456201e+00	5.998398e+00	5.571820e+00	5.170121e+00
4.785222e+00	4.410569e+00	4.042754e+00	3.676743e+00	3.303062e+00	2.901986e+00
2.444930e+00	2.181230e+00	1.879504e+00	1.606933e+00	1.330078e+00	1.272736e+00
1.245994e+00	1.241134e+00	1.225766e+00	1.222093e+00	1.224930e+00	1.232435e+00
1.281786e+01	1.209003e+01	1.143353e+01	1.089542e+01	1.043350e+01	9.581470e+00
8.840589e+00	8.186964e+00	7.605174e+00	7.079099e+00	6.594487e+00	6.144536e+00
5.724160e+00	5.327303e+00	4.946052e+00	4.573816e+00	4.206905e+00	3.839654e+00
3.460995e+00	3.047253e+00	2.563036e+00	2.276316e+00	1.940857e+00	1.634242e+00
1.317756e+00	1.250963e+00	1.221865e+00	1.216801e+00	1.199283e+00	1.195035e+00
1.198401e+00	1.205854e+00	1.280511e+01	1.208488e+01	1.143815e+01	1.091543e+01
1.047050e+01	9.644284e+00	8.924324e+00	8.288076e+00	7.720931e+00	7.207188e+00
6.732908e+00	6.291599e+00	5.878453e+00	5.487664e+00	5.111547e+00	4.743477e+00
4.379388e+00	4.012873e+00	3.631118e+00	3.206406e+00	2.696040e+00	2.386104e+00
2.015887e+00	1.672466e+00	1.312365e+00	1.234540e+00	1.200169e+00	1.194794e+00
1.175968e+00	1.171371e+00	1.175105e+00	1.181759e+00	1.278154e+01	1.206991e+01
1.143470e+01	1.092935e+01	1.050251e+01	9.702865e+00	9.004600e+00	8.386235e+00
7.834097e+00	7.333085e+00	6.869707e+00	6.437787e+00	6.032851e+00	5.649359e+00
5.279900e+00	4.917867e+00	4.558740e+00	4.195238e+00	3.812640e+00	3.378887e+00
2.843287e+00	2.509789e+00	2.103603e+00	1.721698e+00	1.317246e+00	1.224337e+00
1.177998e+00	1.172236e+00	1.156009e+00	1.152025e+00	1.154970e+00	1.159614e+00
1.275196e+01	1.205007e+01	1.142862e+01	1.094053e+01	1.053207e+01	9.759281e+00
9.082847e+00	8.482381e+00	7.945226e+00	7.457038e+00	7.004928e+00	6.583056e+00
6.187233e+00	5.812186e+00	5.450750e+00	5.096316e+00	4.743902e+00	4.385280e+00
4.003806e+00	3.563110e+00	3.004103e+00	2.647377e+00	2.204478e+00	1.781637e+00
1.326695e+00	1.221035e+00	1.159303e+00	1.152658e+00	1.138011e+00	1.134427e+00
1.136557e+00	1.139439e+00	1.271690e+01	1.202660e+01	1.141937e+01	1.094970e+01
1.055951e+01	9.813533e+00	9.158578e+00	8.575523e+00	8.052851e+00	7.577216e+00
7.136570e+00	6.725417e+00	6.339736e+00	5.974459e+00	5.622529e+00	5.277247e+00
4.933184e+00	4.581134e+00	4.202781e+00	3.758306e+00	3.180420e+00	2.802517e+00
2.323512e+00	1.857214e+00	1.345049e+00	1.220625e+00	1.145356e+00	1.137128e+00
1.121933e+00	1.118304e+00	1.119863e+00	1.121583e+00	1.267793e+01	1.200175e+01
1.141018e+01	1.095885e+01	1.058633e+01	9.866692e+00	9.231853e+00	8.664628e+00
8.154953e+00	7.690989e+00	7.262001e+00	6.862714e+00	6.488978e+00	6.135432e+00
5.794523e+00	5.458993e+00	5.122993e+00	4.776515e+00	4.400916e+00	3.957386e+00
3.372335e+00	2.978549e+00	2.463188e+00	1.948231e+00	1.370270e+00	1.226457e+00
1.136635e+00	1.125549e+00	1.107260e+00	1.103205e+00	1.104823e+00	1.106035e+00
1.263813e+01	1.197704e+01	1.140157e+01	1.096807e+01	1.061264e+01	9.918767e+00
9.303288e+00	8.751166e+00	8.253863e+00	7.801211e+00	7.383954e+00	6.997030e+00
6.636109e+00	6.295412e+00	5.966711e+00	5.642026e+00	5.315052e+00	4.974968e+00
4.603199e+00	4.163546e+00	3.577371e+00	3.170961e+00	2.620245e+00	2.054069e+00
1.403258e+00	1.239963e+00	1.129753e+00	1.115569e+00	1.093891e+00	1.089392e+00
1.091134e+00	1.092020e+00	1.260435e+01	1.195690e+01	1.139615e+01	1.097860e+01
1.063877e+01	9.968876e+00	9.371757e+00	8.834222e+00	8.349034e+00	7.907451e+00
7.501498e+00	7.126424e+00	6.777909e+00	6.450077e+00	6.134417e+00	5.822533e+00
5.507545e+00	5.177525e+00	4.813072e+00	4.378369e+00	3.789675e+00	3.371767e+00
2.791242e+00	2.177856e+00	1.446651e+00	1.257698e+00	1.123649e+00	1.106042e+00
1.082752e+00	1.078313e+00	1.079864e+00	1.079923e+00	1.257459e+01	1.193978e+01
1.139244e+01	1.098979e+01	1.066410e+01	1.001650e+01	9.436586e+00	8.912839e+00
8.439163e+00	8.008096e+00	7.612822e+00	7.248987e+00	6.912433e+00	6.597442e+00
6.295553e+00	5.998270e+00	5.698171e+00	5.382139e+00	5.029100e+00	4.600904e+00
4.008481e+00	3.580772e+00	2.978386e+00	2.326198e+00	1.509216e+00	1.286962e+00
1.118774e+00	1.097298e+00	1.073659e+00	1.069536e+00	1.070405e+00	1.069680e+00
1.253147e+01	1.191278e+01	1.138297e+01	1.099586e+01	1.068547e+01	1.006141e+01
9.498698e+00	8.987774e+00	8.524039e+00	8.101775e+00	7.715802e+00	7.362280e+00
7.037226e+00	6.735118e+00	6.447657e+00	6.166502e+00	5.884427e+00	5.588215e+00
5.253948e+00	4.833289e+00	4.227337e+00	3.785411e+00	3.165011e+00	2.485695e+00
1.590888e+00	1.327466e+00	1.117022e+00	1.088700e+00	1.066753e+00	1.062669e+00
1.058200e+00	1.060979e+00	1.248335e+01	1.188164e+01	1.136961e+01	1.100022e+01
1.070471e+01	1.010405e+01	9.558154e+00	9.059408e+00	8.604803e+00	8.190528e+00
7.813199e+00	7.469552e+00	7.155802e+00	6.866672e+00	6.594126e+00	6.330167e+00
6.068205e+00	5.795632e+00	5.485274e+00	5.074023e+00	4.450111e+00	3.992181e+00
3.357221e+00	2.659391e+00	1.692378e+00	1.380700e+00	1.115939e+00	1.080758e+00
1.060951e+00	1.056828e+00	1.045103e+00	1.053241e+00	1.246803e+01	1.187306e+01
1.136624e+01	1.100684e+01	1.072319e+01	1.013947e+01	9.606864e+00	9.119235e+00
8.674328e+00	8.269296e+00	7.901743e+00	7.568793e+00	7.266859e+00	6.990865e+00
6.732937e+00	6.485182e+00	6.241008e+00	5.987371e+00	5.696214e+00	5.302441e+00
4.687105e+00	4.225719e+00	3.577955e+00	2.850278e+00	1.792875e+00	1.436892e+00
1.116861e+00	1.078753e+00	1.054679e+00	1.050830e+00	1.038168e+00	1.046094e+00
1.246695e+01	1.187495e+01	1.137256e+01	1.101863e+01	1.074071e+01	1.016707e+01
9.644098e+00	9.166181e+00	8.731176e+00	8.336431e+00	7.979705e+00	7.658245e+00
7.368573e+00	7.105680e+00	6.861641e+00	6.628314e+00	6.398324e+00	6.157047e+00
5.878548e+00	5.511078e+00	4.942353e+00	4.499709e+00	3.841903e+00	3.062077e+00
1.887520e+00	1.496362e+00	1.129329e+00	1.079893e+00	1.047471e+00	1.044529e+00
1.035199e+00	1.039530e+00	1.246362e+01	1.187508e+01	1.137833e+01	1.103050e+01
1.075857e+01	1.019547e+01	9.682086e+00	9.213342e+00	8.787236e+00	8.401385e+00
8.053797e+00	7.742087e+00	7.463241e+00	7.212827e+00	6.983571e+00	6.767469e+00
6.556066e+00	6.332106e+00	6.068778e+00	5.719910e+00	5.178596e+00	4.752291e+00
4.105521e+00	3.304588e+00	2.010853e+00	1.562932e+00	1.140679e+00	1.082232e+00
1.043938e+00	1.039230e+00	1.033604e+00	1.034376e+00	1.245506e+01	1.187352e+01
1.138279e+01	1.104156e+01	1.077578e+01	1.022303e+01	9.718494e+00	9.257905e+00
8.839573e+00	8.461534e+00	8.122178e+00	7.819413e+00	7.550576e+00	7.311879e+00
7.097131e+00	6.898915e+00	6.708023e+00	6.504851e+00	6.260279e+00	5.927824e+00
5.403942e+00	4.991652e+00	4.366111e+00	3.565284e+00	2.161954e+00	1.642147e+00
1.153615e+00	1.087246e+00	1.041410e+00	1.035076e+00	1.031357e+00	1.030225e+00
1.244397e+01	1.186969e+01	1.138631e+01	1.105126e+01	1.079062e+01	1.024610e+01
9.748542e+00	9.294710e+00	8.883353e+00	8.512982e+00	8.182383e+00	7.889308e+00
7.630745e+00	7.402862e+00	7.200194e+00	7.016075e+00	6.841882e+00	6.658692e+00
6.437901e+00	6.133347e+00	5.640599e+00	5.243349e+00	4.627236e+00	3.811514e+00
2.317456e+00	1.744160e+00	1.177505e+00	1.095781e+00	1.037839e+00	1.032250e+00
1.023570e+00	1.026541e+00	1.245115e+01	1.187928e+01	1.139746e+01	1.106393e+01
1.080517e+01	1.026599e+01	9.774844e+00	9.328391e+00	8.924971e+00	8.562772e+00
8.240273e+00	7.955529e+00	7.705865e+00	7.487505e+00	7.294338e+00	7.120162e+00
6.959782e+00	6.800661e+00	6.616458e+00	6.346051e+00	5.871619e+00	5.483184e+00
4.885619e+00	4.078490e+00	2.502065e+00	1.859397e+00	1.199447e+00	1.103510e+00
1.037556e+00	1.030826e+00	1.023109e+00	1.023428e+00	1.245310e+01	1.188323e+01
1.140452e+01	1.107362e+01	1.081720e+01	1.028356e+01	9.798460e+00	9.358599e+00
8.962056e+00	8.606906e+00	8.291506e+00	8.014184e+00	7.772645e+00	7.563316e+00
7.379865e+00	7.216573e+00	7.070562e+00	6.933696e+00	6.781571e+00	6.543984e+00
6.095113e+00	5.720974e+00	5.145929e+00	4.350916e+00	2.700947e+00	1.988914e+00
1.226071e+00	1.113869e+00	1.037532e+00	1.029610e+00	1.022139e+00	1.020626e+00
1.244234e+01	1.188004e+01	1.140692e+01	1.107988e+01	1.082662e+01	1.029901e+01
9.819436e+00	9.384902e+00	8.993600e+00	8.643870e+00	8.334304e+00	8.063381e+00
7.829102e+00	7.628256e+00	7.455087e+00	7.304473e+00	7.173895e+00	7.055576e+00
6.926048e+00	6.717135e+00	6.305566e+00	5.954267e+00	5.403902e+00	4.619539e+00
2.910605e+00	2.135390e+00	1.261841e+00	1.130284e+00	1.037890e+00	1.028662e+00
1.019193e+00	1.018163e+00	1.242574e+01	1.187325e+01	1.140863e+01	1.108701e+01
1.083789e+01	1.031654e+01	9.840994e+00	9.409955e+00	9.022093e+00	8.676099e+00
8.371024e+00	8.105481e+00	7.877750e+00	7.685120e+00	7.522857e+00	7.386283e+00
7.271703e+00	7.168282e+00	7.053130e+00	6.870458e+00	6.505872e+00	6.180861e+00
5.650966e+00	4.881812e+00	3.145848e+00	2.293984e+00	1.303121e+00	1.152183e+00
1.039623e+00	1.028803e+00	1.016728e+00	1.016165e+00	1.240795e+01	1.186595e+01
1.141021e+01	1.109388e+01	1.084827e+01	1.033250e+01	9.860535e+00	9.432576e+00
9.047763e+00	8.705103e+00	8.404097e+00	8.143482e+00	7.921803e+00	7.736833e+00
7.584832e+00	7.461552e+00	7.362207e+00	7.272973e+00	7.171474e+00	7.014930e+00
6.699338e+00	6.402360e+00	5.894518e+00	5.145061e+00	3.398715e+00	2.467243e+00
1.350419e+00	1.178667e+00	1.042886e+00	1.029164e+00	1.014529e+00	1.014400e+00
1.240070e+01	1.186520e+01	1.141294e+01	1.109877e+01	1.085310e+01	1.034000e+01
9.872039e+00	9.448270e+00	9.067727e+00	8.729433e+00	8.432967e+00	8.177192e+00
7.960851e+00	7.781904e+00	7.636639e+00	7.521299e+00	7.432862e+00	7.360861e+00
7.284431e+00	7.158137e+00	6.879393e+00	6.607617e+00	6.133471e+00	5.411577e+00
3.647867e+00	2.661784e+00	1.406700e+00	1.207971e+00	1.046671e+00	1.029853e+00
1.013064e+00	1.012808e+00	1.239739e+01	1.186654e+01	1.141740e+01	1.110249e+01
1.085559e+01	1.034389e+01	9.879260e+00	9.459503e+00	9.083359e+00	8.749641e+00
8.457698e+00	8.206427e+00	7.994691e+00	7.820442e+00	7.679492e+00	7.568714e+00
7.488196e+00	7.433872e+00	7.388666e+00	7.294958e+00	7.043768e+00	6.794856e+00
6.362700e+00	5.675472e+00	3.893112e+00	2.879746e+00	1.476018e+00	1.242570e+00
1.051965e+00	1.031554e+00	1.012103e+00	1.011444e+00	1.238458e+01	1.186424e+01
1.142282e+01	1.110953e+01	1.086184e+01	1.035204e+01	9.890150e+00	9.473240e+00
9.100033e+00	8.769403e+00	8.480715e+00	8.232996e+00	8.025237e+00	7.855528e+00
7.719762e+00	7.615208e+00	7.543220e+00	7.502191e+00	7.477167e+00	7.410484e+00
7.195746e+00	6.972570e+00	6.575701e+00	5.924263e+00	4.157240e+00	3.105358e+00
1.554640e+00	1.286071e+00	1.059354e+00	1.034126e+00	1.011601e+00	1.010555e+00
1.235838e+01	1.185650e+01	1.142859e+01	1.111875e+01	1.087065e+01	1.036290e+01
9.902733e+00	9.487677e+00	9.116501e+00	8.788169e+00	8.502092e+00	8.257413e+00
8.053237e+00	7.887835e+00	7.757418e+00	7.659597e+00	7.596153e+00	7.566128e+00
7.556468e+00	7.514152e+00	7.339094e+00	7.143058e+00	6.778967e+00	6.165216e+00
4.437100e+00	3.342532e+00	1.643555e+00	1.338474e+00	1.069069e+00	1.037842e+00
1.011248e+00	1.009863e+00	1.232944e+01	1.184683e+01	1.143010e+01	1.112376e+01
1.087415e+01	1.036864e+01	9.910336e+00	9.497203e+00	9.128074e+00	8.801994e+00
8.518389e+00	8.276520e+00	8.075591e+00	7.913994e+00	7.788172e+00	7.696066e+00
7.640000e+00	7.619936e+00	7.624892e+00	7.605726e+00	7.468094e+00	7.298495e+00
6.968136e+00	6.395382e+00	4.719168e+00	3.590672e+00	1.743012e+00	1.397582e+00
1.080261e+00	1.042079e+00	1.011165e+00	1.009093e+00	1.229533e+01	1.183215e+01
1.142893e+01	1.112580e+01	1.087473e+01	1.037063e+01	9.913843e+00	9.502413e+00
9.135186e+00	8.811229e+00	8.529915e+00	8.290579e+00	8.092485e+00	7.934047e+00
7.811794e+00	7.724007e+00	7.673824e+00	7.662763e+00	7.682372e+00	7.685344e+00
7.580723e+00	7.435347e+00	7.138781e+00	6.609884e+00	4.997926e+00	3.847663e+00
1.857034e+00	1.466766e+00	1.094026e+00	1.047232e+00	1.011180e+00	1.008192e+00
1.225125e+01	1.181126e+01	1.142503e+01	1.112718e+01	1.087614e+01	1.037508e+01
9.920097e+00	9.509904e+00	9.143541e+00	8.820383e+00	8.540080e+00	8.302230e+00
8.106352e+00	7.951263e+00	7.834220e+00	7.753619e+00	7.711128e+00	7.704836e+00
7.725429e+00	7.740120e+00	7.677754e+00	7.565012e+00	7.303321e+00	6.811896e+00
5.273016e+00	4.114467e+00	1.984552e+00	1.545378e+00	1.110430e+00	1.053847e+00
1.011380e+00	1.007505e+00	1.220824e+01	1.179100e+01	1.142105e+01	1.112878e+01
1.087870e+01	1.038130e+01	9.927838e+00	9.518356e+00	9.152261e+00	8.829324e+00
8.549538e+00	8.312741e+00	8.118693e+00	7.966663e+00	7.854726e+00	7.781380e+00
7.746354e+00	7.743236e+00	7.761777e+00	7.784968e+00	7.762626e+00	7.683029e+00
7.457346e+00	7.002506e+00	5.540742e+00	4.388809e+00	2.128695e+00	1.635247e+00
1.130266e+00	1.062282e+00	1.012212e+00	1.007012e+00	1.218452e+01	1.178210e+01
1.142230e+01	1.113268e+01	1.088120e+01	1.038476e+01	9.932282e+00	9.523864e+00
9.158965e+00	8.837312e+00	8.558897e+00	8.323627e+00	8.131326e+00	7.981358e+00
7.871808e+00	7.801348e+00	7.770266e+00	7.773194e+00	7.801379e+00	7.838829e+00
7.840420e+00	7.782677e+00	7.593471e+00	7.184573e+00	5.797934e+00	4.666375e+00
2.292829e+00	1.737268e+00	1.153996e+00	1.072308e+00	1.014036e+00	1.006634e+00
1.216222e+01	1.177275e+01	1.142266e+01	1.113489e+01	1.088249e+01	1.038688e+01
9.935262e+00	9.527741e+00	9.163834e+00	8.843285e+00	8.566067e+00	8.332152e+00
8.141385e+00	7.993235e+00	7.885836e+00	7.818098e+00	7.790609e+00	7.798620e+00
7.834368e+00	7.883830e+00	7.907467e+00	7.869932e+00	7.715426e+00	7.352109e+00
6.045494e+00	4.942951e+00	2.476512e+00	1.852399e+00	1.181856e+00	1.084323e+00
1.016442e+00	1.006016e+00	1.214566e+01	1.176788e+01	1.142426e+01	1.113878e+01
1.088530e+01	1.039057e+01	9.939735e+00	9.533009e+00	9.169971e+00	8.850382e+00
8.574218e+00	8.341486e+00	8.152059e+00	8.005476e+00	7.899954e+00	7.834602e+00
7.810301e+00	7.822784e+00	7.865190e+00	7.925344e+00	7.968657e+00	7.949359e+00
7.827769e+00	7.509652e+00	6.286443e+00	5.220469e+00	2.677894e+00	1.980626e+00
1.214109e+00	1.098731e+00	1.019610e+00	1.005902e+00	1.213396e+01	1.176587e+01
1.142938e+01	1.114508e+01	1.089089e+01	1.039650e+01	9.946056e+00	9.539874e+00
9.177461e+00	8.858577e+00	8.583243e+00	8.351447e+00	8.163101e+00	8.017774e+00
7.913806e+00	7.850447e+00	7.828857e+00	7.845107e+00	7.893136e+00	7.962475e+00
8.022734e+00	8.019294e+00	7.927966e+00	7.653541e+00	6.515553e+00	5.493243e+00
2.897084e+00	2.124529e+00	1.252756e+00	1.116988e+00	1.023980e+00	1.006330e+00
1.211755e+01	1.175863e+01	1.142807e+01	1.114496e+01	1.089016e+01	1.039633e+01
9.946498e+00	9.540975e+00	9.179257e+00	8.861123e+00	8.586633e+00	8.355775e+00
8.168435e+00	8.024237e+00	7.921635e+00	7.860033e+00	7.840763e+00	7.860186e+00
7.912887e+00	7.990072e+00	8.064837e+00	8.075082e+00	8.011098e+00	7.778342e+00
6.727575e+00	5.755226e+00	3.130479e+00	2.283506e+00	1.297575e+00	1.138939e+00
1.028710e+00	1.006019e+00	1.210089e+01	1.174996e+01	1.142608e+01	1.114478e+01
1.088904e+01	1.039608e+01	9.946776e+00	9.541717e+00	9.180532e+00	8.863002e+00
8.589215e+00	8.359157e+00	8.172687e+00	8.029474e+00	7.928072e+00	7.868028e+00
7.850816e+00	7.873046e+00	7.929882e+00	8.014110e+00	8.101941e+00	8.124548e+00
8.085851e+00	7.893086e+00	6.931069e+00	6.013419e+00	3.379384e+00	2.457856e+00
1.348327e+00	1.164453e+00	1.033998e+00	1.005548e+00	1.209069e+01	1.174760e+01
1.142718e+01	1.114656e+01	1.089041e+01	1.039767e+01	9.948972e+00	9.544596e+00
9.184006e+00	8.867055e+00	8.593898e+00	8.364533e+00	8.178827e+00	8.036491e+00
7.936168e+00	7.877509e+00	7.862122e+00	7.886821e+00	7.947287e+00	8.037778e+00
8.137154e+00	8.170537e+00	8.154074e+00	7.998256e+00	7.125258e+00	6.265014e+00
3.641679e+00	2.649225e+00	1.406739e+00	1.194788e+00	1.040459e+00	1.005526e+00
1.208402e+01	1.174700e+01	1.143194e+01	1.115253e+01	1.089554e+01	1.040306e+01
9.954551e+00	9.550293e+00	9.189843e+00	8.873082e+00	8.600201e+00	8.371225e+00
8.186049e+00	8.044387e+00	7.944938e+00	7.887406e+00	7.873525e+00	7.900270e+00
7.963777e+00	8.059645e+00	8.168912e+00	8.211416e+00	8.213970e+00	8.091505e+00
7.305989e+00	6.504718e+00	3.915255e+00	2.859458e+00	1.476069e+00	1.232596e+00
1.048661e+00	1.005719e+00	1.207323e+01	1.174333e+01	1.143131e+01	1.115242e+01
1.089514e+01	1.040299e+01	9.954698e+00	9.550548e+00	9.190423e+00	8.874048e+00
8.601578e+00	8.373063e+00	8.188466e+00	8.047513e+00	7.949042e+00	7.893163e+00
7.880751e+00	7.908837e+00	7.973993e+00	8.074044e+00	8.192209e+00	8.243030e+00
8.261847e+00	8.168622e+00	7.467838e+00	6.727093e+00	4.193363e+00	3.080945e+00
1.554799e+00	1.276706e+00	1.057944e+00	1.005616e+00	1.206089e+01	1.173658e+01
1.142914e+01	1.115135e+01	1.089349e+01	1.040199e+01	9.954208e+00	9.550430e+00
9.190560e+00	8.874402e+00	8.602190e+00	8.373989e+00	8.189818e+00	8.049424e+00
7.951785e+00	7.897443e+00	7.886309e+00	7.915439e+00	7.981808e+00	8.085433e+00
8.211563e+00	8.269867e+00	8.303081e+00	8.236509e+00	7.618474e+00	6.939087e+00
4.479145e+00	3.316179e+00	1.643630e+00	1.327636e+00	1.068403e+00	1.005342e+00
1.205873e+01	1.173567e+01	1.142941e+01	1.115161e+01	1.089320e+01	1.040132e+01
9.953698e+00	9.550394e+00	9.190973e+00	8.875355e+00	8.603690e+00	8.376031e+00
8.192405e+00	8.052440e+00	7.954699e+00	7.898494e+00	7.887403e+00	7.919649e+00
7.992880e+00	8.102268e+00	8.232169e+00	8.293554e+00	8.336703e+00	8.295254e+00
7.762272e+00	7.137961e+00	4.766564e+00	3.564830e+00	1.743414e+00	1.386134e+00
1.080324e+00	1.005271e+00	1.207009e+01	1.174595e+01	1.143779e+01	1.115687e+01
1.089534e+01	1.040102e+01	9.953163e+00	9.550421e+00	9.192408e+00	8.878375e+00
8.608081e+00	8.381429e+00	8.198288e+00	8.057949e+00	7.958087e+00	7.898496e+00
7.884985e+00	7.922102e+00	8.010907e+00	8.131364e+00	8.255226e+00	8.314125e+00
8.362776e+00	8.344404e+00	7.898387e+00	7.319785e+00	5.049958e+00	3.826493e+00
1.858339e+00	1.456486e+00	1.094639e+00	1.005425e+00	1.206793e+01	1.174520e+01
1.143781e+01	1.115658e+01	1.089436e+01	1.039949e+01	9.951580e+00	9.549497e+00
9.191872e+00	8.878247e+00	8.608312e+00	8.381950e+00	8.199002e+00	8.058723e+00
7.958675e+00	7.898646e+00	7.884853e+00	7.924173e+00	8.017764e+00	8.142464e+00
8.268309e+00	8.329710e+00	8.386197e+00	8.386776e+00	8.011179e+00	7.487480e+00
5.329489e+00	4.092211e+00	1.991940e+00	1.536071e+00	1.110903e+00	1.005291e+00
1.206102e+01	1.174118e+01	1.143583e+01	1.115512e+01	1.089273e+01	1.039824e+01
9.950568e+00	9.548540e+00	9.191148e+00	8.877759e+00	8.608007e+00	8.381841e+00
8.199111e+00	8.059107e+00	7.959307e+00	7.899900e+00	7.886971e+00	7.927123e+00
8.022016e+00	8.148624e+00	8.278303e+00	8.343799e+00	8.408960e+00	8.425308e+00
8.107812e+00	7.642230e+00	5.603337e+00	4.361971e+00	2.146463e+00	1.627932e+00
1.130133e+00	1.005079e+00	1.206258e+01	1.174547e+01	1.144195e+01	1.116150e+01
1.089874e+01	1.040440e+01	9.956795e+00	9.554612e+00	9.197022e+00	8.883417e+00
8.613636e+00	8.387495e+00	8.204857e+00	8.064998e+00	7.965807e+00	7.907101e+00
7.894809e+00	7.935382e+00	8.030178e+00	8.158190e+00	8.291584e+00	8.361391e+00
8.433545e+00	8.462970e+00	8.198893e+00	7.785656e+00	5.870409e+00	4.638839e+00
2.318004e+00	1.736556e+00	1.153877e+00	1.005560e+00	1.204272e+01	1.173291e+01
1.143548e+01	1.115884e+01	1.089804e+01	1.040608e+01	9.958897e+00	9.556316e+00
9.197849e+00	8.883376e+00	8.612852e+00	8.386274e+00	8.203642e+00	8.064608e+00
7.967740e+00	7.913356e+00	7.904602e+00	7.941932e+00	8.024785e+00	8.146636e+00
8.294587e+00	8.375060e+00	8.454023e+00	8.489867e+00	8.273938e+00	7.909405e+00
6.123553e+00	4.914272e+00	2.503685e+00	1.864436e+00	1.180999e+00	1.005335e+00
1.203112e+01	1.172661e+01	1.143267e+01	1.115778e+01	1.089784e+01	1.040710e+01
9.960014e+00	9.557286e+00	9.198505e+00	8.883453e+00	8.612603e+00	8.385845e+00
8.203241e+00	8.064614e+00	7.969409e+00	7.917164e+00	7.910151e+00	7.946213e+00
8.022765e+00	8.142005e+00	8.298390e+00	8.385749e+00	8.470873e+00	8.514336e+00
8.340092e+00	8.020562e+00	6.366130e+00	5.191309e+00	2.704683e+00	2.005641e+00
1.212544e+00	1.005239e+00	1.202924e+01	1.172619e+01	1.143354e+01	1.115899e+01
1.089885e+01	1.040777e+01	9.960600e+00	9.557872e+00	9.199181e+00	8.884367e+00
8.613591e+00	8.386983e+00	8.204612e+00	8.066348e+00	7.971142e+00	7.918993e+00
7.912192e+00	7.948618e+00	8.026552e+00	8.147212e+00	8.305319e+00	8.393754e+00
8.484219e+00	8.537608e+00	8.398155e+00	8.119447e+00	6.595639e+00	5.467858e+00
2.922196e+00	2.159666e+00	1.250332e+00	1.005291e+00	