8.184780e-01	8.467503e-01	8.745732e-01	9.011237e-01	9.263044e-01	9.726871e-01
1.013378e+00	1.048547e+00	1.079683e+00	1.109600e+00	1.142441e+00	1.179758e+00
1.221878e+00	1.269324e+00	1.322368e+00	1.380596e+00	1.441879e+00	1.500332e+00
1.548256e+00	1.580481e+00	1.592908e+00	1.595587e+00	1.610603e+00	1.637844e+00
1.668569e+00	1.674527e+00	1.683027e+00	1.684495e+00	1.685189e+00	1.685343e+00
1.685021e+00	1.685392e+00	8.912389e-01	9.205429e-01	9.493442e-01	9.768010e-01
1.002824e+00	1.050737e+00	1.092768e+00	1.129113e+00	1.161293e+00	1.192153e+00
1.225871e+00	1.263993e+00	1.306838e+00	1.354918e+00	1.408525e+00	1.467258e+00
1.528985e+00	1.587860e+00	1.636276e+00	1.669149e+00	1.682407e+00	1.685493e+00
1.700704e+00	1.727850e+00	1.758484e+00	1.764463e+00	1.772900e+00	1.774350e+00
1.775043e+00	1.775194e+00	1.774881e+00	1.775244e+00	9.704682e-01	1.000766e+00
1.030508e+00	1.058834e+00	1.085665e+00	1.135050e+00	1.178377e+00	1.215869e+00
1.249070e+00	1.280848e+00	1.315394e+00	1.354243e+00	1.397704e+00	1.446284e+00
1.500294e+00	1.559359e+00	1.621354e+00	1.680495e+00	1.729300e+00	1.762791e+00
1.776936e+00	1.780465e+00	1.795845e+00	1.822802e+00	1.853243e+00	1.859230e+00
1.867572e+00	1.868999e+00	1.869687e+00	1.869835e+00	1.869533e+00	1.869886e+00
1.056741e+00	1.087981e+00	1.118610e+00	1.147756e+00	1.175349e+00	1.226128e+00
1.270693e+00	1.309291e+00	1.343483e+00	1.376143e+00	1.411455e+00	1.450937e+00
1.494889e+00	1.543812e+00	1.598043e+00	1.657242e+00	1.719303e+00	1.778534e+00
1.827613e+00	1.861687e+00	1.876776e+00	1.880788e+00	1.896309e+00	1.922972e+00
1.953108e+00	1.959087e+00	1.967300e+00	1.968696e+00	1.969377e+00	1.969522e+00
1.969233e+00	1.969575e+00	1.150683e+00	1.182797e+00	1.214245e+00	1.244145e+00
1.272441e+00	1.324514e+00	1.370241e+00	1.409891e+00	1.445032e+00	1.478527e+00
1.514530e+00	1.554535e+00	1.598831e+00	1.647915e+00	1.702160e+00	1.761269e+00
1.823169e+00	1.882292e+00	1.931515e+00	1.966131e+00	1.982225e+00	1.986764e+00
2.002393e+00	2.028647e+00	2.058356e+00	2.064306e+00	2.072352e+00	2.073712e+00
2.074383e+00	2.074524e+00	2.074250e+00	2.074577e+00	1.252976e+00	1.285875e+00
1.318056e+00	1.348630e+00	1.377554e+00	1.430795e+00	1.477589e+00	1.518221e+00
1.554257e+00	1.588528e+00	1.625133e+00	1.665530e+00	1.710000e+00	1.759039e+00
1.813061e+00	1.871826e+00	1.933310e+00	1.992104e+00	2.041324e+00	2.076435e+00
2.093599e+00	2.098711e+00	2.114412e+00	2.140130e+00	2.169274e+00	2.175178e+00
2.183015e+00	2.184330e+00	2.184987e+00	2.185124e+00	2.184867e+00	2.185178e+00
1.364363e+00	1.397937e+00	1.430742e+00	1.461889e+00	1.491350e+00	1.545604e+00
1.593345e+00	1.634875e+00	1.671737e+00	1.706713e+00	1.743813e+00	1.784451e+00
1.828899e+00	1.877656e+00	1.931188e+00	1.989322e+00	2.050105e+00	2.108322e+00
2.157375e+00	2.192927e+00	2.211231e+00	2.216966e+00	2.232697e+00	2.257738e+00
2.286170e+00	2.292003e+00	2.299587e+00	2.300848e+00	2.301489e+00	2.301620e+00
2.301383e+00	2.301675e+00	1.485652e+00	1.519764e+00	1.553062e+00	1.584660e+00
1.614547e+00	1.669625e+00	1.718171e+00	1.760492e+00	1.798097e+00	1.833692e+00
1.871160e+00	1.911862e+00	1.956066e+00	2.004272e+00	2.057011e+00	2.114194e+00
2.173955e+00	2.231320e+00	2.280024e+00	2.315955e+00	2.335472e+00	2.341885e+00
2.357599e+00	2.381810e+00	2.409364e+00	2.415104e+00	2.422383e+00	2.423581e+00
2.424203e+00	2.424327e+00	2.424113e+00	2.424383e+00	1.617723e+00	1.652209e+00
1.685840e+00	1.717742e+00	1.747920e+00	1.803598e+00	1.852775e+00	1.895760e+00
1.934009e+00	1.970117e+00	2.007807e+00	2.048370e+00	2.092074e+00	2.139425e+00
2.191031e+00	2.246904e+00	2.305288e+00	2.361494e+00	2.409646e+00	2.445884e+00
2.466694e+00	2.473842e+00	2.489489e+00	2.512700e+00	2.539198e+00	2.544816e+00
2.551737e+00	2.552862e+00	2.553460e+00	2.553576e+00	2.553388e+00	2.553633e+00
1.761535e+00	1.796196e+00	1.829970e+00	1.861999e+00	1.892311e+00	1.948322e+00
1.997925e+00	2.041422e+00	2.080194e+00	2.116692e+00	2.154433e+00	2.194626e+00
2.237540e+00	2.283693e+00	2.333784e+00	2.387945e+00	2.444554e+00	2.499262e+00
2.546637e+00	2.583103e+00	2.605288e+00	2.613235e+00	2.628757e+00	2.650783e+00
2.676027e+00	2.681494e+00	2.687999e+00	2.689039e+00	2.689608e+00	2.689715e+00
2.689557e+00	2.689773e+00	1.918132e+00	1.952730e+00	1.986422e+00	2.018372e+00
2.048630e+00	2.104658e+00	2.154446e+00	2.198276e+00	2.237428e+00	2.274173e+00
2.311767e+00	2.351324e+00	2.393120e+00	2.437689e+00	2.485837e+00	2.537839e+00
2.592234e+00	2.645067e+00	2.691416e+00	2.728020e+00	2.751670e+00	2.760481e+00
2.775816e+00	2.796454e+00	2.820230e+00	2.825514e+00	2.831536e+00	2.832479e+00
2.833016e+00	2.833113e+00	2.832988e+00	2.833171e+00	2.088650e+00	2.122907e+00
2.156249e+00	2.187877e+00	2.217862e+00	2.273539e+00	2.323229e+00	2.367182e+00
2.406547e+00	2.443370e+00	2.480590e+00	2.519210e+00	2.559517e+00	2.602069e+00
2.647797e+00	2.697142e+00	2.748836e+00	2.799379e+00	2.844426e+00	2.881067e+00
2.906276e+00	2.916025e+00	2.931102e+00	2.950130e+00	2.972204e+00	2.977268e+00
2.982739e+00	2.983572e+00	2.984071e+00	2.984156e+00	2.984067e+00	2.984214e+00
2.274327e+00	2.307914e+00	2.340596e+00	2.371617e+00	2.401074e+00	2.455971e+00
2.505235e+00	2.549066e+00	2.588449e+00	2.625155e+00	2.661743e+00	2.699083e+00
2.737485e+00	2.777534e+00	2.820309e+00	2.866445e+00	2.914898e+00	2.962693e+00
3.006135e+00	3.042701e+00	3.069570e+00	3.080333e+00	3.095075e+00	3.112251e+00
3.132367e+00	3.137173e+00	3.142016e+00	3.142723e+00	3.143179e+00	3.143251e+00
3.143204e+00	3.143310e+00	2.476510e+00	2.509045e+00	2.540703e+00	2.570788e+00
2.599421e+00	2.653041e+00	2.701500e+00	2.744926e+00	2.784100e+00	2.820464e+00
2.856124e+00	2.891800e+00	2.927826e+00	2.964831e+00	3.004060e+00	3.046375e+00
3.090992e+00	3.135534e+00	3.177037e+00	3.213402e+00	3.242038e+00	3.253899e+00
3.268221e+00	3.283282e+00	3.301161e+00	3.305666e+00	3.309798e+00	3.310365e+00
3.310771e+00	3.310828e+00	3.310827e+00	3.310888e+00	2.696666e+00	2.727703e+00
2.757919e+00	2.786685e+00	2.814152e+00	2.865925e+00	2.913140e+00	2.955834e+00
2.994540e+00	3.030305e+00	3.064701e+00	3.098277e+00	3.131403e+00	3.164758e+00
3.199784e+00	3.237599e+00	3.277724e+00	3.318459e+00	3.357655e+00	3.393680e+00
3.424196e+00	3.437245e+00	3.451053e+00	3.463711e+00	3.479050e+00	3.483209e+00
3.486539e+00	3.486949e+00	3.487299e+00	3.487339e+00	3.487389e+00	3.487399e+00
2.938667e+00	2.967328e+00	2.995290e+00	3.022031e+00	3.047729e+00	3.096729e+00
3.142127e+00	3.183823e+00	3.222012e+00	3.257209e+00	3.290269e+00	3.321514e+00
3.351351e+00	3.380509e+00	3.410645e+00	3.443173e+00	3.477997e+00	3.514272e+00
3.550863e+00	3.586708e+00	3.619786e+00	3.634428e+00	3.647746e+00	3.657567e+00
3.669874e+00	3.673614e+00	3.675983e+00	3.676203e+00	3.676485e+00	3.676505e+00
3.676618e+00	3.676564e+00	3.200578e+00	3.226487e+00	3.251836e+00	3.276210e+00
3.299818e+00	3.345460e+00	3.388510e+00	3.428709e+00	3.465879e+00	3.499965e+00
3.531061e+00	3.559257e+00	3.585017e+00	3.609142e+00	3.633545e+00	3.659979e+00
3.688757e+00	3.719926e+00	3.753397e+00	3.788681e+00	3.824082e+00	3.840217e+00
3.852846e+00	3.859566e+00	3.868586e+00	3.871867e+00	3.873208e+00	3.873228e+00
3.873437e+00	3.873436e+00	3.873613e+00	3.873494e+00	3.474408e+00	3.498668e+00
3.522379e+00	3.545147e+00	3.567208e+00	3.610021e+00	3.650499e+00	3.688259e+00
3.722888e+00	3.753967e+00	3.781154e+00	3.804421e+00	3.824351e+00	3.841910e+00
3.859387e+00	3.878937e+00	3.901184e+00	3.926755e+00	3.956208e+00	3.989369e+00
4.024653e+00	4.040944e+00	4.052139e+00	4.055913e+00	4.062078e+00	4.064999e+00
4.065494e+00	4.065353e+00	4.065506e+00	4.065488e+00	4.065709e+00	4.065555e+00
3.758086e+00	3.782335e+00	3.805871e+00	3.828183e+00	3.849538e+00	3.890380e+00
3.928034e+00	3.962082e+00	3.992112e+00	4.017712e+00	4.038604e+00	4.054818e+00
4.067104e+00	4.076660e+00	4.086213e+00	4.098311e+00	4.113739e+00	4.133294e+00
4.157705e+00	4.186901e+00	4.219326e+00	4.234344e+00	4.243427e+00	4.244592e+00
4.248371e+00	4.250962e+00	4.250826e+00	4.250574e+00	4.250685e+00	4.250656e+00
4.250892e+00	4.250737e+00	4.047592e+00	4.074754e+00	4.100722e+00	4.124625e+00
4.146784e+00	4.187219e+00	4.221529e+00	4.249307e+00	4.270699e+00	4.286363e+00
4.297393e+00	4.304294e+00	4.307966e+00	4.309767e+00	4.312408e+00	4.318367e+00
4.328144e+00	4.341780e+00	4.359319e+00	4.381134e+00	4.406669e+00	4.418869e+00
4.425848e+00	4.425877e+00	4.427499e+00	4.429061e+00	4.428623e+00	4.428388e+00
4.428435e+00	4.428410e+00	4.428581e+00	4.428470e+00	4.346449e+00	4.378844e+00
4.409317e+00	4.436401e+00	4.460482e+00	4.501468e+00	4.531666e+00	4.550893e+00
4.560364e+00	4.562620e+00	4.561022e+00	4.556761e+00	4.550827e+00	4.544645e+00
4.540628e+00	4.540890e+00	4.545381e+00	4.552820e+00	4.562078e+00	4.574201e+00
4.590192e+00	4.598501e+00	4.603226e+00	4.602886e+00	4.602485e+00	4.602645e+00
4.602096e+00	4.601948e+00	4.601920e+00	4.601908e+00	4.601970e+00	4.601927e+00
4.653966e+00	4.693332e+00	4.729447e+00	4.759817e+00	4.785071e+00	4.823662e+00
4.846371e+00	4.855192e+00	4.852438e+00	4.841869e+00	4.828255e+00	4.813083e+00
4.797183e+00	4.781849e+00	4.769163e+00	4.760963e+00	4.757076e+00	4.755998e+00
4.756492e+00	4.759821e+00	4.766746e+00	4.770403e+00	4.771804e+00	4.770263e+00
4.767823e+00	4.766983e+00	4.766226e+00	4.766119e+00	4.766034e+00	4.766021e+00
4.766020e+00	4.766017e+00	4.965551e+00	5.014592e+00	5.058126e+00	5.091917e+00
5.117118e+00	5.148690e+00	5.158984e+00	5.155248e+00	5.140728e+00	5.119210e+00
5.095406e+00	5.070460e+00	5.044673e+00	5.018914e+00	4.994975e+00	4.974676e+00
4.958442e+00	4.946139e+00	4.937799e+00	4.934140e+00	4.933103e+00	4.931227e+00
4.928107e+00	4.924502e+00	4.920046e+00	4.918714e+00	4.917642e+00	4.917520e+00
4.917401e+00	4.917367e+00	4.917363e+00	4.917365e+00	5.286968e+00	5.338266e+00
5.383590e+00	5.418448e+00	5.444004e+00	5.474093e+00	5.478781e+00	5.464532e+00
5.435678e+00	5.398038e+00	5.358755e+00	5.319655e+00	5.281147e+00	5.244125e+00
5.209817e+00	5.179553e+00	5.153456e+00	5.130782e+00	5.111158e+00	5.096106e+00
5.085502e+00	5.079997e+00	5.072637e+00	5.065213e+00	5.058967e+00	5.057329e+00
5.055821e+00	5.055646e+00	5.055504e+00	5.055464e+00	5.055475e+00	5.055467e+00
5.613751e+00	5.663008e+00	5.706855e+00	5.741168e+00	5.766826e+00	5.797261e+00
5.798878e+00	5.774293e+00	5.729018e+00	5.672043e+00	5.614253e+00	5.558627e+00
5.505914e+00	5.457147e+00	5.412787e+00	5.373408e+00	5.338407e+00	5.305486e+00
5.273119e+00	5.244374e+00	5.223057e+00	5.214429e+00	5.202867e+00	5.191020e+00
5.182885e+00	5.180936e+00	5.178939e+00	5.178697e+00	5.178529e+00	5.178488e+00
5.178521e+00	5.178500e+00	5.938097e+00	5.989846e+00	6.035193e+00	6.069230e+00
6.093047e+00	6.116279e+00	6.106354e+00	6.066983e+00	6.004867e+00	5.930561e+00
5.856709e+00	5.786617e+00	5.720891e+00	5.660301e+00	5.604671e+00	5.554007e+00
5.507586e+00	5.462868e+00	5.418295e+00	5.377545e+00	5.345160e+00	5.331474e+00
5.315208e+00	5.300118e+00	5.289394e+00	5.286852e+00	5.284396e+00	5.284100e+00
5.283884e+00	5.283833e+00	5.283872e+00	5.283853e+00	6.261912e+00	6.313826e+00
6.358503e+00	6.390400e+00	6.410800e+00	6.424390e+00	6.401219e+00	6.345746e+00
6.265783e+00	6.173436e+00	6.082992e+00	5.998098e+00	5.919197e+00	5.846757e+00
5.779949e+00	5.718183e+00	5.660468e+00	5.603895e+00	5.546725e+00	5.493422e+00
5.449627e+00	5.430901e+00	5.410042e+00	5.391719e+00	5.377996e+00	5.374770e+00
5.371789e+00	5.371429e+00	5.371162e+00	5.371104e+00	5.371126e+00	5.371115e+00
6.586189e+00	6.635626e+00	6.677152e+00	6.704731e+00	6.719858e+00	6.720933e+00
6.682523e+00	6.609470e+00	6.510584e+00	6.399410e+00	6.291760e+00	6.191575e+00
6.099259e+00	6.014912e+00	5.937059e+00	5.864367e+00	5.795528e+00	5.727076e+00
5.656990e+00	5.590703e+00	5.535249e+00	5.511481e+00	5.486083e+00	5.464488e+00
5.447315e+00	5.443272e+00	5.439699e+00	5.439266e+00	5.438931e+00	5.438872e+00
5.438878e+00	5.438865e+00	6.904645e+00	6.949470e+00	6.985616e+00	7.006504e+00
7.013943e+00	6.997945e+00	6.940561e+00	6.847731e+00	6.729184e+00	6.599348e+00
6.474901e+00	6.359754e+00	6.254245e+00	6.157965e+00	6.069005e+00	5.985364e+00
5.905483e+00	5.825391e+00	5.742840e+00	5.663959e+00	5.596766e+00	5.567719e+00
5.537632e+00	5.512715e+00	5.491387e+00	5.486308e+00	5.482008e+00	5.481478e+00
5.481058e+00	5.480998e+00	5.480988e+00	5.480968e+00	7.209917e+00	7.258061e+00
7.294085e+00	7.308772e+00	7.305059e+00	7.258628e+00	7.167544e+00	7.047779e+00
6.909868e+00	6.766256e+00	6.630902e+00	6.505789e+00	6.389506e+00	6.280329e+00
6.177740e+00	6.081128e+00	5.989593e+00	5.895886e+00	5.800954e+00	5.709453e+00
5.627100e+00	5.589897e+00	5.553026e+00	5.523982e+00	5.496072e+00	5.489311e+00
5.483834e+00	5.483126e+00	5.482592e+00	5.482519e+00	5.482477e+00	5.482464e+00
7.512604e+00	7.564790e+00	7.600616e+00	7.607674e+00	7.590383e+00	7.507686e+00
7.378022e+00	7.228974e+00	7.071072e+00	6.913787e+00	6.767499e+00	6.632087e+00
6.504503e+00	6.381920e+00	6.265339e+00	6.155392e+00	6.051691e+00	5.946576e+00
5.841987e+00	5.740762e+00	5.646760e+00	5.603580e+00	5.562054e+00	5.530356e+00
5.498532e+00	5.490852e+00	5.484755e+00	5.483956e+00	5.483363e+00	5.483284e+00
5.483226e+00	5.483215e+00	7.816460e+00	7.862405e+00	7.889485e+00	7.883738e+00
7.850686e+00	7.733031e+00	7.568823e+00	7.391341e+00	7.210826e+00	7.034821e+00
6.871556e+00	6.719033e+00	6.573840e+00	6.435897e+00	6.305381e+00	6.181130e+00
6.062168e+00	5.952118e+00	5.844188e+00	5.739445e+00	5.641365e+00	5.596033e+00
5.552518e+00	5.519386e+00	5.486040e+00	5.477978e+00	5.471592e+00	5.470754e+00
5.470134e+00	5.470049e+00	5.469986e+00	5.469981e+00	8.117167e+00	8.146424e+00
8.156570e+00	8.133340e+00	8.082722e+00	7.931576e+00	7.736616e+00	7.531748e+00
7.326935e+00	7.129085e+00	6.945700e+00	6.774921e+00	6.614157e+00	6.464403e+00
6.324193e+00	6.190652e+00	6.063099e+00	5.942287e+00	5.823632e+00	5.708008e+00
5.598274e+00	5.546799e+00	5.496907e+00	5.458623e+00	5.420615e+00	5.411321e+00
5.403938e+00	5.402973e+00	5.402262e+00	5.402156e+00	5.402079e+00	5.402095e+00
8.418129e+00	8.417096e+00	8.399126e+00	8.352263e+00	8.282341e+00	8.101914e+00
7.883295e+00	7.652092e+00	7.418652e+00	7.187655e+00	6.968854e+00	6.774579e+00
6.606687e+00	6.451265e+00	6.306889e+00	6.170210e+00	6.040096e+00	5.908175e+00
5.777974e+00	5.651370e+00	5.531840e+00	5.475589e+00	5.420015e+00	5.376562e+00
5.335007e+00	5.324793e+00	5.316535e+00	5.315481e+00	5.314693e+00	5.314568e+00
5.314491e+00	5.314517e+00	8.720075e+00	8.679951e+00	8.627405e+00	8.553640e+00
8.463473e+00	8.255396e+00	8.015934e+00	7.758843e+00	7.495935e+00	7.231991e+00
6.982504e+00	6.764632e+00	6.576181e+00	6.404988e+00	6.249107e+00	6.103875e+00
5.966748e+00	5.830028e+00	5.691748e+00	5.556572e+00	5.430971e+00	5.371893e+00
5.311577e+00	5.262985e+00	5.219098e+00	5.208291e+00	5.199279e+00	5.198174e+00
5.197324e+00	5.197182e+00	5.197123e+00	5.197146e+00	9.010926e+00	8.936314e+00
8.851976e+00	8.751022e+00	8.637816e+00	8.392073e+00	8.119603e+00	7.828261e+00
7.528087e+00	7.241552e+00	6.982000e+00	6.745980e+00	6.534361e+00	6.346685e+00
6.178485e+00	6.023655e+00	5.878451e+00	5.735190e+00	5.588540e+00	5.445015e+00
5.312711e+00	5.250349e+00	5.185455e+00	5.132402e+00	5.086183e+00	5.074791e+00
5.065118e+00	5.063959e+00	5.063051e+00	5.062900e+00	5.062852e+00	5.062871e+00
9.284552e+00	9.182564e+00	9.070997e+00	8.943163e+00	8.803954e+00	8.510549e+00
8.196702e+00	7.871388e+00	7.538951e+00	7.225118e+00	6.940948e+00	6.685492e+00
6.458603e+00	6.256862e+00	6.075668e+00	5.909070e+00	5.753302e+00	5.601347e+00
5.448133e+00	5.298686e+00	5.159464e+00	5.093308e+00	5.024796e+00	4.969226e+00
4.920960e+00	4.909074e+00	4.899007e+00	4.897794e+00	4.896840e+00	4.896698e+00
4.896650e+00	4.896662e+00	9.549225e+00	9.417334e+00	9.276249e+00	9.119686e+00
8.953024e+00	8.609770e+00	8.252615e+00	7.887781e+00	7.532804e+00	7.193610e+00
6.884329e+00	6.609174e+00	6.366395e+00	6.150176e+00	5.955320e+00	5.776020e+00
5.608465e+00	5.446626e+00	5.285995e+00	5.130113e+00	4.984009e+00	4.914495e+00
4.843372e+00	4.786434e+00	4.736433e+00	4.724146e+00	4.713838e+00	4.712602e+00
4.711612e+00	4.711467e+00	4.711411e+00	4.711422e+00	9.802739e+00	9.638862e+00
9.466514e+00	9.280037e+00	9.085227e+00	8.691854e+00	8.290283e+00	7.891410e+00
7.503358e+00	7.137700e+00	6.807321e+00	6.513909e+00	6.255312e+00	6.024671e+00
5.815649e+00	5.622620e+00	5.441758e+00	5.268431e+00	5.099110e+00	4.936037e+00
4.783194e+00	4.710994e+00	4.638626e+00	4.581765e+00	4.530391e+00	4.517824e+00
4.507482e+00	4.506249e+00	4.505234e+00	4.505090e+00	4.505012e+00	4.505019e+00
1.005053e+01	9.850578e+00	9.643167e+00	9.423714e+00	9.198330e+00	8.750509e+00
8.308736e+00	7.875005e+00	7.457222e+00	7.067727e+00	6.716967e+00	6.405869e+00
6.131095e+00	5.885118e+00	5.660525e+00	5.452191e+00	5.256509e+00	5.070595e+00
4.892130e+00	4.721524e+00	4.561253e+00	4.486295e+00	4.413640e+00	4.358332e+00
4.305922e+00	4.293086e+00	4.282918e+00	4.281699e+00	4.280665e+00	4.280552e+00
4.280447e+00	4.280421e+00	1.034934e+01	1.008270e+01	9.813909e+00	9.542435e+00
9.273874e+00	8.760965e+00	8.279412e+00	7.823809e+00	7.393910e+00	6.995393e+00
6.631352e+00	6.302482e+00	6.005631e+00	5.735208e+00	5.486714e+00	5.258411e+00
5.047855e+00	4.853800e+00	4.673608e+00	4.499393e+00	4.326103e+00	4.243441e+00
4.169202e+00	4.118377e+00	4.065930e+00	4.052158e+00	4.042261e+00	4.041243e+00
4.040154e+00	4.039959e+00	4.039967e+00	4.039861e+00	1.060585e+01	1.028533e+01
9.966461e+00	9.651654e+00	9.346198e+00	8.775235e+00	8.248929e+00	7.764353e+00
7.318108e+00	6.906272e+00	6.526739e+00	6.180314e+00	5.863951e+00	5.573392e+00
5.305673e+00	5.060689e+00	4.836662e+00	4.632780e+00	4.446289e+00	4.265013e+00
4.080145e+00	3.991696e+00	3.916041e+00	3.868085e+00	3.815510e+00	3.800942e+00
3.791364e+00	3.790525e+00	3.789392e+00	3.789147e+00	3.789198e+00	3.789060e+00
1.079958e+01	1.044558e+01	1.009437e+01	9.749521e+00	9.416183e+00	8.795810e+00
8.226652e+00	7.704489e+00	7.225768e+00	6.787209e+00	6.386641e+00	6.024384e+00
5.695657e+00	5.394719e+00	5.116747e+00	4.860511e+00	4.624632e+00	4.407418e+00
4.206409e+00	4.011931e+00	3.818384e+00	3.727598e+00	3.650565e+00	3.602101e+00
3.548875e+00	3.533961e+00	3.524688e+00	3.523928e+00	3.522787e+00	3.522567e+00
3.522527e+00	3.522437e+00	1.097925e+01	1.058909e+01	1.020369e+01	9.828251e+00
9.466916e+00	8.789634e+00	8.184127e+00	7.625980e+00	7.117387e+00	6.654750e+00
6.235534e+00	5.858311e+00	5.517402e+00	5.206090e+00	4.918231e+00	4.651460e+00
4.405145e+00	4.176375e+00	3.962575e+00	3.755405e+00	3.551015e+00	3.455860e+00
3.375528e+00	3.325245e+00	3.270796e+00	3.256322e+00	3.247036e+00	3.246213e+00
3.245136e+00	3.244957e+00	3.244848e+00	3.244800e+00	1.114806e+01	1.072022e+01
1.029951e+01	9.892774e+00	9.503662e+00	8.774204e+00	8.125327e+00	7.534614e+00
6.998463e+00	6.513840e+00	6.078151e+00	5.687646e+00	5.335914e+00	5.015306e+00
4.718392e+00	4.441616e+00	4.185320e+00	3.945777e+00	3.720326e+00	3.501806e+00
3.287638e+00	3.188114e+00	3.103478e+00	3.049913e+00	2.994313e+00	2.980613e+00
2.971173e+00	2.970231e+00	2.969241e+00	2.969102e+00	2.968947e+00	2.968935e+00
1.130205e+01	1.083167e+01	1.037088e+01	9.928161e+00	9.507395e+00	8.745512e+00
8.053160e+00	7.431761e+00	6.872151e+00	6.369730e+00	5.921170e+00	5.520376e+00
5.159667e+00	4.830372e+00	4.523552e+00	4.234642e+00	3.965404e+00	3.713709e+00
3.477654e+00	3.251190e+00	3.032102e+00	2.929770e+00	2.839132e+00	2.778871e+00
2.723066e+00	2.710081e+00	2.700443e+00	2.699405e+00	2.698467e+00	2.698333e+00
2.698197e+00	2.698203e+00	1.144271e+01	1.092655e+01	1.042452e+01	9.948475e+00
9.500073e+00	8.684545e+00	7.959151e+00	7.313248e+00	6.736412e+00	6.221364e+00
5.763726e+00	5.355367e+00	4.987171e+00	4.649591e+00	4.332197e+00	4.029629e+00
3.745295e+00	3.480644e+00	3.235056e+00	3.003266e+00	2.782472e+00	2.678140e+00
2.579973e+00	2.510286e+00	2.454687e+00	2.442301e+00	2.432365e+00	2.431240e+00
2.430322e+00	2.430165e+00	2.430098e+00	2.430106e+00	1.159712e+01	1.102816e+01
1.047894e+01	9.965690e+00	9.487610e+00	8.623437e+00	7.864913e+00	7.196493e+00
6.605643e+00	6.080830e+00	5.614340e+00	5.197246e+00	4.820057e+00	4.473365e+00
4.146866e+00	3.835136e+00	3.541569e+00	3.268968e+00	3.015924e+00	2.776966e+00
2.549092e+00	2.440744e+00	2.337618e+00	2.263580e+00	2.206271e+00	2.193673e+00
2.183391e+00	2.182210e+00	2.181272e+00	2.181108e+00	2.181050e+00	2.181073e+00
1.175977e+01	1.113292e+01	1.053277e+01	9.980857e+00	9.471160e+00	8.560229e+00
7.770153e+00	7.081342e+00	6.479037e+00	5.946603e+00	5.471910e+00	5.045934e+00
4.659379e+00	4.303523e+00	3.969044e+00	3.650817e+00	3.351291e+00	3.073576e+00
2.814750e+00	2.568681e+00	2.332259e+00	2.219476e+00	2.113081e+00	2.037325e+00
1.977616e+00	1.964441e+00	1.953816e+00	1.952599e+00	1.951620e+00	1.951458e+00
1.951382e+00	1.951421e+00	1.192503e+01	1.124138e+01	1.059169e+01	1.000175e+01
9.466945e+00	8.511507e+00	7.691709e+00	6.983253e+00	6.369499e+00	5.829587e+00
5.347049e+00	4.912511e+00	4.517166e+00	4.152862e+00	3.811067e+00	3.486883e+00
3.181907e+00	2.899086e+00	2.635320e+00	2.383250e+00	2.139634e+00	2.023175e+00
1.914115e+00	1.836738e+00	1.773933e+00	1.759984e+00	1.748889e+00	1.747617e+00
1.746571e+00	1.746413e+00	1.746316e+00	1.746353e+00	1.209278e+01	1.135442e+01
1.065796e+01	1.003464e+01	9.475040e+00	8.473679e+00	7.628190e+00	6.901444e+00
6.276533e+00	5.729447e+00	5.239556e+00	4.796875e+00	4.393360e+00	4.021289e+00
3.672713e+00	3.342905e+00	3.032715e+00	2.744500e+00	2.476341e+00	2.218986e+00
1.969085e+00	1.849479e+00	1.738185e+00	1.659207e+00	1.592494e+00	1.577548e+00
1.565842e+00	1.564492e+00	1.563352e+00	1.563203e+00	1.563080e+00	1.563096e+00
1.226680e+01	1.147596e+01	1.073488e+01	1.008006e+01	9.495083e+00	8.467167e+00
7.589282e+00	6.843846e+00	6.207554e+00	5.652356e+00	5.154573e+00	4.703461e+00
4.291600e+00	3.911780e+00	3.556490e+00	3.221155e+00	2.906064e+00	2.612908e+00
2.340739e+00	2.079233e+00	1.823999e+00	1.701280e+00	1.586813e+00	1.504857e+00
1.433947e+00	1.417920e+00	1.405431e+00	1.403977e+00	1.402745e+00	1.402588e+00
1.402456e+00	1.402423e+00	1.244925e+01	1.160889e+01	1.082644e+01	1.014415e+01
9.539944e+00	8.468698e+00	7.575272e+00	6.815142e+00	6.165812e+00	5.600755e+00
5.093876e+00	4.633784e+00	4.213535e+00	3.825990e+00	3.463987e+00	3.123073e+00
2.803132e+00	2.505224e+00	2.228901e+00	1.963849e+00	1.703698e+00	1.577717e+00
1.459158e+00	1.373000e+00	1.297498e+00	1.280282e+00	1.266817e+00	1.265239e+00
1.263904e+00	1.263729e+00	1.263599e+00	1.263509e+00	1.264301e+01	1.175657e+01
1.093642e+01	1.022995e+01	9.609099e+00	8.506212e+00	7.585894e+00	6.810402e+00
6.151528e+00	5.578148e+00	5.063423e+00	4.595096e+00	4.165835e+00	3.770244e+00
3.401218e+00	3.054272e+00	2.728961e+00	2.425858e+00	2.144343e+00	1.875304e+00
1.609792e+00	1.480121e+00	1.356581e+00	1.265207e+00	1.184364e+00	1.165729e+00
1.151027e+00	1.149306e+00	1.147839e+00	1.147646e+00	1.147514e+00	1.147393e+00
1.284551e+01	1.191746e+01	1.106380e+01	1.033709e+01	9.702680e+00	8.571536e+00
7.630532e+00	6.841954e+00	6.173063e+00	5.590732e+00	5.068159e+00	4.592002e+00
4.152464e+00	3.747530e+00	3.369960e+00	3.015082e+00	2.682189e+00	2.371446e+00
2.083333e+00	1.810463e+00	1.539472e+00	1.405957e+00	1.277186e+00	1.180276e+00
1.093408e+00	1.073066e+00	1.056916e+00	1.055024e+00	1.053414e+00	1.053198e+00
1.053052e+00	1.052932e+00	1.305497e+01	1.208947e+01	1.120596e+01	1.046189e+01
9.816219e+00	8.660288e+00	7.700877e+00	6.898564e+00	6.215925e+00	5.620377e+00
5.084782e+00	4.598156e+00	4.155149e+00	3.746782e+00	3.365891e+00	3.007770e+00
2.671672e+00	2.357681e+00	2.062270e+00	1.777559e+00	1.496110e+00	1.356472e+00
1.220841e+00	1.117569e+00	1.023056e+00	1.000517e+00	9.825659e-01	9.804475e-01
9.786590e-01	9.784207e-01	9.782526e-01	9.781744e-01	1.327159e+01	1.227438e+01
1.136626e+01	1.060899e+01	9.955491e+00	8.780997e+00	7.807537e+00	6.993930e+00
6.301136e+00	5.696011e+00	5.152078e+00	4.657845e+00	4.206056e+00	3.789472e+00
3.400377e+00	3.033644e+00	2.688403e+00	2.364384e+00	2.059253e+00	1.765805e+00
1.475460e+00	1.330352e+00	1.187377e+00	1.076194e+00	9.721583e-01	9.468926e-01
9.267321e-01	9.243297e-01	9.223176e-01	9.220574e-01	9.218582e-01	9.218472e-01
1.349407e+01	1.246855e+01	1.153880e+01	1.077067e+01	1.011135e+01	8.922332e+00
7.939409e+00	7.115886e+00	6.413390e+00	5.798768e+00	5.246132e+00	4.744025e+00
4.284937e+00	3.861226e+00	3.464634e+00	3.089620e+00	2.735126e+00	2.400415e+00
2.084735e+00	1.782823e+00	1.483434e+00	1.333413e+00	1.180139e+00	1.053673e+00
9.367028e-01	9.082324e-01	8.854129e-01	8.826713e-01	8.803879e-01	8.801101e-01
8.798445e-01	8.799216e-01	1.372035e+01	1.266871e+01	1.171947e+01	1.094246e+01
1.027926e+01	9.079933e+00	8.092063e+00	7.260933e+00	6.550342e+00	5.927645e+00
5.367628e+00	4.858776e+00	4.393294e+00	3.963198e+00	3.559742e+00	3.177077e+00
2.814120e+00	2.470195e+00	2.142465e+00	1.822424e+00	1.502949e+00	1.341466e+00
1.176103e+00	1.038937e+00	9.095383e-01	8.776229e-01	8.519731e-01	8.488753e-01
8.462997e-01	8.459961e-01	8.456741e-01	8.457942e-01	1.394704e+01	1.287070e+01
1.190333e+01	1.111896e+01	1.045353e+01	9.247456e+00	8.257261e+00	7.420678e+00
6.703630e+00	6.074095e+00	5.507486e+00	4.992196e+00	4.520144e+00	4.083072e+00
3.671967e+00	3.280780e+00	2.908334e+00	2.553796e+00	2.213155e+00	1.875524e+00
1.534369e+00	1.359876e+00	1.181650e+00	1.038674e+00	8.927893e-01	8.563817e-01
8.270546e-01	8.235214e-01	8.205513e-01	8.201861e-01	8.198428e-01	8.198819e-01
1.417196e+01	1.307272e+01	1.208907e+01	1.129962e+01	1.063464e+01	9.428225e+00
8.440871e+00	7.603158e+00	6.883130e+00	6.249536e+00	5.678219e+00	5.157543e+00
4.679414e+00	4.235545e+00	3.816879e+00	3.417285e+00	3.035454e+00	2.670307e+00
2.317010e+00	1.962648e+00	1.597747e+00	1.409593e+00	1.212372e+00	1.048189e+00
8.827996e-01	8.418630e-01	8.087128e-01	8.047171e-01	8.013264e-01	8.008817e-01
8.005540e-01	8.004046e-01	1.438435e+01	1.326065e+01	1.226045e+01	1.146766e+01
1.080692e+01	9.610365e+00	8.632006e+00	7.799048e+00	7.080063e+00	6.443914e+00
5.866481e+00	5.337866e+00	4.852382e+00	4.402612e+00	3.978295e+00	3.572134e+00
3.181972e+00	2.805529e+00	2.437764e+00	2.067415e+00	1.677962e+00	1.470636e+00
1.250806e+00	1.064811e+00	8.818441e-01	8.324995e-01	7.946477e-01	7.899625e-01
7.860972e-01	7.855241e-01	7.853923e-01	7.845286e-01	1.458871e+01	1.343999e+01
1.242340e+01	1.162861e+01	1.097468e+01	9.795234e+00	8.830970e+00	8.007911e+00
7.293873e+00	6.657102e+00	6.072981e+00	5.534782e+00	5.041275e+00	4.586689e+00
4.158637e+00	3.747786e+00	3.350563e+00	2.962664e+00	2.579355e+00	2.194521e+00
1.780497e+00	1.548637e+00	1.302012e+00	1.092414e+00	8.815177e-01	8.253934e-01
7.829772e-01	7.775666e-01	7.732296e-01	7.725164e-01	7.726351e-01	7.709017e-01
1.477741e+01	1.360429e+01	1.257275e+01	1.177856e+01	1.113452e+01	9.977012e+00
9.030145e+00	8.220153e+00	7.513735e+00	6.878129e+00	6.288045e+00	5.740707e+00
5.240422e+00	4.783139e+00	4.352971e+00	3.937824e+00	3.533354e+00	3.134250e+00
2.736350e+00	2.337442e+00	1.897383e+00	1.638749e+00	1.361572e+00	1.125020e+00
8.821578e-01	8.220499e-01	7.728281e-01	7.666498e-01	7.617745e-01	7.608821e-01
7.613382e-01	7.586008e-01	1.494991e+01	1.375162e+01	1.270558e+01	1.191409e+01
1.128308e+01	1.015348e+01	9.228770e+00	8.436494e+00	7.741463e+00	7.109113e+00
6.513179e+00	5.956532e+00	5.451194e+00	4.994984e+00	4.565690e+00	4.146780e+00
3.734362e+00	3.324266e+00	2.913882e+00	2.502927e+00	2.036363e+00	1.748228e+00
1.435032e+00	1.167000e+00	8.904519e-01	8.205616e-01	7.642681e-01	7.572883e-01
7.518221e-01	7.506886e-01	7.515919e-01	7.477252e-01	1.508785e+01	1.388901e+01
1.283746e+01	1.205231e+01	1.143450e+01	1.032422e+01	9.409891e+00	8.627213e+00
7.942651e+00	7.322424e+00	6.738874e+00	6.190155e+00	5.683813e+00	5.218908e+00
4.780898e+00	4.357844e+00	3.944454e+00	3.533781e+00	3.117253e+00	2.681878e+00
2.175016e+00	1.866148e+00	1.521282e+00	1.220078e+00	9.020329e-01	8.204994e-01
7.559321e-01	7.482737e-01	7.422502e-01	7.412919e-01	7.421163e-01	7.373643e-01
1.513573e+01	1.395373e+01	1.294015e+01	1.219146e+01	1.160147e+01	1.051739e+01
9.607316e+00	8.822839e+00	8.136559e+00	7.519964e+00	6.949736e+00	6.417491e+00
5.918838e+00	5.449244e+00	5.004659e+00	4.580611e+00	4.170420e+00	3.763343e+00
3.341588e+00	2.872606e+00	2.317510e+00	1.992873e+00	1.621662e+00	1.288519e+00
9.195761e-01	8.210130e-01	7.479386e-01	7.400685e-01	7.332897e-01	7.324773e-01
7.333293e-01	7.275939e-01	1.501135e+01	1.392123e+01	1.299148e+01	1.231787e+01
1.178969e+01	1.077287e+01	9.879642e+00	9.079105e+00	8.361042e+00	7.714498e+00
7.131695e+00	6.604041e+00	6.122218e+00	5.675334e+00	5.249830e+00	4.834576e+00
4.423257e+00	4.006457e+00	3.567232e+00	3.072570e+00	2.480306e+00	2.131452e+00
1.733427e+00	1.372150e+00	9.460357e-01	8.223951e-01	7.408264e-01	7.332256e-01
7.252903e-01	7.239721e-01	7.257798e-01	7.186624e-01	1.506258e+01	1.396939e+01
1.304891e+01	1.239871e+01	1.189774e+01	1.091456e+01	1.004685e+01	9.265422e+00
8.561552e+00	7.925509e+00	7.350905e+00	6.829963e+00	6.353738e+00	5.911469e+00
5.489683e+00	5.077061e+00	4.666866e+00	4.248656e+00	3.803441e+00	3.293558e+00
2.669127e+00	2.293764e+00	1.857829e+00	1.455123e+00	9.742371e-01	8.320621e-01
7.352489e-01	7.259600e-01	7.174112e-01	7.161750e-01	7.179241e-01	7.107609e-01
1.511048e+01	1.401552e+01	1.309606e+01	1.246565e+01	1.198974e+01	1.103833e+01
1.019713e+01	9.438139e+00	8.753648e+00	8.133836e+00	7.571485e+00	7.059008e+00
6.588462e+00	6.150270e+00	5.732098e+00	5.323013e+00	4.915714e+00	4.498628e+00
4.050537e+00	3.528814e+00	2.874630e+00	2.472510e+00	1.996169e+00	1.547462e+00
1.007410e+00	8.463554e-01	7.309957e-01	7.193153e-01	7.100236e-01	7.089161e-01
7.104420e-01	7.033178e-01	1.513339e+01	1.403956e+01	1.312945e+01	1.252148e+01
1.207153e+01	1.115352e+01	1.033932e+01	9.602245e+00	8.935757e+00	8.330745e+00
7.780700e+00	7.278541e+00	6.816786e+00	6.386305e+00	5.975017e+00	5.572059e+00
5.169701e+00	4.755542e+00	4.306399e+00	3.775116e+00	3.094146e+00	2.666875e+00
2.151394e+00	1.654956e+00	1.048974e+00	8.654723e-01	7.283861e-01	7.137044e-01
7.033032e-01	7.022770e-01	7.035442e-01	6.963713e-01	1.513816e+01	1.405021e+01
1.315116e+01	1.256438e+01	1.213820e+01	1.125321e+01	1.046572e+01	9.751000e+00
9.103293e+00	8.514244e+00	7.977875e+00	7.487615e+00	7.036401e+00	6.615450e+00
6.212942e+00	5.818047e+00	5.422724e+00	5.013866e+00	4.566580e+00	4.029545e+00
3.326429e+00	2.876220e+00	2.322883e+00	1.778328e+00	1.099201e+00	8.905105e-01
7.285479e-01	7.089136e-01	6.971231e-01	6.962264e-01	6.970562e-01	6.902215e-01
1.514082e+01	1.405719e+01	1.316831e+01	1.260118e+01	1.219722e+01	1.134444e+01
1.058323e+01	9.890980e+00	9.262494e+00	8.690157e+00	8.168434e+00	7.691238e+00
7.251895e+00	6.841926e+00	6.449755e+00	6.064582e+00	5.678132e+00	5.276695e+00
4.833839e+00	4.294323e+00	3.572887e+00	3.101423e+00	2.510895e+00	1.916924e+00
1.157471e+00	9.210422e-01	7.290017e-01	7.050728e-01	6.914161e-01	6.906429e-01
6.909321e-01	6.846388e-01	1.514029e+01	1.405989e+01	1.318281e+01	1.263366e+01
1.224999e+01	1.142786e+01	1.069182e+01	1.002147e+01	9.412091e+00	8.856726e+00
8.350258e+00	7.887000e+00	7.460620e+00	7.062919e+00	6.682511e+00	6.308592e+00
5.932792e+00	5.540935e+00	5.105293e+00	4.567117e+00	3.832305e+00	3.342091e+00
2.716013e+00	2.071584e+00	1.224652e+00	9.572915e-01	7.307385e-01	7.034546e-01
6.865212e-01	6.858097e-01	6.854009e-01	6.799333e-01	1.513554e+01	1.406105e+01
1.319359e+01	1.266052e+01	1.229511e+01	1.150157e+01	1.078921e+01	1.013985e+01
9.549151e+00	9.010750e+00	8.519905e+00	8.071256e+00	7.658769e+00	7.274492e+00
6.907166e+00	6.545964e+00	6.182551e+00	5.802475e+00	5.377057e+00	4.844684e+00
4.102992e+00	3.597918e+00	2.939936e+00	2.245997e+00	1.304607e+00	1.002712e+00
7.370340e-01	7.027417e-01	6.823795e-01	6.816607e-01	6.804553e-01	6.760033e-01
1.512589e+01	1.405650e+01	1.319284e+01	1.267540e+01	1.232745e+01	1.156033e+01
1.087028e+01	1.024099e+01	9.668491e+00	9.146951e+00	8.671955e+00	8.238455e+00
7.840673e+00	7.470859e+00	7.117843e+00	6.770834e+00	6.421581e+00	6.055572e+00
5.643531e+00	5.121557e+00	4.379699e+00	3.863914e+00	3.178207e+00	2.436619e+00
1.395225e+00	1.055581e+00	7.452863e-01	7.036180e-01	6.786636e-01	6.777530e-01
6.758395e-01	6.723597e-01	1.511026e+01	1.404401e+01	1.318993e+01	1.268604e+01
1.235380e+01	1.161112e+01	1.094216e+01	1.033209e+01	9.777281e+00	9.272393e+00
8.813300e+00	8.395254e+00	8.012707e+00	7.658099e+00	7.320326e+00	6.988675e+00
6.655033e+00	6.305002e+00	5.909013e+00	5.401395e+00	4.665283e+00	4.142527e+00
3.432904e+00	2.645253e+00	1.497671e+00	1.116670e+00	7.565445e-01	7.066582e-01
6.752944e-01	6.740818e-01	6.715108e-01	6.689751e-01	1.509813e+01	1.403515e+01
1.318908e+01	1.269714e+01	1.237897e+01	1.165810e+01	1.100818e+01	1.041578e+01
9.877563e+00	9.388549e+00	8.944951e+00	8.542260e+00	8.175114e+00	7.836086e+00
7.514054e+00	7.198390e+00	6.881333e+00	6.548912e+00	6.171626e+00	5.682290e+00
4.957688e+00	4.431771e+00	3.702302e+00	2.870791e+00	1.613235e+00	1.186130e+00
7.703279e-01	7.108635e-01	6.727572e-01	6.709275e-01	6.677892e-01	6.660770e-01
1.509014e+01	1.403022e+01	1.319016e+01	1.270884e+01	1.240270e+01	1.170056e+01
1.106728e+01	1.049071e+01	9.967718e+00	9.493615e+00	9.065006e+00	8.677527e+00
8.325873e+00	8.002610e+00	7.696334e+00	7.396485e+00	7.096122e+00	6.782442e+00
6.426657e+00	5.959968e+00	5.253423e+00	4.729051e+00	3.985253e+00	3.114154e+00
1.746413e+00	1.267837e+00	7.890844e-01	7.186085e-01	6.708384e-01	6.683072e-01
6.646633e-01	6.636800e-01	1.507968e+01	1.402522e+01	1.319282e+01	1.272228e+01
1.242742e+01	1.174333e+01	1.112564e+01	1.056353e+01	1.005375e+01	9.591765e+00
9.174305e+00	8.797678e+00	8.457626e+00	8.148117e+00	7.859698e+00	7.582507e+00
7.307391e+00	7.016789e+00	6.679504e+00	6.233014e+00	5.548055e+00	5.028841e+00
4.279434e+00	3.378122e+00	1.899057e+00	1.358380e+00	8.103827e-01	7.289932e-01
6.702943e-01	6.659788e-01	6.623615e-01	6.616811e-01	1.506274e+01	1.401767e+01
1.319506e+01	1.273535e+01	1.245108e+01	1.178416e+01	1.118060e+01	1.063097e+01
1.013214e+01	9.680039e+00	9.271710e+00	8.904266e+00	8.574580e+00	8.278202e+00
8.008053e+00	7.755301e+00	7.508268e+00	7.243268e+00	6.925327e+00	6.499182e+00
5.838672e+00	5.329055e+00	4.581900e+00	3.659416e+00	2.072246e+00	1.461203e+00
8.353695e-01	7.417597e-01	6.702028e-01	6.645767e-01	6.607820e-01	6.599535e-01
1.503520e+01	1.400428e+01	1.319344e+01	1.274492e+01	1.247010e+01	1.181812e+01
1.122639e+01	1.068684e+01	1.019719e+01	9.754443e+00	9.356605e+00	9.001104e+00
8.684843e+00	8.403323e+00	8.149230e+00	7.913891e+00	7.686850e+00	7.446202e+00
7.157075e+00	6.758691e+00	6.124422e+00	5.629071e+00	4.888259e+00	3.948756e+00
2.261143e+00	1.582215e+00	8.660773e-01	7.548742e-01	6.704940e-01	6.642005e-01
6.596818e-01	6.583362e-01	1.502646e+01	1.400430e+01	1.320043e+01	1.275744e+01
1.248684e+01	1.184357e+01	1.126066e+01	1.073060e+01	1.025104e+01	9.819266e+00
9.433056e+00	9.089850e+00	8.786430e+00	8.518057e+00	8.276802e+00	8.054600e+00
7.844339e+00	7.630436e+00	7.380521e+00	7.020363e+00	6.410225e+00	5.924703e+00
5.196886e+00	4.251410e+00	2.465087e+00	1.716896e+00	9.027535e-01	7.737950e-01
6.719228e-01	6.632957e-01	6.579877e-01	6.569172e-01	1.501728e+01	1.400422e+01
1.321004e+01	1.277164e+01	1.250472e+01	1.186963e+01	1.129484e+01	1.077337e+01
1.030289e+01	9.880804e+00	9.504790e+00	9.172366e+00	8.880405e+00	8.624174e+00
8.395654e+00	8.187363e+00	7.994555e+00	7.806018e+00	7.591599e+00	7.269353e+00
6.690951e+00	6.220498e+00	5.510076e+00	4.563847e+00	2.687354e+00	1.867502e+00
9.449024e-01	7.964236e-01	6.742762e-01	6.630140e-01	6.566654e-01	6.558164e-01
1.500386e+01	1.400319e+01	1.321871e+01	1.278672e+01	1.252413e+01	1.189775e+01
1.133057e+01	1.081638e+01	1.035319e+01	9.938496e+00	9.570317e+00	9.246417e+00
8.964045e+00	8.718842e+00	8.503449e+00	8.310894e+00	8.136970e+00	7.970884e+00
7.783520e+00	7.495069e+00	6.958664e+00	6.511528e+00	5.822158e+00	4.879276e+00
2.929253e+00	2.036820e+00	9.942906e-01	8.236157e-01	6.781000e-01	6.633904e-01
6.558416e-01	6.550096e-01	1.497999e+01	1.399494e+01	1.322081e+01	1.279680e+01
1.253941e+01	1.192265e+01	1.136262e+01	1.085422e+01	1.039611e+01	9.986363e+00
9.623816e+00	9.306677e+00	9.032644e+00	8.798025e+00	8.596328e+00	8.421005e+00
8.266861e+00	8.120515e+00	7.953021e+00	7.695158e+00	7.209753e+00	6.792308e+00
6.125613e+00	5.190360e+00	3.189131e+00	2.223215e+00	1.050994e+00	8.551442e-01
6.829568e-01	6.646034e-01	6.549946e-01	6.541626e-01	1.494921e+01	1.398081e+01
1.322233e+01	1.280574e+01	1.255309e+01	1.194541e+01	1.139196e+01	1.088873e+01
1.043501e+01	1.002950e+01	9.671879e+00	9.360802e+00	9.094416e+00	8.869742e+00
8.681205e+00	8.522727e+00	8.387908e+00	8.260225e+00	8.110803e+00	7.882953e+00
7.452112e+00	7.067949e+00	6.427614e+00	5.505619e+00	3.467251e+00	2.426734e+00
1.114895e+00	8.911664e-01	6.889799e-01	6.665659e-01	6.543132e-01	6.533634e-01
1.492020e+01	1.397111e+01	1.322690e+01	1.281680e+01	1.256625e+01	1.196453e+01
1.141621e+01	1.091810e+01	1.046944e+01	1.006906e+01	9.716941e+00	9.411982e+00
9.152664e+00	8.936456e+00	8.758377e+00	8.612863e+00	8.493779e+00	8.384507e+00
8.257438e+00	8.061991e+00	7.681780e+00	7.330639e+00	6.725329e+00	5.828271e+00
3.757347e+00	2.643696e+00	1.187580e+00	9.339411e-01	6.967979e-01	6.683505e-01
6.541660e-01	6.527511e-01	1.488938e+01	1.396330e+01	1.323572e+01	1.282947e+01
1.257812e+01	1.198012e+01	1.143582e+01	1.094247e+01	1.049895e+01	1.010399e+01
9.757470e+00	9.458373e+00	9.205394e+00	8.996252e+00	8.826352e+00	8.690712e+00
8.584380e+00	8.492564e+00	8.389953e+00	8.227866e+00	7.894531e+00	7.575826e+00
7.012300e+00	6.151128e+00	4.056916e+00	2.874704e+00	1.271978e+00	9.861704e-01
7.076665e-01	6.702991e-01	6.541388e-01	6.522761e-01	1.483723e+01	1.394525e+01
1.323841e+01	1.283914e+01	1.258547e+01	1.199144e+01	1.145098e+01	1.096156e+01
1.052215e+01	1.013148e+01	9.789475e+00	9.495287e+00	9.247806e+00	9.044987e+00
8.882607e+00	8.756256e+00	8.661895e+00	8.586223e+00	8.506015e+00	8.375597e+00
8.088767e+00	7.802064e+00	7.278752e+00	6.456233e+00	4.365844e+00	3.124691e+00
1.366390e+00	1.043808e+00	7.203843e-01	6.742178e-01	6.543779e-01	6.517896e-01
1.476374e+01	1.391560e+01	1.323987e+01	1.284751e+01	1.259106e+01	1.200071e+01
1.146380e+01	1.097784e+01	1.054200e+01	1.015505e+01	9.816987e+00	9.527158e+00
9.284628e+00	9.087575e+00	8.932133e+00	8.814462e+00	8.731348e+00	8.670903e+00
8.611944e+00	8.512153e+00	8.271342e+00	8.016559e+00	7.533560e+00	6.752779e+00
4.686205e+00	3.394669e+00	1.471899e+00	1.107753e+00	7.351942e-01	6.807012e-01
6.550084e-01	6.513194e-01	1.468694e+01	1.388517e+01	1.324176e+01	1.285669e+01
1.259694e+01	1.201002e+01	1.147627e+01	1.099336e+01	1.056046e+01	1.017654e+01
9.841626e+00	9.555337e+00	9.316951e+00	9.124938e+00	8.975882e+00	8.866476e+00
8.794104e+00	8.747738e+00	8.707983e+00	8.636768e+00	8.441288e+00	8.218721e+00
7.776179e+00	7.036517e+00	5.009002e+00	3.684151e+00	1.590493e+00	1.178705e+00
7.519982e-01	6.889416e-01	6.553828e-01	6.509719e-01	1.460445e+01	1.385339e+01
1.324440e+01	1.286717e+01	1.260335e+01	1.201960e+01	1.148862e+01	1.100834e+01
1.057770e+01	1.019598e+01	9.863299e+00	9.579596e+00	9.344450e+00	9.156706e+00
9.013451e+00	8.911842e+00	8.849632e+00	8.816020e+00	8.793028e+00	8.747616e+00
8.595969e+00	8.405523e+00	8.002272e+00	7.300037e+00	5.326140e+00	3.994457e+00
1.726667e+00	1.258777e+00	7.719292e-01	7.011127e-01	6.555122e-01	6.507139e-01
1.452313e+01	1.382148e+01	1.324586e+01	1.287635e+01	1.260818e+01	1.202639e+01
1.149699e+01	1.101834e+01	1.058972e+01	1.021071e+01	9.881304e+00	9.601259e+00
9.369699e+00	9.185432e+00	9.046442e+00	8.950773e+00	8.896625e+00	8.873838e+00
8.866349e+00	8.846361e+00	8.734203e+00	8.570541e+00	8.209094e+00	7.563922e+00
5.662175e+00	4.300201e+00	1.871252e+00	1.351293e+00	7.965148e-01	7.126617e-01
6.578503e-01	6.506695e-01	1.444699e+01	1.379127e+01	1.324687e+01	1.288450e+01
1.261226e+01	1.203189e+01	1.150351e+01	1.102606e+01	1.059917e+01	1.022265e+01
9.896386e+00	9.619920e+00	9.391922e+00	9.211026e+00	9.075720e+00	8.984763e+00
8.936925e+00	8.923164e+00	8.929500e+00	8.932245e+00	8.856122e+00	8.718843e+00
8.401469e+00	7.817483e+00	5.993275e+00	4.609787e+00	2.032407e+00	1.457255e+00
8.259577e-01	7.253162e-01	6.611995e-01	6.505819e-01	1.438245e+01	1.376593e+01
1.324830e+01	1.289211e+01	1.261671e+01	1.203801e+01	1.151077e+01	1.103466e+01
1.060926e+01	1.023436e+01	9.909731e+00	9.635278e+00	9.410150e+00	9.233219e+00
9.102274e+00	9.015792e+00	8.973221e+00	8.967084e+00	8.985162e+00	9.005268e+00
8.963271e+00	8.858883e+00	8.587568e+00	8.043366e+00	6.280716e+00	4.946047e+00
2.229351e+00	1.574031e+00	8.581041e-01	7.440197e-01	6.602590e-01	6.498512e-01
1.432900e+01	1.374527e+01	1.324984e+01	1.289855e+01	1.262031e+01	1.204303e+01
1.151694e+01	1.104225e+01	1.061831e+01	1.024496e+01	9.922211e+00	9.649784e+00
9.426895e+00	9.252511e+00	9.124662e+00	9.042162e+00	9.004806e+00	9.005898e+00
9.034558e+00	9.071295e+00	9.059012e+00	8.980499e+00	8.751170e+00	8.260886e+00
6.585473e+00	5.271696e+00	2.442645e+00	1.705383e+00	8.963949e-01	7.644153e-01
6.628934e-01	6.498788e-01	1.428166e+01	1.372660e+01	1.325028e+01	1.290340e+01
1.262247e+01	1.204650e+01	1.152165e+01	1.104830e+01	1.062580e+01	1.025392e+01
9.932782e+00	9.662064e+00	9.441077e+00	9.268898e+00	9.143771e+00	9.064805e+00
9.032105e+00	9.039610e+00	9.077694e+00	9.129481e+00	9.144110e+00	9.089142e+00
8.899838e+00	8.464703e+00	6.885739e+00	5.598106e+00	2.673809e+00	1.850494e+00
9.398820e-01	7.876854e-01	6.668098e-01	6.499558e-01	1.424001e+01	1.370964e+01
1.325007e+01	1.290669e+01	1.262341e+01	1.204854e+01	1.152488e+01	1.105271e+01
1.063153e+01	1.026096e+01	9.941087e+00	9.671704e+00	9.452307e+00	9.282118e+00
9.159416e+00	9.083460e+00	9.054672e+00	9.067571e+00	9.113718e+00	9.178504e+00
9.216852e+00	9.183214e+00	9.031214e+00	8.648778e+00	7.170040e+00	5.920669e+00
2.922097e+00	2.011214e+00	9.900869e-01	8.154019e-01	6.717109e-01	6.501052e-01
1.420147e+01	1.369347e+01	1.324918e+01	1.290881e+01	1.262336e+01	1.204950e+01
1.152696e+01	1.105588e+01	1.063578e+01	1.026627e+01	9.947447e+00	9.679170e+00
9.461117e+00	9.292669e+00	9.172087e+00	9.098660e+00	9.073157e+00	9.090626e+00
9.143685e+00	9.219692e+00	9.278738e+00	9.264011e+00	9.146106e+00	8.814111e+00
7.439340e+00	6.236033e+00	3.186776e+00	2.190437e+00	1.047727e+00	8.479233e-01
6.778461e-01	6.500139e-01	1.416574e+01	1.367848e+01	1.324806e+01	1.291068e+01
1.262327e+01	1.205030e+01	1.152877e+01	1.105870e+01	1.063953e+01	1.027097e+01
9.953063e+00	9.685767e+00	9.468918e+00	9.302046e+00	9.183380e+00	9.112210e+00
9.089640e+00	9.111207e+00	9.170485e+00	9.256652e+00	9.334573e+00	9.337242e+00
9.251286e+00	8.968151e+00	7.700649e+00	6.549846e+00	3.469267e+00	2.388762e+00
1.112517e+00	8.848881e-01	6.851143e-01	6.498069e-01	1.413466e+01	1.366624e+01
1.324817e+01	1.291343e+01	1.262376e+01	1.205188e+01	1.153130e+01	1.106203e+01
1.064365e+01	1.027586e+01	9.958749e+00	9.692322e+00	9.476545e+00	9.311041e+00
9.194027e+00	9.124818e+00	9.104825e+00	9.129983e+00	9.194678e+00	9.289782e+00
9.384405e+00	9.402479e+00	9.345209e+00	9.107884e+00	7.949138e+00	6.855803e+00
3.765673e+00	2.608845e+00	1.185626e+00	9.270977e-01	6.936397e-01	6.494966e-01
1.410818e+01	1.365643e+01	1.324969e+01	1.291727e+01	1.262613e+01	1.205473e+01
1.153464e+01	1.106583e+01	1.064800e+01	1.028076e+01	9.964303e+00	9.698615e+00
9.483757e+00	9.319394e+00	9.203756e+00	9.136199e+00	9.118407e+00	9.146625e+00
9.215910e+00	9.318668e+00	9.427696e+00	9.459069e+00	9.426921e+00	9.231513e+00
8.180408e+00	7.148196e+00	4.073073e+00	2.852728e+00	1.269837e+00	9.768403e-01
7.043069e-01	6.490758e-01	1.408659e+01	1.364917e+01	1.325195e+01	1.292189e+01
1.262910e+01	1.205818e+01	1.153854e+01	1.107018e+01	1.065282e+01	1.028598e+01
9.969979e+00	9.704914e+00	9.490805e+00	9.327355e+00	9.212838e+00	9.146685e+00
9.130775e+00	9.161585e+00	9.234730e+00	9.343992e+00	9.465359e+00	9.508118e+00
9.497618e+00	9.340004e+00	8.394074e+00	7.425437e+00	4.388246e+00	3.110175e+00
1.364915e+00	1.033938e+00	7.175700e-01	6.492620e-01	1.406772e+01	1.364314e+01
1.325475e+01	1.292675e+01	1.263247e+01	1.206187e+01	1.154258e+01	1.107459e+01
1.065760e+01	1.029107e+01	9.975439e+00	9.710935e+00	9.497480e+00	9.334808e+00
9.221258e+00	9.156356e+00	9.142131e+00	9.175244e+00	9.251799e+00	9.366847e+00
9.499260e+00	9.552223e+00	9.561225e+00	9.438715e+00	8.596309e+00	7.693581e+00
4.714217e+00	3.384584e+00	1.471623e+00	1.098808e+00	7.334683e-01	6.497589e-01
1.404923e+01	1.363616e+01	1.325535e+01	1.292804e+01	1.263326e+01	1.206278e+01
1.154361e+01	1.107575e+01	1.065890e+01	1.029290e+01	9.977922e+00	9.714079e+00
9.501312e+00	9.339357e+00	9.226693e+00	9.162963e+00	9.150285e+00	9.185479e+00
9.264984e+00	9.385038e+00	9.527131e+00	9.589121e+00	9.615272e+00	9.524533e+00
8.782290e+00	7.946954e+00	5.045321e+00	3.673520e+00	1.589722e+00	1.171519e+00
7.513999e-01	6.498951e-01	1.403100e+01	1.362758e+01	1.325325e+01	1.292757e+01
1.263165e+01	1.206161e+01	1.154281e+01	1.107537e+01	1.065887e+01	1.029322e+01
9.978713e+00	9.715365e+00	9.503137e+00	9.341737e+00	9.229777e+00	9.167016e+00
9.155628e+00	9.192572e+00	9.274498e+00	9.398696e+00	9.548944e+00	9.618633e+00
9.659356e+00	9.596463e+00	8.948475e+00	8.180168e+00	5.375430e+00	3.974263e+00
1.721394e+00	1.254925e+00	7.725361e-01	6.496798e-01	1.401516e+01	1.361994e+01
1.325171e+01	1.292750e+01	1.263059e+01	1.206086e+01	1.154227e+01	1.107513e+01
1.065891e+01	1.029359e+01	9.979502e+00	9.716595e+00	9.504817e+00	9.343858e+00
9.232473e+00	9.170538e+00	9.160296e+00	9.198780e+00	9.282812e+00	9.410537e+00
9.567909e+00	9.644467e+00	9.697919e+00	9.659602e+00	9.099953e+00	8.397950e+00
5.703807e+00	4.284743e+00	1.877465e+00	1.349131e+00	7.968525e-01	6.497012e-01
1.400331e+01	1.361555e+01	1.325147e+01	1.292799e+01	1.263055e+01	1.206092e+01
1.154240e+01	1.107537e+01	1.065948e+01	1.029452e+01	9.980891e+00	9.718436e+00
9.507075e+00	9.346500e+00	9.235622e+00	9.174428e+00	9.165225e+00	9.205085e+00
9.290981e+00	9.421738e+00	9.585315e+00	9.667952e+00	9.732416e+00	9.715527e+00
9.237434e+00	8.599879e+00	6.027816e+00	4.603445e+00	2.062197e+00	1.455550e+00
8.253560e-01	6.497254e-01	1.399595e+01	1.361451e+01	1.325467e+01	1.293216e+01
1.263373e+01	1.206410e+01	1.154578e+01	1.107886e+01	1.066305e+01	1.029825e+01
9.984773e+00	9.722498e+00	9.511363e+00	9.351076e+00	9.240594e+00	9.179995e+00
9.171597e+00	9.212598e+00	9.300115e+00	9.433481e+00	9.602392e+00	9.690299e+00
9.764175e+00	9.765782e+00	9.361998e+00	8.786187e+00	6.346071e+00	4.929728e+00
2.271056e+00	1.576723e+00	8.589499e-01	6.490087e-01	1.398650e+01	1.361098e+01
1.325461e+01	1.293302e+01	1.263386e+01	1.206445e+01	1.154624e+01	1.107950e+01
1.066393e+01	1.029941e+01	9.986232e+00	9.724279e+00	9.513384e+00	9.353496e+00
9.243505e+00	9.183252e+00	9.175311e+00	9.217099e+00	9.305956e+00	9.441907e+00
9.615631e+00	9.707573e+00	9.789435e+00	9.807206e+00	9.470431e+00	8.954441e+00
6.655106e+00	5.258308e+00	2.494151e+00	1.733423e+00	8.971419e-01	6.500046e-01
1.397701e+01	1.360618e+01	1.325404e+01	1.293283e+01	1.263351e+01	1.206436e+01
1.154663e+01	1.108031e+01	1.066495e+01	1.030047e+01	9.986990e+00	9.724674e+00
9.513786e+00	9.354017e+00	9.244233e+00	9.184780e+00	9.177893e+00	9.220842e+00
9.310982e+00	9.447894e+00	9.624847e+00	9.721930e+00	9.810987e+00	9.842015e+00
9.567250e+00	9.105201e+00	6.951102e+00	5.591729e+00	2.734078e+00	1.904713e+00
9.404372e-01	6.503499e-01	1.396793e+01	1.360015e+01	1.324977e+01	1.292928e+01
1.263000e+01	1.206283e+01	1.154706e+01	1.108179e+01	1.066661e+01	1.030163e+01
9.987368e+00	9.724282e+00	9.512834e+00	9.353123e+00	9.243979e+00	9.185342e+00
9.179662e+00	9.224110e+00	9.315515e+00	9.451907e+00	9.630717e+00	9.733732e+00
9.829246e+00	9.870614e+00	9.652566e+00	9.237159e+00	7.228780e+00	5.927342e+00
2.991015e+00	2.083135e+00	9.903012e-01	6.493781e-01	