1.257401e+00	1.281588e+00	1.305937e+00	1.330455e+00	1.355136e+00	1.404749e+00
1.454635e+00	1.504671e+00	1.554804e+00	1.605126e+00	1.655890e+00	1.707346e+00
1.759839e+00	1.814400e+00	1.873188e+00	1.937636e+00	2.006398e+00	2.074821e+00
2.137720e+00	2.194746e+00	2.244466e+00	2.265447e+00	2.285286e+00	2.302138e+00
2.326860e+00	2.333131e+00	2.337768e+00	2.338344e+00	2.338881e+00	2.338890e+00
2.338997e+00	2.339065e+00	1.352023e+00	1.377137e+00	1.402368e+00	1.427693e+00
1.453111e+00	1.504018e+00	1.554933e+00	1.605726e+00	1.656358e+00	1.706958e+00
1.757840e+00	1.809266e+00	1.861589e+00	1.915842e+00	1.974193e+00	2.038070e+00
2.106101e+00	2.173640e+00	2.235556e+00	2.291572e+00	2.340364e+00	2.360942e+00
2.380375e+00	2.396841e+00	2.420916e+00	2.427019e+00	2.431530e+00	2.432089e+00
2.432611e+00	2.432620e+00	2.432724e+00	2.432791e+00	1.453766e+00	1.479810e+00
1.505920e+00	1.532038e+00	1.558170e+00	1.610302e+00	1.662146e+00	1.713569e+00
1.764545e+00	1.815251e+00	1.866066e+00	1.917270e+00	1.969223e+00	2.022957e+00
2.080645e+00	2.143709e+00	2.210759e+00	2.277167e+00	2.337869e+00	2.392670e+00
2.440360e+00	2.460462e+00	2.479421e+00	2.495439e+00	2.518775e+00	2.524684e+00
2.529052e+00	2.529593e+00	2.530097e+00	2.530106e+00	2.530207e+00	2.530271e+00
1.563165e+00	1.590137e+00	1.617117e+00	1.644009e+00	1.670824e+00	1.724098e+00
1.776752e+00	1.828654e+00	1.879798e+00	1.930414e+00	1.980956e+00	2.031722e+00
2.083080e+00	2.136061e+00	2.192836e+00	2.254823e+00	2.320617e+00	2.385624e+00
2.444865e+00	2.498227e+00	2.544628e+00	2.564177e+00	2.582588e+00	2.598093e+00
2.620589e+00	2.626280e+00	2.630485e+00	2.631006e+00	2.631490e+00	2.631499e+00
2.631597e+00	2.631658e+00	1.680796e+00	1.708690e+00	1.736526e+00	1.764163e+00
1.791624e+00	1.845934e+00	1.899260e+00	1.951469e+00	2.002579e+00	2.052883e+00
2.102919e+00	2.153006e+00	2.203521e+00	2.255488e+00	2.311077e+00	2.371697e+00
2.435935e+00	2.499246e+00	2.556758e+00	2.608442e+00	2.653351e+00	2.672264e+00
2.690048e+00	2.704971e+00	2.726518e+00	2.731965e+00	2.735987e+00	2.736484e+00
2.736946e+00	2.736956e+00	2.737049e+00	2.737108e+00	1.807280e+00	1.836082e+00
1.864752e+00	1.893099e+00	1.921156e+00	1.976381e+00	2.030215e+00	2.082532e+00
2.133380e+00	2.183121e+00	2.232391e+00	2.281530e+00	2.330925e+00	2.381592e+00
2.435694e+00	2.494629e+00	2.556983e+00	2.618280e+00	2.673771e+00	2.723520e+00
2.766720e+00	2.784907e+00	2.801979e+00	2.816244e+00	2.836729e+00	2.841902e+00
2.845720e+00	2.846191e+00	2.846629e+00	2.846638e+00	2.846727e+00	2.846782e+00
1.943282e+00	1.972971e+00	2.002446e+00	2.031459e+00	2.060054e+00	2.116046e+00
2.170199e+00	2.222397e+00	2.272724e+00	2.321623e+00	2.369834e+00	2.417726e+00
2.465695e+00	2.514746e+00	2.567031e+00	2.623933e+00	2.684047e+00	2.742984e+00
2.796140e+00	2.843674e+00	2.884932e+00	2.902299e+00	2.918568e+00	2.932095e+00
2.951396e+00	2.956263e+00	2.959854e+00	2.960296e+00	2.960706e+00	2.960716e+00
2.960799e+00	2.960852e+00	2.089518e+00	2.120066e+00	2.150307e+00	2.179931e+00
2.208994e+00	2.265580e+00	2.319835e+00	2.371656e+00	2.421170e+00	2.468910e+00
2.515740e+00	2.562052e+00	2.608257e+00	2.655346e+00	2.705449e+00	2.759939e+00
2.817424e+00	2.873627e+00	2.924109e+00	2.969129e+00	3.008195e+00	3.024639e+00
3.040008e+00	3.052712e+00	3.070697e+00	3.075226e+00	3.078566e+00	3.078975e+00
3.079356e+00	3.079365e+00	3.079443e+00	3.079492e+00	2.246758e+00	2.278128e+00
2.309086e+00	2.339253e+00	2.368703e+00	2.425682e+00	2.479789e+00	2.530939e+00
2.579312e+00	2.625543e+00	2.670628e+00	2.714994e+00	2.759062e+00	2.803806e+00
2.851331e+00	2.902995e+00	2.957430e+00	3.010492e+00	3.057935e+00	3.100118e+00
3.136725e+00	3.152136e+00	3.166501e+00	3.178291e+00	3.194821e+00	3.198977e+00
3.202039e+00	3.202413e+00	3.202760e+00	3.202769e+00	3.202841e+00	3.202886e+00
2.415832e+00	2.447974e+00	2.479590e+00	2.510221e+00	2.539958e+00	2.597097e+00
2.650771e+00	2.700920e+00	2.747783e+00	2.792112e+00	2.835053e+00	2.877066e+00
2.918586e+00	2.960566e+00	3.005079e+00	3.053466e+00	3.104392e+00	3.153876e+00
3.197886e+00	3.236887e+00	3.270746e+00	3.285007e+00	3.298257e+00	3.309036e+00
3.323962e+00	3.327707e+00	3.330464e+00	3.330799e+00	3.331109e+00	3.331119e+00
3.331184e+00	3.331224e+00	2.597628e+00	2.630482e+00	2.662684e+00	2.693683e+00
2.723595e+00	2.780626e+00	2.833543e+00	2.882318e+00	2.927258e+00	2.969248e+00
3.009601e+00	3.048813e+00	3.087334e+00	3.126091e+00	3.167118e+00	3.211736e+00
3.258658e+00	3.304089e+00	3.344242e+00	3.379689e+00	3.410494e+00	3.423479e+00
3.435495e+00	3.445159e+00	3.458323e+00	3.461618e+00	3.464040e+00	3.464332e+00
3.464602e+00	3.464612e+00	3.464670e+00	3.464705e+00	2.793105e+00	2.826598e+00
2.859298e+00	2.890555e+00	2.920509e+00	2.977124e+00	3.028917e+00	3.075897e+00
3.118455e+00	3.157623e+00	3.194895e+00	3.230812e+00	3.265838e+00	3.300871e+00
3.337894e+00	3.378209e+00	3.420589e+00	3.461456e+00	3.497295e+00	3.528792e+00
3.556213e+00	3.567788e+00	3.578444e+00	3.586882e+00	3.598115e+00	3.600917e+00
3.602973e+00	3.603219e+00	3.603445e+00	3.603455e+00	3.603504e+00	3.603534e+00
3.003292e+00	3.037336e+00	3.070429e+00	3.101814e+00	3.131659e+00	3.187508e+00
3.237763e+00	3.282478e+00	3.322141e+00	3.357948e+00	3.391598e+00	3.423675e+00
3.454664e+00	3.485422e+00	3.517879e+00	3.553312e+00	3.590568e+00	3.626318e+00
3.657354e+00	3.684472e+00	3.708157e+00	3.718180e+00	3.727341e+00	3.734434e+00
3.743558e+00	3.745821e+00	3.747478e+00	3.747674e+00	3.747852e+00	3.747862e+00
3.747902e+00	3.747926e+00	3.229297e+00	3.263784e+00	3.297151e+00	3.328514e+00
3.358075e+00	3.412760e+00	3.461008e+00	3.502934e+00	3.539130e+00	3.570982e+00
3.600411e+00	3.628052e+00	3.654406e+00	3.680292e+00	3.707568e+00	3.737490e+00
3.768993e+00	3.799033e+00	3.824738e+00	3.847021e+00	3.866594e+00	3.874912e+00
3.882433e+00	3.888057e+00	3.894880e+00	3.896557e+00	3.897780e+00	3.897920e+00
3.898046e+00	3.898056e+00	3.898087e+00	3.898104e+00	3.472308e+00	3.507116e+00
3.540614e+00	3.571783e+00	3.600861e+00	3.653929e+00	3.699646e+00	3.738195e+00
3.770293e+00	3.797532e+00	3.822080e+00	3.844629e+00	3.865698e+00	3.886057e+00
3.907486e+00	3.931215e+00	3.956284e+00	3.979973e+00	3.999782e+00	4.016741e+00
4.031800e+00	4.038250e+00	4.043979e+00	4.047999e+00	4.052319e+00	4.053359e+00
4.054109e+00	4.054189e+00	4.054259e+00	4.054269e+00	4.054289e+00	4.054299e+00
3.736512e+00	3.771308e+00	3.804603e+00	3.835240e+00	3.863494e+00	3.914280e+00
3.956819e+00	3.991368e+00	4.018769e+00	4.040814e+00	4.059902e+00	4.076771e+00
4.091957e+00	4.106154e+00	4.121038e+00	4.137800e+00	4.155616e+00	4.172171e+00
4.185422e+00	4.196512e+00	4.206652e+00	4.211103e+00	4.214951e+00	4.217280e+00
4.218769e+00	4.219088e+00	4.219309e+00	4.219321e+00	4.219327e+00	4.219337e+00
4.219345e+00	4.219346e+00	4.018537e+00	4.053267e+00	4.086276e+00	4.116241e+00
4.143487e+00	4.191509e+00	4.230244e+00	4.260042e+00	4.281898e+00	4.297849e+00
4.310580e+00	4.320890e+00	4.329334e+00	4.336536e+00	4.344064e+00	4.353076e+00
4.362895e+00	4.371631e+00	4.377704e+00	4.382374e+00	4.387117e+00	4.389353e+00
4.391094e+00	4.391541e+00	4.390045e+00	4.389604e+00	4.389265e+00	4.389206e+00
4.389145e+00	4.389155e+00	4.389150e+00	4.389142e+00	4.307369e+00	4.342682e+00
4.375986e+00	4.405750e+00	4.432349e+00	4.477993e+00	4.512753e+00	4.536980e+00
4.551940e+00	4.560163e+00	4.564930e+00	4.567183e+00	4.567500e+00	4.566518e+00
4.565768e+00	4.566441e+00	4.567950e+00	4.568608e+00	4.567077e+00	4.564811e+00
4.563600e+00	4.563269e+00	4.562375e+00	4.560504e+00	4.556331e+00	4.555223e+00
4.554358e+00	4.554235e+00	4.554115e+00	4.554126e+00	4.554111e+00	4.554100e+00
4.600600e+00	4.637449e+00	4.671865e+00	4.702006e+00	4.728321e+00	4.771776e+00
4.802080e+00	4.819717e+00	4.826363e+00	4.825228e+00	4.820435e+00	4.813144e+00
4.803974e+00	4.793670e+00	4.783763e+00	4.775508e+00	4.768372e+00	4.760719e+00
4.751289e+00	4.741720e+00	4.734044e+00	4.730775e+00	4.726753e+00	4.722202e+00
4.715674e+00	4.713987e+00	4.712637e+00	4.712459e+00	4.712287e+00	4.712299e+00
4.712279e+00	4.712269e+00	4.896324e+00	4.937266e+00	4.974626e+00	5.005716e+00
5.031267e+00	5.069742e+00	5.091995e+00	5.100795e+00	5.098214e+00	5.087411e+00
5.072457e+00	5.054715e+00	5.035210e+00	5.014968e+00	4.995138e+00	4.976749e+00
4.959605e+00	4.942836e+00	4.925782e+00	4.909376e+00	4.894730e+00	4.887891e+00
4.880391e+00	4.873293e+00	4.864506e+00	4.862229e+00	4.860424e+00	4.860193e+00
4.859988e+00	4.859983e+00	4.859971e+00	4.859956e+00	5.197900e+00	5.244690e+00
5.286264e+00	5.318699e+00	5.343143e+00	5.374654e+00	5.386248e+00	5.384378e+00
5.371500e+00	5.350320e+00	5.324391e+00	5.295268e+00	5.264561e+00	5.233668e+00
5.203171e+00	5.173755e+00	5.145710e+00	5.119265e+00	5.094573e+00	5.071421e+00
5.049412e+00	5.038609e+00	5.027381e+00	5.017749e+00	5.006757e+00	5.003891e+00
5.001647e+00	5.001365e+00	5.001135e+00	5.001105e+00	5.001106e+00	5.001084e+00
5.504588e+00	5.556317e+00	5.601338e+00	5.634599e+00	5.657609e+00	5.681736e+00
5.681947e+00	5.667652e+00	5.642006e+00	5.608002e+00	5.569534e+00	5.528163e+00
5.485334e+00	5.442490e+00	5.400308e+00	5.359690e+00	5.321141e+00	5.285149e+00
5.252050e+00	5.221247e+00	5.191655e+00	5.176930e+00	5.161933e+00	5.149628e+00
5.136399e+00	5.133000e+00	5.130322e+00	5.129982e+00	5.129722e+00	5.129680e+00
5.129675e+00	5.129659e+00	5.812021e+00	5.867205e+00	5.914483e+00	5.947887e+00
5.969180e+00	5.985912e+00	5.974442e+00	5.945951e+00	5.904771e+00	5.855249e+00
5.802758e+00	5.748548e+00	5.692917e+00	5.636944e+00	5.582250e+00	5.530614e+00
5.482397e+00	5.437332e+00	5.395205e+00	5.355984e+00	5.318832e+00	5.300379e+00
5.281698e+00	5.266652e+00	5.251217e+00	5.247370e+00	5.244278e+00	5.243874e+00
5.243579e+00	5.243540e+00	5.243508e+00	5.243513e+00	6.122234e+00	6.180261e+00
6.229050e+00	6.261635e+00	6.280111e+00	6.287063e+00	6.261530e+00	6.216854e+00
6.158488e+00	6.092016e+00	6.024070e+00	5.955726e+00	5.886388e+00	5.816854e+00
5.749422e+00	5.686526e+00	5.628311e+00	5.573847e+00	5.522401e+00	5.474540e+00
5.429693e+00	5.407431e+00	5.385063e+00	5.367358e+00	5.349718e+00	5.345348e+00
5.341848e+00	5.341387e+00	5.341057e+00	5.341014e+00	5.340967e+00	5.340980e+00
6.432840e+00	6.492866e+00	6.542193e+00	6.572766e+00	6.587087e+00	6.581468e+00
6.539243e+00	6.476283e+00	6.399114e+00	6.314365e+00	6.229696e+00	6.146106e+00
6.062381e+00	5.979086e+00	5.898904e+00	5.824621e+00	5.756174e+00	5.692088e+00
5.631198e+00	5.574611e+00	5.522015e+00	5.495989e+00	5.470033e+00	5.449781e+00
5.429935e+00	5.425009e+00	5.421098e+00	5.420589e+00	5.420219e+00	5.420166e+00
5.420117e+00	5.420125e+00	6.741429e+00	6.802150e+00	6.850632e+00	6.877650e+00
6.886156e+00	6.864680e+00	6.802825e+00	6.719202e+00	6.621451e+00	6.517046e+00
6.414537e+00	6.314822e+00	6.216274e+00	6.119177e+00	6.026369e+00	5.940624e+00
5.861759e+00	5.787868e+00	5.717472e+00	5.652061e+00	5.591628e+00	5.561995e+00
5.532627e+00	5.509896e+00	5.487745e+00	5.482266e+00	5.477911e+00	5.477354e+00
5.476937e+00	5.476867e+00	5.476827e+00	5.476827e+00	7.047187e+00	7.106937e+00
7.152816e+00	7.174405e+00	7.175172e+00	7.134166e+00	7.049550e+00	6.942991e+00
6.823139e+00	6.698040e+00	6.576793e+00	6.460342e+00	6.346837e+00	6.236282e+00
6.131294e+00	6.034340e+00	5.945190e+00	5.861739e+00	5.782431e+00	5.709002e+00
5.641997e+00	5.608713e+00	5.575525e+00	5.549942e+00	5.524805e+00	5.518622e+00
5.513707e+00	5.513078e+00	5.512597e+00	5.512527e+00	5.512487e+00	5.512487e+00
7.351950e+00	7.408894e+00	7.450248e+00	7.464360e+00	7.455313e+00	7.390867e+00
7.280179e+00	7.148308e+00	7.004733e+00	6.857818e+00	6.716860e+00	6.582828e+00
6.453972e+00	6.330027e+00	6.213088e+00	6.104711e+00	6.003660e+00	5.908822e+00
5.818572e+00	5.734365e+00	5.656871e+00	5.621034e+00	5.586428e+00	5.559766e+00
5.533451e+00	5.526989e+00	5.521851e+00	5.521193e+00	5.520689e+00	5.520618e+00
5.520576e+00	5.520576e+00	7.651330e+00	7.703054e+00	7.737429e+00	7.741559e+00
7.720251e+00	7.627993e+00	7.487799e+00	7.328379e+00	7.159759e+00	6.990289e+00
6.829069e+00	6.676987e+00	6.532644e+00	6.395371e+00	6.266416e+00	6.146611e+00
6.035704e+00	5.931697e+00	5.833098e+00	5.741329e+00	5.657630e+00	5.618484e+00
5.580439e+00	5.551162e+00	5.521856e+00	5.514687e+00	5.508977e+00	5.508238e+00
5.507698e+00	5.507618e+00	5.507558e+00	5.507558e+00	7.930175e+00	7.980472e+00
8.012186e+00	8.009611e+00	7.977729e+00	7.856548e+00	7.680881e+00	7.487723e+00
7.288876e+00	7.092994e+00	6.909301e+00	6.738371e+00	6.580318e+00	6.425176e+00
6.279592e+00	6.145460e+00	6.029203e+00	5.919601e+00	5.815441e+00	5.718290e+00
5.629689e+00	5.586933e+00	5.544698e+00	5.512134e+00	5.481278e+00	5.474233e+00
5.467538e+00	5.466513e+00	5.465992e+00	5.465960e+00	5.465779e+00	5.465844e+00
8.217141e+00	8.259587e+00	8.281857e+00	8.266515e+00	8.219230e+00	8.063551e+00
7.851841e+00	7.626270e+00	7.399263e+00	7.179032e+00	6.974311e+00	6.785311e+00
6.612870e+00	6.444132e+00	6.287099e+00	6.142161e+00	6.012359e+00	5.889795e+00
5.773444e+00	5.664972e+00	5.566475e+00	5.520710e+00	5.476001e+00	5.441493e+00
5.409186e+00	5.401904e+00	5.394740e+00	5.393619e+00	5.393071e+00	5.393046e+00
5.392838e+00	5.392915e+00	8.590285e+00	8.578225e+00	8.547375e+00	8.486100e+00
8.401444e+00	8.194346e+00	7.956109e+00	7.713712e+00	7.474800e+00	7.244878e+00
7.023510e+00	6.814669e+00	6.617311e+00	6.442522e+00	6.278912e+00	6.124202e+00
5.976563e+00	5.838953e+00	5.710462e+00	5.592042e+00	5.486221e+00	5.439548e+00
5.397062e+00	5.365166e+00	5.322368e+00	5.308348e+00	5.304527e+00	5.305042e+00
5.303974e+00	5.303504e+00	5.304147e+00	5.303699e+00	9.043441e+00	8.924643e+00
8.802113e+00	8.673199e+00	8.541359e+00	8.280921e+00	8.022803e+00	7.770576e+00
7.525874e+00	7.290620e+00	7.057334e+00	6.832218e+00	6.617284e+00	6.418389e+00
6.230065e+00	6.052230e+00	5.886170e+00	5.733705e+00	5.595959e+00	5.471596e+00
5.363364e+00	5.320366e+00	5.288742e+00	5.266804e+00	5.199861e+00	5.168424e+00
5.174795e+00	5.179838e+00	5.177423e+00	5.175756e+00	5.178697e+00	5.176846e+00
9.357609e+00	9.191453e+00	9.026136e+00	8.861175e+00	8.699652e+00	8.395771e+00
8.110241e+00	7.837782e+00	7.563084e+00	7.292199e+00	7.049706e+00	6.814488e+00
6.589750e+00	6.363789e+00	6.153240e+00	5.956643e+00	5.775431e+00	5.611988e+00
5.467639e+00	5.338441e+00	5.225784e+00	5.182002e+00	5.152010e+00	5.131383e+00
5.049281e+00	5.009962e+00	5.022605e+00	5.029936e+00	5.026574e+00	5.024261e+00
5.028282e+00	5.025775e+00	9.614856e+00	9.421671e+00	9.233465e+00	9.048168e+00
8.867548e+00	8.527485e+00	8.207160e+00	7.904690e+00	7.592886e+00	7.290597e+00
7.018439e+00	6.755086e+00	6.504655e+00	6.263256e+00	6.038737e+00	5.830541e+00
5.640221e+00	5.470332e+00	5.321815e+00	5.188754e+00	5.070266e+00	5.022155e+00
4.985815e+00	4.958247e+00	4.871043e+00	4.832039e+00	4.847442e+00	4.855083e+00
4.851189e+00	4.848729e+00	4.852761e+00	4.850256e+00	9.786493e+00	9.615806e+00
9.436242e+00	9.245217e+00	9.049594e+00	8.665952e+00	8.291761e+00	7.928445e+00
7.595967e+00	7.280016e+00	6.970776e+00	6.680851e+00	6.409676e+00	6.155266e+00
5.919867e+00	5.703239e+00	5.505657e+00	5.327644e+00	5.169062e+00	5.025920e+00
4.897059e+00	4.841761e+00	4.795786e+00	4.760413e+00	4.679360e+00	4.646573e+00
4.658398e+00	4.664435e+00	4.660909e+00	4.658854e+00	4.662059e+00	4.660066e+00
9.883853e+00	9.768698e+00	9.633275e+00	9.459148e+00	9.256737e+00	8.818739e+00
8.366655e+00	7.933076e+00	7.548245e+00	7.194183e+00	6.867031e+00	6.568396e+00
6.292355e+00	6.032873e+00	5.793320e+00	5.573942e+00	5.372112e+00	5.183413e+00
5.005081e+00	4.840707e+00	4.692634e+00	4.624074e+00	4.560790e+00	4.514961e+00
4.463753e+00	4.448196e+00	4.444986e+00	4.445654e+00	4.444237e+00	4.443659e+00
4.444376e+00	4.443907e+00	1.004616e+01	9.946743e+00	9.815384e+00	9.632526e+00
9.407034e+00	8.904507e+00	8.388930e+00	7.924044e+00	7.495613e+00	7.112837e+00
6.768903e+00	6.457974e+00	6.171638e+00	5.901648e+00	5.652060e+00	5.424048e+00
5.213169e+00	5.012663e+00	4.818611e+00	4.638077e+00	4.475545e+00	4.399129e+00
4.327021e+00	4.276019e+00	4.235604e+00	4.226959e+00	4.217732e+00	4.216284e+00
4.215708e+00	4.215718e+00	4.215442e+00	4.215577e+00	1.032278e+01	1.015653e+01
9.963402e+00	9.726777e+00	9.466263e+00	8.928217e+00	8.390566e+00	7.894208e+00
7.448003e+00	7.045182e+00	6.680721e+00	6.349674e+00	6.045072e+00	5.758732e+00
5.493412e+00	5.250640e+00	5.025994e+00	4.814560e+00	4.612867e+00	4.422899e+00
4.246602e+00	4.164359e+00	4.089413e+00	4.038315e+00	3.994332e+00	3.984264e+00
3.976381e+00	3.975404e+00	3.974670e+00	3.974541e+00	3.974521e+00	3.974490e+00
1.069218e+01	1.037965e+01	1.006562e+01	9.751133e+00	9.446609e+00	8.882363e+00
8.355140e+00	7.866709e+00	7.412658e+00	6.989571e+00	6.597147e+00	6.236175e+00
5.906193e+00	5.601861e+00	5.320812e+00	5.062582e+00	4.824361e+00	4.605891e+00
4.404455e+00	4.208533e+00	4.010662e+00	3.916898e+00	3.837252e+00	3.788507e+00
3.743268e+00	3.733601e+00	3.725435e+00	3.724490e+00	3.723781e+00	3.723599e+00
3.723753e+00	3.723599e+00	1.089064e+01	1.054278e+01	1.019417e+01	9.846809e+00
9.513938e+00	8.904026e+00	8.333997e+00	7.813204e+00	7.331916e+00	6.885486e+00
6.473672e+00	6.097950e+00	5.755822e+00	5.441197e+00	5.149918e+00	4.881205e+00
4.631893e+00	4.401222e+00	4.186471e+00	3.976561e+00	3.765191e+00	3.665738e+00
3.582496e+00	3.532728e+00	3.485942e+00	3.475654e+00	3.467684e+00	3.466833e+00
3.466106e+00	3.465935e+00	3.466024e+00	3.465903e+00	1.106559e+01	1.068766e+01
1.031146e+01	9.939828e+00	9.580160e+00	8.912887e+00	8.305207e+00	7.746396e+00
7.235052e+00	6.766069e+00	6.337449e+00	5.949980e+00	5.598318e+00	5.275281e+00
4.975383e+00	4.697412e+00	4.438156e+00	4.195658e+00	3.967090e+00	3.743171e+00
3.519744e+00	3.415242e+00	3.328132e+00	3.276264e+00	3.227376e+00	3.216455e+00
3.208525e+00	3.207721e+00	3.206974e+00	3.206817e+00	3.206828e+00	3.206745e+00
1.122969e+01	1.081705e+01	1.040772e+01	1.000559e+01	9.618180e+00	8.903725e+00
8.254472e+00	7.663878e+00	7.126612e+00	6.637581e+00	6.193435e+00	5.794404e+00
5.433425e+00	5.102206e+00	4.793995e+00	4.506821e+00	4.238273e+00	3.985229e+00
3.744830e+00	3.508653e+00	3.273516e+00	3.163489e+00	3.071359e+00	3.015911e+00
2.964014e+00	2.952610e+00	2.944357e+00	2.943507e+00	2.942737e+00	2.942587e+00
2.942557e+00	2.942487e+00	1.135310e+01	1.092561e+01	1.050215e+01	1.007494e+01
9.650230e+00	8.879558e+00	8.178756e+00	7.554027e+00	6.997215e+00	6.498350e+00
6.048495e+00	5.643537e+00	5.274134e+00	4.931474e+00	4.611036e+00	4.312260e+00
4.033735e+00	3.770246e+00	3.518651e+00	3.273291e+00	3.031770e+00	2.917517e+00
2.818504e+00	2.755773e+00	2.700448e+00	2.688493e+00	2.679734e+00	2.678740e+00
2.677933e+00	2.677796e+00	2.677737e+00	2.677680e+00	1.146884e+01	1.102565e+01
1.058401e+01	1.013095e+01	9.674161e+00	8.837894e+00	8.086535e+00	7.431137e+00
6.859143e+00	6.354362e+00	5.901963e+00	5.492862e+00	5.115869e+00	4.762008e+00
4.429474e+00	4.119279e+00	3.831191e+00	3.558403e+00	3.297486e+00	3.045324e+00
2.799725e+00	2.681978e+00	2.575893e+00	2.505040e+00	2.446297e+00	2.433764e+00
2.424373e+00	2.423218e+00	2.422361e+00	2.422233e+00	2.422156e+00	2.422112e+00
1.162348e+01	1.112487e+01	1.062337e+01	1.012981e+01	9.659852e+00	8.777990e+00
7.994146e+00	7.317785e+00	6.729104e+00	6.210817e+00	5.748627e+00	5.331500e+00
4.947850e+00	4.588396e+00	4.249579e+00	3.930980e+00	3.634097e+00	3.353981e+00
3.087265e+00	2.829877e+00	2.578463e+00	2.456734e+00	2.343894e+00	2.265740e+00
2.203589e+00	2.190333e+00	2.180072e+00	2.178823e+00	2.177885e+00	2.177742e+00
2.177667e+00	2.177631e+00	1.181866e+01	1.122174e+01	1.064422e+01	1.009915e+01
9.593358e+00	8.687161e+00	7.898085e+00	7.209724e+00	6.604160e+00	6.067242e+00
5.589691e+00	5.161379e+00	4.772013e+00	4.411788e+00	4.071432e+00	3.746916e+00
3.441974e+00	3.156322e+00	2.886751e+00	2.625534e+00	2.367185e+00	2.241103e+00
2.121709e+00	2.036752e+00	1.970814e+00	1.956605e+00	1.945205e+00	1.943897e+00
1.942845e+00	1.942669e+00	1.942610e+00	1.942578e+00	1.198393e+01	1.131925e+01
1.068157e+01	1.010113e+01	9.565557e+00	8.614438e+00	7.799969e+00	7.093803e+00
6.476156e+00	5.930014e+00	5.444286e+00	5.008765e+00	4.613401e+00	4.248508e+00
3.903583e+00	3.573560e+00	3.262588e+00	2.973209e+00	2.701345e+00	2.437063e+00
2.173531e+00	2.043988e+00	1.920085e+00	1.830458e+00	1.759756e+00	1.744193e+00
1.731632e+00	1.730225e+00	1.729038e+00	1.728844e+00	1.728782e+00	1.728753e+00
1.213751e+01	1.141770e+01	1.073268e+01	1.011364e+01	9.547097e+00	8.550076e+00
7.703151e+00	6.976734e+00	6.349765e+00	5.799059e+00	5.308418e+00	4.867492e+00
4.466196e+00	4.095225e+00	3.744806e+00	3.410096e+00	3.094698e+00	2.802958e+00
2.529575e+00	2.263129e+00	1.995958e+00	1.863875e+00	1.737034e+00	1.644278e+00
1.568828e+00	1.551861e+00	1.538227e+00	1.536704e+00	1.535387e+00	1.535182e+00
1.535107e+00	1.535082e+00	1.230117e+01	1.152315e+01	1.078884e+01	1.013097e+01
9.543540e+00	8.508783e+00	7.632958e+00	6.886392e+00	6.247365e+00	5.689474e+00
5.192475e+00	4.745075e+00	4.336765e+00	3.958675e+00	3.602814e+00	3.264952e+00
2.947235e+00	2.653296e+00	2.377780e+00	2.108951e+00	1.839508e+00	1.705910e+00
1.577103e+00	1.481705e+00	1.401147e+00	1.382839e+00	1.368151e+00	1.366392e+00
1.364973e+00	1.364782e+00	1.364657e+00	1.364645e+00	1.247800e+01	1.163794e+01
1.085288e+01	1.016330e+01	9.554497e+00	8.482461e+00	7.583359e+00	6.818991e+00
6.166539e+00	5.599599e+00	5.095386e+00	4.640911e+00	4.224666e+00	3.838248e+00
3.476813e+00	3.137329e+00	2.819404e+00	2.523372e+00	2.244893e+00	1.973067e+00
1.702350e+00	1.568083e+00	1.438056e+00	1.340292e+00	1.254076e+00	1.234467e+00
1.218711e+00	1.216584e+00	1.215085e+00	1.214937e+00	1.214719e+00	1.214734e+00
1.267888e+01	1.177449e+01	1.093663e+01	1.021368e+01	9.581274e+00	8.482752e+00
7.565894e+00	6.782167e+00	6.115142e+00	5.538538e+00	5.023986e+00	4.559071e+00
4.134684e+00	3.743042e+00	3.377867e+00	3.035012e+00	2.713624e+00	2.413624e+00
2.132769e+00	1.859855e+00	1.587638e+00	1.451677e+00	1.319610e+00	1.219307e+00
1.127748e+00	1.106396e+00	1.089383e+00	1.087102e+00	1.085489e+00	1.085303e+00
1.085105e+00	1.085078e+00	1.290457e+01	1.193549e+01	1.104539e+01	1.029118e+01
9.639740e+00	8.502041e+00	7.563434e+00	6.770316e+00	6.095566e+00	5.506567e+00
4.979412e+00	4.502518e+00	4.069428e+00	3.673071e+00	3.304448e+00	2.957258e+00
2.630888e+00	2.325881e+00	2.041932e+00	1.768239e+00	1.494112e+00	1.356008e+00
1.221133e+00	1.117589e+00	1.020583e+00	9.973151e-01	9.788963e-01	9.765296e-01
9.747791e-01	9.745327e-01	9.743837e-01	9.742951e-01	1.314424e+01	1.211369e+01
1.117502e+01	1.039332e+01	9.725815e+00	8.557201e+00	7.597919e+00	6.788316e+00
6.097994e+00	5.498745e+00	4.962118e+00	4.476514e+00	4.036348e+00	3.634299e+00
3.259960e+00	2.907698e+00	2.576366e+00	2.265896e+00	1.976188e+00	1.699526e+00
1.422635e+00	1.282458e+00	1.143991e+00	1.035831e+00	9.325172e-01	9.074090e-01
8.874329e-01	8.848546e-01	8.829531e-01	8.826901e-01	8.825180e-01	8.824154e-01
1.339564e+01	1.230886e+01	1.132620e+01	1.052044e+01	9.839070e+00	8.641135e+00
7.661638e+00	6.839023e+00	6.136802e+00	5.527035e+00	4.981031e+00	4.487362e+00
4.040470e+00	3.632026e+00	3.249445e+00	2.889957e+00	2.551621e+00	2.233140e+00
1.933697e+00	1.650459e+00	1.370926e+00	1.228366e+00	1.085908e+00	9.727781e-01
8.625431e-01	8.353629e-01	8.136313e-01	8.108241e-01	8.087449e-01	8.084536e-01
8.082664e-01	8.081502e-01	1.365285e+01	1.251490e+01	1.149244e+01	1.066552e+01
9.972287e+00	8.747634e+00	7.749127e+00	6.914160e+00	6.201381e+00	5.578711e+00
5.020110e+00	4.514630e+00	4.056269e+00	3.638462e+00	3.252844e+00	2.890506e+00
2.549294e+00	2.227410e+00	1.923724e+00	1.635124e+00	1.345566e+00	1.197624e+00
1.048127e+00	9.280528e-01	8.091795e-01	7.794588e-01	7.556001e-01	7.525030e-01
7.502177e-01	7.498969e-01	7.496919e-01	7.495693e-01	1.391243e+01	1.273177e+01
1.167643e+01	1.083283e+01	1.013057e+01	8.883575e+00	7.869186e+00	7.022608e+00
6.300062e+00	5.668504e+00	5.102477e+00	4.590487e+00	4.125258e+00	3.699261e+00
3.304006e+00	2.933148e+00	2.583503e+00	2.251727e+00	1.935387e+00	1.633734e+00
1.336965e+00	1.184511e+00	1.028784e+00	9.011372e-01	7.715381e-01	7.387229e-01
7.123145e-01	7.088809e-01	7.063381e-01	7.059878e-01	7.057555e-01	7.056394e-01
1.416669e+01	1.295886e+01	1.188202e+01	1.102632e+01	1.031517e+01	9.042904e+00
8.011560e+00	7.152919e+00	6.422345e+00	5.784324e+00	5.212230e+00	4.694030e+00
4.221832e+00	3.787787e+00	3.383697e+00	3.003497e+00	2.644074e+00	2.301910e+00
1.973432e+00	1.657163e+00	1.351061e+00	1.193739e+00	1.031875e+00	8.935002e-01
7.464184e-01	7.100509e-01	6.807652e-01	6.770663e-01	6.741157e-01	6.737439e-01
6.734496e-01	6.733921e-01	1.441913e+01	1.319052e+01	1.209788e+01	1.123362e+01
1.051539e+01	9.220042e+00	8.173801e+00	7.303988e+00	6.566927e+00	5.924377e+00
5.347793e+00	4.824550e+00	4.346544e+00	3.905653e+00	3.493179e+00	3.102947e+00
2.732636e+00	2.379806e+00	2.040837e+00	1.710330e+00	1.383804e+00	1.215674e+00
1.039812e+00	8.890860e-01	7.282210e-01	6.879745e-01	6.555993e-01	6.516124e-01
6.482478e-01	6.478503e-01	6.474911e-01	6.474859e-01	1.466952e+01	1.341580e+01
1.230527e+01	1.143450e+01	1.071422e+01	9.407944e+00	8.355520e+00	7.477638e+00
6.733417e+00	6.084301e+00	5.501572e+00	4.972262e+00	4.487923e+00	4.040036e+00
3.619404e+00	3.219584e+00	2.838537e+00	2.474188e+00	2.122469e+00	1.775263e+00
1.427297e+00	1.247459e+00	1.055722e+00	8.923563e-01	7.209053e-01	6.742905e-01
6.377588e-01	6.332616e-01	6.294728e-01	6.290223e-01	6.286022e-01	6.286316e-01
1.491410e+01	1.363331e+01	1.250467e+01	1.163041e+01	1.091368e+01	9.610953e+00
8.563868e+00	7.683088e+00	6.932018e+00	6.274727e+00	5.684472e+00	5.148349e+00
4.657627e+00	4.203375e+00	3.775791e+00	3.367901e+00	2.977373e+00	2.601660e+00
2.235986e+00	1.870884e+00	1.498038e+00	1.304226e+00	1.094506e+00	9.121581e-01
7.177549e-01	6.659970e-01	6.252356e-01	6.201849e-01	6.160089e-01	6.154963e-01
6.150201e-01	6.150394e-01	1.515183e+01	1.384346e+01	1.269736e+01	1.182132e+01
1.111108e+01	9.819235e+00	8.779054e+00	7.899190e+00	7.145351e+00	6.483139e+00
5.886751e+00	5.343748e+00	4.845811e+00	4.384368e+00	3.949918e+00	3.535235e+00
3.136964e+00	2.751016e+00	2.371037e+00	1.985795e+00	1.583959e+00	1.372309e+00
1.141742e+00	9.385084e-01	7.201740e-01	6.639551e-01	6.163823e-01	6.107537e-01
6.062672e-01	6.056796e-01	6.051297e-01	6.048098e-01	1.538013e+01	1.404606e+01
1.288462e+01	1.200933e+01	1.130873e+01	1.003496e+01	9.004265e+00	8.128425e+00
7.374464e+00	6.709297e+00	6.107748e+00	5.558130e+00	5.052926e+00	4.584382e+00
4.143853e+00	3.724048e+00	3.320057e+00	2.925310e+00	2.531048e+00	2.123920e+00
1.688931e+00	1.455417e+00	1.201323e+00	9.752926e-01	7.285354e-01	6.628411e-01
6.093532e-01	6.031877e-01	5.984321e-01	5.977697e-01	5.971468e-01	5.964103e-01
1.553639e+01	1.420696e+01	1.305379e+01	1.219523e+01	1.151461e+01	1.026880e+01
9.247532e+00	8.371178e+00	7.610790e+00	6.937555e+00	6.329682e+00	5.775838e+00
5.267843e+00	4.797140e+00	4.354140e+00	3.930693e+00	3.521044e+00	3.117157e+00
2.708236e+00	2.277881e+00	1.806875e+00	1.549501e+00	1.269579e+00	1.019138e+00
7.394453e-01	6.628632e-01	6.035873e-01	5.970049e-01	5.918169e-01	5.910099e-01
5.903202e-01	5.890297e-01	1.562748e+01	1.432389e+01	1.320150e+01	1.237917e+01
1.173339e+01	1.053130e+01	9.518448e+00	8.632868e+00	7.854915e+00	7.165022e+00
6.548584e+00	5.993772e+00	5.489794e+00	5.025023e+00	4.585760e+00	4.161184e+00
3.745787e+00	3.332055e+00	2.908091e+00	2.452993e+00	1.942710e+00	1.659328e+00
1.351207e+00	1.075725e+00	7.572298e-01	6.661591e-01	5.989422e-01	5.921435e-01
5.864033e-01	5.853841e-01	5.846579e-01	5.827062e-01	1.575622e+01	1.445377e+01
1.333935e+01	1.253886e+01	1.192035e+01	1.075557e+01	9.758826e+00	8.878862e+00
8.099996e+00	7.406849e+00	6.788508e+00	6.233680e+00	5.730941e+00	5.267618e+00
4.828492e+00	4.401610e+00	3.981225e+00	3.559347e+00	3.122334e+00	2.644622e+00
2.096092e+00	1.785440e+00	1.443680e+00	1.138385e+00	7.783183e-01	6.725093e-01
5.955648e-01	5.876937e-01	5.814787e-01	5.803991e-01	5.793735e-01	5.767733e-01
1.590195e+01	1.457808e+01	1.345686e+01	1.267150e+01	1.207707e+01	1.094542e+01
9.970474e+00	9.106866e+00	8.340174e+00	7.655405e+00	7.041779e+00	6.488663e+00
5.985520e+00	5.520481e+00	5.079071e+00	4.649475e+00	4.225282e+00	3.797239e+00
3.349450e+00	2.851770e+00	2.267016e+00	1.928537e+00	1.548521e+00	1.208202e+00
8.035013e-01	6.835699e-01	5.929175e-01	5.834068e-01	5.766976e-01	5.756628e-01
5.741610e-01	5.710166e-01	1.600268e+01	1.466449e+01	1.354283e+01	1.277898e+01
1.221360e+01	1.111706e+01	1.016695e+01	9.321411e+00	8.568121e+00	7.892942e+00
7.285994e+00	6.737303e+00	6.236876e+00	5.773328e+00	5.332478e+00	4.902480e+00
4.476358e+00	4.043835e+00	3.586826e+00	3.070682e+00	2.450815e+00	2.084648e+00
1.666359e+00	1.287280e+00	8.334570e-01	6.971239e-01	5.908524e-01	5.791173e-01
5.716086e-01	5.706361e-01	5.686593e-01	5.652247e-01	1.609574e+01	1.474359e+01
1.362254e+01	1.288235e+01	1.234786e+01	1.128566e+01	1.036150e+01	9.535437e+00
8.796990e+00	8.132970e+00	7.534299e+00	6.991632e+00	6.495533e+00	6.035005e+00
5.596160e+00	5.167084e+00	4.740322e+00	4.304584e+00	3.839701e+00	3.306500e+00
2.652488e+00	2.258483e+00	1.800387e+00	1.378258e+00	8.699900e-01	7.151369e-01
5.905610e-01	5.758929e-01	5.672192e-01	5.663003e-01	5.639688e-01	5.602354e-01
1.616825e+01	1.480516e+01	1.368725e+01	1.297220e+01	1.246908e+01	1.144204e+01
1.054515e+01	9.740265e+00	9.018424e+00	8.367414e+00	7.778930e+00	7.244231e+00
6.754386e+00	6.298783e+00	5.863801e+00	5.437470e+00	5.011895e+00	4.574835e+00
4.104112e+00	3.556038e+00	2.869762e+00	2.448215e+00	1.949390e+00	1.480526e+00
9.122273e-01	7.367791e-01	5.907464e-01	5.733352e-01	5.629936e-01	5.620984e-01
5.594191e-01	5.554867e-01	1.621771e+01	1.484768e+01	1.373515e+01	1.304503e+01
1.257222e+01	1.158080e+01	1.071197e+01	9.929634e+00	9.225986e+00	8.589770e+00
8.013415e+00	7.488742e+00	7.007249e+00	6.558708e+00	6.129707e+00	5.708246e+00
5.286035e+00	4.850004e+00	4.376142e+00	3.816468e+00	3.101619e+00	2.654068e+00
2.115104e+00	1.596751e+00	9.620346e-01	7.634995e-01	5.930652e-01	5.716746e-01
5.588843e-01	5.579543e-01	5.549462e-01	5.509781e-01	1.624934e+01	1.487727e+01
1.377226e+01	1.310516e+01	1.265988e+01	1.170408e+01	1.086324e+01	1.010391e+01
9.419289e+00	8.799052e+00	8.236234e+00	7.723199e+00	7.251848e+00	6.812277e+00
6.391249e+00	5.976710e+00	5.560085e+00	5.127580e+00	4.653565e+00	4.086057e+00
3.347086e+00	2.875624e+00	2.297674e+00	1.729608e+00	1.020307e+00	7.959708e-01
5.971946e-01	5.717860e-01	5.550215e-01	5.539685e-01	5.508163e-01	5.470346e-01
1.627223e+01	1.489972e+01	1.380276e+01	1.315743e+01	1.273804e+01	1.181742e+01
1.100443e+01	1.026844e+01	9.603479e+00	9.000125e+00	8.451957e+00	7.951857e+00
7.492107e+00	7.063103e+00	6.651764e+00	6.245981e+00	5.836964e+00	5.410285e+00
4.938837e+00	4.366833e+00	3.607533e+00	3.113817e+00	2.497520e+00	1.878480e+00
1.086556e+00	8.336768e-01	6.033247e-01	5.720962e-01	5.513770e-01	5.501186e-01
5.469304e-01	5.434285e-01	1.628133e+01	1.491116e+01	1.382440e+01	1.319944e+01
1.280410e+01	1.191768e+01	1.113187e+01	1.041912e+01	9.774087e+00	9.188208e+00
8.655581e+00	8.169539e+00	7.722744e+00	7.305850e+00	6.905930e+00	6.510829e+00
6.111615e+00	5.693363e+00	5.227678e+00	4.655290e+00	3.880724e+00	3.367299e+00
2.714410e+00	2.043464e+00	1.161538e+00	8.770246e-01	6.110295e-01	5.731792e-01
5.480879e-01	5.464732e-01	5.433974e-01	5.402154e-01	1.628521e+01	1.491706e+01
1.383880e+01	1.323197e+01	1.285826e+01	1.200401e+01	1.124410e+01	1.055393e+01
9.928635e+00	9.360423e+00	8.843873e+00	8.372714e+00	7.939972e+00	7.536527e+00
7.149592e+00	6.766983e+00	6.379713e+00	5.972541e+00	5.516049e+00	4.948010e+00
4.164669e+00	3.635349e+00	2.949481e+00	2.227643e+00	1.248283e+00	9.286480e-01
6.219455e-01	5.769968e-01	5.452051e-01	5.430679e-01	5.402282e-01	5.374064e-01
1.628313e+01	1.491531e+01	1.384142e+01	1.325313e+01	1.289978e+01	1.207518e+01
1.133958e+01	1.067107e+01	1.006526e+01	9.514924e+00	9.015078e+00	8.559771e+00
8.142255e+00	7.753499e+00	7.380630e+00	7.011479e+00	6.637432e+00	6.243657e+00
5.800295e+00	5.242074e+00	4.456820e+00	3.915393e+00	3.200002e+00	2.428666e+00
1.345753e+00	9.877904e-01	6.354800e-01	5.822367e-01	5.428504e-01	5.397916e-01
5.373043e-01	5.349073e-01	1.627565e+01	1.490890e+01	1.384269e+01	1.326944e+01
1.293473e+01	1.213777e+01	1.142525e+01	1.077759e+01	1.019085e+01	9.658292e+00
9.175311e+00	8.736271e+00	8.334622e+00	7.961414e+00	7.603650e+00	7.249225e+00
6.890014e+00	6.511841e+00	6.084710e+00	5.540648e+00	4.759441e+00	4.209469e+00
3.468017e+00	2.648502e+00	1.455063e+00	1.055103e+00	6.519550e-01	5.895220e-01
5.408317e-01	5.367187e-01	5.345842e-01	5.326288e-01	1.626541e+01	1.490086e+01
1.384276e+01	1.328436e+01	1.296769e+01	1.219727e+01	1.150655e+01	1.087806e+01
1.030822e+01	9.790932e+00	9.322041e+00	8.896563e+00	8.508742e+00	8.150627e+00
7.810410e+00	7.476338e+00	7.138840e+00	6.780929e+00	6.370580e+00	5.840588e+00
5.067158e+00	4.512989e+00	3.751742e+00	2.887456e+00	1.577981e+00	1.131286e+00
6.709027e-01	5.979705e-01	5.398071e-01	5.349306e-01	5.323451e-01	5.306851e-01
1.624689e+01	1.488859e+01	1.384026e+01	1.329817e+01	1.299887e+01	1.225377e+01
1.158336e+01	1.097197e+01	1.041633e+01	9.911191e+00	9.452860e+00	9.037428e+00
8.660595e+00	8.316416e+00	7.995893e+00	7.688424e+00	7.381023e+00	7.048957e+00
6.654789e+00	6.136970e+00	5.374669e+00	4.821749e+00	4.049842e+00	3.147278e+00
1.718557e+00	1.219898e+00	6.939007e-01	6.084744e-01	5.393248e-01	5.340800e-01
5.305980e-01	5.290935e-01	1.622444e+01	1.487378e+01	1.383576e+01	1.330703e+01
1.302236e+01	1.229902e+01	1.164638e+01	1.105050e+01	1.050870e+01	1.001643e+01
9.570709e+00	9.168123e+00	8.805026e+00	8.476320e+00	8.174104e+00	7.888366e+00
7.605377e+00	7.298200e+00	6.927322e+00	6.431174e+00	5.686454e+00	5.137034e+00
4.357351e+00	3.422271e+00	1.878089e+00	1.317367e+00	7.206814e-01	6.219151e-01
5.395586e-01	5.329408e-01	5.289796e-01	5.276326e-01	1.619812e+01	1.485738e+01
1.383024e+01	1.331382e+01	1.304101e+01	1.233614e+01	1.169881e+01	1.111682e+01
1.058804e+01	1.010864e+01	9.676365e+00	9.288063e+00	8.940208e+00	8.627729e+00
8.342584e+00	8.074982e+00	7.812329e+00	7.529280e+00	7.186865e+00	6.720253e+00
5.999814e+00	5.456781e+00	4.672781e+00	3.711408e+00	2.058090e+00	1.425744e+00
7.521105e-01	6.389924e-01	5.408257e-01	5.318868e-01	5.275601e-01	5.263446e-01
1.616967e+01	1.484202e+01	1.382714e+01	1.332149e+01	1.305807e+01	1.236925e+01
1.174527e+01	1.117571e+01	1.065871e+01	1.019111e+01	9.771081e+00	9.395861e+00
9.062086e+00	8.764881e+00	8.496391e+00	8.247201e+00	8.005631e+00	7.747596e+00
7.434744e+00	7.000506e+00	6.310706e+00	5.778733e+00	4.995901e+00	4.013661e+00
2.256000e+00	1.548872e+00	7.884680e-01	6.590966e-01	5.432460e-01	5.315261e-01
5.264274e-01	5.252710e-01	1.613365e+01	1.482144e+01	1.382146e+01	1.332586e+01
1.306954e+01	1.239450e+01	1.178225e+01	1.122388e+01	1.071760e+01	1.026097e+01
9.852353e+00	9.489292e+00	9.168712e+00	8.885959e+00	8.633449e+00	8.402232e+00
8.181621e+00	7.948864e+00	7.666636e+00	7.267665e+00	6.614529e+00	6.098145e+00
5.322195e+00	4.325624e+00	2.471384e+00	1.687942e+00	8.299116e-01	6.823866e-01
5.466678e-01	5.317872e-01	5.252787e-01	5.241469e-01	1.610521e+01	1.481003e+01
1.382093e+01	1.333356e+01	1.308412e+01	1.242142e+01	1.181952e+01	1.127103e+01
1.077437e+01	1.032749e+01	9.929148e+00	9.577041e+00	9.268453e+00	8.999014e+00
8.761519e+00	8.547573e+00	8.347452e+00	8.139717e+00	7.888347e+00	7.526406e+00
6.914752e+00	6.417928e+00	5.654060e+00	4.649048e+00	2.705517e+00	1.844353e+00
8.769535e-01	7.091579e-01	5.512384e-01	5.324888e-01	5.245295e-01	5.233435e-01
1.608546e+01	1.480558e+01	1.383007e+01	1.335002e+01	1.310474e+01	1.245140e+01
1.185786e+01	1.131751e+01	1.082906e+01	1.039040e+01	1.000084e+01	9.658133e+00
9.359952e+00	9.102286e+00	8.878418e+00	8.680597e+00	8.499974e+00	8.316322e+00
8.095133e+00	7.771004e+00	7.204988e+00	6.731674e+00	5.985476e+00	4.978962e+00
2.958076e+00	2.020946e+00	9.314806e-01	7.408289e-01	5.577265e-01	5.346277e-01
5.241287e-01	5.228378e-01	1.606247e+01	1.479863e+01	1.383521e+01	1.336160e+01
1.311974e+01	1.247435e+01	1.188794e+01	1.135481e+01	1.087347e+01	1.044214e+01
1.006018e+01	9.725714e+00	9.436661e+00	9.189478e+00	8.978023e+00	8.795232e+00
8.633096e+00	8.472455e+00	8.280449e+00	7.994387e+00	7.477504e+00	7.031518e+00
6.308999e+00	5.308952e+00	3.225613e+00	2.215233e+00	9.932342e-01	7.770991e-01
5.656959e-01	5.375295e-01	5.237298e-01	5.222401e-01	1.603629e+01	1.478998e+01
1.383992e+01	1.337251e+01	1.313334e+01	1.249498e+01	1.191493e+01	1.138830e+01
1.091338e+01	1.048872e+01	1.011364e+01	9.786675e+00	9.505971e+00	9.268475e+00
9.068645e+00	8.900136e+00	8.755766e+00	8.617410e+00	8.453989e+00	8.206239e+00
7.741061e+00	7.325386e+00	6.631530e+00	5.644654e+00	3.510701e+00	2.428405e+00
1.062250e+00	8.178395e-01	5.750938e-01	5.413110e-01	5.234200e-01	5.216585e-01
1.600191e+01	1.477943e+01	1.384731e+01	1.338633e+01	1.314859e+01	1.251620e+01
1.194150e+01	1.142033e+01	1.095087e+01	1.053191e+01	1.016278e+01	9.842344e+00
9.568993e+00	9.340146e+00	9.150849e+00	8.995488e+00	8.867666e+00	8.750238e+00
8.614046e+00	8.403814e+00	7.991533e+00	7.608568e+00	6.948344e+00	5.981970e+00
3.811337e+00	2.659991e+00	1.139797e+00	8.639667e-01	5.862110e-01	5.461118e-01
5.234110e-01	5.212346e-01	1.595228e+01	1.476459e+01	1.385696e+01	1.340282e+01
1.316427e+01	1.253662e+01	1.196626e+01	1.144952e+01	1.098456e+01	1.057036e+01
1.020627e+01	9.891391e+00	9.624388e+00	9.403104e+00	9.223144e+00	9.079606e+00
8.966824e+00	8.868580e+00	8.757707e+00	8.583322e+00	8.223806e+00	7.875200e+00
7.253062e+00	6.314686e+00	4.124509e+00	2.910398e+00	1.228335e+00	9.174804e-01
6.000705e-01	5.527626e-01	5.236072e-01	5.209187e-01	1.587632e+01	1.473740e+01
1.386060e+01	1.341596e+01	1.317383e+01	1.255062e+01	1.198431e+01	1.147143e+01
1.101042e+01	1.060033e+01	1.024076e+01	9.930921e+00	9.669692e+00	9.455265e+00
9.283694e+00	9.150675e+00	9.051261e+00	8.970281e+00	8.882573e+00	8.741617e+00
8.433059e+00	8.119566e+00	7.539781e+00	6.637271e+00	4.444552e+00	3.175174e+00
1.327685e+00	9.782174e-01	6.162933e-01	5.608159e-01	5.239170e-01	5.205566e-01
1.577282e+01	1.469615e+01	1.386280e+01	1.342766e+01	1.318108e+01	1.256185e+01
1.199921e+01	1.148978e+01	1.103230e+01	1.062588e+01	1.027045e+01	9.965227e+00
9.709321e+00	9.501223e+00	9.337377e+00	9.214016e+00	9.126896e+00	9.061932e+00
8.995974e+00	8.886876e+00	8.628181e+00	8.350415e+00	7.816155e+00	6.955741e+00
4.775194e+00	3.457050e+00	1.438723e+00	1.046652e+00	6.350116e-01	5.704327e-01
5.244299e-01	5.202013e-01	1.566395e+01	1.465310e+01	1.386505e+01	1.343988e+01
1.318787e+01	1.257228e+01	1.201279e+01	1.150637e+01	1.105191e+01	1.064870e+01
1.029692e+01	9.995841e+00	9.744748e+00	9.542367e+00	9.385464e+00	9.270719e+00
9.194594e+00	9.144115e+00	9.098145e+00	9.018740e+00	8.807727e+00	8.565556e+00
8.079176e+00	7.266541e+00	5.113359e+00	3.754197e+00	1.562041e+00	1.123230e+00
6.562745e-01	5.815752e-01	5.251998e-01	5.201105e-01	1.554575e+01	1.460686e+01
1.386737e+01	1.345292e+01	1.319422e+01	1.258188e+01	1.202496e+01	1.152110e+01
1.106911e+01	1.066862e+01	1.031996e+01	1.002251e+01	9.775657e+00	9.578306e+00
9.427473e+00	9.320182e+00	9.253594e+00	9.215830e+00	9.187714e+00	9.135211e+00
8.968552e+00	8.760920e+00	8.323602e+00	7.563508e+00	5.453542e+00	4.063855e+00
1.700494e+00	1.210623e+00	6.815036e-01	5.953006e-01	5.267431e-01	5.201515e-01
1.543299e+01	1.456284e+01	1.386972e+01	1.346520e+01	1.320004e+01	1.259077e+01
1.203663e+01	1.153499e+01	1.108507e+01	1.068677e+01	1.034072e+01	1.004632e+01
9.803132e+00	9.610218e+00	9.464771e+00	9.364121e+00	9.306064e+00	9.279707e+00
9.267705e+00	9.239713e+00	9.114629e+00	8.940528e+00	8.552442e+00	7.848148e+00
5.796295e+00	4.385394e+00	1.853181e+00	1.308453e+00	7.102126e-01	6.111636e-01
5.287901e-01	5.200974e-01	1.532696e+01	1.452110e+01	1.387116e+01	1.347615e+01
1.320487e+01	1.259718e+01	1.204408e+01	1.154403e+01	1.109645e+01	1.070084e+01
1.035763e+01	1.006632e+01	9.826562e+00	9.637571e+00	9.496675e+00	9.401488e+00
9.350506e+00	9.334075e+00	9.336811e+00	9.331645e+00	9.244824e+00	9.101926e+00
8.762804e+00	8.117262e+00	6.135709e+00	4.716382e+00	2.023668e+00	1.417870e+00
7.431926e-01	6.295277e-01	5.315696e-01	5.200076e-01	1.523070e+01	1.448237e+01
1.387147e+01	1.348528e+01	1.320842e+01	1.260036e+01	1.204627e+01	1.154704e+01
1.110185e+01	1.070958e+01	1.036978e+01	1.008196e+01	9.845689e+00	9.660169e+00
9.522888e+00	9.431738e+00	9.386085e+00	9.378007e+00	9.394419e+00	9.411084e+00
9.358836e+00	9.243528e+00	8.952516e+00	8.368207e+00	6.465138e+00	5.053945e+00
2.218452e+00	1.539178e+00	7.810016e-01	6.504501e-01	5.352562e-01	5.200984e-01
1.515625e+01	1.445404e+01	1.387387e+01	1.349521e+01	1.321349e+01	1.260760e+01
1.205456e+01	1.155681e+01	1.111308e+01	1.072267e+01	1.038480e+01	1.009899e+01
9.865103e+00	9.682328e+00	9.548408e+00	9.461507e+00	9.421476e+00	9.421202e+00
9.449091e+00	9.483906e+00	9.463432e+00	9.375075e+00	9.128506e+00	8.603154e+00
6.792894e+00	5.395955e+00	2.441108e+00	1.675246e+00	8.240972e-01	6.751276e-01
5.400914e-01	5.195693e-01	1.508814e+01	1.442628e+01	1.387397e+01	1.349958e+01
1.321461e+01	1.261008e+01	1.205952e+01	1.156356e+01	1.112127e+01	1.073221e+01
1.039588e+01	1.011188e+01	9.880041e+00	9.699708e+00	9.568818e+00	9.485767e+00
9.450831e+00	9.457542e+00	9.495588e+00	9.546660e+00	9.555323e+00	9.492142e+00
9.287672e+00	8.820703e+00	7.113411e+00	5.740589e+00	2.683197e+00	1.824980e+00
8.723200e-01	7.029897e-01	5.457974e-01	5.191969e-01	1.502561e+01	1.439865e+01
1.386965e+01	1.350079e+01	1.321230e+01	1.260983e+01	1.206114e+01	1.156662e+01
1.112579e+01	1.073794e+01	1.040296e+01	1.012067e+01	9.890598e+00	9.712375e+00
9.584054e+00	9.504224e+00	9.473556e+00	9.486201e+00	9.532993e+00	9.598308e+00
9.632705e+00	9.592021e+00	9.426303e+00	9.015719e+00	7.418393e+00	6.080539e+00
2.940937e+00	1.989997e+00	9.271382e-01	7.350429e-01	5.527699e-01	5.190906e-01
1.497476e+01	1.437937e+01	1.387158e+01	1.350621e+01	1.321503e+01	1.261347e+01
1.206666e+01	1.157349e+01	1.113367e+01	1.074670e+01	1.041269e+01	1.013161e+01
9.903125e+00	9.726803e+00	9.600697e+00	9.523487e+00	9.496257e+00	9.513969e+00
9.568513e+00	9.646339e+00	9.702664e+00	9.681558e+00	9.552101e+00	9.197444e+00
7.710799e+00	6.412717e+00	3.218492e+00	2.176777e+00	9.896604e-01	7.717665e-01
5.615351e-01	5.190226e-01	1.492906e+01	1.436274e+01	1.387452e+01	1.351381e+01
1.321934e+01	1.261947e+01	1.207365e+01	1.158139e+01	1.114217e+01	1.075591e+01
1.042269e+01	1.014257e+01	9.915442e+00	9.740694e+00	9.616478e+00	9.541644e+00
9.517568e+00	9.539823e+00	9.601167e+00	9.690187e+00	9.767013e+00	9.764356e+00
9.668251e+00	9.365906e+00	7.996301e+00	6.748191e+00	3.514315e+00	2.383491e+00
1.059667e+00	8.133175e-01	5.718695e-01	5.189766e-01	1.488542e+01	1.434565e+01
1.387487e+01	1.351803e+01	1.322047e+01	1.262164e+01	1.207683e+01	1.158543e+01
1.114709e+01	1.076181e+01	1.042977e+01	1.015079e+01	9.924594e+00	9.750623e+00
9.627732e+00	9.555433e+00	9.534913e+00	9.561203e+00	9.627211e+00	9.725059e+00
9.823432e+00	9.839973e+00	9.768719e+00	9.502364e+00	8.269132e+00	7.102385e+00
3.814422e+00	2.604343e+00	1.138281e+00	8.623349e-01	5.840399e-01	5.190174e-01
1.484523e+01	1.432910e+01	1.387436e+01	1.352058e+01	1.322071e+01	1.262244e+01
1.207838e+01	1.158764e+01	1.115009e+01	1.076574e+01	1.043487e+01	1.015698e+01
9.931454e+00	9.757871e+00	9.635947e+00	9.565986e+00	9.548878e+00	9.578622e+00
9.647909e+00	9.752734e+00	9.871498e+00	9.906400e+00	9.853999e+00	9.613408e+00
8.523659e+00	7.461643e+00	4.117082e+00	2.841728e+00	1.227853e+00	9.209818e-01
5.990648e-01	5.191725e-01	1.481170e+01	1.431624e+01	1.387495e+01	1.352459e+01
1.322207e+01	1.262446e+01	1.208091e+01	1.159067e+01	1.115371e+01	1.076992e+01
1.043955e+01	1.016228e+01	9.937752e+00	9.765464e+00	9.644888e+00	9.576307e+00
9.560878e+00	9.593376e+00	9.667358e+00	9.779408e+00	9.909988e+00	9.956160e+00
9.929697e+00	9.733831e+00	8.752139e+00	7.747453e+00	4.446908e+00	3.113455e+00
1.327176e+00	9.816884e-01	6.161520e-01	5.191727e-01	1.478192e+01	1.430516e+01
1.387645e+01	1.352911e+01	1.322449e+01	1.262723e+01	1.208378e+01	1.159384e+01
1.115728e+01	1.077386e+01	1.044372e+01	1.016688e+01	9.943430e+00	9.772778e+00
9.653695e+00	9.586000e+00	9.571496e+00	9.606362e+00	9.685405e+00	9.804522e+00
9.943134e+00	9.997693e+00	9.998624e+00	9.855901e+00	8.964991e+00	7.999021e+00
4.800317e+00	3.417631e+00	1.437279e+00	1.046361e+00	6.354626e-01	5.191427e-01
1.475367e+01	1.429337e+01	1.387651e+01	1.353027e+01	1.322492e+01	1.262777e+01
1.208434e+01	1.159453e+01	1.115814e+01	1.077487e+01	1.044520e+01	1.016911e+01
9.946506e+00	9.776979e+00	9.659065e+00	9.592452e+00	9.579217e+00	9.616195e+00
9.699060e+00	9.823895e+00	9.971146e+00	1.003427e+01	1.005691e+01	9.955606e+00
9.161759e+00	8.250940e+00	5.154205e+00	3.731088e+00	1.559158e+00	1.120441e+00
6.572470e-01	5.190983e-01	1.472661e+01	1.428008e+01	1.387294e+01	1.352930e+01
1.322213e+01	1.262539e+01	1.208225e+01	1.159296e+01	1.115715e+01	1.077459e+01
1.044543e+01	1.016986e+01	9.947745e+00	9.778823e+00	9.661662e+00	9.596069e+00
9.584190e+00	9.622928e+00	9.708395e+00	9.837543e+00	9.993704e+00	1.006547e+01
1.010385e+01	1.003154e+01	9.338807e+00	8.502712e+00	5.498686e+00	4.045665e+00
1.694717e+00	1.208060e+00	6.827829e-01	5.189975e-01	1.470824e+01	1.427392e+01
1.387366e+01	1.353112e+01	1.322306e+01	1.262638e+01	1.208336e+01	1.159420e+01
1.115856e+01	1.077631e+01	1.044764e+01	1.017271e+01	9.951174e+00	9.782863e+00
9.666445e+00	9.601820e+00	9.591227e+00	9.631614e+00	9.719484e+00	9.852540e+00
1.001654e+01	1.009589e+01	1.014811e+01	1.010168e+01	9.502462e+00	8.738993e+00
5.844168e+00	4.371753e+00	1.857080e+00	1.306544e+00	7.121111e-01	5.183956e-01
1.469475e+01	1.427052e+01	1.387760e+01	1.353674e+01	1.322714e+01	1.263050e+01
1.208767e+01	1.159864e+01	1.116323e+01	1.078132e+01	1.045295e+01	1.017816e+01
9.956947e+00	9.788956e+00	9.673016e+00	9.609090e+00	9.599518e+00	9.641290e+00
9.731225e+00	9.867666e+00	1.003835e+01	1.012418e+01	1.018843e+01	1.016491e+01
9.651040e+00	8.957026e+00	6.187135e+00	4.707400e+00	2.052507e+00	1.417023e+00
7.456575e-01	5.178129e-01	1.468146e+01	1.426647e+01	1.387946e+01	1.353963e+01
1.322907e+01	1.263259e+01	1.208994e+01	1.160113e+01	1.116593e+01	1.078414e+01
1.045606e+01	1.018150e+01	9.960606e+00	9.792995e+00	9.677528e+00	9.614243e+00
9.605535e+00	9.648513e+00	9.740253e+00	9.879635e+00	1.005607e+01	1.014743e+01
1.022206e+01	1.021843e+01	9.782277e+00	9.155258e+00	6.523582e+00	5.050052e+00
2.278018e+00	1.542730e+00	7.830748e-01	5.197777e-01	1.466717e+01	1.426038e+01
1.387883e+01	1.354007e+01	1.322871e+01	1.263250e+01	1.209004e+01	1.160156e+01
1.116661e+01	1.078507e+01	1.045708e+01	1.018266e+01	9.962086e+00	9.795075e+00
9.680164e+00	9.617447e+00	9.609112e+00	9.652966e+00	9.746401e+00	9.888530e+00
1.006958e+01	1.016538e+01	1.024902e+01	1.026383e+01	9.899021e+00	9.332641e+00
6.850894e+00	5.397938e+00	2.517218e+00	1.709807e+00	8.267982e-01	5.204573e-01
1.465372e+01	1.425404e+01	1.387764e+01	1.354004e+01	1.322796e+01	1.263217e+01
1.208995e+01	1.160157e+01	1.116669e+01	1.078524e+01	1.045750e+01	1.018337e+01
9.962828e+00	9.795558e+00	9.680764e+00	9.618477e+00	9.611467e+00	9.656459e+00
9.750844e+00	9.894441e+00	1.008010e+01	1.018101e+01	1.027245e+01	1.029939e+01
9.997288e+00	9.503758e+00	7.173229e+00	5.743737e+00	2.770593e+00	1.897066e+00
8.744556e-01	5.203300e-01	1.464158e+01	1.424797e+01	1.387547e+01	1.353887e+01
1.322637e+01	1.263077e+01	1.208886e+01	1.160076e+01	1.116606e+01	1.078486e+01
1.045765e+01	1.018385e+01	9.963182e+00	9.795231e+00	9.680060e+00	9.618610e+00
9.612970e+00	9.659280e+00	9.753960e+00	9.898021e+00	1.008805e+01	1.019475e+01
1.029285e+01	1.032565e+01	1.007645e+01	9.670700e+00	7.487919e+00	6.080431e+00
3.035766e+00	2.097851e+00	9.257858e-01	5.175807e-01	