1.090849e-01	1.137720e-01	1.184572e-01	1.230888e-01	1.276460e-01	1.365204e-01
1.450104e-01	1.531255e-01	1.610494e-01	1.691613e-01	1.781156e-01	1.883958e-01
2.006358e-01	2.159083e-01	2.360541e-01	2.622713e-01	2.918245e-01	3.143194e-01
3.199188e-01	3.204504e-01	3.326015e-01	3.439427e-01	3.555924e-01	3.610502e-01
3.547701e-01	3.543015e-01	3.540310e-01	3.536467e-01	3.533766e-01	3.536175e-01
3.530834e-01	3.534600e-01	1.252611e-01	1.304480e-01	1.356305e-01	1.407546e-01
1.457993e-01	1.556356e-01	1.650700e-01	1.741171e-01	1.829766e-01	1.920546e-01
2.020496e-01	2.134747e-01	2.269988e-01	2.437498e-01	2.656516e-01	2.939154e-01
3.255932e-01	3.497705e-01	3.561806e-01	3.571180e-01	3.699394e-01	3.817422e-01
3.938975e-01	3.996631e-01	3.931480e-01	3.926386e-01	3.923679e-01	3.919735e-01
3.916908e-01	3.919399e-01	3.913876e-01	3.917767e-01	1.438361e-01	1.495684e-01
1.552934e-01	1.609558e-01	1.665343e-01	1.774273e-01	1.879045e-01	1.979865e-01
2.078892e-01	2.180463e-01	2.291998e-01	2.418920e-01	2.568259e-01	2.751815e-01
2.989602e-01	3.293775e-01	3.632695e-01	3.892199e-01	3.965525e-01	3.979812e-01
4.114689e-01	4.236958e-01	4.363289e-01	4.424056e-01	4.356775e-01	4.351238e-01
4.348561e-01	4.344540e-01	4.341591e-01	4.344153e-01	4.338471e-01	4.342470e-01
1.651656e-01	1.714913e-01	1.778069e-01	1.840563e-01	1.902182e-01	2.022701e-01
2.138978e-01	2.251280e-01	2.361937e-01	2.475555e-01	2.599981e-01	2.740922e-01
2.905721e-01	3.106664e-01	3.364452e-01	3.691182e-01	4.053055e-01	4.331187e-01
4.415005e-01	4.435203e-01	4.576605e-01	4.702602e-01	4.833311e-01	4.897191e-01
4.828076e-01	4.822062e-01	4.819453e-01	4.815383e-01	4.812320e-01	4.814939e-01
4.809128e-01	4.813213e-01	1.896581e-01	1.966275e-01	2.035844e-01	2.104722e-01
2.172703e-01	2.305914e-01	2.434867e-01	2.559904e-01	2.683519e-01	2.810583e-01
2.949350e-01	3.105788e-01	3.287526e-01	3.507270e-01	3.786302e-01	4.136538e-01
4.522057e-01	4.819688e-01	4.915432e-01	4.942702e-01	5.090376e-01	5.219420e-01
5.353965e-01	5.420927e-01	5.350362e-01	5.343831e-01	5.341335e-01	5.337254e-01
5.334087e-01	5.336746e-01	5.330844e-01	5.334987e-01	2.177825e-01	2.254481e-01
2.330989e-01	2.406793e-01	2.481697e-01	2.628782e-01	2.771688e-01	2.910835e-01
3.048886e-01	3.190952e-01	3.345665e-01	3.519224e-01	3.719498e-01	3.959535e-01
4.261046e-01	4.635628e-01	5.045331e-01	5.363284e-01	5.472581e-01	5.508271e-01
5.661822e-01	5.793036e-01	5.930704e-01	6.000674e-01	5.929147e-01	5.922058e-01
5.919731e-01	5.915684e-01	5.912426e-01	5.915101e-01	5.909159e-01	5.913323e-01
2.500775e-01	2.584930e-01	2.668922e-01	2.752217e-01	2.834634e-01	2.996857e-01
3.155101e-01	3.309876e-01	3.463997e-01	3.622799e-01	3.795233e-01	3.987696e-01
4.208231e-01	4.470120e-01	4.795315e-01	5.194935e-01	5.629155e-01	5.968192e-01
6.092881e-01	6.138555e-01	6.297420e-01	6.429693e-01	6.569571e-01	6.642423e-01
6.570543e-01	6.562851e-01	6.560760e-01	6.556802e-01	6.553469e-01	6.556135e-01
6.550212e-01	6.554354e-01	2.871615e-01	2.963815e-01	3.055847e-01	3.147218e-01
3.237765e-01	3.416469e-01	3.591554e-01	3.763619e-01	3.935627e-01	4.113089e-01
4.305212e-01	4.518530e-01	4.761182e-01	5.046545e-01	5.396573e-01	5.821725e-01
6.280538e-01	6.641324e-01	6.783490e-01	6.840960e-01	7.004369e-01	7.136319e-01
7.277258e-01	7.352804e-01	7.281323e-01	7.272982e-01	7.271203e-01	7.267401e-01
7.264017e-01	7.266639e-01	7.260809e-01	7.264875e-01	3.297447e-01	3.398235e-01
3.498866e-01	3.598908e-01	3.698228e-01	3.894833e-01	4.088381e-01	4.279566e-01
4.471470e-01	4.669732e-01	4.883719e-01	5.120028e-01	5.386789e-01	5.697300e-01
6.073220e-01	6.524140e-01	7.007295e-01	7.390377e-01	7.552378e-01	7.623738e-01
7.790681e-01	7.920604e-01	8.061179e-01	8.139158e-01	8.068993e-01	8.059951e-01
8.058578e-01	8.055012e-01	8.051605e-01	8.054142e-01	8.048495e-01	8.052419e-01
3.786426e-01	3.896329e-01	4.006111e-01	4.115426e-01	4.224176e-01	4.440177e-01
4.653936e-01	4.866243e-01	5.080269e-01	5.301708e-01	5.539961e-01	5.801596e-01
6.094599e-01	6.431971e-01	6.834708e-01	7.311303e-01	7.818150e-01	8.223913e-01
8.408416e-01	8.496085e-01	8.665264e-01	8.791081e-01	8.929544e-01	9.009610e-01
8.941870e-01	8.932075e-01	8.931215e-01	8.927981e-01	8.924585e-01	8.926988e-01
8.921633e-01	8.925337e-01	4.347916e-01	4.467432e-01	4.586894e-01	4.706075e-01
4.824922e-01	5.061878e-01	5.297725e-01	5.533346e-01	5.771957e-01	6.019213e-01
6.284386e-01	6.573892e-01	6.895414e-01	7.261378e-01	7.691675e-01	8.193442e-01
8.722834e-01	9.151461e-01	9.361484e-01	9.468251e-01	9.638029e-01	9.757225e-01
9.891452e-01	9.973153e-01	9.909173e-01	9.898566e-01	9.898347e-01	9.895559e-01
9.892217e-01	9.894427e-01	9.889493e-01	9.892884e-01	4.992669e-01	5.122243e-01
5.251875e-01	5.381494e-01	5.511104e-01	5.770629e-01	6.030571e-01	6.291900e-01
6.557820e-01	6.833820e-01	7.128841e-01	7.448996e-01	7.801454e-01	8.197738e-01
8.656092e-01	9.182013e-01	9.732204e-01	1.018362e+00	1.042258e+00	1.055166e+00
1.072000e+00	1.082955e+00	1.095698e+00	1.103974e+00	1.098111e+00	1.096964e+00
1.097021e+00	1.096800e+00	1.096476e+00	1.096671e+00	1.096235e+00	1.096532e+00
5.733032e-01	5.873033e-01	6.013261e-01	6.153850e-01	6.294872e-01	6.578616e-01
6.864794e-01	7.154444e-01	7.450680e-01	7.758673e-01	8.086768e-01	8.440591e-01
8.826546e-01	9.254842e-01	9.741432e-01	1.028986e+00	1.085837e+00	1.133220e+00
1.160395e+00	1.175903e+00	1.192342e+00	1.201972e+00	1.213729e+00	1.222040e+00
1.216902e+00	1.215660e+00	1.215813e+00	1.215667e+00	1.215360e+00	1.215520e+00
1.215160e+00	1.215401e+00	6.583185e-01	6.733870e-01	6.885029e-01	7.037055e-01
7.190105e-01	7.499736e-01	7.814416e-01	8.135231e-01	8.465104e-01	8.808690e-01
9.173416e-01	9.564185e-01	9.986331e-01	1.044826e+00	1.096286e+00	1.153137e+00
1.211486e+00	1.261032e+00	1.291922e+00	1.310456e+00	1.326195e+00	1.334069e+00
1.344474e+00	1.352732e+00	1.348542e+00	1.347200e+00	1.347470e+00	1.347416e+00
1.347133e+00	1.347248e+00	1.346986e+00	1.347155e+00	7.559406e-01	7.720883e-01
7.883181e-01	8.047018e-01	8.212655e-01	8.549828e-01	8.895401e-01	9.250473e-01
9.617644e-01	1.000081e+00	1.040608e+00	1.083735e+00	1.129851e+00	1.179557e+00
1.233743e+00	1.292268e+00	1.351674e+00	1.403260e+00	1.438357e+00	1.460405e+00
1.475074e+00	1.480684e+00	1.489303e+00	1.497402e+00	1.494423e+00	1.492973e+00
1.493383e+00	1.493443e+00	1.493193e+00	1.493253e+00	1.493113e+00	1.493193e+00
8.688717e-01	8.859410e-01	9.031504e-01	9.206192e-01	9.383863e-01	9.748628e-01
1.012674e+00	1.051929e+00	1.092836e+00	1.135666e+00	1.180827e+00	1.228560e+00
1.279043e+00	1.332526e+00	1.389317e+00	1.448935e+00	1.508676e+00	1.562276e+00
1.602797e+00	1.629260e+00	1.641504e+00	1.643674e+00	1.650334e+00	1.659266e+00
1.657198e+00	1.654622e+00	1.655598e+00	1.656047e+00	1.655807e+00	1.655730e+00
1.655898e+00	1.655756e+00	9.979752e-01	1.016009e+00	1.034253e+00	1.052879e+00
1.071940e+00	1.111412e+00	1.152785e+00	1.196158e+00	1.241667e+00	1.289434e+00
1.339619e+00	1.392275e+00	1.447329e+00	1.504620e+00	1.563785e+00	1.623982e+00
1.683432e+00	1.738704e+00	1.784893e+00	1.816215e+00	1.826032e+00	1.824393e+00
1.828290e+00	1.837234e+00	1.836801e+00	1.833690e+00	1.835027e+00	1.835748e+00
1.835550e+00	1.835360e+00	1.835778e+00	1.835456e+00	1.141184e+00	1.161055e+00
1.181162e+00	1.201700e+00	1.222735e+00	1.266361e+00	1.312157e+00	1.360187e+00
1.410516e+00	1.463148e+00	1.518048e+00	1.575129e+00	1.634117e+00	1.694572e+00
1.755733e+00	1.816540e+00	1.875678e+00	1.931294e+00	1.979999e+00	2.015217e+00
2.027850e+00	2.024972e+00	2.022584e+00	2.023765e+00	2.029600e+00	2.032861e+00
2.031876e+00	2.031212e+00	2.031302e+00	2.031437e+00	2.031108e+00	2.031312e+00
1.299294e+00	1.322102e+00	1.345118e+00	1.368520e+00	1.392374e+00	1.441563e+00
1.492756e+00	1.545949e+00	1.601139e+00	1.658270e+00	1.717218e+00	1.777827e+00
1.839722e+00	1.902392e+00	1.965061e+00	2.026644e+00	2.085674e+00	2.140178e+00
2.187569e+00	2.225060e+00	2.245873e+00	2.245009e+00	2.233411e+00	2.219505e+00
2.235775e+00	2.252212e+00	2.246165e+00	2.242464e+00	2.243078e+00	2.243980e+00
2.241903e+00	2.243341e+00	1.478119e+00	1.503796e+00	1.529641e+00	1.555807e+00
1.582368e+00	1.636842e+00	1.693075e+00	1.750974e+00	1.810440e+00	1.871304e+00
1.933325e+00	1.996287e+00	2.059854e+00	2.123627e+00	2.187206e+00	2.249789e+00
2.309640e+00	2.364070e+00	2.409952e+00	2.445467e+00	2.466527e+00	2.467733e+00
2.458230e+00	2.444929e+00	2.461358e+00	2.477096e+00	2.471057e+00	2.467472e+00
2.468097e+00	2.468991e+00	2.466973e+00	2.468363e+00	1.679337e+00	1.708072e+00
1.736907e+00	1.765954e+00	1.795293e+00	1.855077e+00	1.916184e+00	1.978425e+00
2.041586e+00	2.105383e+00	2.169474e+00	2.233619e+00	2.297639e+00	2.361412e+00
2.425233e+00	2.488807e+00	2.549976e+00	2.604720e+00	2.648351e+00	2.678604e+00
2.695078e+00	2.698758e+00	2.699016e+00	2.697720e+00	2.706694e+00	2.712444e+00
2.709641e+00	2.708260e+00	2.708553e+00	2.708924e+00	2.708171e+00	2.708657e+00
1.898703e+00	1.931582e+00	1.964388e+00	1.997103e+00	2.029828e+00	2.095647e+00
2.161670e+00	2.227665e+00	2.293437e+00	2.358861e+00	2.423877e+00	2.488309e+00
2.552062e+00	2.615115e+00	2.678061e+00	2.740822e+00	2.801072e+00	2.854321e+00
2.895485e+00	2.922567e+00	2.937072e+00	2.942511e+00	2.949567e+00	2.956818e+00
2.961714e+00	2.961235e+00	2.960059e+00	2.959999e+00	2.960142e+00	2.960166e+00
2.960251e+00	2.960152e+00	2.133682e+00	2.172324e+00	2.210574e+00	2.248130e+00
2.285138e+00	2.358011e+00	2.428893e+00	2.497622e+00	2.564286e+00	2.629394e+00
2.693782e+00	2.757466e+00	2.820254e+00	2.881909e+00	2.942631e+00	3.002068e+00
3.058201e+00	3.107476e+00	3.146216e+00	3.173907e+00	3.191065e+00	3.196930e+00
3.205260e+00	3.214568e+00	3.221265e+00	3.221441e+00	3.219024e+00	3.218693e+00
3.219003e+00	3.218999e+00	3.219141e+00	3.219040e+00	2.388160e+00	2.433180e+00
2.477387e+00	2.520155e+00	2.561651e+00	2.641555e+00	2.716695e+00	2.787023e+00
2.853017e+00	2.916047e+00	2.978099e+00	3.039421e+00	3.099752e+00	3.158574e+00
3.215597e+00	3.270194e+00	3.320884e+00	3.365575e+00	3.402164e+00	3.430265e+00
3.449349e+00	3.456139e+00	3.465954e+00	3.477231e+00	3.486268e+00	3.486598e+00
3.483249e+00	3.482676e+00	3.483064e+00	3.483162e+00	3.483189e+00	3.483167e+00
2.661700e+00	2.713464e+00	2.763908e+00	2.812035e+00	2.858017e+00	2.944551e+00
3.023031e+00	3.093557e+00	3.157104e+00	3.216070e+00	3.273789e+00	3.330799e+00
3.386813e+00	3.441094e+00	3.492944e+00	3.541561e+00	3.586039e+00	3.625709e+00
3.659801e+00	3.687487e+00	3.707928e+00	3.716375e+00	3.728146e+00	3.741308e+00
3.752549e+00	3.752596e+00	3.748753e+00	3.748038e+00	3.748435e+00	3.748681e+00
3.748531e+00	3.748618e+00	2.953251e+00	3.011690e+00	3.068266e+00	3.121517e+00
3.171647e+00	3.263862e+00	3.344356e+00	3.413392e+00	3.472554e+00	3.525311e+00
3.576470e+00	3.626935e+00	3.676456e+00	3.724330e+00	3.769740e+00	3.811897e+00
3.850156e+00	3.884307e+00	3.914228e+00	3.940117e+00	3.962410e+00	3.973179e+00
3.987160e+00	4.001605e+00	4.014011e+00	4.014331e+00	4.010275e+00	4.009498e+00
4.009945e+00	4.010187e+00	4.010038e+00	4.010164e+00	3.260281e+00	3.325447e+00
3.388078e+00	3.446166e+00	3.499980e+00	3.596474e+00	3.676962e+00	3.742028e+00
3.794063e+00	3.837955e+00	3.880302e+00	3.922490e+00	3.964195e+00	4.004614e+00
4.042501e+00	4.076857e+00	4.107476e+00	4.135135e+00	4.160788e+00	4.185158e+00
4.209295e+00	4.222121e+00	4.237624e+00	4.252450e+00	4.265578e+00	4.266582e+00
4.262670e+00	4.261978e+00	4.262512e+00	4.262604e+00	4.262673e+00	4.262689e+00
3.585639e+00	3.656415e+00	3.723964e+00	3.785746e+00	3.842090e+00	3.940612e+00
4.018962e+00	4.078077e+00	4.121125e+00	4.154328e+00	4.185896e+00	4.217669e+00
4.249370e+00	4.280287e+00	4.309117e+00	4.334938e+00	4.357857e+00	4.379095e+00
4.400188e+00	4.422476e+00	4.447739e+00	4.462082e+00	4.478251e+00	4.492580e+00
4.506082e+00	4.507786e+00	4.504739e+00	4.504213e+00	4.504763e+00	4.504758e+00
4.504949e+00	4.504908e+00	3.925273e+00	3.999408e+00	4.069694e+00	4.133130e+00
4.190097e+00	4.287291e+00	4.360807e+00	4.411903e+00	4.444342e+00	4.465370e+00
4.484369e+00	4.503558e+00	4.522927e+00	4.542156e+00	4.560464e+00	4.577413e+00
4.593163e+00	4.608502e+00	4.624741e+00	4.644069e+00	4.669258e+00	4.684267e+00
4.699926e+00	4.712655e+00	4.726014e+00	4.728324e+00	4.727054e+00	4.726774e+00
4.727234e+00	4.727234e+00	4.727374e+00	4.727374e+00	4.275706e+00	4.351033e+00
4.421921e+00	4.484927e+00	4.540529e+00	4.632776e+00	4.698348e+00	4.738862e+00
4.758641e+00	4.765750e+00	4.770528e+00	4.775529e+00	4.781077e+00	4.787357e+00
4.794276e+00	4.801975e+00	4.810506e+00	4.819808e+00	4.830564e+00	4.845980e+00
4.869899e+00	4.884759e+00	4.898701e+00	4.908588e+00	4.920889e+00	4.923898e+00
4.925091e+00	4.925173e+00	4.925493e+00	4.925490e+00	4.925582e+00	4.925604e+00
4.641579e+00	4.716203e+00	4.785829e+00	4.846589e+00	4.899085e+00	4.983191e+00
5.038040e+00	5.065632e+00	5.070830e+00	5.062391e+00	5.051460e+00	5.040906e+00
5.031428e+00	5.023748e+00	5.018541e+00	5.016528e+00	5.017542e+00	5.020435e+00
5.025050e+00	5.035683e+00	5.057282e+00	5.071320e+00	5.082655e+00	5.088830e+00
5.099365e+00	5.103064e+00	5.107174e+00	5.107692e+00	5.107831e+00	5.107828e+00
5.107859e+00	5.107904e+00	5.018155e+00	5.088981e+00	5.154411e+00	5.210296e+00
5.257359e+00	5.329460e+00	5.370595e+00	5.382776e+00	5.371323e+00	5.345632e+00
5.317553e+00	5.290366e+00	5.265270e+00	5.243442e+00	5.226043e+00	5.214025e+00
5.206933e+00	5.202562e+00	5.199934e+00	5.204206e+00	5.221405e+00	5.233479e+00
5.240798e+00	5.241847e+00	5.249292e+00	5.253568e+00	5.261249e+00	5.262316e+00
5.262198e+00	5.262222e+00	5.262140e+00	5.262227e+00	5.398800e+00	5.462931e+00
5.521344e+00	5.569638e+00	5.608695e+00	5.664182e+00	5.687887e+00	5.682006e+00
5.652258e+00	5.608436e+00	5.562741e+00	5.518757e+00	5.478045e+00	5.442070e+00
5.412462e+00	5.390310e+00	5.374797e+00	5.362584e+00	5.351828e+00	5.348567e+00
5.359790e+00	5.368847e+00	5.371121e+00	5.366301e+00	5.369787e+00	5.374455e+00
5.385893e+00	5.387552e+00	5.387146e+00	5.387192e+00	5.386990e+00	5.387120e+00
5.775496e+00	5.837365e+00	5.891430e+00	5.931698e+00	5.959716e+00	5.988162e+00
5.982884e+00	5.952399e+00	5.903180e+00	5.843922e+00	5.784839e+00	5.728071e+00
5.673113e+00	5.620926e+00	5.576309e+00	5.542641e+00	5.518367e+00	5.497532e+00
5.476421e+00	5.464278e+00	5.468492e+00	5.471873e+00	5.467290e+00	5.456517e+00
5.454889e+00	5.459396e+00	5.474679e+00	5.476981e+00	5.476339e+00	5.476194e+00
5.476064e+00	5.476170e+00	6.155356e+00	6.216780e+00	6.267264e+00	6.298435e+00
6.312880e+00	6.307156e+00	6.265949e+00	6.207062e+00	6.137411e+00	6.063632e+00
5.992834e+00	5.924934e+00	5.856289e+00	5.787018e+00	5.726273e+00	5.680526e+00
5.647282e+00	5.617478e+00	5.585296e+00	5.563885e+00	5.560739e+00	5.557799e+00
5.546171e+00	5.529784e+00	5.523083e+00	5.527293e+00	5.546102e+00	5.549003e+00
5.548156e+00	5.547784e+00	5.547766e+00	5.547835e+00	6.544779e+00	6.597269e+00
6.637064e+00	6.654810e+00	6.653868e+00	6.615083e+00	6.541265e+00	6.454390e+00
6.361611e+00	6.268636e+00	6.181181e+00	6.098309e+00	6.015280e+00	5.931605e+00
5.857247e+00	5.799063e+00	5.754204e+00	5.712993e+00	5.669380e+00	5.636615e+00
5.620794e+00	5.610126e+00	5.590609e+00	5.567960e+00	5.554379e+00	5.556986e+00
5.575631e+00	5.578548e+00	5.577542e+00	5.577082e+00	5.577087e+00	5.577150e+00
6.939563e+00	6.971279e+00	6.991177e+00	6.990540e+00	6.972769e+00	6.904183e+00
6.803597e+00	6.690403e+00	6.571937e+00	6.454877e+00	6.345941e+00	6.244826e+00
6.147471e+00	6.052718e+00	5.967902e+00	5.897731e+00	5.839870e+00	5.786432e+00
5.732402e+00	5.688687e+00	5.660071e+00	5.641791e+00	5.615082e+00	5.586954e+00
5.567341e+00	5.568349e+00	5.585790e+00	5.588550e+00	5.587443e+00	5.586965e+00
5.586956e+00	5.587025e+00	7.332398e+00	7.343575e+00	7.343394e+00	7.323470e+00
7.287351e+00	7.185012e+00	7.053655e+00	6.911575e+00	6.766111e+00	6.624205e+00
6.492983e+00	6.372670e+00	6.260197e+00	6.153832e+00	6.057809e+00	5.974419e+00
5.902047e+00	5.835300e+00	5.770123e+00	5.711209e+00	5.664193e+00	5.642634e+00
5.613350e+00	5.583832e+00	5.561991e+00	5.561953e+00	5.577250e+00	5.579694e+00
5.578606e+00	5.578155e+00	5.578143e+00	5.578213e+00	7.719763e+00	7.712015e+00
7.692637e+00	7.653109e+00	7.597356e+00	7.457186e+00	7.290731e+00	7.117220e+00
6.943801e+00	6.776749e+00	6.622794e+00	6.482610e+00	6.354287e+00	6.235684e+00
6.127726e+00	6.030390e+00	5.941926e+00	5.860213e+00	5.783866e+00	5.716842e+00
5.657033e+00	5.626417e+00	5.591616e+00	5.560363e+00	5.533953e+00	5.530937e+00
5.538691e+00	5.540005e+00	5.539068e+00	5.538737e+00	5.538714e+00	5.538783e+00
8.099993e+00	8.075421e+00	8.038180e+00	7.979054e+00	7.902627e+00	7.720855e+00
7.515125e+00	7.307629e+00	7.105235e+00	6.912662e+00	6.735408e+00	6.574541e+00
6.429095e+00	6.296544e+00	6.174616e+00	6.061357e+00	5.959300e+00	5.865863e+00
5.779706e+00	5.697614e+00	5.619057e+00	5.581880e+00	5.544610e+00	5.514933e+00
5.486414e+00	5.480189e+00	5.477860e+00	5.477652e+00	5.477010e+00	5.476874e+00
5.476803e+00	5.476877e+00	8.471706e+00	8.430295e+00	8.374847e+00	8.295226e+00
8.196801e+00	7.970355e+00	7.722443e+00	7.479174e+00	7.247026e+00	7.029104e+00
6.829366e+00	6.648693e+00	6.486090e+00	6.335727e+00	6.193365e+00	6.060969e+00
5.947393e+00	5.841884e+00	5.743321e+00	5.647385e+00	5.553692e+00	5.509781e+00
5.469683e+00	5.441575e+00	5.411992e+00	5.401828e+00	5.389292e+00	5.387487e+00
5.387054e+00	5.387199e+00	5.386910e+00	5.387094e+00	8.833149e+00	8.775719e+00
8.702550e+00	8.602019e+00	8.480363e+00	8.205428e+00	7.911197e+00	7.629365e+00
7.365947e+00	7.122195e+00	6.899959e+00	6.696582e+00	6.511440e+00	6.344929e+00
6.194383e+00	6.054354e+00	5.920335e+00	5.797100e+00	5.682668e+00	5.572784e+00
5.465076e+00	5.414819e+00	5.371255e+00	5.343470e+00	5.312869e+00	5.298997e+00
5.277211e+00	5.273918e+00	5.273630e+00	5.274056e+00	5.273493e+00	5.273841e+00
9.181419e+00	9.104148e+00	9.009466e+00	8.884909e+00	8.737740e+00	8.411796e+00
8.070881e+00	7.750679e+00	7.456260e+00	7.186794e+00	6.941651e+00	6.719952e+00
6.518255e+00	6.332940e+00	6.160988e+00	6.001016e+00	5.852397e+00	5.714258e+00
5.585181e+00	5.461335e+00	5.340849e+00	5.284861e+00	5.236245e+00	5.205501e+00
5.172867e+00	5.156644e+00	5.129061e+00	5.124760e+00	5.124500e+00	5.125110e+00
5.124310e+00	5.124830e+00	9.562408e+00	9.423218e+00	9.272361e+00	9.103504e+00
8.922865e+00	8.552208e+00	8.185735e+00	7.846166e+00	7.519581e+00	7.217769e+00
6.940478e+00	6.706281e+00	6.490651e+00	6.285566e+00	6.091842e+00	5.912740e+00
5.747726e+00	5.595745e+00	5.454978e+00	5.318776e+00	5.182502e+00	5.117929e+00
5.062219e+00	5.027250e+00	4.989347e+00	4.972314e+00	4.944361e+00	4.940100e+00
4.939793e+00	4.940253e+00	4.939737e+00	4.940030e+00	9.945111e+00	9.730120e+00
9.514079e+00	9.297046e+00	9.082066e+00	8.668119e+00	8.277584e+00	7.916780e+00
7.564657e+00	7.237684e+00	6.937079e+00	6.672714e+00	6.427705e+00	6.199837e+00
5.987707e+00	5.791365e+00	5.611692e+00	5.447889e+00	5.297677e+00	5.150518e+00
4.998046e+00	4.924043e+00	4.860118e+00	4.819471e+00	4.774175e+00	4.757588e+00
4.733778e+00	4.730350e+00	4.729885e+00	4.730012e+00	4.729992e+00	4.729885e+00
1.026340e+01	9.997818e+00	9.735785e+00	9.480581e+00	9.234144e+00	8.770148e+00
8.337815e+00	7.926806e+00	7.563332e+00	7.225330e+00	6.912151e+00	6.616003e+00
6.345697e+00	6.097545e+00	5.867932e+00	5.654993e+00	5.459883e+00	5.281740e+00
5.118137e+00	4.957682e+00	4.791164e+00	4.709655e+00	4.637327e+00	4.588706e+00
4.535020e+00	4.519127e+00	4.502474e+00	4.500345e+00	4.499484e+00	4.499366e+00
4.499448e+00	4.499185e+00	1.052620e+01	1.022680e+01	9.932159e+00	9.646250e+00
9.370828e+00	8.853380e+00	8.375090e+00	7.926826e+00	7.523299e+00	7.151248e+00
6.811260e+00	6.500558e+00	6.217040e+00	5.956847e+00	5.714958e+00	5.488228e+00
5.277878e+00	5.083213e+00	4.902155e+00	4.726070e+00	4.548216e+00	4.461362e+00
4.380410e+00	4.321229e+00	4.257804e+00	4.243033e+00	4.237447e+00	4.237234e+00
4.235710e+00	4.235414e+00	4.235206e+00	4.235019e+00	1.076433e+01	1.042743e+01
1.009715e+01	9.778903e+00	9.473870e+00	8.902015e+00	8.373065e+00	7.907948e+00
7.463937e+00	7.062615e+00	6.699290e+00	6.370267e+00	6.071364e+00	5.797756e+00
5.543023e+00	5.302876e+00	5.078215e+00	4.868609e+00	4.671693e+00	4.480083e+00
4.288553e+00	4.195538e+00	4.108452e+00	4.044015e+00	3.974389e+00	3.958891e+00
3.956561e+00	3.956999e+00	3.955183e+00	3.954827e+00	3.954473e+00	3.954267e+00
1.098473e+01	1.060972e+01	1.024362e+01	9.893492e+00	9.559861e+00	8.937977e+00
8.360621e+00	7.850137e+00	7.378552e+00	6.952452e+00	6.568191e+00	6.221771e+00
5.908228e+00	5.621839e+00	5.354998e+00	5.102456e+00	4.864579e+00	4.641381e+00
4.429981e+00	4.223659e+00	4.018445e+00	3.919596e+00	3.828399e+00	3.761997e+00
3.688762e+00	3.671536e+00	3.667461e+00	3.667694e+00	3.665837e+00	3.665509e+00
3.665087e+00	3.664831e+00	1.118351e+01	1.076889e+01	1.036574e+01	9.983166e+00
9.620563e+00	8.946190e+00	8.341015e+00	7.787525e+00	7.289585e+00	6.841273e+00
6.438201e+00	6.075612e+00	5.747797e+00	5.448182e+00	5.168103e+00	4.901604e+00
4.649038e+00	4.411372e+00	4.186478e+00	3.968599e+00	3.755079e+00	3.653030e+00
3.558229e+00	3.488654e+00	3.413510e+00	3.395065e+00	3.387023e+00	3.386597e+00
3.384843e+00	3.384558e+00	3.384184e+00	3.383928e+00	1.135673e+01	1.090222e+01
1.046251e+01	1.004904e+01	9.660025e+00	8.940404e+00	8.295789e+00	7.714286e+00
7.193947e+00	6.727550e+00	6.308602e+00	5.931378e+00	5.589585e+00	5.275844e+00
4.980502e+00	4.697177e+00	4.426986e+00	4.172761e+00	3.935079e+00	3.709490e+00
3.494531e+00	3.392567e+00	3.294572e+00	3.220038e+00	3.145064e+00	3.125948e+00
3.110704e+00	3.108958e+00	3.107513e+00	3.107292e+00	3.107126e+00	3.106915e+00
1.151998e+01	1.102685e+01	1.055208e+01	1.010956e+01	9.695896e+00	8.933745e+00
8.253433e+00	7.645505e+00	7.103485e+00	6.618664e+00	6.182563e+00	5.788853e+00
5.431315e+00	5.102680e+00	4.793624e+00	4.498009e+00	4.216702e+00	3.952068e+00
3.705191e+00	3.472114e+00	3.251942e+00	3.147757e+00	3.046782e+00	2.969348e+00
2.893213e+00	2.873466e+00	2.854916e+00	2.852579e+00	2.851209e+00	2.851021e+00
2.850925e+00	2.851043e+00	1.167017e+01	1.114088e+01	1.063356e+01	1.016471e+01
9.728826e+00	8.927543e+00	8.216542e+00	7.584120e+00	7.021584e+00	6.518505e+00
6.064683e+00	5.653506e+00	5.279280e+00	4.935549e+00	4.614270e+00	4.309917e+00
4.022235e+00	3.751514e+00	3.497889e+00	3.257863e+00	3.030627e+00	2.922873e+00
2.818671e+00	2.738933e+00	2.660445e+00	2.640277e+00	2.621778e+00	2.619440e+00
2.617960e+00	2.617781e+00	2.617652e+00	2.618252e+00	1.180185e+01	1.124052e+01
1.070468e+01	1.021347e+01	9.758987e+00	8.924361e+00	8.187046e+00	7.533834e+00
6.953551e+00	6.434208e+00	5.964401e+00	5.537481e+00	5.148192e+00	4.790829e+00
4.458462e+00	4.146071e+00	3.852443e+00	3.576147e+00	3.316240e+00	3.070454e+00
2.837757e+00	2.726896e+00	2.618663e+00	2.534939e+00	2.453395e+00	2.433166e+00
2.416242e+00	2.414130e+00	2.412484e+00	2.412303e+00	2.412118e+00	2.413021e+00
1.191793e+01	1.132809e+01	1.076743e+01	1.025712e+01	9.787258e+00	8.925676e+00
8.164028e+00	7.494276e+00	6.899577e+00	6.366810e+00	5.883706e+00	5.443713e+00
5.041912e+00	4.673152e+00	4.331340e+00	4.011802e+00	3.712556e+00	3.430941e+00
3.165047e+00	2.913659e+00	2.675120e+00	2.560828e+00	2.448511e+00	2.360927e+00
2.275868e+00	2.255277e+00	2.239458e+00	2.237538e+00	2.235751e+00	2.235569e+00
2.235332e+00	2.236019e+00	1.202140e+01	1.140653e+01	1.082424e+01	1.029792e+01
9.815431e+00	8.929454e+00	8.155229e+00	7.471192e+00	6.865072e+00	6.321978e+00
5.828877e+00	5.379166e+00	4.967975e+00	4.590234e+00	4.240406e+00	3.913909e+00
3.608319e+00	3.320589e+00	3.048286e+00	2.790073e+00	2.543783e+00	2.425066e+00
2.308316e+00	2.217049e+00	2.127694e+00	2.106071e+00	2.089928e+00	2.088025e+00
2.086158e+00	2.085959e+00	2.085717e+00	2.085707e+00	1.210928e+01	1.147399e+01
1.087422e+01	1.033580e+01	9.844156e+00	8.942237e+00	8.153617e+00	7.461325e+00
6.848301e+00	6.299017e+00	5.800023e+00	5.344626e+00	4.927862e+00	4.544488e+00
4.188471e+00	3.855128e+00	3.542458e+00	3.247738e+00	2.968388e+00	2.701856e+00
2.445430e+00	2.320874e+00	2.198549e+00	2.102921e+00	2.008003e+00	1.984609e+00
1.966708e+00	1.964637e+00	1.962726e+00	1.962495e+00	1.962285e+00	1.961335e+00
1.217958e+01	1.152909e+01	1.091698e+01	1.037078e+01	9.873829e+00	8.961475e+00
8.164568e+00	7.469760e+00	6.854720e+00	6.303823e+00	5.803634e+00	5.347280e+00
4.929584e+00	4.545064e+00	4.184496e+00	3.842715e+00	3.520192e+00	3.215338e+00
2.925558e+00	2.645863e+00	2.374533e+00	2.243643e+00	2.114018e+00	2.011718e+00
1.909225e+00	1.883373e+00	1.862996e+00	1.860652e+00	1.858647e+00	1.858380e+00
1.858170e+00	1.856865e+00	1.223864e+01	1.157656e+01	1.095543e+01	1.040426e+01
9.904569e+00	8.987435e+00	8.189440e+00	7.489680e+00	6.870418e+00	6.315982e+00
5.813062e+00	5.354421e+00	4.934372e+00	4.546745e+00	4.182449e+00	3.835804e+00
3.506925e+00	3.194989e+00	2.897518e+00	2.607662e+00	2.322944e+00	2.184180e+00
2.045238e+00	1.934350e+00	1.823165e+00	1.794741e+00	1.771822e+00	1.769171e+00
1.767016e+00	1.766717e+00	1.766492e+00	1.765260e+00	1.228061e+01	1.161362e+01
1.098919e+01	1.043741e+01	9.938096e+00	9.019671e+00	8.221040e+00	7.518371e+00
6.896026e+00	6.338791e+00	5.833804e+00	5.373510e+00	4.951603e+00	4.560941e+00
4.194176e+00	3.845851e+00	3.514536e+00	3.199744e+00	2.899038e+00	2.604937e+00
2.307899e+00	2.152984e+00	1.995755e+00	1.870719e+00	1.748141e+00	1.717126e+00
1.691790e+00	1.688757e+00	1.686328e+00	1.686035e+00	1.685739e+00	1.685539e+00
1.230898e+01	1.164110e+01	1.101747e+01	1.046921e+01	9.974364e+00	9.062589e+00
8.269270e+00	7.569027e+00	6.947728e+00	6.391356e+00	5.888002e+00	5.429905e+00
5.010228e+00	4.621196e+00	4.253474e+00	3.900722e+00	3.562527e+00	3.239112e+00
2.927950e+00	2.619581e+00	2.303154e+00	2.136524e+00	1.962159e+00	1.820297e+00
1.683806e+00	1.650132e+00	1.622655e+00	1.619222e+00	1.616365e+00	1.616071e+00
1.615708e+00	1.617207e+00	1.231832e+01	1.165550e+01	1.103782e+01	1.049520e+01
1.000764e+01	9.107710e+00	8.323135e+00	7.628585e+00	7.010891e+00	6.456811e+00
5.955071e+00	5.498085e+00	5.079074e+00	4.690271e+00	4.322169e+00	3.968009e+00
3.626645e+00	3.297169e+00	2.975989e+00	2.652191e+00	2.314845e+00	2.141423e+00
1.953704e+00	1.783694e+00	1.627034e+00	1.591121e+00	1.562907e+00	1.559184e+00
1.555418e+00	1.554912e+00	1.554750e+00	1.558222e+00	1.232393e+01	1.166568e+01
1.105421e+01	1.051813e+01	1.003963e+01	9.156216e+00	8.384219e+00	7.699115e+00
7.088179e+00	6.538547e+00	6.039238e+00	5.583195e+00	5.164303e+00	4.775531e+00
4.408239e+00	4.055685e+00	3.715128e+00	3.382767e+00	3.052728e+00	2.714056e+00
2.353120e+00	2.160139e+00	1.949077e+00	1.754447e+00	1.576080e+00	1.537861e+00
1.509636e+00	1.505733e+00	1.500855e+00	1.500041e+00	1.500205e+00	1.505687e+00
1.232136e+01	1.166640e+01	1.106025e+01	1.053997e+01	1.007404e+01	9.210682e+00
8.452068e+00	7.775868e+00	7.170632e+00	6.624829e+00	6.128582e+00	5.675159e+00
5.258539e+00	4.871804e+00	4.506425e+00	4.155406e+00	3.814979e+00	3.479489e+00
3.141034e+00	2.786974e+00	2.399974e+00	2.186118e+00	1.950227e+00	1.747169e+00
1.534152e+00	1.489187e+00	1.462335e+00	1.459049e+00	1.452673e+00	1.451328e+00
1.452124e+00	1.458976e+00	1.228179e+01	1.164788e+01	1.106187e+01	1.056143e+01
1.011278e+01	9.275489e+00	8.531335e+00	7.862618e+00	7.260817e+00	6.717472e+00
6.225196e+00	5.777300e+00	5.366967e+00	4.986251e+00	4.625056e+00	4.275395e+00
3.933738e+00	3.594924e+00	3.249989e+00	2.881606e+00	2.467297e+00	2.234130e+00
1.975431e+00	1.747488e+00	1.500653e+00	1.444978e+00	1.421038e+00	1.419159e+00
1.410935e+00	1.408838e+00	1.410557e+00	1.418182e+00	1.224898e+01	1.162878e+01
1.105917e+01	1.057181e+01	1.013997e+01	9.328996e+00	8.602961e+00	7.947091e+00
7.354398e+00	6.817998e+00	6.331938e+00	5.889883e+00	5.484919e+00	5.108879e+00
4.751230e+00	4.403617e+00	4.062324e+00	3.721871e+00	3.371777e+00	2.990297e+00
2.549263e+00	2.295755e+00	2.010600e+00	1.752864e+00	1.474246e+00	1.408091e+00
1.385033e+00	1.384075e+00	1.374123e+00	1.371401e+00	1.374026e+00	1.382008e+00
1.221962e+01	1.160765e+01	1.104804e+01	1.057571e+01	1.015963e+01	9.374256e+00
8.668610e+00	8.029495e+00	7.450491e+00	6.925007e+00	6.447353e+00	6.011642e+00
5.611477e+00	5.239221e+00	4.884898e+00	4.540310e+00	4.201221e+00	3.861104e+00
3.507557e+00	3.114776e+00	2.648582e+00	2.374411e+00	2.060029e+00	1.772807e+00
1.454950e+00	1.377874e+00	1.353853e+00	1.353448e+00	1.341865e+00	1.338608e+00
1.341999e+00	1.349781e+00	1.218203e+01	1.157974e+01	1.103233e+01	1.057651e+01
1.017695e+01	9.418064e+00	8.733725e+00	8.111923e+00	7.546976e+00	7.032878e+00
6.564402e+00	6.136102e+00	5.742043e+00	5.374999e+00	5.025434e+00	4.685228e+00
4.349736e+00	4.011480e+00	3.656134e+00	3.253590e+00	2.763075e+00	2.468061e+00
2.123839e+00	1.804585e+00	1.444342e+00	1.353854e+00	1.326976e+00	1.326939e+00
1.313762e+00	1.309990e+00	1.313908e+00	1.320647e+00	1.214082e+01	1.154843e+01
1.101358e+01	1.057443e+01	1.019232e+01	9.459912e+00	8.797450e+00	8.193639e+00
7.643516e+00	7.141621e+00	6.683207e+00	6.263276e+00	5.876319e+00	5.515551e+00
5.171886e+00	4.837363e+00	4.506897e+00	4.172142e+00	3.816822e+00	3.406398e+00
2.892982e+00	2.577282e+00	2.202358e+00	1.848894e+00	1.443155e+00	1.335571e+00
1.303970e+00	1.303989e+00	1.289291e+00	1.285058e+00	1.289701e+00	1.294722e+00
1.209638e+01	1.151426e+01	1.099219e+01	1.057039e+01	1.020530e+01	9.499340e+00
8.859003e+00	8.273611e+00	7.738870e+00	7.249812e+00	6.802178e+00	6.391415e+00
6.012439e+00	5.658908e+00	5.322216e+00	4.994582e+00	4.670527e+00	4.340842e+00
3.987271e+00	3.570679e+00	3.035703e+00	2.699662e+00	2.293823e+00	1.904555e+00
1.444677e+00	1.324560e+00	1.284031e+00	1.283785e+00	1.267681e+00	1.262995e+00
1.268285e+00	1.271522e+00	1.205399e+01	1.148158e+01	1.097168e+01	1.056508e+01
1.021638e+01	9.535680e+00	8.916736e+00	8.349552e+00	7.830398e+00	7.354704e+00
6.918641e+00	6.518048e+00	6.148215e+00	5.803163e+00	5.474710e+00	5.155218e+00
4.838956e+00	4.516003e+00	4.166441e+00	3.747018e+00	3.194474e+00	2.839421e+00
2.402338e+00	1.974945e+00	1.460061e+00	1.319560e+00	1.267759e+00	1.266389e+00
1.249049e+00	1.244139e+00	1.249479e+00	1.251289e+00	1.203944e+01	1.147122e+01
1.096775e+01	1.057002e+01	1.023265e+01	9.569700e+00	8.966906e+00	8.414817e+00
7.909881e+00	7.447686e+00	7.024493e+00	6.636197e+00	6.278064e+00	5.943989e+00
5.625460e+00	5.314632e+00	5.006032e+00	4.690143e+00	4.347676e+00	3.935972e+00
3.382010e+00	3.009680e+00	2.528040e+00	2.046993e+00	1.480683e+00	1.326759e+00
1.256714e+00	1.250728e+00	1.232687e+00	1.229153e+00	1.231000e+00	1.233629e+00
1.202838e+01	1.146349e+01	1.096504e+01	1.057753e+01	1.024960e+01	9.601980e+00
9.013855e+00	8.475969e+00	7.984835e+00	7.536172e+00	7.126277e+00	6.751047e+00
6.405636e+00	6.083690e+00	5.776135e+00	5.474799e+00	5.174608e+00	4.866798e+00
4.533503e+00	4.134511e+00	3.587357e+00	3.199847e+00	2.668959e+00	2.127018e+00
1.508728e+00	1.342514e+00	1.247769e+00	1.236667e+00	1.217935e+00	1.215928e+00
1.213819e+00	1.217666e+00	1.200695e+01	1.144789e+01	1.095729e+01	1.057777e+01
1.026045e+01	9.631728e+00	9.060131e+00	8.537486e+00	8.060535e+00	7.625281e+00
7.228174e+00	6.865284e+00	6.531869e+00	6.221612e+00	5.925344e+00	5.634811e+00
5.345058e+00	5.047455e+00	4.724232e+00	4.334688e+00	3.788905e+00	3.389670e+00
2.824827e+00	2.232845e+00	1.547124e+00	1.359532e+00	1.240355e+00	1.225586e+00
1.205179e+00	1.203427e+00	1.200366e+00	1.203695e+00	1.196946e+01	1.141969e+01
1.093910e+01	1.057228e+01	1.026731e+01	9.658713e+00	9.104844e+00	8.598100e+00
8.135453e+00	7.713306e+00	7.328366e+00	6.977038e+00	6.654881e+00	6.355888e+00
6.071226e+00	5.792828e+00	5.515647e+00	5.230636e+00	4.918800e+00	4.535987e+00
3.986950e+00	3.579780e+00	2.998571e+00	2.375226e+00	1.605428e+00	1.382503e+00
1.234504e+00	1.216782e+00	1.194499e+00	1.192151e+00	1.189592e+00	1.191712e+00
1.192058e+01	1.138222e+01	1.091379e+01	1.056199e+01	1.026952e+01	9.683186e+00
9.148163e+00	8.657652e+00	8.209025e+00	7.799172e+00	7.425238e+00	7.084132e+00
6.771983e+00	6.483494e+00	6.210755e+00	5.946274e+00	5.684717e+00	5.416117e+00
5.118873e+00	4.742000e+00	4.183706e+00	3.767170e+00	3.174624e+00	2.527930e+00
1.680375e+00	1.419512e+00	1.230195e+00	1.206446e+00	1.186908e+00	1.183886e+00
1.177086e+00	1.181440e+00	1.186565e+01	1.133976e+01	1.088438e+01	1.054780e+01
1.027071e+01	9.705982e+00	9.190032e+00	8.715731e+00	8.280865e+00	7.882839e+00
7.519321e+00	7.187798e+00	6.885104e+00	6.606858e+00	6.346393e+00	6.097050e+00
5.853202e+00	5.603753e+00	5.323663e+00	4.952807e+00	4.382199e+00	3.956184e+00
3.357362e+00	2.695098e+00	1.773572e+00	1.472319e+00	1.226713e+00	1.196189e+00
1.180734e+00	1.177023e+00	1.164127e+00	1.172276e+00	1.184391e+01	1.132403e+01
1.087604e+01	1.054398e+01	1.027363e+01	9.727160e+00	9.225489e+00	8.764214e+00
8.341466e+00	7.954896e+00	7.602399e+00	7.281710e+00	6.990000e+00	6.723358e+00
6.475702e+00	6.240885e+00	6.013442e+00	5.782122e+00	5.520484e+00	5.163071e+00
4.593763e+00	4.163377e+00	3.556835e+00	2.872910e+00	1.871638e+00	1.529209e+00
1.226960e+00	1.193481e+00	1.173722e+00	1.169539e+00	1.154280e+00	1.164238e+00
1.183854e+01	1.132091e+01	1.087627e+01	1.054909e+01	1.028418e+01	9.745922e+00
9.253428e+00	8.801974e+00	8.389617e+00	8.013990e+00	7.672967e+00	7.364254e+00
7.085003e+00	6.831233e+00	6.596560e+00	6.374884e+00	6.161573e+00	5.946714e+00
5.705175e+00	5.370834e+00	4.822080e+00	4.395008e+00	3.776810e+00	3.060385e+00
1.974438e+00	1.591983e+00	1.239141e+00	1.194266e+00	1.165162e+00	1.160936e+00
1.146710e+00	1.157316e+00	1.183969e+01	1.132494e+01	1.088349e+01	1.056269e+01
1.030367e+01	9.773382e+00	9.287925e+00	8.842984e+00	8.437091e+00	8.068534e+00
7.735848e+00	7.437074e+00	7.169576e+00	6.929595e+00	6.710919e+00	6.506950e+00
6.311065e+00	6.109243e+00	5.875709e+00	5.556932e+00	5.043639e+00	4.638572e+00
4.032258e+00	3.290313e+00	2.084498e+00	1.652624e+00	1.251486e+00	1.196951e+00
1.160679e+00	1.155371e+00	1.146928e+00	1.152046e+00	1.184193e+01	1.133165e+01
1.089489e+01	1.057898e+01	1.032443e+01	9.801374e+00	9.321687e+00	8.881867e+00
8.481011e+00	8.118102e+00	7.792418e+00	7.502372e+00	7.245645e+00	7.018871e+00
6.816338e+00	6.631077e+00	6.453991e+00	6.265594e+00	6.038446e+00	5.733338e+00
5.257861e+00	4.881506e+00	4.302353e+00	3.548484e+00	2.210155e+00	1.719158e+00
1.264580e+00	1.202476e+00	1.157950e+00	1.151350e+00	1.148646e+00	1.147637e+00
1.183412e+01	1.132815e+01	1.089514e+01	1.058272e+01	1.033146e+01	9.815199e+00
9.342404e+00	8.909913e+00	8.516830e+00	8.162076e+00	7.844998e+00	7.564066e+00
7.317141e+00	7.101050e+00	6.910283e+00	6.738256e+00	6.576916e+00	6.408292e+00
6.205323e+00	5.924551e+00	5.469678e+00	5.103992e+00	4.537434e+00	3.783117e+00
2.367941e+00	1.813986e+00	1.281616e+00	1.207396e+00	1.155035e+00	1.147616e+00
1.143398e+00	1.143147e+00	1.182851e+01	1.132784e+01	1.089833e+01	1.058922e+01
1.034094e+01	9.830559e+00	9.363505e+00	8.937042e+00	8.550461e+00	8.202828e+00
7.893707e+00	7.621621e+00	7.384460e+00	7.178943e+00	6.999338e+00	6.839160e+00
6.691344e+00	6.539596e+00	6.358442e+00	6.104565e+00	5.681541e+00	5.333221e+00
4.781533e+00	4.023159e+00	2.533958e+00	1.925459e+00	1.305613e+00	1.214965e+00
1.152254e+00	1.146271e+00	1.138052e+00	1.139586e+00	1.182645e+01	1.132853e+01
1.090365e+01	1.059739e+01	1.035163e+01	9.846467e+00	9.384580e+00	8.963597e+00
8.582909e+00	8.241643e+00	7.939464e+00	7.675013e+00	7.446320e+00	7.250219e+00
7.081087e+00	6.932752e+00	6.798891e+00	6.664359e+00	6.504918e+00	6.277821e+00
5.887744e+00	5.558822e+00	5.026691e+00	4.271877e+00	2.715923e+00	2.049186e+00
1.334040e+00	1.225525e+00	1.151482e+00	1.145113e+00	1.133734e+00	1.136761e+00
1.182605e+01	1.133263e+01	1.091100e+01	1.060705e+01	1.036319e+01	9.862500e+00
9.405196e+00	8.989125e+00	8.613627e+00	8.277782e+00	7.981211e+00	7.722774e+00
7.500791e+00	7.312512e+00	7.152868e+00	7.016311e+00	6.897020e+00	6.780350e+00
6.642562e+00	6.441186e+00	6.082645e+00	5.773796e+00	5.266120e+00	4.526552e+00
2.917828e+00	2.185869e+00	1.367774e+00	1.241345e+00	1.151850e+00	1.144011e+00
1.131043e+00	1.134583e+00	1.182293e+01	1.133334e+01	1.091579e+01	1.061461e+01
1.037297e+01	9.876809e+00	9.423832e+00	9.012029e+00	8.640748e+00	8.309176e+00
8.017013e+00	7.763364e+00	7.546825e+00	7.365147e+00	7.213953e+00	7.088396e+00
6.983154e+00	6.883981e+00	6.767799e+00	6.593134e+00	6.267754e+00	5.978631e+00
5.493180e+00	4.774954e+00	3.140244e+00	2.338364e+00	1.406006e+00	1.260545e+00
1.153687e+00	1.143272e+00	1.130583e+00	1.132449e+00	1.181769e+01	1.133383e+01
1.092007e+01	1.062148e+01	1.038172e+01	9.889548e+00	9.440476e+00	9.032575e+00
8.665153e+00	8.337490e+00	8.049340e+00	7.800026e+00	7.588388e+00	7.412625e+00
7.268984e+00	7.153330e+00	7.061125e+00	6.979180e+00	6.885423e+00	6.738503e+00
6.446789e+00	6.177775e+00	5.716066e+00	5.023915e+00	3.378137e+00	2.506250e+00
1.449277e+00	1.283148e+00	1.157072e+00	1.142751e+00	1.130277e+00	1.130439e+00
1.181384e+01	1.133525e+01	1.092549e+01	1.062824e+01	1.038874e+01	9.898549e+00
9.452246e+00	9.047852e+00	8.684417e+00	8.361070e+00	8.077350e+00	7.832638e+00
7.625825e+00	7.455188e+00	7.317040e+00	7.207862e+00	7.125230e+00	7.060063e+00
6.992689e+00	6.876178e+00	6.615397e+00	6.366656e+00	5.936110e+00	5.272955e+00
3.614614e+00	2.691567e+00	1.501265e+00	1.309816e+00	1.160683e+00	1.143198e+00
1.129290e+00	1.128670e+00	1.181041e+01	1.133766e+01	1.093162e+01	1.063470e+01
1.039437e+01	9.905069e+00	9.460771e+00	9.059351e+00	8.699600e+00	8.380439e+00
8.101084e+00	7.860849e+00	7.658547e+00	7.492275e+00	7.358082e+00	7.253052e+00
7.177497e+00	7.127794e+00	7.087896e+00	7.002741e+00	6.770845e+00	6.542433e+00
6.148317e+00	5.516783e+00	3.849180e+00	2.896389e+00	1.565879e+00	1.343179e+00
1.165299e+00	1.145741e+00	1.127261e+00	1.127162e+00	1.179903e+01	1.133534e+01
1.093561e+01	1.064120e+01	1.040062e+01	9.913100e+00	9.470861e+00	9.071836e+00
8.714699e+00	8.398367e+00	8.122044e+00	7.885102e+00	7.686462e+00	7.524315e+00
7.394834e+00	7.295525e+00	7.227819e+00	7.190281e+00	7.168992e+00	7.109476e+00
6.912352e+00	6.707410e+00	6.344774e+00	5.746226e+00	4.098488e+00	3.109461e+00
1.639447e+00	1.384069e+00	1.172036e+00	1.148573e+00	1.126326e+00	1.126093e+00
1.177620e+01	1.132756e+01	1.093874e+01	1.064739e+01	1.040670e+01	9.921385e+00
9.481179e+00	9.084158e+00	8.729041e+00	8.414866e+00	8.140945e+00	7.906729e+00
7.711305e+00	7.553041e+00	7.428399e+00	7.335285e+00	7.275531e+00	7.248346e+00
7.241572e+00	7.204916e+00	7.044761e+00	6.864909e+00	6.531878e+00	5.967878e+00
4.360475e+00	3.333702e+00	1.722836e+00	1.432751e+00	1.181083e+00	1.152031e+00
1.125692e+00	1.125226e+00	1.175142e+01	1.131831e+01	1.093933e+01	1.065000e+01
1.040829e+01	9.925128e+00	9.486931e+00	9.091851e+00	8.738723e+00	8.426689e+00
8.155106e+00	7.923499e+00	7.731074e+00	7.576335e+00	7.455934e+00	7.368117e+00
7.315229e+00	7.297373e+00	7.304311e+00	7.289378e+00	7.164156e+00	7.008661e+00
6.705983e+00	6.179393e+00	4.624152e+00	3.567626e+00	1.816094e+00	1.487900e+00
1.191527e+00	1.156029e+00	1.125158e+00	1.124285e+00	1.172310e+01	1.130557e+01
1.093725e+01	1.065063e+01	1.040796e+01	9.926126e+00	9.489254e+00	9.095674e+00
8.744259e+00	8.434188e+00	8.164776e+00	7.935576e+00	7.745837e+00	7.594112e+00
7.477095e+00	7.393337e+00	7.345926e+00	7.336431e+00	7.356993e+00	7.362877e+00
7.268592e+00	7.135298e+00	6.862947e+00	6.376324e+00	4.884506e+00	3.809229e+00
1.923241e+00	1.552985e+00	1.204432e+00	1.160955e+00	1.124674e+00	1.123187e+00
1.168735e+01	1.128891e+01	1.093501e+01	1.065278e+01	1.040998e+01	9.930863e+00
9.495649e+00	9.103236e+00	8.752730e+00	8.443501e+00	8.175138e+00	7.947377e+00
7.759765e+00	7.611246e+00	7.499171e+00	7.422150e+00	7.381930e+00	7.376847e+00
7.398179e+00	7.414902e+00	7.360542e+00	7.257758e+00	7.016254e+00	6.562625e+00
5.142853e+00	4.060209e+00	2.043362e+00	1.627685e+00	1.220134e+00	1.167515e+00
1.124690e+00	1.122825e+00	1.165478e+01	1.127537e+01	1.093425e+01	1.065791e+01
1.041640e+01	9.940342e+00	9.506109e+00	9.113961e+00	8.763421e+00	8.454162e+00
8.186193e+00	7.959368e+00	7.773498e+00	7.627929e+00	7.520787e+00	7.450735e+00
7.417579e+00	7.415216e+00	7.434048e+00	7.458437e+00	7.442204e+00	7.370707e+00
7.161377e+00	6.739701e+00	5.394498e+00	4.318426e+00	2.179642e+00	1.713720e+00
1.239361e+00	1.176019e+00	1.125250e+00	1.122637e+00	1.163894e+01	1.127115e+01
1.093816e+01	1.066308e+01	1.042046e+01	9.945257e+00	9.512038e+00	9.120818e+00
8.771218e+00	8.463025e+00	8.196365e+00	7.971083e+00	7.786928e+00	7.643258e+00
7.538277e+00	7.470964e+00	7.441544e+00	7.444772e+00	7.472445e+00	7.510133e+00
7.516305e+00	7.465057e+00	7.289679e+00	6.910117e+00	5.633470e+00	4.579040e+00
2.335195e+00	1.811146e+00	1.262080e+00	1.185770e+00	1.127515e+00	1.122185e+00
1.161984e+01	1.126226e+01	1.093625e+01	1.066307e+01	1.041969e+01	9.945453e+00
9.513136e+00	9.122860e+00	8.774232e+00	8.467099e+00	8.201630e+00	7.977705e+00
7.795055e+00	7.653097e+00	7.550174e+00	7.485417e+00	7.459369e+00	7.467283e+00
7.501931e+00	7.550785e+00	7.577513e+00	7.545092e+00	7.402292e+00	7.064812e+00
5.861035e+00	4.835922e+00	2.508194e+00	1.920628e+00	1.288191e+00	1.196844e+00
1.129447e+00	1.121777e+00	1.160400e+01	1.125540e+01	1.093564e+01	1.066351e+01
1.041968e+01	9.946139e+00	9.514770e+00	9.125370e+00	8.777624e+00	8.471446e+00
8.207019e+00	7.984253e+00	7.802886e+00	7.662410e+00	7.561275e+00	7.498733e+00
7.475629e+00	7.487658e+00	7.528474e+00	7.587233e+00	7.632178e+00	7.616791e+00
7.505078e+00	7.209569e+00	6.081304e+00	5.092218e+00	2.697571e+00	2.042371e+00
1.318280e+00	1.209966e+00	1.131952e+00	1.121282e+00	1.159223e+01	1.125140e+01
1.093697e+01	1.066633e+01	1.042168e+01	9.948782e+00	9.517903e+00	9.129146e+00
8.782120e+00	8.476725e+00	8.213121e+00	7.991248e+00	7.810887e+00	7.671626e+00
7.571968e+00	7.511271e+00	7.490635e+00	7.506152e+00	7.552232e+00	7.619488e+00
7.680005e+00	7.679475e+00	7.596482e+00	7.341757e+00	6.290251e+00	5.343312e+00
2.904062e+00	2.179136e+00	1.354382e+00	1.226579e+00	1.135718e+00	1.120731e+00
1.158052e+01	1.124685e+01	1.093720e+01	1.066770e+01	1.042245e+01	9.949989e+00
9.519627e+00	9.131481e+00	8.785153e+00	8.480479e+00	8.217591e+00	7.996457e+00
7.816949e+00	7.678712e+00	7.580304e+00	7.521182e+00	7.502637e+00	7.521129e+00
7.571645e+00	7.646167e+00	7.719975e+00	7.732271e+00	7.675231e+00	7.459417e+00
6.486086e+00	5.586275e+00	3.125242e+00	2.330945e+00	1.396757e+00	1.246932e+00
1.140428e+00	1.120551e+00	1.156941e+01	1.124240e+01	1.093736e+01	1.066885e+01
1.042306e+01	9.950966e+00	9.521054e+00	9.133447e+00	8.787746e+00	8.483716e+00
8.221459e+00	8.000970e+00	7.822217e+00	7.684893e+00	7.587606e+00	7.529897e+00
7.513224e+00	7.534376e+00	7.588847e+00	7.669923e+00	7.755714e+00	7.779595e+00
7.746573e+00	7.568222e+00	6.674674e+00	5.826047e+00	3.361360e+00	2.497355e+00
1.444864e+00	1.270695e+00	1.145989e+00	1.120434e+00	1.155980e+01	1.123885e+01
1.093782e+01	1.067036e+01	1.042403e+01	9.952308e+00	9.522750e+00	9.135584e+00
8.790362e+00	8.486829e+00	8.225052e+00	8.005086e+00	7.827000e+00	7.690528e+00
7.594266e+00	7.537772e+00	7.522702e+00	7.546141e+00	7.604123e+00	7.691082e+00
7.787162e+00	7.820787e+00	7.809168e+00	7.666886e+00	6.852961e+00	6.056058e+00
3.610056e+00	2.679735e+00	1.499732e+00	1.298365e+00	1.152394e+00	1.120354e+00
1.155153e+01	1.123594e+01	1.093860e+01	1.067198e+01	1.042517e+01	9.953760e+00
9.524463e+00	9.137631e+00	8.792756e+00	8.489601e+00	8.228201e+00	8.008665e+00
7.831132e+00	7.695377e+00	7.599999e+00	7.544567e+00	7.530894e+00	7.556247e+00
7.617135e+00	7.709127e+00	7.814182e+00	7.856076e+00	7.862484e+00	7.752206e+00
7.018142e+00	6.275386e+00	3.868475e+00	2.878530e+00	1.564549e+00	1.332738e+00
1.160271e+00	1.120297e+00	1.154260e+01	1.123223e+01	1.093834e+01	1.067220e+01
1.042511e+01	9.953938e+00	9.525036e+00	9.138477e+00	8.793896e+00	8.491118e+00
8.230213e+00	8.011168e+00	7.833929e+00	7.698323e+00	7.603544e+00	7.549962e+00
7.538403e+00	7.565012e+00	7.626072e+00	7.721061e+00	7.837952e+00	7.891380e+00
7.906335e+00	7.807202e+00	7.171419e+00	6.521633e+00	4.117349e+00	3.071299e+00
1.639600e+00	1.378544e+00	1.170272e+00	1.120155e+00	1.153401e+01	1.122836e+01
1.093762e+01	1.067227e+01	1.042483e+01	9.953994e+00	9.525372e+00	9.139009e+00
8.794655e+00	8.492200e+00	8.231772e+00	8.013205e+00	7.836162e+00	7.700540e+00
7.606232e+00	7.554509e+00	7.545121e+00	7.572762e+00	7.633272e+00	7.730498e+00
7.859566e+00	7.925104e+00	7.944617e+00	7.849904e+00	7.316751e+00	6.779074e+00
4.365471e+00	3.266478e+00	1.725131e+00	1.435152e+00	1.182196e+00	1.119959e+00
1.153317e+01	1.122856e+01	1.093840e+01	1.067307e+01	1.042506e+01	9.954136e+00
9.525590e+00	9.139616e+00	8.795759e+00	8.493874e+00	8.234071e+00	8.016091e+00
7.839452e+00	7.703976e+00	7.609532e+00	7.556303e+00	7.546548e+00	7.576985e+00
7.644047e+00	7.746140e+00	7.879490e+00	7.945773e+00	7.976513e+00	7.904106e+00
7.451794e+00	6.956701e+00	4.633739e+00	3.495237e+00	1.819871e+00	1.491676e+00
1.194357e+00	1.119926e+00	1.154579e+01	1.123940e+01	1.094709e+01	1.067867e+01
1.042780e+01	9.954556e+00	9.525743e+00	9.140381e+00	8.797606e+00	8.496907e+00
8.238031e+00	8.020844e+00	7.845128e+00	7.710248e+00	7.614044e+00	7.556749e+00
7.543720e+00	7.578859e+00	7.663007e+00	7.777617e+00	7.897923e+00	7.956391e+00
8.001934e+00	7.979844e+00	7.574861e+00	7.059640e+00	4.928838e+00	3.777652e+00
1.926900e+00	1.546196e+00	1.206666e+00	1.120141e+00	1.154539e+01	1.123962e+01
1.094744e+01	1.067866e+01	1.042718e+01	9.953638e+00	9.524896e+00	9.139759e+00
8.797289e+00	8.496905e+00	8.238294e+00	8.021348e+00	7.845929e+00	7.711306e+00
7.615182e+00	7.557369e+00	7.543665e+00	7.580953e+00	7.670318e+00	7.789383e+00
7.909609e+00	7.968316e+00	8.024659e+00	8.029469e+00	7.679344e+00	7.189898e+00
5.201543e+00	4.041104e+00	2.051605e+00	1.615740e+00	1.221768e+00	1.120016e+00
1.153803e+01	1.123528e+01	1.094523e+01	1.067689e+01	1.042532e+01	9.952043e+00
9.523512e+00	9.138583e+00	8.796309e+00	8.496109e+00	8.237694e+00	8.020944e+00
7.845757e+00	7.711385e+00	7.615624e+00	7.558401e+00	7.545564e+00	7.583475e+00
7.673765e+00	7.794428e+00	7.918068e+00	7.981135e+00	8.045001e+00	8.063426e+00
7.768924e+00	7.338999e+00	5.453396e+00	4.289135e+00	2.195837e+00	1.703739e+00
1.240357e+00	1.119736e+00	1.153400e+01	1.123367e+01	1.094523e+01	1.067727e+01
1.042551e+01	9.952390e+00	9.524031e+00	9.139226e+00	8.797087e+00	8.497017e+00
8.238730e+00	8.022143e+00	7.847149e+00	7.713079e+00	7.617633e+00	7.560843e+00
7.548580e+00	7.587095e+00	7.677501e+00	7.799410e+00	7.926760e+00	7.993477e+00
8.063941e+00	8.094876e+00	7.850311e+00	7.468404e+00	5.697926e+00	4.544307e+00
2.355265e+00	1.806311e+00	1.262268e+00	1.119733e+00	1.152035e+01	1.122708e+01
1.094435e+01	1.067964e+01	1.042980e+01	9.958846e+00	9.530659e+00	9.145154e+00
8.801868e+00	8.500629e+00	8.241515e+00	8.024511e+00	7.849529e+00	7.716268e+00
7.623318e+00	7.570469e+00	7.561217e+00	7.596510e+00	7.676019e+00	7.792163e+00
7.933144e+00	8.009413e+00	8.085913e+00	8.125123e+00	7.927907e+00	7.581224e+00
5.933432e+00	4.805953e+00	2.530705e+00	1.925342e+00	1.288824e+00	1.119985e+00
1.151524e+01	1.122462e+01	1.094407e+01	1.068129e+01	1.043208e+01	9.962254e+00
9.534539e+00	9.149028e+00	8.805423e+00	8.503721e+00	8.244230e+00	8.026961e+00
7.851790e+00	7.718503e+00	7.626434e+00	7.575971e+00	7.569178e+00	7.603427e+00
7.675779e+00	7.789270e+00	7.939398e+00	8.023904e+00	8.105583e+00	8.144875e+00
7.984198e+00	7.700493e+00	6.160749e+00	5.052869e+00	2.719335e+00	2.063731e+00
1.316921e+00	1.120220e+00	1.151540e+01	1.122537e+01	1.094515e+01	1.068184e+01
1.043234e+01	9.962635e+00	9.535264e+00	9.150090e+00	8.806824e+00	8.505436e+00
8.246246e+00	8.029093e+00	7.853569e+00	7.719542e+00	7.627173e+00	7.577271e+00
7.571569e+00	7.606704e+00	7.679835e+00	7.792653e+00	7.945948e+00	8.035726e+00
8.121733e+00	8.155557e+00	8.019960e+00	7.834101e+00	6.377321e+00	5.275513e+00
2.920752e+00	2.227877e+00	1.345782e+00	1.120346e+00	