7.322441e-02	7.418495e-02	7.528832e-02	7.663644e-02	7.821352e-02	8.192918e-02
8.632415e-02	9.121998e-02	9.662192e-02	1.025527e-01	1.090577e-01	1.163437e-01
1.249015e-01	1.351034e-01	1.468864e-01	1.600462e-01	1.742097e-01	1.882530e-01
2.003657e-01	2.087282e-01	2.161117e-01	2.222738e-01	2.263994e-01	2.275010e-01
2.300232e-01	2.276468e-01	2.261250e-01	2.262647e-01	2.263218e-01	2.261808e-01
2.262728e-01	2.262367e-01	8.449580e-02	8.565266e-02	8.696503e-02	8.854455e-02
9.037444e-02	9.464956e-02	9.966947e-02	1.052403e-01	1.113673e-01	1.180750e-01
1.254133e-01	1.336050e-01	1.431780e-01	1.545300e-01	1.675913e-01	1.821360e-01
1.977404e-01	2.131534e-01	2.263962e-01	2.355511e-01	2.435733e-01	2.501598e-01
2.545975e-01	2.558190e-01	2.584782e-01	2.560082e-01	2.544230e-01	2.545681e-01
2.546278e-01	2.544810e-01	2.545767e-01	2.545391e-01	9.750220e-02	9.889309e-02
1.004527e-01	1.023030e-01	1.044262e-01	1.093449e-01	1.150779e-01	1.214155e-01
1.283630e-01	1.359468e-01	1.442218e-01	1.534273e-01	1.641287e-01	1.767501e-01
1.912148e-01	2.072746e-01	2.244494e-01	2.413474e-01	2.558084e-01	2.658210e-01
2.745244e-01	2.815444e-01	2.863075e-01	2.876619e-01	2.904532e-01	2.879031e-01
2.862623e-01	2.864121e-01	2.864741e-01	2.863222e-01	2.864210e-01	2.863821e-01
1.125107e-01	1.141803e-01	1.160323e-01	1.181993e-01	1.206627e-01	1.263219e-01
1.328684e-01	1.400768e-01	1.479523e-01	1.565237e-01	1.658510e-01	1.761905e-01
1.881451e-01	2.021652e-01	2.181682e-01	2.358829e-01	2.547660e-01	2.732706e-01
2.890417e-01	2.999807e-01	3.094086e-01	3.168665e-01	3.219671e-01	3.234684e-01
3.263837e-01	3.237715e-01	3.220860e-01	3.222394e-01	3.223033e-01	3.221474e-01
3.222486e-01	3.222088e-01	1.298294e-01	1.318306e-01	1.340281e-01	1.365656e-01
1.394238e-01	1.459347e-01	1.534093e-01	1.616063e-01	1.705312e-01	1.802151e-01
1.907240e-01	2.023309e-01	2.156758e-01	2.312347e-01	2.489210e-01	2.684397e-01
2.891775e-01	3.094164e-01	3.265925e-01	3.385301e-01	3.487255e-01	3.566200e-01
3.620680e-01	3.637318e-01	3.667590e-01	3.641086e-01	3.623929e-01	3.625484e-01
3.626138e-01	3.624551e-01	3.625578e-01	3.625173e-01	1.498139e-01	1.522093e-01
1.548150e-01	1.577858e-01	1.611019e-01	1.685926e-01	1.771257e-01	1.864448e-01
1.965558e-01	2.074924e-01	2.193273e-01	2.323497e-01	2.472349e-01	2.644842e-01
2.840086e-01	3.054901e-01	3.282371e-01	3.503432e-01	3.690217e-01	3.820335e-01
3.930384e-01	4.013609e-01	4.071636e-01	4.090070e-01	4.121289e-01	4.094712e-01
4.077439e-01	4.078997e-01	4.079658e-01	4.078062e-01	4.079091e-01	4.078685e-01
1.728747e-01	1.757382e-01	1.788258e-01	1.823032e-01	1.861507e-01	1.947684e-01
2.045085e-01	2.151010e-01	2.265521e-01	2.388983e-01	2.522202e-01	2.668222e-01
2.834120e-01	3.025147e-01	3.240421e-01	3.476542e-01	3.725724e-01	3.966834e-01
4.169631e-01	4.311272e-01	4.429822e-01	4.517149e-01	4.578757e-01	4.599179e-01
4.631113e-01	4.604852e-01	4.587703e-01	4.589239e-01	4.589901e-01	4.588317e-01
4.589334e-01	4.588932e-01	1.994853e-01	2.029043e-01	2.065604e-01	2.106303e-01
2.150940e-01	2.250083e-01	2.361245e-01	2.481616e-01	2.611260e-01	2.750579e-01
2.900461e-01	3.064092e-01	3.248828e-01	3.460136e-01	3.697187e-01	3.956378e-01
4.228962e-01	4.491531e-01	4.711328e-01	4.865299e-01	4.992725e-01	5.083863e-01
5.149041e-01	5.171658e-01	5.204005e-01	5.178548e-01	5.161823e-01	5.163308e-01
5.163959e-01	5.162417e-01	5.163401e-01	5.163011e-01	2.301919e-01	2.342698e-01
2.385966e-01	2.433589e-01	2.485376e-01	2.599433e-01	2.726283e-01	2.863035e-01
3.009762e-01	3.166906e-01	3.335449e-01	3.518696e-01	3.724218e-01	3.957672e-01
4.218338e-01	4.502443e-01	4.800173e-01	5.085630e-01	5.323399e-01	5.490521e-01
5.627156e-01	5.721675e-01	5.790353e-01	5.815395e-01	5.847766e-01	5.823719e-01
5.807790e-01	5.809187e-01	5.809815e-01	5.808349e-01	5.809276e-01	5.808907e-01
2.656253e-01	2.704839e-01	2.756013e-01	2.811731e-01	2.871812e-01	3.003022e-01
3.147754e-01	3.303077e-01	3.469079e-01	3.646248e-01	3.835673e-01	4.040746e-01
4.269171e-01	4.526750e-01	4.812950e-01	5.123875e-01	5.448537e-01	5.758311e-01
6.014988e-01	6.196089e-01	6.342205e-01	6.439506e-01	6.511540e-01	6.539262e-01
6.571164e-01	6.549268e-01	6.534596e-01	6.535859e-01	6.536448e-01	6.535101e-01
6.535943e-01	6.535606e-01	3.065128e-01	3.122961e-01	3.183453e-01	3.248630e-01
3.318331e-01	3.469274e-01	3.634382e-01	3.810753e-01	3.998492e-01	4.198144e-01
4.410916e-01	4.640251e-01	4.893865e-01	5.177657e-01	5.491378e-01	5.831079e-01
6.184478e-01	6.519968e-01	6.796424e-01	6.992327e-01	7.148116e-01	7.247395e-01
7.322552e-01	7.353231e-01	7.384049e-01	7.365209e-01	7.352356e-01	7.353430e-01
7.353961e-01	7.352786e-01	7.353506e-01	7.353215e-01	3.536942e-01	3.605717e-01
3.677185e-01	3.753416e-01	3.834278e-01	4.007915e-01	4.196241e-01	4.396457e-01
4.608698e-01	4.833574e-01	5.072430e-01	5.328700e-01	5.609968e-01	5.922158e-01
6.265436e-01	6.635891e-01	7.019822e-01	7.382370e-01	7.679381e-01	7.890886e-01
8.056435e-01	8.156640e-01	8.234575e-01	8.268519e-01	8.297492e-01	8.282805e-01
8.272453e-01	8.273272e-01	8.273720e-01	8.272781e-01	8.273336e-01	8.273108e-01
4.081382e-01	4.163099e-01	4.247492e-01	4.336638e-01	4.430445e-01	4.630187e-01
4.844961e-01	5.072183e-01	5.312028e-01	5.565182e-01	5.833152e-01	6.119292e-01
6.430857e-01	6.773711e-01	7.148604e-01	7.551785e-01	7.967997e-01	8.358843e-01
8.677046e-01	8.904916e-01	9.080176e-01	9.179958e-01	9.260189e-01	9.297736e-01
9.323933e-01	9.314720e-01	9.307694e-01	9.308177e-01	9.308513e-01	9.307888e-01
9.308225e-01	9.308081e-01	4.709627e-01	4.806642e-01	4.906249e-01	5.010484e-01
5.119307e-01	5.349073e-01	5.593970e-01	5.851767e-01	6.122691e-01	6.407526e-01
6.707961e-01	7.027179e-01	7.371863e-01	7.747710e-01	8.156263e-01	8.594091e-01
9.044244e-01	9.464475e-01	9.804323e-01	1.004926e+00	1.023400e+00	1.033166e+00
1.041354e+00	1.045506e+00	1.047735e+00	1.047520e+00	1.047249e+00	1.047254e+00
1.047273e+00	1.047251e+00	1.047257e+00	1.047253e+00	5.434577e-01	5.549666e-01
5.667176e-01	5.789035e-01	5.915275e-01	6.179574e-01	6.458772e-01	6.751171e-01
7.057070e-01	7.377368e-01	7.713967e-01	8.069765e-01	8.450564e-01	8.861762e-01
9.305960e-01	9.780258e-01	1.026586e+00	1.071635e+00	1.107805e+00	1.134065e+00
1.153445e+00	1.162785e+00	1.171055e+00	1.175645e+00	1.177345e+00	1.178025e+00
1.178305e+00	1.178255e+00	1.178255e+00	1.178285e+00	1.178255e+00	1.178265e+00
6.270252e-01	6.407101e-01	6.546049e-01	6.688803e-01	6.835503e-01	7.139929e-01
7.458525e-01	7.790521e-01	8.136330e-01	8.496996e-01	8.874675e-01	9.271747e-01
9.692579e-01	1.014207e+00	1.062447e+00	1.113788e+00	1.166139e+00	1.214354e+00
1.252710e+00	1.280816e+00	1.300972e+00	1.309432e+00	1.317590e+00	1.322661e+00
1.323442e+00	1.325407e+00	1.326475e+00	1.326341e+00	1.326310e+00	1.326416e+00
1.326334e+00	1.326364e+00	7.235159e-01	7.397389e-01	7.561277e-01	7.728215e-01
7.898468e-01	8.248764e-01	8.611971e-01	8.988440e-01	9.378721e-01	9.784030e-01
1.020682e+00	1.064881e+00	1.111256e+00	1.160228e+00	1.212416e+00	1.267753e+00
1.323924e+00	1.375275e+00	1.415756e+00	1.445719e+00	1.466580e+00	1.473944e+00
1.481902e+00	1.487504e+00	1.487297e+00	1.490721e+00	1.492691e+00	1.492465e+00
1.492401e+00	1.492593e+00	1.492452e+00	1.492505e+00	8.355726e-01	8.545330e-01
8.736231e-01	8.929565e-01	9.125654e-01	9.526433e-01	9.938600e-01	1.036288e+00
1.079989e+00	1.125105e+00	1.171911e+00	1.220550e+00	1.271144e+00	1.324050e+00
1.379969e+00	1.438870e+00	1.498284e+00	1.552310e+00	1.594779e+00	1.626419e+00
1.648170e+00	1.655181e+00	1.663270e+00	1.669444e+00	1.669321e+00	1.673576e+00
1.676095e+00	1.675845e+00	1.675784e+00	1.676015e+00	1.675846e+00	1.675910e+00
9.655117e-01	9.873568e-01	1.009309e+00	1.031467e+00	1.053857e+00	1.099392e+00
1.145882e+00	1.193332e+00	1.241799e+00	1.291457e+00	1.342612e+00	1.395433e+00
1.449984e+00	1.506561e+00	1.565793e+00	1.627573e+00	1.689383e+00	1.745428e+00
1.789684e+00	1.822785e+00	1.845722e+00	1.853378e+00	1.862054e+00	1.868882e+00
1.870293e+00	1.874480e+00	1.877046e+00	1.876865e+00	1.876853e+00	1.877061e+00
1.876905e+00	1.876967e+00	1.113622e+00	1.138627e+00	1.163692e+00	1.188879e+00
1.214222e+00	1.265470e+00	1.317356e+00	1.369830e+00	1.422957e+00	1.476958e+00
1.532216e+00	1.588886e+00	1.646958e+00	1.706640e+00	1.768485e+00	1.832336e+00
1.895689e+00	1.953020e+00	1.998667e+00	2.033332e+00	2.057931e+00	2.066385e+00
2.075842e+00	2.083768e+00	2.087513e+00	2.091024e+00	2.093443e+00	2.093399e+00
2.093437e+00	2.093587e+00	2.093481e+00	2.093530e+00	1.282792e+00	1.311245e+00
1.339685e+00	1.368124e+00	1.396610e+00	1.453852e+00	1.511275e+00	1.568776e+00
1.626430e+00	1.684537e+00	1.743590e+00	1.803711e+00	1.864821e+00	1.927008e+00
1.990718e+00	2.055747e+00	2.119690e+00	2.177519e+00	2.224167e+00	2.260432e+00
2.287108e+00	2.296644e+00	2.307121e+00	2.316524e+00	2.323483e+00	2.325725e+00
2.327745e+00	2.327906e+00	2.328007e+00	2.328064e+00	2.328041e+00	2.328069e+00
1.473685e+00	1.505814e+00	1.537828e+00	1.569656e+00	1.601366e+00	1.664637e+00
1.727456e+00	1.789701e+00	1.851466e+00	1.913147e+00	1.975381e+00	2.038285e+00
2.101752e+00	2.165735e+00	2.230420e+00	2.295454e+00	2.358703e+00	2.416094e+00
2.463507e+00	2.501308e+00	2.530091e+00	2.541147e+00	2.552998e+00	2.563903e+00
2.574201e+00	2.575493e+00	2.576769e+00	2.577084e+00	2.577323e+00	2.577324e+00
2.577352e+00	2.577353e+00	1.687391e+00	1.723298e+00	1.758949e+00	1.794164e+00
1.829029e+00	1.898030e+00	1.965748e+00	2.032093e+00	2.097182e+00	2.161530e+00
2.225960e+00	2.290642e+00	2.355526e+00	2.420412e+00	2.484962e+00	2.548497e+00
2.609411e+00	2.665237e+00	2.713266e+00	2.752552e+00	2.783382e+00	2.796601e+00
2.810323e+00	2.822641e+00	2.836179e+00	2.837185e+00	2.837218e+00	2.837587e+00
2.838080e+00	2.838094e+00	2.838109e+00	2.838081e+00	1.923069e+00	1.963236e+00
2.002877e+00	2.041603e+00	2.079552e+00	2.153744e+00	2.225454e+00	2.294907e+00
2.362329e+00	2.428325e+00	2.493917e+00	2.559214e+00	2.624106e+00	2.688217e+00
2.751050e+00	2.811912e+00	2.869675e+00	2.923164e+00	2.970884e+00	3.011438e+00
3.044722e+00	3.059784e+00	3.075396e+00	3.089549e+00	3.106214e+00	3.106822e+00
3.105765e+00	3.106194e+00	3.106917e+00	3.106934e+00	3.106947e+00	3.106893e+00
2.180669e+00	2.225489e+00	2.269376e+00	2.311633e+00	2.352476e+00	2.431029e+00
2.505509e+00	2.576768e+00	2.645195e+00	2.711499e+00	2.776878e+00	2.841321e+00
2.904576e+00	2.966100e+00	3.025578e+00	3.082566e+00	3.136369e+00	3.186757e+00
3.233247e+00	3.274740e+00	3.310697e+00	3.327301e+00	3.344747e+00	3.360954e+00
3.380412e+00	3.380607e+00	3.378766e+00	3.379257e+00	3.380162e+00	3.380171e+00
3.380192e+00	3.380119e+00	2.459810e+00	2.509280e+00	2.557333e+00	2.602909e+00
2.646295e+00	2.728165e+00	2.804058e+00	2.875602e+00	2.943339e+00	3.008189e+00
3.071490e+00	3.133227e+00	3.193088e+00	3.250458e+00	3.305195e+00	3.357109e+00
3.405983e+00	3.452470e+00	3.497091e+00	3.538960e+00	3.577197e+00	3.595353e+00
3.614498e+00	3.632337e+00	3.653882e+00	3.654007e+00	3.651861e+00	3.652394e+00
3.653408e+00	3.653419e+00	3.653439e+00	3.653359e+00	2.758000e+00	2.812074e+00
2.864143e+00	2.912695e+00	2.958128e+00	3.041981e+00	3.117599e+00	3.187563e+00
3.252666e+00	3.313987e+00	3.373103e+00	3.430053e+00	3.484558e+00	3.536122e+00
3.584760e+00	3.630609e+00	3.673834e+00	3.715824e+00	3.757876e+00	3.799369e+00
3.839309e+00	3.858801e+00	3.879344e+00	3.898218e+00	3.920741e+00	3.921300e+00
3.919564e+00	3.920120e+00	3.921138e+00	3.921162e+00	3.921188e+00	3.921094e+00
3.074788e+00	3.133329e+00	3.189167e+00	3.240251e+00	3.287109e+00	3.371361e+00
3.444776e+00	3.511098e+00	3.571424e+00	3.627015e+00	3.679712e+00	3.729699e+00
3.776886e+00	3.821031e+00	3.862330e+00	3.901209e+00	3.938166e+00	3.975090e+00
4.013830e+00	4.054070e+00	4.094872e+00	4.115356e+00	4.136809e+00	4.155962e+00
4.178247e+00	4.179699e+00	4.179162e+00	4.179736e+00	4.180626e+00	4.180651e+00
4.180687e+00	4.180610e+00	3.403743e+00	3.466362e+00	3.525471e+00	3.578391e+00
3.625800e+00	3.708378e+00	3.777217e+00	3.837436e+00	3.890495e+00	3.937895e+00
3.981774e+00	4.022553e+00	4.060493e+00	4.095712e+00	4.128621e+00	4.159871e+00
4.190210e+00	4.221670e+00	4.256329e+00	4.294229e+00	4.334668e+00	4.355568e+00
4.377247e+00	4.395727e+00	4.416147e+00	4.419157e+00	4.420587e+00	4.421127e+00
4.421767e+00	4.421797e+00	4.421827e+00	4.421807e+00	3.742272e+00	3.809288e+00
3.871681e+00	3.925888e+00	3.972817e+00	4.050720e+00	4.111473e+00	4.162490e+00
4.205740e+00	4.242877e+00	4.276241e+00	4.306339e+00	4.333613e+00	4.358499e+00
4.381802e+00	4.404609e+00	4.427805e+00	4.453350e+00	4.483269e+00	4.517883e+00
4.556423e+00	4.576690e+00	4.598077e+00	4.615258e+00	4.631264e+00	4.637590e+00
4.641002e+00	4.641142e+00	4.641644e+00	4.641816e+00	4.641706e+00	4.641765e+00
4.096417e+00	4.166889e+00	4.231623e+00	4.286190e+00	4.331738e+00	4.403194e+00
4.453965e+00	4.493548e+00	4.524516e+00	4.548912e+00	4.569586e+00	4.587190e+00
4.602311e+00	4.615692e+00	4.628575e+00	4.642478e+00	4.658265e+00	4.677482e+00
4.701787e+00	4.731936e+00	4.767404e+00	4.786516e+00	4.807076e+00	4.822263e+00
4.832772e+00	4.842934e+00	4.848311e+00	4.847949e+00	4.848329e+00	4.848689e+00
4.848406e+00	4.848543e+00	4.463232e+00	4.531537e+00	4.594050e+00	4.646387e+00
4.689672e+00	4.755996e+00	4.799108e+00	4.826706e+00	4.842072e+00	4.849095e+00
4.852928e+00	4.854985e+00	4.856074e+00	4.857225e+00	4.859934e+00	4.865767e+00
4.875097e+00	4.887926e+00	4.904680e+00	4.927473e+00	4.958081e+00	4.975939e+00
4.994567e+00	5.006099e+00	5.011193e+00	5.024435e+00	5.031445e+00	5.030767e+00
5.030946e+00	5.031472e+00	5.031095e+00	5.031265e+00	4.835616e+00	4.896306e+00
4.952260e+00	4.999839e+00	5.039830e+00	5.101612e+00	5.138573e+00	5.153339e+00
5.150069e+00	5.135853e+00	5.119612e+00	5.103922e+00	5.089776e+00	5.078371e+00
5.071246e+00	5.069689e+00	5.073236e+00	5.079581e+00	5.087353e+00	5.100677e+00
5.124876e+00	5.141126e+00	5.156874e+00	5.163678e+00	5.163513e+00	5.179081e+00
5.187310e+00	5.186443e+00	5.186389e+00	5.187057e+00	5.186639e+00	5.186808e+00
5.207188e+00	5.262012e+00	5.312259e+00	5.354375e+00	5.389077e+00	5.440136e+00
5.464269e+00	5.462095e+00	5.438755e+00	5.403571e+00	5.367894e+00	5.335070e+00
5.306096e+00	5.282070e+00	5.264387e+00	5.253911e+00	5.249683e+00	5.248010e+00
5.246429e+00	5.249998e+00	5.265587e+00	5.278095e+00	5.289545e+00	5.291729e+00
5.286343e+00	5.302839e+00	5.311375e+00	5.310332e+00	5.310109e+00	5.310868e+00
5.310403e+00	5.310571e+00	5.583814e+00	5.633530e+00	5.678246e+00	5.714055e+00
5.741789e+00	5.777472e+00	5.784015e+00	5.761865e+00	5.717102e+00	5.660658e+00
5.605532e+00	5.555609e+00	5.511791e+00	5.474934e+00	5.446180e+00	5.425897e+00
5.412820e+00	5.402331e+00	5.391188e+00	5.384845e+00	5.390823e+00	5.398701e+00
5.405317e+00	5.403007e+00	5.392557e+00	5.409381e+00	5.417836e+00	5.416627e+00
5.416267e+00	5.417094e+00	5.416582e+00	5.416749e+00	5.961821e+00	6.012203e+00
6.055090e+00	6.084865e+00	6.103112e+00	6.113651e+00	6.091491e+00	6.043807e+00
5.977648e+00	5.902822e+00	5.830650e+00	5.764791e+00	5.706254e+00	5.655721e+00
5.614091e+00	5.581335e+00	5.556377e+00	5.535149e+00	5.514712e+00	5.498983e+00
5.493200e+00	5.494251e+00	5.494927e+00	5.488838e+00	5.473232e+00	5.489135e+00
5.496320e+00	5.494787e+00	5.494469e+00	5.495297e+00	5.494695e+00	5.494911e+00
6.331705e+00	6.391787e+00	6.439083e+00	6.463940e+00	6.469575e+00	6.442132e+00
6.377713e+00	6.298856e+00	6.212454e+00	6.123637e+00	6.038101e+00	5.958356e+00
5.885792e+00	5.821073e+00	5.764961e+00	5.717287e+00	5.677864e+00	5.644688e+00
5.615971e+00	5.592169e+00	5.573706e+00	5.566797e+00	5.561469e+00	5.552618e+00
5.531899e+00	5.546690e+00	5.552173e+00	5.550164e+00	5.550016e+00	5.550833e+00
5.550090e+00	5.550397e+00	6.717373e+00	6.776241e+00	6.819134e+00	6.834237e+00
6.825881e+00	6.763980e+00	6.663240e+00	6.554356e+00	6.444316e+00	6.336093e+00
6.232952e+00	6.136686e+00	6.048567e+00	5.968920e+00	5.898429e+00	5.836862e+00
5.784184e+00	5.738825e+00	5.699096e+00	5.664226e+00	5.633018e+00	5.618942e+00
5.606719e+00	5.594018e+00	5.571612e+00	5.582141e+00	5.584487e+00	5.582829e+00
5.582624e+00	5.583183e+00	5.582618e+00	5.582857e+00	7.115884e+00	7.164547e+00
7.196066e+00	7.197560e+00	7.173882e+00	7.079242e+00	6.945587e+00	6.806777e+00
6.670144e+00	6.538371e+00	6.414515e+00	6.299864e+00	6.195098e+00	6.099977e+00
6.015080e+00	5.940158e+00	5.874866e+00	5.817123e+00	5.764844e+00	5.716936e+00
5.672741e+00	5.651604e+00	5.631550e+00	5.614407e+00	5.592897e+00	5.595509e+00
5.595990e+00	5.594663e+00	5.594390e+00	5.594772e+00	5.594357e+00	5.594531e+00
7.532326e+00	7.563824e+00	7.577206e+00	7.559403e+00	7.516016e+00	7.383229e+00
7.214782e+00	7.045881e+00	6.883453e+00	6.729034e+00	6.584694e+00	6.451236e+00
6.328745e+00	6.216620e+00	6.115290e+00	6.024617e+00	5.944056e+00	5.871532e+00
5.805162e+00	5.746415e+00	5.691725e+00	5.664956e+00	5.638904e+00	5.618807e+00
5.598421e+00	5.594892e+00	5.591310e+00	5.590860e+00	5.590480e+00	5.590418e+00
5.590389e+00	5.590395e+00	8.091789e+00	8.023692e+00	7.954550e+00	7.878397e+00
7.795862e+00	7.621189e+00	7.439339e+00	7.261055e+00	7.088231e+00	6.920992e+00
6.760164e+00	6.606737e+00	6.461384e+00	6.324584e+00	6.197408e+00	6.081147e+00
5.976699e+00	5.885208e+00	5.805090e+00	5.739293e+00	5.680744e+00	5.655431e+00
5.633450e+00	5.615396e+00	5.573192e+00	5.553431e+00	5.557308e+00	5.560449e+00
5.558770e+00	5.557673e+00	5.559237e+00	5.558264e+00	8.510758e+00	8.424435e+00
8.329883e+00	8.225651e+00	8.116386e+00	7.896556e+00	7.678318e+00	7.467802e+00
7.266231e+00	7.073547e+00	6.890080e+00	6.716801e+00	6.553495e+00	6.398999e+00
6.254040e+00	6.121169e+00	6.000875e+00	5.893908e+00	5.803719e+00	5.724498e+00
5.656185e+00	5.629188e+00	5.609161e+00	5.592469e+00	5.527931e+00	5.495266e+00
5.501628e+00	5.507095e+00	5.504563e+00	5.502757e+00	5.505361e+00	5.503759e+00
8.767979e+00	8.740567e+00	8.692385e+00	8.608320e+00	8.495964e+00	8.226840e+00
7.932784e+00	7.657689e+00	7.407016e+00	7.178494e+00	6.969643e+00	6.778742e+00
6.602043e+00	6.436984e+00	6.284086e+00	6.144438e+00	6.017012e+00	5.899365e+00
5.789690e+00	5.688984e+00	5.594919e+00	5.547377e+00	5.499114e+00	5.466712e+00
5.447811e+00	5.424730e+00	5.412519e+00	5.413489e+00	5.412869e+00	5.412009e+00
5.412619e+00	5.412369e+00	9.124207e+00	9.088243e+00	9.025627e+00	8.920986e+00
8.784183e+00	8.462228e+00	8.116901e+00	7.798960e+00	7.514358e+00	7.261885e+00
7.027722e+00	6.813988e+00	6.614012e+00	6.432389e+00	6.269697e+00	6.119613e+00
5.981860e+00	5.853914e+00	5.726998e+00	5.606945e+00	5.495281e+00	5.437983e+00
5.379060e+00	5.339142e+00	5.323509e+00	5.303251e+00	5.286023e+00	5.285687e+00
5.285431e+00	5.284838e+00	5.284952e+00	5.285007e+00	9.526654e+00	9.442378e+00
9.337784e+00	9.197625e+00	9.029976e+00	8.655978e+00	8.268434e+00	7.914933e+00
7.600505e+00	7.324265e+00	7.069207e+00	6.837445e+00	6.620802e+00	6.419919e+00
6.234443e+00	6.062085e+00	5.903143e+00	5.754705e+00	5.613665e+00	5.482686e+00
5.360931e+00	5.300184e+00	5.238842e+00	5.194624e+00	5.162373e+00	5.142128e+00
5.128649e+00	5.128529e+00	5.127830e+00	5.127227e+00	5.127535e+00	5.127398e+00
9.931931e+00	9.773523e+00	9.602280e+00	9.410728e+00	9.205708e+00	8.785206e+00
8.373783e+00	7.996503e+00	7.651064e+00	7.337665e+00	7.069409e+00	6.827713e+00
6.602484e+00	6.383802e+00	6.175754e+00	5.983442e+00	5.806462e+00	5.641796e+00
5.487562e+00	5.342665e+00	5.204013e+00	5.135752e+00	5.069389e+00	5.021191e+00
4.977240e+00	4.958870e+00	4.947641e+00	4.947264e+00	4.946232e+00	4.945809e+00
4.945937e+00	4.945861e+00	1.033047e+01	1.007509e+01	9.822166e+00	9.573788e+00
9.331845e+00	8.871931e+00	8.444684e+00	8.049672e+00	7.679902e+00	7.340249e+00
7.037796e+00	6.761563e+00	6.508322e+00	6.274519e+00	6.056603e+00	5.852434e+00
5.663114e+00	5.487815e+00	5.324664e+00	5.165738e+00	5.004599e+00	4.926009e+00
4.854320e+00	4.803940e+00	4.748861e+00	4.733462e+00	4.725236e+00	4.724537e+00
4.723068e+00	4.722953e+00	4.722667e+00	4.722806e+00	1.062346e+01	1.031897e+01
1.002076e+01	9.734731e+00	9.462010e+00	8.953887e+00	8.482513e+00	8.047796e+00
7.664095e+00	7.311838e+00	6.975884e+00	6.672200e+00	6.398084e+00	6.148966e+00
5.917877e+00	5.700215e+00	5.497240e+00	5.309031e+00	5.133236e+00	4.959487e+00
4.780560e+00	4.693798e+00	4.616648e+00	4.563352e+00	4.501148e+00	4.485675e+00
4.478233e+00	4.477429e+00	4.475711e+00	4.475709e+00	4.475215e+00	4.475445e+00
1.086864e+01	1.053208e+01	1.020312e+01	9.888223e+00	9.587932e+00	9.028215e+00
8.509388e+00	8.033434e+00	7.611188e+00	7.225787e+00	6.871174e+00	6.551322e+00
6.262471e+00	5.999575e+00	5.755337e+00	5.524706e+00	5.308352e+00	5.106573e+00
4.916370e+00	4.728379e+00	4.536370e+00	4.443538e+00	4.361167e+00	4.304545e+00
4.238416e+00	4.220849e+00	4.212577e+00	4.211819e+00	4.210003e+00	4.209970e+00
4.209429e+00	4.209655e+00	1.108191e+01	1.071199e+01	1.035136e+01	1.000758e+01
9.680330e+00	9.068851e+00	8.514165e+00	8.011051e+00	7.551176e+00	7.136317e+00
6.762525e+00	6.425947e+00	6.121854e+00	5.844606e+00	5.586370e+00	5.341631e+00
5.110756e+00	4.894449e+00	4.690100e+00	4.490119e+00	4.289983e+00	4.193671e+00
4.106070e+00	4.043950e+00	3.974767e+00	3.955952e+00	3.945783e+00	3.944846e+00
3.943078e+00	3.942987e+00	3.942524e+00	3.942679e+00	1.126093e+01	1.085733e+01
1.046547e+01	1.009453e+01	9.743291e+00	9.089684e+00	8.495041e+00	7.959679e+00
7.475123e+00	7.038888e+00	6.646153e+00	6.292385e+00	5.972365e+00	5.679755e+00
5.405888e+00	5.144770e+00	4.896937e+00	4.663889e+00	4.445183e+00	4.236376e+00
4.035529e+00	3.939429e+00	3.846309e+00	3.775200e+00	3.704174e+00	3.685200e+00
3.671426e+00	3.669976e+00	3.668475e+00	3.668282e+00	3.668091e+00	3.668068e+00
1.142631e+01	1.098665e+01	1.056179e+01	1.016290e+01	9.787607e+00	9.090969e+00
8.467168e+00	7.903122e+00	7.396841e+00	6.941278e+00	6.529715e+00	6.157235e+00
5.819024e+00	5.509307e+00	5.220406e+00	4.946842e+00	4.688310e+00	4.444629e+00
4.215127e+00	3.997245e+00	3.790837e+00	3.692243e+00	3.594288e+00	3.517395e+00
3.443418e+00	3.424114e+00	3.408315e+00	3.406525e+00	3.405106e+00	3.404886e+00
3.404762e+00	3.404687e+00	1.157252e+01	1.109740e+01	1.064056e+01	1.021541e+01
9.818087e+00	9.084777e+00	8.428997e+00	7.842142e+00	7.316671e+00	6.843576e+00
6.414054e+00	6.023055e+00	5.666537e+00	5.339885e+00	5.037239e+00	4.754024e+00
4.488602e+00	4.238187e+00	4.000720e+00	3.774322e+00	3.559276e+00	3.456213e+00
3.353751e+00	3.273116e+00	3.195207e+00	3.175424e+00	3.159000e+00	3.157048e+00
3.155517e+00	3.155301e+00	3.155133e+00	3.155087e+00	1.168958e+01	1.118439e+01
1.070031e+01	1.025326e+01	9.837175e+00	9.070312e+00	8.387883e+00	7.779544e+00
7.235890e+00	6.746656e+00	6.301984e+00	5.896560e+00	5.526363e+00	5.186992e+00
4.872946e+00	4.579881e+00	4.305917e+00	4.047937e+00	3.803540e+00	3.570565e+00
3.347932e+00	3.240448e+00	3.133197e+00	3.048310e+00	2.965984e+00	2.945606e+00
2.929117e+00	2.927120e+00	2.925351e+00	2.925097e+00	2.924959e+00	2.924930e+00
1.178225e+01	1.125086e+01	1.074346e+01	1.027806e+01	9.845806e+00	9.050758e+00
8.345744e+00	7.719479e+00	7.160620e+00	6.657816e+00	6.200517e+00	5.783227e+00
5.401921e+00	5.052258e+00	4.728947e+00	4.427721e+00	4.146403e+00	3.881485e+00
3.630050e+00	3.390201e+00	3.159768e+00	3.047885e+00	2.936054e+00	2.847158e+00
2.759913e+00	2.738546e+00	2.721658e+00	2.719618e+00	2.717700e+00	2.717414e+00
2.717301e+00	2.717270e+00	1.185348e+01	1.129976e+01	1.077244e+01	1.029100e+01
9.847431e+00	9.029488e+00	8.306051e+00	7.665158e+00	7.093952e+00	6.580277e+00
6.113176e+00	5.687007e+00	5.297591e+00	4.940423e+00	4.610092e+00	4.302185e+00
4.014287e+00	3.742578e+00	3.483776e+00	3.236095e+00	2.996993e+00	2.880311e+00
2.763712e+00	2.670793e+00	2.578133e+00	2.555153e+00	2.537210e+00	2.535105e+00
2.533135e+00	2.532827e+00	2.532711e+00	2.532666e+00	1.190139e+01	1.133010e+01
1.078792e+01	1.029597e+01	9.843061e+00	9.008043e+00	8.271336e+00	7.619642e+00
7.039305e+00	6.517728e+00	6.043825e+00	5.611824e+00	5.217262e+00	4.855296e+00
4.520135e+00	4.207054e+00	3.913444e+00	3.635202e+00	3.368775e+00	3.112124e+00
2.862846e+00	2.740403e+00	2.617991e+00	2.520181e+00	2.421100e+00	2.395867e+00
2.376137e+00	2.373916e+00	2.371955e+00	2.371635e+00	2.371484e+00	2.371404e+00
1.192304e+01	1.133797e+01	1.078668e+01	1.029179e+01	9.834459e+00	8.988289e+00
8.243217e+00	7.583899e+00	6.997001e+00	6.469858e+00	5.991453e+00	5.555807e+00
5.158169e+00	4.793311e+00	4.454984e+00	4.138086e+00	3.839884e+00	3.556071e+00
3.282746e+00	3.017221e+00	2.756820e+00	2.627371e+00	2.496935e+00	2.391768e+00
2.284735e+00	2.257162e+00	2.235288e+00	2.232835e+00	2.230806e+00	2.230485e+00
2.230283e+00	2.229981e+00	1.193675e+01	1.134247e+01	1.078338e+01	1.028225e+01
9.822075e+00	8.970533e+00	8.220749e+00	7.556481e+00	6.965063e+00	6.434004e+00
5.952528e+00	5.514501e+00	5.114917e+00	4.748215e+00	4.407744e+00	4.088048e+00
3.786200e+00	3.497592e+00	3.217821e+00	2.943296e+00	2.670665e+00	2.533223e+00
2.393150e+00	2.278953e+00	2.163097e+00	2.133300e+00	2.109315e+00	2.106581e+00
2.104400e+00	2.104074e+00	2.103821e+00	2.103394e+00	1.193410e+01	1.133814e+01
1.077509e+01	1.026995e+01	9.809001e+00	8.957071e+00	8.210131e+00	7.547074e+00
6.955584e+00	6.423879e+00	5.941977e+00	5.503817e+00	5.104222e+00	4.737479e+00
4.396689e+00	4.076059e+00	3.772081e+00	3.479332e+00	3.192206e+00	2.905321e+00
2.613127e+00	2.464492e+00	2.310200e+00	2.182514e+00	2.055913e+00	2.024310e+00
1.998254e+00	1.995101e+00	1.992587e+00	1.992252e+00	1.991924e+00	1.991704e+00
1.191029e+01	1.131307e+01	1.075153e+01	1.025085e+01	9.794231e+00	8.947721e+00
8.204990e+00	7.543611e+00	6.952579e+00	6.420847e+00	5.938968e+00	5.500946e+00
5.101522e+00	4.734915e+00	4.394117e+00	4.073161e+00	3.768177e+00	3.473156e+00
3.181425e+00	2.885614e+00	2.576858e+00	2.416682e+00	2.246359e+00	2.102530e+00
1.962791e+00	1.929383e+00	1.901552e+00	1.897955e+00	1.894893e+00	1.894507e+00
1.894142e+00	1.894626e+00	1.187193e+01	1.127891e+01	1.072287e+01	1.022933e+01
9.780131e+00	8.947716e+00	8.208783e+00	7.549528e+00	6.959675e+00	6.428918e+00
5.948391e+00	5.512062e+00	5.114436e+00	4.749364e+00	4.409269e+00	4.087923e+00
3.781809e+00	3.485414e+00	3.191925e+00	2.892348e+00	2.576365e+00	2.399097e+00
2.205274e+00	2.044309e+00	1.882450e+00	1.844863e+00	1.817839e+00	1.814459e+00
1.810128e+00	1.809375e+00	1.809420e+00	1.812674e+00	1.181523e+01	1.123282e+01
1.068741e+01	1.020485e+01	9.766045e+00	8.948670e+00	8.221159e+00	7.568723e+00
6.982947e+00	6.455526e+00	5.979222e+00	5.547899e+00	5.155437e+00	4.794758e+00
4.456911e+00	4.134981e+00	3.826226e+00	3.526347e+00	3.228127e+00	2.917915e+00
2.580342e+00	2.388151e+00	2.174007e+00	1.997125e+00	1.811110e+00	1.768599e+00
1.743330e+00	1.740394e+00	1.734555e+00	1.733322e+00	1.733942e+00	1.740724e+00
1.176295e+01	1.118778e+01	1.065068e+01	1.017813e+01	9.749680e+00	8.948954e+00
8.234756e+00	7.591450e+00	7.011923e+00	6.489326e+00	6.017693e+00	5.590929e+00
5.202643e+00	4.845499e+00	4.510272e+00	4.189729e+00	3.880865e+00	3.579234e+00
3.276557e+00	2.954659e+00	2.590409e+00	2.388137e+00	2.166394e+00	1.960679e+00
1.750488e+00	1.704224e+00	1.678919e+00	1.675942e+00	1.668799e+00	1.667190e+00
1.668320e+00	1.678944e+00	1.171720e+01	1.114454e+01	1.061205e+01	1.014772e+01
9.729301e+00	8.948733e+00	8.250838e+00	7.622392e+00	7.055276e+00	6.541820e+00
6.075428e+00	5.650928e+00	5.263383e+00	4.907178e+00	4.575323e+00	4.261402e+00
3.960363e+00	3.663732e+00	3.359315e+00	3.026983e+00	2.640090e+00	2.417268e+00
2.167114e+00	1.931276e+00	1.700032e+00	1.651458e+00	1.624366e+00	1.620837e+00
1.612643e+00	1.610775e+00	1.612342e+00	1.627110e+00	1.166151e+01	1.109499e+01
1.057062e+01	1.011736e+01	9.711299e+00	8.950940e+00	8.271444e+00	7.657799e+00
7.102847e+00	6.598969e+00	6.139589e+00	5.720075e+00	5.336231e+00	4.983366e+00
4.655652e+00	4.347083e+00	4.051442e+00	3.758020e+00	3.452083e+00	3.110780e+00
2.702552e+00	2.459754e+00	2.177445e+00	1.926123e+00	1.659479e+00	1.605260e+00
1.577900e+00	1.574458e+00	1.564813e+00	1.562524e+00	1.564492e+00	1.582236e+00
1.159793e+01	1.104092e+01	1.052770e+01	1.008800e+01	9.696088e+00	8.959274e+00
8.297441e+00	7.698417e+00	7.155515e+00	6.661807e+00	6.211315e+00	5.799660e+00
5.422753e+00	5.075947e+00	4.753287e+00	4.448715e+00	4.155965e+00	3.864023e+00
3.556959e+00	3.208608e+00	2.781552e+00	2.521505e+00	2.213527e+00	1.926799e+00
1.628347e+00	1.566034e+00	1.539041e+00	1.536032e+00	1.524641e+00	1.521828e+00
1.524289e+00	1.543444e+00	1.153701e+01	1.098901e+01	1.048664e+01	1.006083e+01
9.683430e+00	8.969812e+00	8.326952e+00	7.743802e+00	7.214289e+00	6.732013e+00
6.291440e+00	5.888465e+00	5.519174e+00	5.179041e+00	4.862222e+00	4.562656e+00
4.273863e+00	3.984401e+00	3.677119e+00	3.322814e+00	2.877942e+00	2.600401e+00
2.264398e+00	1.946414e+00	1.607764e+00	1.535406e+00	1.506954e+00	1.504309e+00
1.491547e+00	1.488320e+00	1.491487e+00	1.509825e+00	1.147614e+01	1.093691e+01
1.044559e+01	1.003411e+01	9.671540e+00	8.981293e+00	8.358073e+00	7.791588e+00
7.276398e+00	6.806553e+00	6.376920e+00	5.983613e+00	5.622919e+00	5.290422e+00
4.980351e+00	4.686626e+00	4.402669e+00	4.116695e+00	3.810406e+00	3.451485e+00
2.989847e+00	2.694822e+00	2.329950e+00	1.978908e+00	1.598555e+00	1.513539e+00
1.477712e+00	1.475490e+00	1.464603e+00	1.461688e+00	1.465529e+00	1.480871e+00
1.141670e+01	1.088652e+01	1.040635e+01	1.000917e+01	9.661299e+00	8.994139e+00
8.390708e+00	7.841190e+00	7.340755e+00	6.883876e+00	6.465825e+00	6.082916e+00
5.731605e+00	5.407558e+00	5.105019e+00	4.817879e+00	4.539519e+00	4.257922e+00
3.953772e+00	3.591811e+00	3.115171e+00	2.803113e+00	2.408750e+00	2.022574e+00
1.597040e+00	1.498905e+00	1.453927e+00	1.451678e+00	1.441854e+00	1.439063e+00
1.442984e+00	1.455798e+00	1.135979e+01	1.083921e+01	1.037033e+01	9.987182e+00
9.653647e+00	9.009116e+00	8.425182e+00	7.892566e+00	7.406988e+00	6.963368e+00
6.557426e+00	6.185653e+00	5.844598e+00	5.529932e+00	5.235795e+00	4.955978e+00
4.683890e+00	4.407422e+00	4.106586e+00	3.744052e+00	3.256474e+00	2.929289e+00
2.505908e+00	2.082267e+00	1.603928e+00	1.491083e+00	1.436616e+00	1.433616e+00
1.423096e+00	1.420086e+00	1.423516e+00	1.434746e+00	1.130543e+01	1.079557e+01
1.033856e+01	9.968980e+00	9.650195e+00	9.026629e+00	8.461067e+00	7.944219e+00
7.472524e+00	7.041691e+00	6.648076e+00	6.288277e+00	5.958687e+00	5.654691e+00
5.369836e+00	5.097483e+00	4.831064e+00	4.558480e+00	4.260206e+00	3.900597e+00
3.411894e+00	3.074493e+00	2.622550e+00	2.156765e+00	1.617604e+00	1.492671e+00
1.426558e+00	1.421278e+00	1.406713e+00	1.403059e+00	1.406224e+00	1.416688e+00
1.125486e+01	1.075578e+01	1.031045e+01	9.953873e+00	9.648003e+00	9.046012e+00
8.497981e+00	7.996292e+00	7.538040e+00	7.119796e+00	6.738598e+00	6.391142e+00
6.073598e+00	5.780997e+00	5.506142e+00	5.241845e+00	4.981537e+00	4.713138e+00
4.417965e+00	4.063455e+00	3.578703e+00	3.234113e+00	2.754992e+00	2.245182e+00
1.639631e+00	1.496810e+00	1.418850e+00	1.411101e+00	1.392245e+00	1.387925e+00
1.390847e+00	1.400620e+00	1.121389e+01	1.072439e+01	1.028956e+01	9.945010e+00
9.648987e+00	9.067340e+00	8.536097e+00	8.049082e+00	7.603978e+00	7.197999e+00
6.828724e+00	6.493008e+00	6.186972e+00	5.905517e+00	5.641083e+00	5.386160e+00
5.134123e+00	4.872721e+00	4.583381e+00	4.234525e+00	3.751697e+00	3.400267e+00
2.898490e+00	2.349048e+00	1.671277e+00	1.505626e+00	1.412268e+00	1.401867e+00
1.380769e+00	1.376158e+00	1.378934e+00	1.387011e+00	1.118098e+01	1.069985e+01
1.027413e+01	9.939738e+00	9.654983e+00	9.090979e+00	8.575196e+00	8.102055e+00
7.669558e+00	7.275332e+00	6.917357e+00	6.592701e+00	6.297586e+00	6.026993e+00
5.773340e+00	5.529040e+00	5.287429e+00	5.035990e+00	4.755621e+00	4.413593e+00
3.931591e+00	3.574494e+00	3.056412e+00	2.475140e+00	1.723560e+00	1.528851e+00
1.407074e+00	1.393752e+00	1.371845e+00	1.367205e+00	1.369683e+00	1.375724e+00
1.115273e+01	1.067875e+01	1.026104e+01	9.936401e+00	9.660854e+00	9.113201e+00
8.611771e+00	8.151611e+00	7.730997e+00	7.347873e+00	7.000528e+00	6.686246e+00
6.401470e+00	6.141389e+00	5.898601e+00	5.665670e+00	5.436075e+00	5.197288e+00
4.929517e+00	4.597472e+00	4.117659e+00	3.755159e+00	3.221583e+00	2.610918e+00
1.788163e+00	1.560764e+00	1.404130e+00	1.385143e+00	1.365173e+00	1.361108e+00
1.360996e+00	1.366312e+00	1.112769e+01	1.066012e+01	1.024968e+01	9.933888e+00
9.667397e+00	9.134814e+00	8.646889e+00	8.199062e+00	7.789817e+00	7.417362e+00
7.080231e+00	6.775933e+00	6.501197e+00	6.251499e+00	6.019747e+00	5.798813e+00
5.582449e+00	5.358317e+00	5.105894e+00	4.786413e+00	4.310370e+00	3.943264e+00
3.395901e+00	2.758708e+00	1.867392e+00	1.604291e+00	1.401986e+00	1.376884e+00
1.359653e+00	1.356298e+00	1.352880e+00	1.358057e+00	1.110726e+01	1.064580e+01
1.024233e+01	9.933511e+00	9.675042e+00	9.156234e+00	8.680364e+00	8.243564e+00
7.844583e+00	7.481989e+00	7.154637e+00	6.860234e+00	6.595694e+00	6.356658e+00
6.136189e+00	5.927330e+00	5.724075e+00	5.514252e+00	5.277104e+00	4.972354e+00
4.506462e+00	4.139259e+00	3.582205e+00	2.919423e+00	1.954353e+00	1.653465e+00
1.402222e+00	1.374092e+00	1.354318e+00	1.351316e+00	1.345213e+00	1.350845e+00
1.109068e+01	1.063484e+01	1.023756e+01	9.936285e+00	9.684659e+00	9.177526e+00
8.711953e+00	8.284615e+00	7.894549e+00	7.540799e+00	7.222650e+00	6.937968e+00
6.683728e+00	6.455546e+00	6.246398e+00	6.049300e+00	5.858485e+00	5.662040e+00
5.439706e+00	5.152270e+00	4.704984e+00	4.343774e+00	3.782436e+00	3.095579e+00
2.051873e+00	1.712054e+00	1.410820e+00	1.373616e+00	1.349134e+00	1.346095e+00
1.337763e+00	1.344710e+00	1.108303e+01	1.063095e+01	1.023756e+01	9.940880e+00
9.694659e+00	9.196850e+00	8.740210e+00	8.321633e+00	7.940153e+00	7.594882e+00
7.285117e+00	7.009023e+00	6.763992e+00	6.546180e+00	6.349285e+00	6.166536e+00
5.991249e+00	5.809250e+00	5.598739e+00	5.322555e+00	4.890717e+00	4.542344e+00
3.997666e+00	3.303679e+00	2.161291e+00	1.770866e+00	1.421846e+00	1.375703e+00
1.344787e+00	1.340535e+00	1.334388e+00	1.339469e+00	1.107696e+01	1.062798e+01
1.023822e+01	9.945313e+00	9.703245e+00	9.213297e+00	8.764504e+00	8.353861e+00
7.980330e+00	7.642917e+00	7.340804e+00	7.072462e+00	6.835808e+00	6.627720e+00
6.442882e+00	6.274992e+00	6.116391e+00	5.950231e+00	5.752395e+00	5.486904e+00
5.069738e+00	4.736872e+00	4.219215e+00	3.531697e+00	2.286612e+00	1.835965e+00
1.435195e+00	1.381476e+00	1.341321e+00	1.335242e+00	1.332107e+00	1.334712e+00
1.106470e+01	1.062071e+01	1.023522e+01	9.946910e+00	9.709152e+00	9.227000e+00
8.785326e+00	8.381531e+00	8.014771e+00	7.684180e+00	7.389177e+00	7.128378e+00
6.899897e+00	6.700863e+00	6.526188e+00	6.369999e+00	6.225213e+00	6.075816e+00
5.897967e+00	5.653912e+00	5.257941e+00	4.936150e+00	4.429712e+00	3.742009e+00
2.431727e+00	1.924273e+00	1.449773e+00	1.384997e+00	1.338771e+00	1.331848e+00
1.327846e+00	1.330142e+00	1.106000e+01	1.062166e+01	1.024052e+01	9.956536e+00
9.722847e+00	9.247803e+00	8.811883e+00	8.413271e+00	8.051617e+00	7.726549e+00
7.437895e+00	7.184386e+00	6.964115e+00	6.774168e+00	6.609286e+00	6.463591e+00
6.330511e+00	6.194912e+00	6.034555e+00	5.813921e+00	5.448813e+00	5.143765e+00
4.649336e+00	3.957417e+00	2.586865e+00	2.030338e+00	1.471800e+00	1.391195e+00
1.336787e+00	1.331434e+00	1.323320e+00	1.327596e+00	1.106075e+01	1.062488e+01
1.024729e+01	9.964908e+00	9.732104e+00	9.260286e+00	8.828924e+00	8.435859e+00
8.080368e+00	7.761812e+00	7.479807e+00	7.233149e+00	7.020004e+00	6.837445e+00
6.680200e+00	6.542951e+00	6.421156e+00	6.303272e+00	6.168495e+00	5.974729e+00
5.632327e+00	5.340158e+00	4.864866e+00	4.182943e+00	2.756760e+00	2.145942e+00
1.496597e+00	1.399757e+00	1.336166e+00	1.330288e+00	1.320897e+00	1.324981e+00
1.106980e+01	1.063229e+01	1.025314e+01	9.969723e+00	9.736437e+00	9.265798e+00
8.837810e+00	8.449906e+00	8.100806e+00	7.789082e+00	7.513504e+00	7.272792e+00
7.065309e+00	6.888286e+00	6.736756e+00	6.606452e+00	6.495795e+00	6.398919e+00
6.296836e+00	6.132265e+00	5.802362e+00	5.518400e+00	5.069996e+00	4.417206e+00
2.944488e+00	2.270103e+00	1.524165e+00	1.412498e+00	1.336119e+00	1.327304e+00
1.319899e+00	1.322128e+00	1.106528e+01	1.063119e+01	1.025639e+01	9.975799e+00
9.744503e+00	9.278033e+00	8.854347e+00	8.470754e+00	8.125716e+00	7.817748e+00
7.545676e+00	7.308631e+00	7.105513e+00	6.934321e+00	6.791181e+00	6.672438e+00
6.575810e+00	6.493375e+00	6.405334e+00	6.261384e+00	5.964589e+00	5.700952e+00
5.276910e+00	4.645632e+00	3.146537e+00	2.408145e+00	1.559904e+00	1.430946e+00
1.337249e+00	1.327537e+00	1.316648e+00	1.320421e+00	1.105580e+01	1.062882e+01
1.025896e+01	9.982111e+00	9.753889e+00	9.292968e+00	8.873340e+00	8.492899e+00
8.150443e+00	7.844865e+00	7.575297e+00	7.341249e+00	7.142102e+00	6.976671e+00
6.842313e+00	6.735950e+00	6.653637e+00	6.583266e+00	6.504472e+00	6.379256e+00
6.121747e+00	5.883236e+00	5.483489e+00	4.873135e+00	3.361983e+00	2.559630e+00
1.601908e+00	1.453637e+00	1.339815e+00	1.328076e+00	1.313027e+00	1.319042e+00
1.104660e+01	1.062637e+01	1.026159e+01	9.987634e+00	9.761165e+00	9.303859e+00
8.887026e+00	8.508942e+00	8.168679e+00	7.865507e+00	7.598907e+00	7.368547e+00
7.173906e+00	7.014029e+00	6.886575e+00	6.788761e+00	6.716866e+00	6.658989e+00
6.595689e+00	6.492734e+00	6.270735e+00	6.055728e+00	5.680097e+00	5.093816e+00
3.586039e+00	2.728246e+00	1.648849e+00	1.477322e+00	1.343040e+00	1.328755e+00
1.312858e+00	1.317732e+00	1.103588e+01	1.062319e+01	1.026398e+01	9.992397e+00
9.766792e+00	9.311898e+00	8.896997e+00	8.520653e+00	8.182175e+00	7.881182e+00
7.617531e+00	7.390969e+00	7.200884e+00	7.046169e+00	6.924171e+00	6.832260e+00
6.767991e+00	6.721932e+00	6.676940e+00	6.598081e+00	6.409033e+00	6.216412e+00
5.864295e+00	5.304078e+00	3.817266e+00	2.916434e+00	1.703867e+00	1.504025e+00
1.347993e+00	1.329909e+00	1.314218e+00	1.316536e+00	1.102073e+01	1.061776e+01
1.026500e+01	9.995773e+00	9.770065e+00	9.316892e+00	8.903572e+00	8.529019e+00
8.192593e+00	7.893950e+00	7.633024e+00	7.409622e+00	7.223256e+00	7.072876e+00
6.955859e+00	6.869734e+00	6.812639e+00	6.776106e+00	6.745032e+00	6.688811e+00
6.535500e+00	6.365122e+00	6.036472e+00	5.502450e+00	4.050450e+00	3.114003e+00
1.767992e+00	1.538780e+00	1.353981e+00	1.332846e+00	1.313330e+00	1.315287e+00
1.100162e+01	1.061009e+01	1.026563e+01	9.998536e+00	9.772460e+00	9.320662e+00
8.908683e+00	8.535787e+00	8.201365e+00	7.905016e+00	7.646635e+00	7.426053e+00
7.242967e+00	7.096434e+00	6.983976e+00	6.903298e+00	6.852894e+00	6.824736e+00
6.805672e+00	6.771082e+00	6.653960e+00	6.505670e+00	6.201255e+00	5.694937e+00
4.288177e+00	3.321854e+00	1.841750e+00	1.581955e+00	1.361177e+00	1.337288e+00
1.311023e+00	1.314067e+00	1.098289e+01	1.060320e+01	1.026680e+01	1.000199e+01
9.775438e+00	9.325089e+00	8.914508e+00	8.543109e+00	8.210348e+00	7.915938e+00
7.659888e+00	7.441952e+00	7.261698e+00	7.118170e+00	7.009244e+00	6.933093e+00
6.888844e+00	6.869450e+00	6.863094e+00	6.847054e+00	6.756977e+00	6.629373e+00
6.360149e+00	5.897177e+00	4.525555e+00	3.522004e+00	1.928508e+00	1.635604e+00
1.369326e+00	1.338175e+00	1.310568e+00	1.313360e+00	1.096474e+01	1.059737e+01
1.026947e+01	1.000673e+01	9.779454e+00	9.330634e+00	8.921531e+00	8.551354e+00
8.219759e+00	7.926828e+00	7.672870e+00	7.457401e+00	7.279462e+00	7.137972e+00
7.031446e+00	6.958830e+00	6.920141e+00	6.909959e+00	6.917212e+00	6.915999e+00
6.842378e+00	6.733250e+00	6.511385e+00	6.113796e+00	4.757704e+00	3.705445e+00
2.037057e+00	1.709644e+00	1.379001e+00	1.334252e+00	1.313672e+00	1.313024e+00
1.094579e+01	1.059068e+01	1.027111e+01	1.001048e+01	9.782467e+00	9.334893e+00
8.926926e+00	8.557813e+00	8.227319e+00	7.935698e+00	7.683414e+00	7.469900e+00
7.294041e+00	7.154736e+00	7.050724e+00	6.981318e+00	6.947163e+00	6.943898e+00
6.961700e+00	6.975331e+00	6.923989e+00	6.833900e+00	6.646709e+00	6.296857e+00
4.992285e+00	3.916644e+00	2.149986e+00	1.783359e+00	1.392153e+00	1.335615e+00
1.316936e+00	1.312667e+00	1.092722e+01	1.058373e+01	1.027222e+01	1.001359e+01
9.784876e+00	9.338260e+00	8.931123e+00	8.562938e+00	8.233508e+00	7.943091e+00
7.692164e+00	7.480169e+00	7.306059e+00	7.168825e+00	7.067307e+00	7.000963e+00
6.970625e+00	6.972162e+00	6.997204e+00	7.025617e+00	7.002624e+00	6.931751e+00
6.765833e+00	6.445517e+00	5.226029e+00	4.157563e+00	2.269247e+00	1.858243e+00
1.410174e+00	1.343863e+00	1.318667e+00	1.312278e+00	1.091163e+01	1.057822e+01
1.027359e+01	1.001680e+01	9.787424e+00	9.341482e+00	8.934943e+00	8.567589e+00
8.239211e+00	7.949959e+00	7.700205e+00	7.489411e+00	7.316606e+00	7.180962e+00
7.081658e+00	7.018366e+00	6.991599e+00	6.996484e+00	7.025907e+00	7.068338e+00
7.076716e+00	7.024408e+00	6.871649e+00	6.569629e+00	5.451628e+00	4.411333e+00
2.402952e+00	1.942294e+00	1.432733e+00	1.355005e+00	1.318768e+00	1.311914e+00
1.089984e+01	1.057472e+01	1.027595e+01	1.002070e+01	9.790809e+00	9.345373e+00
8.939353e+00	8.572693e+00	8.245167e+00	7.956882e+00	7.708138e+00	7.498401e+00
7.326690e+00	7.192300e+00	7.094737e+00	7.033895e+00	7.010326e+00	7.019173e+00
7.054029e+00	7.106544e+00	7.135793e+00	7.100978e+00	6.972942e+00	6.703862e+00
5.665180e+00	4.648741e+00	2.557870e+00	2.043281e+00	1.457167e+00	1.364847e+00
1.323210e+00	1.311799e+00	1.088788e+01	1.057042e+01	1.027654e+01	1.002226e+01
9.791849e+00	9.347103e+00	8.941720e+00	8.575804e+00	8.249090e+00	7.961588e+00
7.713517e+00	7.504540e+00	7.333967e+00	7.201191e+00	7.105498e+00	7.046725e+00
7.025677e+00	7.038009e+00	7.077939e+00	7.137792e+00	7.184782e+00	7.169535e+00
7.069576e+00	6.826298e+00	5.850008e+00	4.897311e+00	2.731958e+00	2.151859e+00
1.484166e+00	1.378900e+00	1.324314e+00	1.311563e+00	1.087527e+01	1.056449e+01
1.027530e+01	1.002252e+01	9.791732e+00	9.347508e+00	8.942591e+00	8.577272e+00
8.251221e+00	7.964308e+00	7.716652e+00	7.508174e+00	7.338624e+00	7.207552e+00
7.113717e+00	7.056640e+00	7.037452e+00	7.052581e+00	7.096848e+00	7.161984e+00
7.224151e+00	7.229100e+00	7.158025e+00	6.931438e+00	6.003732e+00	5.156111e+00
2.926930e+00	2.267918e+00	1.515322e+00	1.401329e+00	1.320053e+00	1.310964e+00
1.086421e+01	1.055914e+01	1.027462e+01	1.002281e+01	9.791711e+00	9.347811e+00
8.943272e+00	8.578481e+00	8.253064e+00	7.966782e+00	7.719649e+00	7.511684e+00
7.342832e+00	7.212758e+00	7.120137e+00	7.064507e+00	7.047133e+00	7.064838e+00
7.112971e+00	7.184239e+00	7.258295e+00	7.275519e+00	7.228992e+00	7.035196e+00
6.171139e+00	5.377601e+00	3.131639e+00	2.406692e+00	1.553200e+00	1.420233e+00
1.322859e+00	1.310557e+00	1.085458e+01	1.055483e+01	1.027415e+01	1.002318e+01
9.791698e+00	9.348127e+00	8.943968e+00	8.579697e+00	8.254891e+00	7.969227e+00
7.722629e+00	7.515161e+00	7.346875e+00	7.217551e+00	7.125915e+00	7.071580e+00
7.055903e+00	7.075978e+00	7.127649e+00	7.204992e+00	7.289355e+00	7.316152e+00
7.291908e+00	7.134976e+00	6.341210e+00	5.586459e+00	3.348370e+00	2.562839e+00
1.596737e+00	1.439398e+00	1.328833e+00	1.310258e+00	1.084841e+01	1.055379e+01
1.027491e+01	1.002464e+01	9.792584e+00	9.349468e+00	8.945762e+00	8.582008e+00
8.257725e+00	7.972552e+00	7.726397e+00	7.519375e+00	7.351631e+00	7.223008e+00
7.132261e+00	7.079046e+00	7.064851e+00	7.086978e+00	7.141734e+00	7.224353e+00
7.317902e+00	7.353273e+00	7.348474e+00	7.224080e+00	6.500724e+00	5.792686e+00
3.576165e+00	2.730816e+00	1.646520e+00	1.463432e+00	1.334988e+00	1.310344e+00
1.084430e+01	1.055354e+01	1.027803e+01	1.002838e+01	9.795960e+00	9.352957e+00
8.949393e+00	8.585770e+00	8.261627e+00	7.976650e+00	7.730784e+00	7.524125e+00
7.356844e+00	7.228784e+00	7.138754e+00	7.086443e+00	7.073486e+00	7.097317e+00
7.154673e+00	7.241817e+00	7.343263e+00	7.385879e+00	7.397514e+00	7.301967e+00
6.648700e+00	5.990492e+00	3.813518e+00	2.913297e+00	1.705673e+00	1.494138e+00
1.342449e+00	1.310765e+00	1.083977e+01	1.055267e+01	1.027925e+01	1.003012e+01
9.797427e+00	9.354700e+00	8.951383e+00	8.587925e+00	8.263903e+00	7.979076e+00
7.733466e+00	7.527175e+00	7.360376e+00	7.232909e+00	7.143536e+00	7.091926e+00
7.079914e+00	7.105168e+00	7.164896e+00	7.256126e+00	7.363781e+00	7.411962e+00
7.437595e+00	7.370807e+00	6.784490e+00	6.171166e+00	4.056683e+00	3.108358e+00
1.773089e+00	1.529895e+00	1.351092e+00	1.310779e+00	1.083520e+01	1.055111e+01
1.028003e+01	1.003131e+01	9.798416e+00	9.355942e+00	8.952854e+00	8.589543e+00
8.265615e+00	7.980906e+00	7.735518e+00	7.529565e+00	7.363210e+00	7.236290e+00
7.147505e+00	7.096498e+00	7.085295e+00	7.111795e+00	7.173649e+00	7.268563e+00
7.381664e+00	7.434635e+00	7.472543e+00	7.432628e+00	6.912412e+00	6.343565e+00
4.306550e+00	3.315364e+00	1.849257e+00	1.571591e+00	1.360966e+00	1.310744e+00
1.083103e+01	1.054961e+01	1.028037e+01	1.003201e+01	9.798775e+00	9.356535e+00
8.953716e+00	8.590615e+00	8.266893e+00	7.982431e+00	7.737406e+00	7.531832e+00
7.365646e+00	7.238748e+00	7.150327e+00	7.100247e+00	7.090301e+00	7.117909e+00
7.180204e+00	7.277053e+00	7.398392e+00	7.459156e+00	7.502754e+00	7.468186e+00
7.030004e+00	6.540021e+00	4.544838e+00	3.513389e+00	1.935574e+00	1.624393e+00
1.372147e+00	1.310702e+00	1.082701e+01	1.054807e+01	1.028047e+01	1.003242e+01
9.798878e+00	9.356807e+00	8.954227e+00	8.591350e+00	8.267897e+00	7.983783e+00
7.739274e+00	7.534149e+00	7.367754e+00	7.240434e+00	7.152393e+00	7.103479e+00
7.095288e+00	7.123935e+00	7.184476e+00	7.281804e+00	7.414045e+00	7.488266e+00
7.528657e+00	7.483948e+00	7.135004e+00	6.782860e+00	4.761463e+00	3.691485e+00
2.037110e+00	1.699429e+00	1.385496e+00	1.310637e+00	1.083080e+01	1.055068e+01
1.028174e+01	1.003234e+01	9.797582e+00	9.354449e+00	8.951812e+00	8.589336e+00
8.266523e+00	7.983115e+00	7.739160e+00	7.534485e+00	7.368824e+00	7.241713e+00
7.152416e+00	7.101497e+00	7.091732e+00	7.122871e+00	7.193836e+00	7.297511e+00
7.425681e+00	7.492642e+00	7.544245e+00	7.523743e+00	7.234125e+00	6.878455e+00
5.007115e+00	3.929434e+00	2.150503e+00	1.761865e+00	1.399725e+00	1.310430e+00
1.083777e+01	1.055524e+01	1.028419e+01	1.003224e+01	9.795543e+00	9.350644e+00
8.947866e+00	8.585995e+00	8.264162e+00	7.981829e+00	7.738676e+00	7.534627e+00
7.369707e+00	7.242989e+00	7.152148e+00	7.097700e+00	7.084968e+00	7.119942e+00
7.205066e+00	7.318409e+00	7.434767e+00	7.493243e+00	7.556469e+00	7.579881e+00
7.322959e+00	6.935991e+00	5.263644e+00	4.205693e+00	2.278387e+00	1.823689e+00
1.415752e+00	1.310226e+00	1.083496e+01	1.055459e+01	1.028471e+01	1.003313e+01
9.796399e+00	9.351722e+00	8.949039e+00	8.587238e+00	8.265475e+00	7.983137e+00
7.739995e+00	7.536051e+00	7.371121e+00	7.244602e+00	7.154437e+00	7.100504e+00
7.088368e+00	7.123915e+00	7.208358e+00	7.322596e+00	7.442375e+00	7.505945e+00
7.573963e+00	7.606813e+00	7.395461e+00	7.060476e+00	5.484764e+00	4.434790e+00
2.422934e+00	1.918547e+00	1.435660e+00	1.310281e+00	1.081843e+01	1.054449e+01
1.027994e+01	1.003166e+01	9.796695e+00	9.353898e+00	8.951567e+00	8.589401e+00
8.266886e+00	7.983705e+00	7.739969e+00	7.535550e+00	7.370598e+00	7.244789e+00
7.156690e+00	7.106559e+00	7.097476e+00	7.130016e+00	7.203789e+00	7.312406e+00
7.445244e+00	7.518174e+00	7.591076e+00	7.628477e+00	7.459533e+00	7.161963e+00
5.695229e+00	4.666225e+00	2.581091e+00	2.026848e+00	1.459008e+00	1.310130e+00
1.081103e+01	1.054020e+01	1.027801e+01	1.003124e+01	9.797314e+00	9.355958e+00
8.953727e+00	8.591262e+00	8.268259e+00	7.984493e+00	7.740148e+00	7.535541e+00
7.370598e+00	7.245288e+00	7.158849e+00	7.110855e+00	7.103438e+00	7.134658e+00
7.202178e+00	7.308430e+00	7.448965e+00	7.528006e+00	7.605844e+00	7.649051e+00
7.513359e+00	7.251079e+00	5.893850e+00	4.896299e+00	2.753424e+00	2.148545e+00
1.485181e+00	1.310086e+00	1.081064e+01	1.054118e+01	1.028003e+01	1.003358e+01
9.799330e+00	9.357508e+00	8.955085e+00	8.592510e+00	8.269513e+00	7.985944e+00
7.741974e+00	7.537611e+00	7.372847e+00	7.247541e+00	7.160823e+00	7.112813e+00
7.105612e+00	7.137298e+00	7.206363e+00	7.314045e+00	7.455534e+00	7.534991e+00
7.617778e+00	7.669469e+00	7.556785e+00	7.327788e+00	6.078039e+00	5.122321e+00
2.941739e+00	2.285813e+00	1.514714e+00	1.310311e+00	