4.874739e-02	5.107270e-02	5.342808e-02	5.581405e-02	5.822527e-02	6.308944e-02
6.797292e-02	7.285367e-02	7.774231e-02	8.268649e-02	8.781804e-02	9.316399e-02
9.874935e-02	1.046152e-01	1.108601e-01	1.175959e-01	1.248825e-01	1.328029e-01
1.413286e-01	1.499329e-01	1.562267e-01	1.570515e-01	1.568233e-01	1.564185e-01
1.601997e-01	1.651621e-01	1.715792e-01	1.696946e-01	1.637022e-01	1.627147e-01
1.640246e-01	1.785798e-01	5.711665e-02	5.974899e-02	6.241369e-02	6.511262e-02
6.784022e-02	7.334487e-02	7.887756e-02	8.441553e-02	8.997073e-02	9.559388e-02
1.014253e-01	1.074920e-01	1.138181e-01	1.204441e-01	1.274716e-01	1.350171e-01
1.431466e-01	1.519642e-01	1.614528e-01	1.710258e-01	1.780868e-01	1.791097e-01
1.790001e-01	1.786801e-01	1.828762e-01	1.881958e-01	1.950248e-01	1.930380e-01
1.866998e-01	1.856537e-01	1.870421e-01	2.024202e-01	6.692280e-02	6.989923e-02
7.291051e-02	7.596031e-02	7.904292e-02	8.526736e-02	9.153159e-02	9.781226e-02
1.041226e-01	1.105161e-01	1.171411e-01	1.240236e-01	1.311862e-01	1.386681e-01
1.465722e-01	1.550191e-01	1.640818e-01	1.738902e-01	1.844425e-01	1.950861e-01
2.030057e-01	2.042661e-01	2.043130e-01	2.041100e-01	2.087626e-01	2.144419e-01
2.216741e-01	2.195927e-01	2.129282e-01	2.118267e-01	2.132896e-01	2.294433e-01
7.841254e-02	8.177380e-02	8.517271e-02	8.861523e-02	9.209557e-02	9.912790e-02
1.062157e-01	1.133351e-01	1.205005e-01	1.277677e-01	1.352919e-01	1.430976e-01
1.512046e-01	1.596495e-01	1.685349e-01	1.779844e-01	1.880788e-01	1.989798e-01
2.107057e-01	2.225312e-01	2.314115e-01	2.329557e-01	2.332054e-01	2.331592e-01
2.383133e-01	2.443482e-01	2.519649e-01	2.498002e-01	2.428412e-01	2.416894e-01
2.432204e-01	2.600740e-01	9.187490e-02	9.566564e-02	9.949718e-02	1.033784e-01
1.073036e-01	1.152415e-01	1.232554e-01	1.313213e-01	1.394546e-01	1.477123e-01
1.562553e-01	1.651051e-01	1.742778e-01	1.838055e-01	1.937885e-01	2.043519e-01
2.155853e-01	2.276894e-01	2.407087e-01	2.538374e-01	2.637919e-01	2.656748e-01
2.661836e-01	2.663426e-01	2.720469e-01	2.784254e-01	2.863948e-01	2.841631e-01
2.769566e-01	2.757621e-01	2.773514e-01	2.947939e-01	1.076486e-01	1.119174e-01
1.162308e-01	1.206012e-01	1.250231e-01	1.339745e-01	1.430288e-01	1.521620e-01
1.613900e-01	1.707702e-01	1.804668e-01	1.904972e-01	2.008718e-01	2.116164e-01
2.228262e-01	2.346256e-01	2.471147e-01	2.605414e-01	2.749839e-01	2.895478e-01
3.007032e-01	3.029894e-01	3.038254e-01	3.042488e-01	3.105555e-01	3.172550e-01
3.255294e-01	3.232531e-01	3.158646e-01	3.146383e-01	3.162720e-01	3.341489e-01
1.261304e-01	1.309301e-01	1.357786e-01	1.406932e-01	1.456686e-01	1.557525e-01
1.659744e-01	1.763101e-01	1.867757e-01	1.974275e-01	2.084300e-01	2.197945e-01
2.315239e-01	2.436353e-01	2.562149e-01	2.693841e-01	2.832553e-01	2.981334e-01
3.141396e-01	3.302821e-01	3.427793e-01	3.455449e-01	3.467902e-01	3.475498e-01
3.545152e-01	3.614999e-01	3.700116e-01	3.677203e-01	3.602386e-01	3.589952e-01
3.606543e-01	3.787578e-01	1.477852e-01	1.531727e-01	1.586141e-01	1.641326e-01
1.697234e-01	1.810707e-01	1.926011e-01	2.042904e-01	2.161545e-01	2.282460e-01
2.407259e-01	2.535974e-01	2.668534e-01	2.804989e-01	2.946067e-01	3.092920e-01
3.246814e-01	3.411492e-01	3.588707e-01	3.767469e-01	3.907429e-01	3.940774e-01
3.958307e-01	3.970134e-01	4.046974e-01	4.119152e-01	4.205721e-01	4.183045e-01
4.108465e-01	4.096054e-01	4.112648e-01	4.293220e-01	1.731580e-01	1.791939e-01
1.852900e-01	1.914769e-01	1.977504e-01	2.105044e-01	2.234993e-01	2.367113e-01
2.501543e-01	2.638753e-01	2.780261e-01	2.925991e-01	3.075740e-01	3.229402e-01
3.387512e-01	3.551120e-01	3.721660e-01	3.903716e-01	4.099713e-01	4.297484e-01
4.454179e-01	4.494264e-01	4.518062e-01	4.535167e-01	4.619829e-01	4.693615e-01
4.780414e-01	4.758472e-01	4.685640e-01	4.673504e-01	4.689773e-01	4.866365e-01
2.028868e-01	2.096355e-01	2.164524e-01	2.233767e-01	2.304057e-01	2.447227e-01
2.593545e-01	2.742773e-01	2.895022e-01	3.050663e-01	3.211060e-01	3.375989e-01
3.545084e-01	3.718032e-01	3.895104e-01	4.077199e-01	4.265954e-01	4.466960e-01
4.683482e-01	4.902064e-01	5.077434e-01	5.125493e-01	5.156973e-01	5.180616e-01
5.273773e-01	5.348193e-01	5.433637e-01	5.413055e-01	5.343898e-01	5.332362e-01
5.347887e-01	5.516025e-01	2.377197e-01	2.452487e-01	2.528557e-01	2.605911e-01
2.684534e-01	2.845034e-01	3.009618e-01	3.178051e-01	3.350392e-01	3.526872e-01
3.708610e-01	3.895195e-01	4.086048e-01	4.280594e-01	4.478754e-01	4.681215e-01
4.889850e-01	5.111471e-01	5.350376e-01	5.591697e-01	5.787898e-01	5.845379e-01
5.886234e-01	5.917927e-01	6.020284e-01	6.094060e-01	6.176120e-01	6.157684e-01
6.094631e-01	6.084104e-01	6.098353e-01	6.252415e-01	2.785330e-01	2.869119e-01
2.953813e-01	3.040053e-01	3.127841e-01	3.307505e-01	3.492439e-01	3.682407e-01
3.877390e-01	4.077418e-01	4.283254e-01	4.494250e-01	4.709561e-01	4.928275e-01
5.149860e-01	5.374713e-01	5.604991e-01	5.848975e-01	6.112231e-01	6.378349e-01
6.597774e-01	6.666375e-01	6.718622e-01	6.760172e-01	6.872465e-01	6.943947e-01
7.020060e-01	7.004746e-01	6.950831e-01	6.941824e-01	6.954132e-01	7.087113e-01
3.263533e-01	3.356528e-01	3.450590e-01	3.546522e-01	3.644353e-01	3.845152e-01
4.052718e-01	4.266804e-01	4.487281e-01	4.713904e-01	4.946939e-01	5.185437e-01
5.428219e-01	5.673955e-01	5.921525e-01	6.170948e-01	6.424721e-01	6.692888e-01
6.982567e-01	7.275669e-01	7.520972e-01	7.602682e-01	7.668721e-01	7.722286e-01
7.845274e-01	7.912360e-01	7.979321e-01	7.968330e-01	7.927313e-01	7.920463e-01
7.930003e-01	8.033243e-01	3.823837e-01	3.926739e-01	4.030915e-01	4.137369e-01
4.246158e-01	4.470196e-01	4.702881e-01	4.943946e-01	5.193105e-01	5.449746e-01
5.713462e-01	5.982924e-01	6.256541e-01	6.532461e-01	6.808819e-01	7.085142e-01
7.364337e-01	7.658565e-01	7.976834e-01	8.299227e-01	8.573350e-01	8.670495e-01
8.753175e-01	8.821330e-01	8.955784e-01	9.015829e-01	9.069660e-01	9.064467e-01
9.040976e-01	9.037069e-01	9.042816e-01	9.105681e-01	4.480338e-01	4.593819e-01
4.708840e-01	4.826651e-01	4.947342e-01	5.196844e-01	5.457346e-01	5.728549e-01
6.009951e-01	6.300453e-01	6.598756e-01	6.903059e-01	7.211261e-01	7.520864e-01
7.829066e-01	8.134769e-01	8.441372e-01	8.763574e-01	9.112677e-01	9.466780e-01
9.772983e-01	9.888284e-01	9.990985e-01	1.007679e+00	1.022349e+00	1.027319e+00
1.030899e+00	1.031139e+00	1.031109e+00	1.031109e+00	1.031179e+00	1.032129e+00
5.253521e-01	5.377564e-01	5.503542e-01	5.633030e-01	5.766160e-01	6.042851e-01
6.333840e-01	6.638777e-01	6.956852e-01	7.286288e-01	7.624489e-01	7.969006e-01
8.317057e-01	8.665249e-01	9.009394e-01	9.347469e-01	9.683569e-01	1.003589e+00
1.041892e+00	1.080823e+00	1.115105e+00	1.128844e+00	1.141621e+00	1.152452e+00
1.168452e+00	1.171715e+00	1.172487e+00	1.173849e+00	1.177293e+00	1.177880e+00
1.177209e+00	1.170185e+00	6.156736e-01	6.292168e-01	6.430007e-01	6.572200e-01
6.718927e-01	7.025530e-01	7.350266e-01	7.692696e-01	8.051617e-01	8.424408e-01
8.806914e-01	9.195929e-01	9.587882e-01	9.978357e-01	1.036162e+00	1.073460e+00
1.110216e+00	1.148634e+00	1.190517e+00	1.233173e+00	1.271463e+00	1.287742e+00
1.303442e+00	1.316889e+00	1.334277e+00	1.335470e+00	1.332924e+00	1.335592e+00
1.343093e+00	1.344368e+00	1.342815e+00	1.326487e+00	7.192211e-01	7.343299e-01
7.497091e-01	7.655784e-01	7.819629e-01	8.162411e-01	8.525883e-01	8.909463e-01
9.311544e-01	9.728733e-01	1.015569e+00	1.058870e+00	1.102353e+00	1.145512e+00
1.187708e+00	1.228585e+00	1.268667e+00	1.310366e+00	1.355680e+00	1.401815e+00
1.443989e+00	1.462782e+00	1.481369e+00	1.497276e+00	1.515967e+00	1.516019e+00
1.511653e+00	1.515092e+00	1.524932e+00	1.526615e+00	1.524395e+00	1.502710e+00
8.371261e-01	8.544022e-01	8.719499e-01	8.899923e-01	9.085631e-01	9.472686e-01
9.880745e-01	1.030900e+00	1.075550e+00	1.121632e+00	1.168567e+00	1.215974e+00
1.263395e+00	1.310319e+00	1.356181e+00	1.400654e+00	1.444227e+00	1.489219e+00
1.537577e+00	1.586705e+00	1.632542e+00	1.653760e+00	1.675044e+00	1.693024e+00
1.712876e+00	1.713135e+00	1.709105e+00	1.712537e+00	1.722258e+00	1.723936e+00
1.721443e+00	1.700125e+00	9.698976e-01	9.899170e-01	1.010181e+00	1.030893e+00
1.052090e+00	1.095948e+00	1.141721e+00	1.189281e+00	1.238390e+00	1.288645e+00
1.339472e+00	1.390512e+00	1.441324e+00	1.491508e+00	1.540760e+00	1.588905e+00
1.636147e+00	1.684019e+00	1.733968e+00	1.784983e+00	1.835187e+00	1.859463e+00
1.883292e+00	1.902364e+00	1.923158e+00	1.924660e+00	1.922055e+00	1.925122e+00
1.933293e+00	1.934410e+00	1.932742e+00	1.914715e+00	1.120022e+00	1.143440e+00
1.167044e+00	1.190985e+00	1.215304e+00	1.265121e+00	1.316405e+00	1.368956e+00
1.422500e+00	1.476676e+00	1.530990e+00	1.585147e+00	1.638777e+00	1.691695e+00
1.744028e+00	1.795858e+00	1.846887e+00	1.897272e+00	1.947596e+00	1.999541e+00
2.054543e+00	2.082306e+00	2.108540e+00	2.127934e+00	2.149470e+00	2.153215e+00
2.153280e+00	2.155533e+00	2.160627e+00	2.160746e+00	2.160734e+00	2.149338e+00
1.289141e+00	1.316457e+00	1.343850e+00	1.371393e+00	1.399128e+00	1.455284e+00
1.512148e+00	1.569471e+00	1.627000e+00	1.684513e+00	1.741766e+00	1.798544e+00
1.854562e+00	1.909775e+00	1.964615e+00	2.019358e+00	2.073422e+00	2.126156e+00
2.177585e+00	2.230714e+00	2.288638e+00	2.318454e+00	2.346647e+00	2.367072e+00
2.389244e+00	2.395173e+00	2.398892e+00	2.399670e+00	2.401002e+00	2.401029e+00
2.401312e+00	2.398873e+00	1.477829e+00	1.509560e+00	1.541190e+00	1.572670e+00
1.604054e+00	1.666727e+00	1.728926e+00	1.790412e+00	1.851053e+00	1.910909e+00
1.970251e+00	2.028938e+00	2.086766e+00	2.143679e+00	2.200140e+00	2.256503e+00
2.312353e+00	2.367327e+00	2.421487e+00	2.476550e+00	2.534172e+00	2.563546e+00
2.592953e+00	2.615696e+00	2.638417e+00	2.646184e+00	2.654772e+00	2.653164e+00
2.650070e+00	2.651518e+00	2.649774e+00	2.659023e+00	1.685711e+00	1.722648e+00
1.759230e+00	1.795212e+00	1.830664e+00	1.900289e+00	1.967722e+00	2.032753e+00
2.095469e+00	2.156447e+00	2.216703e+00	2.276286e+00	2.335074e+00	2.392969e+00
2.450395e+00	2.507683e+00	2.564435e+00	2.620338e+00	2.675426e+00	2.731106e+00
2.788781e+00	2.818262e+00	2.848509e+00	2.872334e+00	2.895284e+00	2.905134e+00
2.918564e+00	2.914401e+00	2.906871e+00	2.909939e+00	2.906514e+00	2.927691e+00
1.913143e+00	1.955964e+00	1.998098e+00	2.039023e+00	2.078835e+00	2.155590e+00
2.227892e+00	2.295584e+00	2.359085e+00	2.419720e+00	2.479484e+00	2.538722e+00
2.597375e+00	2.655297e+00	2.712818e+00	2.770152e+00	2.826798e+00	2.882248e+00
2.936446e+00	2.991381e+00	3.049247e+00	3.079202e+00	3.109808e+00	3.133528e+00
3.156433e+00	3.168313e+00	3.185965e+00	3.179444e+00	3.167999e+00	3.172600e+00
3.167709e+00	3.199271e+00	2.161132e+00	2.209947e+00	2.257678e+00	2.303494e+00
2.347514e+00	2.430876e+00	2.507186e+00	2.576385e+00	2.639301e+00	2.698093e+00
2.755891e+00	2.813360e+00	2.870487e+00	2.927107e+00	2.983455e+00	3.039618e+00
3.095061e+00	3.149111e+00	3.201627e+00	3.254975e+00	3.311875e+00	3.341583e+00
3.371900e+00	3.395209e+00	3.417984e+00	3.431053e+00	3.451271e+00	3.443301e+00
3.429442e+00	3.434980e+00	3.428384e+00	3.465778e+00	2.428500e+00	2.483031e+00
2.536056e+00	2.586395e+00	2.634197e+00	2.723099e+00	2.802111e+00	2.871350e+00
2.932103e+00	2.987427e+00	3.041655e+00	3.095780e+00	3.149863e+00	3.203701e+00
3.257476e+00	3.311168e+00	3.364195e+00	3.415742e+00	3.465587e+00	3.516410e+00
3.571337e+00	3.600255e+00	3.629651e+00	3.652183e+00	3.674734e+00	3.687764e+00
3.707880e+00	3.699894e+00	3.686027e+00	3.691559e+00	3.685009e+00	3.723328e+00
2.717250e+00	2.777025e+00	2.834830e+00	2.889111e+00	2.940048e+00	3.033080e+00
3.113254e+00	3.180895e+00	3.237818e+00	3.288017e+00	3.337038e+00	3.386213e+00
3.435671e+00	3.485222e+00	3.534989e+00	3.584888e+00	3.634300e+00	3.682256e+00
3.728438e+00	3.775799e+00	3.827796e+00	3.855425e+00	3.883335e+00	3.904764e+00
3.926987e+00	3.938675e+00	3.955901e+00	3.949410e+00	3.938069e+00	3.942630e+00
3.937511e+00	3.969373e+00	3.024155e+00	3.088114e+00	3.149613e+00	3.206722e+00
3.259661e+00	3.354609e+00	3.433818e+00	3.497846e+00	3.549066e+00	3.592385e+00
3.634474e+00	3.676983e+00	3.720102e+00	3.763742e+00	3.807951e+00	3.852640e+00
3.897179e+00	3.940418e+00	3.981918e+00	4.024857e+00	4.072946e+00	4.098776e+00
4.124635e+00	4.144645e+00	4.166414e+00	4.175314e+00	4.186634e+00	4.183274e+00
4.177234e+00	4.179764e+00	4.177414e+00	4.194504e+00	3.347117e+00	3.413868e+00
3.477668e+00	3.536207e+00	3.589776e+00	3.683985e+00	3.759759e+00	3.817964e+00
3.861490e+00	3.896123e+00	3.929548e+00	3.963672e+00	3.998801e+00	4.034935e+00
4.072093e+00	4.110199e+00	4.148624e+00	4.186029e+00	4.221821e+00	4.259363e+00
4.302593e+00	4.326135e+00	4.349449e+00	4.367738e+00	4.388804e+00	4.393989e+00
4.397541e+00	4.398305e+00	4.399236e+00	4.399063e+00	4.399580e+00	4.398201e+00
3.690573e+00	3.758895e+00	3.823772e+00	3.882499e+00	3.935459e+00	4.026519e+00
4.096574e+00	4.146849e+00	4.180760e+00	4.204944e+00	4.228036e+00	4.252180e+00
4.277812e+00	4.305025e+00	4.333829e+00	4.364165e+00	4.395404e+00	4.425997e+00
4.455168e+00	4.486454e+00	4.524026e+00	4.544902e+00	4.565297e+00	4.581596e+00
4.601673e+00	4.602793e+00	4.597970e+00	4.603157e+00	4.611587e+00	4.608507e+00
4.611977e+00	4.591055e+00	4.050916e+00	4.118805e+00	4.182817e+00	4.239935e+00
4.290626e+00	4.375615e+00	4.437429e+00	4.477447e+00	4.499626e+00	4.511410e+00
4.522328e+00	4.534812e+00	4.549378e+00	4.566240e+00	4.585426e+00	4.606903e+00
4.629980e+00	4.652757e+00	4.674170e+00	4.698081e+00	4.729148e+00	4.747059e+00
4.764246e+00	4.778187e+00	4.796671e+00	4.794325e+00	4.782570e+00	4.791337e+00
4.805884e+00	4.800405e+00	4.806701e+00	4.770257e+00	4.422662e+00	4.488009e+00
4.549072e+00	4.602542e+00	4.648985e+00	4.724256e+00	4.774689e+00	4.801916e+00
4.810428e+00	4.808263e+00	4.805597e+00	4.805135e+00	4.807420e+00	4.812785e+00
4.821286e+00	4.832906e+00	4.846883e+00	4.860982e+00	4.873867e+00	4.889703e+00
4.913611e+00	4.928273e+00	4.942049e+00	4.953410e+00	4.969788e+00	4.964667e+00
4.947707e+00	4.959063e+00	4.978051e+00	4.970902e+00	4.979511e+00	4.932055e+00
4.801812e+00	4.866414e+00	4.925319e+00	4.974145e+00	5.013872e+00	5.072062e+00
5.103379e+00	5.113320e+00	5.106865e+00	5.091330e+00	5.075753e+00	5.062649e+00
5.052548e+00	5.045712e+00	5.042065e+00	5.041506e+00	5.043711e+00	5.047419e+00
5.052030e+00	5.060503e+00	5.076256e+00	5.086563e+00	5.096534e+00	5.105485e+00
5.119123e+00	5.112594e+00	5.094802e+00	5.106266e+00	5.125150e+00	5.119282e+00
5.127017e+00	5.078100e+00	5.193375e+00	5.257778e+00	5.314412e+00	5.357337e+00
5.388180e+00	5.423672e+00	5.430405e+00	5.419745e+00	5.396945e+00	5.367773e+00
5.339140e+00	5.313121e+00	5.290199e+00	5.270461e+00	5.253637e+00	5.239519e+00
5.228490e+00	5.220861e+00	5.217147e+00	5.218417e+00	5.225473e+00	5.230928e+00
5.236910e+00	5.243484e+00	5.254054e+00	5.246810e+00	5.230305e+00	5.240658e+00
5.257340e+00	5.253983e+00	5.259493e+00	5.213867e+00	5.598475e+00	5.657606e+00
5.707675e+00	5.741890e+00	5.762370e+00	5.774674e+00	5.757390e+00	5.724946e+00
5.682906e+00	5.636524e+00	5.591919e+00	5.550953e+00	5.513860e+00	5.480387e+00
5.450164e+00	5.422815e+00	5.399052e+00	5.379832e+00	5.366094e+00	5.358054e+00
5.355507e+00	5.356145e+00	5.357843e+00	5.361268e+00	5.367840e+00	5.361141e+00
5.347479e+00	5.355796e+00	5.369010e+00	5.367184e+00	5.370852e+00	5.333616e+00
6.011464e+00	6.058105e+00	6.095852e+00	6.118032e+00	6.126865e+00	6.116993e+00
6.078056e+00	6.023408e+00	5.959119e+00	5.891567e+00	5.827934e+00	5.770118e+00
5.717812e+00	5.670199e+00	5.626886e+00	5.587219e+00	5.551801e+00	5.521182e+00
5.496047e+00	5.477027e+00	5.464574e+00	5.460753e+00	5.458192e+00	5.457987e+00
5.460022e+00	5.454912e+00	5.445248e+00	5.450867e+00	5.459815e+00	5.458502e+00
5.460837e+00	5.435994e+00	6.430275e+00	6.464515e+00	6.489638e+00	6.498814e+00
6.494480e+00	6.458540e+00	6.393910e+00	6.314188e+00	6.225961e+00	6.136278e+00
6.053005e+00	5.977788e+00	5.909700e+00	5.847307e+00	5.790314e+00	5.737954e+00
5.690584e+00	5.648179e+00	5.610997e+00	5.580177e+00	5.556832e+00	5.547963e+00
5.540515e+00	5.536230e+00	5.533507e+00	5.529845e+00	5.523937e+00	5.526855e+00
5.531587e+00	5.530839e+00	5.531997e+00	5.518800e+00	6.851716e+00	6.874641e+00
6.887608e+00	6.883211e+00	6.864293e+00	6.798111e+00	6.703344e+00	6.595635e+00
6.482042e+00	6.369654e+00	6.266418e+00	6.173494e+00	6.089211e+00	6.011542e+00
5.940397e+00	5.875092e+00	5.815624e+00	5.761231e+00	5.711593e+00	5.668415e+00
5.633443e+00	5.619044e+00	5.606203e+00	5.597545e+00	5.590138e+00	5.587433e+00
5.584377e+00	5.585013e+00	5.586213e+00	5.585988e+00	5.586246e+00	5.582493e+00
7.273849e+00	7.287051e+00	7.288763e+00	7.270489e+00	7.235686e+00	7.135098e+00
7.005689e+00	6.867085e+00	6.726741e+00	6.591143e+00	6.467569e+00	6.356604e+00
6.255634e+00	6.162152e+00	6.076340e+00	5.997825e+00	5.926140e+00	5.859554e+00
5.796996e+00	5.740792e+00	5.693164e+00	5.672525e+00	5.653462e+00	5.639839e+00
5.627587e+00	5.624905e+00	5.623036e+00	5.622185e+00	5.621127e+00	5.621211e+00
5.620964e+00	5.623268e+00	7.692691e+00	7.696803e+00	7.687362e+00	7.654401e+00
7.602203e+00	7.463247e+00	7.295209e+00	7.123225e+00	6.954958e+00	6.795730e+00
6.651471e+00	6.522134e+00	6.404066e+00	6.294384e+00	6.193613e+00	6.101865e+00
6.018120e+00	5.939668e+00	5.864802e+00	5.797135e+00	5.733486e+00	5.704658e+00
5.677376e+00	5.657360e+00	5.639231e+00	5.635663e+00	5.633492e+00	5.631769e+00
5.629486e+00	5.629673e+00	5.629148e+00	5.634750e+00	8.108396e+00	8.103068e+00
8.081793e+00	8.032746e+00	7.961188e+00	7.779241e+00	7.568417e+00	7.360557e+00
7.163259e+00	6.980097e+00	6.814901e+00	6.666757e+00	6.530938e+00	6.404193e+00
6.287504e+00	6.180234e+00	6.082116e+00	5.989227e+00	5.898664e+00	5.813375e+00
5.742783e+00	5.710669e+00	5.680109e+00	5.657601e+00	5.637226e+00	5.633240e+00
5.630797e+00	5.628858e+00	5.626296e+00	5.626501e+00	5.625898e+00	5.632257e+00
8.514024e+00	8.495164e+00	8.458304e+00	8.390274e+00	8.297314e+00	8.070074e+00
7.815654e+00	7.571124e+00	7.343754e+00	7.135385e+00	6.947815e+00	6.779325e+00
6.624565e+00	6.480105e+00	6.346995e+00	6.226405e+00	6.116275e+00	6.011865e+00
5.909786e+00	5.813806e+00	5.727336e+00	5.687096e+00	5.648486e+00	5.619786e+00
5.593546e+00	5.588036e+00	5.584116e+00	5.582126e+00	5.579646e+00	5.579816e+00
5.579126e+00	5.585206e+00	8.918613e+00	8.861840e+00	8.790665e+00	8.695432e+00
8.581612e+00	8.324430e+00	8.045657e+00	7.770170e+00	7.505939e+00	7.259863e+00
7.039718e+00	6.843799e+00	6.662370e+00	6.497367e+00	6.346478e+00	6.219560e+00
6.102019e+00	5.989578e+00	5.879222e+00	5.774950e+00	5.673863e+00	5.627460e+00
5.582217e+00	5.547516e+00	5.515919e+00	5.509141e+00	5.503992e+00	5.502086e+00
5.499842e+00	5.500066e+00	5.499377e+00	5.504399e+00	9.325470e+00	9.218577e+00
9.103996e+00	8.976423e+00	8.839301e+00	8.551283e+00	8.249710e+00	7.944323e+00
7.643865e+00	7.360837e+00	7.108867e+00	6.887332e+00	6.685861e+00	6.507108e+00
6.344953e+00	6.201415e+00	6.066516e+00	5.936680e+00	5.809694e+00	5.689275e+00
5.579538e+00	5.529617e+00	5.479709e+00	5.440003e+00	5.403685e+00	5.395781e+00
5.389739e+00	5.388043e+00	5.386112e+00	5.386429e+00	5.385830e+00	5.389288e+00
9.734576e+00	9.570883e+00	9.404711e+00	9.234511e+00	9.062321e+00	8.719183e+00
8.377651e+00	8.042988e+00	7.720076e+00	7.414872e+00	7.137714e+00	6.891946e+00
6.681949e+00	6.494276e+00	6.322087e+00	6.156185e+00	6.002234e+00	5.857415e+00
5.719912e+00	5.589195e+00	5.466366e+00	5.409053e+00	5.353244e+00	5.310372e+00
5.269127e+00	5.259572e+00	5.253013e+00	5.251589e+00	5.249766e+00	5.250018e+00
5.249570e+00	5.252044e+00	1.013068e+01	9.905617e+00	9.682642e+00	9.463724e+00
9.250303e+00	8.842783e+00	8.458945e+00	8.099252e+00	7.761520e+00	7.443602e+00
7.150401e+00	6.883394e+00	6.643239e+00	6.422963e+00	6.220284e+00	6.033699e+00
5.865364e+00	5.714850e+00	5.579603e+00	5.447949e+00	5.309540e+00	5.240803e+00
5.178946e+00	5.136725e+00	5.090995e+00	5.079209e+00	5.072948e+00	5.071888e+00
5.069841e+00	5.069817e+00	5.069606e+00	5.072005e+00	1.044444e+01	1.017832e+01
9.916617e+00	9.662961e+00	9.418453e+00	8.957070e+00	8.530287e+00	8.126225e+00
7.758337e+00	7.429029e+00	7.125370e+00	6.841952e+00	6.574056e+00	6.330275e+00
6.107635e+00	5.904534e+00	5.722316e+00	5.561294e+00	5.418542e+00	5.278977e+00
5.128601e+00	5.053190e+00	4.986538e+00	4.942075e+00	4.891471e+00	4.877962e+00
4.871820e+00	4.870867e+00	4.868529e+00	4.868448e+00	4.868168e+00	4.870906e+00
1.071748e+01	1.041858e+01	1.012564e+01	9.843126e+00	9.571855e+00	9.061249e+00
8.592088e+00	8.144622e+00	7.741416e+00	7.379086e+00	7.046868e+00	6.742298e+00
6.462088e+00	6.207344e+00	5.974021e+00	5.759646e+00	5.565299e+00	5.391661e+00
5.235491e+00	5.083711e+00	4.924874e+00	4.846411e+00	4.776138e+00	4.727800e+00
4.672342e+00	4.657518e+00	4.651410e+00	4.650361e+00	4.647648e+00	4.647654e+00
4.647092e+00	4.650609e+00	1.095973e+01	1.062735e+01	1.030255e+01	9.991067e+00
9.693077e+00	9.132654e+00	8.612948e+00	8.146178e+00	7.714992e+00	7.319222e+00
6.960619e+00	6.636143e+00	6.342567e+00	6.076172e+00	5.831821e+00	5.606187e+00
5.400104e+00	5.214460e+00	5.045947e+00	4.882489e+00	4.714183e+00	4.631773e+00
4.557479e+00	4.505526e+00	4.445516e+00	4.429410e+00	4.422911e+00	4.421705e+00
4.418650e+00	4.418718e+00	4.417996e+00	4.422256e+00	1.116904e+01	1.080371e+01
1.044784e+01	1.010882e+01	9.786008e+00	9.181703e+00	8.616972e+00	8.114199e+00
7.653973e+00	7.235319e+00	6.857103e+00	6.516112e+00	6.208634e+00	5.930198e+00
5.674692e+00	5.437990e+00	5.220772e+00	5.023936e+00	4.844522e+00	4.669831e+00
4.490027e+00	4.402088e+00	4.323089e+00	4.267957e+00	4.203706e+00	4.186283e+00
4.178752e+00	4.177281e+00	4.173919e+00	4.174032e+00	4.173306e+00	4.178311e+00
1.134229e+01	1.094168e+01	1.055319e+01	1.018624e+01	9.838796e+00	9.187682e+00
8.605948e+00	8.069337e+00	7.585368e+00	7.148445e+00	6.753732e+00	6.397451e+00
6.075792e+00	5.784205e+00	5.516570e+00	5.268468e+00	5.039596e+00	4.829111e+00
4.634430e+00	4.447461e+00	4.262929e+00	4.173755e+00	4.089263e+00	4.025910e+00
3.957918e+00	3.940684e+00	3.931060e+00	3.929265e+00	3.925710e+00	3.925476e+00
3.925296e+00	3.930638e+00	1.148527e+01	1.105020e+01	1.063060e+01	1.023802e+01
9.868765e+00	9.183797e+00	8.565596e+00	8.009010e+00	7.508348e+00	7.056969e+00
6.648295e+00	6.278117e+00	5.942795e+00	5.638066e+00	5.358287e+00	5.099049e+00
4.858828e+00	4.634499e+00	4.423662e+00	4.224212e+00	4.036155e+00	3.946321e+00
3.855631e+00	3.782515e+00	3.711070e+00	3.694314e+00	3.681928e+00	3.679775e+00
3.676176e+00	3.675507e+00	3.675966e+00	3.681275e+00	1.160295e+01	1.113694e+01
1.068918e+01	1.027311e+01	9.884468e+00	9.164808e+00	8.519549e+00	7.941531e+00
7.423495e+00	6.957472e+00	6.535730e+00	6.153586e+00	5.807147e+00	5.492021e+00
5.202436e+00	4.933810e+00	4.684372e+00	4.450652e+00	4.229871e+00	4.019521e+00
3.818353e+00	3.721289e+00	3.624042e+00	3.546681e+00	3.471424e+00	3.453023e+00
3.438151e+00	3.435695e+00	3.432278e+00	3.431699e+00	3.431987e+00	3.436868e+00
1.168895e+01	1.119679e+01	1.072562e+01	1.028640e+01	9.880491e+00	9.133737e+00
8.465377e+00	7.869248e+00	7.336305e+00	6.857512e+00	6.424381e+00	6.031891e+00
5.675964e+00	5.352002e+00	5.054089e+00	4.777471e+00	4.519985e+00	4.277698e+00
4.047186e+00	3.826183e+00	3.612444e+00	3.508314e+00	3.404022e+00	3.321428e+00
3.241554e+00	3.221350e+00	3.203726e+00	3.201073e+00	3.198222e+00	3.197789e+00
3.197804e+00	3.200926e+00	1.174393e+01	1.122744e+01	1.073482e+01	1.028748e+01
9.870211e+00	9.095370e+00	8.407682e+00	7.796240e+00	7.250560e+00	6.760758e+00
6.317864e+00	5.916628e+00	5.552767e+00	5.221488e+00	4.916701e+00	4.633464e+00
4.369217e+00	4.119518e+00	3.880284e+00	3.649122e+00	3.423037e+00	3.311671e+00
3.199886e+00	3.111355e+00	3.025862e+00	3.003640e+00	2.983296e+00	2.980568e+00
2.978542e+00	2.978299e+00	2.978000e+00	2.978533e+00	1.177122e+01	1.123861e+01
1.073171e+01	1.026913e+01	9.841385e+00	9.049964e+00	8.348138e+00	7.724964e+00
7.169235e+00	6.670580e+00	6.219863e+00	5.811732e+00	5.441677e+00	5.104745e+00
4.794663e+00	4.506280e+00	4.236644e+00	3.980733e+00	3.733806e+00	3.492792e+00
3.254128e+00	3.134981e+00	3.014684e+00	2.918856e+00	2.825980e+00	2.801450e+00
2.778561e+00	2.775870e+00	2.774790e+00	2.774750e+00	2.774149e+00	2.771658e+00
1.176361e+01	1.122541e+01	1.071177e+01	1.023964e+01	9.805502e+00	9.002576e+00
8.291756e+00	7.660338e+00	7.097135e+00	6.591750e+00	6.135157e+00	5.721886e+00
5.347298e+00	5.006262e+00	4.692363e+00	4.400229e+00	4.126546e+00	3.865681e+00
3.612149e+00	3.361793e+00	3.110266e+00	2.982713e+00	2.852618e+00	2.747749e+00
2.645326e+00	2.618407e+00	2.593677e+00	2.591051e+00	2.590551e+00	2.590629e+00
2.589863e+00	2.585345e+00	1.174486e+01	1.119516e+01	1.067316e+01	1.019933e+01
9.763102e+00	8.954337e+00	8.238391e+00	7.601327e+00	7.032591e+00	6.522064e+00
6.061015e+00	5.643900e+00	5.265975e+00	4.921951e+00	4.605298e+00	4.310429e+00
4.033669e+00	3.768767e+00	3.509435e+00	3.250252e+00	2.985824e+00	2.849635e+00
2.709151e+00	2.594353e+00	2.481257e+00	2.452044e+00	2.426193e+00	2.423604e+00
2.423205e+00	2.423294e+00	2.422504e+00	2.417330e+00	1.171291e+01	1.115540e+01
1.062859e+01	1.015387e+01	9.717602e+00	8.907909e+00	8.191392e+00	7.552407e+00
6.981034e+00	6.467696e+00	6.004219e+00	5.585093e+00	5.205467e+00	4.859951e+00
4.541940e+00	4.245659e+00	3.967041e+00	3.699208e+00	3.434908e+00	3.167126e+00
2.888413e+00	2.742415e+00	2.589592e+00	2.462584e+00	2.336317e+00	2.304913e+00
2.279118e+00	2.276438e+00	2.275129e+00	2.275020e+00	2.274426e+00	2.271577e+00
1.164683e+01	1.109240e+01	1.056903e+01	1.009879e+01	9.667036e+00	8.863455e+00
8.150929e+00	7.513153e+00	6.941436e+00	6.427114e+00	5.962764e+00	5.542996e+00
5.162870e+00	4.816947e+00	4.498578e+00	4.201824e+00	3.922235e+00	3.652306e+00
3.383789e+00	3.107962e+00	2.814773e+00	2.658472e+00	2.492209e+00	2.351351e+00
2.209614e+00	2.175995e+00	2.151325e+00	2.148430e+00	2.145204e+00	2.144674e+00
2.144561e+00	2.146780e+00	1.157077e+01	1.102111e+01	1.050332e+01	1.003987e+01
9.615084e+00	8.822722e+00	8.118012e+00	7.484700e+00	6.916477e+00	6.405083e+00
5.943346e+00	5.526112e+00	5.148430e+00	4.804856e+00	4.488706e+00	4.193840e+00
3.915125e+00	3.643857e+00	3.370121e+00	3.082816e+00	2.768951e+00	2.598729e+00
2.418315e+00	2.261729e+00	2.100763e+00	2.064656e+00	2.043411e+00	2.040007e+00
2.032397e+00	2.030892e+00	2.032211e+00	2.044343e+00	1.148192e+01	1.094043e+01
1.043135e+01	9.977374e+00	9.561955e+00	8.784612e+00	8.089631e+00	7.461783e+00
6.897549e+00	6.389316e+00	5.930183e+00	5.515277e+00	5.139681e+00	4.797984e+00
4.483500e+00	4.189978e+00	3.911887e+00	3.639789e+00	3.362487e+00	3.066369e+00
2.734532e+00	2.551378e+00	2.357621e+00	2.185489e+00	2.004624e+00	1.965945e+00
1.948770e+00	1.944771e+00	1.932024e+00	1.929351e+00	1.932447e+00	1.956112e+00
1.139004e+01	1.085782e+01	1.035864e+01	9.915459e+00	9.510804e+00	8.751385e+00
8.069360e+00	7.452759e+00	6.893309e+00	6.386481e+00	5.928516e+00	5.514633e+00
5.139938e+00	4.799035e+00	4.485246e+00	4.192290e+00	3.914520e+00	3.642274e+00
3.363922e+00	3.064930e+00	2.726957e+00	2.535956e+00	2.319721e+00	2.128031e+00
1.925117e+00	1.882518e+00	1.866802e+00	1.862369e+00	1.845787e+00	1.842040e+00
1.846875e+00	1.883492e+00	1.129315e+01	1.077197e+01	1.028454e+01	9.854010e+00
9.461893e+00	8.723166e+00	8.055073e+00	7.449932e+00	6.898498e+00	6.397965e+00
5.945430e+00	5.536341e+00	5.165926e+00	4.828844e+00	4.518480e+00	4.228450e+00
3.952734e+00	3.680925e+00	3.400046e+00	3.092984e+00	2.737573e+00	2.532987e+00
2.295770e+00	2.085364e+00	1.861019e+00	1.813588e+00	1.796906e+00	1.792199e+00
1.773096e+00	1.768377e+00	1.774849e+00	1.825551e+00	1.119858e+01	1.068853e+01
1.021318e+01	9.796034e+00	9.417277e+00	8.700505e+00	8.049621e+00	7.452982e+00
6.910340e+00	6.417555e+00	5.971487e+00	5.568049e+00	5.202631e+00	4.869979e+00
4.563537e+00	4.276814e+00	4.003491e+00	3.732505e+00	3.449611e+00	3.135125e+00
2.761822e+00	2.542120e+00	2.294981e+00	2.061627e+00	1.809342e+00	1.756110e+00
1.739253e+00	1.734190e+00	1.711853e+00	1.706248e+00	1.714752e+00	1.775776e+00
1.110756e+01	1.060855e+01	1.014540e+01	9.742245e+00	9.377474e+00	8.683225e+00
8.048498e+00	7.466322e+00	6.934225e+00	6.449685e+00	6.010804e+00	5.613735e+00
5.253964e+00	4.926316e+00	4.624255e+00	4.341208e+00	4.070667e+00	3.801130e+00
3.517383e+00	3.197751e+00	2.811265e+00	2.579123e+00	2.306906e+00	2.053570e+00
1.769548e+00	1.709361e+00	1.692121e+00	1.686712e+00	1.661139e+00	1.654704e+00
1.665102e+00	1.732923e+00	1.102183e+01	1.053353e+01	1.008238e+01	9.693564e+00
9.343137e+00	8.671571e+00	8.054523e+00	7.486689e+00	6.966010e+00	6.490926e+00
6.060308e+00	5.670568e+00	5.317306e+00	4.995432e+00	4.698424e+00	4.419686e+00
4.152524e+00	3.885102e+00	3.601360e+00	3.277646e+00	2.878659e+00	2.633865e+00
2.340645e+00	2.059566e+00	1.742315e+00	1.673312e+00	1.653789e+00	1.648153e+00
1.620336e+00	1.613135e+00	1.624527e+00	1.696165e+00	1.094192e+01	1.046390e+01
1.002464e+01	9.650104e+00	9.314081e+00	8.664831e+00	8.066520e+00	7.513589e+00
7.005217e+00	6.540545e+00	6.119078e+00	5.737493e+00	5.391534e+00	5.076197e+00
4.784943e+00	4.511136e+00	4.248015e+00	3.983455e+00	3.700686e+00	3.374208e+00
2.964146e+00	2.706928e+00	2.391672e+00	2.082868e+00	1.725141e+00	1.646288e+00
1.622975e+00	1.617143e+00	1.587811e+00	1.580121e+00	1.591727e+00	1.666016e+00
1.086804e+01	1.039999e+01	9.972369e+00	9.611827e+00	9.289951e+00	8.663365e+00
8.082738e+00	7.545110e+00	7.049612e+00	6.595990e+00	6.184322e+00	5.811553e+00
5.473552e+00	5.165396e+00	4.880534e+00	4.612267e+00	4.353831e+00	4.092890e+00
3.812044e+00	3.484097e+00	3.064346e+00	2.794968e+00	2.456940e+00	2.118664e+00
1.721029e+00	1.628394e+00	1.598368e+00	1.592294e+00	1.562251e+00	1.554322e+00
1.565049e+00	1.641848e+00	1.080207e+01	1.034364e+01	9.927197e+00	9.579996e+00
9.271587e+00	8.665989e+00	8.104234e+00	7.582092e+00	7.099922e+00	6.657944e+00
6.256729e+00	5.893477e+00	5.564156e+00	5.263907e+00	4.986180e+00	4.724194e+00
4.471248e+00	4.214922e+00	3.937325e+00	3.609874e+00	3.182918e+00	2.902330e+00
2.541418e+00	2.171715e+00	1.724817e+00	1.619081e+00	1.580078e+00	1.573648e+00
1.543746e+00	1.535806e+00	1.545016e+00	1.623151e+00	1.074560e+01	1.029653e+01
9.890534e+00	9.555490e+00	9.259107e+00	8.673367e+00	8.129781e+00	7.622940e+00
7.154118e+00	6.724004e+00	6.333579e+00	5.980247e+00	5.660097e+00	5.368332e+00
5.098344e+00	4.843314e+00	4.596632e+00	4.345902e+00	4.072945e+00	3.748084e+00
3.316772e+00	3.026228e+00	2.642698e+00	2.240186e+00	1.739630e+00	1.621257e+00
1.567027e+00	1.560215e+00	1.531409e+00	1.523470e+00	1.532563e+00	1.606155e+00
1.069540e+01	1.025522e+01	9.859000e+00	9.535251e+00	9.250137e+00	8.685480e+00
8.158218e+00	7.666336e+00	7.210852e+00	6.792788e+00	6.413451e+00	6.070415e+00
5.759898e+00	5.477155e+00	5.215497e+00	4.968086e+00	4.728432e+00	4.484245e+00
4.217211e+00	3.896824e+00	3.463716e+00	3.164407e+00	2.758694e+00	2.322597e+00
1.766864e+00	1.626756e+00	1.557163e+00	1.549680e+00	1.522344e+00	1.514583e+00
1.523362e+00	1.590562e+00	1.065350e+01	1.022130e+01	9.833973e+00	9.520446e+00
9.247863e+00	8.698961e+00	8.187941e+00	7.710652e+00	7.268365e+00	6.862383e+00
6.494283e+00	6.161800e+00	5.861284e+00	5.588015e+00	5.335241e+00	5.096104e+00
4.864277e+00	4.627626e+00	4.367829e+00	4.053832e+00	3.621567e+00	3.314838e+00
2.887599e+00	2.416840e+00	1.800042e+00	1.636932e+00	1.552686e+00	1.543113e+00
1.518518e+00	1.511720e+00	1.518327e+00	1.576407e+00	1.062001e+01	1.019472e+01
9.815135e+00	9.510494e+00	9.247262e+00	8.715827e+00	8.219724e+00	7.756342e+00
7.326962e+00	6.933013e+00	6.576244e+00	6.254536e+00	5.964366e+00	5.701031e+00
5.457725e+00	5.227587e+00	5.004494e+00	4.776552e+00	4.525596e+00	4.220444e+00
3.792757e+00	3.480925e+00	3.034280e+00	2.529272e+00	1.847258e+00	1.660404e+00
1.550575e+00	1.539189e+00	1.516810e+00	1.510713e+00	1.515556e+00	1.564068e+00
1.059719e+01	1.017770e+01	9.805135e+00	9.510109e+00	9.250010e+00	8.734873e+00
8.252614e+00	7.802319e+00	7.385342e+00	7.003164e+00	6.657592e+00	6.346638e+00
6.066896e+00	5.813736e+00	5.580315e+00	5.359781e+00	5.146232e+00	4.928018e+00
4.687197e+00	4.392582e+00	3.972046e+00	3.657024e+00	3.193362e+00	2.655280e+00
1.904326e+00	1.690382e+00	1.552105e+00	1.539252e+00	1.517553e+00	1.511761e+00
1.514934e+00	1.555194e+00	1.057930e+01	1.016469e+01	9.798032e+00	9.510269e+00
9.258790e+00	8.756036e+00	8.286440e+00	7.848576e+00	7.443651e+00	7.073099e+00
6.738684e+00	6.438548e+00	6.169392e+00	5.926698e+00	5.703600e+00	5.493275e+00
5.290061e+00	5.082578e+00	4.853175e+00	4.570826e+00	4.160071e+00	3.843775e+00
3.365476e+00	2.795630e+00	1.972712e+00	1.729203e+00	1.557378e+00	1.540064e+00
1.520005e+00	1.515007e+00	1.514603e+00	1.547976e+00	1.057486e+01	1.016166e+01
9.796864e+00	9.511578e+00	9.269425e+00	8.778378e+00	8.320300e+00	7.893967e+00
7.500458e+00	7.141119e+00	6.817583e+00	6.528100e+00	6.269490e+00	6.037342e+00
5.824773e+00	5.625035e+00	5.432749e+00	5.236886e+00	5.020118e+00	4.751471e+00
4.352441e+00	4.036542e+00	3.546292e+00	2.946925e+00	2.050595e+00	1.774691e+00
1.564129e+00	1.541447e+00	1.522679e+00	1.518403e+00	1.514655e+00	1.542340e+00
1.057493e+01	1.016369e+01	9.802283e+00	9.522113e+00	9.284583e+00	8.802940e+00
8.354702e+00	7.938659e+00	7.555661e+00	7.206914e+00	6.893838e+00	6.614753e+00
6.366575e+00	6.144940e+00	5.942878e+00	5.753768e+00	5.572690e+00	5.389313e+00
5.186808e+00	4.933879e+00	4.548832e+00	4.235001e+00	3.735787e+00	3.110831e+00
2.143524e+00	1.832238e+00	1.574802e+00	1.545372e+00	1.525946e+00	1.522294e+00
1.515990e+00	1.538242e+00	1.057709e+01	1.016670e+01	9.806488e+00	9.528884e+00
9.294232e+00	8.819795e+00	8.380595e+00	7.974913e+00	7.602861e+00	7.264885e+00
6.961670e+00	6.691795e+00	6.452845e+00	6.241315e+00	6.051449e+00	5.877042e+00
5.711635e+00	5.541438e+00	5.347352e+00	5.101677e+00	4.728817e+00	4.425814e+00
3.940003e+00	3.305503e+00	2.243158e+00	1.886117e+00	1.588820e+00	1.552311e+00
1.526525e+00	1.522923e+00	1.517354e+00	1.533432e+00	1.058218e+01	1.017077e+01
9.810395e+00	9.534177e+00	9.301916e+00	8.833558e+00	8.402363e+00	8.006162e+00
7.644346e+00	7.316526e+00	7.022554e+00	6.761261e+00	6.530964e+00	6.329145e+00
6.151512e+00	5.992453e+00	5.843858e+00	5.687875e+00	5.502305e+00	5.262702e+00
4.901412e+00	4.612134e+00	4.149940e+00	3.518547e+00	2.355385e+00	1.944165e+00
1.604711e+00	1.560884e+00	1.526774e+00	1.522954e+00	1.518849e+00	1.528550e+00
1.058442e+01	1.017511e+01	9.817143e+00	9.543458e+00	9.313890e+00	8.851355e+00
8.426714e+00	8.037883e+00	7.684095e+00	7.364792e+00	7.079559e+00	6.827253e+00
6.606198e+00	6.413908e+00	6.246002e+00	6.097175e+00	5.960447e+00	5.819869e+00
5.653948e+00	5.434007e+00	5.087270e+00	4.803423e+00	4.346339e+00	3.712652e+00
2.492892e+00	2.028328e+00	1.618259e+00	1.566060e+00	1.529306e+00	1.523321e+00
1.520377e+00	1.525080e+00	1.058741e+01	1.018204e+01	9.827476e+00	9.556293e+00
9.328633e+00	8.869710e+00	8.449289e+00	8.066202e+00	7.719456e+00	7.408098e+00
7.131210e+00	6.887528e+00	6.675315e+00	6.492045e+00	6.333343e+00	6.194212e+00
6.068810e+00	5.943123e+00	5.796736e+00	5.598129e+00	5.268132e+00	4.990334e+00
4.543459e+00	3.916507e+00	2.645402e+00	2.121640e+00	1.635488e+00	1.573308e+00
1.530705e+00	1.523802e+00	1.520559e+00	1.522682e+00	1.058948e+01	1.018608e+01
9.833187e+00	9.563685e+00	9.337856e+00	8.883559e+00	8.468429e+00	8.091287e+00
7.751004e+00	7.446401e+00	7.176267e+00	6.939436e+00	6.734438e+00	6.559039e+00
6.409215e+00	6.280396e+00	6.167301e+00	6.056741e+00	5.928721e+00	5.750358e+00
5.440671e+00	5.173923e+00	4.741612e+00	4.123011e+00	2.806320e+00	2.228062e+00
1.656274e+00	1.580916e+00	1.530917e+00	1.524530e+00	1.519946e+00	1.520385e+00
1.059045e+01	1.018741e+01	9.835256e+00	9.566747e+00	9.342449e+00	8.893004e+00
8.483792e+00	8.112535e+00	7.777862e+00	7.478565e+00	7.213434e+00	6.981590e+00
6.782052e+00	6.613131e+00	6.471479e+00	6.353138e+00	6.252929e+00	6.157388e+00
6.046104e+00	5.886110e+00	5.599988e+00	5.350130e+00	4.937350e+00	4.328340e+00
2.974267e+00	2.351373e+00	1.682528e+00	1.589077e+00	1.530171e+00	1.525413e+00
1.515487e+00	1.518176e+00	1.058743e+01	1.018756e+01	9.840333e+00	9.574759e+00
9.352290e+00	8.905427e+00	8.498615e+00	8.130320e+00	7.799313e+00	7.504411e+00
7.244365e+00	7.018058e+00	6.824178e+00	6.660985e+00	6.525905e+00	6.415767e+00
6.326109e+00	6.244514e+00	6.151230e+00	6.012152e+00	5.749227e+00	5.514436e+00
5.125094e+00	4.538957e+00	3.160068e+00	2.481461e+00	1.713583e+00	1.602364e+00
1.530252e+00	1.524698e+00	1.511852e+00	1.516930e+00	1.058064e+01	1.018764e+01
9.845559e+00	9.583194e+00	9.362366e+00	8.917529e+00	8.512195e+00	8.146024e+00
7.817904e+00	7.526676e+00	7.271129e+00	7.049920e+00	6.861362e+00	6.703551e+00
6.574497e+00	6.471730e+00	6.391686e+00	6.323411e+00	6.248245e+00	6.130856e+00
5.891991e+00	5.672736e+00	5.308906e+00	4.752165e+00	3.359803e+00	2.621073e+00
1.748898e+00	1.619334e+00	1.530474e+00	1.523218e+00	1.508929e+00	1.515892e+00
1.057180e+01	1.018516e+01	9.845326e+00	9.584250e+00	9.364658e+00	8.924355e+00
8.522591e+00	8.159145e+00	7.833291e+00	7.544220e+00	7.291165e+00	7.073113e+00
6.888756e+00	6.736341e+00	6.613589e+00	6.518062e+00	6.447093e+00	6.391220e+00
6.333040e+00	6.236490e+00	6.024343e+00	5.823593e+00	5.484064e+00	4.956366e+00
3.568514e+00	2.775069e+00	1.788575e+00	1.637467e+00	1.531163e+00	1.521616e+00
1.508343e+00	1.514433e+00	1.055915e+01	1.017675e+01	9.841845e+00	9.583321e+00
9.365082e+00	8.928435e+00	8.530503e+00	8.169823e+00	7.845749e+00	7.557928e+00
7.306233e+00	7.090188e+00	6.909109e+00	6.761549e+00	6.644626e+00	6.555618e+00
6.492739e+00	6.448124e+00	6.405796e+00	6.329161e+00	6.144967e+00	5.964564e+00
5.648437e+00	5.149580e+00	3.784626e+00	2.945668e+00	1.835437e+00	1.658724e+00
1.533526e+00	1.519974e+00	1.508250e+00	1.512762e+00	1.055072e+01	1.017588e+01
9.844438e+00	9.586233e+00	9.368136e+00	8.933533e+00	8.537344e+00	8.178643e+00
7.856746e+00	7.571161e+00	7.321731e+00	7.108126e+00	6.929878e+00	6.785582e+00
6.672179e+00	6.587254e+00	6.530484e+00	6.496836e+00	6.472325e+00	6.417422e+00
6.258643e+00	6.096592e+00	5.808014e+00	5.338090e+00	3.992957e+00	3.129421e+00
1.893651e+00	1.687643e+00	1.537045e+00	1.521029e+00	1.507568e+00	1.512321e+00
1.054374e+01	1.017569e+01	9.851113e+00	9.593660e+00	9.373997e+00	8.938802e+00
8.543365e+00	8.186279e+00	7.866598e+00	7.583559e+00	7.336722e+00	7.125677e+00
6.949930e+00	6.808053e+00	6.697085e+00	6.615151e+00	6.563512e+00	6.540319e+00
6.533973e+00	6.501435e+00	6.367105e+00	6.222634e+00	5.963687e+00	5.523126e+00
4.199807e+00	3.326605e+00	1.962948e+00	1.724374e+00	1.542290e+00	1.524477e+00
1.506093e+00	1.512104e+00	1.053311e+01	1.017448e+01	9.853184e+00	9.597087e+00
9.376082e+00	8.941580e+00	8.547194e+00	8.191508e+00	7.873532e+00	7.592453e+00
7.347712e+00	7.138869e+00	6.965411e+00	6.825966e+00	6.717651e+00	6.638975e+00
6.592255e+00	6.577758e+00	6.586082e+00	6.574243e+00	6.466991e+00	6.340622e+00
6.106762e+00	5.694503e+00	4.412341e+00	3.529971e+00	2.039630e+00	1.766681e+00
1.548867e+00	1.528165e+00	1.504979e+00	1.511535e+00	1.051355e+01	1.016543e+01
9.852130e+00	9.597774e+00	9.376217e+00	8.942566e+00	8.549124e+00	8.194487e+00
7.877682e+00	7.597978e+00	7.354822e+00	7.147772e+00	6.976309e+00	6.839162e+00
6.733492e+00	6.658081e+00	6.615869e+00	6.608328e+00	6.628339e+00	6.635596e+00
6.556923e+00	6.448382e+00	6.233360e+00	5.846846e+00	4.629320e+00	3.738402e+00
2.126807e+00	1.818191e+00	1.558287e+00	1.532439e+00	1.504193e+00	1.509723e+00
1.048830e+01	1.015338e+01	9.850716e+00	9.599652e+00	9.378307e+00	8.947384e+00
8.555748e+00	8.202183e+00	7.885941e+00	7.606604e+00	7.364008e+00	7.157934e+00
6.988066e+00	6.853526e+00	6.751895e+00	6.681950e+00	6.645627e+00	6.641943e+00
6.662996e+00	6.679307e+00	6.633213e+00	6.549321e+00	6.359852e+00	6.007771e+00
4.850797e+00	3.931787e+00	2.227993e+00	1.885117e+00	1.570968e+00	1.534514e+00
1.504300e+00	1.509533e+00	1.046582e+01	1.014425e+01	9.850223e+00	9.603813e+00
9.384110e+00	8.956681e+00	8.566797e+00	8.213737e+00	7.897216e+00	7.617308e+00
7.374423e+00	7.168641e+00	6.999876e+00	6.867703e+00	6.770375e+00	6.706700e+00
6.676742e+00	6.675223e+00	6.693487e+00	6.716152e+00	6.703072e+00	6.645345e+00
6.480692e+00	6.156598e+00	5.064148e+00	4.133013e+00	2.344026e+00	1.961806e+00
1.586202e+00	1.537323e+00	1.505308e+00	1.509759e+00	1.045593e+01	1.014218e+01
9.853825e+00	9.608218e+00	9.387794e+00	8.960845e+00	8.571667e+00	8.219445e+00
7.903774e+00	7.624701e+00	7.382534e+00	7.177460e+00	7.009579e+00	6.878751e+00
6.783703e+00	6.723532e+00	6.697944e+00	6.700787e+00	6.724224e+00	6.760077e+00
6.775946e+00	6.736924e+00	6.585606e+00	6.265881e+00	5.250907e+00	4.388366e+00
2.471155e+00	2.030428e+00	1.600633e+00	1.553115e+00	1.506936e+00	1.509611e+00
1.044113e+01	1.013406e+01	9.851515e+00	9.607320e+00	9.386422e+00	8.960433e+00
8.572121e+00	8.220803e+00	7.906137e+00	7.628134e+00	7.387086e+00	7.183214e+00
7.016674e+00	6.887400e+00	6.794228e+00	6.736401e+00	6.713774e+00	6.720408e+00
6.749273e+00	6.794697e+00	6.829479e+00	6.806743e+00	6.680277e+00	6.390501e+00
5.435879e+00	4.599653e+00	2.617049e+00	2.122998e+00	1.619400e+00	1.561405e+00
1.507176e+00	1.508986e+00	1.043135e+01	1.013116e+01	9.851659e+00	9.608291e+00
9.387072e+00	8.961386e+00	8.573682e+00	8.223217e+00	7.909512e+00	7.632651e+00
7.392934e+00	7.190531e+00	7.025542e+00	6.897832e+00	6.806234e+00	6.750080e+00
6.729597e+00	6.739647e+00	6.774153e+00	6.827982e+00	6.877488e+00	6.869356e+00
6.769854e+00	6.514825e+00	5.614537e+00	4.806022e+00	2.776977e+00	2.229558e+00
1.643043e+00	1.569204e+00	1.507901e+00	1.508953e+00	1.042623e+01	1.013209e+01
9.857375e+00	9.615160e+00	9.393207e+00	8.967085e+00	8.578708e+00	8.228136e+00
7.915011e+00	7.639270e+00	7.401075e+00	7.200366e+00	7.037022e+00	6.910683e+00
6.820160e+00	6.764902e+00	6.745729e+00	6.758711e+00	6.798727e+00	6.859846e+00
6.920605e+00	6.925135e+00	6.852515e+00	6.632292e+00	5.782308e+00	5.010545e+00
2.951403e+00	2.350495e+00	1.674095e+00	1.577911e+00	1.511022e+00	1.509991e+00
1.041808e+01	1.012958e+01	9.857074e+00	9.615593e+00	9.393176e+00	8.967463e+00
8.579602e+00	8.229692e+00	7.917408e+00	7.642632e+00	7.405432e+00	7.205750e+00
7.043427e+00	6.918121e+00	6.828764e+00	6.774921e+00	6.757544e+00	6.772960e+00
6.816667e+00	6.884168e+00	6.955576e+00	6.970122e+00	6.921458e+00	6.735531e+00
5.939094e+00	5.206848e+00	3.139686e+00	2.481704e+00	1.707757e+00	1.591049e+00
1.514194e+00	1.509728e+00	1.040878e+01	1.012464e+01	9.856398e+00	9.615817e+00
9.393092e+00	8.967659e+00	8.580103e+00	8.230676e+00	7.919060e+00	7.645056e+00
7.408635e+00	7.209751e+00	7.048237e+00	6.923799e+00	6.835488e+00	6.782996e+00
6.767356e+00	6.784972e+00	6.831825e+00	6.905084e+00	6.986265e+00	7.009665e+00
6.983162e+00	6.830694e+00	6.089904e+00	5.399693e+00	3.340749e+00	2.623677e+00
1.744900e+00	1.607667e+00	1.517820e+00	1.509185e+00	1.040021e+01	1.012018e+01
9.855408e+00	9.615641e+00	9.392704e+00	8.967515e+00	8.580125e+00	8.231048e+00
7.919872e+00	7.646337e+00	7.410435e+00	7.212125e+00	7.051258e+00	6.927568e+00
6.840140e+00	6.788741e+00	6.774563e+00	6.794298e+00	6.844352e+00	6.922640e+00
7.012131e+00	7.043679e+00	7.036718e+00	6.915246e+00	6.233290e+00	5.586676e+00
3.551120e+00	2.777751e+00	1.787913e+00	1.627089e+00	1.522296e+00	1.508602e+00
1.039260e+01	1.011627e+01	9.854094e+00	9.614974e+00	9.391744e+00	8.966966e+00
8.579995e+00	8.231218e+00	7.920325e+00	7.647087e+00	7.411531e+00	7.213620e+00
7.053235e+00	6.930137e+00	6.843409e+00	6.792865e+00	6.779874e+00	6.801493e+00
6.854537e+00	6.937098e+00	7.033522e+00	7.072288e+00	7.082044e+00	6.988553e+00
6.367141e+00	5.764797e+00	3.770241e+00	2.945717e+00	1.839431e+00	1.651652e+00
1.528159e+00	1.508009e+00	1.038892e+01	1.011594e+01	9.854922e+00	9.615998e+00
9.392652e+00	8.967977e+00	8.581094e+00	8.232570e+00	7.921934e+00	7.648909e+00
7.413565e+00	7.215911e+00	7.055877e+00	6.933252e+00	6.847093e+00	6.797221e+00
6.785215e+00	6.808541e+00	6.864353e+00	6.950585e+00	7.052940e+00	7.098073e+00
7.121421e+00	7.052365e+00	6.493213e+00	5.934778e+00	3.994612e+00	3.123992e+00
1.899328e+00	1.681890e+00	1.535426e+00	1.508094e+00	1.038643e+01	1.011586e+01
9.857222e+00	9.618785e+00	9.395147e+00	8.970710e+00	8.584021e+00	8.235508e+00
7.924747e+00	7.651623e+00	7.416221e+00	7.218622e+00	7.058789e+00	6.936525e+00
6.850825e+00	6.801493e+00	6.790333e+00	6.815230e+00	6.873634e+00	6.963136e+00
7.070781e+00	7.121711e+00	7.156799e+00	7.109973e+00	6.613862e+00	6.099466e+00
4.225735e+00	3.313393e+00	1.967800e+00	1.718070e+00	1.544118e+00	1.508372e+00
1.038366e+01	1.011559e+01	9.858452e+00	9.620500e+00	9.396599e+00	8.972386e+00
8.585907e+00	8.237453e+00	7.926689e+00	7.653545e+00	7.418154e+00	7.220604e+00
7.060971e+00	6.939066e+00	6.853850e+00	6.805025e+00	6.794622e+00	6.820874e+00
6.881153e+00	6.973396e+00	7.085970e+00	7.142096e+00	7.186586e+00	7.159063e+00
6.726282e+00	6.255034e+00	4.457428e+00	3.510841e+00	2.044848e+00	1.759763e+00
1.553877e+00	1.508483e+00	1.038023e+01	1.011446e+01	9.858806e+00	9.621346e+00
9.397244e+00	8.973207e+00	8.586913e+00	8.238568e+00	7.927907e+00	7.654821e+00
7.419472e+00	7.221889e+00	7.062429e+00	6.940912e+00	6.856369e+00	6.808047e+00
6.798360e+00	6.825838e+00	6.886641e+00	6.980876e+00	7.098203e+00	7.159350e+00
7.211193e+00	7.199554e+00	6.828557e+00	6.398684e+00	4.686012e+00	3.715519e+00
2.134675e+00	1.810575e+00	1.565412e+00	1.508499e+00	1.038428e+01	1.011717e+01
9.860395e+00	9.621339e+00	9.396083e+00	8.971044e+00	8.584720e+00	8.236800e+00
7.926810e+00	7.654473e+00	7.419860e+00	7.222998e+00	7.063871e+00	6.942159e+00
6.856318e+00	6.806425e+00	6.795730e+00	6.825537e+00	6.895721e+00	6.996287e+00
7.111462e+00	7.170839e+00	7.226404e+00	7.231113e+00	6.923001e+00	6.530536e+00
4.905422e+00	3.926032e+00	2.237919e+00	1.869613e+00	1.577577e+00	1.508366e+00
1.039158e+01	1.012187e+01	9.862697e+00	9.621238e+00	9.394131e+00	8.967430e+00
8.581020e+00	8.233773e+00	7.924859e+00	7.653744e+00	7.420204e+00	7.224235e+00
7.065507e+00	6.943407e+00	6.855843e+00	6.803292e+00	6.790820e+00	6.824166e+00
6.905605e+00	7.013522e+00	7.123587e+00	7.179858e+00	7.238438e+00	7.257927e+00
7.006773e+00	6.651331e+00	5.115917e+00	4.139666e+00	2.356269e+00	1.939689e+00
1.591182e+00	1.508152e+00	1.038904e+01	1.012116e+01	9.863064e+00	9.622002e+00
9.394886e+00	8.968406e+00	8.582136e+00	8.235019e+00	7.926222e+00	7.655213e+00
7.421734e+00	7.225745e+00	7.067186e+00	6.945514e+00	6.858664e+00	6.806684e+00
6.794797e+00	6.828643e+00	6.909230e+00	7.017883e+00	7.130875e+00	7.190601e+00
7.254955e+00	7.284996e+00	7.076810e+00	6.762120e+00	5.320392e+00	4.351808e+00
2.487678e+00	2.023731e+00	1.608147e+00	1.508173e+00	1.037368e+01	1.011197e+01
9.858812e+00	9.620803e+00	9.395276e+00	8.970426e+00	8.584451e+00	8.237012e+00
7.927588e+00	7.655904e+00	7.421930e+00	7.225684e+00	7.067180e+00	6.946100e+00
6.861324e+00	6.812901e+00	6.803782e+00	6.834498e+00	6.904335e+00	7.007951e+00
7.134239e+00	7.202407e+00	7.270471e+00	7.305457e+00	7.141169e+00	6.856708e+00
5.510687e+00	4.562019e+00	2.632018e+00	2.121888e+00	1.628148e+00	1.507922e+00
1.036747e+01	1.010822e+01	9.857212e+00	9.620593e+00	9.396142e+00	8.972847e+00
8.587057e+00	8.239301e+00	7.929302e+00	7.656958e+00	7.422432e+00	7.225882e+00
7.067393e+00	6.946946e+00	6.863522e+00	6.817045e+00	6.809427e+00	6.838492e+00
6.902354e+00	7.003770e+00	7.137961e+00	7.212362e+00	7.285421e+00	7.326189e+00
7.193925e+00	6.939869e+00	5.687872e+00	4.768449e+00	2.789545e+00	2.233188e+00
1.650744e+00	1.507944e+00	1.036832e+01	1.011035e+01	9.860133e+00	9.623724e+00
9.399029e+00	8.975465e+00	8.589613e+00	8.241741e+00	7.931611e+00	7.659142e+00
7.424613e+00	7.228046e+00	7.069450e+00	6.948735e+00	6.865160e+00	6.818817e+00
6.811425e+00	6.840483e+00	6.904382e+00	7.006321e+00	7.143091e+00	7.219924e+00
7.299737e+00	7.348791e+00	7.234548e+00	7.011863e+00	5.849714e+00	4.968168e+00
2.962213e+00	2.360428e+00	1.676518e+00	1.509230e+00	